sl_100_86400_20250619 Contact Analysis.csv
2025/06/19 07:47:00.0000 UTC

Generated: Tue Oct  8 16:20:09 2024,
Start: 2025/06/19 07:47:00.00, Stop: 2025/06/20 07:47:00.00,
Analysis,Rise,Set,Duration,
ID,SECONDS,SECONDS,SECONDS,
Contact STARLINK-3936 - STARLINK-11232 [DTC],75542.793,82584.153,7041.360,
Contact STARLINK-3936 - STARLINK-11232 [DTC],83263.803,86400.000,3136.197,
Contact STARLINK-3936 - STARLINK-11096 [DTC],71715.406,78719.554,7004.149,
Contact STARLINK-3936 - STARLINK-11096 [DTC],79994.324,86400.000,6405.676,
Contact STARLINK-3936 - STARLINK-31013,0.000,428.417,428.417,
Contact STARLINK-3936 - STARLINK-31013,13731.972,14755.016,1023.043,
Contact STARLINK-3936 - STARLINK-31013,25198.852,29074.833,3875.981,
Contact STARLINK-3936 - STARLINK-31013,39537.154,43395.165,3858.012,
Contact STARLINK-3936 - STARLINK-31013,53874.952,57708.508,3833.556,
Contact STARLINK-3936 - STARLINK-31013,68219.875,72022.492,3802.617,
Contact STARLINK-3936 - STARLINK-31013,82564.066,83469.716,905.650,
Contact STARLINK-3936 - STARLINK-2358,10356.456,11012.075,655.619,
Contact STARLINK-3936 - STARLINK-2358,24566.876,25308.622,741.746,
Contact STARLINK-3936 - STARLINK-2358,35934.856,39612.526,3677.670,
Contact STARLINK-3936 - STARLINK-2358,50144.571,51044.601,900.029,
Contact STARLINK-3936 - STARLINK-2358,64372.739,65323.095,950.356,
Contact STARLINK-3936 - STARLINK-2358,78593.782,79609.532,1015.750,
Contact STARLINK-3936 - STARLINK-3251,0.000,86400.000,86400.000,
Contact STARLINK-3936 - STARLINK-4108,0.000,265.711,265.711,
Contact STARLINK-3936 - STARLINK-4108,13934.170,14571.757,637.588,
Contact STARLINK-3936 - STARLINK-4108,28230.938,28863.062,632.124,
Contact STARLINK-3936 - STARLINK-4108,53946.051,54607.488,661.437,
Contact STARLINK-3936 - STARLINK-4108,68242.763,68898.802,656.040,
Contact STARLINK-3936 - STARLINK-4108,82526.247,83204.076,677.829,
Contact STARLINK-3936 - STARLINK-30329,0.000,263.901,263.901,
Contact STARLINK-3936 - STARLINK-30329,10717.170,14594.985,3877.815,
Contact STARLINK-3936 - STARLINK-30329,25047.623,28920.867,3873.244,
Contact STARLINK-3936 - STARLINK-30329,39383.176,43245.462,3862.286,
Contact STARLINK-3936 - STARLINK-30329,53720.061,54701.974,981.913,
Contact STARLINK-3936 - STARLINK-30329,68062.377,69018.509,956.132,
Contact STARLINK-3936 - STARLINK-30329,82405.804,83333.912,928.108,
Contact STARLINK-3936 - STARLINK-31498,0.000,742.900,742.900,
Contact STARLINK-3936 - STARLINK-31498,13852.032,14884.752,1032.720,
Contact STARLINK-3936 - STARLINK-31498,28066.399,28961.627,895.227,
Contact STARLINK-3936 - STARLINK-31498,39485.209,40176.845,691.635,
Contact STARLINK-3936 - STARLINK-3550,0.000,86400.000,86400.000,
Contact STARLINK-3936 - STARLINK-30345,0.000,3603.361,3603.361,
Contact STARLINK-3936 - STARLINK-30345,14161.781,15044.399,882.618,
Contact STARLINK-3936 - STARLINK-30345,28514.230,29339.194,824.964,
Contact STARLINK-3936 - STARLINK-30345,42863.271,43637.330,774.059,
Contact STARLINK-3936 - STARLINK-30345,57224.179,57923.718,699.539,
Contact STARLINK-3936 - STARLINK-30345,71582.124,72212.901,630.777,
Contact STARLINK-3936 - STARLINK-30345,85956.408,86400.000,443.592,
Contact STARLINK-3936 - STARLINK-1107,7087.343,10904.166,3816.823,
Contact STARLINK-3936 - STARLINK-1107,21217.231,22163.477,946.246,
Contact STARLINK-3936 - STARLINK-1107,35446.357,36151.867,705.510,
Contact STARLINK-3936 - STARLINK-1351,68294.277,68799.351,505.074,
Contact STARLINK-3936 - STARLINK-1351,82564.807,83145.887,581.080,
Contact STARLINK-3936 - STARLINK-32134,0.000,613.911,613.911,
Contact STARLINK-3936 - STARLINK-31430,6932.101,7570.609,638.508,
Contact STARLINK-3936 - STARLINK-30610,10319.110,11046.273,727.163,
Contact STARLINK-3936 - STARLINK-30610,24618.114,25397.168,779.054,
Contact STARLINK-3936 - STARLINK-30610,38918.144,39746.451,828.307,
Contact STARLINK-3936 - STARLINK-30610,50361.345,54091.006,3729.661,
Contact STARLINK-3936 - STARLINK-30610,64668.838,68434.126,3765.288,
Contact STARLINK-3936 - STARLINK-30610,78977.281,79906.064,928.783,
Contact STARLINK-3936 - STARLINK-3050,32299.515,32597.757,298.242,
Contact STARLINK-3936 - STARLINK-3050,46091.942,53487.923,7395.981,
Contact STARLINK-3936 - STARLINK-3050,54408.340,86400.000,31991.660,
Contact STARLINK-3936 - STARLINK-30255,0.000,372.710,372.710,
Contact STARLINK-3936 - STARLINK-30255,13950.621,14673.057,722.436,
Contact STARLINK-3936 - STARLINK-30255,28324.106,28966.075,641.969,
Contact STARLINK-3936 - STARLINK-30255,42703.972,43252.375,548.403,
Contact STARLINK-3936 - STARLINK-32223,28407.209,28954.201,546.992,
Contact STARLINK-3936 - STARLINK-32223,53677.284,54507.888,830.604,
Contact STARLINK-3936 - STARLINK-32223,67783.562,68636.805,853.243,
Contact STARLINK-3936 - STARLINK-32223,79099.778,79908.443,808.665,
Contact STARLINK-3936 - STARLINK-31812,82615.189,86400.000,3784.811,
Contact STARLINK-3936 - STARLINK-31931,3789.862,14123.655,10333.793,
Contact STARLINK-3936 - STARLINK-31931,14957.182,28290.894,13333.713,
Contact STARLINK-3936 - STARLINK-31931,29128.470,39456.546,10328.077,
Contact STARLINK-3936 - STARLINK-31931,43499.894,50521.418,7021.524,
Contact STARLINK-3936 - STARLINK-2658,0.000,86400.000,86400.000,
Contact STARLINK-3936 - STARLINK-5952,0.000,121.238,121.238,
Contact STARLINK-3936 - STARLINK-3601,10367.692,11201.357,833.666,
Contact STARLINK-3936 - STARLINK-3601,24659.331,25490.475,831.145,
Contact STARLINK-3936 - STARLINK-3601,38948.699,39781.548,832.849,
Contact STARLINK-3936 - STARLINK-3601,50381.091,54070.640,3689.549,
Contact STARLINK-3936 - STARLINK-3601,64672.707,65502.692,829.986,
Contact STARLINK-3936 - STARLINK-3601,78962.041,79793.737,831.696,
Contact STARLINK-3936 - STARLINK-3603,10475.646,11373.055,897.409,
Contact STARLINK-3936 - STARLINK-3603,24771.457,25669.673,898.216,
Contact STARLINK-3936 - STARLINK-3603,39066.297,39967.068,900.771,
Contact STARLINK-3936 - STARLINK-3603,53362.141,54263.615,901.474,
Contact STARLINK-3936 - STARLINK-3603,64798.451,68560.891,3762.440,
Contact STARLINK-3936 - STARLINK-3603,79093.428,82857.368,3763.940,
Contact STARLINK-3936 - STARLINK-5972,6944.863,7709.247,764.383,
Contact STARLINK-3936 - STARLINK-5972,21331.583,22012.049,680.465,
Contact STARLINK-3936 - STARLINK-5972,35754.751,36278.849,524.099,
Contact STARLINK-3936 - STARLINK-5972,50186.252,50537.221,350.969,
Contact STARLINK-3936 - STARLINK-2047,3096.468,3741.005,644.536,
Contact STARLINK-3936 - STARLINK-2047,17430.053,18027.444,597.391,
Contact STARLINK-3936 - STARLINK-2047,57559.298,58033.749,474.452,
Contact STARLINK-3936 - STARLINK-2047,71888.719,72323.952,435.232,
Contact STARLINK-3936 - STARLINK-2047,86237.544,86400.000,162.456,
Contact STARLINK-3936 - STARLINK-30145,10590.665,11108.482,517.817,
Contact STARLINK-3936 - STARLINK-30145,24978.233,25343.377,365.144,
Contact STARLINK-3936 - STARLINK-30549,0.000,72825.576,72825.576,
Contact STARLINK-3936 - STARLINK-5565,3011.503,4257.879,1246.376,
Contact STARLINK-3936 - STARLINK-5565,17290.489,18670.315,1379.826,
Contact STARLINK-3936 - STARLINK-5565,25848.443,33086.996,7238.554,
Contact STARLINK-3936 - STARLINK-5565,40150.888,47469.145,7318.257,
Contact STARLINK-3936 - STARLINK-5565,54449.736,61852.468,7402.732,
Contact STARLINK-3936 - STARLINK-5565,68785.181,79077.471,10292.290,
Contact STARLINK-3936 - STARLINK-5565,83120.421,86400.000,3279.579,
Contact STARLINK-3936 - STARLINK-1227,0.000,449.639,449.639,
Contact STARLINK-3936 - STARLINK-1227,13805.909,14762.355,956.446,
Contact STARLINK-3936 - STARLINK-1227,28113.480,29068.963,955.483,
Contact STARLINK-3936 - STARLINK-1227,39557.678,43380.749,3823.071,
Contact STARLINK-3936 - STARLINK-1227,53860.536,57686.383,3825.847,
Contact STARLINK-3936 - STARLINK-1227,68169.458,69132.820,963.362,
Contact STARLINK-3936 - STARLINK-1227,82473.181,83443.319,970.138,
Contact STARLINK-3936 - STARLINK-5093,6878.635,7704.910,826.274,
Contact STARLINK-3936 - STARLINK-5093,21267.301,22014.097,746.796,
Contact STARLINK-3936 - STARLINK-5093,35688.893,36291.334,602.441,
Contact STARLINK-3936 - STARLINK-5093,50115.371,50563.131,447.760,
Contact STARLINK-3936 - STARLINK-2556,0.000,10346.200,10346.200,
Contact STARLINK-3936 - STARLINK-2556,11112.712,24631.592,13518.879,
Contact STARLINK-3936 - STARLINK-2556,25398.223,38942.365,13544.142,
Contact STARLINK-3936 - STARLINK-2556,39699.887,50380.450,10680.564,
Contact STARLINK-3936 - STARLINK-2556,51135.105,64664.942,13529.837,
Contact STARLINK-3936 - STARLINK-2556,65421.603,78974.701,13553.098,
Contact STARLINK-3936 - STARLINK-2556,79724.034,86400.000,6675.966,
Contact STARLINK-3936 - STARLINK-1073,10588.597,11382.377,793.780,
Contact STARLINK-3936 - STARLINK-1073,24891.738,25707.676,815.938,
Contact STARLINK-3936 - STARLINK-1073,39196.995,40030.518,833.522,
Contact STARLINK-3936 - STARLINK-1073,53501.797,54354.113,852.317,
Contact STARLINK-3936 - STARLINK-1073,67808.897,68675.121,866.223,
Contact STARLINK-3936 - STARLINK-1073,82115.293,82997.078,881.785,
Contact STARLINK-3936 - STARLINK-32088,10725.197,10898.674,173.477,
Contact STARLINK-3936 - STARLINK-31979,0.000,50171.740,50171.740,
Contact STARLINK-3936 - STARLINK-31979,57005.459,58379.505,1374.046,
Contact STARLINK-3936 - STARLINK-30754,0.000,3741.775,3741.775,
Contact STARLINK-3936 - STARLINK-30754,14336.091,18029.946,3693.854,
Contact STARLINK-3936 - STARLINK-30754,28697.530,29460.826,763.296,
Contact STARLINK-3936 - STARLINK-30754,43054.386,43749.952,695.566,
Contact STARLINK-3936 - STARLINK-30754,57428.796,58021.492,592.696,
Contact STARLINK-3936 - STARLINK-30754,71801.023,72295.194,494.171,
Contact STARLINK-3936 - STARLINK-30754,86207.797,86400.000,192.203,
Contact STARLINK-3936 - STARLINK-3832,6883.495,10918.308,4034.812,
Contact STARLINK-3936 - STARLINK-3832,21177.416,28074.518,6897.102,
Contact STARLINK-3936 - STARLINK-3832,35482.856,36646.489,1163.633,
Contact STARLINK-3936 - STARLINK-3832,49777.116,50949.055,1171.939,
Contact STARLINK-3936 - STARLINK-3832,64082.905,65239.349,1156.444,
Contact STARLINK-3936 - STARLINK-3832,72657.371,79541.565,6884.195,
Contact STARLINK-3936 - STARLINK-4569,3472.174,4045.246,573.072,
Contact STARLINK-3936 - STARLINK-4569,17811.772,18385.256,573.484,
Contact STARLINK-3936 - STARLINK-4569,32138.722,32737.430,598.707,
Contact STARLINK-3936 - STARLINK-4569,46478.967,47076.737,597.770,
Contact STARLINK-3936 - STARLINK-4569,60806.848,61427.893,621.045,
Contact STARLINK-3936 - STARLINK-4569,75147.653,75766.583,618.931,
Contact STARLINK-3936 - STARLINK-1776,6829.716,13767.576,6937.860,
Contact STARLINK-3936 - STARLINK-1776,21088.779,22341.414,1252.634,
Contact STARLINK-3936 - STARLINK-1776,35361.468,36611.317,1249.849,
Contact STARLINK-3936 - STARLINK-1776,43916.041,50893.624,6977.583,
Contact STARLINK-3936 - STARLINK-1776,58190.900,65160.714,6969.813,
Contact STARLINK-3936 - STARLINK-1776,75315.337,79439.991,4124.654,
Contact STARLINK-3936 - STARLINK-4328,43195.490,43764.737,569.247,
Contact STARLINK-3936 - STARLINK-4328,57505.816,58135.524,629.708,
Contact STARLINK-3936 - STARLINK-4328,71808.329,72512.991,704.661,
Contact STARLINK-3936 - STARLINK-4328,86129.652,86400.000,270.348,
Contact STARLINK-3936 - STARLINK-3506,10139.770,11032.450,892.680,
Contact STARLINK-3936 - STARLINK-3506,21571.250,25318.009,3746.758,
Contact STARLINK-3936 - STARLINK-3506,35863.289,39608.655,3745.365,
Contact STARLINK-3936 - STARLINK-3506,50149.940,51039.114,889.174,
Contact STARLINK-3936 - STARLINK-3506,64441.981,65324.609,882.628,
Contact STARLINK-3936 - STARLINK-3506,78728.615,79615.207,886.592,
Contact STARLINK-3936 - STARLINK-11136 [DTC],258.063,21655.960,21397.897,
Contact STARLINK-3936 - STARLINK-11092 [DTC],60434.426,61579.008,1144.583,
Contact STARLINK-3936 - STARLINK-11092 [DTC],71409.994,78560.614,7150.619,
Contact STARLINK-3936 - STARLINK-11092 [DTC],79890.471,86400.000,6509.529,
Contact STARLINK-3936 - STARLINK-11072 [DTC],86057.414,86400.000,342.586,
Contact STARLINK-3936 - STARLINK-5176,10479.329,10971.146,491.817,
Contact STARLINK-3936 - STARLINK-5176,24770.818,25272.608,501.790,
Contact STARLINK-3936 - STARLINK-5176,64786.080,65316.670,530.589,
Contact STARLINK-3936 - STARLINK-5176,79077.057,79617.987,540.929,
Contact STARLINK-3936 - STARLINK-4522,0.000,86400.000,86400.000,
Contact STARLINK-3936 - MoonARTEMIS1,5348.736,9238.257,3889.522,
Contact STARLINK-3936 - MoonARTEMIS1,11119.252,20703.631,9584.379,
Contact STARLINK-3936 - MoonARTEMIS1,22622.947,32159.628,9536.681,
Contact STARLINK-3936 - MoonARTEMIS1,34107.909,37885.770,3777.860,
Contact STARLINK-3936 - MoonARTEMIS1,39846.421,49335.473,9489.052,
Contact STARLINK-3936 - MoonARTEMIS1,51317.848,60782.467,9464.619,
Contact STARLINK-3936 - MoonARTEMIS1,62783.474,66505.099,3721.625,
Contact STARLINK-3936 - MoonARTEMIS1,68514.510,77948.738,9434.229,
Contact STARLINK-3936 - MoonARTEMIS1,79973.517,86400.000,6426.483,
Contact STARLINK-3936 - MoonARTEMIS2,0.000,3471.023,3471.023,
Contact STARLINK-3936 - MoonARTEMIS2,5305.773,9200.164,3894.391,
Contact STARLINK-3936 - MoonARTEMIS2,11051.685,20661.105,9609.420,
Contact STARLINK-3936 - MoonARTEMIS2,22546.685,32131.573,9584.888,
Contact STARLINK-3936 - MoonARTEMIS2,34894.419,37866.824,2972.405,
Contact STARLINK-3936 - MoonARTEMIS2,39814.512,49309.466,9494.954,
Contact STARLINK-3936 - MoonARTEMIS2,51284.135,60752.059,9467.924,
Contact STARLINK-3936 - MoonARTEMIS2,62749.406,66473.862,3724.456,
Contact STARLINK-3936 - MoonARTEMIS2,68481.559,77918.495,9436.936,
Contact STARLINK-3936 - MoonARTEMIS2,79945.362,86400.000,6454.638,
Contact STARLINK-3936 - MoonIOAGEO,0.000,3502.788,3502.788,
Contact STARLINK-3936 - MoonIOAGEO,11109.649,20689.879,9580.229,
Contact STARLINK-3936 - MoonIOAGEO,22593.908,32130.618,9536.710,
Contact STARLINK-3936 - MoonIOAGEO,34047.225,37854.133,3806.908,
Contact STARLINK-3936 - MoonIOAGEO,39783.532,47748.612,7965.079,
Contact STARLINK-3936 - MoonIOAGEO,51964.299,60768.866,8804.567,
Contact STARLINK-3936 - MoonIOAGEO,62768.116,66490.851,3722.735,
Contact STARLINK-3936 - MoonIOAGEO,68496.294,77930.781,9434.488,
Contact STARLINK-3936 - MoonIOAGEO,79946.490,86400.000,6453.510,
Contact STARLINK-3936 - MoonIOAGNO,0.000,3500.433,3500.433,
Contact STARLINK-3936 - MoonIOAGNO,5363.454,9240.592,3877.138,
Contact STARLINK-3936 - MoonIOAGNO,11098.278,20658.104,9559.827,
Contact STARLINK-3936 - MoonIOAGNO,22555.224,32108.022,9552.799,
Contact STARLINK-3936 - MoonIOAGNO,34045.412,37840.169,3794.757,
Contact STARLINK-3936 - MoonIOAGNO,39793.504,49314.375,9520.870,
Contact STARLINK-3936 - MoonIOAGNO,51288.657,60744.949,9456.293,
Contact STARLINK-3936 - MoonIOAGNO,62730.624,66461.642,3731.018,
Contact STARLINK-3936 - MoonIOAGNO,68464.501,77913.469,9448.968,
Contact STARLINK-3936 - MoonIOAGNO,79944.139,86400.000,6455.861,
Contact STARLINK-3936 - MoonIOAGNO 0001,0.000,3472.820,3472.820,
Contact STARLINK-3936 - MoonIOAGNO 0001,5329.380,9200.754,3871.373,
Contact STARLINK-3936 - MoonIOAGNO 0001,11079.392,20669.710,9590.318,
Contact STARLINK-3936 - MoonIOAGNO 0001,22582.452,32143.626,9561.173,
Contact STARLINK-3936 - MoonIOAGNO 0001,34057.715,37846.519,3788.805,
Contact STARLINK-3936 - MoonIOAGNO 0001,39779.800,49283.949,9504.149,
Contact STARLINK-3936 - MoonIOAGNO 0001,51256.218,60743.873,9487.655,
Contact STARLINK-3936 - MoonIOAGNO 0001,62745.215,66479.153,3733.938,
Contact STARLINK-3936 - MoonIOAGNO 0001,68491.677,77934.055,9442.377,
Contact STARLINK-3936 - MoonIOAGNO 0001,79947.226,86400.000,6452.774,
Contact STARLINK-3936 - MoonIOAGSO,0.000,3509.063,3509.063,
Contact STARLINK-3936 - MoonIOAGSO,5340.679,7940.025,2599.346,
Contact STARLINK-3936 - MoonIOAGSO,11097.846,20702.519,9604.673,
Contact STARLINK-3936 - MoonIOAGSO,22585.098,32157.343,9572.245,
Contact STARLINK-3936 - MoonIOAGSO,34058.445,37878.281,3819.836,
Contact STARLINK-3936 - MoonIOAGSO,39794.616,49311.032,9516.416,
Contact STARLINK-3936 - MoonIOAGSO,51271.786,60774.579,9502.793,
Contact STARLINK-3936 - MoonIOAGSO,62763.075,66505.920,3742.845,
Contact STARLINK-3936 - MoonIOAGSO,68497.466,77953.949,9456.483,
Contact STARLINK-3936 - MoonIOAGSO,79960.471,86400.000,6439.529,
Contact STARLINK-3936 - MoonIOAGSO 0001,0.000,3528.059,3528.059,
Contact STARLINK-3936 - MoonIOAGSO 0001,5349.238,9254.923,3905.686,
Contact STARLINK-3936 - MoonIOAGSO 0001,11088.717,20695.953,9607.237,
Contact STARLINK-3936 - MoonIOAGSO 0001,22569.174,30021.672,7452.498,
Contact STARLINK-3936 - MoonIOAGSO 0001,34066.997,37871.641,3804.644,
Contact STARLINK-3936 - MoonIOAGSO 0001,39810.458,49333.410,9522.953,
Contact STARLINK-3936 - MoonIOAGSO 0001,51281.601,60776.552,9494.951,
Contact STARLINK-3936 - MoonIOAGSO 0001,62748.039,66493.420,3745.382,
Contact STARLINK-3936 - MoonIOAGSO 0001,68481.552,77938.170,9456.617,
Contact STARLINK-3936 - MoonIOAGSO 0001,79968.742,86400.000,6431.258,
Contact STARLINK-3936 - MoonLRO,7055.414,9232.225,2176.811,
Contact STARLINK-3936 - MoonLRO,13906.170,14952.993,1046.822,
Contact STARLINK-3936 - MoonLRO,28319.196,31485.934,3166.737,
Contact STARLINK-3936 - MoonLRO,34375.564,37867.094,3491.530,
Contact STARLINK-3936 - MoonLRO,41202.179,43589.047,2386.868,
Contact STARLINK-3936 - MoonLRO,57017.113,58779.647,1762.534,
Contact STARLINK-3936 - MoonLRO,62751.078,65631.521,2880.443,
Contact STARLINK-3936 - MoonLRO,68523.202,77939.532,9416.330,
Contact STARLINK-3936 - MoonLRO,82193.721,83659.073,1465.351,
Contact STARLINK-3936 - MarsSat1,0.000,17429.106,17429.106,
Contact STARLINK-3936 - MarsSat1,18328.863,46094.354,27765.491,
Contact STARLINK-3936 - MarsSat1,46942.796,57560.204,10617.408,
Contact STARLINK-3936 - MarsSat1,58389.844,86222.570,27832.726,
Contact STARLINK-3936 - MarsSat2,0.000,17429.684,17429.684,
Contact STARLINK-3936 - MarsSat2,18328.682,46094.939,27766.258,
Contact STARLINK-3936 - MarsSat2,46943.229,57560.532,10617.303,
Contact STARLINK-3936 - MarsSat2,58390.403,86222.419,27832.016,
Contact STARLINK-3936 - MarsSat3,0.000,17429.448,17429.448,
Contact STARLINK-3936 - MarsSat3,18328.833,46094.328,27765.495,
Contact STARLINK-3936 - MarsSat3,46943.309,57559.911,10616.602,
Contact STARLINK-3936 - MarsSat3,58390.190,86222.740,27832.550,
Contact STARLINK-3936 - MarsSat4,0.000,17429.045,17429.045,
Contact STARLINK-3936 - MarsSat4,18328.741,46094.353,27765.611,
Contact STARLINK-3936 - MarsSat4,46943.079,57560.316,10617.238,
Contact STARLINK-3936 - MarsSat4,58389.932,86222.428,27832.496,
Contact STARLINK-5281 - STARLINK-11232 [DTC],0.000,735.795,735.795,
Contact STARLINK-5281 - STARLINK-11232 [DTC],13937.226,14769.128,831.901,
Contact STARLINK-5281 - STARLINK-11096 [DTC],21555.119,25303.352,3748.233,
Contact STARLINK-5281 - STARLINK-11096 [DTC],35382.562,36612.670,1230.109,
Contact STARLINK-5281 - STARLINK-11096 [DTC],46724.003,47670.060,946.057,
Contact STARLINK-5281 - STARLINK-6178,6772.687,13778.755,7006.068,
Contact STARLINK-5281 - STARLINK-6178,21060.861,28141.489,7080.628,
Contact STARLINK-5281 - STARLINK-6178,35368.784,42485.063,7116.279,
Contact STARLINK-5281 - STARLINK-6178,49667.264,51099.862,1432.598,
Contact STARLINK-5281 - STARLINK-6178,58260.212,65435.335,7175.123,
Contact STARLINK-5281 - STARLINK-6178,72567.032,79779.245,7212.213,
Contact STARLINK-5281 - STARLINK-1655,3270.693,4304.599,1033.905,
Contact STARLINK-5281 - STARLINK-1655,32072.154,32680.497,608.343,
Contact STARLINK-5281 - STARLINK-1661,0.000,86400.000,86400.000,
Contact STARLINK-5281 - STARLINK-2018,10219.228,10911.171,691.943,
Contact STARLINK-5281 - STARLINK-2018,35939.149,36640.943,701.793,
Contact STARLINK-5281 - STARLINK-2018,50202.575,50963.406,760.831,
Contact STARLINK-5281 - STARLINK-2018,64498.599,65249.652,751.053,
Contact STARLINK-5281 - STARLINK-2018,78763.709,79570.375,806.666,
Contact STARLINK-5281 - STARLINK-31116,0.000,86400.000,86400.000,
Contact STARLINK-5281 - STARLINK-1107,74867.228,75934.416,1067.189,
Contact STARLINK-5281 - STARLINK-1107,85996.439,86400.000,403.561,
Contact STARLINK-5281 - STARLINK-31971,0.000,4085.856,4085.856,
Contact STARLINK-5281 - STARLINK-31971,14065.914,18119.526,4053.612,
Contact STARLINK-5281 - STARLINK-31971,28462.619,29276.975,814.356,
Contact STARLINK-5281 - STARLINK-31430,46650.826,47289.911,639.085,
Contact STARLINK-5281 - STARLINK-31430,60459.995,61790.042,1330.047,
Contact STARLINK-5281 - STARLINK-31430,68849.705,78936.950,10087.244,
Contact STARLINK-5281 - STARLINK-31430,82921.945,86400.000,3478.055,
Contact STARLINK-5281 - STARLINK-5969,0.000,86400.000,86400.000,
Contact STARLINK-5281 - STARLINK-5155,0.000,86400.000,86400.000,
Contact STARLINK-5281 - STARLINK-31138,10201.190,11304.621,1103.431,
Contact STARLINK-5281 - STARLINK-31138,18713.675,25543.076,6829.401,
Contact STARLINK-5281 - STARLINK-31138,35751.918,39769.721,4017.803,
Contact STARLINK-5281 - STARLINK-31138,49969.828,51130.652,1160.824,
Contact STARLINK-5281 - STARLINK-31138,64221.417,65306.000,1084.584,
Contact STARLINK-5281 - STARLINK-31138,78485.858,79468.449,982.591,
Contact STARLINK-5281 - STARLINK-2736,6989.816,10898.507,3908.691,
Contact STARLINK-5281 - STARLINK-2736,21262.381,22303.464,1041.083,
Contact STARLINK-5281 - STARLINK-2736,35547.777,36552.079,1004.302,
Contact STARLINK-5281 - STARLINK-2736,49824.825,50809.147,984.321,
Contact STARLINK-5281 - STARLINK-2736,64115.353,65052.557,937.204,
Contact STARLINK-5281 - STARLINK-2736,75545.269,79304.688,3759.419,
Contact STARLINK-5281 - STARLINK-5960,0.000,86400.000,86400.000,
Contact STARLINK-5281 - STARLINK-31673,0.000,3823.473,3823.473,
Contact STARLINK-5281 - STARLINK-31673,14173.032,18053.928,3880.896,
Contact STARLINK-5281 - STARLINK-31673,28436.970,29437.157,1000.187,
Contact STARLINK-5281 - STARLINK-31673,42698.796,43664.837,966.040,
Contact STARLINK-5281 - STARLINK-31673,56976.844,57875.988,899.144,
Contact STARLINK-5281 - STARLINK-31673,71253.200,72089.354,836.154,
Contact STARLINK-5281 - STARLINK-31673,82684.333,83449.894,765.561,
Contact STARLINK-5281 - STARLINK-2127,0.000,28589.492,28589.492,
Contact STARLINK-5281 - STARLINK-2127,29167.868,42747.258,13579.390,
Contact STARLINK-5281 - STARLINK-2127,43563.428,56996.675,13433.246,
Contact STARLINK-5281 - STARLINK-2127,57983.724,68372.051,10388.327,
Contact STARLINK-5281 - STARLINK-2127,72349.552,79749.874,7400.322,
Contact STARLINK-5281 - STARLINK-30756,0.000,86400.000,86400.000,
Contact STARLINK-5281 - STARLINK-1580,10684.423,11347.856,663.433,
Contact STARLINK-5281 - STARLINK-1580,24971.676,25638.941,667.264,
Contact STARLINK-5281 - STARLINK-1580,39250.000,39939.731,689.731,
Contact STARLINK-5281 - STARLINK-1580,53537.428,54230.573,693.144,
Contact STARLINK-5281 - STARLINK-1580,67816.160,68530.868,714.709,
Contact STARLINK-5281 - STARLINK-1580,82103.752,82821.476,717.724,
Contact STARLINK-5281 - STARLINK-31812,10283.744,11212.531,928.787,
Contact STARLINK-5281 - STARLINK-31812,24514.056,25286.092,772.036,
Contact STARLINK-5281 - STARLINK-31812,35944.225,36499.691,555.467,
Contact STARLINK-5281 - STARLINK-1323,6747.918,13837.517,7089.599,
Contact STARLINK-5281 - STARLINK-1323,21034.018,28137.927,7103.909,
Contact STARLINK-5281 - STARLINK-1323,35333.506,36705.969,1372.463,
Contact STARLINK-5281 - STARLINK-1323,43902.539,51006.260,7103.721,
Contact STARLINK-5281 - STARLINK-1323,58202.055,65291.312,7089.257,
Contact STARLINK-5281 - STARLINK-1323,72488.289,79591.454,7103.165,
Contact STARLINK-5281 - STARLINK-3969,7178.852,10979.494,3800.642,
Contact STARLINK-5281 - STARLINK-3969,21471.229,25272.539,3801.310,
Contact STARLINK-5281 - STARLINK-3969,35771.647,36710.106,938.459,
Contact STARLINK-5281 - STARLINK-3969,50064.029,51010.956,946.928,
Contact STARLINK-5281 - STARLINK-3969,64364.419,65304.000,939.580,
Contact STARLINK-5281 - STARLINK-3969,78656.805,79604.819,948.014,
Contact STARLINK-5281 - STARLINK-4201,0.000,86400.000,86400.000,
Contact STARLINK-5281 - STARLINK-31060,437.116,10737.192,10300.076,
Contact STARLINK-5281 - STARLINK-31060,11259.447,24459.454,13200.007,
Contact STARLINK-5281 - STARLINK-31060,25665.935,29771.259,4105.324,
Contact STARLINK-5281 - STARLINK-5972,3186.797,4285.158,1098.361,
Contact STARLINK-5281 - STARLINK-5972,17529.570,18636.310,1106.740,
Contact STARLINK-5281 - STARLINK-5972,31868.754,32992.943,1124.189,
Contact STARLINK-5281 - STARLINK-5972,46221.850,47333.439,1111.589,
Contact STARLINK-5281 - STARLINK-5972,60570.847,61679.934,1109.087,
Contact STARLINK-5281 - STARLINK-5972,74933.052,76011.063,1078.011,
Contact STARLINK-5281 - STARLINK-32210,0.000,86400.000,86400.000,
Contact STARLINK-5281 - STARLINK-31530,53606.705,54384.933,778.228,
Contact STARLINK-5281 - STARLINK-31530,67671.051,68625.204,954.153,
Contact STARLINK-5281 - STARLINK-31530,78963.637,82804.804,3841.167,
Contact STARLINK-5281 - STARLINK-5093,3161.189,4238.211,1077.022,
Contact STARLINK-5281 - STARLINK-5093,17504.565,18597.426,1092.861,
Contact STARLINK-5281 - STARLINK-5093,31841.597,32964.874,1123.276,
Contact STARLINK-5281 - STARLINK-5093,46197.923,47310.977,1113.054,
Contact STARLINK-5281 - STARLINK-5093,60547.269,61665.598,1118.330,
Contact STARLINK-5281 - STARLINK-5093,74915.053,76000.163,1085.110,
Contact STARLINK-5281 - STARLINK-5591,637.586,7853.781,7216.194,
Contact STARLINK-5281 - STARLINK-5591,15014.314,22189.790,7175.476,
Contact STARLINK-5281 - STARLINK-5591,29421.022,36489.578,7068.557,
Contact STARLINK-5281 - STARLINK-5591,43833.272,50790.871,6957.598,
Contact STARLINK-5281 - STARLINK-5591,61159.951,65052.429,3892.478,
Contact STARLINK-5281 - STARLINK-5591,78522.058,79310.012,787.954,
Contact STARLINK-5281 - STARLINK-32088,81917.390,86400.000,4482.610,
Contact STARLINK-5281 - STARLINK-5829,6486.357,7453.270,966.913,
Contact STARLINK-5281 - STARLINK-5829,17996.842,21772.778,3775.936,
Contact STARLINK-5281 - STARLINK-5829,32383.683,36072.042,3688.359,
Contact STARLINK-5281 - STARLINK-5829,46789.966,47512.220,722.253,
Contact STARLINK-5281 - STARLINK-5829,61190.377,61813.440,623.063,
Contact STARLINK-5281 - STARLINK-3325,10563.972,11235.031,671.059,
Contact STARLINK-5281 - STARLINK-3325,24862.003,25536.160,674.157,
Contact STARLINK-5281 - STARLINK-3325,39158.328,39838.376,680.049,
Contact STARLINK-5281 - STARLINK-3325,53456.361,54139.479,683.119,
Contact STARLINK-5281 - STARLINK-3325,67752.761,68441.602,688.841,
Contact STARLINK-5281 - STARLINK-3325,79190.556,79882.860,692.304,
Contact STARLINK-5281 - STARLINK-5850,0.000,86400.000,86400.000,
Contact STARLINK-5281 - STARLINK-31939,79122.116,79776.842,654.726,
Contact STARLINK-5281 - STARLINK-5453,39.747,68381.696,68341.949,
Contact STARLINK-5281 - STARLINK-5453,68589.393,82670.981,14081.588,
Contact STARLINK-5281 - STARLINK-5453,82866.493,86400.000,3533.507,
Contact STARLINK-5281 - STARLINK-31082,613.410,14063.391,13449.981,
Contact STARLINK-5281 - STARLINK-31082,14864.434,28446.303,13581.869,
Contact STARLINK-5281 - STARLINK-31082,29141.839,42809.101,13667.262,
Contact STARLINK-5281 - STARLINK-31082,43396.665,57186.546,13789.881,
Contact STARLINK-5281 - STARLINK-31082,57679.031,86400.000,28720.969,
Contact STARLINK-5281 - STARLINK-4569,3797.917,14042.192,10244.276,
Contact STARLINK-5281 - STARLINK-4569,20982.883,28416.693,7433.811,
Contact STARLINK-5281 - STARLINK-4569,35329.178,42776.002,7446.824,
Contact STARLINK-5281 - STARLINK-4569,49661.449,57125.639,7464.189,
Contact STARLINK-5281 - STARLINK-4569,58288.787,71459.351,13170.564,
Contact STARLINK-5281 - STARLINK-4569,72642.648,85782.084,13139.436,
Contact STARLINK-5281 - STARLINK-4328,3496.919,7304.733,3807.814,
Contact STARLINK-5281 - STARLINK-4328,17837.864,21659.437,3821.573,
Contact STARLINK-5281 - STARLINK-4328,32170.350,36001.313,3830.963,
Contact STARLINK-5281 - STARLINK-4328,46515.797,47477.481,961.684,
Contact STARLINK-5281 - STARLINK-4328,60852.926,61826.067,973.141,
Contact STARLINK-5281 - STARLINK-4328,75203.632,76160.965,957.333,
Contact STARLINK-5281 - STARLINK-2214,0.000,62.710,62.710,
Contact STARLINK-5281 - STARLINK-2214,68316.925,68688.358,371.433,
Contact STARLINK-5281 - STARLINK-2214,82612.079,82981.158,369.079,
Contact STARLINK-5281 - STARLINK-11136 [DTC],57216.129,57967.179,751.050,
Contact STARLINK-5281 - STARLINK-11136 [DTC],68380.721,72032.954,3652.233,
Contact STARLINK-5281 - STARLINK-11136 [DTC],82456.277,83186.633,730.357,
Contact STARLINK-5281 - STARLINK-31325,79119.055,79531.387,412.331,
Contact STARLINK-5281 - STARLINK-11092 [DTC],10216.278,10995.347,779.069,
Contact STARLINK-5281 - STARLINK-11092 [DTC],21212.793,28030.794,6818.001,
Contact STARLINK-5281 - STARLINK-11092 [DTC],35297.809,36340.529,1042.720,
Contact STARLINK-5281 - STARLINK-11072 [DTC],38215.529,67434.813,29219.284,
Contact STARLINK-5281 - STARLINK-5503,57159.643,57623.833,464.190,
Contact STARLINK-5281 - STARLINK-5503,71331.709,72134.556,802.847,
Contact STARLINK-5281 - STARLINK-5503,82718.487,86400.000,3681.513,
Contact STARLINK-5281 - MoonARTEMIS1,1964.856,6205.525,4240.669,
Contact STARLINK-5281 - MoonARTEMIS1,7721.775,17783.424,10061.650,
Contact STARLINK-5281 - MoonARTEMIS1,19244.268,35083.441,15839.173,
Contact STARLINK-5281 - MoonARTEMIS1,36504.827,46597.885,10093.058,
Contact STARLINK-5281 - MoonARTEMIS1,48006.046,63851.344,15845.298,
Contact STARLINK-5281 - MoonARTEMIS1,65251.759,75344.558,10092.800,
Contact STARLINK-5281 - MoonARTEMIS1,76744.930,86400.000,9655.070,
Contact STARLINK-5281 - MoonARTEMIS2,0.000,6145.368,6145.368,
Contact STARLINK-5281 - MoonARTEMIS2,7659.862,17673.608,10013.746,
Contact STARLINK-5281 - MoonARTEMIS2,19151.266,33013.155,13861.889,
Contact STARLINK-5281 - MoonARTEMIS2,36452.610,46558.284,10105.674,
Contact STARLINK-5281 - MoonARTEMIS2,47945.536,63829.125,15883.589,
Contact STARLINK-5281 - MoonARTEMIS2,65181.461,75337.501,10156.040,
Contact STARLINK-5281 - MoonARTEMIS2,76680.215,86400.000,9719.785,
Contact STARLINK-5281 - MoonIOAGEO,0.000,3853.897,3853.897,
Contact STARLINK-5281 - MoonIOAGEO,7939.003,17758.910,9819.907,
Contact STARLINK-5281 - MoonIOAGEO,19217.664,34980.552,15762.888,
Contact STARLINK-5281 - MoonIOAGEO,36415.099,46516.818,10101.719,
Contact STARLINK-5281 - MoonIOAGEO,51761.666,63838.886,12077.220,
Contact STARLINK-5281 - MoonIOAGEO,65219.728,75310.228,10090.500,
Contact STARLINK-5281 - MoonIOAGEO,76689.024,86400.000,9710.976,
Contact STARLINK-5281 - MoonIOAGNO,0.000,6224.283,6224.283,
Contact STARLINK-5281 - MoonIOAGNO,7725.701,17706.565,9980.864,
Contact STARLINK-5281 - MoonIOAGNO,19157.094,35030.807,15873.713,
Contact STARLINK-5281 - MoonIOAGNO,36397.733,46559.224,10161.490,
Contact STARLINK-5281 - MoonIOAGNO,47942.054,63810.299,15868.246,
Contact STARLINK-5281 - MoonIOAGNO,65142.499,75351.123,10208.624,
Contact STARLINK-5281 - MoonIOAGNO,76663.559,86400.000,9736.441,
Contact STARLINK-5281 - MoonIOAGNO 0001,0.000,6199.157,6199.157,
Contact STARLINK-5281 - MoonIOAGNO 0001,7664.038,17747.431,10083.393,
Contact STARLINK-5281 - MoonIOAGNO 0001,19173.496,34994.383,15820.886,
Contact STARLINK-5281 - MoonIOAGNO 0001,36414.365,46536.545,10122.180,
Contact STARLINK-5281 - MoonIOAGNO 0001,47880.579,63841.243,15960.664,
Contact STARLINK-5281 - MoonIOAGNO 0001,65184.147,75319.061,10134.914,
Contact STARLINK-5281 - MoonIOAGNO 0001,76710.153,86400.000,9689.847,
Contact STARLINK-5281 - MoonIOAGSO,0.000,6184.559,6184.559,
Contact STARLINK-5281 - MoonIOAGSO,9424.157,17717.727,8293.570,
Contact STARLINK-5281 - MoonIOAGSO,19221.357,34957.131,15735.774,
Contact STARLINK-5281 - MoonIOAGSO,36450.680,46495.316,10044.637,
Contact STARLINK-5281 - MoonIOAGSO,47927.492,63784.343,15856.851,
Contact STARLINK-5281 - MoonIOAGSO,65219.239,75265.147,10045.908,
Contact STARLINK-5281 - MoonIOAGSO,76715.854,86400.000,9684.146,
Contact STARLINK-5281 - MoonIOAGSO 0001,0.000,6167.909,6167.909,
Contact STARLINK-5281 - MoonIOAGSO 0001,7737.093,17678.800,9941.707,
Contact STARLINK-5281 - MoonIOAGSO 0001,19207.851,35021.705,15813.854,
Contact STARLINK-5281 - MoonIOAGSO 0001,36451.706,46492.982,10041.276,
Contact STARLINK-5281 - MoonIOAGSO 0001,47959.682,63757.297,15797.616,
Contact STARLINK-5281 - MoonIOAGSO 0001,65189.888,75337.758,10147.870,
Contact STARLINK-5281 - MoonIOAGSO 0001,76713.857,86400.000,9686.143,
Contact STARLINK-5281 - MoonLRO,1969.052,4174.252,2205.200,
Contact STARLINK-5281 - MoonLRO,7704.199,17720.496,10016.297,
Contact STARLINK-5281 - MoonLRO,20741.983,23482.659,2740.677,
Contact STARLINK-5281 - MoonLRO,27577.867,29249.244,1671.378,
Contact STARLINK-5281 - MoonLRO,42179.490,45144.859,2965.369,
Contact STARLINK-5281 - MoonLRO,48034.806,51953.579,3918.773,
Contact STARLINK-5281 - MoonLRO,54885.657,58044.636,3158.979,
Contact STARLINK-5281 - MoonLRO,70956.119,72466.589,1510.471,
Contact STARLINK-5281 - MoonLRO,76706.380,86106.449,9400.069,
Contact STARLINK-5281 - MarsSat1,0.000,2496.468,2496.468,
Contact STARLINK-5281 - MarsSat1,4483.752,13945.447,9461.695,
Contact STARLINK-5281 - MarsSat1,15929.105,19669.968,3740.863,
Contact STARLINK-5281 - MarsSat1,21651.817,31119.099,9467.282,
Contact STARLINK-5281 - MarsSat1,33097.326,42568.372,9471.047,
Contact STARLINK-5281 - MarsSat1,44542.961,59742.558,15199.597,
Contact STARLINK-5281 - MarsSat1,61711.635,71192.160,9480.526,
Contact STARLINK-5281 - MarsSat1,73157.530,82641.833,9484.303,
Contact STARLINK-5281 - MarsSat1,84603.491,86400.000,1796.509,
Contact STARLINK-5281 - MarsSat2,0.000,2496.514,2496.514,
Contact STARLINK-5281 - MarsSat2,4483.854,13945.575,9461.721,
Contact STARLINK-5281 - MarsSat2,15929.260,19670.140,3740.879,
Contact STARLINK-5281 - MarsSat2,21651.992,31119.339,9467.347,
Contact STARLINK-5281 - MarsSat2,33097.518,42568.632,9471.114,
Contact STARLINK-5281 - MarsSat2,44543.127,59742.747,15199.620,
Contact STARLINK-5281 - MarsSat2,61711.707,71192.273,9480.566,
Contact STARLINK-5281 - MarsSat2,73157.542,82641.891,9484.349,
Contact STARLINK-5281 - MarsSat2,84603.472,86400.000,1796.528,
Contact STARLINK-5281 - MarsSat3,0.000,2496.478,2496.478,
Contact STARLINK-5281 - MarsSat3,4483.814,13945.529,9461.715,
Contact STARLINK-5281 - MarsSat3,15929.197,19670.080,3740.883,
Contact STARLINK-5281 - MarsSat3,21651.912,31119.239,9467.327,
Contact STARLINK-5281 - MarsSat3,33097.395,42568.477,9471.082,
Contact STARLINK-5281 - MarsSat3,44542.967,59742.517,15199.550,
Contact STARLINK-5281 - MarsSat3,61711.551,71192.067,9480.516,
Contact STARLINK-5281 - MarsSat3,73157.479,82641.780,9484.301,
Contact STARLINK-5281 - MarsSat3,84603.510,86400.000,1796.490,
Contact STARLINK-5281 - MarsSat4,0.000,2496.443,2496.443,
Contact STARLINK-5281 - MarsSat4,4483.731,13945.406,9461.675,
Contact STARLINK-5281 - MarsSat4,15929.081,19669.953,3740.871,
Contact STARLINK-5281 - MarsSat4,21651.854,31119.213,9467.359,
Contact STARLINK-5281 - MarsSat4,33097.410,42568.452,9471.042,
Contact STARLINK-5281 - MarsSat4,44542.971,59742.611,15199.640,
Contact STARLINK-5281 - MarsSat4,61711.657,71192.139,9480.482,
Contact STARLINK-5281 - MarsSat4,73157.462,82641.717,9484.255,
Contact STARLINK-5281 - MarsSat4,84603.420,86400.000,1796.580,
Contact STARLINK-11232 [DTC] - STARLINK-11096 [DTC],6550.381,7395.107,844.726,
Contact STARLINK-11232 [DTC] - STARLINK-11096 [DTC],17547.230,18390.824,843.594,
Contact STARLINK-11232 [DTC] - STARLINK-11096 [DTC],28544.107,29386.509,842.401,
Contact STARLINK-11232 [DTC] - STARLINK-11096 [DTC],39541.012,40382.160,841.148,
Contact STARLINK-11232 [DTC] - STARLINK-11096 [DTC],53291.791,54122.015,830.223,
Contact STARLINK-11232 [DTC] - STARLINK-11096 [DTC],64288.761,65117.588,828.827,
Contact STARLINK-11232 [DTC] - STARLINK-11096 [DTC],75285.759,76113.128,827.368,
Contact STARLINK-11232 [DTC] - STARLINK-11096 [DTC],86282.786,86400.000,117.214,
Contact STARLINK-11232 [DTC] - STARLINK-31013,46694.621,47193.527,498.906,
Contact STARLINK-11232 [DTC] - STARLINK-31013,60537.937,61441.691,903.754,
Contact STARLINK-11232 [DTC] - STARLINK-31013,71789.544,72659.696,870.152,
Contact STARLINK-11232 [DTC] - STARLINK-31013,86124.097,86400.000,275.903,
Contact STARLINK-11232 [DTC] - STARLINK-6178,28288.551,29132.869,844.317,
Contact STARLINK-11232 [DTC] - STARLINK-6178,39398.481,43278.374,3879.893,
Contact STARLINK-11232 [DTC] - STARLINK-6178,53601.596,54350.217,748.622,
Contact STARLINK-11232 [DTC] - STARLINK-1655,24853.985,25661.714,807.729,
Contact STARLINK-11232 [DTC] - STARLINK-1655,38874.548,39667.229,792.681,
Contact STARLINK-11232 [DTC] - STARLINK-1655,50185.487,50778.098,592.612,
Contact STARLINK-11232 [DTC] - STARLINK-30809,3567.014,4347.160,780.146,
Contact STARLINK-11232 [DTC] - STARLINK-2358,67582.733,74929.777,7347.043,
Contact STARLINK-11232 [DTC] - STARLINK-2358,75848.994,85963.271,10114.278,
Contact STARLINK-11232 [DTC] - STARLINK-1661,2903.007,3636.426,733.419,
Contact STARLINK-11232 [DTC] - STARLINK-1661,14068.138,14889.395,821.257,
Contact STARLINK-11232 [DTC] - STARLINK-1661,28130.987,28849.579,718.592,
Contact STARLINK-11232 [DTC] - STARLINK-1661,39486.519,39914.035,427.516,
Contact STARLINK-11232 [DTC] - STARLINK-2462,0.000,3231.244,3231.244,
Contact STARLINK-11232 [DTC] - STARLINK-3251,61470.723,85772.123,24301.400,
Contact STARLINK-11232 [DTC] - STARLINK-4108,71841.605,72282.761,441.156,
Contact STARLINK-11232 [DTC] - STARLINK-4108,85694.431,86400.000,705.569,
Contact STARLINK-11232 [DTC] - STARLINK-3095,0.000,3007.406,3007.406,
Contact STARLINK-11232 [DTC] - STARLINK-3095,10302.053,11138.905,836.853,
Contact STARLINK-11232 [DTC] - STARLINK-3045,6918.152,13681.327,6763.174,
Contact STARLINK-11232 [DTC] - STARLINK-3045,21163.926,21945.012,781.087,
Contact STARLINK-11232 [DTC] - STARLINK-30329,46653.955,46941.121,287.167,
Contact STARLINK-11232 [DTC] - STARLINK-30329,60394.914,61295.128,900.214,
Contact STARLINK-11232 [DTC] - STARLINK-30329,71618.198,72542.367,924.170,
Contact STARLINK-11232 [DTC] - STARLINK-2018,3528.368,4256.467,728.099,
Contact STARLINK-11232 [DTC] - STARLINK-2018,17450.175,18353.538,903.363,
Contact STARLINK-11232 [DTC] - STARLINK-2018,28709.591,29508.120,798.529,
Contact STARLINK-11232 [DTC] - STARLINK-3550,61788.660,86400.000,24611.340,
Contact STARLINK-11232 [DTC] - STARLINK-30345,35841.634,36259.863,418.229,
Contact STARLINK-11232 [DTC] - STARLINK-30345,49661.560,50525.335,863.775,
Contact STARLINK-11232 [DTC] - STARLINK-30345,60887.645,61763.626,875.981,
Contact STARLINK-11232 [DTC] - STARLINK-30345,75129.310,75605.853,476.543,
Contact STARLINK-11232 [DTC] - STARLINK-31116,2997.649,3773.388,775.739,
Contact STARLINK-11232 [DTC] - STARLINK-31116,14205.637,14846.423,640.786,
Contact STARLINK-11232 [DTC] - STARLINK-1351,71898.222,72187.630,289.408,
Contact STARLINK-11232 [DTC] - STARLINK-1351,85700.972,86400.000,699.028,
Contact STARLINK-11232 [DTC] - STARLINK-31971,0.000,734.901,734.901,
Contact STARLINK-11232 [DTC] - STARLINK-31971,7427.782,17376.290,9948.508,
Contact STARLINK-11232 [DTC] - STARLINK-31971,18635.402,25577.363,6941.960,
Contact STARLINK-11232 [DTC] - STARLINK-31971,35800.244,36316.269,516.025,
Contact STARLINK-11232 [DTC] - STARLINK-5969,0.000,322.862,322.862,
Contact STARLINK-11232 [DTC] - STARLINK-5969,10556.057,17327.693,6771.636,
Contact STARLINK-11232 [DTC] - STARLINK-5969,24740.712,25606.874,866.162,
Contact STARLINK-11232 [DTC] - STARLINK-31085,6571.768,7333.486,761.717,
Contact STARLINK-11232 [DTC] - STARLINK-5155,2941.916,3773.822,831.905,
Contact STARLINK-11232 [DTC] - STARLINK-5155,14187.100,14951.697,764.598,
Contact STARLINK-11232 [DTC] - STARLINK-30610,82277.191,83274.759,997.568,
Contact STARLINK-11232 [DTC] - STARLINK-31138,17401.359,18381.917,980.558,
Contact STARLINK-11232 [DTC] - STARLINK-31138,28432.644,35222.218,6789.574,
Contact STARLINK-11232 [DTC] - STARLINK-31138,36795.616,43526.977,6731.361,
Contact STARLINK-11232 [DTC] - STARLINK-31138,53742.329,54486.039,743.710,
Contact STARLINK-11232 [DTC] - STARLINK-30255,35484.233,36082.463,598.229,
Contact STARLINK-11232 [DTC] - STARLINK-30255,46533.932,47510.236,976.304,
Contact STARLINK-11232 [DTC] - STARLINK-30255,60632.866,61504.058,871.193,
Contact STARLINK-11232 [DTC] - STARLINK-2736,28658.632,29146.526,487.894,
Contact STARLINK-11232 [DTC] - STARLINK-2736,39561.145,43437.945,3876.800,
Contact STARLINK-11232 [DTC] - STARLINK-2736,53498.658,54637.135,1138.477,
Contact STARLINK-11232 [DTC] - STARLINK-5960,0.000,3634.312,3634.312,
Contact STARLINK-11232 [DTC] - STARLINK-5960,14045.933,14633.288,587.355,
Contact STARLINK-11232 [DTC] - STARLINK-4170,48403.419,80237.987,31834.568,
Contact STARLINK-11232 [DTC] - STARLINK-31673,0.000,22329.274,22329.274,
Contact STARLINK-11232 [DTC] - STARLINK-32223,46430.488,47040.200,609.713,
Contact STARLINK-11232 [DTC] - STARLINK-32223,57451.517,58177.121,725.604,
Contact STARLINK-11232 [DTC] - STARLINK-32223,71260.278,72065.694,805.416,
Contact STARLINK-11232 [DTC] - STARLINK-32223,82322.442,83161.072,838.631,
Contact STARLINK-11232 [DTC] - STARLINK-5061,24682.909,25324.574,641.665,
Contact STARLINK-11232 [DTC] - STARLINK-5061,35780.786,36686.204,905.419,
Contact STARLINK-11232 [DTC] - STARLINK-5061,49857.862,50681.627,823.765,
Contact STARLINK-11232 [DTC] - STARLINK-2127,3190.682,3987.143,796.461,
Contact STARLINK-11232 [DTC] - STARLINK-2127,17216.499,18006.607,790.108,
Contact STARLINK-11232 [DTC] - STARLINK-2127,28534.931,29125.262,590.332,
Contact STARLINK-11232 [DTC] - STARLINK-30756,14033.243,14884.005,850.762,
Contact STARLINK-11232 [DTC] - STARLINK-30756,28074.392,28918.844,844.452,
Contact STARLINK-11232 [DTC] - STARLINK-30756,39465.615,39990.726,525.111,
Contact STARLINK-11232 [DTC] - STARLINK-1580,6581.329,7717.226,1135.897,
Contact STARLINK-11232 [DTC] - STARLINK-1580,14864.357,24587.782,9723.425,
Contact STARLINK-11232 [DTC] - STARLINK-1580,31907.373,32768.238,860.865,
Contact STARLINK-11232 [DTC] - STARLINK-31812,28741.748,29121.966,380.218,
Contact STARLINK-11232 [DTC] - STARLINK-31812,36698.165,46374.638,9676.473,
Contact STARLINK-11232 [DTC] - STARLINK-31812,47529.401,60418.456,12889.055,
Contact STARLINK-11232 [DTC] - STARLINK-31812,61245.663,71475.699,10230.036,
Contact STARLINK-11232 [DTC] - STARLINK-31812,72410.980,82390.232,9979.253,
Contact STARLINK-11232 [DTC] - STARLINK-2658,81518.605,86400.000,4881.395,
Contact STARLINK-11232 [DTC] - STARLINK-5952,35348.257,36298.303,950.046,
Contact STARLINK-11232 [DTC] - STARLINK-5952,46509.525,47592.507,1082.982,
Contact STARLINK-11232 [DTC] - STARLINK-5952,60801.772,61376.148,574.376,
Contact STARLINK-11232 [DTC] - STARLINK-1323,28420.994,29284.387,863.393,
Contact STARLINK-11232 [DTC] - STARLINK-1323,39571.278,43335.914,3764.636,
Contact STARLINK-11232 [DTC] - STARLINK-1323,53705.906,54428.013,722.108,
Contact STARLINK-11232 [DTC] - STARLINK-3601,68347.892,68945.270,597.378,
Contact STARLINK-11232 [DTC] - STARLINK-3601,82202.115,83110.950,908.835,
Contact STARLINK-11232 [DTC] - STARLINK-3603,57383.905,57799.348,415.442,
Contact STARLINK-11232 [DTC] - STARLINK-3603,68390.411,72042.071,3651.660,
Contact STARLINK-11232 [DTC] - STARLINK-3603,82364.095,83274.266,910.171,
Contact STARLINK-11232 [DTC] - STARLINK-3969,28699.298,29475.641,776.344,
Contact STARLINK-11232 [DTC] - STARLINK-3969,36820.609,43830.659,7010.049,
Contact STARLINK-11232 [DTC] - STARLINK-3969,53656.326,57631.369,3975.043,
Contact STARLINK-11232 [DTC] - STARLINK-4201,3031.165,3750.023,718.858,
Contact STARLINK-11232 [DTC] - STARLINK-4201,14195.214,15012.801,817.587,
Contact STARLINK-11232 [DTC] - STARLINK-4201,28257.982,28983.782,725.801,
Contact STARLINK-11232 [DTC] - STARLINK-31060,24908.536,25273.081,364.546,
Contact STARLINK-11232 [DTC] - STARLINK-5972,53637.290,54346.792,709.501,
Contact STARLINK-11232 [DTC] - STARLINK-5972,67675.817,68433.833,758.016,
Contact STARLINK-11232 [DTC] - STARLINK-5972,78971.147,79639.098,667.951,
Contact STARLINK-11232 [DTC] - STARLINK-2047,24809.623,25219.549,409.925,
Contact STARLINK-11232 [DTC] - STARLINK-2047,35875.004,36604.065,729.060,
Contact STARLINK-11232 [DTC] - STARLINK-2047,49856.994,50681.958,824.964,
Contact STARLINK-11232 [DTC] - STARLINK-2047,61139.497,61847.141,707.644,
Contact STARLINK-11232 [DTC] - STARLINK-30145,46012.823,46932.928,920.106,
Contact STARLINK-11232 [DTC] - STARLINK-30145,51271.992,64308.746,13036.754,
Contact STARLINK-11232 [DTC] - STARLINK-30145,65078.757,72376.020,7297.263,
Contact STARLINK-11232 [DTC] - STARLINK-32210,2931.423,3747.956,816.533,
Contact STARLINK-11232 [DTC] - STARLINK-32210,14145.996,14859.300,713.304,
Contact STARLINK-11232 [DTC] - STARLINK-1463,31784.787,59074.718,27289.931,
Contact STARLINK-11232 [DTC] - STARLINK-30486,35365.999,36392.293,1026.294,
Contact STARLINK-11232 [DTC] - STARLINK-30486,46580.539,50401.733,3821.193,
Contact STARLINK-11232 [DTC] - STARLINK-30486,61009.850,61278.933,269.083,
Contact STARLINK-11232 [DTC] - STARLINK-5565,75398.661,76186.127,787.466,
Contact STARLINK-11232 [DTC] - STARLINK-31530,7062.811,7894.581,831.770,
Contact STARLINK-11232 [DTC] - STARLINK-1227,46777.992,47001.729,223.737,
Contact STARLINK-11232 [DTC] - STARLINK-1227,60556.118,61281.622,725.504,
Contact STARLINK-11232 [DTC] - STARLINK-1227,71725.333,72555.577,830.244,
Contact STARLINK-11232 [DTC] - STARLINK-1227,85809.407,86400.000,590.593,
Contact STARLINK-11232 [DTC] - STARLINK-5093,53619.812,54324.281,704.470,
Contact STARLINK-11232 [DTC] - STARLINK-5093,67659.524,68419.176,759.652,
Contact STARLINK-11232 [DTC] - STARLINK-5093,78955.807,79630.100,674.293,
Contact STARLINK-11232 [DTC] - STARLINK-2556,75204.915,76038.666,833.751,
Contact STARLINK-11232 [DTC] - STARLINK-2556,86328.523,86400.000,71.477,
Contact STARLINK-11232 [DTC] - STARLINK-5591,28500.881,29294.862,793.980,
Contact STARLINK-11232 [DTC] - STARLINK-5591,42577.070,43364.626,787.556,
Contact STARLINK-11232 [DTC] - STARLINK-5591,53961.829,54499.073,537.244,
Contact STARLINK-11232 [DTC] - STARLINK-1073,57573.805,57843.651,269.847,
Contact STARLINK-11232 [DTC] - STARLINK-1073,71351.578,72135.516,783.938,
Contact STARLINK-11232 [DTC] - STARLINK-1073,82537.221,83401.904,864.682,
Contact STARLINK-11232 [DTC] - STARLINK-5829,28729.686,29351.683,621.998,
Contact STARLINK-11232 [DTC] - STARLINK-5829,42735.114,43477.996,742.881,
Contact STARLINK-11232 [DTC] - STARLINK-5829,53992.819,54725.191,732.372,
Contact STARLINK-11232 [DTC] - STARLINK-5829,68137.612,68713.019,575.407,
Contact STARLINK-11232 [DTC] - STARLINK-3325,22978.034,55025.520,32047.485,
Contact STARLINK-11232 [DTC] - STARLINK-5850,0.000,3641.647,3641.647,
Contact STARLINK-11232 [DTC] - STARLINK-5850,13988.464,14892.852,904.388,
Contact STARLINK-11232 [DTC] - STARLINK-2424,20860.314,47595.679,26735.365,
Contact STARLINK-11232 [DTC] - STARLINK-30754,35961.358,36441.661,480.303,
Contact STARLINK-11232 [DTC] - STARLINK-30754,49808.666,50678.368,869.702,
Contact STARLINK-11232 [DTC] - STARLINK-30754,61045.123,61905.606,860.483,
Contact STARLINK-11232 [DTC] - STARLINK-30754,75302.648,75731.438,428.790,
Contact STARLINK-11232 [DTC] - STARLINK-3832,67756.407,68766.490,1010.083,
Contact STARLINK-11232 [DTC] - STARLINK-3832,75749.257,86066.538,10317.281,
Contact STARLINK-11232 [DTC] - STARLINK-5453,14230.009,14600.928,370.919,
Contact STARLINK-11232 [DTC] - STARLINK-5453,28050.557,28814.912,764.355,
Contact STARLINK-11232 [DTC] - STARLINK-5453,39226.042,40063.994,837.952,
Contact STARLINK-11232 [DTC] - STARLINK-5453,53316.326,54004.550,688.224,
Contact STARLINK-11232 [DTC] - STARLINK-5453,64730.638,65017.822,287.184,
Contact STARLINK-11232 [DTC] - STARLINK-31082,14378.985,14690.375,311.390,
Contact STARLINK-11232 [DTC] - STARLINK-31082,28124.976,29015.617,890.642,
Contact STARLINK-11232 [DTC] - STARLINK-31082,39333.488,40258.632,925.144,
Contact STARLINK-11232 [DTC] - STARLINK-31082,53573.009,54087.107,514.099,
Contact STARLINK-11232 [DTC] - STARLINK-4569,0.000,216.893,216.893,
Contact STARLINK-11232 [DTC] - STARLINK-1776,78332.367,86400.000,8067.633,
Contact STARLINK-11232 [DTC] - STARLINK-2214,3758.881,13843.490,10084.609,
Contact STARLINK-11232 [DTC] - STARLINK-2214,15095.171,21893.648,6798.476,
Contact STARLINK-11232 [DTC] - STARLINK-5737,40115.105,64053.020,23937.916,
Contact STARLINK-11232 [DTC] - STARLINK-3506,68221.067,68677.315,456.249,
Contact STARLINK-11232 [DTC] - STARLINK-3506,79175.075,82956.976,3781.901,
Contact STARLINK-11232 [DTC] - STARLINK-31325,6718.413,7295.774,577.361,
Contact STARLINK-11232 [DTC] - STARLINK-5231,10673.464,11434.003,760.539,
Contact STARLINK-11232 [DTC] - STARLINK-5231,24612.031,25523.578,911.548,
Contact STARLINK-11232 [DTC] - STARLINK-5231,35894.846,36663.958,769.112,
Contact STARLINK-11232 [DTC] - STARLINK-11092 [DTC],17459.673,18127.782,668.109,
Contact STARLINK-11232 [DTC] - STARLINK-11092 [DTC],28459.476,29131.505,672.029,
Contact STARLINK-11232 [DTC] - STARLINK-11092 [DTC],39459.304,40135.204,675.900,
Contact STARLINK-11232 [DTC] - STARLINK-11092 [DTC],64214.890,64887.383,672.493,
Contact STARLINK-11232 [DTC] - STARLINK-11092 [DTC],75214.768,75891.031,676.263,
Contact STARLINK-11232 [DTC] - STARLINK-11092 [DTC],86214.670,86400.000,185.330,
Contact STARLINK-11232 [DTC] - STARLINK-5176,82278.209,82982.940,704.731,
Contact STARLINK-11232 [DTC] - STARLINK-2042,6678.746,7514.017,835.270,
Contact STARLINK-11232 [DTC] - STARLINK-5503,10374.560,11059.636,685.076,
Contact STARLINK-11232 [DTC] - STARLINK-5503,18317.312,28446.944,10129.632,
Contact STARLINK-11232 [DTC] - STARLINK-5503,29483.983,36579.981,7095.998,
Contact STARLINK-11232 [DTC] - STARLINK-6319,6408.908,7492.957,1084.049,
Contact STARLINK-11232 [DTC] - STARLINK-6319,17741.422,18615.432,874.009,
Contact STARLINK-11232 [DTC] - STARLINK-4522,75508.539,76002.140,493.601,
Contact STARLINK-11232 [DTC] - STARLINK-4522,83576.824,86400.000,2823.176,
Contact STARLINK-11232 [DTC] - MoonARTEMIS1,2609.980,6130.737,3520.757,
Contact STARLINK-11232 [DTC] - MoonARTEMIS1,8150.667,17215.235,9064.569,
Contact STARLINK-11232 [DTC] - MoonARTEMIS1,19221.014,28276.815,9055.802,
Contact STARLINK-11232 [DTC] - MoonARTEMIS1,30276.881,39328.896,9052.016,
Contact STARLINK-11232 [DTC] - MoonARTEMIS1,41326.318,44852.474,3526.157,
Contact STARLINK-11232 [DTC] - MoonARTEMIS1,52371.476,55895.721,3524.244,
Contact STARLINK-11232 [DTC] - MoonARTEMIS1,57892.770,66934.510,9041.740,
Contact STARLINK-11232 [DTC] - MoonARTEMIS1,68933.153,77969.375,9036.222,
Contact STARLINK-11232 [DTC] - MoonARTEMIS1,79970.945,86400.000,6429.055,
Contact STARLINK-11232 [DTC] - MoonARTEMIS2,0.000,6090.234,6090.234,
Contact STARLINK-11232 [DTC] - MoonARTEMIS2,8113.366,17143.086,9029.720,
Contact STARLINK-11232 [DTC] - MoonARTEMIS2,19160.384,28206.276,9045.892,
Contact STARLINK-11232 [DTC] - MoonARTEMIS2,30218.552,39292.899,9074.347,
Contact STARLINK-11232 [DTC] - MoonARTEMIS2,41297.805,44815.813,3518.008,
Contact STARLINK-11232 [DTC] - MoonARTEMIS2,52344.848,55856.360,3511.511,
Contact STARLINK-11232 [DTC] - MoonARTEMIS2,57866.980,66895.800,9028.821,
Contact STARLINK-11232 [DTC] - MoonARTEMIS2,68910.729,77935.396,9024.667,
Contact STARLINK-11232 [DTC] - MoonARTEMIS2,79954.533,86400.000,6445.467,
Contact STARLINK-11232 [DTC] - MoonIOAGEO,0.000,3852.782,3852.782,
Contact STARLINK-11232 [DTC] - MoonIOAGEO,8145.360,17199.280,9053.920,
Contact STARLINK-11232 [DTC] - MoonIOAGEO,19204.682,28227.359,9022.677,
Contact STARLINK-11232 [DTC] - MoonIOAGEO,30227.687,39258.797,9031.109,
Contact STARLINK-11232 [DTC] - MoonIOAGEO,41263.414,47919.879,6656.465,
Contact STARLINK-11232 [DTC] - MoonIOAGEO,52337.992,55867.962,3529.970,
Contact STARLINK-11232 [DTC] - MoonIOAGEO,57874.851,66913.767,9038.917,
Contact STARLINK-11232 [DTC] - MoonIOAGEO,68916.267,77934.223,9017.956,
Contact STARLINK-11232 [DTC] - MoonIOAGEO,79939.263,86400.000,6460.737,
Contact STARLINK-11232 [DTC] - MoonIOAGNO,0.000,6141.710,6141.710,
Contact STARLINK-11232 [DTC] - MoonIOAGNO,8148.202,17161.632,9013.430,
Contact STARLINK-11232 [DTC] - MoonIOAGNO,19177.976,28213.817,9035.841,
Contact STARLINK-11232 [DTC] - MoonIOAGNO,30235.604,39276.449,9040.844,
Contact STARLINK-11232 [DTC] - MoonIOAGNO,41293.018,44809.031,3516.014,
Contact STARLINK-11232 [DTC] - MoonIOAGNO,52338.001,55847.004,3509.003,
Contact STARLINK-11232 [DTC] - MoonIOAGNO,57846.131,66879.139,9033.008,
Contact STARLINK-11232 [DTC] - MoonIOAGNO,68898.993,77935.401,9036.408,
Contact STARLINK-11232 [DTC] - MoonIOAGNO,79959.346,86400.000,6440.654,
Contact STARLINK-11232 [DTC] - MoonIOAGNO 0001,0.000,6116.597,6116.597,
Contact STARLINK-11232 [DTC] - MoonIOAGNO 0001,8144.100,17179.058,9034.958,
Contact STARLINK-11232 [DTC] - MoonIOAGNO 0001,19199.040,28240.771,9041.731,
Contact STARLINK-11232 [DTC] - MoonIOAGNO 0001,30241.071,39259.911,9018.841,
Contact STARLINK-11232 [DTC] - MoonIOAGNO 0001,41272.515,44782.972,3510.457,
Contact STARLINK-11232 [DTC] - MoonIOAGNO 0001,52330.890,55840.915,3510.025,
Contact STARLINK-11232 [DTC] - MoonIOAGNO 0001,57860.800,66905.537,9044.737,
Contact STARLINK-11232 [DTC] - MoonIOAGNO 0001,68918.217,77942.052,9023.835,
Contact STARLINK-11232 [DTC] - MoonIOAGNO 0001,79946.699,86400.000,6453.301,
Contact STARLINK-11232 [DTC] - MoonIOAGSO,0.000,6119.705,6119.705,
Contact STARLINK-11232 [DTC] - MoonIOAGSO,9322.578,17182.882,7860.303,
Contact STARLINK-11232 [DTC] - MoonIOAGSO,19178.486,28221.297,9042.810,
Contact STARLINK-11232 [DTC] - MoonIOAGSO,30208.054,39264.545,9056.491,
Contact STARLINK-11232 [DTC] - MoonIOAGSO,41255.346,50319.450,9064.105,
Contact STARLINK-11232 [DTC] - MoonIOAGSO,52409.578,55859.372,3449.794,
Contact STARLINK-11232 [DTC] - MoonIOAGSO,57862.756,66903.952,9041.196,
Contact STARLINK-11232 [DTC] - MoonIOAGSO,68891.926,77942.438,9050.512,
Contact STARLINK-11232 [DTC] - MoonIOAGSO,79932.752,86400.000,6467.248,
Contact STARLINK-11232 [DTC] - MoonIOAGSO 0001,0.000,6119.108,6119.108,
Contact STARLINK-11232 [DTC] - MoonIOAGSO 0001,8113.178,17163.152,9049.973,
Contact STARLINK-11232 [DTC] - MoonIOAGSO 0001,19158.717,28219.792,9061.075,
Contact STARLINK-11232 [DTC] - MoonIOAGSO 0001,30908.427,39284.055,8375.628,
Contact STARLINK-11232 [DTC] - MoonIOAGSO 0001,41275.508,50323.150,9047.642,
Contact STARLINK-11232 [DTC] - MoonIOAGSO 0001,52307.580,55843.391,3535.811,
Contact STARLINK-11232 [DTC] - MoonIOAGSO 0001,57829.490,66888.423,9058.933,
Contact STARLINK-11232 [DTC] - MoonIOAGSO 0001,68888.620,77956.773,9068.154,
Contact STARLINK-11232 [DTC] - MoonIOAGSO 0001,79964.599,86400.000,6435.401,
Contact STARLINK-11232 [DTC] - MoonLRO,2615.565,4143.545,1527.980,
Contact STARLINK-11232 [DTC] - MoonLRO,8141.836,17179.639,9037.804,
Contact STARLINK-11232 [DTC] - MoonLRO,20717.465,22703.766,1986.301,
Contact STARLINK-11232 [DTC] - MoonLRO,35759.227,38290.588,2531.360,
Contact STARLINK-11232 [DTC] - MoonLRO,41284.601,44804.883,3520.282,
Contact STARLINK-11232 [DTC] - MoonLRO,63382.805,65607.430,2224.625,
Contact STARLINK-11232 [DTC] - MoonLRO,68908.999,77951.030,9042.031,
Contact STARLINK-11232 [DTC] - MoonLRO,82181.320,83472.391,1291.071,
Contact STARLINK-11232 [DTC] - MarsSat1,0.000,2709.905,2709.905,
Contact STARLINK-11232 [DTC] - MarsSat1,4772.344,13718.952,8946.608,
Contact STARLINK-11232 [DTC] - MarsSat1,15777.249,24728.090,8950.841,
Contact STARLINK-11232 [DTC] - MarsSat1,26782.141,35737.351,8955.210,
Contact STARLINK-11232 [DTC] - MarsSat1,37787.042,41242.039,3454.997,
Contact STARLINK-11232 [DTC] - MarsSat1,48791.974,52251.539,3459.565,
Contact STARLINK-11232 [DTC] - MarsSat1,54294.456,63261.205,8966.749,
Contact STARLINK-11232 [DTC] - MarsSat1,65299.450,74271.016,8971.565,
Contact STARLINK-11232 [DTC] - MarsSat1,76304.474,85280.944,8976.470,
Contact STARLINK-11232 [DTC] - MarsSat2,0.000,2709.854,2709.854,
Contact STARLINK-11232 [DTC] - MarsSat2,4772.265,13718.967,8946.701,
Contact STARLINK-11232 [DTC] - MarsSat2,15777.217,24728.192,8950.975,
Contact STARLINK-11232 [DTC] - MarsSat2,26782.177,35737.532,8955.355,
Contact STARLINK-11232 [DTC] - MarsSat2,37787.145,41242.246,3455.100,
Contact STARLINK-11232 [DTC] - MarsSat2,48792.122,52251.762,3459.640,
Contact STARLINK-11232 [DTC] - MarsSat2,54294.614,63261.401,8966.787,
Contact STARLINK-11232 [DTC] - MarsSat2,65299.605,74271.163,8971.559,
Contact STARLINK-11232 [DTC] - MarsSat2,76304.605,85281.053,8976.448,
Contact STARLINK-11232 [DTC] - MarsSat3,0.000,2709.845,2709.845,
Contact STARLINK-11232 [DTC] - MarsSat3,4772.275,13718.968,8946.693,
Contact STARLINK-11232 [DTC] - MarsSat3,15777.242,24728.188,8950.946,
Contact STARLINK-11232 [DTC] - MarsSat3,26782.210,35737.503,8955.293,
Contact STARLINK-11232 [DTC] - MarsSat3,37787.168,41242.194,3455.027,
Contact STARLINK-11232 [DTC] - MarsSat3,48792.105,52251.645,3459.540,
Contact STARLINK-11232 [DTC] - MarsSat3,54294.563,63261.199,8966.636,
Contact STARLINK-11232 [DTC] - MarsSat3,65299.461,74270.922,8971.461,
Contact STARLINK-11232 [DTC] - MarsSat3,76304.394,85280.854,8976.460,
Contact STARLINK-11232 [DTC] - MarsSat4,0.000,2709.885,2709.885,
Contact STARLINK-11232 [DTC] - MarsSat4,4772.337,13718.925,8946.589,
Contact STARLINK-11232 [DTC] - MarsSat4,15777.227,24728.089,8950.862,
Contact STARLINK-11232 [DTC] - MarsSat4,26782.130,35737.456,8955.326,
Contact STARLINK-11232 [DTC] - MarsSat4,37787.122,41242.148,3455.026,
Contact STARLINK-11232 [DTC] - MarsSat4,48792.036,52251.575,3459.539,
Contact STARLINK-11232 [DTC] - MarsSat4,54294.478,63261.261,8966.783,
Contact STARLINK-11232 [DTC] - MarsSat4,65299.503,74271.020,8971.518,
Contact STARLINK-11232 [DTC] - MarsSat4,76304.499,85280.846,8976.347,
Contact STARLINK-11096 [DTC] - STARLINK-31013,68223.021,68787.654,564.633,
Contact STARLINK-11096 [DTC] - STARLINK-31013,76306.674,83226.147,6919.473,
Contact STARLINK-11096 [DTC] - STARLINK-4139,0.000,3929.293,3929.293,
Contact STARLINK-11096 [DTC] - STARLINK-6178,24361.440,53671.693,29310.253,
Contact STARLINK-11096 [DTC] - STARLINK-1655,46282.001,47528.237,1246.235,
Contact STARLINK-11096 [DTC] - STARLINK-1655,54595.394,61548.654,6953.260,
Contact STARLINK-11096 [DTC] - STARLINK-1655,71826.447,72364.888,538.441,
Contact STARLINK-11096 [DTC] - STARLINK-30809,0.000,15033.602,15033.602,
Contact STARLINK-11096 [DTC] - STARLINK-2358,64667.152,64955.891,288.739,
Contact STARLINK-11096 [DTC] - STARLINK-1661,24306.417,25551.007,1244.590,
Contact STARLINK-11096 [DTC] - STARLINK-1661,35307.642,42445.397,7137.755,
Contact STARLINK-11096 [DTC] - STARLINK-1661,43819.349,50563.653,6744.305,
Contact STARLINK-11096 [DTC] - STARLINK-2006,0.000,3713.347,3713.347,
Contact STARLINK-11096 [DTC] - STARLINK-3251,49882.679,50731.249,848.571,
Contact STARLINK-11096 [DTC] - STARLINK-3251,60811.190,67806.692,6995.502,
Contact STARLINK-11096 [DTC] - STARLINK-3251,74948.197,76052.637,1104.441,
Contact STARLINK-11096 [DTC] - STARLINK-3045,0.000,7136.114,7136.114,
Contact STARLINK-11096 [DTC] - STARLINK-30329,79053.560,85820.490,6766.930,
Contact STARLINK-11096 [DTC] - STARLINK-2018,2065.052,34636.381,32571.328,
Contact STARLINK-11096 [DTC] - STARLINK-3550,50283.245,50455.242,171.997,
Contact STARLINK-11096 [DTC] - STARLINK-3550,61127.283,64860.654,3733.371,
Contact STARLINK-11096 [DTC] - STARLINK-3550,75076.328,76095.426,1019.098,
Contact STARLINK-11096 [DTC] - STARLINK-30345,57260.578,57940.467,679.890,
Contact STARLINK-11096 [DTC] - STARLINK-30345,65270.818,75230.348,9959.529,
Contact STARLINK-11096 [DTC] - STARLINK-30345,82219.180,83428.270,1209.090,
Contact STARLINK-11096 [DTC] - STARLINK-31116,10574.881,11383.459,808.577,
Contact STARLINK-11096 [DTC] - STARLINK-31116,18812.842,25457.106,6644.264,
Contact STARLINK-11096 [DTC] - STARLINK-31116,35462.825,36596.553,1133.728,
Contact STARLINK-11096 [DTC] - STARLINK-31116,46698.304,47628.842,930.538,
Contact STARLINK-11096 [DTC] - STARLINK-31971,7059.582,7627.006,567.424,
Contact STARLINK-11096 [DTC] - STARLINK-31971,20853.371,21627.340,773.969,
Contact STARLINK-11096 [DTC] - STARLINK-31971,31937.465,32777.736,840.271,
Contact STARLINK-11096 [DTC] - STARLINK-31971,43058.742,43890.785,832.043,
Contact STARLINK-11096 [DTC] - STARLINK-31971,57014.708,57727.852,713.144,
Contact STARLINK-11096 [DTC] - STARLINK-31971,68234.830,68743.114,508.284,
Contact STARLINK-11096 [DTC] - STARLINK-31430,0.000,234.173,234.173,
Contact STARLINK-11096 [DTC] - STARLINK-5969,21109.385,21844.043,734.658,
Contact STARLINK-11096 [DTC] - STARLINK-5969,32219.971,33188.835,968.864,
Contact STARLINK-11096 [DTC] - STARLINK-5969,46353.949,47122.366,768.417,
Contact STARLINK-11096 [DTC] - STARLINK-31085,0.000,14728.856,14728.856,
Contact STARLINK-11096 [DTC] - STARLINK-2635,0.000,3771.410,3771.410,
Contact STARLINK-11096 [DTC] - STARLINK-5155,10683.221,11339.522,656.302,
Contact STARLINK-11096 [DTC] - STARLINK-5155,18803.378,25695.934,6892.556,
Contact STARLINK-11096 [DTC] - STARLINK-5155,35602.612,36803.557,1200.946,
Contact STARLINK-11096 [DTC] - STARLINK-3050,71180.264,75402.593,4222.329,
Contact STARLINK-11096 [DTC] - STARLINK-3050,76193.770,86400.000,10206.230,
Contact STARLINK-11096 [DTC] - STARLINK-31138,5770.513,46501.585,40731.072,
Contact STARLINK-11096 [DTC] - STARLINK-30255,57076.104,57642.684,566.580,
Contact STARLINK-11096 [DTC] - STARLINK-30255,68051.487,69133.947,1082.461,
Contact STARLINK-11096 [DTC] - STARLINK-30255,82160.653,83100.009,939.356,
Contact STARLINK-11096 [DTC] - STARLINK-2736,24391.091,56954.233,32563.142,
Contact STARLINK-11096 [DTC] - STARLINK-5960,10214.151,11081.994,867.843,
Contact STARLINK-11096 [DTC] - STARLINK-5960,21359.892,22385.591,1025.699,
Contact STARLINK-11096 [DTC] - STARLINK-5960,35579.842,36229.459,649.617,
Contact STARLINK-11096 [DTC] - STARLINK-4170,39072.225,39621.681,549.456,
Contact STARLINK-11096 [DTC] - STARLINK-4170,49996.555,51111.592,1115.037,
Contact STARLINK-11096 [DTC] - STARLINK-4170,58371.933,65091.344,6719.411,
Contact STARLINK-11096 [DTC] - STARLINK-4170,75581.936,75949.526,367.590,
Contact STARLINK-11096 [DTC] - STARLINK-31673,6771.576,7602.499,830.923,
Contact STARLINK-11096 [DTC] - STARLINK-31673,17958.271,18754.118,795.847,
Contact STARLINK-11096 [DTC] - STARLINK-31673,32038.876,32598.223,559.347,
Contact STARLINK-11096 [DTC] - STARLINK-5061,46161.851,46955.711,793.860,
Contact STARLINK-11096 [DTC] - STARLINK-5061,57105.170,64046.380,6941.210,
Contact STARLINK-11096 [DTC] - STARLINK-5061,71295.530,72290.351,994.821,
Contact STARLINK-11096 [DTC] - STARLINK-2127,10537.993,31804.308,21266.314,
Contact STARLINK-11096 [DTC] - STARLINK-2127,32755.654,37021.544,4265.890,
Contact STARLINK-11096 [DTC] - STARLINK-30756,21430.951,28456.671,7025.720,
Contact STARLINK-11096 [DTC] - STARLINK-30756,29403.822,42441.846,13038.025,
Contact STARLINK-11096 [DTC] - STARLINK-30756,43567.455,47745.257,4177.801,
Contact STARLINK-11096 [DTC] - STARLINK-1580,0.000,21290.911,21290.911,
Contact STARLINK-11096 [DTC] - STARLINK-31812,22443.410,32013.113,9569.702,
Contact STARLINK-11096 [DTC] - STARLINK-31812,33253.035,46101.560,12848.525,
Contact STARLINK-11096 [DTC] - STARLINK-31812,46959.370,57174.040,10214.670,
Contact STARLINK-11096 [DTC] - STARLINK-31812,58104.395,68091.107,9986.711,
Contact STARLINK-11096 [DTC] - STARLINK-31812,75123.742,76178.485,1054.743,
Contact STARLINK-11096 [DTC] - STARLINK-2658,85934.828,86400.000,465.172,
Contact STARLINK-11096 [DTC] - STARLINK-5952,56943.656,57820.608,876.953,
Contact STARLINK-11096 [DTC] - STARLINK-5952,68099.949,69116.594,1016.645,
Contact STARLINK-11096 [DTC] - STARLINK-5952,82331.780,82953.688,621.908,
Contact STARLINK-11096 [DTC] - STARLINK-1323,18825.914,51835.190,33009.276,
Contact STARLINK-11096 [DTC] - STARLINK-3969,21979.873,46045.469,24065.596,
Contact STARLINK-11096 [DTC] - STARLINK-3969,50129.062,51155.489,1026.427,
Contact STARLINK-11096 [DTC] - STARLINK-4201,18844.409,31678.015,12833.606,
Contact STARLINK-11096 [DTC] - STARLINK-4201,32404.841,42578.734,10173.893,
Contact STARLINK-11096 [DTC] - STARLINK-31060,10218.940,10889.082,670.142,
Contact STARLINK-11096 [DTC] - STARLINK-31060,21223.986,21916.235,692.248,
Contact STARLINK-11096 [DTC] - STARLINK-31060,32230.324,32941.934,711.610,
Contact STARLINK-11096 [DTC] - STARLINK-31060,57001.983,57741.705,739.722,
Contact STARLINK-11096 [DTC] - STARLINK-31060,68012.079,68763.126,751.047,
Contact STARLINK-11096 [DTC] - STARLINK-31060,79023.247,79783.314,760.068,
Contact STARLINK-11096 [DTC] - STARLINK-5972,36767.522,60448.982,23681.461,
Contact STARLINK-11096 [DTC] - STARLINK-2047,57269.908,64292.538,7022.630,
Contact STARLINK-11096 [DTC] - STARLINK-2047,65510.712,72674.116,7163.404,
Contact STARLINK-11096 [DTC] - STARLINK-30145,53691.110,54096.325,405.215,
Contact STARLINK-11096 [DTC] - STARLINK-30145,64714.074,65516.634,802.560,
Contact STARLINK-11096 [DTC] - STARLINK-30145,78703.962,79575.794,871.832,
Contact STARLINK-11096 [DTC] - STARLINK-32210,10625.128,11277.838,652.710,
Contact STARLINK-11096 [DTC] - STARLINK-32210,18810.197,25470.976,6660.778,
Contact STARLINK-11096 [DTC] - STARLINK-32210,35458.256,36641.133,1182.877,
Contact STARLINK-11096 [DTC] - STARLINK-32210,46751.360,47658.204,906.844,
Contact STARLINK-11096 [DTC] - STARLINK-1463,28313.583,28895.099,581.516,
Contact STARLINK-11096 [DTC] - STARLINK-1463,39396.216,40327.526,931.310,
Contact STARLINK-11096 [DTC] - STARLINK-1463,53533.182,54331.269,798.086,
Contact STARLINK-11096 [DTC] - STARLINK-30486,56963.540,57910.075,946.536,
Contact STARLINK-11096 [DTC] - STARLINK-30486,68166.716,69156.981,990.266,
Contact STARLINK-11096 [DTC] - STARLINK-30486,82485.231,82907.870,422.640,
Contact STARLINK-11096 [DTC] - STARLINK-5565,62746.925,86400.000,23653.075,
Contact STARLINK-11096 [DTC] - STARLINK-1227,82022.579,83144.203,1121.624,
Contact STARLINK-11096 [DTC] - STARLINK-5093,36811.507,60486.299,23674.792,
Contact STARLINK-11096 [DTC] - STARLINK-2556,65511.419,86400.000,20888.581,
Contact STARLINK-11096 [DTC] - STARLINK-5591,19567.403,46126.971,26559.568,
Contact STARLINK-11096 [DTC] - STARLINK-5829,17707.426,18459.992,752.566,
Contact STARLINK-11096 [DTC] - STARLINK-5829,25581.807,35958.791,10376.984,
Contact STARLINK-11096 [DTC] - STARLINK-5829,42731.615,43955.407,1223.792,
Contact STARLINK-11096 [DTC] - STARLINK-3325,14351.210,14976.778,625.568,
Contact STARLINK-11096 [DTC] - STARLINK-3325,28107.139,29235.336,1128.197,
Contact STARLINK-11096 [DTC] - STARLINK-3325,39367.382,40381.871,1014.489,
Contact STARLINK-11096 [DTC] - STARLINK-5850,21340.148,28279.938,6939.790,
Contact STARLINK-11096 [DTC] - STARLINK-5850,35353.233,36613.923,1260.690,
Contact STARLINK-11096 [DTC] - STARLINK-2424,28746.090,29361.359,615.269,
Contact STARLINK-11096 [DTC] - STARLINK-2424,42652.627,43463.991,811.364,
Contact STARLINK-11096 [DTC] - STARLINK-2424,53865.655,54656.903,791.248,
Contact STARLINK-11096 [DTC] - STARLINK-2424,68001.505,68529.923,528.418,
Contact STARLINK-11096 [DTC] - STARLINK-30754,57062.255,64314.922,7252.667,
Contact STARLINK-11096 [DTC] - STARLINK-30754,65090.209,75441.273,10351.064,
Contact STARLINK-11096 [DTC] - STARLINK-30754,82516.200,83349.553,833.353,
Contact STARLINK-11096 [DTC] - STARLINK-3832,75598.553,76091.672,493.120,
Contact STARLINK-11096 [DTC] - STARLINK-5453,32515.391,61896.072,29380.681,
Contact STARLINK-11096 [DTC] - STARLINK-31082,26327.215,53634.824,27307.608,
Contact STARLINK-11096 [DTC] - STARLINK-4569,10567.722,10979.434,411.712,
Contact STARLINK-11096 [DTC] - STARLINK-4569,35705.301,36446.259,740.957,
Contact STARLINK-11096 [DTC] - STARLINK-4569,49773.387,50490.935,717.548,
Contact STARLINK-11096 [DTC] - STARLINK-4569,61094.013,61660.989,566.976,
Contact STARLINK-11096 [DTC] - STARLINK-1776,75489.517,75899.465,409.948,
Contact STARLINK-11096 [DTC] - STARLINK-4328,21320.989,21926.007,605.018,
Contact STARLINK-11096 [DTC] - STARLINK-4328,46680.604,47172.778,492.173,
Contact STARLINK-11096 [DTC] - STARLINK-4328,60740.615,61227.747,487.132,
Contact STARLINK-11096 [DTC] - STARLINK-4328,71976.094,72484.177,508.083,
Contact STARLINK-11096 [DTC] - STARLINK-4328,86011.183,86400.000,388.817,
Contact STARLINK-11096 [DTC] - STARLINK-2214,0.342,10097.223,10096.881,
Contact STARLINK-11096 [DTC] - STARLINK-5737,53641.418,54487.922,846.504,
Contact STARLINK-11096 [DTC] - STARLINK-5737,67674.451,68521.341,846.890,
Contact STARLINK-11096 [DTC] - STARLINK-5737,79068.001,79584.568,516.567,
Contact STARLINK-11096 [DTC] - STARLINK-31325,0.000,12191.755,12191.755,
Contact STARLINK-11096 [DTC] - STARLINK-5231,46226.180,47206.678,980.498,
Contact STARLINK-11096 [DTC] - STARLINK-5231,57421.079,61205.014,3783.935,
Contact STARLINK-11096 [DTC] - STARLINK-5231,71683.720,72176.528,492.808,
Contact STARLINK-11096 [DTC] - STARLINK-11092 [DTC],0.000,86400.000,86400.000,
Contact STARLINK-11096 [DTC] - STARLINK-11072 [DTC],49963.411,50521.213,557.802,
Contact STARLINK-11096 [DTC] - STARLINK-11072 [DTC],60897.653,61558.899,661.245,
Contact STARLINK-11096 [DTC] - STARLINK-11072 [DTC],71838.657,72589.814,751.158,
Contact STARLINK-11096 [DTC] - STARLINK-11072 [DTC],82784.226,83616.153,831.926,
Contact STARLINK-11096 [DTC] - STARLINK-2042,0.000,13526.739,13526.739,
Contact STARLINK-11096 [DTC] - STARLINK-5503,31813.684,32651.976,838.291,
Contact STARLINK-11096 [DTC] - STARLINK-5503,43027.867,43915.770,887.903,
Contact STARLINK-11096 [DTC] - STARLINK-5503,57270.555,57773.698,503.143,
Contact STARLINK-11096 [DTC] - STARLINK-6319,0.000,20844.617,20844.617,
Contact STARLINK-11096 [DTC] - STARLINK-4522,71199.726,86400.000,15200.274,
Contact STARLINK-11096 [DTC] - MoonARTEMIS1,3161.029,6467.144,3306.114,
Contact STARLINK-11096 [DTC] - MoonARTEMIS1,8666.667,17480.866,8814.199,
Contact STARLINK-11096 [DTC] - MoonARTEMIS1,19674.608,28489.827,8815.219,
Contact STARLINK-11096 [DTC] - MoonARTEMIS1,30678.204,33993.504,3315.299,
Contact STARLINK-11096 [DTC] - MoonARTEMIS1,41679.617,44999.784,3320.167,
Contact STARLINK-11096 [DTC] - MoonARTEMIS1,47179.727,56004.923,8825.197,
Contact STARLINK-11096 [DTC] - MoonARTEMIS1,58178.955,67009.050,8830.095,
Contact STARLINK-11096 [DTC] - MoonARTEMIS1,69176.980,78012.120,8835.140,
Contact STARLINK-11096 [DTC] - MoonARTEMIS1,80173.796,86400.000,6226.204,
Contact STARLINK-11096 [DTC] - MoonARTEMIS2,0.000,6449.048,6449.048,
Contact STARLINK-11096 [DTC] - MoonARTEMIS2,8648.312,17455.671,8807.359,
Contact STARLINK-11096 [DTC] - MoonARTEMIS2,19653.529,28467.236,8813.707,
Contact STARLINK-11096 [DTC] - MoonARTEMIS2,30662.918,33010.687,2347.770,
Contact STARLINK-11096 [DTC] - MoonARTEMIS2,41668.981,44982.757,3313.777,
Contact STARLINK-11096 [DTC] - MoonARTEMIS2,47166.674,55982.760,8816.086,
Contact STARLINK-11096 [DTC] - MoonARTEMIS2,58162.177,66984.163,8821.986,
Contact STARLINK-11096 [DTC] - MoonARTEMIS2,69158.208,77987.167,8828.958,
Contact STARLINK-11096 [DTC] - MoonARTEMIS2,80154.824,86400.000,6245.176,
Contact STARLINK-11096 [DTC] - MoonIOAGEO,0.000,3800.628,3800.628,
Contact STARLINK-11096 [DTC] - MoonIOAGEO,8665.266,17474.813,8809.547,
Contact STARLINK-11096 [DTC] - MoonIOAGEO,19668.435,28473.827,8805.392,
Contact STARLINK-11096 [DTC] - MoonIOAGEO,30665.526,33973.375,3307.848,
Contact STARLINK-11096 [DTC] - MoonIOAGEO,41665.384,44980.112,3314.728,
Contact STARLINK-11096 [DTC] - MoonIOAGEO,52669.721,55992.616,3322.896,
Contact STARLINK-11096 [DTC] - MoonIOAGEO,58170.969,66997.409,8826.441,
Contact STARLINK-11096 [DTC] - MoonIOAGEO,69168.875,77996.915,8828.040,
Contact STARLINK-11096 [DTC] - MoonIOAGEO,80165.544,86400.000,6234.456,
Contact STARLINK-11096 [DTC] - MoonIOAGNO,0.000,6468.658,6468.658,
Contact STARLINK-11096 [DTC] - MoonIOAGNO,8668.545,17458.648,8790.103,
Contact STARLINK-11096 [DTC] - MoonIOAGNO,19650.909,28455.060,8804.151,
Contact STARLINK-11096 [DTC] - MoonIOAGNO,30647.057,33959.236,3312.180,
Contact STARLINK-11096 [DTC] - MoonIOAGNO,41655.699,44976.574,3320.875,
Contact STARLINK-11096 [DTC] - MoonIOAGNO,47164.242,55987.433,8823.191,
Contact STARLINK-11096 [DTC] - MoonIOAGNO,58162.609,66974.622,8812.013,
Contact STARLINK-11096 [DTC] - MoonIOAGNO,69148.190,77983.161,8834.971,
Contact STARLINK-11096 [DTC] - MoonIOAGNO,80149.849,86400.000,6250.151,
Contact STARLINK-11096 [DTC] - MoonIOAGNO 0001,0.000,6447.290,6447.290,
Contact STARLINK-11096 [DTC] - MoonIOAGNO 0001,8644.174,17457.016,8812.843,
Contact STARLINK-11096 [DTC] - MoonIOAGNO 0001,19653.400,28477.674,8824.274,
Contact STARLINK-11096 [DTC] - MoonIOAGNO 0001,30672.027,33977.941,3305.914,
Contact STARLINK-11096 [DTC] - MoonIOAGNO 0001,41652.647,44963.380,3310.733,
Contact STARLINK-11096 [DTC] - MoonIOAGNO 0001,47148.530,55969.946,8821.417,
Contact STARLINK-11096 [DTC] - MoonIOAGNO 0001,58150.806,66989.373,8838.567,
Contact STARLINK-11096 [DTC] - MoonIOAGNO 0001,69164.794,77999.476,8834.683,
Contact STARLINK-11096 [DTC] - MoonIOAGNO 0001,80161.003,86400.000,6238.997,
Contact STARLINK-11096 [DTC] - MoonIOAGSO,0.000,6466.308,6466.308,
Contact STARLINK-11096 [DTC] - MoonIOAGSO,9280.689,17479.288,8198.599,
Contact STARLINK-11096 [DTC] - MoonIOAGSO,19677.583,28490.278,8812.695,
Contact STARLINK-11096 [DTC] - MoonIOAGSO,30683.788,33991.417,3307.629,
Contact STARLINK-11096 [DTC] - MoonIOAGSO,41678.443,44987.425,3308.982,
Contact STARLINK-11096 [DTC] - MoonIOAGSO,47171.823,55988.643,8816.820,
Contact STARLINK-11096 [DTC] - MoonIOAGSO,58173.302,67009.149,8835.847,
Contact STARLINK-11096 [DTC] - MoonIOAGSO,69186.104,78015.010,8828.906,
Contact STARLINK-11096 [DTC] - MoonIOAGSO,80183.939,86400.000,6216.061,
Contact STARLINK-11096 [DTC] - MoonIOAGSO 0001,0.000,6482.290,6482.290,
Contact STARLINK-11096 [DTC] - MoonIOAGSO 0001,8680.075,17481.944,8801.869,
Contact STARLINK-11096 [DTC] - MoonIOAGSO 0001,19676.006,28473.592,8797.586,
Contact STARLINK-11096 [DTC] - MoonIOAGSO 0001,30809.402,33976.539,3167.137,
Contact STARLINK-11096 [DTC] - MoonIOAGSO 0001,41680.674,44996.597,3315.923,
Contact STARLINK-11096 [DTC] - MoonIOAGSO 0001,47185.026,56001.887,8816.860,
Contact STARLINK-11096 [DTC] - MoonIOAGSO 0001,58183.957,66998.629,8814.672,
Contact STARLINK-11096 [DTC] - MoonIOAGSO 0001,69171.754,78003.505,8831.751,
Contact STARLINK-11096 [DTC] - MoonIOAGSO 0001,80173.592,86400.000,6226.408,
Contact STARLINK-11096 [DTC] - MoonLRO,3165.995,4142.007,976.012,
Contact STARLINK-11096 [DTC] - MoonLRO,8662.523,17474.646,8812.123,
Contact STARLINK-11096 [DTC] - MoonLRO,20718.070,22973.766,2255.696,
Contact STARLINK-11096 [DTC] - MoonLRO,41663.782,44986.486,3322.704,
Contact STARLINK-11096 [DTC] - MoonLRO,48032.919,50487.131,2454.212,
Contact STARLINK-11096 [DTC] - MoonLRO,63668.763,65629.454,1960.691,
Contact STARLINK-11096 [DTC] - MoonLRO,69164.341,78004.451,8840.110,
Contact STARLINK-11096 [DTC] - MoonLRO,82203.862,83503.551,1299.689,
Contact STARLINK-11096 [DTC] - MarsSat1,247.626,9179.113,8931.487,
Contact STARLINK-11096 [DTC] - MarsSat1,11249.463,20176.773,8927.310,
Contact STARLINK-11096 [DTC] - MarsSat1,22251.184,31174.454,8923.270,
Contact STARLINK-11096 [DTC] - MarsSat1,33252.815,42172.159,8919.344,
Contact STARLINK-11096 [DTC] - MarsSat1,44254.369,53169.880,8915.511,
Contact STARLINK-11096 [DTC] - MarsSat1,55255.842,64167.602,8911.760,
Contact STARLINK-11096 [DTC] - MarsSat1,66257.218,75165.315,8908.098,
Contact STARLINK-11096 [DTC] - MarsSat1,77258.478,86163.017,8904.539,
Contact STARLINK-11096 [DTC] - MarsSat2,247.697,9179.227,8931.530,
Contact STARLINK-11096 [DTC] - MarsSat2,11249.583,20176.897,8927.314,
Contact STARLINK-11096 [DTC] - MarsSat2,22251.345,31174.566,8923.221,
Contact STARLINK-11096 [DTC] - MarsSat2,33252.988,42172.236,8919.248,
Contact STARLINK-11096 [DTC] - MarsSat2,44254.518,53169.909,8915.391,
Contact STARLINK-11096 [DTC] - MarsSat2,55255.940,64167.587,8911.647,
Contact STARLINK-11096 [DTC] - MarsSat2,66257.257,75165.272,8908.015,
Contact STARLINK-11096 [DTC] - MarsSat2,77258.474,86162.965,8904.491,
Contact STARLINK-11096 [DTC] - MarsSat3,247.662,9179.187,8931.525,
Contact STARLINK-11096 [DTC] - MarsSat3,11249.537,20176.832,8927.295,
Contact STARLINK-11096 [DTC] - MarsSat3,22251.271,31174.474,8923.202,
Contact STARLINK-11096 [DTC] - MarsSat3,33252.880,42172.125,8919.246,
Contact STARLINK-11096 [DTC] - MarsSat3,44254.378,53169.804,8915.426,
Contact STARLINK-11096 [DTC] - MarsSat3,55255.789,64167.536,8911.748,
Contact STARLINK-11096 [DTC] - MarsSat3,66257.148,75165.316,8908.168,
Contact STARLINK-11096 [DTC] - MarsSat3,77258.458,86163.069,8904.611,
Contact STARLINK-11096 [DTC] - MarsSat4,247.614,9179.091,8931.477,
Contact STARLINK-11096 [DTC] - MarsSat4,11249.431,20176.801,8927.370,
Contact STARLINK-11096 [DTC] - MarsSat4,22251.223,31174.506,8923.283,
Contact STARLINK-11096 [DTC] - MarsSat4,33252.891,42172.145,8919.254,
Contact STARLINK-11096 [DTC] - MarsSat4,44254.380,53169.876,8915.495,
Contact STARLINK-11096 [DTC] - MarsSat4,55255.862,64167.589,8911.727,
Contact STARLINK-11096 [DTC] - MarsSat4,66257.209,75165.249,8908.040,
Contact STARLINK-11096 [DTC] - MarsSat4,77258.400,86163.007,8904.607,
Contact STARLINK-31013 - STARLINK-2358,3260.923,10317.065,7056.143,
Contact STARLINK-31013 - STARLINK-2358,17603.822,24541.716,6937.894,
Contact STARLINK-31013 - STARLINK-2358,31994.537,33047.957,1053.420,
Contact STARLINK-31013 - STARLINK-2358,46407.573,47215.279,807.705,
Contact STARLINK-31013 - STARLINK-2358,60957.334,61246.721,289.387,
Contact STARLINK-31013 - STARLINK-3251,0.000,705.250,705.250,
Contact STARLINK-31013 - STARLINK-3251,14141.142,15056.320,915.178,
Contact STARLINK-31013 - STARLINK-3251,28460.581,29402.978,942.397,
Contact STARLINK-31013 - STARLINK-3251,42781.028,43749.120,968.092,
Contact STARLINK-31013 - STARLINK-3251,57105.337,58090.939,985.602,
Contact STARLINK-31013 - STARLINK-3251,71430.400,72432.399,1001.999,
Contact STARLINK-31013 - STARLINK-3251,85759.431,86400.000,640.569,
Contact STARLINK-31013 - STARLINK-4108,0.000,42713.888,42713.888,
Contact STARLINK-31013 - STARLINK-4108,43214.642,53878.936,10664.293,
Contact STARLINK-31013 - STARLINK-4108,57908.057,65103.086,7195.029,
Contact STARLINK-31013 - STARLINK-4108,75511.471,76289.919,778.448,
Contact STARLINK-31013 - STARLINK-30329,0.000,86400.000,86400.000,
Contact STARLINK-31013 - STARLINK-31498,0.000,41856.655,41856.655,
Contact STARLINK-31013 - STARLINK-3550,0.000,3736.279,3736.279,
Contact STARLINK-31013 - STARLINK-3550,14194.074,18067.898,3873.824,
Contact STARLINK-31013 - STARLINK-3550,28531.759,29530.644,998.885,
Contact STARLINK-31013 - STARLINK-3550,42874.008,43855.935,981.927,
Contact STARLINK-31013 - STARLINK-3550,57216.227,58181.305,965.078,
Contact STARLINK-31013 - STARLINK-3550,71562.911,72502.127,939.216,
Contact STARLINK-31013 - STARLINK-3550,85909.813,86400.000,490.187,
Contact STARLINK-31013 - STARLINK-30345,0.000,86400.000,86400.000,
Contact STARLINK-31013 - STARLINK-1351,295.733,7991.818,7696.085,
Contact STARLINK-31013 - STARLINK-1351,14824.764,22142.143,7317.379,
Contact STARLINK-31013 - STARLINK-1351,29321.090,36360.233,7039.144,
Contact STARLINK-31013 - STARLINK-1351,46746.581,50477.281,3730.700,
Contact STARLINK-31013 - STARLINK-31971,78587.678,79459.977,872.298,
Contact STARLINK-31013 - STARLINK-32134,3951.271,11029.547,7078.277,
Contact STARLINK-31013 - STARLINK-32134,21398.729,22026.329,627.600,
Contact STARLINK-31013 - STARLINK-3050,10171.549,11101.624,930.076,
Contact STARLINK-31013 - STARLINK-3050,24553.061,25511.992,958.931,
Contact STARLINK-31013 - STARLINK-3050,38944.474,39912.848,968.375,
Contact STARLINK-31013 - STARLINK-3050,53329.167,54320.068,990.901,
Contact STARLINK-31013 - STARLINK-3050,67723.181,68718.255,995.074,
Contact STARLINK-31013 - STARLINK-3050,82110.807,83122.579,1011.772,
Contact STARLINK-31013 - STARLINK-30255,0.000,86400.000,86400.000,
Contact STARLINK-31013 - STARLINK-4170,3010.617,3801.392,790.776,
Contact STARLINK-31013 - STARLINK-4170,17324.344,18157.554,833.210,
Contact STARLINK-31013 - STARLINK-4170,28777.752,32510.270,3732.519,
Contact STARLINK-31013 - STARLINK-4170,43097.193,46861.651,3764.458,
Contact STARLINK-31013 - STARLINK-4170,57417.502,61210.066,3792.564,
Contact STARLINK-31013 - STARLINK-4170,71741.068,72687.616,946.548,
Contact STARLINK-31013 - STARLINK-4170,86065.635,86400.000,334.365,
Contact STARLINK-31013 - STARLINK-32223,19098.751,65459.459,46360.709,
Contact STARLINK-31013 - STARLINK-31812,71523.476,72401.398,877.922,
Contact STARLINK-31013 - STARLINK-31812,82781.025,86400.000,3618.975,
Contact STARLINK-31013 - STARLINK-31931,0.000,3851.921,3851.921,
Contact STARLINK-31013 - STARLINK-31931,14324.993,15062.959,737.966,
Contact STARLINK-31013 - STARLINK-2658,0.000,136.138,136.138,
Contact STARLINK-31013 - STARLINK-2658,14090.438,14436.262,345.824,
Contact STARLINK-31013 - STARLINK-5952,0.000,86400.000,86400.000,
Contact STARLINK-31013 - STARLINK-3603,0.000,13978.768,13978.768,
Contact STARLINK-31013 - STARLINK-3603,21125.141,22189.650,1064.509,
Contact STARLINK-31013 - STARLINK-31060,64005.628,71871.247,7865.619,
Contact STARLINK-31013 - STARLINK-31060,72029.785,82716.821,10687.036,
Contact STARLINK-31013 - STARLINK-30145,192.665,10486.597,10293.932,
Contact STARLINK-31013 - STARLINK-30145,14550.253,24837.623,10287.369,
Contact STARLINK-31013 - STARLINK-30145,31774.490,39171.255,7396.766,
Contact STARLINK-31013 - STARLINK-30145,46123.840,53518.512,7394.672,
Contact STARLINK-31013 - STARLINK-30145,60487.703,67848.228,7360.526,
Contact STARLINK-31013 - STARLINK-30145,69096.737,82191.869,13095.132,
Contact STARLINK-31013 - STARLINK-30145,83463.678,86400.000,2936.322,
Contact STARLINK-31013 - STARLINK-30549,0.000,175.271,175.271,
Contact STARLINK-31013 - STARLINK-30549,13731.552,14609.843,878.292,
Contact STARLINK-31013 - STARLINK-30549,25020.050,28919.619,3899.569,
Contact STARLINK-31013 - STARLINK-30549,39199.063,40319.258,1120.195,
Contact STARLINK-31013 - STARLINK-30549,53438.135,54512.001,1073.866,
Contact STARLINK-31013 - STARLINK-30549,67756.840,68625.567,868.727,
Contact STARLINK-31013 - STARLINK-1463,3384.035,4243.529,859.494,
Contact STARLINK-31013 - STARLINK-1463,17805.006,18620.697,815.691,
Contact STARLINK-31013 - STARLINK-1463,32237.323,32986.903,749.580,
Contact STARLINK-31013 - STARLINK-1463,46665.572,47356.900,691.327,
Contact STARLINK-31013 - STARLINK-1463,61108.225,61712.954,604.729,
Contact STARLINK-31013 - STARLINK-1463,75548.038,76071.497,523.459,
Contact STARLINK-31013 - STARLINK-30486,21546.971,25228.162,3681.192,
Contact STARLINK-31013 - STARLINK-30486,35768.007,39606.329,3838.322,
Contact STARLINK-31013 - STARLINK-30486,50103.826,54091.147,3987.321,
Contact STARLINK-31013 - STARLINK-30486,64352.971,71400.622,7047.651,
Contact STARLINK-31013 - STARLINK-30486,78686.837,85780.008,7093.171,
Contact STARLINK-31013 - STARLINK-5565,4285.707,11247.734,6962.027,
Contact STARLINK-31013 - STARLINK-5565,18674.224,25627.997,6953.773,
Contact STARLINK-31013 - STARLINK-5565,33072.687,39994.855,6922.168,
Contact STARLINK-31013 - STARLINK-5565,47462.088,54374.146,6912.058,
Contact STARLINK-31013 - STARLINK-5565,64735.675,68740.019,4004.344,
Contact STARLINK-31013 - STARLINK-5565,79135.690,83118.397,3982.708,
Contact STARLINK-31013 - STARLINK-1227,0.000,86400.000,86400.000,
Contact STARLINK-31013 - STARLINK-2556,0.000,2956.777,2956.777,
Contact STARLINK-31013 - STARLINK-2556,10305.189,17313.674,7008.485,
Contact STARLINK-31013 - STARLINK-2556,24603.372,31680.488,7077.116,
Contact STARLINK-31013 - STARLINK-2556,38919.061,40285.705,1366.643,
Contact STARLINK-31013 - STARLINK-2556,47501.998,54643.122,7141.124,
Contact STARLINK-31013 - STARLINK-2556,61826.327,68980.375,7154.048,
Contact STARLINK-31013 - STARLINK-2556,76145.214,83326.276,7181.062,
Contact STARLINK-31013 - STARLINK-1073,0.000,2804.737,2804.737,
Contact STARLINK-31013 - STARLINK-31979,0.000,129.180,129.180,
Contact STARLINK-31013 - STARLINK-31979,10613.974,14509.016,3895.042,
Contact STARLINK-31013 - STARLINK-31979,24754.758,25946.781,1192.023,
Contact STARLINK-31013 - STARLINK-31979,38976.279,40174.074,1197.795,
Contact STARLINK-31013 - STARLINK-31979,53259.475,54341.858,1082.383,
Contact STARLINK-31013 - STARLINK-31979,64745.177,68420.433,3675.256,
Contact STARLINK-31013 - STARLINK-2424,35748.623,36188.855,440.232,
Contact STARLINK-31013 - STARLINK-2424,49978.748,50606.960,628.212,
Contact STARLINK-31013 - STARLINK-2424,64218.107,65015.378,797.271,
Contact STARLINK-31013 - STARLINK-2424,78488.211,79393.363,905.151,
Contact STARLINK-31013 - STARLINK-30754,53550.898,54258.927,708.029,
Contact STARLINK-31013 - STARLINK-30754,67875.082,68641.319,766.237,
Contact STARLINK-31013 - STARLINK-30754,81979.647,83273.595,1293.948,
Contact STARLINK-31013 - STARLINK-1776,3294.162,3758.273,464.112,
Contact STARLINK-31013 - STARLINK-5737,508.770,7584.023,7075.253,
Contact STARLINK-31013 - STARLINK-5737,17729.369,21942.379,4213.010,
Contact STARLINK-31013 - STARLINK-5737,32086.066,36313.279,4227.213,
Contact STARLINK-31013 - STARLINK-5737,46431.201,53550.328,7119.127,
Contact STARLINK-31013 - STARLINK-5737,60788.326,67907.943,7119.617,
Contact STARLINK-31013 - STARLINK-5737,75134.074,82277.902,7143.828,
Contact STARLINK-31013 - STARLINK-11136 [DTC],0.000,740.339,740.339,
Contact STARLINK-31013 - STARLINK-11092 [DTC],67769.389,68926.469,1157.080,
Contact STARLINK-31013 - STARLINK-11092 [DTC],76080.751,83021.504,6940.753,
Contact STARLINK-31013 - STARLINK-4522,0.000,237.729,237.729,
Contact STARLINK-31013 - STARLINK-4522,10586.686,14576.077,3989.391,
Contact STARLINK-31013 - STARLINK-4522,24900.167,28900.962,4000.794,
Contact STARLINK-31013 - STARLINK-4522,39226.075,46088.815,6862.740,
Contact STARLINK-31013 - STARLINK-4522,53549.928,54683.928,1134.000,
Contact STARLINK-31013 - STARLINK-4522,67886.260,68994.324,1108.064,
Contact STARLINK-31013 - STARLINK-4522,82220.330,83307.571,1087.241,
Contact STARLINK-31013 - MoonARTEMIS1,5390.738,9372.431,3981.693,
Contact STARLINK-31013 - MoonARTEMIS1,11181.507,20960.790,9779.284,
Contact STARLINK-31013 - MoonARTEMIS1,22741.291,38309.802,15568.511,
Contact STARLINK-31013 - MoonARTEMIS1,40063.838,49864.958,9801.120,
Contact STARLINK-31013 - MoonARTEMIS1,51606.664,67186.915,15580.251,
Contact STARLINK-31013 - MoonARTEMIS1,68915.172,78729.296,9814.125,
Contact STARLINK-31013 - MoonARTEMIS1,80450.802,86400.000,5949.198,
Contact STARLINK-31013 - MoonARTEMIS2,0.000,3528.678,3528.678,
Contact STARLINK-31013 - MoonARTEMIS2,5351.680,9307.828,3956.148,
Contact STARLINK-31013 - MoonARTEMIS2,11120.757,20872.506,9751.749,
Contact STARLINK-31013 - MoonARTEMIS2,22666.807,38267.677,15600.870,
Contact STARLINK-31013 - MoonARTEMIS2,40025.843,49827.216,9801.374,
Contact STARLINK-31013 - MoonARTEMIS2,51561.922,67157.287,15595.365,
Contact STARLINK-31013 - MoonARTEMIS2,68867.933,78710.362,9842.429,
Contact STARLINK-31013 - MoonARTEMIS2,80409.855,86400.000,5990.145,
Contact STARLINK-31013 - MoonIOAGEO,0.000,3566.821,3566.821,
Contact STARLINK-31013 - MoonIOAGEO,11172.857,20931.948,9759.091,
Contact STARLINK-31013 - MoonIOAGEO,22711.472,38224.704,15513.231,
Contact STARLINK-31013 - MoonIOAGEO,39993.682,47870.122,7876.440,
Contact STARLINK-31013 - MoonIOAGEO,52019.860,67168.017,15148.157,
Contact STARLINK-31013 - MoonIOAGEO,68888.462,78690.339,9801.877,
Contact STARLINK-31013 - MoonIOAGEO,80410.193,86400.000,5989.807,
Contact STARLINK-31013 - MoonIOAGNO,0.000,3589.569,3589.569,
Contact STARLINK-31013 - MoonIOAGNO,5399.564,9361.386,3961.822,
Contact STARLINK-31013 - MoonIOAGNO,11166.686,20894.073,9727.387,
Contact STARLINK-31013 - MoonIOAGNO,22666.537,38259.023,15592.487,
Contact STARLINK-31013 - MoonIOAGNO,39996.745,49825.581,9828.836,
Contact STARLINK-31013 - MoonIOAGNO,51569.913,67143.729,15573.817,
Contact STARLINK-31013 - MoonIOAGNO,68843.490,78720.531,9877.040,
Contact STARLINK-31013 - MoonIOAGNO,80409.797,86400.000,5990.203,
Contact STARLINK-31013 - MoonIOAGNO 0001,0.000,3560.008,3560.008,
Contact STARLINK-31013 - MoonIOAGNO 0001,5360.850,9347.289,3986.439,
Contact STARLINK-31013 - MoonIOAGNO 0001,11133.520,20923.598,9790.078,
Contact STARLINK-31013 - MoonIOAGNO 0001,22695.210,38233.865,15538.655,
Contact STARLINK-31013 - MoonIOAGNO 0001,39983.729,49806.198,9822.469,
Contact STARLINK-31013 - MoonIOAGNO 0001,51523.906,67167.960,15644.054,
Contact STARLINK-31013 - MoonIOAGNO 0001,68883.988,78700.300,9816.313,
Contact STARLINK-31013 - MoonIOAGNO 0001,80410.361,86400.000,5989.639,
Contact STARLINK-31013 - MoonIOAGSO,0.000,3556.446,3556.446,
Contact STARLINK-31013 - MoonIOAGSO,5387.890,7964.636,2576.746,
Contact STARLINK-31013 - MoonIOAGSO,11159.865,20903.065,9743.199,
Contact STARLINK-31013 - MoonIOAGSO,22713.979,38219.775,15505.796,
Contact STARLINK-31013 - MoonIOAGSO,40011.859,49797.172,9785.313,
Contact STARLINK-31013 - MoonIOAGSO,51548.690,67132.866,15584.176,
Contact STARLINK-31013 - MoonIOAGSO,68890.689,78675.146,9784.457,
Contact STARLINK-31013 - MoonIOAGSO,80428.363,86400.000,5971.637,
Contact STARLINK-31013 - MoonIOAGSO 0001,0.000,3560.537,3560.537,
Contact STARLINK-31013 - MoonIOAGSO 0001,5406.454,9331.267,3924.813,
Contact STARLINK-31013 - MoonIOAGSO 0001,11170.833,20885.235,9714.401,
Contact STARLINK-31013 - MoonIOAGSO 0001,22696.927,38251.964,15555.037,
Contact STARLINK-31013 - MoonIOAGSO 0001,40026.059,49786.037,9759.978,
Contact STARLINK-31013 - MoonIOAGSO 0001,51565.798,67123.620,15557.822,
Contact STARLINK-31013 - MoonIOAGSO 0001,68869.152,78720.772,9851.620,
Contact STARLINK-31013 - MoonIOAGSO 0001,80444.635,86400.000,5955.365,
Contact STARLINK-31013 - MoonLRO,7083.256,9351.650,2268.394,
Contact STARLINK-31013 - MoonLRO,13915.718,15131.806,1216.087,
Contact STARLINK-31013 - MoonLRO,28465.709,31484.401,3018.692,
Contact STARLINK-31013 - MoonLRO,34377.827,38248.376,3870.549,
Contact STARLINK-31013 - MoonLRO,41226.078,44028.885,2802.808,
Contact STARLINK-31013 - MoonLRO,57333.233,58803.410,1470.177,
Contact STARLINK-31013 - MoonLRO,63103.108,65635.966,2532.859,
Contact STARLINK-31013 - MoonLRO,68875.230,78708.147,9832.917,
Contact STARLINK-31013 - MoonLRO,82209.623,84490.608,2280.986,
Contact STARLINK-31013 - MarsSat1,0.000,5801.396,5801.396,
Contact STARLINK-31013 - MarsSat1,7860.383,17306.529,9446.147,
Contact STARLINK-31013 - MarsSat1,19363.289,34564.405,15201.115,
Contact STARLINK-31013 - MarsSat1,36617.839,46069.811,9451.972,
Contact STARLINK-31013 - MarsSat1,48121.024,57575.344,9454.319,
Contact STARLINK-31013 - MarsSat1,59624.323,63328.149,3703.826,
Contact STARLINK-31013 - MarsSat1,65376.007,74833.817,9457.809,
Contact STARLINK-31013 - MarsSat1,76879.428,86339.531,9460.104,
Contact STARLINK-31013 - MarsSat2,0.000,5801.456,5801.456,
Contact STARLINK-31013 - MarsSat2,7860.482,17306.667,9446.186,
Contact STARLINK-31013 - MarsSat2,19363.447,34564.632,15201.185,
Contact STARLINK-31013 - MarsSat2,36618.036,46070.040,9452.004,
Contact STARLINK-31013 - MarsSat2,48121.194,57575.526,9454.332,
Contact STARLINK-31013 - MarsSat2,59624.434,63328.298,3703.865,
Contact STARLINK-31013 - MarsSat2,65376.085,74833.900,9457.815,
Contact STARLINK-31013 - MarsSat2,76879.451,86339.576,9460.126,
Contact STARLINK-31013 - MarsSat3,0.000,5801.423,5801.423,
Contact STARLINK-31013 - MarsSat3,7860.442,17306.620,9446.178,
Contact STARLINK-31013 - MarsSat3,19363.383,34564.529,15201.146,
Contact STARLINK-31013 - MarsSat3,36617.913,46069.885,9451.972,
Contact STARLINK-31013 - MarsSat3,48121.032,57575.324,9454.292,
Contact STARLINK-31013 - MarsSat3,59624.260,63328.088,3703.828,
Contact STARLINK-31013 - MarsSat3,65375.930,74833.738,9457.807,
Contact STARLINK-31013 - MarsSat3,76879.387,86339.503,9460.117,
Contact STARLINK-31013 - MarsSat4,0.000,5801.370,5801.370,
Contact STARLINK-31013 - MarsSat4,7860.354,17306.498,9446.144,
Contact STARLINK-31013 - MarsSat4,19363.287,34564.512,15201.224,
Contact STARLINK-31013 - MarsSat4,36617.915,46069.858,9451.943,
Contact STARLINK-31013 - MarsSat4,48121.031,57575.387,9454.356,
Contact STARLINK-31013 - MarsSat4,59624.358,63328.188,3703.830,
Contact STARLINK-31013 - MarsSat4,65376.014,74833.763,9457.749,
Contact STARLINK-31013 - MarsSat4,76879.346,86339.445,9460.099,
Contact STARLINK-4139 - STARLINK-30809,0.000,86400.000,86400.000,
Contact STARLINK-4139 - STARLINK-2462,6529.406,7492.079,962.673,
Contact STARLINK-4139 - STARLINK-2462,17972.758,21794.483,3821.725,
Contact STARLINK-4139 - STARLINK-2462,32280.017,36101.457,3821.440,
Contact STARLINK-4139 - STARLINK-2462,46582.681,50402.771,3820.090,
Contact STARLINK-4139 - STARLINK-2462,60890.968,61845.444,954.476,
Contact STARLINK-4139 - STARLINK-2462,75194.817,76150.748,955.931,
Contact STARLINK-4139 - STARLINK-2006,0.000,86400.000,86400.000,
Contact STARLINK-4139 - STARLINK-3095,3418.943,7217.485,3798.542,
Contact STARLINK-4139 - STARLINK-3095,17785.632,18684.680,899.048,
Contact STARLINK-4139 - STARLINK-3095,32166.885,33008.850,841.964,
Contact STARLINK-4139 - STARLINK-3095,46546.399,47334.987,788.589,
Contact STARLINK-4139 - STARLINK-3095,60941.318,61645.475,704.157,
Contact STARLINK-4139 - STARLINK-3095,75336.052,75956.562,620.510,
Contact STARLINK-4139 - STARLINK-3045,2934.113,4011.458,1077.346,
Contact STARLINK-4139 - STARLINK-3045,17274.003,18367.900,1093.897,
Contact STARLINK-4139 - STARLINK-3045,28756.149,32705.080,3948.932,
Contact STARLINK-4139 - STARLINK-3045,43121.332,47044.838,3923.506,
Contact STARLINK-4139 - STARLINK-3045,57484.581,61365.444,3880.863,
Contact STARLINK-4139 - STARLINK-3045,71866.363,75688.949,3822.586,
Contact STARLINK-4139 - STARLINK-3045,86246.281,86400.000,153.719,
Contact STARLINK-4139 - STARLINK-31498,62846.442,86400.000,23553.558,
Contact STARLINK-4139 - STARLINK-1107,0.000,387.472,387.472,
Contact STARLINK-4139 - STARLINK-1107,13747.912,14739.064,991.152,
Contact STARLINK-4139 - STARLINK-1107,24951.803,31753.593,6801.790,
Contact STARLINK-4139 - STARLINK-1107,39062.131,40199.926,1137.795,
Contact STARLINK-4139 - STARLINK-1107,53316.176,54155.156,838.980,
Contact STARLINK-4139 - STARLINK-32134,45960.924,47238.385,1277.461,
Contact STARLINK-4139 - STARLINK-32134,54248.392,64548.484,10300.092,
Contact STARLINK-4139 - STARLINK-32134,65378.666,78692.462,13313.796,
Contact STARLINK-4139 - STARLINK-32134,79510.081,86400.000,6889.919,
Contact STARLINK-4139 - STARLINK-31430,0.000,432.497,432.497,
Contact STARLINK-4139 - STARLINK-31430,10483.585,17335.218,6851.632,
Contact STARLINK-4139 - STARLINK-31430,24764.748,25730.000,965.251,
Contact STARLINK-4139 - STARLINK-31430,39170.472,39624.521,454.049,
Contact STARLINK-4139 - STARLINK-31085,0.000,86400.000,86400.000,
Contact STARLINK-4139 - STARLINK-2635,0.000,86400.000,86400.000,
Contact STARLINK-4139 - STARLINK-3295,7094.503,7913.674,819.171,
Contact STARLINK-4139 - STARLINK-3295,21386.893,22201.791,814.898,
Contact STARLINK-4139 - STARLINK-3295,35678.265,36491.245,812.980,
Contact STARLINK-4139 - STARLINK-3295,49970.657,50779.310,808.653,
Contact STARLINK-4139 - STARLINK-3295,64262.082,65068.673,806.592,
Contact STARLINK-4139 - STARLINK-3295,78554.476,79356.686,802.210,
Contact STARLINK-4139 - STARLINK-30610,0.000,35347.823,35347.823,
Contact STARLINK-4139 - STARLINK-30610,36294.168,43755.366,7461.198,
Contact STARLINK-4139 - STARLINK-30610,50870.284,57850.700,6980.416,
Contact STARLINK-4139 - STARLINK-32223,85818.441,86400.000,581.559,
Contact STARLINK-4139 - STARLINK-1580,3082.276,3722.996,640.719,
Contact STARLINK-4139 - STARLINK-1580,17361.552,18013.008,651.456,
Contact STARLINK-4139 - STARLINK-1580,28791.539,29438.548,647.009,
Contact STARLINK-4139 - STARLINK-1580,43087.380,43712.242,624.862,
Contact STARLINK-4139 - STARLINK-1580,57366.566,58002.211,635.645,
Contact STARLINK-4139 - STARLINK-1580,71662.570,72275.657,613.087,
Contact STARLINK-4139 - STARLINK-1580,85941.689,86400.000,458.311,
Contact STARLINK-4139 - STARLINK-31931,25041.103,25533.076,491.973,
Contact STARLINK-4139 - STARLINK-31931,39054.011,39818.129,764.118,
Contact STARLINK-4139 - STARLINK-31931,50311.976,54036.868,3724.892,
Contact STARLINK-4139 - STARLINK-31931,64425.399,65381.979,956.579,
Contact STARLINK-4139 - STARLINK-31931,78575.611,79528.424,952.813,
Contact STARLINK-4139 - STARLINK-2658,10326.088,11012.355,686.267,
Contact STARLINK-4139 - STARLINK-2658,24643.752,25304.209,660.457,
Contact STARLINK-4139 - STARLINK-2658,64733.334,65320.356,587.023,
Contact STARLINK-4139 - STARLINK-2658,79050.731,79611.762,561.030,
Contact STARLINK-4139 - STARLINK-3601,0.000,6827.289,6827.289,
Contact STARLINK-4139 - STARLINK-3601,13968.624,21079.699,7111.075,
Contact STARLINK-4139 - STARLINK-3601,28245.536,35384.680,7139.145,
Contact STARLINK-4139 - STARLINK-3601,42564.252,49636.615,7072.362,
Contact STARLINK-4139 - STARLINK-3601,56840.771,58230.417,1389.646,
Contact STARLINK-4139 - STARLINK-3601,65440.893,72481.931,7041.038,
Contact STARLINK-4139 - STARLINK-3601,79717.085,86400.000,6682.915,
Contact STARLINK-4139 - STARLINK-6241,0.000,10512.026,10512.026,
Contact STARLINK-4139 - STARLINK-6241,17297.444,24742.072,7444.628,
Contact STARLINK-4139 - STARLINK-6241,31747.108,38935.567,7188.459,
Contact STARLINK-4139 - STARLINK-6241,46176.751,47469.006,1292.255,
Contact STARLINK-4139 - STARLINK-6241,60667.498,61625.949,958.451,
Contact STARLINK-4139 - STARLINK-6241,75165.678,75772.402,606.723,
Contact STARLINK-4139 - STARLINK-31530,3465.555,7393.512,3927.957,
Contact STARLINK-4139 - STARLINK-31530,17629.647,18688.824,1059.177,
Contact STARLINK-4139 - STARLINK-31530,31864.806,32748.275,883.469,
Contact STARLINK-4139 - STARLINK-32088,1997.195,65888.606,63891.412,
Contact STARLINK-4139 - STARLINK-31939,3574.803,7256.701,3681.897,
Contact STARLINK-4139 - STARLINK-31939,17558.719,18687.620,1128.900,
Contact STARLINK-4139 - STARLINK-31939,31646.971,32888.515,1241.544,
Contact STARLINK-4139 - STARLINK-31939,42971.770,47020.417,4048.647,
Contact STARLINK-4139 - STARLINK-31939,57196.699,58261.259,1064.560,
Contact STARLINK-4139 - STARLINK-31939,71540.141,72210.796,670.655,
Contact STARLINK-4139 - STARLINK-3832,0.000,354.514,354.514,
Contact STARLINK-4139 - STARLINK-3832,13796.293,14635.127,838.835,
Contact STARLINK-4139 - STARLINK-3832,28095.134,28928.414,833.280,
Contact STARLINK-4139 - STARLINK-3832,39539.724,43208.022,3668.298,
Contact STARLINK-4139 - STARLINK-3832,53852.717,54636.701,783.984,
Contact STARLINK-4139 - STARLINK-3832,68152.361,68929.123,776.762,
Contact STARLINK-4139 - STARLINK-3832,82466.548,83207.084,740.536,
Contact STARLINK-4139 - STARLINK-1776,0.000,258.869,258.869,
Contact STARLINK-4139 - STARLINK-1776,13812.995,14539.233,726.239,
Contact STARLINK-4139 - STARLINK-1776,28059.792,28831.490,771.699,
Contact STARLINK-4139 - STARLINK-1776,39463.419,40259.243,795.824,
Contact STARLINK-4139 - STARLINK-1776,53724.992,54537.018,812.025,
Contact STARLINK-4139 - STARLINK-1776,67975.153,68825.764,850.611,
Contact STARLINK-4139 - STARLINK-1776,82238.175,83101.919,863.744,
Contact STARLINK-4139 - STARLINK-6199,6908.645,7313.908,405.263,
Contact STARLINK-4139 - STARLINK-2214,3248.013,4171.657,923.644,
Contact STARLINK-4139 - STARLINK-2214,17531.117,18467.620,936.502,
Contact STARLINK-4139 - STARLINK-2214,31823.952,32753.958,930.006,
Contact STARLINK-4139 - STARLINK-2214,46107.114,47049.791,942.676,
Contact STARLINK-4139 - STARLINK-2214,57537.520,61336.077,3798.557,
Contact STARLINK-4139 - STARLINK-2214,71830.314,75631.783,3801.469,
Contact STARLINK-4139 - STARLINK-2214,86113.553,86400.000,286.447,
Contact STARLINK-4139 - STARLINK-3506,0.000,6658.704,6658.704,
Contact STARLINK-4139 - STARLINK-3506,13724.333,20932.330,7207.997,
Contact STARLINK-4139 - STARLINK-3506,22285.457,29517.160,7231.703,
Contact STARLINK-4139 - STARLINK-3506,36582.862,43790.782,7207.919,
Contact STARLINK-4139 - STARLINK-3506,50858.629,58090.181,7231.552,
Contact STARLINK-4139 - STARLINK-3506,65155.976,75233.968,10077.992,
Contact STARLINK-4139 - STARLINK-3506,82299.819,86400.000,4100.181,
Contact STARLINK-4139 - STARLINK-11136 [DTC],10606.610,11119.647,513.037,
Contact STARLINK-4139 - STARLINK-11136 [DTC],24486.547,25267.608,781.061,
Contact STARLINK-4139 - STARLINK-11136 [DTC],35678.836,36495.601,816.765,
Contact STARLINK-4139 - STARLINK-11136 [DTC],49773.811,50426.446,652.635,
Contact STARLINK-4139 - STARLINK-11136 [DTC],61188.686,61434.929,246.243,
Contact STARLINK-4139 - STARLINK-31325,0.000,49986.056,49986.056,
Contact STARLINK-4139 - STARLINK-31325,56959.948,58176.600,1216.652,
Contact STARLINK-4139 - STARLINK-5628,7044.129,10885.516,3841.387,
Contact STARLINK-4139 - STARLINK-5628,21361.475,25233.850,3872.375,
Contact STARLINK-4139 - STARLINK-5628,35687.935,36710.078,1022.143,
Contact STARLINK-4139 - STARLINK-5628,50016.318,51052.402,1036.084,
Contact STARLINK-4139 - STARLINK-5628,64353.956,65385.149,1031.193,
Contact STARLINK-4139 - STARLINK-5628,78693.157,79716.543,1023.385,
Contact STARLINK-4139 - STARLINK-11092 [DTC],0.000,630.816,630.816,
Contact STARLINK-4139 - STARLINK-11072 [DTC],0.000,26523.592,26523.592,
Contact STARLINK-4139 - STARLINK-5176,0.000,86400.000,86400.000,
Contact STARLINK-4139 - STARLINK-2042,0.000,86400.000,86400.000,
Contact STARLINK-4139 - STARLINK-6319,0.000,3986.479,3986.479,
Contact STARLINK-4139 - STARLINK-6319,11376.848,18398.806,7021.958,
Contact STARLINK-4139 - STARLINK-6319,25634.116,35667.177,10033.061,
Contact STARLINK-4139 - STARLINK-6319,39878.329,50039.226,10160.898,
Contact STARLINK-4139 - STARLINK-6319,56994.692,64421.704,7427.012,
Contact STARLINK-4139 - STARLINK-6319,71276.833,78777.880,7501.047,
Contact STARLINK-4139 - STARLINK-6319,79834.535,86400.000,6565.465,
Contact STARLINK-4139 - MoonARTEMIS1,3466.558,13327.962,9861.404,
Contact STARLINK-4139 - MoonARTEMIS1,14929.037,24867.384,9938.347,
Contact STARLINK-4139 - MoonARTEMIS1,26385.082,42157.832,15772.750,
Contact STARLINK-4139 - MoonARTEMIS1,43564.079,53679.001,10114.922,
Contact STARLINK-4139 - MoonARTEMIS1,55015.105,70955.118,15940.013,
Contact STARLINK-4139 - MoonARTEMIS1,72189.602,82469.721,10280.119,
Contact STARLINK-4139 - MoonARTEMIS1,83637.186,86400.000,2762.814,
Contact STARLINK-4139 - MoonARTEMIS2,0.000,13229.224,13229.224,
Contact STARLINK-4139 - MoonARTEMIS2,14887.293,24748.211,9860.918,
Contact STARLINK-4139 - MoonARTEMIS2,26342.922,42095.416,15752.494,
Contact STARLINK-4139 - MoonARTEMIS2,43532.595,53614.464,10081.870,
Contact STARLINK-4139 - MoonARTEMIS2,54968.122,70903.287,15935.165,
Contact STARLINK-4139 - MoonARTEMIS2,72126.492,82440.187,10313.695,
Contact STARLINK-4139 - MoonARTEMIS2,83570.701,86400.000,2829.299,
Contact STARLINK-4139 - MoonIOAGEO,0.000,3835.103,3835.103,
Contact STARLINK-4139 - MoonIOAGEO,9195.072,13312.113,4117.042,
Contact STARLINK-4139 - MoonIOAGEO,14920.653,24806.561,9885.908,
Contact STARLINK-4139 - MoonIOAGEO,26361.335,42036.570,15675.235,
Contact STARLINK-4139 - MoonIOAGEO,43526.489,47718.694,4192.205,
Contact STARLINK-4139 - MoonIOAGEO,54987.749,70907.204,15919.455,
Contact STARLINK-4139 - MoonIOAGEO,72159.265,82400.601,10241.336,
Contact STARLINK-4139 - MoonIOAGEO,83607.542,86400.000,2792.458,
Contact STARLINK-4139 - MoonIOAGNO,0.000,13271.659,13271.659,
Contact STARLINK-4139 - MoonIOAGNO,14902.499,24766.666,9864.167,
Contact STARLINK-4139 - MoonIOAGNO,26315.806,42080.979,15765.173,
Contact STARLINK-4139 - MoonIOAGNO,43506.667,53601.073,10094.406,
Contact STARLINK-4139 - MoonIOAGNO,54989.609,70890.337,15900.728,
Contact STARLINK-4139 - MoonIOAGNO,72094.518,82471.884,10377.366,
Contact STARLINK-4139 - MoonIOAGNO,83567.964,86400.000,2832.036,
Contact STARLINK-4139 - MoonIOAGNO 0001,0.000,13275.865,13275.865,
Contact STARLINK-4139 - MoonIOAGNO 0001,14878.033,24810.051,9932.018,
Contact STARLINK-4139 - MoonIOAGNO 0001,26355.099,42039.302,15684.203,
Contact STARLINK-4139 - MoonIOAGNO 0001,43488.238,53587.541,10099.303,
Contact STARLINK-4139 - MoonIOAGNO 0001,54927.077,70926.101,15999.024,
Contact STARLINK-4139 - MoonIOAGNO 0001,72169.292,82424.111,10254.818,
Contact STARLINK-4139 - MoonIOAGNO 0001,83570.002,86400.000,2829.998,
Contact STARLINK-4139 - MoonIOAGSO,0.000,13295.126,13295.126,
Contact STARLINK-4139 - MoonIOAGSO,14924.252,24783.833,9859.581,
Contact STARLINK-4139 - MoonIOAGSO,26396.609,42034.510,15637.901,
Contact STARLINK-4139 - MoonIOAGSO,43551.662,51894.872,8343.210,
Contact STARLINK-4139 - MoonIOAGSO,54974.161,70861.877,15887.715,
Contact STARLINK-4139 - MoonIOAGSO,72211.345,82382.948,10171.603,
Contact STARLINK-4139 - MoonIOAGSO,83654.393,86400.000,2745.607,
Contact STARLINK-4139 - MoonIOAGSO 0001,0.000,13267.347,13267.347,
Contact STARLINK-4139 - MoonIOAGSO 0001,14943.988,24771.023,9827.035,
Contact STARLINK-4139 - MoonIOAGSO 0001,26365.475,42064.163,15698.688,
Contact STARLINK-4139 - MoonIOAGSO 0001,43567.203,53559.485,9992.281,
Contact STARLINK-4139 - MoonIOAGSO 0001,55023.445,70872.412,15848.968,
Contact STARLINK-4139 - MoonIOAGSO 0001,72154.885,82444.462,10289.577,
Contact STARLINK-4139 - MoonIOAGSO 0001,83657.678,86400.000,2742.322,
Contact STARLINK-4139 - MoonLRO,3477.345,10993.628,7516.283,
Contact STARLINK-4139 - MoonLRO,20710.965,24647.880,3936.915,
Contact STARLINK-4139 - MoonLRO,27556.632,30549.886,2993.255,
Contact STARLINK-4139 - MoonLRO,34406.988,36308.115,1901.127,
Contact STARLINK-4139 - MoonLRO,49249.581,51980.800,2731.218,
Contact STARLINK-4139 - MoonLRO,54970.037,58797.747,3827.710,
Contact STARLINK-4139 - MoonLRO,61699.506,65126.915,3427.409,
Contact STARLINK-4139 - MoonLRO,75381.551,79284.844,3903.293,
Contact STARLINK-4139 - MarsSat1,460.636,9824.480,9363.844,
Contact STARLINK-4139 - MarsSat1,11896.568,21263.094,9366.526,
Contact STARLINK-4139 - MarsSat1,23332.538,26982.440,3649.901,
Contact STARLINK-4139 - MarsSat1,29050.545,38421.223,9370.678,
Contact STARLINK-4139 - MarsSat1,40486.607,49860.136,9373.529,
Contact STARLINK-4139 - MarsSat1,51922.734,55579.639,3656.905,
Contact STARLINK-4139 - MarsSat1,57640.816,67018.721,9377.904,
Contact STARLINK-4139 - MarsSat1,69077.008,78457.880,9380.873,
Contact STARLINK-4139 - MarsSat1,80513.220,86400.000,5886.780,
Contact STARLINK-4139 - MarsSat2,460.714,9824.584,9363.869,
Contact STARLINK-4139 - MarsSat2,11896.688,21263.256,9366.568,
Contact STARLINK-4139 - MarsSat2,23332.688,26982.624,3649.936,
Contact STARLINK-4139 - MarsSat2,29050.698,38421.421,9370.723,
Contact STARLINK-4139 - MarsSat2,40486.744,49860.306,9373.562,
Contact STARLINK-4139 - MarsSat2,51922.824,55579.781,3656.957,
Contact STARLINK-4139 - MarsSat2,57640.878,67018.799,9377.921,
Contact STARLINK-4139 - MarsSat2,69077.016,78457.908,9380.892,
Contact STARLINK-4139 - MarsSat2,80513.195,86400.000,5886.805,
Contact STARLINK-4139 - MarsSat3,460.682,9824.543,9363.861,
Contact STARLINK-4139 - MarsSat3,11896.642,21263.190,9366.548,
Contact STARLINK-4139 - MarsSat3,23332.612,26982.540,3649.928,
Contact STARLINK-4139 - MarsSat3,29050.605,38421.296,9370.691,
Contact STARLINK-4139 - MarsSat3,40486.619,49860.141,9373.523,
Contact STARLINK-4139 - MarsSat3,51922.684,55579.605,3656.921,
Contact STARLINK-4139 - MarsSat3,57640.746,67018.645,9377.899,
Contact STARLINK-4139 - MarsSat3,69076.951,78457.841,9380.890,
Contact STARLINK-4139 - MarsSat3,80513.228,86400.000,5886.772,
Contact STARLINK-4139 - MarsSat4,460.628,9824.449,9363.821,
Contact STARLINK-4139 - MarsSat4,11896.540,21263.113,9366.572,
Contact STARLINK-4139 - MarsSat4,23332.593,26982.519,3649.927,
Contact STARLINK-4139 - MarsSat4,29050.621,38421.293,9370.672,
Contact STARLINK-4139 - MarsSat4,40486.629,49860.143,9373.515,
Contact STARLINK-4139 - MarsSat4,51922.730,55579.667,3656.937,
Contact STARLINK-4139 - MarsSat4,57640.840,67018.720,9377.880,
Contact STARLINK-4139 - MarsSat4,69076.973,78457.794,9380.821,
Contact STARLINK-4139 - MarsSat4,80513.141,86400.000,5886.859,
Contact STARLINK-6178 - STARLINK-1655,649.428,7805.371,7155.943,
Contact STARLINK-6178 - STARLINK-1655,15006.430,22096.378,7089.948,
Contact STARLINK-6178 - STARLINK-1655,29389.761,36361.318,6971.557,
Contact STARLINK-6178 - STARLINK-1655,46649.245,50637.799,3988.554,
Contact STARLINK-6178 - STARLINK-1655,61030.949,64881.985,3851.036,
Contact STARLINK-6178 - STARLINK-1655,75450.993,76275.498,824.505,
Contact STARLINK-6178 - STARLINK-1661,3909.577,14125.643,10216.067,
Contact STARLINK-6178 - STARLINK-1661,18187.328,28509.108,10321.780,
Contact STARLINK-6178 - STARLINK-1661,32453.206,42866.142,10412.936,
Contact STARLINK-6178 - STARLINK-1661,43880.132,57230.631,13350.499,
Contact STARLINK-6178 - STARLINK-1661,58182.272,71566.854,13384.583,
Contact STARLINK-6178 - STARLINK-1661,72476.250,85907.760,13431.510,
Contact STARLINK-6178 - STARLINK-2018,65268.879,86400.000,21131.121,
Contact STARLINK-6178 - STARLINK-31116,21412.080,22308.206,896.126,
Contact STARLINK-6178 - STARLINK-31116,35487.342,36694.438,1207.096,
Contact STARLINK-6178 - STARLINK-31116,49630.945,51009.098,1378.153,
Contact STARLINK-6178 - STARLINK-31116,58165.483,65231.100,7065.618,
Contact STARLINK-6178 - STARLINK-31116,75307.538,79387.686,4080.148,
Contact STARLINK-6178 - STARLINK-31971,3588.967,4073.765,484.798,
Contact STARLINK-6178 - STARLINK-31971,17614.883,18458.090,843.208,
Contact STARLINK-6178 - STARLINK-31971,31733.258,32748.634,1015.376,
Contact STARLINK-6178 - STARLINK-31971,43074.048,46974.523,3900.475,
Contact STARLINK-6178 - STARLINK-31971,57305.088,58310.971,1005.884,
Contact STARLINK-6178 - STARLINK-31971,71602.313,72422.961,820.648,
Contact STARLINK-6178 - STARLINK-31971,86000.235,86400.000,399.765,
Contact STARLINK-6178 - STARLINK-31430,75517.531,76059.658,542.127,
Contact STARLINK-6178 - STARLINK-5969,3346.750,7348.393,4001.643,
Contact STARLINK-6178 - STARLINK-5969,17705.739,21708.259,4002.520,
Contact STARLINK-6178 - STARLINK-5969,32058.482,36061.958,4003.476,
Contact STARLINK-6178 - STARLINK-5969,46417.459,53290.088,6872.629,
Contact STARLINK-6178 - STARLINK-5969,60770.217,61907.219,1137.002,
Contact STARLINK-6178 - STARLINK-5969,75129.183,76260.918,1131.735,
Contact STARLINK-6178 - STARLINK-5155,10062.068,10960.082,898.015,
Contact STARLINK-6178 - STARLINK-5155,21465.425,25349.195,3883.770,
Contact STARLINK-6178 - STARLINK-5155,35738.819,39748.858,4010.039,
Contact STARLINK-6178 - STARLINK-5155,49999.839,57006.412,7006.573,
Contact STARLINK-6178 - STARLINK-5155,64286.609,71372.378,7085.769,
Contact STARLINK-6178 - STARLINK-5155,78561.086,85749.104,7188.017,
Contact STARLINK-6178 - STARLINK-31138,15862.324,86400.000,70537.676,
Contact STARLINK-6178 - STARLINK-2736,0.000,86400.000,86400.000,
Contact STARLINK-6178 - STARLINK-5960,7074.298,7350.598,276.301,
Contact STARLINK-6178 - STARLINK-5960,21406.632,21727.909,321.277,
Contact STARLINK-6178 - STARLINK-5960,35763.722,36080.803,317.082,
Contact STARLINK-6178 - STARLINK-5960,50098.591,50455.569,356.979,
Contact STARLINK-6178 - STARLINK-5960,64455.481,64808.651,353.170,
Contact STARLINK-6178 - STARLINK-4170,10181.589,10997.671,816.082,
Contact STARLINK-6178 - STARLINK-4170,24595.120,25245.906,650.787,
Contact STARLINK-6178 - STARLINK-31673,57502.142,58220.135,717.994,
Contact STARLINK-6178 - STARLINK-31673,71711.890,72560.297,848.407,
Contact STARLINK-6178 - STARLINK-31673,85937.955,86400.000,462.045,
Contact STARLINK-6178 - STARLINK-32223,3458.807,4019.400,560.594,
Contact STARLINK-6178 - STARLINK-5061,3595.792,3975.157,379.365,
Contact STARLINK-6178 - STARLINK-5061,32372.599,32608.863,236.264,
Contact STARLINK-6178 - STARLINK-2127,24921.097,25402.526,481.430,
Contact STARLINK-6178 - STARLINK-2127,39057.692,39936.407,878.714,
Contact STARLINK-6178 - STARLINK-2127,53293.113,54375.797,1082.684,
Contact STARLINK-6178 - STARLINK-2127,61808.530,68837.456,7028.926,
Contact STARLINK-6178 - STARLINK-2127,76061.549,86159.102,10097.554,
Contact STARLINK-6178 - STARLINK-30756,0.000,86400.000,86400.000,
Contact STARLINK-6178 - STARLINK-31812,0.000,172.176,172.176,
Contact STARLINK-6178 - STARLINK-31812,7358.270,46194.055,38835.785,
Contact STARLINK-6178 - STARLINK-31812,46944.476,54195.524,7251.048,
Contact STARLINK-6178 - STARLINK-1323,0.000,86400.000,86400.000,
Contact STARLINK-6178 - STARLINK-3969,0.000,86400.000,86400.000,
Contact STARLINK-6178 - STARLINK-4201,4053.683,11444.565,7390.882,
Contact STARLINK-6178 - STARLINK-4201,18313.066,28738.974,10425.908,
Contact STARLINK-6178 - STARLINK-4201,32548.463,43139.134,10590.670,
Contact STARLINK-6178 - STARLINK-4201,46811.737,57558.508,10746.771,
Contact STARLINK-6178 - STARLINK-4201,58211.763,71962.470,13750.707,
Contact STARLINK-6178 - STARLINK-4201,72445.640,86391.898,13946.259,
Contact STARLINK-6178 - STARLINK-31060,20844.451,21643.358,798.908,
Contact STARLINK-6178 - STARLINK-31060,32021.913,32973.243,951.330,
Contact STARLINK-6178 - STARLINK-31060,46173.433,46956.094,782.661,
Contact STARLINK-6178 - STARLINK-5972,0.000,616.184,616.184,
Contact STARLINK-6178 - STARLINK-5972,7880.508,15030.618,7150.110,
Contact STARLINK-6178 - STARLINK-5972,22235.054,29443.556,7208.502,
Contact STARLINK-6178 - STARLINK-5972,36612.379,43857.643,7245.264,
Contact STARLINK-6178 - STARLINK-5972,50968.679,58268.033,7299.354,
Contact STARLINK-6178 - STARLINK-5972,65348.174,72681.604,7333.430,
Contact STARLINK-6178 - STARLINK-5972,79706.289,86400.000,6693.711,
Contact STARLINK-6178 - STARLINK-32210,10078.188,10813.582,735.394,
Contact STARLINK-6178 - STARLINK-32210,21341.205,28129.031,6787.826,
Contact STARLINK-6178 - STARLINK-32210,35487.991,42483.401,6995.410,
Contact STARLINK-6178 - STARLINK-32210,49670.660,51083.764,1413.104,
Contact STARLINK-6178 - STARLINK-32210,58213.117,65360.330,7147.213,
Contact STARLINK-6178 - STARLINK-32210,72473.281,79601.166,7127.885,
Contact STARLINK-6178 - STARLINK-1463,0.000,35.223,35.223,
Contact STARLINK-6178 - STARLINK-1463,10531.568,14452.836,3921.268,
Contact STARLINK-6178 - STARLINK-1463,24907.972,28874.904,3966.932,
Contact STARLINK-6178 - STARLINK-1463,39280.295,43284.053,4003.758,
Contact STARLINK-6178 - STARLINK-1463,53664.920,57697.543,4032.623,
Contact STARLINK-6178 - STARLINK-1463,68045.749,72098.639,4052.891,
Contact STARLINK-6178 - STARLINK-1463,82438.361,86400.000,3961.639,
Contact STARLINK-6178 - STARLINK-31530,68216.233,75360.619,7144.386,
Contact STARLINK-6178 - STARLINK-31530,75942.476,86400.000,10457.524,
Contact STARLINK-6178 - STARLINK-5093,0.000,507.054,507.054,
Contact STARLINK-6178 - STARLINK-5093,7902.311,14940.966,7038.656,
Contact STARLINK-6178 - STARLINK-5093,22251.185,29364.772,7113.587,
Contact STARLINK-6178 - STARLINK-5093,36622.030,43796.921,7174.891,
Contact STARLINK-6178 - STARLINK-5093,50974.328,58216.325,7241.997,
Contact STARLINK-6178 - STARLINK-5093,65348.839,72646.762,7297.922,
Contact STARLINK-6178 - STARLINK-5093,79704.387,86400.000,6695.613,
Contact STARLINK-6178 - STARLINK-5591,0.000,86400.000,86400.000,
Contact STARLINK-6178 - STARLINK-5829,0.000,6904.483,6904.483,
Contact STARLINK-6178 - STARLINK-5829,10960.821,21288.928,10328.107,
Contact STARLINK-6178 - STARLINK-5829,25377.047,35662.791,10285.744,
Contact STARLINK-6178 - STARLINK-5829,39774.890,50043.071,10268.181,
Contact STARLINK-6178 - STARLINK-5829,57067.911,64412.666,7344.754,
Contact STARLINK-6178 - STARLINK-5829,71491.112,78788.780,7297.668,
Contact STARLINK-6178 - STARLINK-5829,85897.032,86400.000,502.968,
Contact STARLINK-6178 - STARLINK-3325,0.000,338.494,338.494,
Contact STARLINK-6178 - STARLINK-3325,10505.410,14685.938,4180.529,
Contact STARLINK-6178 - STARLINK-3325,24819.600,31907.244,7087.644,
Contact STARLINK-6178 - STARLINK-3325,39126.135,46261.378,7135.243,
Contact STARLINK-6178 - STARLINK-3325,53448.262,60595.987,7147.725,
Contact STARLINK-6178 - STARLINK-3325,67763.344,74941.523,7178.179,
Contact STARLINK-6178 - STARLINK-3325,82093.494,86400.000,4306.506,
Contact STARLINK-6178 - STARLINK-5850,6709.317,13730.324,7021.007,
Contact STARLINK-6178 - STARLINK-5850,21065.531,28094.202,7028.671,
Contact STARLINK-6178 - STARLINK-5850,35437.824,36698.639,1260.815,
Contact STARLINK-6178 - STARLINK-5850,49794.096,51062.478,1268.382,
Contact STARLINK-6178 - STARLINK-5850,64166.530,65408.856,1242.327,
Contact STARLINK-6178 - STARLINK-5850,78522.860,79772.648,1249.788,
Contact STARLINK-6178 - STARLINK-31939,84474.373,86400.000,1925.627,
Contact STARLINK-6178 - STARLINK-2424,0.000,699.382,699.382,
Contact STARLINK-6178 - STARLINK-2424,14011.982,15012.141,1000.159,
Contact STARLINK-6178 - STARLINK-2424,28339.515,29325.058,985.542,
Contact STARLINK-6178 - STARLINK-2424,42673.557,43631.380,957.823,
Contact STARLINK-6178 - STARLINK-2424,57007.307,57937.991,930.684,
Contact STARLINK-6178 - STARLINK-2424,71348.079,72237.590,889.511,
Contact STARLINK-6178 - STARLINK-2424,85688.411,86400.000,711.589,
Contact STARLINK-6178 - STARLINK-5453,0.000,86400.000,86400.000,
Contact STARLINK-6178 - STARLINK-31082,0.000,86400.000,86400.000,
Contact STARLINK-6178 - STARLINK-4569,6889.734,7718.990,829.256,
Contact STARLINK-6178 - STARLINK-4569,21259.608,22099.151,839.544,
Contact STARLINK-6178 - STARLINK-4569,35637.188,36470.694,833.505,
Contact STARLINK-6178 - STARLINK-4569,50007.020,50850.986,843.966,
Contact STARLINK-6178 - STARLINK-4569,64384.747,65222.476,837.729,
Contact STARLINK-6178 - STARLINK-4569,78754.550,79602.891,848.341,
Contact STARLINK-6178 - STARLINK-4328,75595.467,76109.422,513.955,
Contact STARLINK-6178 - STARLINK-5737,0.000,80.849,80.849,
Contact STARLINK-6178 - STARLINK-5737,14018.348,14424.455,406.106,
Contact STARLINK-6178 - STARLINK-11136 [DTC],85615.132,86400.000,784.868,
Contact STARLINK-6178 - STARLINK-5231,3406.142,7434.040,4027.897,
Contact STARLINK-6178 - STARLINK-5231,17757.493,21750.991,3993.497,
Contact STARLINK-6178 - STARLINK-5231,32100.936,36052.944,3952.008,
Contact STARLINK-6178 - STARLINK-5231,46459.626,47496.513,1036.887,
Contact STARLINK-6178 - STARLINK-5231,60810.075,61803.906,993.831,
Contact STARLINK-6178 - STARLINK-5231,75177.340,76094.250,916.910,
Contact STARLINK-6178 - STARLINK-11092 [DTC],15596.967,46119.331,30522.364,
Contact STARLINK-6178 - STARLINK-11072 [DTC],39161.711,39911.836,750.125,
Contact STARLINK-6178 - STARLINK-11072 [DTC],46869.286,65404.642,18535.356,
Contact STARLINK-6178 - STARLINK-5503,0.000,3929.061,3929.061,
Contact STARLINK-6178 - STARLINK-5503,14297.339,18299.674,4002.335,
Contact STARLINK-6178 - STARLINK-5503,28668.127,32670.709,4002.583,
Contact STARLINK-6178 - STARLINK-5503,43038.451,47040.398,4001.947,
Contact STARLINK-6178 - STARLINK-5503,57410.215,61410.526,4000.312,
Contact STARLINK-6178 - STARLINK-5503,71781.451,75779.287,3997.836,
Contact STARLINK-6178 - STARLINK-5503,86154.197,86400.000,245.803,
Contact STARLINK-6178 - MoonARTEMIS1,1488.607,5078.447,3589.841,
Contact STARLINK-6178 - MoonARTEMIS1,7244.779,16598.700,9353.920,
Contact STARLINK-6178 - MoonARTEMIS1,18759.429,28110.209,9350.780,
Contact STARLINK-6178 - MoonARTEMIS1,30265.765,33864.594,3598.829,
Contact STARLINK-6178 - MoonARTEMIS1,36017.440,45371.618,9354.178,
Contact STARLINK-6178 - MoonARTEMIS1,47518.743,56876.861,9358.118,
Contact STARLINK-6178 - MoonARTEMIS1,59017.890,68380.609,9362.719,
Contact STARLINK-6178 - MoonARTEMIS1,70515.221,74131.939,3616.719,
Contact STARLINK-6178 - MoonARTEMIS1,76263.239,85633.435,9370.196,
Contact STARLINK-6178 - MoonARTEMIS2,1468.951,5057.971,3589.020,
Contact STARLINK-6178 - MoonARTEMIS2,7221.523,16565.269,9343.746,
Contact STARLINK-6178 - MoonARTEMIS2,18728.511,28078.844,9350.333,
Contact STARLINK-6178 - MoonARTEMIS2,30241.241,33004.580,2763.339,
Contact STARLINK-6178 - MoonARTEMIS2,36003.336,45350.487,9347.151,
Contact STARLINK-6178 - MoonARTEMIS2,47501.248,56850.699,9349.451,
Contact STARLINK-6178 - MoonARTEMIS2,58996.728,68352.456,9355.728,
Contact STARLINK-6178 - MoonARTEMIS2,70492.704,74104.047,3611.342,
Contact STARLINK-6178 - MoonARTEMIS2,76240.953,85608.784,9367.832,
Contact STARLINK-6178 - MoonIOAGEO,1486.973,3753.515,2266.543,
Contact STARLINK-6178 - MoonIOAGEO,7905.974,16591.528,8685.554,
Contact STARLINK-6178 - MoonIOAGEO,18751.256,28088.712,9337.456,
Contact STARLINK-6178 - MoonIOAGEO,30245.880,39588.309,9342.429,
Contact STARLINK-6178 - MoonIOAGEO,41745.128,45344.748,3599.621,
Contact STARLINK-6178 - MoonIOAGEO,53254.571,56862.248,3607.677,
Contact STARLINK-6178 - MoonIOAGEO,59007.637,68366.205,9358.567,
Contact STARLINK-6178 - MoonIOAGEO,70503.943,74113.775,3609.832,
Contact STARLINK-6178 - MoonIOAGEO,76250.221,85618.947,9368.726,
Contact STARLINK-6178 - MoonIOAGNO,1485.138,5081.504,3596.366,
Contact STARLINK-6178 - MoonIOAGNO,7246.558,16572.642,9326.084,
Contact STARLINK-6178 - MoonIOAGNO,18730.040,28069.044,9339.004,
Contact STARLINK-6178 - MoonIOAGNO,30227.381,39583.105,9355.723,
Contact STARLINK-6178 - MoonIOAGNO,41739.114,45344.725,3605.611,
Contact STARLINK-6178 - MoonIOAGNO,47499.270,56850.492,9351.221,
Contact STARLINK-6178 - MoonIOAGNO,58992.713,68341.400,9348.687,
Contact STARLINK-6178 - MoonIOAGNO,70481.266,74096.404,3615.138,
Contact STARLINK-6178 - MoonIOAGNO,76232.744,85617.610,9384.866,
Contact STARLINK-6178 - MoonIOAGNO 0001,1470.920,5059.980,3589.060,
Contact STARLINK-6178 - MoonIOAGNO 0001,7221.754,16570.971,9349.217,
Contact STARLINK-6178 - MoonIOAGNO 0001,18733.269,28093.293,9360.024,
Contact STARLINK-6178 - MoonIOAGNO 0001,30253.917,39580.391,9326.474,
Contact STARLINK-6178 - MoonIOAGNO 0001,41732.862,45327.924,3595.061,
Contact STARLINK-6178 - MoonIOAGNO 0001,47479.760,56838.055,9358.295,
Contact STARLINK-6178 - MoonIOAGNO 0001,58985.542,68361.725,9376.182,
Contact STARLINK-6178 - MoonIOAGNO 0001,70503.772,74124.283,3620.511,
Contact STARLINK-6178 - MoonIOAGNO 0001,76257.504,85606.666,9349.162,
Contact STARLINK-6178 - MoonIOAGSO,1494.090,5080.253,3586.163,
Contact STARLINK-6178 - MoonIOAGSO,9414.144,16592.233,7178.089,
Contact STARLINK-6178 - MoonIOAGSO,18756.050,28102.744,9346.694,
Contact STARLINK-6178 - MoonIOAGSO,30262.384,33853.650,3591.266,
Contact STARLINK-6178 - MoonIOAGSO,36011.154,45350.346,9339.192,
Contact STARLINK-6178 - MoonIOAGSO,47501.981,56858.728,9356.747,
Contact STARLINK-6178 - MoonIOAGSO,59009.674,68375.914,9366.240,
Contact STARLINK-6178 - MoonIOAGSO,70519.615,74128.930,3609.316,
Contact STARLINK-6178 - MoonIOAGSO,76268.879,85629.674,9360.795,
Contact STARLINK-6178 - MoonIOAGSO 0001,1503.497,5093.789,3590.292,
Contact STARLINK-6178 - MoonIOAGSO 0001,7256.047,16593.827,9337.781,
Contact STARLINK-6178 - MoonIOAGSO 0001,18753.592,28087.530,9333.939,
Contact STARLINK-6178 - MoonIOAGSO 0001,30806.886,33842.348,3035.463,
Contact STARLINK-6178 - MoonIOAGSO 0001,36003.594,45361.177,9357.583,
Contact STARLINK-6178 - MoonIOAGSO 0001,47516.265,56865.185,9348.919,
Contact STARLINK-6178 - MoonIOAGSO 0001,59014.253,68362.675,9348.422,
Contact STARLINK-6178 - MoonIOAGSO 0001,70502.620,73892.926,3390.306,
Contact STARLINK-6178 - MoonIOAGSO 0001,76250.860,85638.524,9387.664,
Contact STARLINK-6178 - MoonLRO,1488.112,4172.511,2684.399,
Contact STARLINK-6178 - MoonLRO,7238.491,16587.070,9348.579,
Contact STARLINK-6178 - MoonLRO,20735.256,22335.806,1600.550,
Contact STARLINK-6178 - MoonLRO,35998.062,38313.365,2315.303,
Contact STARLINK-6178 - MoonLRO,41746.296,45149.793,3403.497,
Contact STARLINK-6178 - MoonLRO,48029.334,51105.113,3075.779,
Contact STARLINK-6178 - MoonLRO,64756.668,65605.319,848.651,
Contact STARLINK-6178 - MoonLRO,70503.727,72456.611,1952.884,
Contact STARLINK-6178 - MoonLRO,76250.226,85630.210,9379.984,
Contact STARLINK-6178 - MarsSat1,0.000,2079.402,2079.402,
Contact STARLINK-6178 - MarsSat1,4068.650,13572.881,9504.231,
Contact STARLINK-6178 - MarsSat1,15567.548,25066.349,9498.801,
Contact STARLINK-6178 - MarsSat1,27066.293,30813.085,3746.793,
Contact STARLINK-6178 - MarsSat1,32815.619,42306.564,9490.946,
Contact STARLINK-6178 - MarsSat1,44314.191,53800.046,9485.856,
Contact STARLINK-6178 - MarsSat1,55812.654,59546.783,3734.129,
Contact STARLINK-6178 - MarsSat1,61561.838,71040.237,9478.398,
Contact STARLINK-6178 - MarsSat1,73060.093,82533.654,9473.560,
Contact STARLINK-6178 - MarsSat1,84558.178,86400.000,1841.822,
Contact STARLINK-6178 - MarsSat2,0.000,2079.501,2079.501,
Contact STARLINK-6178 - MarsSat2,4068.725,13573.017,9504.292,
Contact STARLINK-6178 - MarsSat2,15567.695,25066.502,9498.807,
Contact STARLINK-6178 - MarsSat2,27066.497,30813.235,3746.737,
Contact STARLINK-6178 - MarsSat2,32815.837,42306.682,9490.845,
Contact STARLINK-6178 - MarsSat2,44314.399,53800.110,9485.712,
Contact STARLINK-6178 - MarsSat2,55812.807,59546.818,3734.011,
Contact STARLINK-6178 - MarsSat2,61561.955,71040.222,9478.268,
Contact STARLINK-6178 - MarsSat2,73060.142,82533.615,9473.473,
Contact STARLINK-6178 - MarsSat2,84558.187,86400.000,1841.813,
Contact STARLINK-6178 - MarsSat3,0.000,2079.466,2079.466,
Contact STARLINK-6178 - MarsSat3,4068.686,13572.963,9504.276,
Contact STARLINK-6178 - MarsSat3,15567.640,25066.415,9498.775,
Contact STARLINK-6178 - MarsSat3,27066.407,30813.131,3746.724,
Contact STARLINK-6178 - MarsSat3,32815.724,42306.551,9490.826,
Contact STARLINK-6178 - MarsSat3,44314.240,53799.976,9485.736,
Contact STARLINK-6178 - MarsSat3,55812.618,59546.702,3734.084,
Contact STARLINK-6178 - MarsSat3,61561.770,71040.196,9478.426,
Contact STARLINK-6178 - MarsSat3,73060.028,82533.681,9473.653,
Contact STARLINK-6178 - MarsSat3,84558.173,86400.000,1841.827,
Contact STARLINK-6178 - MarsSat4,0.000,2079.391,2079.391,
Contact STARLINK-6178 - MarsSat4,4068.626,13572.856,9504.231,
Contact STARLINK-6178 - MarsSat4,15567.514,25066.422,9498.908,
Contact STARLINK-6178 - MarsSat4,27066.380,30813.156,3746.776,
Contact STARLINK-6178 - MarsSat4,32815.720,42306.565,9490.844,
Contact STARLINK-6178 - MarsSat4,44314.228,53800.052,9485.823,
Contact STARLINK-6178 - MarsSat4,55812.686,59546.801,3734.115,
Contact STARLINK-6178 - MarsSat4,61561.872,71040.184,9478.311,
Contact STARLINK-6178 - MarsSat4,73060.040,82533.590,9473.550,
Contact STARLINK-6178 - MarsSat4,84558.096,86400.000,1841.904,
Contact STARLINK-1655 - STARLINK-3251,32395.985,32876.684,480.699,
Contact STARLINK-1655 - STARLINK-3251,46694.480,47173.698,479.218,
Contact STARLINK-1655 - STARLINK-3251,60982.582,61480.400,497.818,
Contact STARLINK-1655 - STARLINK-3251,75281.002,75777.431,496.429,
Contact STARLINK-1655 - STARLINK-31116,45969.913,86400.000,40430.087,
Contact STARLINK-1655 - STARLINK-31971,0.000,680.206,680.206,
Contact STARLINK-1655 - STARLINK-31971,13813.167,15012.675,1199.507,
Contact STARLINK-1655 - STARLINK-31971,22266.958,29254.231,6987.273,
Contact STARLINK-1655 - STARLINK-31971,39242.770,46257.359,7014.588,
Contact STARLINK-1655 - STARLINK-31971,53462.403,54727.035,1264.632,
Contact STARLINK-1655 - STARLINK-31971,67763.013,68771.576,1008.563,
Contact STARLINK-1655 - STARLINK-31430,85955.292,86400.000,444.708,
Contact STARLINK-1655 - STARLINK-5969,0.000,7173.076,7173.076,
Contact STARLINK-1655 - STARLINK-5969,7538.252,21390.081,13851.828,
Contact STARLINK-1655 - STARLINK-5969,21994.493,35587.767,13593.274,
Contact STARLINK-1655 - STARLINK-5969,36425.206,49826.444,13401.238,
Contact STARLINK-1655 - STARLINK-5969,50861.469,64030.472,13169.003,
Contact STARLINK-1655 - STARLINK-5969,65284.246,72577.666,7293.420,
Contact STARLINK-1655 - STARLINK-5969,79730.542,86400.000,6669.458,
Contact STARLINK-1655 - STARLINK-31138,35813.090,36259.068,445.977,
Contact STARLINK-1655 - STARLINK-31138,49846.333,50651.659,805.326,
Contact STARLINK-1655 - STARLINK-31138,61129.855,64961.573,3831.718,
Contact STARLINK-1655 - STARLINK-31138,75271.611,82099.507,6827.896,
Contact STARLINK-1655 - STARLINK-2736,6747.565,7650.869,903.304,
Contact STARLINK-1655 - STARLINK-2736,20981.167,21949.862,968.696,
Contact STARLINK-1655 - STARLINK-2736,32375.552,36231.850,3856.298,
Contact STARLINK-1655 - STARLINK-2736,46627.067,50524.270,3897.203,
Contact STARLINK-1655 - STARLINK-2736,60869.316,67663.497,6794.181,
Contact STARLINK-1655 - STARLINK-2736,75125.877,76225.433,1099.555,
Contact STARLINK-1655 - STARLINK-4170,6861.856,7458.019,596.163,
Contact STARLINK-1655 - STARLINK-4170,21154.213,21764.322,610.109,
Contact STARLINK-1655 - STARLINK-4170,35451.990,36065.789,613.799,
Contact STARLINK-1655 - STARLINK-4170,61180.813,61814.694,633.882,
Contact STARLINK-1655 - STARLINK-4170,75478.624,76116.049,637.425,
Contact STARLINK-1655 - STARLINK-31673,0.000,469.402,469.402,
Contact STARLINK-1655 - STARLINK-31673,13994.576,14761.358,766.782,
Contact STARLINK-1655 - STARLINK-31673,28208.005,29035.349,827.344,
Contact STARLINK-1655 - STARLINK-31673,39579.562,43311.846,3732.284,
Contact STARLINK-1655 - STARLINK-31673,53795.278,54725.023,929.745,
Contact STARLINK-1655 - STARLINK-31673,68025.282,68982.346,957.064,
Contact STARLINK-1655 - STARLINK-31673,82252.623,83242.188,989.564,
Contact STARLINK-1655 - STARLINK-32223,0.000,6475.633,6475.633,
Contact STARLINK-1655 - STARLINK-5061,0.000,86400.000,86400.000,
Contact STARLINK-1655 - STARLINK-30756,0.000,28112.721,28112.721,
Contact STARLINK-1655 - STARLINK-31812,10038.163,10858.699,820.536,
Contact STARLINK-1655 - STARLINK-31812,21293.870,22244.051,950.181,
Contact STARLINK-1655 - STARLINK-31812,35413.618,36424.696,1011.078,
Contact STARLINK-1655 - STARLINK-31812,46743.350,50561.086,3817.736,
Contact STARLINK-1655 - STARLINK-31812,60948.751,61830.900,882.149,
Contact STARLINK-1655 - STARLINK-31812,75224.136,75857.613,633.476,
Contact STARLINK-1655 - STARLINK-5952,82313.730,82965.021,651.290,
Contact STARLINK-1655 - STARLINK-1323,6830.938,7399.810,568.872,
Contact STARLINK-1655 - STARLINK-1323,21097.748,21717.642,619.894,
Contact STARLINK-1655 - STARLINK-1323,61096.512,61752.208,655.696,
Contact STARLINK-1655 - STARLINK-1323,75398.397,76032.331,633.934,
Contact STARLINK-1655 - STARLINK-3969,6876.821,7781.558,904.737,
Contact STARLINK-1655 - STARLINK-3969,21169.220,22080.615,911.395,
Contact STARLINK-1655 - STARLINK-3969,35470.244,36370.472,900.228,
Contact STARLINK-1655 - STARLINK-3969,49762.643,50669.470,906.828,
Contact STARLINK-1655 - STARLINK-3969,64063.666,64959.266,895.600,
Contact STARLINK-1655 - STARLINK-3969,75501.034,79258.206,3757.171,
Contact STARLINK-1655 - STARLINK-31060,17275.229,18192.316,917.087,
Contact STARLINK-1655 - STARLINK-31060,28130.371,35429.358,7298.987,
Contact STARLINK-1655 - STARLINK-31060,36493.475,43733.226,7239.751,
Contact STARLINK-1655 - STARLINK-31060,53946.196,54439.087,492.891,
Contact STARLINK-1655 - STARLINK-5972,0.000,3891.528,3891.528,
Contact STARLINK-1655 - STARLINK-5972,14309.592,18190.360,3880.768,
Contact STARLINK-1655 - STARLINK-5972,28708.184,32497.009,3788.825,
Contact STARLINK-1655 - STARLINK-5972,43104.121,43931.240,827.119,
Contact STARLINK-1655 - STARLINK-5972,57520.477,58206.825,686.348,
Contact STARLINK-1655 - STARLINK-5972,71937.681,72485.953,548.272,
Contact STARLINK-1655 - STARLINK-2047,0.000,86400.000,86400.000,
Contact STARLINK-1655 - STARLINK-32210,51593.347,86400.000,34806.653,
Contact STARLINK-1655 - STARLINK-30549,3421.757,4048.488,626.732,
Contact STARLINK-1655 - STARLINK-1463,35910.862,36648.145,737.283,
Contact STARLINK-1655 - STARLINK-1463,50235.352,51049.565,814.213,
Contact STARLINK-1655 - STARLINK-1463,64565.849,65445.558,879.709,
Contact STARLINK-1655 - STARLINK-1463,78907.986,79829.343,921.357,
Contact STARLINK-1655 - STARLINK-30486,53786.490,54305.626,519.136,
Contact STARLINK-1655 - STARLINK-30486,67859.382,68871.542,1012.161,
Contact STARLINK-1655 - STARLINK-30486,76310.615,83431.291,7120.676,
Contact STARLINK-1655 - STARLINK-5565,57400.312,57622.496,222.183,
Contact STARLINK-1655 - STARLINK-5565,71557.836,72159.123,601.287,
Contact STARLINK-1655 - STARLINK-5565,85815.995,86400.000,584.005,
Contact STARLINK-1655 - STARLINK-31530,79056.688,79272.142,215.454,
Contact STARLINK-1655 - STARLINK-5093,0.000,3882.003,3882.003,
Contact STARLINK-1655 - STARLINK-5093,14247.058,18184.814,3937.756,
Contact STARLINK-1655 - STARLINK-5093,28652.245,32497.825,3845.580,
Contact STARLINK-1655 - STARLINK-5093,43050.162,43935.118,884.956,
Contact STARLINK-1655 - STARLINK-5093,57475.125,58211.930,736.805,
Contact STARLINK-1655 - STARLINK-5093,71894.877,72496.110,601.232,
Contact STARLINK-1655 - STARLINK-5093,86370.646,86400.000,29.354,
Contact STARLINK-1655 - STARLINK-3325,10123.884,11039.711,915.827,
Contact STARLINK-1655 - STARLINK-3325,21562.810,25337.524,3774.714,
Contact STARLINK-1655 - STARLINK-3325,35861.656,39635.681,3774.025,
Contact STARLINK-1655 - STARLINK-3325,50160.176,51074.019,913.842,
Contact STARLINK-1655 - STARLINK-3325,64459.030,65371.736,912.706,
Contact STARLINK-1655 - STARLINK-3325,78757.616,79669.735,912.119,
Contact STARLINK-1655 - STARLINK-2424,10608.211,11356.060,747.849,
Contact STARLINK-1655 - STARLINK-2424,24896.375,25645.082,748.707,
Contact STARLINK-1655 - STARLINK-2424,39197.040,39920.987,723.947,
Contact STARLINK-1655 - STARLINK-2424,53485.297,54209.807,724.510,
Contact STARLINK-1655 - STARLINK-2424,67786.379,68485.183,698.804,
Contact STARLINK-1655 - STARLINK-30754,43060.187,86400.000,43339.813,
Contact STARLINK-1655 - STARLINK-5453,0.000,86400.000,86400.000,
Contact STARLINK-1655 - STARLINK-31082,163.508,13782.130,13618.623,
Contact STARLINK-1655 - STARLINK-31082,14582.277,25149.871,10567.594,
Contact STARLINK-1655 - STARLINK-31082,29028.249,39376.968,10348.719,
Contact STARLINK-1655 - STARLINK-31082,43434.252,53570.462,10136.210,
Contact STARLINK-1655 - STARLINK-31082,60750.482,67790.771,7040.289,
Contact STARLINK-1655 - STARLINK-31082,75220.112,76282.056,1061.944,
Contact STARLINK-1655 - STARLINK-4569,6499.637,7606.821,1107.184,
Contact STARLINK-1655 - STARLINK-4569,20895.855,21900.025,1004.170,
Contact STARLINK-1655 - STARLINK-4569,35333.220,36161.125,827.905,
Contact STARLINK-1655 - STARLINK-4569,49772.263,50412.551,640.288,
Contact STARLINK-1655 - STARLINK-4328,3198.450,4014.508,816.058,
Contact STARLINK-1655 - STARLINK-4328,17558.173,18337.132,778.960,
Contact STARLINK-1655 - STARLINK-4328,31909.489,32668.703,759.214,
Contact STARLINK-1655 - STARLINK-4328,46275.556,46985.062,709.505,
Contact STARLINK-1655 - STARLINK-4328,60633.012,61310.597,677.585,
Contact STARLINK-1655 - STARLINK-4328,75007.690,75618.444,610.754,
Contact STARLINK-1655 - STARLINK-11136 [DTC],68278.833,68708.677,429.843,
Contact STARLINK-1655 - STARLINK-11136 [DTC],82123.266,82897.818,774.551,
Contact STARLINK-1655 - STARLINK-5231,0.000,86400.000,86400.000,
Contact STARLINK-1655 - STARLINK-11092 [DTC],32228.113,38961.653,6733.540,
Contact STARLINK-1655 - STARLINK-11092 [DTC],46041.848,47412.919,1371.071,
Contact STARLINK-1655 - STARLINK-11092 [DTC],57416.516,58441.616,1025.101,
Contact STARLINK-1655 - STARLINK-11072 [DTC],54832.382,86400.000,31567.618,
Contact STARLINK-1655 - STARLINK-5503,0.000,363.789,363.789,
Contact STARLINK-1655 - STARLINK-5503,10541.548,14749.268,4207.720,
Contact STARLINK-1655 - STARLINK-5503,24843.924,31987.311,7143.387,
Contact STARLINK-1655 - STARLINK-5503,39168.954,46332.885,7163.930,
Contact STARLINK-1655 - STARLINK-5503,53493.067,60682.952,7189.884,
Contact STARLINK-1655 - STARLINK-5503,67839.346,75007.330,7167.983,
Contact STARLINK-1655 - STARLINK-5503,82184.843,86400.000,4215.157,
Contact STARLINK-1655 - MoonARTEMIS1,1082.414,16827.715,15745.302,
Contact STARLINK-1655 - MoonARTEMIS1,18309.113,28376.886,10067.773,
Contact STARLINK-1655 - MoonARTEMIS1,29790.552,45676.259,15885.707,
Contact STARLINK-1655 - MoonARTEMIS1,47008.864,57198.388,10189.524,
Contact STARLINK-1655 - MoonARTEMIS1,58486.856,74468.813,15981.957,
Contact STARLINK-1655 - MoonARTEMIS1,75702.642,85975.715,10273.073,
Contact STARLINK-1655 - MoonARTEMIS2,1045.493,16709.688,15664.194,
Contact STARLINK-1655 - MoonARTEMIS2,18244.282,28255.448,10011.166,
Contact STARLINK-1655 - MoonARTEMIS2,29729.746,45619.778,15890.032,
Contact STARLINK-1655 - MoonARTEMIS2,46958.109,57148.920,10190.811,
Contact STARLINK-1655 - MoonARTEMIS2,58420.801,74444.084,16023.283,
Contact STARLINK-1655 - MoonARTEMIS2,75627.767,85974.430,10346.663,
Contact STARLINK-1655 - MoonIOAGEO,1078.840,3772.117,2693.277,
Contact STARLINK-1655 - MoonIOAGEO,7970.615,16802.846,8832.231,
Contact STARLINK-1655 - MoonIOAGEO,18291.615,28290.560,9998.945,
Contact STARLINK-1655 - MoonIOAGEO,29743.027,45568.905,15825.878,
Contact STARLINK-1655 - MoonIOAGEO,52702.311,57161.788,4459.477,
Contact STARLINK-1655 - MoonIOAGEO,58453.009,74419.862,15966.853,
Contact STARLINK-1655 - MoonIOAGEO,75653.725,85934.267,10280.542,
Contact STARLINK-1655 - MoonIOAGNO,1068.914,16742.580,15673.666,
Contact STARLINK-1655 - MoonIOAGNO,18246.917,28283.756,10036.839,
Contact STARLINK-1655 - MoonIOAGNO,29694.182,45617.800,15923.619,
Contact STARLINK-1655 - MoonIOAGNO,46948.938,57108.303,10159.365,
Contact STARLINK-1655 - MoonIOAGNO,58410.364,86006.266,27595.903,
Contact STARLINK-1655 - MoonIOAGNO 0001,1044.592,16776.927,15732.334,
Contact STARLINK-1655 - MoonIOAGNO 0001,18247.586,28315.351,10067.765,
Contact STARLINK-1655 - MoonIOAGNO 0001,29759.729,45578.085,15818.356,
Contact STARLINK-1655 - MoonIOAGNO 0001,46897.477,57145.583,10248.105,
Contact STARLINK-1655 - MoonIOAGNO 0001,58384.229,74438.649,16054.420,
Contact STARLINK-1655 - MoonIOAGNO 0001,75681.897,85971.132,10289.235,
Contact STARLINK-1655 - MoonIOAGSO,1096.623,16769.957,15673.334,
Contact STARLINK-1655 - MoonIOAGSO,18303.464,28261.999,9958.535,
Contact STARLINK-1655 - MoonIOAGSO,29782.092,45550.864,15768.772,
Contact STARLINK-1655 - MoonIOAGSO,46959.322,57140.151,10180.829,
Contact STARLINK-1655 - MoonIOAGSO,58453.397,74372.239,15918.842,
Contact STARLINK-1655 - MoonIOAGSO,75700.788,85906.678,10205.890,
Contact STARLINK-1655 - MoonIOAGSO 0001,1113.714,16732.242,15618.527,
Contact STARLINK-1655 - MoonIOAGSO 0001,18301.490,28276.008,9974.517,
Contact STARLINK-1655 - MoonIOAGSO 0001,30921.519,45562.508,14640.989,
Contact STARLINK-1655 - MoonIOAGSO 0001,46993.681,57069.993,10076.312,
Contact STARLINK-1655 - MoonIOAGSO 0001,58463.410,74440.666,15977.255,
Contact STARLINK-1655 - MoonIOAGSO 0001,75656.674,85938.396,10281.721,
Contact STARLINK-1655 - MoonLRO,1077.313,16765.980,15688.666,
Contact STARLINK-1655 - MoonLRO,20749.426,22529.539,1780.113,
Contact STARLINK-1655 - MoonLRO,35474.988,38320.411,2845.423,
Contact STARLINK-1655 - MoonLRO,41208.106,45132.877,3924.771,
Contact STARLINK-1655 - MoonLRO,48047.410,51353.650,3306.240,
Contact STARLINK-1655 - MoonLRO,64183.363,65629.584,1446.221,
Contact STARLINK-1655 - MoonLRO,69915.604,72470.179,2554.575,
Contact STARLINK-1655 - MoonLRO,75654.228,85960.261,10306.033,
Contact STARLINK-1655 - MarsSat1,0.000,1686.930,1686.930,
Contact STARLINK-1655 - MarsSat1,3724.236,13132.594,9408.357,
Contact STARLINK-1655 - MarsSat1,15166.689,24578.343,9411.654,
Contact STARLINK-1655 - MarsSat1,26609.202,41747.195,15137.993,
Contact STARLINK-1655 - MarsSat1,43773.122,53193.267,9420.145,
Contact STARLINK-1655 - MarsSat1,55215.836,64639.457,9423.621,
Contact STARLINK-1655 - MarsSat1,66658.611,70362.587,3703.976,
Contact STARLINK-1655 - MarsSat1,72380.014,81808.896,9428.883,
Contact STARLINK-1655 - MarsSat1,83822.843,86400.000,2577.157,
Contact STARLINK-1655 - MarsSat2,0.000,1686.984,1686.984,
Contact STARLINK-1655 - MarsSat2,3724.331,13132.717,9408.386,
Contact STARLINK-1655 - MarsSat2,15166.829,24578.533,9411.704,
Contact STARLINK-1655 - MarsSat2,26609.369,41747.419,15138.051,
Contact STARLINK-1655 - MarsSat2,43773.265,53193.454,9420.189,
Contact STARLINK-1655 - MarsSat2,55215.925,64639.578,9423.653,
Contact STARLINK-1655 - MarsSat2,66658.639,70362.673,3704.034,
Contact STARLINK-1655 - MarsSat2,72380.017,81808.933,9428.916,
Contact STARLINK-1655 - MarsSat2,83822.817,86400.000,2577.183,
Contact STARLINK-1655 - MarsSat3,0.000,1686.948,1686.948,
Contact STARLINK-1655 - MarsSat3,3724.294,13132.671,9408.376,
Contact STARLINK-1655 - MarsSat3,15166.772,24578.457,9411.685,
Contact STARLINK-1655 - MarsSat3,26609.277,41747.274,15137.997,
Contact STARLINK-1655 - MarsSat3,43773.122,53193.264,9420.142,
Contact STARLINK-1655 - MarsSat3,55215.773,64639.381,9423.609,
Contact STARLINK-1655 - MarsSat3,66658.539,70362.505,3703.967,
Contact STARLINK-1655 - MarsSat3,72379.969,81808.859,9428.890,
Contact STARLINK-1655 - MarsSat3,83822.864,86400.000,2577.136,
Contact STARLINK-1655 - MarsSat4,0.000,1686.909,1686.909,
Contact STARLINK-1655 - MarsSat4,3724.219,13132.557,9408.338,
Contact STARLINK-1655 - MarsSat4,15166.666,24578.402,9411.736,
Contact STARLINK-1655 - MarsSat4,26609.281,41747.260,15137.979,
Contact STARLINK-1655 - MarsSat4,43773.129,53193.286,9420.158,
Contact STARLINK-1655 - MarsSat4,55215.855,64639.482,9423.627,
Contact STARLINK-1655 - MarsSat4,66658.595,70362.565,3703.970,
Contact STARLINK-1655 - MarsSat4,72379.955,81808.792,9428.838,
Contact STARLINK-1655 - MarsSat4,83822.775,86400.000,2577.225,
Contact STARLINK-30809 - STARLINK-2462,3518.997,7322.723,3803.726,
Contact STARLINK-30809 - STARLINK-2462,17839.698,21663.884,3824.185,
Contact STARLINK-30809 - STARLINK-2462,32168.873,36013.211,3844.338,
Contact STARLINK-30809 - STARLINK-2462,46491.059,47488.649,997.590,
Contact STARLINK-30809 - STARLINK-2462,60821.406,61828.142,1006.736,
Contact STARLINK-30809 - STARLINK-2462,75144.967,76175.445,1030.478,
Contact STARLINK-30809 - STARLINK-2006,0.000,86400.000,86400.000,
Contact STARLINK-30809 - STARLINK-3095,3266.772,4030.886,764.113,
Contact STARLINK-30809 - STARLINK-3095,17685.179,18382.598,697.419,
Contact STARLINK-30809 - STARLINK-3095,32122.849,32713.184,590.335,
Contact STARLINK-30809 - STARLINK-3095,46554.420,47051.699,497.279,
Contact STARLINK-30809 - STARLINK-3095,61021.295,61353.077,331.782,
Contact STARLINK-30809 - STARLINK-3095,75526.627,75617.790,91.163,
Contact STARLINK-30809 - STARLINK-3045,0.000,3843.125,3843.125,
Contact STARLINK-30809 - STARLINK-3045,14066.878,18210.305,4143.427,
Contact STARLINK-30809 - STARLINK-3045,28465.223,32559.546,4094.324,
Contact STARLINK-30809 - STARLINK-3045,42876.513,46921.146,4044.633,
Contact STARLINK-30809 - STARLINK-3045,57280.232,61264.355,3984.123,
Contact STARLINK-30809 - STARLINK-3045,71697.822,75620.338,3922.516,
Contact STARLINK-30809 - STARLINK-3045,86107.172,86400.000,292.828,
Contact STARLINK-30809 - STARLINK-2018,0.000,31938.738,31938.738,
Contact STARLINK-30809 - STARLINK-2018,39096.037,40377.619,1281.583,
Contact STARLINK-30809 - STARLINK-31498,70580.005,86400.000,15819.995,
Contact STARLINK-30809 - STARLINK-31116,0.000,296.735,296.735,
Contact STARLINK-30809 - STARLINK-1107,39148.040,40180.372,1032.332,
Contact STARLINK-30809 - STARLINK-1107,53251.245,54343.148,1091.903,
Contact STARLINK-30809 - STARLINK-1107,64636.247,65571.542,935.295,
Contact STARLINK-30809 - STARLINK-1107,79067.374,79411.422,344.048,
Contact STARLINK-30809 - STARLINK-32134,51305.109,86400.000,35094.891,
Contact STARLINK-30809 - STARLINK-31430,0.000,137.362,137.362,
Contact STARLINK-30809 - STARLINK-31430,10553.112,17322.165,6769.053,
Contact STARLINK-30809 - STARLINK-31430,24671.657,25849.386,1177.729,
Contact STARLINK-30809 - STARLINK-31430,38882.104,39992.751,1110.647,
Contact STARLINK-30809 - STARLINK-31430,50334.053,54014.070,3680.016,
Contact STARLINK-30809 - STARLINK-31085,0.000,86400.000,86400.000,
Contact STARLINK-30809 - STARLINK-2635,0.000,86400.000,86400.000,
Contact STARLINK-30809 - STARLINK-3295,35940.579,36072.002,131.423,
Contact STARLINK-30809 - STARLINK-3295,50165.658,50488.046,322.387,
Contact STARLINK-30809 - STARLINK-3295,64422.587,64873.282,450.695,
Contact STARLINK-30809 - STARLINK-3295,78701.097,79235.864,534.767,
Contact STARLINK-30809 - STARLINK-31138,0.000,489.641,489.641,
Contact STARLINK-30809 - STARLINK-31673,6741.712,7283.099,541.387,
Contact STARLINK-30809 - STARLINK-1580,0.000,6731.333,6731.333,
Contact STARLINK-30809 - STARLINK-1580,13967.706,21003.768,7036.061,
Contact STARLINK-30809 - STARLINK-1580,28315.264,35285.649,6970.385,
Contact STARLINK-30809 - STARLINK-1580,42681.801,43839.112,1157.312,
Contact STARLINK-30809 - STARLINK-1580,57041.705,58110.782,1069.077,
Contact STARLINK-30809 - STARLINK-1580,71424.375,72357.346,932.971,
Contact STARLINK-30809 - STARLINK-1580,85801.770,86400.000,598.230,
Contact STARLINK-30809 - STARLINK-31931,64537.714,65357.178,819.464,
Contact STARLINK-30809 - STARLINK-31931,78618.943,79630.104,1011.161,
Contact STARLINK-30809 - STARLINK-31530,3344.828,10120.691,6775.863,
Contact STARLINK-30809 - STARLINK-31530,17326.253,18721.096,1394.843,
Contact STARLINK-30809 - STARLINK-31530,25801.919,32906.494,7104.575,
Contact STARLINK-30809 - STARLINK-31530,42919.841,46942.065,4022.224,
Contact STARLINK-30809 - STARLINK-31530,57393.782,58019.929,626.147,
Contact STARLINK-30809 - STARLINK-32088,22443.790,74785.502,52341.712,
Contact STARLINK-30809 - STARLINK-5829,79093.381,79468.125,374.744,
Contact STARLINK-30809 - STARLINK-31939,17591.763,18226.574,634.811,
Contact STARLINK-30809 - STARLINK-31939,25803.422,35720.727,9917.305,
Contact STARLINK-30809 - STARLINK-31939,39712.063,49983.772,10271.709,
Contact STARLINK-30809 - STARLINK-31939,51015.903,64009.611,12993.708,
Contact STARLINK-30809 - STARLINK-31939,65387.396,72302.745,6915.349,
Contact STARLINK-30809 - STARLINK-1776,68374.040,68549.034,174.994,
Contact STARLINK-30809 - STARLINK-1776,82550.518,82972.862,422.344,
Contact STARLINK-30809 - STARLINK-4328,21589.289,22280.376,691.088,
Contact STARLINK-30809 - STARLINK-4328,35959.815,36647.746,687.931,
Contact STARLINK-30809 - STARLINK-4328,50326.157,51019.354,693.198,
Contact STARLINK-30809 - STARLINK-4328,64696.698,65386.755,690.057,
Contact STARLINK-30809 - STARLINK-4328,79062.605,79758.866,696.260,
Contact STARLINK-30809 - STARLINK-2214,0.000,4167.319,4167.319,
Contact STARLINK-30809 - STARLINK-2214,11445.366,18494.204,7048.839,
Contact STARLINK-30809 - STARLINK-2214,25771.479,32805.569,7034.090,
Contact STARLINK-30809 - STARLINK-2214,40091.145,47125.625,7034.479,
Contact STARLINK-30809 - STARLINK-2214,57284.943,61430.412,4145.469,
Contact STARLINK-30809 - STARLINK-2214,71621.661,78598.981,6977.320,
Contact STARLINK-30809 - STARLINK-2214,85951.683,86400.000,448.317,
Contact STARLINK-30809 - STARLINK-3506,57193.780,57704.117,510.337,
Contact STARLINK-30809 - STARLINK-3506,71418.599,72114.142,695.543,
Contact STARLINK-30809 - STARLINK-3506,85641.142,86400.000,758.858,
Contact STARLINK-30809 - STARLINK-11136 [DTC],35657.626,36420.035,762.409,
Contact STARLINK-30809 - STARLINK-11136 [DTC],49630.540,50525.939,895.399,
Contact STARLINK-30809 - STARLINK-11136 [DTC],60951.107,61669.598,718.491,
Contact STARLINK-30809 - STARLINK-31325,0.000,74926.228,74926.228,
Contact STARLINK-30809 - STARLINK-5628,6928.712,10835.591,3906.880,
Contact STARLINK-30809 - STARLINK-5628,21303.499,22320.433,1016.934,
Contact STARLINK-30809 - STARLINK-5628,35680.599,36675.156,994.557,
Contact STARLINK-30809 - STARLINK-5628,50057.307,51029.792,972.485,
Contact STARLINK-30809 - STARLINK-5628,64436.526,65382.451,945.925,
Contact STARLINK-30809 - STARLINK-5628,78815.276,79735.031,919.755,
Contact STARLINK-30809 - STARLINK-11092 [DTC],0.000,6412.219,6412.219,
Contact STARLINK-30809 - STARLINK-11072 [DTC],5402.181,34388.189,28986.009,
Contact STARLINK-30809 - STARLINK-5176,28778.838,29373.740,594.902,
Contact STARLINK-30809 - STARLINK-5176,42943.272,43863.691,920.419,
Contact STARLINK-30809 - STARLINK-5176,57092.625,64146.467,7053.842,
Contact STARLINK-30809 - STARLINK-5176,71308.352,78585.465,7277.112,
Contact STARLINK-30809 - STARLINK-5176,79805.336,86400.000,6594.664,
Contact STARLINK-30809 - STARLINK-2042,0.000,86400.000,86400.000,
Contact STARLINK-30809 - STARLINK-6319,0.000,86400.000,86400.000,
Contact STARLINK-30809 - MoonARTEMIS1,3093.157,6847.867,3754.710,
Contact STARLINK-30809 - MoonARTEMIS1,8849.727,12625.497,3775.769,
Contact STARLINK-30809 - MoonARTEMIS1,14605.167,24165.247,9560.080,
Contact STARLINK-30809 - MoonARTEMIS1,26109.497,35697.552,9588.056,
Contact STARLINK-30809 - MoonARTEMIS1,37609.871,41462.242,3852.371,
Contact STARLINK-30809 - MoonARTEMIS1,43359.149,52989.654,9630.506,
Contact STARLINK-30809 - MoonARTEMIS1,54856.325,64515.035,9658.710,
Contact STARLINK-30809 - MoonARTEMIS1,66351.889,70277.076,3925.187,
Contact STARLINK-30809 - MoonARTEMIS1,72099.077,81799.965,9700.888,
Contact STARLINK-30809 - MoonARTEMIS1,83592.117,86400.000,2807.883,
Contact STARLINK-30809 - MoonARTEMIS2,0.000,6807.809,6807.809,
Contact STARLINK-30809 - MoonARTEMIS2,8820.816,12568.605,3747.790,
Contact STARLINK-30809 - MoonARTEMIS2,14570.589,24097.932,9527.343,
Contact STARLINK-30809 - MoonARTEMIS2,26074.911,33030.675,6955.765,
Contact STARLINK-30809 - MoonARTEMIS2,37591.956,41425.719,3833.763,
Contact STARLINK-30809 - MoonARTEMIS2,43337.812,52947.084,9609.272,
Contact STARLINK-30809 - MoonARTEMIS2,54827.543,64470.347,9642.804,
Contact STARLINK-30809 - MoonARTEMIS2,66318.531,70233.520,3914.989,
Contact STARLINK-30809 - MoonARTEMIS2,72064.729,81763.484,9698.755,
Contact STARLINK-30809 - MoonARTEMIS2,83558.794,86400.000,2841.206,
Contact STARLINK-30809 - MoonIOAGEO,0.000,3862.136,3862.136,
Contact STARLINK-30809 - MoonIOAGEO,8847.109,12617.055,3769.946,
Contact STARLINK-30809 - MoonIOAGEO,14598.718,24133.304,9534.586,
Contact STARLINK-30809 - MoonIOAGEO,26090.551,35633.616,9543.065,
Contact STARLINK-30809 - MoonIOAGEO,37579.562,41396.618,3817.056,
Contact STARLINK-30809 - MoonIOAGEO,43329.890,47171.190,3841.300,
Contact STARLINK-30809 - MoonIOAGEO,54838.274,64493.848,9655.574,
Contact STARLINK-30809 - MoonIOAGEO,66337.106,70247.816,3910.710,
Contact STARLINK-30809 - MoonIOAGEO,72081.017,81759.388,9678.371,
Contact STARLINK-30809 - MoonIOAGEO,83574.389,86400.000,2825.611,
Contact STARLINK-30809 - MoonIOAGNO,0.000,6853.277,6853.277,
Contact STARLINK-30809 - MoonIOAGNO,8851.615,12599.439,3747.824,
Contact STARLINK-30809 - MoonIOAGNO,14584.330,24101.096,9516.766,
Contact STARLINK-30809 - MoonIOAGNO,26061.298,35635.607,9574.309,
Contact STARLINK-30809 - MoonIOAGNO,37563.632,41408.915,3845.283,
Contact STARLINK-30809 - MoonIOAGNO,43322.102,52951.848,9629.746,
Contact STARLINK-30809 - MoonIOAGNO,54837.887,64449.426,9611.539,
Contact STARLINK-30809 - MoonIOAGNO,66301.834,70218.288,3916.454,
Contact STARLINK-30809 - MoonIOAGNO,72048.137,81773.586,9725.449,
Contact STARLINK-30809 - MoonIOAGNO,83559.431,86400.000,2840.569,
Contact STARLINK-30809 - MoonIOAGNO 0001,0.000,6822.426,6822.426,
Contact STARLINK-30809 - MoonIOAGNO 0001,8818.125,12587.891,3769.766,
Contact STARLINK-30809 - MoonIOAGNO 0001,14570.054,24128.692,9558.638,
Contact STARLINK-30809 - MoonIOAGNO 0001,26087.021,35638.465,9551.444,
Contact STARLINK-30809 - MoonIOAGNO 0001,37572.875,41389.390,3816.515,
Contact STARLINK-30809 - MoonIOAGNO 0001,43309.017,52922.122,9613.106,
Contact STARLINK-30809 - MoonIOAGNO 0001,54803.911,64474.590,9670.679,
Contact STARLINK-30809 - MoonIOAGNO 0001,66320.978,70253.495,3932.518,
Contact STARLINK-30809 - MoonIOAGNO 0001,72087.077,81760.449,9673.372,
Contact STARLINK-30809 - MoonIOAGNO 0001,83557.500,86400.000,2842.500,
Contact STARLINK-30809 - MoonIOAGSO,0.000,6838.282,6838.282,
Contact STARLINK-30809 - MoonIOAGSO,9280.582,12607.500,3326.918,
Contact STARLINK-30809 - MoonIOAGSO,14598.247,24131.241,9532.994,
Contact STARLINK-30809 - MoonIOAGSO,26109.434,35646.764,9537.329,
Contact STARLINK-30809 - MoonIOAGSO,37602.516,41405.587,3803.072,
Contact STARLINK-30809 - MoonIOAGSO,43344.287,51863.291,8519.004,
Contact STARLINK-30809 - MoonIOAGSO,54829.837,64481.782,9651.946,
Contact STARLINK-30809 - MoonIOAGSO,66354.651,70243.381,3888.731,
Contact STARLINK-30809 - MoonIOAGSO,72106.377,81768.773,9662.397,
Contact STARLINK-30809 - MoonIOAGSO,83597.648,86400.000,2802.352,
Contact STARLINK-30809 - MoonIOAGSO 0001,0.000,6848.538,6848.538,
Contact STARLINK-30809 - MoonIOAGSO 0001,8863.118,12604.420,3741.302,
Contact STARLINK-30809 - MoonIOAGSO 0001,14608.577,24118.296,9509.719,
Contact STARLINK-30809 - MoonIOAGSO 0001,26090.802,35656.848,9566.046,
Contact STARLINK-30809 - MoonIOAGSO 0001,37596.363,41420.874,3824.511,
Contact STARLINK-30809 - MoonIOAGSO 0001,43354.487,52940.539,9586.052,
Contact STARLINK-30809 - MoonIOAGSO 0001,54854.252,64463.225,9608.973,
Contact STARLINK-30809 - MoonIOAGSO 0001,66339.552,70231.016,3891.464,
Contact STARLINK-30809 - MoonIOAGSO 0001,72077.755,81792.270,9714.515,
Contact STARLINK-30809 - MoonIOAGSO 0001,83601.189,86400.000,2798.811,
Contact STARLINK-30809 - MoonLRO,3099.985,4147.371,1047.386,
Contact STARLINK-30809 - MoonLRO,8843.409,10997.921,2154.512,
Contact STARLINK-30809 - MoonLRO,20713.190,24128.194,3415.003,
Contact STARLINK-30809 - MoonLRO,27560.896,29888.073,2327.177,
Contact STARLINK-30809 - MoonLRO,49079.795,51979.673,2899.878,
Contact STARLINK-30809 - MoonLRO,54858.471,58710.899,3852.427,
Contact STARLINK-30809 - MoonLRO,75380.788,79284.025,3903.237,
Contact STARLINK-30809 - MarsSat1,16.881,9374.643,9357.762,
Contact STARLINK-30809 - MarsSat1,11503.689,20861.860,9358.170,
Contact STARLINK-30809 - MarsSat1,22990.494,32349.154,9358.661,
Contact STARLINK-30809 - MarsSat1,34477.318,38092.837,3615.519,
Contact STARLINK-30809 - MarsSat1,40220.742,49580.274,9359.531,
Contact STARLINK-30809 - MarsSat1,51707.614,61067.795,9360.182,
Contact STARLINK-30809 - MarsSat1,63194.502,66811.581,3617.080,
Contact STARLINK-30809 - MarsSat1,68937.945,78299.188,9361.243,
Contact STARLINK-30809 - MarsSat1,80424.820,86400.000,5975.180,
Contact STARLINK-30809 - MarsSat2,16.942,9374.741,9357.799,
Contact STARLINK-30809 - MarsSat2,11503.798,20862.003,9358.205,
Contact STARLINK-30809 - MarsSat2,22990.641,32349.321,9358.680,
Contact STARLINK-30809 - MarsSat2,34477.477,38093.002,3615.524,
Contact STARLINK-30809 - MarsSat2,40220.894,49580.408,9359.514,
Contact STARLINK-30809 - MarsSat2,51707.726,61067.876,9360.150,
Contact STARLINK-30809 - MarsSat2,63194.558,66811.634,3617.076,
Contact STARLINK-30809 - MarsSat2,68937.975,78299.198,9361.223,
Contact STARLINK-30809 - MarsSat2,80424.814,86400.000,5975.186,
Contact STARLINK-30809 - MarsSat3,16.911,9374.703,9357.792,
Contact STARLINK-30809 - MarsSat3,11503.756,20861.942,9358.185,
Contact STARLINK-30809 - MarsSat3,22990.573,32349.226,9358.653,
Contact STARLINK-30809 - MarsSat3,34477.375,38092.889,3615.513,
Contact STARLINK-30809 - MarsSat3,40220.775,49580.265,9359.490,
Contact STARLINK-30809 - MarsSat3,51707.585,61067.733,9360.149,
Contact STARLINK-30809 - MarsSat3,63194.434,66811.515,3617.081,
Contact STARLINK-30809 - MarsSat3,68937.886,78299.164,9361.278,
Contact STARLINK-30809 - MarsSat3,80424.813,86400.000,5975.187,
Contact STARLINK-30809 - MarsSat4,16.871,9374.616,9357.746,
Contact STARLINK-30809 - MarsSat4,11503.661,20861.876,9358.215,
Contact STARLINK-30809 - MarsSat4,22990.537,32349.231,9358.694,
Contact STARLINK-30809 - MarsSat4,34477.384,38092.891,3615.507,
Contact STARLINK-30809 - MarsSat4,40220.779,49580.274,9359.495,
Contact STARLINK-30809 - MarsSat4,51707.614,61067.821,9360.206,
Contact STARLINK-30809 - MarsSat4,63194.514,66811.575,3617.062,
Contact STARLINK-30809 - MarsSat4,68937.920,78299.112,9361.191,
Contact STARLINK-30809 - MarsSat4,80424.742,86400.000,5975.258,
Contact STARLINK-2358 - STARLINK-2006,42883.380,43301.687,418.306,
Contact STARLINK-2358 - STARLINK-2006,57025.741,57675.711,649.970,
Contact STARLINK-2358 - STARLINK-2006,68371.831,69142.501,770.670,
Contact STARLINK-2358 - STARLINK-2006,82576.333,83453.706,877.373,
Contact STARLINK-2358 - STARLINK-3251,0.000,199.645,199.645,
Contact STARLINK-2358 - STARLINK-3251,10440.262,17326.383,6886.120,
Contact STARLINK-2358 - STARLINK-3251,24695.891,25879.994,1184.103,
Contact STARLINK-2358 - STARLINK-3251,38945.896,40148.036,1202.140,
Contact STARLINK-2358 - STARLINK-3251,47508.257,54397.154,6888.897,
Contact STARLINK-2358 - STARLINK-3251,64627.962,68652.621,4024.659,
Contact STARLINK-2358 - STARLINK-3251,78895.214,82889.093,3993.880,
Contact STARLINK-2358 - STARLINK-4108,3376.871,4333.774,956.903,
Contact STARLINK-2358 - STARLINK-4108,17618.882,18605.754,986.872,
Contact STARLINK-2358 - STARLINK-4108,31872.606,32866.056,993.451,
Contact STARLINK-2358 - STARLINK-4108,46121.789,47130.719,1008.930,
Contact STARLINK-2358 - STARLINK-4108,57526.832,61383.996,3857.165,
Contact STARLINK-2358 - STARLINK-4108,71790.083,75641.448,3851.365,
Contact STARLINK-2358 - STARLINK-4108,86049.187,86400.000,350.813,
Contact STARLINK-2358 - STARLINK-30329,2985.917,10314.644,7328.727,
Contact STARLINK-2358 - STARLINK-30329,17302.524,24562.875,7260.351,
Contact STARLINK-2358 - STARLINK-30329,25924.962,33080.651,7155.690,
Contact STARLINK-2358 - STARLINK-30329,40302.827,47269.701,6966.875,
Contact STARLINK-2358 - STARLINK-30329,60533.944,61388.738,854.794,
Contact STARLINK-2358 - STARLINK-31498,6507.276,7518.063,1010.786,
Contact STARLINK-2358 - STARLINK-31498,17764.519,21658.470,3893.951,
Contact STARLINK-2358 - STARLINK-31498,31871.859,32948.833,1076.974,
Contact STARLINK-2358 - STARLINK-31498,40346.313,47034.220,6687.907,
Contact STARLINK-2358 - STARLINK-31498,57343.309,58272.752,929.443,
Contact STARLINK-2358 - STARLINK-31498,71561.183,72275.673,714.490,
Contact STARLINK-2358 - STARLINK-3550,0.000,313.284,313.284,
Contact STARLINK-2358 - STARLINK-3550,10427.912,17508.338,7080.426,
Contact STARLINK-2358 - STARLINK-3550,24635.635,31812.528,7176.893,
Contact STARLINK-2358 - STARLINK-3550,38837.019,46126.287,7289.268,
Contact STARLINK-2358 - STARLINK-3550,47377.663,54691.361,7313.698,
Contact STARLINK-2358 - STARLINK-3550,61599.783,71828.072,10228.289,
Contact STARLINK-2358 - STARLINK-3550,75851.787,86103.181,10251.394,
Contact STARLINK-2358 - STARLINK-30345,6875.911,7429.166,553.255,
Contact STARLINK-2358 - STARLINK-1107,0.000,9621.495,9621.495,
Contact STARLINK-2358 - STARLINK-1351,3345.477,4193.315,847.838,
Contact STARLINK-2358 - STARLINK-1351,17584.675,18495.993,911.318,
Contact STARLINK-2358 - STARLINK-1351,31838.828,32783.957,945.129,
Contact STARLINK-2358 - STARLINK-1351,46091.327,47073.156,981.829,
Contact STARLINK-2358 - STARLINK-1351,57500.927,61348.690,3847.762,
Contact STARLINK-2358 - STARLINK-1351,71772.021,75625.210,3853.189,
Contact STARLINK-2358 - STARLINK-1351,86042.040,86400.000,357.960,
Contact STARLINK-2358 - STARLINK-32134,6640.840,7332.370,691.530,
Contact STARLINK-2358 - STARLINK-32134,17980.956,18561.223,580.267,
Contact STARLINK-2358 - STARLINK-32134,32197.022,32556.620,359.598,
Contact STARLINK-2358 - STARLINK-2635,82671.614,83152.122,480.508,
Contact STARLINK-2358 - STARLINK-30610,14362.850,18020.966,3658.116,
Contact STARLINK-2358 - STARLINK-30610,28379.573,35435.014,7055.441,
Contact STARLINK-2358 - STARLINK-30610,42497.296,49878.280,7380.984,
Contact STARLINK-2358 - STARLINK-30610,50966.592,64306.118,13339.526,
Contact STARLINK-2358 - STARLINK-30610,65140.302,78666.535,13526.233,
Contact STARLINK-2358 - STARLINK-30610,79338.861,86400.000,7061.139,
Contact STARLINK-2358 - STARLINK-3050,21425.847,21701.441,275.594,
Contact STARLINK-2358 - STARLINK-3050,35646.775,36121.285,474.510,
Contact STARLINK-2358 - STARLINK-3050,49896.142,50513.100,616.958,
Contact STARLINK-2358 - STARLINK-3050,64167.327,64882.285,714.958,
Contact STARLINK-2358 - STARLINK-3050,75591.605,79244.213,3652.608,
Contact STARLINK-2358 - STARLINK-30255,3535.301,7342.084,3806.783,
Contact STARLINK-2358 - STARLINK-4170,0.000,574.705,574.705,
Contact STARLINK-2358 - STARLINK-4170,7751.915,14816.612,7064.697,
Contact STARLINK-2358 - STARLINK-4170,24885.512,31903.761,7018.248,
Contact STARLINK-2358 - STARLINK-4170,39166.618,46140.656,6974.038,
Contact STARLINK-2358 - STARLINK-4170,53472.062,54665.221,1193.159,
Contact STARLINK-2358 - STARLINK-4170,67772.185,68886.739,1114.554,
Contact STARLINK-2358 - STARLINK-4170,82099.938,83079.676,979.739,
Contact STARLINK-2358 - STARLINK-32223,46271.104,46823.505,552.401,
Contact STARLINK-2358 - STARLINK-32223,57234.964,64114.960,6879.995,
Contact STARLINK-2358 - STARLINK-32223,65560.786,72648.289,7087.503,
Contact STARLINK-2358 - STARLINK-32223,79517.760,86400.000,6882.240,
Contact STARLINK-2358 - STARLINK-31812,53795.702,54091.800,296.098,
Contact STARLINK-2358 - STARLINK-31812,67704.638,68410.692,706.054,
Contact STARLINK-2358 - STARLINK-31812,78909.405,79787.529,878.124,
Contact STARLINK-2358 - STARLINK-31931,0.000,3397.852,3397.852,
Contact STARLINK-2358 - STARLINK-31931,10226.933,11522.487,1295.554,
Contact STARLINK-2358 - STARLINK-3601,0.000,6808.117,6808.117,
Contact STARLINK-2358 - STARLINK-3601,13913.816,21122.321,7208.505,
Contact STARLINK-2358 - STARLINK-3601,28089.269,35450.965,7361.696,
Contact STARLINK-2358 - STARLINK-3601,36614.556,49745.662,13131.106,
Contact STARLINK-2358 - STARLINK-3601,50806.480,61183.004,10376.524,
Contact STARLINK-2358 - STARLINK-3601,65026.984,75480.245,10453.260,
Contact STARLINK-2358 - STARLINK-3601,79242.605,86400.000,7157.395,
Contact STARLINK-2358 - STARLINK-3603,0.000,7138.930,7138.930,
Contact STARLINK-2358 - STARLINK-3603,11025.819,21423.603,10397.783,
Contact STARLINK-2358 - STARLINK-3603,25260.545,35714.257,10453.713,
Contact STARLINK-2358 - STARLINK-3603,36654.042,49963.401,13309.359,
Contact STARLINK-2358 - STARLINK-3603,50904.451,64217.222,13312.772,
Contact STARLINK-2358 - STARLINK-3603,65189.597,75598.437,10408.840,
Contact STARLINK-2358 - STARLINK-3603,79475.420,86400.000,6924.580,
Contact STARLINK-2358 - STARLINK-5972,10490.721,11111.419,620.699,
Contact STARLINK-2358 - STARLINK-5972,24804.562,25408.167,603.606,
Contact STARLINK-2358 - STARLINK-5972,39109.970,39712.035,602.064,
Contact STARLINK-2358 - STARLINK-5972,53423.339,54009.164,585.825,
Contact STARLINK-2358 - STARLINK-5972,79172.489,79756.749,584.260,
Contact STARLINK-2358 - STARLINK-30145,0.000,76539.191,76539.191,
Contact STARLINK-2358 - STARLINK-30549,10213.529,11126.961,913.433,
Contact STARLINK-2358 - STARLINK-30549,21536.692,25259.210,3722.518,
Contact STARLINK-2358 - STARLINK-30549,35701.912,36560.282,858.370,
Contact STARLINK-2358 - STARLINK-30549,49871.639,50680.304,808.665,
Contact STARLINK-2358 - STARLINK-30549,75413.120,76060.379,647.259,
Contact STARLINK-2358 - STARLINK-1463,0.000,6924.414,6924.414,
Contact STARLINK-2358 - STARLINK-1463,13807.293,20818.187,7010.894,
Contact STARLINK-2358 - STARLINK-1463,28774.042,28961.605,187.564,
Contact STARLINK-2358 - STARLINK-6241,86216.350,86400.000,183.650,
Contact STARLINK-2358 - STARLINK-5565,6914.840,7720.371,805.530,
Contact STARLINK-2358 - STARLINK-5565,21213.041,22037.286,824.246,
Contact STARLINK-2358 - STARLINK-5565,35517.516,36347.622,830.106,
Contact STARLINK-2358 - STARLINK-5565,49826.605,50653.320,826.715,
Contact STARLINK-2358 - STARLINK-5565,64143.476,64951.217,807.741,
Contact STARLINK-2358 - STARLINK-5565,78463.510,79245.709,782.199,
Contact STARLINK-2358 - STARLINK-1227,3306.182,7303.070,3996.888,
Contact STARLINK-2358 - STARLINK-1227,17597.148,18696.277,1099.128,
Contact STARLINK-2358 - STARLINK-1227,31910.626,32921.679,1011.053,
Contact STARLINK-2358 - STARLINK-1227,46222.637,47149.451,926.814,
Contact STARLINK-2358 - STARLINK-1227,60562.207,61348.778,786.571,
Contact STARLINK-2358 - STARLINK-5093,10455.464,11080.677,625.213,
Contact STARLINK-2358 - STARLINK-5093,24772.940,25381.547,608.607,
Contact STARLINK-2358 - STARLINK-5093,39084.495,39688.906,604.410,
Contact STARLINK-2358 - STARLINK-5093,79160.120,79744.891,584.771,
Contact STARLINK-2358 - STARLINK-2556,7015.906,7918.366,902.460,
Contact STARLINK-2358 - STARLINK-2556,21271.935,22179.751,907.816,
Contact STARLINK-2358 - STARLINK-2556,35531.630,36437.261,905.631,
Contact STARLINK-2358 - STARLINK-2556,49792.541,50693.501,900.960,
Contact STARLINK-2358 - STARLINK-2556,64057.595,64945.516,887.921,
Contact STARLINK-2358 - STARLINK-2556,75470.880,76345.810,874.930,
Contact STARLINK-2358 - STARLINK-1073,0.000,4067.566,4067.566,
Contact STARLINK-2358 - STARLINK-1073,11339.506,18400.556,7061.050,
Contact STARLINK-2358 - STARLINK-1073,28428.269,35565.529,7137.259,
Contact STARLINK-2358 - STARLINK-1073,42696.301,49840.991,7144.690,
Contact STARLINK-2358 - STARLINK-1073,56969.270,64113.055,7143.784,
Contact STARLINK-2358 - STARLINK-1073,71275.471,72654.408,1378.937,
Contact STARLINK-2358 - STARLINK-1073,79856.658,86400.000,6543.342,
Contact STARLINK-2358 - STARLINK-32088,3137.567,3809.412,671.845,
Contact STARLINK-2358 - STARLINK-5829,0.000,3.516,3.516,
Contact STARLINK-2358 - STARLINK-5829,39503.500,40065.424,561.924,
Contact STARLINK-2358 - STARLINK-5829,53815.208,54369.858,554.649,
Contact STARLINK-2358 - STARLINK-5829,68115.237,68685.183,569.946,
Contact STARLINK-2358 - STARLINK-5829,82425.507,82990.870,565.363,
Contact STARLINK-2358 - STARLINK-31979,10044.018,10922.809,878.790,
Contact STARLINK-2358 - STARLINK-31979,21377.217,22236.790,859.573,
Contact STARLINK-2358 - STARLINK-31979,35551.238,36371.699,820.461,
Contact STARLINK-2358 - STARLINK-31979,49728.689,50503.107,774.418,
Contact STARLINK-2358 - STARLINK-31979,61077.230,61801.630,724.400,
Contact STARLINK-2358 - STARLINK-31979,75271.778,75915.780,644.002,
Contact STARLINK-2358 - STARLINK-30754,7160.302,7446.524,286.221,
Contact STARLINK-2358 - STARLINK-3832,4610.719,86400.000,81789.281,
Contact STARLINK-2358 - STARLINK-1776,0.000,86400.000,86400.000,
Contact STARLINK-2358 - STARLINK-6199,61060.447,61449.256,388.809,
Contact STARLINK-2358 - STARLINK-6199,75244.416,75822.623,578.207,
Contact STARLINK-2358 - STARLINK-5737,0.000,26104.737,26104.737,
Contact STARLINK-2358 - STARLINK-3506,0.000,715.890,715.890,
Contact STARLINK-2358 - STARLINK-3506,13759.650,20939.855,7180.204,
Contact STARLINK-2358 - STARLINK-3506,22174.419,35420.458,13246.039,
Contact STARLINK-2358 - STARLINK-3506,36241.673,86400.000,50158.327,
Contact STARLINK-2358 - STARLINK-11092 [DTC],64350.907,64961.478,610.571,
Contact STARLINK-2358 - STARLINK-11092 [DTC],75456.845,76224.015,767.170,
Contact STARLINK-2358 - STARLINK-5176,14299.969,14891.546,591.576,
Contact STARLINK-2358 - STARLINK-5176,28435.481,29274.924,839.443,
Contact STARLINK-2358 - STARLINK-5176,42620.731,43607.019,986.288,
Contact STARLINK-2358 - STARLINK-5176,51124.456,57943.843,6819.388,
Contact STARLINK-2358 - STARLINK-5176,68164.326,72249.303,4084.976,
Contact STARLINK-2358 - STARLINK-5176,82383.723,86400.000,4016.277,
Contact STARLINK-2358 - STARLINK-4522,10080.203,10889.008,808.805,
Contact STARLINK-2358 - STARLINK-4522,21465.430,22303.146,837.716,
Contact STARLINK-2358 - STARLINK-4522,35702.160,36565.284,863.124,
Contact STARLINK-2358 - STARLINK-4522,49934.871,50831.817,896.946,
Contact STARLINK-2358 - STARLINK-4522,64175.956,65089.433,913.477,
Contact STARLINK-2358 - STARLINK-4522,75567.850,79351.480,3783.629,
Contact STARLINK-2358 - MoonARTEMIS1,5725.187,9267.548,3542.361,
Contact STARLINK-2358 - MoonARTEMIS1,11442.236,20687.641,9245.405,
Contact STARLINK-2358 - MoonARTEMIS1,22858.860,32098.146,9239.286,
Contact STARLINK-2358 - MoonARTEMIS1,34267.214,37801.575,3534.362,
Contact STARLINK-2358 - MoonARTEMIS1,39969.681,49205.943,9236.262,
Contact STARLINK-2358 - MoonARTEMIS1,51372.244,60607.762,9235.518,
Contact STARLINK-2358 - MoonARTEMIS1,62772.405,66307.901,3535.496,
Contact STARLINK-2358 - MoonARTEMIS1,68471.781,77706.898,9235.116,
Contact STARLINK-2358 - MoonARTEMIS1,79869.447,86400.000,6530.553,
Contact STARLINK-2358 - MoonARTEMIS2,5707.670,9239.790,3532.121,
Contact STARLINK-2358 - MoonARTEMIS2,11410.696,20647.151,9236.455,
Contact STARLINK-2358 - MoonARTEMIS2,22818.854,32063.486,9244.632,
Contact STARLINK-2358 - MoonARTEMIS2,34892.942,37781.079,2888.137,
Contact STARLINK-2358 - MoonARTEMIS2,39952.710,49188.889,9236.179,
Contact STARLINK-2358 - MoonARTEMIS2,51359.027,60592.587,9233.560,
Contact STARLINK-2358 - MoonARTEMIS2,62762.329,66294.215,3531.886,
Contact STARLINK-2358 - MoonARTEMIS2,74164.957,77697.492,3532.536,
Contact STARLINK-2358 - MoonARTEMIS2,79866.177,86400.000,6533.823,
Contact STARLINK-2358 - MoonIOAGEO,11437.028,20674.784,9237.755,
Contact STARLINK-2358 - MoonIOAGEO,22843.058,32062.297,9219.239,
Contact STARLINK-2358 - MoonIOAGEO,34230.100,37759.969,3529.869,
Contact STARLINK-2358 - MoonIOAGEO,39930.188,47793.416,7863.229,
Contact STARLINK-2358 - MoonIOAGEO,51990.044,60599.420,8609.376,
Contact STARLINK-2358 - MoonIOAGEO,62767.165,66299.367,3532.202,
Contact STARLINK-2358 - MoonIOAGEO,74156.858,77686.888,3530.029,
Contact STARLINK-2358 - MoonIOAGEO,79851.810,86400.000,6548.190,
Contact STARLINK-2358 - MoonIOAGNO,5734.286,9260.641,3526.355,
Contact STARLINK-2358 - MoonIOAGNO,11424.914,20661.129,9236.215,
Contact STARLINK-2358 - MoonIOAGNO,22833.309,32076.077,9242.768,
Contact STARLINK-2358 - MoonIOAGNO,34247.582,37782.194,3534.612,
Contact STARLINK-2358 - MoonIOAGNO,39952.879,49187.596,9234.717,
Contact STARLINK-2358 - MoonIOAGNO,51353.588,60580.524,9226.935,
Contact STARLINK-2358 - MoonIOAGNO,62751.221,66287.570,3536.348,
Contact STARLINK-2358 - MoonIOAGNO,74164.913,77702.228,3537.315,
Contact STARLINK-2358 - MoonIOAGNO,79870.737,86400.000,6529.263,
Contact STARLINK-2358 - MoonIOAGNO 0001,5728.257,9264.432,3536.175,
Contact STARLINK-2358 - MoonIOAGNO 0001,11435.552,20675.138,9239.586,
Contact STARLINK-2358 - MoonIOAGNO 0001,22845.111,32069.189,9224.078,
Contact STARLINK-2358 - MoonIOAGNO 0001,34234.972,37766.970,3531.998,
Contact STARLINK-2358 - MoonIOAGNO 0001,39938.677,49181.476,9242.799,
Contact STARLINK-2358 - MoonIOAGNO 0001,51352.983,60594.711,9241.728,
Contact STARLINK-2358 - MoonIOAGNO 0001,62764.001,66299.177,3535.176,
Contact STARLINK-2358 - MoonIOAGNO 0001,74162.564,77691.868,3529.304,
Contact STARLINK-2358 - MoonIOAGNO 0001,79858.109,86400.000,6541.891,
Contact STARLINK-2358 - MoonIOAGSO,5716.561,8002.649,2286.088,
Contact STARLINK-2358 - MoonIOAGSO,11434.140,20653.989,9219.849,
Contact STARLINK-2358 - MoonIOAGSO,22821.364,32048.636,9227.272,
Contact STARLINK-2358 - MoonIOAGSO,34217.949,37751.202,3533.253,
Contact STARLINK-2358 - MoonIOAGSO,39921.631,49170.530,9248.899,
Contact STARLINK-2358 - MoonIOAGSO,52483.930,60583.932,8100.002,
Contact STARLINK-2358 - MoonIOAGSO,62748.046,66278.076,3530.030,
Contact STARLINK-2358 - MoonIOAGSO,74139.844,77675.713,3535.869,
Contact STARLINK-2358 - MoonIOAGSO,79840.840,86400.000,6559.160,
Contact STARLINK-2358 - MoonIOAGSO 0001,5706.864,9236.890,3530.026,
Contact STARLINK-2358 - MoonIOAGSO 0001,11406.486,20644.654,9238.168,
Contact STARLINK-2358 - MoonIOAGSO 0001,22817.133,30028.049,7210.917,
Contact STARLINK-2358 - MoonIOAGSO 0001,34245.718,37772.187,3526.469,
Contact STARLINK-2358 - MoonIOAGSO 0001,39938.100,49161.759,9223.659,
Contact STARLINK-2358 - MoonIOAGSO 0001,51328.846,60564.759,9235.913,
Contact STARLINK-2358 - MoonIOAGSO 0001,62733.606,66272.413,3538.807,
Contact STARLINK-2358 - MoonIOAGSO 0001,74161.244,77702.898,3541.654,
Contact STARLINK-2358 - MoonIOAGSO 0001,79865.979,86400.000,6534.021,
Contact STARLINK-2358 - MoonLRO,7076.820,9256.924,2180.104,
Contact STARLINK-2358 - MoonLRO,13891.476,14962.411,1070.936,
Contact STARLINK-2358 - MoonLRO,28539.114,31460.207,2921.093,
Contact STARLINK-2358 - MoonLRO,34401.758,37770.445,3368.687,
Contact STARLINK-2358 - MoonLRO,41224.552,43475.320,2250.767,
Contact STARLINK-2358 - MoonLRO,57051.297,58789.497,1738.200,
Contact STARLINK-2358 - MoonLRO,62756.721,65607.904,2851.183,
Contact STARLINK-2358 - MoonLRO,75369.611,77696.364,2326.753,
Contact STARLINK-2358 - MoonLRO,82184.347,83402.455,1218.108,
Contact STARLINK-2358 - MarsSat1,0.000,5928.151,5928.151,
Contact STARLINK-2358 - MarsSat1,8038.363,17308.654,9270.291,
Contact STARLINK-2358 - MarsSat1,19420.427,28689.063,9268.636,
Contact STARLINK-2358 - MarsSat1,30802.356,34379.240,3576.884,
Contact STARLINK-2358 - MarsSat1,36493.280,45759.557,9266.276,
Contact STARLINK-2358 - MarsSat1,47875.061,57139.832,9264.771,
Contact STARLINK-2358 - MarsSat1,59256.756,62829.953,3573.197,
Contact STARLINK-2358 - MarsSat1,64947.566,74210.147,9262.581,
Contact STARLINK-2358 - MarsSat1,76329.097,85590.256,9261.160,
Contact STARLINK-2358 - MarsSat2,0.000,5928.102,5928.102,
Contact STARLINK-2358 - MarsSat2,8038.346,17308.666,9270.320,
Contact STARLINK-2358 - MarsSat2,19420.482,28689.149,9268.667,
Contact STARLINK-2358 - MarsSat2,30802.488,34379.360,3576.872,
Contact STARLINK-2358 - MarsSat2,36493.442,45759.721,9266.279,
Contact STARLINK-2358 - MarsSat2,47875.253,57140.001,9264.748,
Contact STARLINK-2358 - MarsSat2,59256.934,62830.111,3573.177,
Contact STARLINK-2358 - MarsSat2,64947.727,74210.272,9262.545,
Contact STARLINK-2358 - MarsSat2,76329.215,85590.352,9261.138,
Contact STARLINK-2358 - MarsSat3,0.000,5928.104,5928.104,
Contact STARLINK-2358 - MarsSat3,8038.342,17308.678,9270.336,
Contact STARLINK-2358 - MarsSat3,19420.482,28689.158,9268.676,
Contact STARLINK-2358 - MarsSat3,30802.475,34379.359,3576.885,
Contact STARLINK-2358 - MarsSat3,36493.414,45759.684,9266.269,
Contact STARLINK-2358 - MarsSat3,47875.179,57139.898,9264.719,
Contact STARLINK-2358 - MarsSat3,59256.791,62829.967,3573.176,
Contact STARLINK-2358 - MarsSat3,64947.548,74210.075,9262.527,
Contact STARLINK-2358 - MarsSat3,76329.013,85590.176,9261.163,
Contact STARLINK-2358 - MarsSat4,0.000,5928.140,5928.140,
Contact STARLINK-2358 - MarsSat4,8038.349,17308.622,9270.274,
Contact STARLINK-2358 - MarsSat4,19420.390,28689.090,9268.700,
Contact STARLINK-2358 - MarsSat4,30802.419,34379.313,3576.894,
Contact STARLINK-2358 - MarsSat4,36493.374,45759.633,9266.259,
Contact STARLINK-2358 - MarsSat4,47875.123,57139.860,9264.737,
Contact STARLINK-2358 - MarsSat4,59256.796,62829.998,3573.202,
Contact STARLINK-2358 - MarsSat4,64947.613,74210.165,9262.552,
Contact STARLINK-2358 - MarsSat4,76329.088,85590.184,9261.096,
Contact STARLINK-1661 - STARLINK-2018,10283.347,11097.202,813.855,
Contact STARLINK-1661 - STARLINK-2018,24595.404,25359.239,763.835,
Contact STARLINK-1661 - STARLINK-2018,38853.554,39682.841,829.287,
Contact STARLINK-1661 - STARLINK-2018,50281.637,51117.034,835.397,
Contact STARLINK-1661 - STARLINK-2018,64592.844,65379.753,786.908,
Contact STARLINK-1661 - STARLINK-2018,78851.846,79702.364,850.518,
Contact STARLINK-1661 - STARLINK-31116,0.000,86400.000,86400.000,
Contact STARLINK-1661 - STARLINK-1107,75073.320,75946.385,873.065,
Contact STARLINK-1661 - STARLINK-1107,86243.617,86400.000,156.383,
Contact STARLINK-1661 - STARLINK-31971,2911.315,4133.839,1222.524,
Contact STARLINK-1661 - STARLINK-31971,14304.465,18223.749,3919.284,
Contact STARLINK-1661 - STARLINK-31971,28608.352,29453.263,844.911,
Contact STARLINK-1661 - STARLINK-31971,43028.452,43378.764,350.312,
Contact STARLINK-1661 - STARLINK-31430,46775.723,47394.119,618.396,
Contact STARLINK-1661 - STARLINK-31430,60705.834,61766.420,1060.586,
Contact STARLINK-1661 - STARLINK-31430,69132.764,76007.799,6875.035,
Contact STARLINK-1661 - STARLINK-31430,86065.146,86400.000,334.854,
Contact STARLINK-1661 - STARLINK-5969,0.000,4253.610,4253.610,
Contact STARLINK-1661 - STARLINK-5969,11388.359,18638.151,7249.793,
Contact STARLINK-1661 - STARLINK-5969,25632.004,35905.614,10273.611,
Contact STARLINK-1661 - STARLINK-5969,39899.534,50299.106,10399.572,
Contact STARLINK-1661 - STARLINK-5969,54162.517,64655.052,10492.535,
Contact STARLINK-1661 - STARLINK-5969,68447.066,79027.768,10580.703,
Contact STARLINK-1661 - STARLINK-5969,79877.923,86400.000,6522.077,
Contact STARLINK-1661 - STARLINK-5155,0.000,86400.000,86400.000,
Contact STARLINK-1661 - STARLINK-31138,0.000,85.650,85.650,
Contact STARLINK-1661 - STARLINK-31138,10296.815,11519.405,1222.590,
Contact STARLINK-1661 - STARLINK-31138,24459.472,25777.075,1317.603,
Contact STARLINK-1661 - STARLINK-31138,32959.621,40018.905,7059.284,
Contact STARLINK-1661 - STARLINK-31138,50006.216,57061.249,7055.033,
Contact STARLINK-1661 - STARLINK-31138,64251.947,65559.568,1307.621,
Contact STARLINK-1661 - STARLINK-31138,78513.945,79717.232,1203.287,
Contact STARLINK-1661 - STARLINK-2736,4161.749,11118.871,6957.121,
Contact STARLINK-1661 - STARLINK-2736,21291.015,25364.611,4073.596,
Contact STARLINK-1661 - STARLINK-2736,35574.780,42464.231,6889.450,
Contact STARLINK-1661 - STARLINK-2736,49848.183,51019.665,1171.481,
Contact STARLINK-1661 - STARLINK-2736,64137.565,65257.496,1119.931,
Contact STARLINK-1661 - STARLINK-2736,72701.687,79506.923,6805.236,
Contact STARLINK-1661 - STARLINK-5960,0.000,39483.829,39483.829,
Contact STARLINK-1661 - STARLINK-5960,39994.728,53650.696,13655.968,
Contact STARLINK-1661 - STARLINK-5960,54449.128,67871.303,13422.175,
Contact STARLINK-1661 - STARLINK-5960,68897.397,82057.584,13160.187,
Contact STARLINK-1661 - STARLINK-5960,83330.589,86400.000,3069.411,
Contact STARLINK-1661 - STARLINK-31673,2942.845,3908.758,965.912,
Contact STARLINK-1661 - STARLINK-31673,14335.954,18147.133,3811.179,
Contact STARLINK-1661 - STARLINK-31673,28584.274,29537.151,952.877,
Contact STARLINK-1661 - STARLINK-31673,42830.975,43773.690,942.715,
Contact STARLINK-1661 - STARLINK-31673,57088.009,57999.915,911.907,
Contact STARLINK-1661 - STARLINK-31673,71343.759,72227.540,883.781,
Contact STARLINK-1661 - STARLINK-31673,82754.045,86400.000,3645.955,
Contact STARLINK-1661 - STARLINK-2127,0.000,86400.000,86400.000,
Contact STARLINK-1661 - STARLINK-30756,0.000,86400.000,86400.000,
Contact STARLINK-1661 - STARLINK-1580,39480.181,39949.084,468.902,
Contact STARLINK-1661 - STARLINK-1580,53769.367,54231.692,462.326,
Contact STARLINK-1661 - STARLINK-1580,68037.850,68536.192,498.341,
Contact STARLINK-1661 - STARLINK-1580,82326.834,82818.889,492.054,
Contact STARLINK-1661 - STARLINK-31812,0.000,103.427,103.427,
Contact STARLINK-1661 - STARLINK-31812,10374.253,11414.675,1040.422,
Contact STARLINK-1661 - STARLINK-31812,24585.316,25500.286,914.970,
Contact STARLINK-1661 - STARLINK-31812,35998.073,36725.686,727.613,
Contact STARLINK-1661 - STARLINK-31812,50387.486,50634.661,247.175,
Contact STARLINK-1661 - STARLINK-1323,3784.783,14184.411,10399.627,
Contact STARLINK-1661 - STARLINK-1323,18082.379,28484.915,10402.537,
Contact STARLINK-1661 - STARLINK-1323,29514.126,42763.747,13249.620,
Contact STARLINK-1661 - STARLINK-1323,43795.937,57064.173,13268.236,
Contact STARLINK-1661 - STARLINK-1323,58093.420,71342.976,13249.556,
Contact STARLINK-1661 - STARLINK-1323,72375.203,82774.638,10399.434,
Contact STARLINK-1661 - STARLINK-3969,10092.237,11173.319,1081.083,
Contact STARLINK-1661 - STARLINK-3969,21526.166,25462.864,3936.698,
Contact STARLINK-1661 - STARLINK-3969,35823.641,39762.725,3939.084,
Contact STARLINK-1661 - STARLINK-3969,50111.052,54052.185,3941.133,
Contact STARLINK-1661 - STARLINK-3969,64408.539,65487.850,1079.312,
Contact STARLINK-1661 - STARLINK-3969,78696.030,79787.516,1091.486,
Contact STARLINK-1661 - STARLINK-4201,0.000,86400.000,86400.000,
Contact STARLINK-1661 - STARLINK-31060,714.274,10461.958,9747.684,
Contact STARLINK-1661 - STARLINK-31060,17428.932,24354.004,6925.072,
Contact STARLINK-1661 - STARLINK-31060,31855.954,32475.741,619.787,
Contact STARLINK-1661 - STARLINK-5972,3116.946,4319.820,1202.874,
Contact STARLINK-1661 - STARLINK-5972,17434.792,18690.870,1256.077,
Contact STARLINK-1661 - STARLINK-5972,31756.836,33065.201,1308.365,
Contact STARLINK-1661 - STARLINK-5972,46095.167,47414.976,1319.809,
Contact STARLINK-1661 - STARLINK-5972,54697.836,61769.055,7071.219,
Contact STARLINK-1661 - STARLINK-5972,69050.950,76100.142,7049.193,
Contact STARLINK-1661 - STARLINK-5972,83406.356,86400.000,2993.644,
Contact STARLINK-1661 - STARLINK-32210,0.000,86400.000,86400.000,
Contact STARLINK-1661 - STARLINK-1463,53819.031,54093.035,274.004,
Contact STARLINK-1661 - STARLINK-1463,68078.979,68555.053,476.074,
Contact STARLINK-1661 - STARLINK-1463,82373.206,82983.672,610.466,
Contact STARLINK-1661 - STARLINK-31530,53823.849,54446.721,622.872,
Contact STARLINK-1661 - STARLINK-31530,67813.618,68755.644,942.026,
Contact STARLINK-1661 - STARLINK-31530,79067.977,82973.615,3905.637,
Contact STARLINK-1661 - STARLINK-5093,3109.086,4253.861,1144.774,
Contact STARLINK-1661 - STARLINK-5093,17422.392,18638.159,1215.767,
Contact STARLINK-1661 - STARLINK-5093,31736.991,33028.595,1291.604,
Contact STARLINK-1661 - STARLINK-5093,46075.432,47387.174,1311.742,
Contact STARLINK-1661 - STARLINK-5093,54675.067,61752.459,7077.393,
Contact STARLINK-1661 - STARLINK-5093,69031.591,76088.523,7056.932,
Contact STARLINK-1661 - STARLINK-5093,83387.193,86400.000,3012.807,
Contact STARLINK-1661 - STARLINK-5591,320.787,13965.105,13644.318,
Contact STARLINK-1661 - STARLINK-5591,14714.371,28258.255,13543.884,
Contact STARLINK-1661 - STARLINK-5591,29156.540,42487.342,13330.802,
Contact STARLINK-1661 - STARLINK-5591,43624.486,51038.630,7414.144,
Contact STARLINK-1661 - STARLINK-5591,58127.433,65227.388,7099.955,
Contact STARLINK-1661 - STARLINK-5591,75571.030,79409.923,3838.893,
Contact STARLINK-1661 - STARLINK-32088,82971.925,86400.000,3428.075,
Contact STARLINK-1661 - STARLINK-5829,572.487,7567.562,6995.075,
Contact STARLINK-1661 - STARLINK-5829,17847.744,21876.065,4028.321,
Contact STARLINK-1661 - STARLINK-5829,32249.022,36157.669,3908.647,
Contact STARLINK-1661 - STARLINK-5829,46671.760,50445.858,3774.098,
Contact STARLINK-1661 - STARLINK-5829,61095.725,61858.985,763.260,
Contact STARLINK-1661 - STARLINK-5829,75559.211,76090.898,531.687,
Contact STARLINK-1661 - STARLINK-3325,10618.944,11433.437,814.493,
Contact STARLINK-1661 - STARLINK-3325,24914.663,25730.590,815.927,
Contact STARLINK-1661 - STARLINK-3325,39206.191,40031.424,825.233,
Contact STARLINK-1661 - STARLINK-3325,53501.951,54328.467,826.517,
Contact STARLINK-1661 - STARLINK-3325,67793.645,68629.083,835.438,
Contact STARLINK-1661 - STARLINK-3325,82089.448,82926.016,836.568,
Contact STARLINK-1661 - STARLINK-5850,0.000,86400.000,86400.000,
Contact STARLINK-1661 - STARLINK-5453,0.000,86400.000,86400.000,
Contact STARLINK-1661 - STARLINK-31082,0.000,86400.000,86400.000,
Contact STARLINK-1661 - STARLINK-4569,6812.489,13773.215,6960.726,
Contact STARLINK-1661 - STARLINK-4569,21117.209,28149.272,7032.063,
Contact STARLINK-1661 - STARLINK-4569,35446.803,42506.795,7059.992,
Contact STARLINK-1661 - STARLINK-4569,49766.075,51126.527,1360.452,
Contact STARLINK-1661 - STARLINK-4569,64111.395,65471.833,1360.438,
Contact STARLINK-1661 - STARLINK-4569,72708.256,79819.303,7111.047,
Contact STARLINK-1661 - STARLINK-4328,3587.761,7306.888,3719.127,
Contact STARLINK-1661 - STARLINK-4328,17926.463,21654.875,3728.411,
Contact STARLINK-1661 - STARLINK-4328,32257.447,33128.725,871.278,
Contact STARLINK-1661 - STARLINK-4328,46598.992,47464.992,866.000,
Contact STARLINK-1661 - STARLINK-4328,60932.748,61809.312,876.564,
Contact STARLINK-1661 - STARLINK-4328,75277.674,76142.206,864.532,
Contact STARLINK-1661 - STARLINK-11136 [DTC],57403.487,58010.332,606.845,
Contact STARLINK-1661 - STARLINK-11136 [DTC],71316.132,72126.518,810.386,
Contact STARLINK-1661 - STARLINK-11136 [DTC],82533.267,83331.961,798.695,
Contact STARLINK-1661 - STARLINK-11092 [DTC],10298.590,11178.783,880.193,
Contact STARLINK-1661 - STARLINK-11092 [DTC],18423.901,28331.639,9907.739,
Contact STARLINK-1661 - STARLINK-11092 [DTC],29564.080,36574.898,7010.819,
Contact STARLINK-1661 - STARLINK-11072 [DTC],35706.832,67494.375,31787.543,
Contact STARLINK-1661 - STARLINK-5503,42950.024,43464.503,514.480,
Contact STARLINK-1661 - STARLINK-5503,57185.961,57900.585,714.625,
Contact STARLINK-1661 - STARLINK-5503,71434.004,72327.346,893.341,
Contact STARLINK-1661 - STARLINK-5503,85714.065,86400.000,685.935,
Contact STARLINK-1661 - MoonARTEMIS1,1794.042,5840.247,4046.205,
Contact STARLINK-1661 - MoonARTEMIS1,7522.206,17400.433,9878.227,
Contact STARLINK-1661 - MoonARTEMIS1,18984.761,34699.551,15714.790,
Contact STARLINK-1661 - MoonARTEMIS1,36168.389,46224.258,10055.868,
Contact STARLINK-1661 - MoonARTEMIS1,47621.750,75022.472,27400.723,
Contact STARLINK-1661 - MoonARTEMIS1,76249.846,86400.000,10150.154,
Contact STARLINK-1661 - MoonARTEMIS2,0.000,5784.352,5784.352,
Contact STARLINK-1661 - MoonARTEMIS2,7490.369,17291.486,9801.117,
Contact STARLINK-1661 - MoonARTEMIS2,18941.996,33015.024,14073.028,
Contact STARLINK-1661 - MoonARTEMIS2,36145.999,46161.302,10015.303,
Contact STARLINK-1661 - MoonARTEMIS2,47585.506,74976.049,27390.543,
Contact STARLINK-1661 - MoonARTEMIS2,76186.434,86400.000,10213.566,
Contact STARLINK-1661 - MoonIOAGEO,0.000,3854.923,3854.923,
Contact STARLINK-1661 - MoonIOAGEO,7922.356,17375.403,9453.047,
Contact STARLINK-1661 - MoonIOAGEO,18972.307,34586.180,15613.872,
Contact STARLINK-1661 - MoonIOAGEO,36132.928,46118.833,9985.905,
Contact STARLINK-1661 - MoonIOAGEO,53319.928,74959.013,21639.085,
Contact STARLINK-1661 - MoonIOAGEO,76218.027,86400.000,10181.973,
Contact STARLINK-1661 - MoonIOAGNO,0.000,5857.184,5857.184,
Contact STARLINK-1661 - MoonIOAGNO,7524.824,17317.979,9793.155,
Contact STARLINK-1661 - MoonIOAGNO,18937.914,34606.666,15668.752,
Contact STARLINK-1661 - MoonIOAGNO,36097.115,46156.484,10059.369,
Contact STARLINK-1661 - MoonIOAGNO,47581.595,74978.522,27396.927,
Contact STARLINK-1661 - MoonIOAGNO,76159.717,86400.000,10240.283,
Contact STARLINK-1661 - MoonIOAGNO 0001,0.000,5816.561,5816.561,
Contact STARLINK-1661 - MoonIOAGNO 0001,7479.413,17344.292,9864.878,
Contact STARLINK-1661 - MoonIOAGNO 0001,18937.721,34600.715,15662.994,
Contact STARLINK-1661 - MoonIOAGNO 0001,36128.083,46111.212,9983.128,
Contact STARLINK-1661 - MoonIOAGNO 0001,47538.874,74984.416,27445.542,
Contact STARLINK-1661 - MoonIOAGNO 0001,76237.280,86400.000,10162.720,
Contact STARLINK-1661 - MoonIOAGSO,0.000,5827.836,5827.836,
Contact STARLINK-1661 - MoonIOAGSO,9411.528,17350.785,7939.257,
Contact STARLINK-1661 - MoonIOAGSO,18990.181,34588.213,15598.032,
Contact STARLINK-1661 - MoonIOAGSO,36172.910,46106.785,9933.875,
Contact STARLINK-1661 - MoonIOAGSO,47596.641,63427.120,15830.479,
Contact STARLINK-1661 - MoonIOAGSO,64808.975,74929.077,10120.102,
Contact STARLINK-1661 - MoonIOAGSO,76273.444,86400.000,10126.556,
Contact STARLINK-1661 - MoonIOAGSO 0001,0.000,5833.439,5833.439,
Contact STARLINK-1661 - MoonIOAGSO 0001,7551.714,17323.946,9772.232,
Contact STARLINK-1661 - MoonIOAGSO 0001,18989.901,34626.542,15636.640,
Contact STARLINK-1661 - MoonIOAGSO 0001,36148.461,46121.662,9973.201,
Contact STARLINK-1661 - MoonIOAGSO 0001,47630.517,74986.758,27356.241,
Contact STARLINK-1661 - MoonIOAGSO 0001,76214.089,86400.000,10185.911,
Contact STARLINK-1661 - MoonLRO,1793.065,4173.520,2380.455,
Contact STARLINK-1661 - MoonLRO,7511.166,17346.223,9835.057,
Contact STARLINK-1661 - MoonLRO,20738.982,23099.662,2360.679,
Contact STARLINK-1661 - MoonLRO,27579.578,31465.876,3886.298,
Contact STARLINK-1661 - MoonLRO,41854.748,45147.880,3293.133,
Contact STARLINK-1661 - MoonLRO,48031.632,51899.485,3867.853,
Contact STARLINK-1661 - MoonLRO,54882.504,57666.016,2783.512,
Contact STARLINK-1661 - MoonLRO,61726.489,65611.626,3885.137,
Contact STARLINK-1661 - MoonLRO,70497.382,72464.930,1967.548,
Contact STARLINK-1661 - MoonLRO,76213.766,86109.673,9895.907,
Contact STARLINK-1661 - MarsSat1,0.000,2431.631,2431.631,
Contact STARLINK-1661 - MarsSat1,4508.274,13872.621,9364.347,
Contact STARLINK-1661 - MarsSat1,15946.711,19593.143,3646.432,
Contact STARLINK-1661 - MarsSat1,21665.942,31034.262,9368.320,
Contact STARLINK-1661 - MarsSat1,33104.440,42475.496,9371.056,
Contact STARLINK-1661 - MarsSat1,44542.996,53916.849,9373.853,
Contact STARLINK-1661 - MarsSat1,55981.600,59637.564,3655.964,
Contact STARLINK-1661 - MarsSat1,61700.916,71079.057,9378.141,
Contact STARLINK-1661 - MarsSat1,73139.560,82520.610,9381.051,
Contact STARLINK-1661 - MarsSat1,84578.212,86400.000,1821.788,
Contact STARLINK-1661 - MarsSat2,0.000,2431.697,2431.697,
Contact STARLINK-1661 - MarsSat2,4508.367,13872.746,9364.379,
Contact STARLINK-1661 - MarsSat2,15946.843,19593.297,3646.453,
Contact STARLINK-1661 - MarsSat2,21666.088,31034.454,9368.366,
Contact STARLINK-1661 - MarsSat2,33104.591,42475.687,9371.096,
Contact STARLINK-1661 - MarsSat2,44543.118,53916.997,9373.880,
Contact STARLINK-1661 - MarsSat2,55981.670,59637.683,3656.012,
Contact STARLINK-1661 - MarsSat2,61700.957,71079.113,9378.156,
Contact STARLINK-1661 - MarsSat2,73139.553,82520.626,9381.072,
Contact STARLINK-1661 - MarsSat2,84578.182,86400.000,1821.818,
Contact STARLINK-1661 - MarsSat3,0.000,2431.662,2431.662,
Contact STARLINK-1661 - MarsSat3,4508.333,13872.698,9364.366,
Contact STARLINK-1661 - MarsSat3,15946.788,19593.236,3646.448,
Contact STARLINK-1661 - MarsSat3,21666.017,31034.356,9368.339,
Contact STARLINK-1661 - MarsSat3,33104.487,42475.547,9371.061,
Contact STARLINK-1661 - MarsSat3,44542.985,53916.825,9373.840,
Contact STARLINK-1661 - MarsSat3,55981.535,59637.507,3655.973,
Contact STARLINK-1661 - MarsSat3,61700.841,71078.988,9378.148,
Contact STARLINK-1661 - MarsSat3,73139.525,82520.593,9381.067,
Contact STARLINK-1661 - MarsSat3,84578.240,86400.000,1821.760,
Contact STARLINK-1661 - MarsSat4,0.000,2431.613,2431.613,
Contact STARLINK-1661 - MarsSat4,4508.257,13872.589,9364.332,
Contact STARLINK-1661 - MarsSat4,15946.693,19593.142,3646.448,
Contact STARLINK-1661 - MarsSat4,21665.978,31034.353,9368.375,
Contact STARLINK-1661 - MarsSat4,33104.505,42475.540,9371.035,
Contact STARLINK-1661 - MarsSat4,44542.994,53916.867,9373.873,
Contact STARLINK-1661 - MarsSat4,55981.620,59637.600,3655.980,
Contact STARLINK-1661 - MarsSat4,61700.929,71079.023,9378.094,
Contact STARLINK-1661 - MarsSat4,73139.499,82520.519,9381.020,
Contact STARLINK-1661 - MarsSat4,84578.160,86400.000,1821.840,
Contact STARLINK-2462 - STARLINK-2006,6585.200,7461.743,876.543,
Contact STARLINK-2462 - STARLINK-2006,20895.163,21774.569,879.406,
Contact STARLINK-2462 - STARLINK-2006,32341.584,36090.973,3749.389,
Contact STARLINK-2462 - STARLINK-2006,46647.785,50403.432,3755.647,
Contact STARLINK-2462 - STARLINK-2006,60958.170,61854.735,896.565,
Contact STARLINK-2462 - STARLINK-2006,75264.830,76170.448,905.618,
Contact STARLINK-2462 - STARLINK-4108,50395.377,50895.461,500.084,
Contact STARLINK-2462 - STARLINK-4108,64679.644,65231.134,551.490,
Contact STARLINK-2462 - STARLINK-4108,78980.385,79550.914,570.529,
Contact STARLINK-2462 - STARLINK-3095,0.000,86400.000,86400.000,
Contact STARLINK-2462 - STARLINK-3045,10296.865,11105.742,808.877,
Contact STARLINK-2462 - STARLINK-3045,24422.522,25713.760,1291.238,
Contact STARLINK-2462 - STARLINK-3045,32955.646,40249.109,7293.463,
Contact STARLINK-2462 - STARLINK-3045,47128.309,60638.976,13510.667,
Contact STARLINK-2462 - STARLINK-3045,61328.590,86400.000,25071.410,
Contact STARLINK-2462 - STARLINK-31498,50133.251,50669.761,536.510,
Contact STARLINK-2462 - STARLINK-31498,64134.466,64992.196,857.730,
Contact STARLINK-2462 - STARLINK-31498,75401.559,79221.344,3819.785,
Contact STARLINK-2462 - STARLINK-31116,3126.596,3748.249,621.653,
Contact STARLINK-2462 - STARLINK-1107,57184.522,58071.178,886.656,
Contact STARLINK-2462 - STARLINK-1107,71222.344,72278.521,1056.177,
Contact STARLINK-2462 - STARLINK-1107,82538.298,83556.998,1018.700,
Contact STARLINK-2462 - STARLINK-1351,10151.227,10838.838,687.611,
Contact STARLINK-2462 - STARLINK-1351,35931.654,36625.667,694.012,
Contact STARLINK-2462 - STARLINK-1351,50264.009,50942.084,678.075,
Contact STARLINK-2462 - STARLINK-1351,64583.628,65270.831,687.203,
Contact STARLINK-2462 - STARLINK-1351,78916.040,79587.176,671.136,
Contact STARLINK-2462 - STARLINK-31971,0.000,156.594,156.594,
Contact STARLINK-2462 - STARLINK-32134,10668.301,10985.386,317.085,
Contact STARLINK-2462 - STARLINK-32134,24459.322,25506.684,1047.362,
Contact STARLINK-2462 - STARLINK-32134,35667.588,42629.833,6962.245,
Contact STARLINK-2462 - STARLINK-32134,49802.361,51112.123,1309.762,
Contact STARLINK-2462 - STARLINK-32134,64056.652,65163.852,1107.200,
Contact STARLINK-2462 - STARLINK-32134,75582.052,76286.848,704.796,
Contact STARLINK-2462 - STARLINK-31430,17518.106,18038.267,520.161,
Contact STARLINK-2462 - STARLINK-31430,28717.014,29508.061,791.048,
Contact STARLINK-2462 - STARLINK-31430,42791.507,43768.609,977.102,
Contact STARLINK-2462 - STARLINK-31430,56938.152,57955.149,1016.997,
Contact STARLINK-2462 - STARLINK-31430,68295.033,72091.701,3796.668,
Contact STARLINK-2462 - STARLINK-31430,82543.080,83351.660,808.580,
Contact STARLINK-2462 - STARLINK-31085,6499.804,7573.407,1073.603,
Contact STARLINK-2462 - STARLINK-31085,17957.552,21898.541,3940.990,
Contact STARLINK-2462 - STARLINK-31085,32285.366,36236.670,3951.304,
Contact STARLINK-2462 - STARLINK-31085,46602.333,50561.604,3959.272,
Contact STARLINK-2462 - STARLINK-31085,60930.308,64899.257,3968.949,
Contact STARLINK-2462 - STARLINK-31085,75247.681,82096.495,6848.814,
Contact STARLINK-2462 - STARLINK-2635,3584.371,7374.099,3789.728,
Contact STARLINK-2462 - STARLINK-2635,17894.679,21686.763,3792.084,
Contact STARLINK-2462 - STARLINK-2635,32208.564,36002.547,3793.984,
Contact STARLINK-2462 - STARLINK-2635,46519.184,47453.758,934.574,
Contact STARLINK-2462 - STARLINK-2635,60833.269,61766.058,932.789,
Contact STARLINK-2462 - STARLINK-2635,75144.201,76081.363,937.163,
Contact STARLINK-2462 - STARLINK-3295,53834.036,54810.071,976.035,
Contact STARLINK-2462 - STARLINK-3295,64850.128,86400.000,21549.872,
Contact STARLINK-2462 - STARLINK-3050,0.000,525.618,525.618,
Contact STARLINK-2462 - STARLINK-3050,13957.678,14644.038,686.360,
Contact STARLINK-2462 - STARLINK-5960,0.000,630.664,630.664,
Contact STARLINK-2462 - STARLINK-5960,14188.474,14984.599,796.125,
Contact STARLINK-2462 - STARLINK-5960,28516.676,29332.136,815.460,
Contact STARLINK-2462 - STARLINK-5960,42839.796,43684.327,844.531,
Contact STARLINK-2462 - STARLINK-5960,57169.309,58030.517,861.207,
Contact STARLINK-2462 - STARLINK-5960,71493.992,72381.141,887.149,
Contact STARLINK-2462 - STARLINK-5960,85824.731,86400.000,575.269,
Contact STARLINK-2462 - STARLINK-31673,0.000,3025.102,3025.102,
Contact STARLINK-2462 - STARLINK-31673,10416.450,11487.124,1070.675,
Contact STARLINK-2462 - STARLINK-31673,24840.921,25579.645,738.724,
Contact STARLINK-2462 - STARLINK-31931,71309.684,72457.864,1148.180,
Contact STARLINK-2462 - STARLINK-31931,79490.709,86400.000,6909.291,
Contact STARLINK-2462 - STARLINK-31060,0.000,733.758,733.758,
Contact STARLINK-2462 - STARLINK-31060,13983.653,14691.454,707.801,
Contact STARLINK-2462 - STARLINK-32210,3144.976,3635.898,490.922,
Contact STARLINK-2462 - STARLINK-6241,6672.396,13952.946,7280.550,
Contact STARLINK-2462 - STARLINK-6241,21027.433,28275.959,7248.526,
Contact STARLINK-2462 - STARLINK-6241,35373.072,42612.707,7239.635,
Contact STARLINK-2462 - STARLINK-6241,49732.030,56931.985,7199.955,
Contact STARLINK-2462 - STARLINK-6241,64081.316,65535.107,1453.791,
Contact STARLINK-2462 - STARLINK-6241,72701.099,79851.473,7150.373,
Contact STARLINK-2462 - STARLINK-31530,0.000,28171.108,28171.108,
Contact STARLINK-2462 - STARLINK-1073,7196.037,7403.013,206.976,
Contact STARLINK-2462 - STARLINK-1073,21556.192,21703.448,147.255,
Contact STARLINK-2462 - STARLINK-1073,35902.860,36016.621,113.761,
Contact STARLINK-2462 - STARLINK-32088,6940.970,7431.119,490.148,
Contact STARLINK-2462 - STARLINK-32088,20951.631,21733.100,781.469,
Contact STARLINK-2462 - STARLINK-32088,32215.553,33118.060,902.507,
Contact STARLINK-2462 - STARLINK-32088,46346.695,47297.095,950.400,
Contact STARLINK-2462 - STARLINK-32088,60535.149,61419.356,884.206,
Contact STARLINK-2462 - STARLINK-32088,71928.338,72675.181,746.843,
Contact STARLINK-2462 - STARLINK-32088,86252.336,86400.000,147.664,
Contact STARLINK-2462 - STARLINK-5850,86337.261,86400.000,62.739,
Contact STARLINK-2462 - STARLINK-31979,81987.183,83117.472,1130.289,
Contact STARLINK-2462 - STARLINK-31939,0.000,3293.578,3293.578,
Contact STARLINK-2462 - STARLINK-31939,3802.929,28601.416,24798.486,
Contact STARLINK-2462 - STARLINK-31939,35363.287,36848.818,1485.530,
Contact STARLINK-2462 - STARLINK-4569,0.000,424.965,424.965,
Contact STARLINK-2462 - STARLINK-4569,13989.879,14783.779,793.899,
Contact STARLINK-2462 - STARLINK-4569,28350.875,29134.791,783.917,
Contact STARLINK-2462 - STARLINK-4569,42703.430,43493.238,789.808,
Contact STARLINK-2462 - STARLINK-4569,57064.242,57844.360,780.118,
Contact STARLINK-2462 - STARLINK-4569,71417.069,72202.482,785.413,
Contact STARLINK-2462 - STARLINK-4569,85777.636,86400.000,622.364,
Contact STARLINK-2462 - STARLINK-6199,0.000,2908.711,2908.711,
Contact STARLINK-2462 - STARLINK-6199,4142.093,11455.934,7313.841,
Contact STARLINK-2462 - STARLINK-6199,18517.029,25758.158,7241.130,
Contact STARLINK-2462 - STARLINK-6199,32913.734,40016.622,7102.888,
Contact STARLINK-2462 - STARLINK-6199,47287.691,54317.758,7030.067,
Contact STARLINK-2462 - STARLINK-6199,64552.800,68571.509,4018.709,
Contact STARLINK-2462 - STARLINK-6199,78959.826,82869.363,3909.537,
Contact STARLINK-2462 - STARLINK-4328,0.000,29.024,29.024,
Contact STARLINK-2462 - STARLINK-4328,10631.829,11501.348,869.519,
Contact STARLINK-2462 - STARLINK-4328,25000.419,25846.894,846.475,
Contact STARLINK-2462 - STARLINK-4328,39380.915,40179.650,798.735,
Contact STARLINK-2462 - STARLINK-4328,53750.788,54523.640,772.852,
Contact STARLINK-2462 - STARLINK-4328,68133.031,68854.464,721.433,
Contact STARLINK-2462 - STARLINK-4328,82504.126,83196.973,692.847,
Contact STARLINK-2462 - STARLINK-2214,0.000,14332.976,14332.976,
Contact STARLINK-2462 - STARLINK-2214,18111.174,28165.967,10054.792,
Contact STARLINK-2462 - STARLINK-2214,35733.869,36629.692,895.823,
Contact STARLINK-2462 - STARLINK-11136 [DTC],36241.076,60570.550,24329.474,
Contact STARLINK-2462 - STARLINK-11136 [DTC],61507.925,65472.400,3964.475,
Contact STARLINK-2462 - STARLINK-31325,6525.556,7652.056,1126.500,
Contact STARLINK-2462 - STARLINK-31325,17968.530,21791.434,3822.904,
Contact STARLINK-2462 - STARLINK-31325,32318.088,33075.576,757.488,
Contact STARLINK-2462 - STARLINK-31325,46743.468,47105.700,362.233,
Contact STARLINK-2462 - STARLINK-5628,0.000,6879.294,6879.294,
Contact STARLINK-2462 - STARLINK-5628,7757.271,21131.161,13373.890,
Contact STARLINK-2462 - STARLINK-5628,22247.008,35350.220,13103.212,
Contact STARLINK-2462 - STARLINK-5628,42497.132,43904.293,1407.161,
Contact STARLINK-2462 - STARLINK-5628,57015.121,58097.630,1082.509,
Contact STARLINK-2462 - STARLINK-5628,71518.187,72301.714,783.528,
Contact STARLINK-2462 - STARLINK-11072 [DTC],6721.851,7644.096,922.244,
Contact STARLINK-2462 - STARLINK-5176,6711.048,7376.840,665.793,
Contact STARLINK-2462 - STARLINK-5176,21018.293,21694.392,676.099,
Contact STARLINK-2462 - STARLINK-5176,35322.170,36014.672,692.501,
Contact STARLINK-2462 - STARLINK-5176,46766.867,47469.546,702.679,
Contact STARLINK-2462 - STARLINK-5176,61074.558,61786.607,712.049,
Contact STARLINK-2462 - STARLINK-5176,75379.196,76106.121,726.924,
Contact STARLINK-2462 - STARLINK-2042,6730.169,7728.743,998.574,
Contact STARLINK-2462 - STARLINK-2042,21064.567,22024.213,959.646,
Contact STARLINK-2462 - STARLINK-2042,35381.693,36338.624,956.931,
Contact STARLINK-2462 - STARLINK-2042,49717.143,50633.001,915.858,
Contact STARLINK-2462 - STARLINK-2042,61178.614,64946.962,3768.348,
Contact STARLINK-2462 - STARLINK-2042,75496.327,79240.097,3743.770,
Contact STARLINK-2462 - STARLINK-6319,61175.272,61815.154,639.882,
Contact STARLINK-2462 - STARLINK-6319,75434.935,76236.440,801.505,
Contact STARLINK-2462 - MoonARTEMIS1,3463.855,13198.119,9734.264,
Contact STARLINK-2462 - MoonARTEMIS1,15032.877,24693.618,9660.741,
Contact STARLINK-2462 - MoonARTEMIS1,26564.049,41920.663,15356.613,
Contact STARLINK-2462 - MoonARTEMIS1,43832.820,53399.454,9566.634,
Contact STARLINK-2462 - MoonARTEMIS1,55334.537,70611.610,15277.073,
Contact STARLINK-2462 - MoonARTEMIS1,72576.106,82082.928,9506.822,
Contact STARLINK-2462 - MoonARTEMIS1,84064.658,86400.000,2335.342,
Contact STARLINK-2462 - MoonARTEMIS2,0.000,13146.418,13146.418,
Contact STARLINK-2462 - MoonARTEMIS2,14950.685,24643.740,9693.055,
Contact STARLINK-2462 - MoonARTEMIS2,26482.720,41895.377,15412.658,
Contact STARLINK-2462 - MoonARTEMIS2,43797.068,53367.485,9570.416,
Contact STARLINK-2462 - MoonARTEMIS2,55297.472,70576.883,15279.411,
Contact STARLINK-2462 - MoonARTEMIS2,72542.838,82051.270,9508.433,
Contact STARLINK-2462 - MoonARTEMIS2,84038.431,86400.000,2361.569,
Contact STARLINK-2462 - MoonIOAGEO,0.000,3882.355,3882.355,
Contact STARLINK-2462 - MoonIOAGEO,9246.293,13190.777,3944.484,
Contact STARLINK-2462 - MoonIOAGEO,15017.978,24669.553,9651.575,
Contact STARLINK-2462 - MoonIOAGEO,26517.244,41882.892,15365.648,
Contact STARLINK-2462 - MoonIOAGEO,43767.202,47630.114,3862.912,
Contact STARLINK-2462 - MoonIOAGEO,55306.344,70593.135,15286.791,
Contact STARLINK-2462 - MoonIOAGEO,72550.289,82063.856,9513.567,
Contact STARLINK-2462 - MoonIOAGEO,84038.083,86400.000,2361.917,
Contact STARLINK-2462 - MoonIOAGNO,0.000,13176.225,13176.225,
Contact STARLINK-2462 - MoonIOAGNO,14977.854,24634.144,9656.290,
Contact STARLINK-2462 - MoonIOAGNO,26491.205,41876.511,15385.306,
Contact STARLINK-2462 - MoonIOAGNO,43785.003,53381.166,9596.162,
Contact STARLINK-2462 - MoonIOAGNO,55290.577,70564.010,15273.433,
Contact STARLINK-2462 - MoonIOAGNO,72529.889,82053.165,9523.276,
Contact STARLINK-2462 - MoonIOAGNO,84046.890,86400.000,2353.110,
Contact STARLINK-2462 - MoonIOAGNO 0001,0.000,13153.434,13153.434,
Contact STARLINK-2462 - MoonIOAGNO 0001,14989.147,24662.078,9672.931,
Contact STARLINK-2462 - MoonIOAGNO 0001,26524.019,41864.706,15340.687,
Contact STARLINK-2462 - MoonIOAGNO 0001,43758.788,53344.197,9585.410,
Contact STARLINK-2462 - MoonIOAGNO 0001,55276.590,70594.942,15318.352,
Contact STARLINK-2462 - MoonIOAGNO 0001,72561.989,82054.558,9492.569,
Contact STARLINK-2462 - MoonIOAGNO 0001,84033.002,86400.000,2366.998,
Contact STARLINK-2462 - MoonIOAGSO,0.000,13183.719,13183.719,
Contact STARLINK-2462 - MoonIOAGSO,15002.957,24687.809,9684.852,
Contact STARLINK-2462 - MoonIOAGSO,26508.370,41901.088,15392.718,
Contact STARLINK-2462 - MoonIOAGSO,43769.270,51920.015,8150.744,
Contact STARLINK-2462 - MoonIOAGSO,55297.997,70613.057,15315.060,
Contact STARLINK-2462 - MoonIOAGSO,72553.323,82084.925,9531.602,
Contact STARLINK-2462 - MoonIOAGSO,84047.656,86400.000,2352.344,
Contact STARLINK-2462 - MoonIOAGSO 0001,0.000,13200.556,13200.556,
Contact STARLINK-2462 - MoonIOAGSO 0001,14977.984,24669.373,9691.389,
Contact STARLINK-2462 - MoonIOAGSO 0001,26499.320,41908.502,15409.182,
Contact STARLINK-2462 - MoonIOAGSO 0001,43787.027,53392.340,9605.313,
Contact STARLINK-2462 - MoonIOAGSO 0001,55286.939,70591.147,15304.209,
Contact STARLINK-2462 - MoonIOAGSO 0001,72544.030,82084.166,9540.136,
Contact STARLINK-2462 - MoonIOAGSO 0001,84064.881,86400.000,2335.119,
Contact STARLINK-2462 - MoonLRO,3474.785,10968.709,7493.923,
Contact STARLINK-2462 - MoonLRO,20753.121,24660.920,3907.799,
Contact STARLINK-2462 - MoonLRO,27542.030,30412.535,2870.505,
Contact STARLINK-2462 - MoonLRO,34379.920,36148.535,1768.615,
Contact STARLINK-2462 - MoonLRO,49537.812,51958.672,2420.860,
Contact STARLINK-2462 - MoonLRO,55290.747,58806.765,3516.018,
Contact STARLINK-2462 - MoonLRO,61689.549,64858.008,3168.459,
Contact STARLINK-2462 - MoonLRO,75372.707,79262.782,3890.074,
Contact STARLINK-2462 - MarsSat1,0.000,9658.187,9658.187,
Contact STARLINK-2462 - MarsSat1,10873.516,21145.737,10272.221,
Contact STARLINK-2462 - MarsSat1,22339.194,49866.761,27527.567,
Contact STARLINK-2462 - MarsSat1,51004.416,78590.549,27586.132,
Contact STARLINK-2462 - MarsSat1,79671.836,86400.000,6728.164,
Contact STARLINK-2462 - MarsSat2,0.000,9658.428,9658.428,
Contact STARLINK-2462 - MarsSat2,10873.311,21146.192,10272.881,
Contact STARLINK-2462 - MarsSat2,22339.111,49867.318,27528.206,
Contact STARLINK-2462 - MarsSat2,51004.727,78590.640,27585.913,
Contact STARLINK-2462 - MarsSat2,79672.170,86400.000,6727.830,
Contact STARLINK-2462 - MarsSat3,0.000,9658.329,9658.329,
Contact STARLINK-2462 - MarsSat3,10873.383,21146.025,10272.642,
Contact STARLINK-2462 - MarsSat3,22339.234,49866.819,27527.586,
Contact STARLINK-2462 - MarsSat3,51004.749,78590.423,27585.674,
Contact STARLINK-2462 - MarsSat3,79671.595,86400.000,6728.405,
Contact STARLINK-2462 - MarsSat4,0.000,9658.099,9658.099,
Contact STARLINK-2462 - MarsSat4,10873.524,21145.758,10272.234,
Contact STARLINK-2462 - MarsSat4,22339.063,49866.800,27527.738,
Contact STARLINK-2462 - MarsSat4,51004.528,78590.274,27585.746,
Contact STARLINK-2462 - MarsSat4,79671.876,86400.000,6728.124,
Contact STARLINK-2006 - STARLINK-3095,3460.868,7244.832,3783.964,
Contact STARLINK-2006 - STARLINK-3095,17818.478,18730.778,912.300,
Contact STARLINK-2006 - STARLINK-3095,32186.683,33081.675,894.992,
Contact STARLINK-2006 - STARLINK-3095,46552.030,47435.189,883.159,
Contact STARLINK-2006 - STARLINK-3095,60927.295,61778.924,851.629,
Contact STARLINK-2006 - STARLINK-3095,75300.197,76124.964,824.767,
Contact STARLINK-2006 - STARLINK-3045,3039.891,3978.693,938.802,
Contact STARLINK-2006 - STARLINK-3045,17376.085,18352.031,975.945,
Contact STARLINK-2006 - STARLINK-3045,31726.937,32711.014,984.076,
Contact STARLINK-2006 - STARLINK-3045,46073.509,47073.984,1000.475,
Contact STARLINK-2006 - STARLINK-3045,57557.940,61423.249,3865.308,
Contact STARLINK-2006 - STARLINK-3045,71922.068,75776.455,3854.387,
Contact STARLINK-2006 - STARLINK-3045,86282.268,86400.000,117.732,
Contact STARLINK-2006 - STARLINK-31498,54335.485,86400.000,32064.515,
Contact STARLINK-2006 - STARLINK-1107,0.000,611.559,611.559,
Contact STARLINK-2006 - STARLINK-1107,13613.401,14906.768,1293.367,
Contact STARLINK-2006 - STARLINK-1107,22043.616,31825.143,9781.526,
Contact STARLINK-2006 - STARLINK-1107,39112.823,40196.340,1083.517,
Contact STARLINK-2006 - STARLINK-32134,32027.171,32921.404,894.233,
Contact STARLINK-2006 - STARLINK-32134,40327.847,47330.492,7002.646,
Contact STARLINK-2006 - STARLINK-32134,54326.837,64378.372,10051.536,
Contact STARLINK-2006 - STARLINK-32134,71328.645,78395.773,7067.129,
Contact STARLINK-2006 - STARLINK-32134,79909.980,86400.000,6490.020,
Contact STARLINK-2006 - STARLINK-31430,0.000,517.880,517.880,
Contact STARLINK-2006 - STARLINK-31430,10507.082,14487.242,3980.160,
Contact STARLINK-2006 - STARLINK-31430,25006.002,25525.856,519.854,
Contact STARLINK-2006 - STARLINK-31085,0.000,10172.104,10172.104,
Contact STARLINK-2006 - STARLINK-31085,11026.277,24565.670,13539.393,
Contact STARLINK-2006 - STARLINK-31085,25290.697,86400.000,61109.303,
Contact STARLINK-2006 - STARLINK-2635,0.000,86400.000,86400.000,
Contact STARLINK-2006 - STARLINK-3295,7062.465,10832.006,3769.541,
Contact STARLINK-2006 - STARLINK-3295,21359.012,22269.846,910.834,
Contact STARLINK-2006 - STARLINK-3295,35655.899,36566.996,911.097,
Contact STARLINK-2006 - STARLINK-3295,49952.457,50864.369,911.911,
Contact STARLINK-2006 - STARLINK-3295,64249.327,65161.475,912.148,
Contact STARLINK-2006 - STARLINK-3295,78545.896,79458.784,912.887,
Contact STARLINK-2006 - STARLINK-30610,0.000,86400.000,86400.000,
Contact STARLINK-2006 - STARLINK-3050,6957.188,7271.008,313.820,
Contact STARLINK-2006 - STARLINK-32223,79516.560,86400.000,6883.440,
Contact STARLINK-2006 - STARLINK-31931,24883.889,25706.295,822.405,
Contact STARLINK-2006 - STARLINK-31931,38964.473,39935.373,970.900,
Contact STARLINK-2006 - STARLINK-31931,50269.010,54106.364,3837.354,
Contact STARLINK-2006 - STARLINK-31931,64447.058,65409.281,962.223,
Contact STARLINK-2006 - STARLINK-31931,78672.367,79493.815,821.449,
Contact STARLINK-2006 - STARLINK-2658,10250.037,11118.428,868.391,
Contact STARLINK-2006 - STARLINK-2658,24566.748,25424.490,857.742,
Contact STARLINK-2006 - STARLINK-2658,38879.994,39733.625,853.631,
Contact STARLINK-2006 - STARLINK-2658,50332.193,54039.187,3706.994,
Contact STARLINK-2006 - STARLINK-2658,64649.564,65484.818,835.254,
Contact STARLINK-2006 - STARLINK-2658,78963.240,79793.427,830.186,
Contact STARLINK-2006 - STARLINK-3601,0.000,86400.000,86400.000,
Contact STARLINK-2006 - STARLINK-3603,3042.007,3738.976,696.970,
Contact STARLINK-2006 - STARLINK-3603,17277.403,18115.421,838.018,
Contact STARLINK-2006 - STARLINK-3603,28729.353,29544.525,815.172,
Contact STARLINK-2006 - STARLINK-3603,43133.903,43730.961,597.059,
Contact STARLINK-2006 - STARLINK-3603,57360.814,58115.632,754.818,
Contact STARLINK-2006 - STARLINK-3603,71777.068,72290.454,513.386,
Contact STARLINK-2006 - STARLINK-3603,85995.022,86400.000,404.978,
Contact STARLINK-2006 - STARLINK-6241,52.055,10449.406,10397.351,
Contact STARLINK-2006 - STARLINK-6241,17279.224,24756.526,7477.302,
Contact STARLINK-2006 - STARLINK-6241,25906.830,39037.933,13131.104,
Contact STARLINK-2006 - STARLINK-6241,40265.066,53331.950,13066.885,
Contact STARLINK-2006 - STARLINK-6241,54650.942,61888.871,7237.929,
Contact STARLINK-2006 - STARLINK-6241,69022.104,76172.812,7150.708,
Contact STARLINK-2006 - STARLINK-6241,83423.487,86400.000,2976.513,
Contact STARLINK-2006 - STARLINK-31530,3511.463,7324.198,3812.734,
Contact STARLINK-2006 - STARLINK-31530,17738.405,18581.277,842.871,
Contact STARLINK-2006 - STARLINK-31530,32053.726,32575.252,521.526,
Contact STARLINK-2006 - STARLINK-1073,0.000,32538.085,32538.085,
Contact STARLINK-2006 - STARLINK-32088,0.000,56915.177,56915.177,
Contact STARLINK-2006 - STARLINK-31939,3491.989,7330.233,3838.244,
Contact STARLINK-2006 - STARLINK-31939,17578.710,18694.610,1115.900,
Contact STARLINK-2006 - STARLINK-31939,31745.031,32832.135,1087.104,
Contact STARLINK-2006 - STARLINK-31939,43125.027,46910.691,3785.664,
Contact STARLINK-2006 - STARLINK-31939,57419.954,58107.702,687.749,
Contact STARLINK-2006 - STARLINK-3832,0.000,499.696,499.696,
Contact STARLINK-2006 - STARLINK-3832,13673.597,14793.701,1120.104,
Contact STARLINK-2006 - STARLINK-3832,25117.389,29101.307,3983.918,
Contact STARLINK-2006 - STARLINK-3832,39415.618,43395.203,3979.585,
Contact STARLINK-2006 - STARLINK-3832,53726.947,57702.722,3975.776,
Contact STARLINK-2006 - STARLINK-3832,68025.214,69143.233,1118.019,
Contact STARLINK-2006 - STARLINK-3832,82336.620,83436.971,1100.351,
Contact STARLINK-2006 - STARLINK-1776,0.000,403.972,403.972,
Contact STARLINK-2006 - STARLINK-1776,13695.754,14691.218,995.464,
Contact STARLINK-2006 - STARLINK-1776,25104.049,28989.537,3885.487,
Contact STARLINK-2006 - STARLINK-1776,39359.926,43273.180,3913.254,
Contact STARLINK-2006 - STARLINK-1776,53629.890,54703.857,1073.967,
Contact STARLINK-2006 - STARLINK-1776,67889.539,68996.684,1107.145,
Contact STARLINK-2006 - STARLINK-1776,82162.766,83275.435,1112.669,
Contact STARLINK-2006 - STARLINK-6199,6645.484,7562.321,916.837,
Contact STARLINK-2006 - STARLINK-6199,21001.671,21847.846,846.176,
Contact STARLINK-2006 - STARLINK-6199,35346.405,36144.999,798.594,
Contact STARLINK-2006 - STARLINK-6199,49710.913,50422.139,711.227,
Contact STARLINK-2006 - STARLINK-6199,61199.972,61846.470,646.498,
Contact STARLINK-2006 - STARLINK-6199,75557.048,76131.248,574.200,
Contact STARLINK-2006 - STARLINK-2214,3368.355,4072.669,704.314,
Contact STARLINK-2006 - STARLINK-2214,17662.625,18370.635,708.010,
Contact STARLINK-2006 - STARLINK-2214,31966.839,32659.123,692.284,
Contact STARLINK-2006 - STARLINK-2214,46261.089,46957.015,695.926,
Contact STARLINK-2006 - STARLINK-2214,60565.417,61245.304,679.887,
Contact STARLINK-2006 - STARLINK-2214,86299.096,86400.000,100.904,
Contact STARLINK-2006 - STARLINK-3506,0.000,86400.000,86400.000,
Contact STARLINK-2006 - STARLINK-11136 [DTC],10505.823,11248.271,742.449,
Contact STARLINK-2006 - STARLINK-11136 [DTC],24476.753,25315.308,838.555,
Contact STARLINK-2006 - STARLINK-11136 [DTC],35746.012,36476.187,730.174,
Contact STARLINK-2006 - STARLINK-31325,0.000,10419.913,10419.913,
Contact STARLINK-2006 - STARLINK-31325,10871.465,21508.801,10637.336,
Contact STARLINK-2006 - STARLINK-31325,25465.733,35397.862,9932.129,
Contact STARLINK-2006 - STARLINK-31325,43058.216,43601.614,543.398,
Contact STARLINK-2006 - STARLINK-5628,7129.934,10807.685,3677.751,
Contact STARLINK-2006 - STARLINK-5628,21433.426,22309.182,875.756,
Contact STARLINK-2006 - STARLINK-5628,35748.870,36677.368,928.498,
Contact STARLINK-2006 - STARLINK-5628,50063.927,51046.838,982.911,
Contact STARLINK-2006 - STARLINK-5628,64389.664,65404.745,1015.081,
Contact STARLINK-2006 - STARLINK-5628,78714.638,79764.143,1049.505,
Contact STARLINK-2006 - STARLINK-11072 [DTC],0.000,21011.363,21011.363,
Contact STARLINK-2006 - STARLINK-5176,0.000,86400.000,86400.000,
Contact STARLINK-2006 - STARLINK-2042,0.000,4167.006,4167.006,
Contact STARLINK-2006 - STARLINK-2042,11149.678,21337.862,10188.184,
Contact STARLINK-2006 - STARLINK-2042,25457.395,35657.709,10200.315,
Contact STARLINK-2006 - STARLINK-2042,42616.183,49955.544,7339.361,
Contact STARLINK-2006 - STARLINK-2042,56906.619,64275.075,7368.456,
Contact STARLINK-2006 - STARLINK-2042,65494.780,78572.708,13077.928,
Contact STARLINK-2006 - STARLINK-2042,79785.450,86400.000,6614.550,
Contact STARLINK-2006 - STARLINK-6319,3149.294,3640.911,491.617,
Contact STARLINK-2006 - STARLINK-6319,17366.547,18077.991,711.444,
Contact STARLINK-2006 - STARLINK-6319,28768.972,32467.270,3698.298,
Contact STARLINK-2006 - STARLINK-6319,43042.946,46867.145,3824.199,
Contact STARLINK-2006 - STARLINK-6319,57304.650,61239.166,3934.516,
Contact STARLINK-2006 - STARLINK-6319,71591.922,78489.068,6897.146,
Contact STARLINK-2006 - STARLINK-6319,85866.622,86400.000,533.378,
Contact STARLINK-2006 - MoonARTEMIS1,3767.510,13803.321,10035.811,
Contact STARLINK-2006 - MoonARTEMIS1,15280.061,31132.595,15852.534,
Contact STARLINK-2006 - MoonARTEMIS1,32528.471,42664.953,10136.482,
Contact STARLINK-2006 - MoonARTEMIS1,44023.320,59944.517,15921.197,
Contact STARLINK-2006 - MoonARTEMIS1,61262.824,71454.285,10191.461,
Contact STARLINK-2006 - MoonARTEMIS1,72753.996,86400.000,13646.004,
Contact STARLINK-2006 - MoonARTEMIS2,0.000,2167.153,2167.153,
Contact STARLINK-2006 - MoonARTEMIS2,3728.533,13695.427,9966.893,
Contact STARLINK-2006 - MoonARTEMIS2,15207.096,31025.763,15818.666,
Contact STARLINK-2006 - MoonARTEMIS2,34876.402,42613.050,7736.648,
Contact STARLINK-2006 - MoonARTEMIS2,43971.394,71433.516,27462.122,
Contact STARLINK-2006 - MoonARTEMIS2,72679.874,86400.000,13720.126,
Contact STARLINK-2006 - MoonIOAGEO,0.000,2211.630,2211.630,
Contact STARLINK-2006 - MoonIOAGEO,9519.004,13785.882,4266.878,
Contact STARLINK-2006 - MoonIOAGEO,15265.298,31033.843,15768.545,
Contact STARLINK-2006 - MoonIOAGEO,32461.937,42552.549,10090.612,
Contact STARLINK-2006 - MoonIOAGEO,43947.594,47714.973,3767.379,
Contact STARLINK-2006 - MoonIOAGEO,51903.266,59922.907,8019.641,
Contact STARLINK-2006 - MoonIOAGEO,61230.192,71422.035,10191.843,
Contact STARLINK-2006 - MoonIOAGEO,72706.514,86400.000,13693.486,
Contact STARLINK-2006 - MoonIOAGNO,0.000,2249.225,2249.225,
Contact STARLINK-2006 - MoonIOAGNO,3769.462,13735.713,9966.251,
Contact STARLINK-2006 - MoonIOAGNO,15229.882,31055.109,15825.227,
Contact STARLINK-2006 - MoonIOAGNO,32421.661,42612.060,10190.399,
Contact STARLINK-2006 - MoonIOAGNO,43943.747,71435.608,27491.861,
Contact STARLINK-2006 - MoonIOAGNO,72646.257,86400.000,13753.743,
Contact STARLINK-2006 - MoonIOAGNO 0001,0.000,2208.829,2208.829,
Contact STARLINK-2006 - MoonIOAGNO 0001,3727.263,13762.049,10034.785,
Contact STARLINK-2006 - MoonIOAGNO 0001,15211.303,31059.733,15848.430,
Contact STARLINK-2006 - MoonIOAGNO 0001,32485.494,42571.313,10085.819,
Contact STARLINK-2006 - MoonIOAGNO 0001,43907.462,71438.546,27531.085,
Contact STARLINK-2006 - MoonIOAGNO 0001,72728.492,86400.000,13671.508,
Contact STARLINK-2006 - MoonIOAGSO,0.000,2199.374,2199.374,
Contact STARLINK-2006 - MoonIOAGSO,3776.849,13764.184,9987.335,
Contact STARLINK-2006 - MoonIOAGSO,15264.231,31006.924,15742.693,
Contact STARLINK-2006 - MoonIOAGSO,32501.695,42535.994,10034.299,
Contact STARLINK-2006 - MoonIOAGSO,43968.554,59882.475,15913.920,
Contact STARLINK-2006 - MoonIOAGSO,61233.028,71364.699,10131.671,
Contact STARLINK-2006 - MoonIOAGSO,72738.316,86400.000,13661.684,
Contact STARLINK-2006 - MoonIOAGSO 0001,0.000,2209.071,2209.071,
Contact STARLINK-2006 - MoonIOAGSO 0001,3803.679,13714.580,9910.901,
Contact STARLINK-2006 - MoonIOAGSO 0001,15273.353,29869.929,14596.576,
Contact STARLINK-2006 - MoonIOAGSO 0001,32465.510,42563.241,10097.731,
Contact STARLINK-2006 - MoonIOAGSO 0001,43993.414,59825.964,15832.549,
Contact STARLINK-2006 - MoonIOAGSO 0001,61219.434,71397.423,10177.989,
Contact STARLINK-2006 - MoonIOAGSO 0001,72696.760,86400.000,13703.240,
Contact STARLINK-2006 - MoonLRO,7083.467,10991.867,3908.400,
Contact STARLINK-2006 - MoonLRO,20980.695,24649.420,3668.725,
Contact STARLINK-2006 - MoonLRO,27554.899,31046.116,3491.217,
Contact STARLINK-2006 - MoonLRO,34405.343,36814.878,2409.536,
Contact STARLINK-2006 - MoonLRO,49705.970,51980.032,2274.063,
Contact STARLINK-2006 - MoonLRO,55446.501,58799.759,3353.259,
Contact STARLINK-2006 - MoonLRO,61697.329,65608.169,3910.840,
Contact STARLINK-2006 - MoonLRO,75382.379,86130.232,10747.853,
Contact STARLINK-2006 - MarsSat1,634.516,10069.056,9434.541,
Contact STARLINK-2006 - MarsSat1,12082.399,21520.457,9438.058,
Contact STARLINK-2006 - MarsSat1,23530.348,27246.198,3715.850,
Contact STARLINK-2006 - MarsSat1,29254.356,38697.780,9443.424,
Contact STARLINK-2006 - MarsSat1,40702.447,50149.506,9447.059,
Contact STARLINK-2006 - MarsSat1,52150.637,55875.420,3724.783,
Contact STARLINK-2006 - MarsSat1,57874.764,67327.333,9452.568,
Contact STARLINK-2006 - MarsSat1,69323.069,78779.326,9456.258,
Contact STARLINK-2006 - MarsSat1,80771.423,84505.345,3733.922,
Contact STARLINK-2006 - MarsSat2,634.598,10069.158,9434.560,
Contact STARLINK-2006 - MarsSat2,12082.532,21520.637,9438.105,
Contact STARLINK-2006 - MarsSat2,23530.519,27246.409,3715.890,
Contact STARLINK-2006 - MarsSat2,29254.534,38698.022,9443.488,
Contact STARLINK-2006 - MarsSat2,40702.611,50149.725,9447.114,
Contact STARLINK-2006 - MarsSat2,52150.752,55875.611,3724.859,
Contact STARLINK-2006 - MarsSat2,57874.847,67327.452,9452.604,
Contact STARLINK-2006 - MarsSat2,69323.091,78779.384,9456.294,
Contact STARLINK-2006 - MarsSat2,80771.406,84505.385,3733.979,
Contact STARLINK-2006 - MarsSat3,634.562,10069.117,9434.555,
Contact STARLINK-2006 - MarsSat3,12082.481,21520.571,9438.090,
Contact STARLINK-2006 - MarsSat3,23530.435,27246.324,3715.889,
Contact STARLINK-2006 - MarsSat3,29254.431,38697.888,9443.457,
Contact STARLINK-2006 - MarsSat3,40702.470,50149.538,9447.069,
Contact STARLINK-2006 - MarsSat3,52150.589,55875.404,3724.814,
Contact STARLINK-2006 - MarsSat3,57874.691,67327.248,9452.557,
Contact STARLINK-2006 - MarsSat3,69323.003,78779.265,9456.261,
Contact STARLINK-2006 - MarsSat3,80771.425,84505.314,3733.889,
Contact STARLINK-2006 - MarsSat4,634.505,10069.021,9434.516,
Contact STARLINK-2006 - MarsSat4,12082.368,21520.471,9438.103,
Contact STARLINK-2006 - MarsSat4,23530.409,27246.286,3715.877,
Contact STARLINK-2006 - MarsSat4,29254.443,38697.874,9443.431,
Contact STARLINK-2006 - MarsSat4,40702.477,50149.525,9447.048,
Contact STARLINK-2006 - MarsSat4,52150.637,55875.458,3724.821,
Contact STARLINK-2006 - MarsSat4,57874.793,67327.342,9452.549,
Contact STARLINK-2006 - MarsSat4,69323.032,78779.231,9456.199,
Contact STARLINK-2006 - MarsSat4,80771.332,84505.242,3733.910,
Contact STARLINK-3251 - STARLINK-30329,0.000,521.563,521.563,
Contact STARLINK-3251 - STARLINK-30329,14010.444,14876.968,866.524,
Contact STARLINK-3251 - STARLINK-30329,28327.239,29229.522,902.283,
Contact STARLINK-3251 - STARLINK-30329,42647.132,43579.509,932.377,
Contact STARLINK-3251 - STARLINK-30329,56969.295,57926.727,957.432,
Contact STARLINK-3251 - STARLINK-30329,71294.162,72271.674,977.512,
Contact STARLINK-3251 - STARLINK-30329,82755.767,86400.000,3644.233,
Contact STARLINK-3251 - STARLINK-31498,2973.720,3816.970,843.251,
Contact STARLINK-3251 - STARLINK-3550,0.000,86400.000,86400.000,
Contact STARLINK-3251 - STARLINK-30345,2972.042,4019.199,1047.157,
Contact STARLINK-3251 - STARLINK-30345,17302.208,18346.751,1044.543,
Contact STARLINK-3251 - STARLINK-30345,28766.101,32676.788,3910.687,
Contact STARLINK-3251 - STARLINK-30345,43095.570,47000.542,3904.971,
Contact STARLINK-3251 - STARLINK-30345,57431.114,61326.826,3895.712,
Contact STARLINK-3251 - STARLINK-30345,71764.264,75646.774,3882.510,
Contact STARLINK-3251 - STARLINK-30345,86103.678,86400.000,296.322,
Contact STARLINK-3251 - STARLINK-1107,10352.482,11130.075,777.593,
Contact STARLINK-3251 - STARLINK-30610,53925.663,54127.333,201.670,
Contact STARLINK-3251 - STARLINK-30610,68175.321,68537.614,362.293,
Contact STARLINK-3251 - STARLINK-30610,82458.423,82915.234,456.811,
Contact STARLINK-3251 - STARLINK-30255,0.000,3697.247,3697.247,
Contact STARLINK-3251 - STARLINK-30255,14171.081,18029.828,3858.747,
Contact STARLINK-3251 - STARLINK-30255,28517.898,29493.248,975.350,
Contact STARLINK-3251 - STARLINK-30255,42868.803,43819.271,950.468,
Contact STARLINK-3251 - STARLINK-30255,57221.922,58143.216,921.294,
Contact STARLINK-3251 - STARLINK-30255,71579.048,72462.991,883.944,
Contact STARLINK-3251 - STARLINK-30255,85938.906,86400.000,461.094,
Contact STARLINK-3251 - STARLINK-2736,78983.103,79302.693,319.590,
Contact STARLINK-3251 - STARLINK-4170,0.000,86400.000,86400.000,
Contact STARLINK-3251 - STARLINK-32223,3366.330,3846.912,480.581,
Contact STARLINK-3251 - STARLINK-32223,17370.982,18089.423,718.441,
Contact STARLINK-3251 - STARLINK-32223,28618.548,29438.403,819.855,
Contact STARLINK-3251 - STARLINK-32223,42722.047,43579.707,857.660,
Contact STARLINK-3251 - STARLINK-32223,56871.349,57675.829,804.480,
Contact STARLINK-3251 - STARLINK-32223,68227.102,68916.578,689.476,
Contact STARLINK-3251 - STARLINK-32223,82488.378,82901.824,413.446,
Contact STARLINK-3251 - STARLINK-5061,3295.002,4096.412,801.410,
Contact STARLINK-3251 - STARLINK-5061,17640.239,18401.052,760.813,
Contact STARLINK-3251 - STARLINK-5061,31983.328,32707.436,724.108,
Contact STARLINK-3251 - STARLINK-5061,46332.706,47007.960,675.254,
Contact STARLINK-3251 - STARLINK-5061,60679.912,61310.177,630.265,
Contact STARLINK-3251 - STARLINK-5061,75034.923,75605.089,570.166,
Contact STARLINK-3251 - STARLINK-31812,49284.120,86400.000,37115.880,
Contact STARLINK-3251 - STARLINK-31931,0.000,3223.276,3223.276,
Contact STARLINK-3251 - STARLINK-31931,3956.076,11516.676,7560.599,
Contact STARLINK-3251 - STARLINK-31931,21466.245,22472.369,1006.124,
Contact STARLINK-3251 - STARLINK-5952,0.000,3680.275,3680.275,
Contact STARLINK-3251 - STARLINK-5952,14310.147,15128.076,817.929,
Contact STARLINK-3251 - STARLINK-5952,28659.261,29437.513,778.253,
Contact STARLINK-3251 - STARLINK-5952,43014.434,43740.535,726.100,
Contact STARLINK-3251 - STARLINK-5952,57369.237,58044.326,675.089,
Contact STARLINK-3251 - STARLINK-5952,71731.304,72340.420,609.116,
Contact STARLINK-3251 - STARLINK-5952,86094.403,86400.000,305.597,
Contact STARLINK-3251 - STARLINK-3601,25178.465,25675.160,496.695,
Contact STARLINK-3251 - STARLINK-3601,39476.044,39968.453,492.408,
Contact STARLINK-3251 - STARLINK-3601,53781.623,54254.431,472.808,
Contact STARLINK-3251 - STARLINK-3601,68079.323,68547.565,468.242,
Contact STARLINK-3251 - STARLINK-3601,82385.490,82832.931,447.441,
Contact STARLINK-3251 - STARLINK-3603,0.000,180.664,180.664,
Contact STARLINK-3251 - STARLINK-3603,13782.963,14480.149,697.186,
Contact STARLINK-3251 - STARLINK-3603,39523.366,40224.772,701.405,
Contact STARLINK-3251 - STARLINK-3603,53827.161,54524.253,697.092,
Contact STARLINK-3251 - STARLINK-3603,68126.359,68827.687,701.328,
Contact STARLINK-3251 - STARLINK-3603,82430.141,83127.166,697.025,
Contact STARLINK-3251 - STARLINK-31060,71336.525,72004.867,668.342,
Contact STARLINK-3251 - STARLINK-31060,82474.314,83334.575,860.261,
Contact STARLINK-3251 - STARLINK-5972,7118.899,11038.780,3919.880,
Contact STARLINK-3251 - STARLINK-5972,21462.991,25380.468,3917.477,
Contact STARLINK-3251 - STARLINK-5972,35823.869,39731.263,3907.394,
Contact STARLINK-3251 - STARLINK-5972,50175.650,54064.900,3889.249,
Contact STARLINK-3251 - STARLINK-5972,64545.406,68407.579,3862.174,
Contact STARLINK-3251 - STARLINK-5972,78906.064,79872.953,966.889,
Contact STARLINK-3251 - STARLINK-2047,3295.063,4231.910,936.846,
Contact STARLINK-3251 - STARLINK-2047,17616.869,18540.709,923.840,
Contact STARLINK-3251 - STARLINK-2047,31933.034,32854.934,921.899,
Contact STARLINK-3251 - STARLINK-2047,46255.585,47162.995,907.410,
Contact STARLINK-3251 - STARLINK-2047,60572.355,61476.589,904.234,
Contact STARLINK-3251 - STARLINK-2047,74895.670,75783.894,888.224,
Contact STARLINK-3251 - STARLINK-2047,86352.093,86400.000,47.907,
Contact STARLINK-3251 - STARLINK-30145,0.000,388.725,388.725,
Contact STARLINK-3251 - STARLINK-30145,10575.040,14692.134,4117.094,
Contact STARLINK-3251 - STARLINK-30145,24905.807,29006.701,4100.894,
Contact STARLINK-3251 - STARLINK-30145,39225.380,46175.284,6949.904,
Contact STARLINK-3251 - STARLINK-30145,53558.585,60474.698,6916.113,
Contact STARLINK-3251 - STARLINK-30145,67880.310,69064.100,1183.790,
Contact STARLINK-3251 - STARLINK-30145,82216.087,83361.392,1145.306,
Contact STARLINK-3251 - STARLINK-30549,0.000,25134.933,25134.933,
Contact STARLINK-3251 - STARLINK-30549,32099.051,33233.377,1134.326,
Contact STARLINK-3251 - STARLINK-30486,2939.491,3694.864,755.373,
Contact STARLINK-3251 - STARLINK-30486,17290.353,18000.455,710.101,
Contact STARLINK-3251 - STARLINK-30486,28774.577,29441.249,666.672,
Contact STARLINK-3251 - STARLINK-30486,43134.971,43736.895,601.924,
Contact STARLINK-3251 - STARLINK-30486,57496.108,58032.262,536.154,
Contact STARLINK-3251 - STARLINK-30486,71867.825,72316.550,448.725,
Contact STARLINK-3251 - STARLINK-30486,86245.518,86400.000,154.482,
Contact STARLINK-3251 - STARLINK-5565,61008.088,61716.079,707.990,
Contact STARLINK-3251 - STARLINK-5565,75262.801,76163.321,900.519,
Contact STARLINK-3251 - STARLINK-1227,0.000,674.482,674.482,
Contact STARLINK-3251 - STARLINK-1227,14269.132,14996.260,727.128,
Contact STARLINK-3251 - STARLINK-1227,28576.253,29313.804,737.552,
Contact STARLINK-3251 - STARLINK-1227,42880.207,43635.024,754.817,
Contact STARLINK-3251 - STARLINK-1227,57187.859,57952.031,764.173,
Contact STARLINK-3251 - STARLINK-1227,71492.302,72272.730,780.427,
Contact STARLINK-3251 - STARLINK-1227,85800.459,86400.000,599.541,
Contact STARLINK-3251 - STARLINK-5093,7083.414,11005.516,3922.102,
Contact STARLINK-3251 - STARLINK-5093,21429.537,25354.269,3924.732,
Contact STARLINK-3251 - STARLINK-5093,35792.715,39710.579,3917.863,
Contact STARLINK-3251 - STARLINK-5093,50147.973,54049.929,3901.956,
Contact STARLINK-3251 - STARLINK-5093,64521.480,65522.561,1001.081,
Contact STARLINK-3251 - STARLINK-5093,78887.280,79864.874,977.594,
Contact STARLINK-3251 - STARLINK-2556,3501.293,4340.985,839.692,
Contact STARLINK-3251 - STARLINK-2556,17820.489,18622.166,801.677,
Contact STARLINK-3251 - STARLINK-2556,32105.858,32941.079,835.221,
Contact STARLINK-3251 - STARLINK-2556,46425.126,47222.146,797.019,
Contact STARLINK-3251 - STARLINK-2556,60710.490,61541.014,830.525,
Contact STARLINK-3251 - STARLINK-2556,75029.836,75821.960,792.124,
Contact STARLINK-3251 - STARLINK-1073,0.000,51.040,51.040,
Contact STARLINK-3251 - STARLINK-1073,68340.523,68880.974,540.452,
Contact STARLINK-3251 - STARLINK-1073,82645.425,83215.344,569.918,
Contact STARLINK-3251 - STARLINK-5829,10539.530,11215.788,676.258,
Contact STARLINK-3251 - STARLINK-5829,24953.934,25506.769,552.835,
Contact STARLINK-3251 - STARLINK-5829,39367.772,39798.799,431.027,
Contact STARLINK-3251 - STARLINK-31979,338.594,7737.397,7398.803,
Contact STARLINK-3251 - STARLINK-31979,17878.393,18745.027,866.634,
Contact STARLINK-3251 - STARLINK-30754,3103.088,4196.730,1093.642,
Contact STARLINK-3251 - STARLINK-30754,17436.040,18520.114,1084.074,
Contact STARLINK-3251 - STARLINK-30754,31765.143,32847.816,1082.673,
Contact STARLINK-3251 - STARLINK-30754,46102.179,47167.165,1064.986,
Contact STARLINK-3251 - STARLINK-30754,57570.889,61490.861,3919.972,
Contact STARLINK-3251 - STARLINK-30754,71905.504,75806.143,3900.639,
Contact STARLINK-3251 - STARLINK-30754,86248.331,86400.000,151.669,
Contact STARLINK-3251 - STARLINK-3832,10159.794,11189.813,1030.019,
Contact STARLINK-3251 - STARLINK-3832,24468.492,25487.998,1019.506,
Contact STARLINK-3251 - STARLINK-3832,35909.833,39800.682,3890.849,
Contact STARLINK-3251 - STARLINK-3832,50204.569,54098.879,3894.311,
Contact STARLINK-3251 - STARLINK-3832,64513.227,68411.475,3898.248,
Contact STARLINK-3251 - STARLINK-3832,78808.047,79855.771,1047.724,
Contact STARLINK-3251 - STARLINK-5453,7085.265,7463.719,378.454,
Contact STARLINK-3251 - STARLINK-5453,21370.411,21779.192,408.781,
Contact STARLINK-3251 - STARLINK-5453,35680.465,36070.050,389.585,
Contact STARLINK-3251 - STARLINK-4569,75550.004,76069.805,519.801,
Contact STARLINK-3251 - STARLINK-1776,10064.421,11220.807,1156.386,
Contact STARLINK-3251 - STARLINK-1776,21505.541,25464.951,3959.410,
Contact STARLINK-3251 - STARLINK-1776,35817.335,39722.452,3905.117,
Contact STARLINK-3251 - STARLINK-1776,50117.000,51119.484,1002.484,
Contact STARLINK-3251 - STARLINK-1776,64436.485,65353.329,916.844,
Contact STARLINK-3251 - STARLINK-1776,78743.199,79601.129,857.931,
Contact STARLINK-3251 - STARLINK-5737,0.000,363.556,363.556,
Contact STARLINK-3251 - STARLINK-5737,13821.626,14630.154,808.528,
Contact STARLINK-3251 - STARLINK-5737,28193.228,28911.075,717.847,
Contact STARLINK-3251 - STARLINK-3506,10638.273,11226.680,588.407,
Contact STARLINK-3251 - STARLINK-3506,24944.839,25508.510,563.671,
Contact STARLINK-3251 - STARLINK-3506,39240.750,39800.350,559.600,
Contact STARLINK-3251 - STARLINK-3506,53548.066,54081.406,533.340,
Contact STARLINK-3251 - STARLINK-11136 [DTC],0.000,2716.178,2716.178,
Contact STARLINK-3251 - STARLINK-11136 [DTC],6921.220,7724.731,803.511,
Contact STARLINK-3251 - STARLINK-11092 [DTC],43991.671,50811.190,6819.519,
Contact STARLINK-3251 - STARLINK-11092 [DTC],60638.750,62031.517,1392.767,
Contact STARLINK-3251 - STARLINK-11072 [DTC],75158.594,75966.236,807.642,
Contact STARLINK-3251 - STARLINK-11072 [DTC],86303.934,86400.000,96.066,
Contact STARLINK-3251 - STARLINK-4522,6638.672,7251.534,612.862,
Contact STARLINK-3251 - MoonARTEMIS1,1024.299,9831.552,8807.253,
Contact STARLINK-3251 - MoonARTEMIS1,11669.360,21311.703,9642.343,
Contact STARLINK-3251 - MoonARTEMIS1,23188.432,27047.103,3858.670,
Contact STARLINK-3251 - MoonARTEMIS1,28939.814,38512.982,9573.168,
Contact STARLINK-3251 - MoonARTEMIS1,40433.340,49974.367,9541.027,
Contact STARLINK-3251 - MoonARTEMIS1,51918.189,55703.786,3785.596,
Contact STARLINK-3251 - MoonARTEMIS1,57658.140,67160.498,9502.358,
Contact STARLINK-3251 - MoonARTEMIS1,69134.006,78614.629,9480.624,
Contact STARLINK-3251 - MoonARTEMIS1,80605.265,86400.000,5794.735,
Contact STARLINK-3251 - MoonARTEMIS2,89.820,9786.421,9696.601,
Contact STARLINK-3251 - MoonARTEMIS2,11595.361,21262.250,9666.889,
Contact STARLINK-3251 - MoonARTEMIS2,23105.406,27003.031,3897.625,
Contact STARLINK-3251 - MoonARTEMIS2,28865.762,38490.927,9625.165,
Contact STARLINK-3251 - MoonARTEMIS2,40398.482,49945.217,9546.734,
Contact STARLINK-3251 - MoonARTEMIS2,51882.041,55672.082,3790.041,
Contact STARLINK-3251 - MoonARTEMIS2,57621.721,67126.658,9504.937,
Contact STARLINK-3251 - MoonARTEMIS2,69099.716,78582.467,9482.752,
Contact STARLINK-3251 - MoonARTEMIS2,80576.694,86400.000,5823.306,
Contact STARLINK-3251 - MoonIOAGEO,120.118,3694.986,3574.868,
Contact STARLINK-3251 - MoonIOAGEO,11658.335,21294.781,9636.446,
Contact STARLINK-3251 - MoonIOAGEO,23154.761,27020.367,3865.607,
Contact STARLINK-3251 - MoonIOAGEO,28886.111,38475.793,9589.682,
Contact STARLINK-3251 - MoonIOAGEO,40363.758,47793.389,7429.630,
Contact STARLINK-3251 - MoonIOAGEO,52003.783,55685.647,3681.864,
Contact STARLINK-3251 - MoonIOAGEO,57636.141,67144.635,9508.494,
Contact STARLINK-3251 - MoonIOAGEO,69113.628,78594.655,9481.027,
Contact STARLINK-3251 - MoonIOAGEO,80575.567,86400.000,5824.433,
Contact STARLINK-3251 - MoonIOAGNO,145.868,9831.808,9685.940,
Contact STARLINK-3251 - MoonIOAGNO,11639.688,21259.101,9619.413,
Contact STARLINK-3251 - MoonIOAGNO,23116.613,26988.758,3872.145,
Contact STARLINK-3251 - MoonIOAGNO,28868.862,38463.850,9594.988,
Contact STARLINK-3251 - MoonIOAGNO,40378.980,49952.320,9573.340,
Contact STARLINK-3251 - MoonIOAGNO,51885.880,55678.913,3793.033,
Contact STARLINK-3251 - MoonIOAGNO,57607.305,67113.174,9505.869,
Contact STARLINK-3251 - MoonIOAGNO,69082.490,78578.364,9495.874,
Contact STARLINK-3251 - MoonIOAGNO,80577.513,86400.000,5822.487,
Contact STARLINK-3251 - MoonIOAGNO 0001,114.861,9790.238,9675.377,
Contact STARLINK-3251 - MoonIOAGNO 0001,11628.949,21275.128,9646.178,
Contact STARLINK-3251 - MoonIOAGNO 0001,23146.472,27022.167,3875.696,
Contact STARLINK-3251 - MoonIOAGNO 0001,28901.590,38466.388,9564.799,
Contact STARLINK-3251 - MoonIOAGNO 0001,40360.930,49918.124,9557.193,
Contact STARLINK-3251 - MoonIOAGNO 0001,51854.432,55653.199,3798.767,
Contact STARLINK-3251 - MoonIOAGNO 0001,57605.800,67134.327,9528.527,
Contact STARLINK-3251 - MoonIOAGNO 0001,69111.893,78595.897,9484.005,
Contact STARLINK-3251 - MoonIOAGNO 0001,80576.002,86400.000,5823.998,
Contact STARLINK-3251 - MoonIOAGSO,119.269,7998.921,7879.651,
Contact STARLINK-3251 - MoonIOAGSO,11646.740,21307.393,9660.653,
Contact STARLINK-3251 - MoonIOAGSO,23141.569,27042.913,3901.344,
Contact STARLINK-3251 - MoonIOAGSO,28884.662,38500.058,9615.397,
Contact STARLINK-3251 - MoonIOAGSO,40372.085,49944.844,9572.759,
Contact STARLINK-3251 - MoonIOAGSO,51869.121,55678.938,3809.817,
Contact STARLINK-3251 - MoonIOAGSO,57628.290,67160.235,9531.945,
Contact STARLINK-3251 - MoonIOAGSO,69112.145,78618.334,9506.189,
Contact STARLINK-3251 - MoonIOAGSO,80587.953,86400.000,5812.047,
Contact STARLINK-3251 - MoonIOAGSO 0001,136.406,9844.229,9707.823,
Contact STARLINK-3251 - MoonIOAGSO 0001,11628.136,21297.659,9669.523,
Contact STARLINK-3251 - MoonIOAGSO 0001,23125.783,27019.857,3894.074,
Contact STARLINK-3251 - MoonIOAGSO 0001,30920.817,38496.867,7576.050,
Contact STARLINK-3251 - MoonIOAGSO 0001,40391.211,49969.075,9577.864,
Contact STARLINK-3251 - MoonIOAGSO 0001,51873.740,55697.701,3823.961,
Contact STARLINK-3251 - MoonIOAGSO 0001,57614.091,67145.186,9531.096,
Contact STARLINK-3251 - MoonIOAGSO 0001,69096.875,78605.711,9508.835,
Contact STARLINK-3251 - MoonIOAGSO 0001,80601.065,86400.000,5798.935,
Contact STARLINK-3251 - MoonLRO,236.393,9825.773,9589.380,
Contact STARLINK-3251 - MoonLRO,13892.317,15552.914,1660.598,
Contact STARLINK-3251 - MoonLRO,34634.878,38319.116,3684.238,
Contact STARLINK-3251 - MoonLRO,41201.134,44221.211,3020.077,
Contact STARLINK-3251 - MoonLRO,63363.548,65617.132,2253.584,
Contact STARLINK-3251 - MoonLRO,69104.560,78606.644,9502.084,
Contact STARLINK-3251 - MoonLRO,82179.649,84333.075,2153.426,
Contact STARLINK-3251 - MarsSat1,0.000,6359.684,6359.684,
Contact STARLINK-3251 - MarsSat1,7501.062,17831.791,10330.729,
Contact STARLINK-3251 - MarsSat1,18950.398,35040.719,16090.321,
Contact STARLINK-3251 - MarsSat1,36124.886,46513.913,10389.027,
Contact STARLINK-3251 - MarsSat1,47574.990,75198.382,27623.393,
Contact STARLINK-3251 - MarsSat1,76202.310,86400.000,10197.690,
Contact STARLINK-3251 - MarsSat2,0.000,6359.906,6359.906,
Contact STARLINK-3251 - MarsSat2,7500.812,17832.236,10331.424,
Contact STARLINK-3251 - MarsSat2,18950.257,35041.374,16091.117,
Contact STARLINK-3251 - MarsSat2,36125.023,46514.521,10389.498,
Contact STARLINK-3251 - MarsSat2,47575.298,75198.484,27623.186,
Contact STARLINK-3251 - MarsSat2,76202.697,86400.000,10197.303,
Contact STARLINK-3251 - MarsSat3,0.000,6359.802,6359.802,
Contact STARLINK-3251 - MarsSat3,7500.875,17832.071,10331.196,
Contact STARLINK-3251 - MarsSat3,18950.379,35041.018,16090.640,
Contact STARLINK-3251 - MarsSat3,36125.175,46514.016,10388.841,
Contact STARLINK-3251 - MarsSat3,47575.371,75198.214,27622.843,
Contact STARLINK-3251 - MarsSat3,76202.093,86400.000,10197.907,
Contact STARLINK-3251 - MarsSat4,0.000,6359.605,6359.605,
Contact STARLINK-3251 - MarsSat4,7501.071,17831.723,10330.652,
Contact STARLINK-3251 - MarsSat4,18950.295,35041.006,16090.711,
Contact STARLINK-3251 - MarsSat4,36125.036,46513.982,10388.946,
Contact STARLINK-3251 - MarsSat4,47575.190,75198.145,27622.955,
Contact STARLINK-3251 - MarsSat4,76202.438,86400.000,10197.562,
Contact STARLINK-4108 - STARLINK-3095,7046.774,7797.762,750.987,
Contact STARLINK-4108 - STARLINK-3095,21358.814,22202.750,843.935,
Contact STARLINK-4108 - STARLINK-3095,35669.167,36609.156,939.989,
Contact STARLINK-4108 - STARLINK-3095,50002.023,50993.022,990.998,
Contact STARLINK-4108 - STARLINK-3095,64332.082,65379.653,1047.570,
Contact STARLINK-4108 - STARLINK-3095,78681.909,79746.291,1064.382,
Contact STARLINK-4108 - STARLINK-3045,75496.329,76303.344,807.015,
Contact STARLINK-4108 - STARLINK-30329,0.000,68249.505,68249.505,
Contact STARLINK-4108 - STARLINK-30329,69035.299,82408.802,13373.504,
Contact STARLINK-4108 - STARLINK-31498,3091.210,69651.372,66560.162,
Contact STARLINK-4108 - STARLINK-3550,14358.822,14983.658,624.836,
Contact STARLINK-4108 - STARLINK-3550,28662.407,29280.074,617.667,
Contact STARLINK-4108 - STARLINK-3550,42963.304,43579.735,616.431,
Contact STARLINK-4108 - STARLINK-3550,57266.915,57876.102,609.187,
Contact STARLINK-4108 - STARLINK-3550,71567.855,72175.705,607.851,
Contact STARLINK-4108 - STARLINK-3550,85871.493,86400.000,528.507,
Contact STARLINK-4108 - STARLINK-1107,3181.771,4100.047,918.276,
Contact STARLINK-4108 - STARLINK-1107,17436.306,18070.217,633.912,
Contact STARLINK-4108 - STARLINK-1351,0.000,86400.000,86400.000,
Contact STARLINK-4108 - STARLINK-32134,0.000,42454.860,42454.860,
Contact STARLINK-4108 - STARLINK-3295,0.000,82.151,82.151,
Contact STARLINK-4108 - STARLINK-3295,10614.215,11518.374,904.159,
Contact STARLINK-4108 - STARLINK-3295,24907.144,25816.984,909.840,
Contact STARLINK-4108 - STARLINK-3295,39207.053,40108.892,901.839,
Contact STARLINK-4108 - STARLINK-3295,53499.976,54407.475,907.499,
Contact STARLINK-4108 - STARLINK-3295,67799.885,68699.357,899.472,
Contact STARLINK-4108 - STARLINK-3295,82092.802,82997.912,905.110,
Contact STARLINK-4108 - STARLINK-30610,3305.145,3999.633,694.488,
Contact STARLINK-4108 - STARLINK-30610,17475.293,18492.850,1017.558,
Contact STARLINK-4108 - STARLINK-30610,31708.041,32911.081,1203.040,
Contact STARLINK-4108 - STARLINK-30610,40235.429,47352.296,7116.867,
Contact STARLINK-4108 - STARLINK-30610,54486.925,61747.275,7260.350,
Contact STARLINK-4108 - STARLINK-30610,68728.364,79031.143,10302.779,
Contact STARLINK-4108 - STARLINK-30610,82993.623,86400.000,3406.377,
Contact STARLINK-4108 - STARLINK-3050,4227.513,11225.211,6997.698,
Contact STARLINK-4108 - STARLINK-3050,18617.554,25553.717,6936.163,
Contact STARLINK-4108 - STARLINK-3050,35911.964,39851.320,3939.355,
Contact STARLINK-4108 - STARLINK-3050,50348.848,54149.888,3801.041,
Contact STARLINK-4108 - STARLINK-3050,64790.712,68407.303,3616.591,
Contact STARLINK-4108 - STARLINK-30255,6981.579,7550.919,569.341,
Contact STARLINK-4108 - STARLINK-32223,35710.028,36416.922,706.894,
Contact STARLINK-4108 - STARLINK-32223,43850.386,53918.990,10068.604,
Contact STARLINK-4108 - STARLINK-32223,57648.809,68109.118,10460.309,
Contact STARLINK-4108 - STARLINK-32223,68931.761,81970.143,13038.382,
Contact STARLINK-4108 - STARLINK-32223,83374.166,86400.000,3025.834,
Contact STARLINK-4108 - STARLINK-31931,2924.413,3795.955,871.542,
Contact STARLINK-4108 - STARLINK-31931,14217.842,15148.805,930.964,
Contact STARLINK-4108 - STARLINK-31931,28370.514,29303.605,933.092,
Contact STARLINK-4108 - STARLINK-31931,42563.787,43418.381,854.594,
Contact STARLINK-4108 - STARLINK-31931,53950.139,54678.775,728.637,
Contact STARLINK-4108 - STARLINK-31931,68243.091,68695.071,451.980,
Contact STARLINK-4108 - STARLINK-2658,0.000,395.308,395.308,
Contact STARLINK-4108 - STARLINK-2658,13765.603,14708.015,942.411,
Contact STARLINK-4108 - STARLINK-2658,28077.131,29016.793,939.662,
Contact STARLINK-4108 - STARLINK-2658,39525.008,43328.940,3803.931,
Contact STARLINK-4108 - STARLINK-2658,53833.271,57637.256,3803.985,
Contact STARLINK-4108 - STARLINK-2658,68145.384,69085.154,939.770,
Contact STARLINK-4108 - STARLINK-2658,82454.204,83396.520,942.316,
Contact STARLINK-4108 - STARLINK-3601,3300.532,7451.407,4150.875,
Contact STARLINK-4108 - STARLINK-3601,17591.074,24592.341,7001.267,
Contact STARLINK-4108 - STARLINK-3601,31907.258,38860.842,6953.584,
Contact STARLINK-4108 - STARLINK-3601,46197.783,47446.540,1248.758,
Contact STARLINK-4108 - STARLINK-3601,60514.637,61714.503,1199.866,
Contact STARLINK-4108 - STARLINK-3601,69083.609,76013.646,6930.037,
Contact STARLINK-4108 - STARLINK-3601,86248.266,86400.000,151.734,
Contact STARLINK-4108 - STARLINK-3603,295.180,10711.728,10416.547,
Contact STARLINK-4108 - STARLINK-3603,14601.008,25027.564,10426.555,
Contact STARLINK-4108 - STARLINK-3603,28888.385,39316.611,10428.226,
Contact STARLINK-4108 - STARLINK-3603,40325.693,53632.330,13306.637,
Contact STARLINK-4108 - STARLINK-3603,54631.443,67921.361,13289.918,
Contact STARLINK-4108 - STARLINK-3603,68919.025,82236.962,13317.937,
Contact STARLINK-4108 - STARLINK-3603,83224.724,86400.000,3175.276,
Contact STARLINK-4108 - STARLINK-31060,75478.181,76198.406,720.225,
Contact STARLINK-4108 - STARLINK-30145,3403.250,7203.310,3800.060,
Contact STARLINK-4108 - STARLINK-30145,17727.809,18643.698,915.889,
Contact STARLINK-4108 - STARLINK-30145,32061.745,32938.870,877.125,
Contact STARLINK-4108 - STARLINK-30145,46388.317,47241.539,853.222,
Contact STARLINK-4108 - STARLINK-30145,60724.852,61534.105,809.253,
Contact STARLINK-4108 - STARLINK-30145,75053.689,75834.427,780.739,
Contact STARLINK-4108 - STARLINK-30549,53528.062,54351.610,823.548,
Contact STARLINK-4108 - STARLINK-30549,64726.056,68702.564,3976.508,
Contact STARLINK-4108 - STARLINK-30549,78804.899,85831.183,7026.285,
Contact STARLINK-4108 - STARLINK-6241,21268.810,28320.751,7051.941,
Contact STARLINK-4108 - STARLINK-6241,35298.193,42954.201,7656.008,
Contact STARLINK-4108 - STARLINK-6241,43754.410,86400.000,42645.590,
Contact STARLINK-4108 - STARLINK-1227,0.000,86400.000,86400.000,
Contact STARLINK-4108 - STARLINK-1073,0.000,86400.000,86400.000,
Contact STARLINK-4108 - STARLINK-32088,0.000,9875.186,9875.186,
Contact STARLINK-4108 - STARLINK-31979,39215.986,39961.065,745.079,
Contact STARLINK-4108 - STARLINK-31979,47557.669,54412.131,6854.462,
Contact STARLINK-4108 - STARLINK-31979,61583.775,71606.795,10023.020,
Contact STARLINK-4108 - STARLINK-31979,78501.586,85839.564,7337.977,
Contact STARLINK-4108 - STARLINK-31939,6962.494,8006.467,1043.973,
Contact STARLINK-4108 - STARLINK-3832,3019.627,3941.538,921.911,
Contact STARLINK-4108 - STARLINK-3832,17315.966,18248.588,932.622,
Contact STARLINK-4108 - STARLINK-3832,28755.936,32548.026,3792.090,
Contact STARLINK-4108 - STARLINK-3832,43059.503,46854.983,3795.479,
Contact STARLINK-4108 - STARLINK-3832,57355.945,58297.498,941.553,
Contact STARLINK-4108 - STARLINK-3832,71659.560,72596.854,937.294,
Contact STARLINK-4108 - STARLINK-3832,85956.073,86400.000,443.927,
Contact STARLINK-4108 - STARLINK-1776,2991.775,3928.669,936.894,
Contact STARLINK-4108 - STARLINK-1776,17269.060,18201.762,932.702,
Contact STARLINK-4108 - STARLINK-1776,28694.103,32467.314,3773.211,
Contact STARLINK-4108 - STARLINK-1776,42979.360,43881.674,902.313,
Contact STARLINK-4108 - STARLINK-1776,57259.308,58152.004,892.697,
Contact STARLINK-4108 - STARLINK-1776,71546.426,72414.752,868.326,
Contact STARLINK-4108 - STARLINK-1776,85828.344,86400.000,571.656,
Contact STARLINK-4108 - STARLINK-6199,0.000,2966.179,2966.179,
Contact STARLINK-4108 - STARLINK-6199,4163.993,17302.712,13138.719,
Contact STARLINK-4108 - STARLINK-6199,18449.912,25916.160,7466.248,
Contact STARLINK-4108 - STARLINK-6199,32758.300,43122.213,10363.913,
Contact STARLINK-4108 - STARLINK-6199,47051.975,57447.852,10395.877,
Contact STARLINK-4108 - STARLINK-6199,61368.464,71785.466,10417.002,
Contact STARLINK-4108 - STARLINK-6199,75670.788,86102.073,10431.284,
Contact STARLINK-4108 - STARLINK-3506,3341.935,4143.639,801.703,
Contact STARLINK-4108 - STARLINK-3506,17633.387,18437.408,804.022,
Contact STARLINK-4108 - STARLINK-3506,31949.774,32704.081,754.306,
Contact STARLINK-4108 - STARLINK-3506,46241.383,46997.653,756.270,
Contact STARLINK-4108 - STARLINK-3506,60559.433,61262.625,703.192,
Contact STARLINK-4108 - STARLINK-3506,86295.734,86400.000,104.266,
Contact STARLINK-4108 - STARLINK-11136 [DTC],0.000,711.843,711.843,
Contact STARLINK-4108 - STARLINK-11136 [DTC],13944.362,14763.481,819.118,
Contact STARLINK-4108 - STARLINK-11136 [DTC],39502.913,39673.094,170.181,
Contact STARLINK-4108 - STARLINK-5628,53902.288,54388.434,486.146,
Contact STARLINK-4108 - STARLINK-5628,68189.103,68783.974,594.871,
Contact STARLINK-4108 - STARLINK-5628,82484.570,83169.973,685.403,
Contact STARLINK-4108 - STARLINK-4522,53873.202,54258.073,384.871,
Contact STARLINK-4108 - STARLINK-4522,68153.810,68556.479,402.669,
Contact STARLINK-4108 - STARLINK-4522,82397.274,82894.039,496.765,
Contact STARLINK-4108 - MoonARTEMIS1,4599.363,14171.657,9572.294,
Contact STARLINK-4108 - MoonARTEMIS1,16050.715,19922.392,3871.677,
Contact STARLINK-4108 - MoonARTEMIS1,21774.221,31418.444,9644.224,
Contact STARLINK-4108 - MoonARTEMIS1,33218.968,42911.202,9692.234,
Contact STARLINK-4108 - MoonARTEMIS1,44661.541,60147.722,15486.182,
Contact STARLINK-4108 - MoonARTEMIS1,61821.941,71637.849,9815.908,
Contact STARLINK-4108 - MoonARTEMIS1,73259.762,86400.000,13140.238,
Contact STARLINK-4108 - MoonARTEMIS2,0.000,2630.139,2630.139,
Contact STARLINK-4108 - MoonARTEMIS2,4582.635,14108.558,9525.924,
Contact STARLINK-4108 - MoonARTEMIS2,16028.867,19851.615,3822.748,
Contact STARLINK-4108 - MoonARTEMIS2,21753.189,31355.347,9602.158,
Contact STARLINK-4108 - MoonARTEMIS2,34894.489,42868.224,7973.735,
Contact STARLINK-4108 - MoonARTEMIS2,44646.344,60093.311,15446.967,
Contact STARLINK-4108 - MoonARTEMIS2,61795.122,71583.415,9788.293,
Contact STARLINK-4108 - MoonARTEMIS2,73227.998,86400.000,13172.002,
Contact STARLINK-4108 - MoonIOAGEO,0.000,2662.607,2662.607,
Contact STARLINK-4108 - MoonIOAGEO,10323.816,14160.829,3837.013,
Contact STARLINK-4108 - MoonIOAGEO,16045.845,19900.605,3854.760,
Contact STARLINK-4108 - MoonIOAGEO,21766.541,31358.532,9591.991,
Contact STARLINK-4108 - MoonIOAGEO,33206.548,42839.405,9632.857,
Contact STARLINK-4108 - MoonIOAGEO,44649.177,47820.055,3170.879,
Contact STARLINK-4108 - MoonIOAGEO,51995.956,60120.539,8124.582,
Contact STARLINK-4108 - MoonIOAGEO,61810.715,71598.268,9787.553,
Contact STARLINK-4108 - MoonIOAGEO,73248.693,86400.000,13151.307,
Contact STARLINK-4108 - MoonIOAGNO,0.000,2669.684,2669.684,
Contact STARLINK-4108 - MoonIOAGNO,4595.640,14133.896,9538.255,
Contact STARLINK-4108 - MoonIOAGNO,16033.139,19859.567,3826.428,
Contact STARLINK-4108 - MoonIOAGNO,21741.254,31343.606,9602.352,
Contact STARLINK-4108 - MoonIOAGNO,33176.959,42851.767,9674.808,
Contact STARLINK-4108 - MoonIOAGNO,44633.768,60071.270,15437.502,
Contact STARLINK-4108 - MoonIOAGNO,61789.211,71566.735,9777.524,
Contact STARLINK-4108 - MoonIOAGNO,73210.730,86400.000,13189.270,
Contact STARLINK-4108 - MoonIOAGNO 0001,0.000,2641.775,2641.775,
Contact STARLINK-4108 - MoonIOAGNO 0001,4573.581,14127.819,9554.237,
Contact STARLINK-4108 - MoonIOAGNO 0001,16018.919,19878.157,3859.238,
Contact STARLINK-4108 - MoonIOAGNO 0001,21748.844,31378.471,9629.627,
Contact STARLINK-4108 - MoonIOAGNO 0001,33213.876,42825.802,9611.927,
Contact STARLINK-4108 - MoonIOAGNO 0001,44621.061,60082.922,15461.861,
Contact STARLINK-4108 - MoonIOAGNO 0001,61782.757,71612.375,9829.619,
Contact STARLINK-4108 - MoonIOAGNO 0001,73255.729,86400.000,13144.271,
Contact STARLINK-4108 - MoonIOAGSO,0.000,2664.978,2664.978,
Contact STARLINK-4108 - MoonIOAGSO,4605.987,14151.951,9545.964,
Contact STARLINK-4108 - MoonIOAGSO,16054.020,19895.736,3841.717,
Contact STARLINK-4108 - MoonIOAGSO,21788.289,31372.463,9584.174,
Contact STARLINK-4108 - MoonIOAGSO,33237.125,42848.428,9611.303,
Contact STARLINK-4108 - MoonIOAGSO,44664.875,60108.099,15443.224,
Contact STARLINK-4108 - MoonIOAGSO,61831.195,71598.748,9767.553,
Contact STARLINK-4108 - MoonIOAGSO,73288.273,86400.000,13111.727,
Contact STARLINK-4108 - MoonIOAGSO 0001,0.000,2678.238,2678.238,
Contact STARLINK-4108 - MoonIOAGSO 0001,4625.961,14148.484,9522.523,
Contact STARLINK-4108 - MoonIOAGSO 0001,16067.428,19883.226,3815.798,
Contact STARLINK-4108 - MoonIOAGSO 0001,21781.181,29969.595,8188.414,
Contact STARLINK-4108 - MoonIOAGSO 0001,33201.853,42865.580,9663.727,
Contact STARLINK-4108 - MoonIOAGSO 0001,44677.078,48606.765,3929.687,
Contact STARLINK-4108 - MoonIOAGSO 0001,50403.091,60088.670,9685.579,
Contact STARLINK-4108 - MoonIOAGSO 0001,61837.431,71585.306,9747.875,
Contact STARLINK-4108 - MoonIOAGSO 0001,73244.249,86400.000,13155.751,
Contact STARLINK-4108 - MoonLRO,7088.151,10967.408,3879.257,
Contact STARLINK-4108 - MoonLRO,27539.676,31372.088,3832.412,
Contact STARLINK-4108 - MoonLRO,34380.968,37113.793,2732.824,
Contact STARLINK-4108 - MoonLRO,50372.973,51962.011,1589.038,
Contact STARLINK-4108 - MoonLRO,56085.574,58810.540,2724.966,
Contact STARLINK-4108 - MoonLRO,61802.362,65632.608,3830.247,
Contact STARLINK-4108 - MoonLRO,75376.447,83106.123,7729.676,
Contact STARLINK-4108 - MarsSat1,1652.872,5249.680,3596.808,
Contact STARLINK-4108 - MarsSat1,7374.858,16694.521,9319.663,
Contact STARLINK-4108 - MarsSat1,18818.830,28139.435,9320.605,
Contact STARLINK-4108 - MarsSat1,30262.816,39584.436,9321.620,
Contact STARLINK-4108 - MarsSat1,41706.829,45306.972,3600.143,
Contact STARLINK-4108 - MarsSat1,47428.845,56752.105,9323.260,
Contact STARLINK-4108 - MarsSat1,58872.887,68197.306,9324.419,
Contact STARLINK-4108 - MarsSat1,70316.926,73919.925,3602.999,
Contact STARLINK-4108 - MarsSat1,76038.940,85365.195,9326.254,
Contact STARLINK-4108 - MarsSat2,1652.950,5249.765,3596.815,
Contact STARLINK-4108 - MarsSat2,7374.955,16694.647,9319.693,
Contact STARLINK-4108 - MarsSat2,18818.957,28139.584,9320.627,
Contact STARLINK-4108 - MarsSat2,30262.952,39584.579,9321.627,
Contact STARLINK-4108 - MarsSat2,41706.944,45307.099,3600.155,
Contact STARLINK-4108 - MarsSat2,47428.939,56752.184,9323.245,
Contact STARLINK-4108 - MarsSat2,58872.930,68197.333,9324.403,
Contact STARLINK-4108 - MarsSat2,70316.924,73919.932,3603.008,
Contact STARLINK-4108 - MarsSat2,76038.922,85365.178,9326.257,
Contact STARLINK-4108 - MarsSat3,1652.920,5249.732,3596.812,
Contact STARLINK-4108 - MarsSat3,7374.920,16694.595,9319.675,
Contact STARLINK-4108 - MarsSat3,18818.899,28139.502,9320.602,
Contact STARLINK-4108 - MarsSat3,30262.864,39584.464,9321.600,
Contact STARLINK-4108 - MarsSat3,41706.829,45306.971,3600.142,
Contact STARLINK-4108 - MarsSat3,47428.816,56752.049,9323.233,
Contact STARLINK-4108 - MarsSat3,58872.819,68197.247,9324.428,
Contact STARLINK-4108 - MarsSat3,70316.883,73919.890,3603.007,
Contact STARLINK-4108 - MarsSat3,76038.928,85365.214,9326.286,
Contact STARLINK-4108 - MarsSat4,1652.863,5249.661,3596.798,
Contact STARLINK-4108 - MarsSat4,7374.837,16694.506,9319.669,
Contact STARLINK-4108 - MarsSat4,18818.834,28139.507,9320.673,
Contact STARLINK-4108 - MarsSat4,30262.882,39584.470,9321.588,
Contact STARLINK-4108 - MarsSat4,41706.839,45306.975,3600.136,
Contact STARLINK-4108 - MarsSat4,47428.832,56752.128,9323.296,
Contact STARLINK-4108 - MarsSat4,58872.906,68197.285,9324.379,
Contact STARLINK-4108 - MarsSat4,70316.886,73919.867,3602.982,
Contact STARLINK-4108 - MarsSat4,76038.873,85365.147,9326.274,
Contact STARLINK-3095 - STARLINK-3045,0.000,86351.581,86351.581,
Contact STARLINK-3095 - STARLINK-30329,79171.816,79385.941,214.125,
Contact STARLINK-3095 - STARLINK-31498,35686.612,36395.217,708.606,
Contact STARLINK-3095 - STARLINK-31498,49774.519,50724.940,950.421,
Contact STARLINK-3095 - STARLINK-31498,61115.618,64958.535,3842.917,
Contact STARLINK-3095 - STARLINK-31498,75373.657,76274.520,900.863,
Contact STARLINK-3095 - STARLINK-1107,43166.555,43844.283,677.729,
Contact STARLINK-3095 - STARLINK-1107,57259.354,58093.740,834.386,
Contact STARLINK-3095 - STARLINK-1107,71424.385,72270.272,845.888,
Contact STARLINK-3095 - STARLINK-1351,6856.250,7803.524,947.275,
Contact STARLINK-3095 - STARLINK-1351,21206.943,22198.212,991.270,
Contact STARLINK-3095 - STARLINK-1351,35551.461,36599.330,1047.869,
Contact STARLINK-3095 - STARLINK-1351,49913.106,50982.891,1069.785,
Contact STARLINK-3095 - STARLINK-1351,64268.816,65372.820,1104.004,
Contact STARLINK-3095 - STARLINK-1351,78640.576,79746.125,1105.549,
Contact STARLINK-3095 - STARLINK-31971,0.000,46.510,46.510,
Contact STARLINK-3095 - STARLINK-31971,10765.629,11332.534,566.905,
Contact STARLINK-3095 - STARLINK-32134,21135.388,28230.913,7095.525,
Contact STARLINK-3095 - STARLINK-32134,29528.314,42441.969,12913.655,
Contact STARLINK-3095 - STARLINK-32134,43773.543,50811.827,7038.284,
Contact STARLINK-3095 - STARLINK-31430,3270.862,3664.144,393.282,
Contact STARLINK-3095 - STARLINK-31430,17357.021,18009.348,652.326,
Contact STARLINK-3095 - STARLINK-31430,28668.962,29442.051,773.089,
Contact STARLINK-3095 - STARLINK-31430,42846.763,43694.558,847.795,
Contact STARLINK-3095 - STARLINK-31430,57074.887,57896.032,821.145,
Contact STARLINK-3095 - STARLINK-31430,71341.425,72059.818,718.394,
Contact STARLINK-3095 - STARLINK-31430,82795.855,83350.232,554.377,
Contact STARLINK-3095 - STARLINK-31085,3286.102,4268.364,982.262,
Contact STARLINK-3095 - STARLINK-31085,17719.865,18590.367,870.502,
Contact STARLINK-3095 - STARLINK-31085,32182.489,32879.046,696.557,
Contact STARLINK-3095 - STARLINK-31085,46649.091,47168.016,518.925,
Contact STARLINK-3095 - STARLINK-2635,3351.202,4248.117,896.915,
Contact STARLINK-3095 - STARLINK-2635,17718.754,18603.284,884.530,
Contact STARLINK-3095 - STARLINK-2635,32096.136,32948.749,852.612,
Contact STARLINK-3095 - STARLINK-2635,46470.869,47296.814,825.945,
Contact STARLINK-3095 - STARLINK-2635,60854.957,61635.497,780.540,
Contact STARLINK-3095 - STARLINK-2635,75236.973,75976.366,739.393,
Contact STARLINK-3095 - STARLINK-3295,42714.897,43658.686,943.789,
Contact STARLINK-3095 - STARLINK-3295,51147.598,64218.040,13070.442,
Contact STARLINK-3095 - STARLINK-3295,65167.739,86400.000,21232.261,
Contact STARLINK-3095 - STARLINK-30610,3558.819,4255.834,697.016,
Contact STARLINK-3095 - STARLINK-30610,17934.408,18659.425,725.017,
Contact STARLINK-3095 - STARLINK-30610,32315.691,33057.994,742.302,
Contact STARLINK-3095 - STARLINK-30610,46693.204,47459.673,766.469,
Contact STARLINK-3095 - STARLINK-30610,61075.685,61857.007,781.322,
Contact STARLINK-3095 - STARLINK-30610,75454.953,76256.947,801.995,
Contact STARLINK-3095 - STARLINK-5960,0.000,371.025,371.025,
Contact STARLINK-3095 - STARLINK-5960,14076.651,14745.620,668.969,
Contact STARLINK-3095 - STARLINK-5960,28480.197,29115.630,635.433,
Contact STARLINK-3095 - STARLINK-5960,42880.522,43488.453,607.931,
Contact STARLINK-3095 - STARLINK-5960,57286.969,57855.587,568.619,
Contact STARLINK-3095 - STARLINK-5960,71689.458,72226.222,536.764,
Contact STARLINK-3095 - STARLINK-5960,86099.718,86400.000,300.282,
Contact STARLINK-3095 - STARLINK-31673,0.000,2899.926,2899.926,
Contact STARLINK-3095 - STARLINK-31673,10413.108,11443.891,1030.783,
Contact STARLINK-3095 - STARLINK-31673,24799.680,25668.096,868.415,
Contact STARLINK-3095 - STARLINK-31673,39264.731,39814.841,550.111,
Contact STARLINK-3095 - STARLINK-32223,50333.510,50575.840,242.330,
Contact STARLINK-3095 - STARLINK-32223,64350.999,64920.211,569.212,
Contact STARLINK-3095 - STARLINK-31931,57529.303,58057.115,527.812,
Contact STARLINK-3095 - STARLINK-31931,71410.238,72601.299,1191.061,
Contact STARLINK-3095 - STARLINK-31931,79867.125,86400.000,6532.875,
Contact STARLINK-3095 - STARLINK-3601,6599.653,7227.517,627.863,
Contact STARLINK-3095 - STARLINK-3601,20933.492,21602.860,669.369,
Contact STARLINK-3095 - STARLINK-3601,32399.964,33103.384,703.421,
Contact STARLINK-3095 - STARLINK-3601,46733.284,47478.448,745.163,
Contact STARLINK-3095 - STARLINK-3601,61074.314,61846.422,772.108,
Contact STARLINK-3095 - STARLINK-3601,75413.941,76215.175,801.235,
Contact STARLINK-3095 - STARLINK-3603,6792.154,7308.875,516.720,
Contact STARLINK-3095 - STARLINK-3603,21128.970,21693.212,564.242,
Contact STARLINK-3095 - STARLINK-3603,35460.253,36082.127,621.874,
Contact STARLINK-3095 - STARLINK-3603,49801.987,50461.450,659.464,
Contact STARLINK-3095 - STARLINK-3603,64139.479,64844.160,704.681,
Contact STARLINK-3095 - STARLINK-3603,78485.432,79219.163,733.731,
Contact STARLINK-3095 - STARLINK-31060,0.000,499.423,499.423,
Contact STARLINK-3095 - STARLINK-31060,13886.338,14542.030,655.692,
Contact STARLINK-3095 - STARLINK-30549,72513.600,86400.000,13886.400,
Contact STARLINK-3095 - STARLINK-6241,365.289,7881.138,7515.849,
Contact STARLINK-3095 - STARLINK-6241,14761.873,25144.356,10382.484,
Contact STARLINK-3095 - STARLINK-6241,29157.172,36648.788,7491.617,
Contact STARLINK-3095 - STARLINK-6241,43564.761,51014.040,7449.279,
Contact STARLINK-3095 - STARLINK-6241,57970.011,65395.894,7425.883,
Contact STARLINK-3095 - STARLINK-6241,72387.414,79752.151,7364.736,
Contact STARLINK-3095 - STARLINK-31530,0.000,29431.277,29431.277,
Contact STARLINK-3095 - STARLINK-1227,35990.850,36485.342,494.492,
Contact STARLINK-3095 - STARLINK-1227,50328.955,50890.698,561.743,
Contact STARLINK-3095 - STARLINK-1227,64659.794,65302.285,642.491,
Contact STARLINK-3095 - STARLINK-1227,79008.047,79697.400,689.353,
Contact STARLINK-3095 - STARLINK-1073,6726.506,7435.895,709.389,
Contact STARLINK-3095 - STARLINK-1073,21094.217,21825.589,731.372,
Contact STARLINK-3095 - STARLINK-1073,35455.236,36221.140,765.904,
Contact STARLINK-3095 - STARLINK-1073,49825.605,50608.129,782.525,
Contact STARLINK-3095 - STARLINK-1073,64190.007,65000.324,810.317,
Contact STARLINK-3095 - STARLINK-1073,78562.869,79384.774,821.905,
Contact STARLINK-3095 - STARLINK-32088,6554.288,7318.789,764.501,
Contact STARLINK-3095 - STARLINK-32088,17863.005,18735.087,872.082,
Contact STARLINK-3095 - STARLINK-32088,32061.447,32942.639,881.193,
Contact STARLINK-3095 - STARLINK-32088,46321.030,47088.909,767.879,
Contact STARLINK-3095 - STARLINK-31979,64238.727,86400.000,22161.273,
Contact STARLINK-3095 - STARLINK-31939,0.000,36206.202,36206.202,
Contact STARLINK-3095 - STARLINK-4569,0.000,289.401,289.401,
Contact STARLINK-3095 - STARLINK-4569,13936.059,14694.302,758.242,
Contact STARLINK-3095 - STARLINK-4569,28341.943,29092.744,750.801,
Contact STARLINK-3095 - STARLINK-4569,42740.718,43497.618,756.900,
Contact STARLINK-3095 - STARLINK-4569,57146.887,57895.744,748.856,
Contact STARLINK-3095 - STARLINK-4569,71545.654,72300.613,754.959,
Contact STARLINK-3095 - STARLINK-4569,85952.083,86400.000,447.917,
Contact STARLINK-3095 - STARLINK-6199,627.875,13790.780,13162.906,
Contact STARLINK-3095 - STARLINK-6199,14781.756,28408.913,13627.157,
Contact STARLINK-3095 - STARLINK-6199,28922.609,86400.000,57477.391,
Contact STARLINK-3095 - STARLINK-4328,25187.363,25815.176,627.813,
Contact STARLINK-3095 - STARLINK-4328,39582.150,40223.927,641.777,
Contact STARLINK-3095 - STARLINK-4328,53966.683,54642.651,675.968,
Contact STARLINK-3095 - STARLINK-4328,68363.270,69049.577,686.307,
Contact STARLINK-3095 - STARLINK-4328,82749.901,83466.106,716.205,
Contact STARLINK-3095 - STARLINK-2214,0.000,29380.103,29380.103,
Contact STARLINK-3095 - STARLINK-3506,17954.471,18493.223,538.752,
Contact STARLINK-3095 - STARLINK-3506,32279.486,32874.117,594.631,
Contact STARLINK-3095 - STARLINK-3506,46604.917,47254.049,649.132,
Contact STARLINK-3095 - STARLINK-3506,60935.602,61629.143,693.541,
Contact STARLINK-3095 - STARLINK-3506,75267.901,76002.178,734.277,
Contact STARLINK-3095 - STARLINK-11136 [DTC],36743.486,46462.539,9719.052,
Contact STARLINK-3095 - STARLINK-11136 [DTC],53455.628,54830.791,1375.163,
Contact STARLINK-3095 - STARLINK-31325,3303.297,7253.798,3950.501,
Contact STARLINK-3095 - STARLINK-31325,17748.683,18524.971,776.288,
Contact STARLINK-3095 - STARLINK-5628,0.000,511.232,511.232,
Contact STARLINK-3095 - STARLINK-5628,13942.040,14947.646,1005.606,
Contact STARLINK-3095 - STARLINK-5628,28333.894,29364.654,1030.760,
Contact STARLINK-3095 - STARLINK-5628,42706.255,43798.876,1092.621,
Contact STARLINK-3095 - STARLINK-5628,57099.306,58214.844,1115.537,
Contact STARLINK-3095 - STARLINK-5628,71473.540,72647.230,1173.690,
Contact STARLINK-3095 - STARLINK-5628,85867.734,86400.000,532.266,
Contact STARLINK-3095 - STARLINK-11092 [DTC],82246.896,82823.113,576.217,
Contact STARLINK-3095 - STARLINK-11072 [DTC],6431.945,7352.655,920.711,
Contact STARLINK-3095 - STARLINK-11072 [DTC],17907.115,18368.276,461.161,
Contact STARLINK-3095 - STARLINK-5176,3547.338,7245.820,3698.482,
Contact STARLINK-3095 - STARLINK-5176,17894.673,21612.729,3718.056,
Contact STARLINK-3095 - STARLINK-5176,32251.045,33106.536,855.491,
Contact STARLINK-3095 - STARLINK-5176,46604.491,47473.665,869.174,
Contact STARLINK-3095 - STARLINK-5176,60966.026,61833.173,867.147,
Contact STARLINK-3095 - STARLINK-5176,75325.408,76194.431,869.023,
Contact STARLINK-3095 - STARLINK-2042,3452.806,7315.764,3862.958,
Contact STARLINK-3095 - STARLINK-2042,17936.805,18700.338,763.533,
Contact STARLINK-3095 - MoonARTEMIS1,3752.879,13513.508,9760.629,
Contact STARLINK-3095 - MoonARTEMIS1,15353.662,25036.016,9682.354,
Contact STARLINK-3095 - MoonARTEMIS1,26926.356,30798.664,3872.308,
Contact STARLINK-3095 - MoonARTEMIS1,32708.168,42325.436,9617.268,
Contact STARLINK-3095 - MoonARTEMIS1,44266.356,53853.402,9587.046,
Contact STARLINK-3095 - MoonARTEMIS1,55819.408,59617.642,3798.234,
Contact STARLINK-3095 - MoonARTEMIS1,61594.466,71146.337,9551.871,
Contact STARLINK-3095 - MoonARTEMIS1,73142.153,82674.878,9532.725,
Contact STARLINK-3095 - MoonARTEMIS1,84686.948,86400.000,1713.052,
Contact STARLINK-3095 - MoonARTEMIS2,0.000,1991.438,1991.438,
Contact STARLINK-3095 - MoonARTEMIS2,3715.368,13512.407,9797.039,
Contact STARLINK-3095 - MoonARTEMIS2,15291.800,25037.428,9745.627,
Contact STARLINK-3095 - MoonARTEMIS2,26872.331,30801.521,3929.190,
Contact STARLINK-3095 - MoonARTEMIS2,34867.892,42319.407,7451.515,
Contact STARLINK-3095 - MoonARTEMIS2,44240.779,53839.326,9598.547,
Contact STARLINK-3095 - MoonARTEMIS2,55790.029,59600.714,3810.686,
Contact STARLINK-3095 - MoonARTEMIS2,61564.328,71125.579,9561.252,
Contact STARLINK-3095 - MoonARTEMIS2,73112.909,82652.849,9539.940,
Contact STARLINK-3095 - MoonARTEMIS2,84661.671,86400.000,1738.329,
Contact STARLINK-3095 - MoonIOAGEO,0.000,2003.627,2003.627,
Contact STARLINK-3095 - MoonIOAGEO,9552.482,13513.791,3961.309,
Contact STARLINK-3095 - MoonIOAGEO,15342.415,25036.381,9693.966,
Contact STARLINK-3095 - MoonIOAGEO,26895.144,30801.381,3906.237,
Contact STARLINK-3095 - MoonIOAGEO,32666.668,42328.496,9661.829,
Contact STARLINK-3095 - MoonIOAGEO,44227.648,47859.922,3632.273,
Contact STARLINK-3095 - MoonIOAGEO,55801.185,59611.046,3809.861,
Contact STARLINK-3095 - MoonIOAGEO,61581.125,71139.444,9558.319,
Contact STARLINK-3095 - MoonIOAGEO,73124.614,82671.528,9546.914,
Contact STARLINK-3095 - MoonIOAGEO,84672.009,86400.000,1727.991,
Contact STARLINK-3095 - MoonIOAGNO,0.000,1981.733,1981.733,
Contact STARLINK-3095 - MoonIOAGNO,3762.028,13519.665,9757.637,
Contact STARLINK-3095 - MoonIOAGNO,15312.221,25015.234,9703.013,
Contact STARLINK-3095 - MoonIOAGNO,26862.833,30773.714,3910.881,
Contact STARLINK-3095 - MoonIOAGNO,32648.194,42306.495,9658.300,
Contact STARLINK-3095 - MoonIOAGNO,44227.942,53856.545,9628.603,
Contact STARLINK-3095 - MoonIOAGNO,55792.383,59605.250,3812.867,
Contact STARLINK-3095 - MoonIOAGNO,61551.264,71117.623,9566.359,
Contact STARLINK-3095 - MoonIOAGNO,73099.925,82650.842,9550.917,
Contact STARLINK-3095 - MoonIOAGNO,84665.891,86400.000,1734.109,
Contact STARLINK-3095 - MoonIOAGNO 0001,0.000,1975.438,1975.438,
Contact STARLINK-3095 - MoonIOAGNO 0001,3726.738,13489.787,9763.050,
Contact STARLINK-3095 - MoonIOAGNO 0001,15307.386,25027.623,9720.237,
Contact STARLINK-3095 - MoonIOAGNO 0001,26897.279,30805.144,3907.865,
Contact STARLINK-3095 - MoonIOAGNO 0001,32680.846,42307.240,9626.394,
Contact STARLINK-3095 - MoonIOAGNO 0001,44207.519,53825.226,9617.706,
Contact STARLINK-3095 - MoonIOAGNO 0001,55769.234,59591.822,3822.588,
Contact STARLINK-3095 - MoonIOAGNO 0001,61555.477,71138.886,9583.409,
Contact STARLINK-3095 - MoonIOAGNO 0001,73133.886,82657.961,9524.075,
Contact STARLINK-3095 - MoonIOAGNO 0001,84658.342,86400.000,1741.658,
Contact STARLINK-3095 - MoonIOAGSO,0.000,2020.689,2020.689,
Contact STARLINK-3095 - MoonIOAGSO,3756.249,13516.659,9760.410,
Contact STARLINK-3095 - MoonIOAGSO,15338.197,25069.097,9730.900,
Contact STARLINK-3095 - MoonIOAGSO,26910.066,30834.012,3923.946,
Contact STARLINK-3095 - MoonIOAGSO,32688.772,42347.425,9658.653,
Contact STARLINK-3095 - MoonIOAGSO,44237.821,51948.160,7710.339,
Contact STARLINK-3095 - MoonIOAGSO,55795.133,59621.913,3826.780,
Contact STARLINK-3095 - MoonIOAGSO,61585.354,71167.697,9582.343,
Contact STARLINK-3095 - MoonIOAGSO,73143.628,82692.195,9548.566,
Contact STARLINK-3095 - MoonIOAGSO,84687.508,86400.000,1712.492,
Contact STARLINK-3095 - MoonIOAGSO 0001,0.000,2030.762,2030.762,
Contact STARLINK-3095 - MoonIOAGSO 0001,3775.566,13554.224,9778.658,
Contact STARLINK-3095 - MoonIOAGSO 0001,15337.369,25053.854,9716.486,
Contact STARLINK-3095 - MoonIOAGSO 0001,26889.637,29882.307,2992.669,
Contact STARLINK-3095 - MoonIOAGSO 0001,32672.138,42344.868,9672.730,
Contact STARLINK-3095 - MoonIOAGSO 0001,44252.272,53880.205,9627.933,
Contact STARLINK-3095 - MoonIOAGSO 0001,55807.425,59639.969,3832.544,
Contact STARLINK-3095 - MoonIOAGSO 0001,61580.303,71144.658,9564.355,
Contact STARLINK-3095 - MoonIOAGSO 0001,73121.182,82681.156,9559.974,
Contact STARLINK-3095 - MoonIOAGSO 0001,84694.744,86400.000,1705.256,
Contact STARLINK-3095 - MoonLRO,7090.942,10969.087,3878.145,
Contact STARLINK-3095 - MoonLRO,21106.396,24664.760,3558.364,
Contact STARLINK-3095 - MoonLRO,27538.261,30806.786,3268.525,
Contact STARLINK-3095 - MoonLRO,34379.956,36563.765,2183.809,
Contact STARLINK-3095 - MoonLRO,50015.204,51957.592,1942.388,
Contact STARLINK-3095 - MoonLRO,55789.685,58809.326,3019.641,
Contact STARLINK-3095 - MoonLRO,61687.573,65382.942,3695.369,
Contact STARLINK-3095 - MoonLRO,75369.992,79259.959,3889.968,
Contact STARLINK-3095 - MarsSat1,0.000,86400.000,86400.000,
Contact STARLINK-3095 - MarsSat2,0.000,86400.000,86400.000,
Contact STARLINK-3095 - MarsSat3,0.000,86400.000,86400.000,
Contact STARLINK-3095 - MarsSat4,0.000,86400.000,86400.000,
Contact STARLINK-3045 - STARLINK-31498,46731.536,47191.738,460.202,
Contact STARLINK-3045 - STARLINK-31498,60676.684,61655.075,978.391,
Contact STARLINK-3045 - STARLINK-31498,69128.992,75943.090,6814.097,
Contact STARLINK-3045 - STARLINK-31498,86186.164,86400.000,213.836,
Contact STARLINK-3045 - STARLINK-31116,0.000,253.516,253.516,
Contact STARLINK-3045 - STARLINK-1107,42810.323,43378.600,568.277,
Contact STARLINK-3045 - STARLINK-1107,56891.339,57632.451,741.113,
Contact STARLINK-3045 - STARLINK-1107,68195.383,68995.769,800.386,
Contact STARLINK-3045 - STARLINK-1107,82370.588,83154.295,783.707,
Contact STARLINK-3045 - STARLINK-1351,61115.172,61892.761,777.589,
Contact STARLINK-3045 - STARLINK-1351,75411.114,79210.497,3799.382,
Contact STARLINK-3045 - STARLINK-31971,10251.065,11005.780,754.715,
Contact STARLINK-3045 - STARLINK-32134,32194.852,39206.532,7011.680,
Contact STARLINK-3045 - STARLINK-32134,40254.061,67751.059,27496.998,
Contact STARLINK-3045 - STARLINK-32134,68608.595,75884.496,7275.901,
Contact STARLINK-3045 - STARLINK-31430,14159.064,14718.379,559.315,
Contact STARLINK-3045 - STARLINK-31430,28296.324,29003.094,706.769,
Contact STARLINK-3045 - STARLINK-31430,42465.561,43255.973,790.411,
Contact STARLINK-3045 - STARLINK-31430,53823.999,54634.622,810.623,
Contact STARLINK-3045 - STARLINK-31430,68053.210,68826.701,773.492,
Contact STARLINK-3045 - STARLINK-31430,82309.832,82991.886,682.055,
Contact STARLINK-3045 - STARLINK-5969,10501.422,10919.392,417.969,
Contact STARLINK-3045 - STARLINK-5969,24901.746,25285.485,383.739,
Contact STARLINK-3045 - STARLINK-5969,39311.367,39643.125,331.758,
Contact STARLINK-3045 - STARLINK-5969,53716.127,54004.746,288.619,
Contact STARLINK-3045 - STARLINK-31085,0.000,7072.509,7072.509,
Contact STARLINK-3045 - STARLINK-31085,11021.244,21404.720,10383.476,
Contact STARLINK-3045 - STARLINK-31085,25429.091,35751.323,10322.232,
Contact STARLINK-3045 - STARLINK-31085,39839.571,50067.087,10227.517,
Contact STARLINK-3045 - STARLINK-31085,57145.710,64398.451,7252.742,
Contact STARLINK-3045 - STARLINK-31085,71580.083,78699.749,7119.666,
Contact STARLINK-3045 - STARLINK-31085,86012.295,86400.000,387.705,
Contact STARLINK-3045 - STARLINK-2635,2896.444,3890.511,994.067,
Contact STARLINK-3045 - STARLINK-2635,14379.507,18254.141,3874.634,
Contact STARLINK-3045 - STARLINK-2635,28733.083,32604.267,3871.184,
Contact STARLINK-3045 - STARLINK-2635,43099.997,46958.666,3858.669,
Contact STARLINK-3045 - STARLINK-2635,57462.704,61299.858,3837.154,
Contact STARLINK-3045 - STARLINK-2635,71838.380,75645.372,3806.992,
Contact STARLINK-3045 - STARLINK-2635,86209.990,86400.000,190.010,
Contact STARLINK-3045 - STARLINK-30610,3223.738,3748.753,525.015,
Contact STARLINK-3045 - STARLINK-30610,17585.988,18156.190,570.201,
Contact STARLINK-3045 - STARLINK-30610,31959.812,32553.231,593.419,
Contact STARLINK-3045 - STARLINK-30610,46325.413,46957.314,631.901,
Contact STARLINK-3045 - STARLINK-30610,60701.062,61352.474,651.412,
Contact STARLINK-3045 - STARLINK-30610,75069.233,75753.984,684.751,
Contact STARLINK-3045 - STARLINK-5960,10732.409,11490.997,758.588,
Contact STARLINK-3045 - STARLINK-5960,25124.845,25862.339,737.493,
Contact STARLINK-3045 - STARLINK-5960,39517.721,40233.714,715.993,
Contact STARLINK-3045 - STARLINK-5960,53911.112,54604.045,692.933,
Contact STARLINK-3045 - STARLINK-5960,68305.517,68973.903,668.386,
Contact STARLINK-3045 - STARLINK-5960,82699.948,83343.141,643.193,
Contact STARLINK-3045 - STARLINK-31673,7157.522,11009.890,3852.368,
Contact STARLINK-3045 - STARLINK-31673,21463.452,25311.158,3847.705,
Contact STARLINK-3045 - STARLINK-31673,35781.093,36732.655,951.562,
Contact STARLINK-3045 - STARLINK-31673,50132.370,50983.357,850.987,
Contact STARLINK-3045 - STARLINK-31673,64498.571,65219.394,720.823,
Contact STARLINK-3045 - STARLINK-31673,78919.402,79401.453,482.051,
Contact STARLINK-3045 - STARLINK-32223,75251.722,75871.258,619.536,
Contact STARLINK-3045 - STARLINK-1580,0.000,39804.222,39804.222,
Contact STARLINK-3045 - STARLINK-31931,82471.603,83322.836,851.233,
Contact STARLINK-3045 - STARLINK-3601,3400.855,3883.678,482.823,
Contact STARLINK-3045 - STARLINK-3601,17707.008,18276.451,569.444,
Contact STARLINK-3045 - STARLINK-3601,32030.074,32653.451,623.377,
Contact STARLINK-3045 - STARLINK-3601,46347.845,47034.569,686.724,
Contact STARLINK-3045 - STARLINK-3601,60678.458,61403.872,725.414,
Contact STARLINK-3045 - STARLINK-3601,75004.532,75776.666,772.133,
Contact STARLINK-3045 - STARLINK-3603,17944.527,18321.534,377.008,
Contact STARLINK-3045 - STARLINK-3603,32263.173,32714.957,451.784,
Contact STARLINK-3045 - STARLINK-3603,46575.534,47113.281,537.747,
Contact STARLINK-3045 - STARLINK-3603,60905.629,61495.145,589.516,
Contact STARLINK-3045 - STARLINK-3603,75229.054,75882.394,653.340,
Contact STARLINK-3045 - STARLINK-31060,0.000,103.285,103.285,
Contact STARLINK-3045 - STARLINK-31060,10644.966,11352.478,707.512,
Contact STARLINK-3045 - STARLINK-31060,24846.478,25345.260,498.782,
Contact STARLINK-3045 - STARLINK-32210,0.000,112.200,112.200,
Contact STARLINK-3045 - STARLINK-6241,2866.685,10077.427,7210.741,
Contact STARLINK-3045 - STARLINK-6241,11451.285,24557.284,13105.998,
Contact STARLINK-3045 - STARLINK-6241,25769.954,38994.254,13224.299,
Contact STARLINK-3045 - STARLINK-6241,40092.605,53463.736,13371.131,
Contact STARLINK-3045 - STARLINK-6241,54418.898,67889.785,13470.886,
Contact STARLINK-3045 - STARLINK-6241,68753.364,82351.759,13598.395,
Contact STARLINK-3045 - STARLINK-6241,83085.446,86400.000,3314.554,
Contact STARLINK-3045 - STARLINK-31530,0.000,3453.139,3453.139,
Contact STARLINK-3045 - STARLINK-31530,4322.853,46118.926,41796.073,
Contact STARLINK-3045 - STARLINK-1073,3581.994,4020.803,438.809,
Contact STARLINK-3045 - STARLINK-1073,17912.649,18437.350,524.701,
Contact STARLINK-3045 - STARLINK-1073,32263.210,32835.074,571.863,
Contact STARLINK-3045 - STARLINK-1073,46604.446,47241.042,636.596,
Contact STARLINK-3045 - STARLINK-1073,60960.891,61632.820,671.929,
Contact STARLINK-3045 - STARLINK-1073,75308.635,76032.287,723.652,
Contact STARLINK-3045 - STARLINK-32088,3510.067,3841.626,331.559,
Contact STARLINK-3045 - STARLINK-32088,17480.920,18268.921,788.001,
Contact STARLINK-3045 - STARLINK-32088,28766.468,32545.726,3779.259,
Contact STARLINK-3045 - STARLINK-32088,42955.906,43906.247,950.342,
Contact STARLINK-3045 - STARLINK-32088,57224.502,58033.504,809.002,
Contact STARLINK-3045 - STARLINK-32088,71616.955,72039.262,422.307,
Contact STARLINK-3045 - STARLINK-31939,10996.155,58378.750,47382.595,
Contact STARLINK-3045 - STARLINK-4569,10746.491,11449.710,703.219,
Contact STARLINK-3045 - STARLINK-4569,25143.971,25846.494,702.523,
Contact STARLINK-3045 - STARLINK-4569,39545.345,40240.065,694.720,
Contact STARLINK-3045 - STARLINK-4569,53942.795,54636.860,694.065,
Contact STARLINK-3045 - STARLINK-4569,68344.463,69030.108,685.645,
Contact STARLINK-3045 - STARLINK-4569,82741.866,83426.931,685.065,
Contact STARLINK-3045 - STARLINK-4328,10519.829,11025.569,505.740,
Contact STARLINK-3045 - STARLINK-4328,24903.679,25435.176,531.497,
Contact STARLINK-3045 - STARLINK-4328,39295.483,39837.009,541.526,
Contact STARLINK-3045 - STARLINK-4328,53680.436,54245.437,565.001,
Contact STARLINK-3045 - STARLINK-4328,68073.128,68646.352,573.224,
Contact STARLINK-3045 - STARLINK-4328,82458.999,83053.784,594.784,
Contact STARLINK-3045 - STARLINK-2214,0.000,86400.000,86400.000,
Contact STARLINK-3045 - STARLINK-3506,3260.248,3682.317,422.070,
Contact STARLINK-3045 - STARLINK-3506,17568.563,18069.811,501.248,
Contact STARLINK-3045 - STARLINK-3506,31891.099,32444.094,552.995,
Contact STARLINK-3045 - STARLINK-3506,46208.948,46822.031,613.083,
Contact STARLINK-3045 - STARLINK-3506,71998.598,72685.987,687.390,
Contact STARLINK-3045 - STARLINK-3506,86325.651,86400.000,74.349,
Contact STARLINK-3045 - STARLINK-11136 [DTC],53172.528,54262.611,1090.083,
Contact STARLINK-3045 - STARLINK-11136 [DTC],64409.810,65518.680,1108.870,
Contact STARLINK-3045 - STARLINK-31325,0.000,4213.165,4213.165,
Contact STARLINK-3045 - STARLINK-31325,11119.614,21282.514,10162.900,
Contact STARLINK-3045 - STARLINK-31325,28379.111,35387.682,7008.571,
Contact STARLINK-3045 - STARLINK-31325,42911.401,43767.711,856.310,
Contact STARLINK-3045 - STARLINK-11092 [DTC],0.000,1053.077,1053.077,
Contact STARLINK-3045 - STARLINK-11072 [DTC],3168.733,4191.036,1022.304,
Contact STARLINK-3045 - STARLINK-11072 [DTC],11529.144,18241.566,6712.421,
Contact STARLINK-3045 - STARLINK-5176,3172.881,3937.783,764.902,
Contact STARLINK-3045 - STARLINK-5176,17501.771,18320.028,818.257,
Contact STARLINK-3045 - STARLINK-5176,31844.115,32689.714,845.599,
Contact STARLINK-3045 - STARLINK-5176,46181.273,47063.703,882.430,
Contact STARLINK-3045 - STARLINK-5176,60530.523,61426.337,895.813,
Contact STARLINK-3045 - STARLINK-5176,74875.162,75792.880,917.719,
Contact STARLINK-3045 - STARLINK-5176,86356.557,86400.000,43.443,
Contact STARLINK-3045 - STARLINK-2042,0.000,39054.369,39054.369,
Contact STARLINK-3045 - STARLINK-2042,39701.797,53280.725,13578.928,
Contact STARLINK-3045 - STARLINK-2042,54222.756,64646.278,10423.521,
Contact STARLINK-3045 - STARLINK-2042,68735.666,76007.250,7271.585,
Contact STARLINK-3045 - STARLINK-2042,86173.331,86400.000,226.669,
Contact STARLINK-3045 - STARLINK-6319,0.000,35987.784,35987.784,
Contact STARLINK-3045 - STARLINK-6319,36225.458,50089.462,13864.003,
Contact STARLINK-3045 - STARLINK-6319,50881.067,64357.750,13476.683,
Contact STARLINK-3045 - STARLINK-6319,65413.997,78576.779,13162.782,
Contact STARLINK-3045 - STARLINK-6319,85759.756,86400.000,640.244,
Contact STARLINK-3045 - MoonARTEMIS1,3353.326,7079.886,3726.561,
Contact STARLINK-3045 - MoonARTEMIS1,9129.582,12838.745,3709.164,
Contact STARLINK-3045 - MoonARTEMIS1,14903.239,24359.679,9456.441,
Contact STARLINK-3045 - MoonARTEMIS1,26443.759,35882.093,9438.335,
Contact STARLINK-3045 - MoonARTEMIS1,37979.917,41643.578,3663.662,
Contact STARLINK-3045 - MoonARTEMIS1,43746.973,53166.842,9419.869,
Contact STARLINK-3045 - MoonARTEMIS1,55279.566,64690.245,9410.679,
Contact STARLINK-3045 - MoonARTEMIS1,66810.485,70451.906,3641.422,
Contact STARLINK-3045 - MoonARTEMIS1,72575.381,81974.906,9399.524,
Contact STARLINK-3045 - MoonARTEMIS1,84104.044,86400.000,2295.956,
Contact STARLINK-3045 - MoonARTEMIS2,0.000,7073.805,7073.805,
Contact STARLINK-3045 - MoonARTEMIS2,9104.109,12834.274,3730.165,
Contact STARLINK-3045 - MoonARTEMIS2,14875.114,24357.197,9482.083,
Contact STARLINK-3045 - MoonARTEMIS2,26419.658,33006.497,6586.839,
Contact STARLINK-3045 - MoonARTEMIS2,37968.983,41638.042,3669.059,
Contact STARLINK-3045 - MoonARTEMIS2,43733.622,53154.688,9421.066,
Contact STARLINK-3045 - MoonARTEMIS2,55261.915,64673.793,9411.878,
Contact STARLINK-3045 - MoonARTEMIS2,66790.697,70434.054,3643.357,
Contact STARLINK-3045 - MoonARTEMIS2,72555.320,81955.856,9400.536,
Contact STARLINK-3045 - MoonARTEMIS2,84085.034,86400.000,2314.966,
Contact STARLINK-3045 - MoonIOAGEO,0.000,3775.410,3775.410,
Contact STARLINK-3045 - MoonIOAGEO,9127.319,12838.601,3711.282,
Contact STARLINK-3045 - MoonIOAGEO,14898.134,24358.193,9460.059,
Contact STARLINK-3045 - MoonIOAGEO,26430.748,35882.417,9451.670,
Contact STARLINK-3045 - MoonIOAGEO,37961.693,41643.537,3681.844,
Contact STARLINK-3045 - MoonIOAGEO,43730.472,47403.482,3673.011,
Contact STARLINK-3045 - MoonIOAGEO,55269.757,64683.495,9413.738,
Contact STARLINK-3045 - MoonIOAGEO,66802.179,70445.391,3643.211,
Contact STARLINK-3045 - MoonIOAGEO,72566.220,81971.071,9404.851,
Contact STARLINK-3045 - MoonIOAGEO,84096.796,86400.000,2303.204,
Contact STARLINK-3045 - MoonIOAGNO,0.000,7079.872,7079.872,
Contact STARLINK-3045 - MoonIOAGNO,9131.582,12842.893,3711.312,
Contact STARLINK-3045 - MoonIOAGNO,14885.882,24341.993,9456.111,
Contact STARLINK-3045 - MoonIOAGNO,26406.800,35861.024,9454.225,
Contact STARLINK-3045 - MoonIOAGNO,37947.663,41626.375,3678.712,
Contact STARLINK-3045 - MoonIOAGNO,43722.857,53167.830,9444.973,
Contact STARLINK-3045 - MoonIOAGNO,55269.717,64670.130,9400.413,
Contact STARLINK-3045 - MoonIOAGNO,66780.333,70427.370,3647.037,
Contact STARLINK-3045 - MoonIOAGNO,72545.017,81953.696,9408.678,
Contact STARLINK-3045 - MoonIOAGNO,84084.834,86400.000,2315.166,
Contact STARLINK-3045 - MoonIOAGNO 0001,0.000,7059.938,7059.938,
Contact STARLINK-3045 - MoonIOAGNO 0001,9101.041,12819.422,3718.381,
Contact STARLINK-3045 - MoonIOAGNO 0001,14873.726,24350.661,9476.935,
Contact STARLINK-3045 - MoonIOAGNO 0001,26428.196,35878.839,9450.643,
Contact STARLINK-3045 - MoonIOAGNO 0001,37954.799,41627.968,3673.168,
Contact STARLINK-3045 - MoonIOAGNO 0001,43713.144,53142.600,9429.456,
Contact STARLINK-3045 - MoonIOAGNO 0001,55246.135,64672.939,9426.804,
Contact STARLINK-3045 - MoonIOAGNO 0001,66792.686,70443.884,3651.198,
Contact STARLINK-3045 - MoonIOAGNO 0001,72570.156,81961.213,9391.057,
Contact STARLINK-3045 - MoonIOAGNO 0001,84084.187,86400.000,2315.813,
Contact STARLINK-3045 - MoonIOAGSO,0.000,7082.630,7082.630,
Contact STARLINK-3045 - MoonIOAGSO,9272.495,12837.918,3565.423,
Contact STARLINK-3045 - MoonIOAGSO,14899.240,24381.491,9482.252,
Contact STARLINK-3045 - MoonIOAGSO,26448.947,35903.949,9455.002,
Contact STARLINK-3045 - MoonIOAGSO,37980.774,41659.052,3678.278,
Contact STARLINK-3045 - MoonIOAGSO,43741.854,51888.341,8146.487,
Contact STARLINK-3045 - MoonIOAGSO,55265.078,64701.389,9436.311,
Contact STARLINK-3045 - MoonIOAGSO,66817.956,70467.994,3650.038,
Contact STARLINK-3045 - MoonIOAGSO,72586.174,81989.049,9402.875,
Contact STARLINK-3045 - MoonIOAGSO,84112.043,86400.000,2287.957,
Contact STARLINK-3045 - MoonIOAGSO 0001,0.000,7106.890,7106.890,
Contact STARLINK-3045 - MoonIOAGSO 0001,9143.803,12866.125,3722.322,
Contact STARLINK-3045 - MoonIOAGSO 0001,14909.645,24371.784,9462.139,
Contact STARLINK-3045 - MoonIOAGSO 0001,26432.017,35882.268,9450.251,
Contact STARLINK-3045 - MoonIOAGSO 0001,37974.226,41655.836,3681.610,
Contact STARLINK-3045 - MoonIOAGSO 0001,43749.466,53186.193,9436.727,
Contact STARLINK-3045 - MoonIOAGSO 0001,55285.374,64700.162,9414.788,
Contact STARLINK-3045 - MoonIOAGSO 0001,66807.656,70450.978,3643.322,
Contact STARLINK-3045 - MoonIOAGSO 0001,72564.434,81978.537,9414.103,
Contact STARLINK-3045 - MoonIOAGSO 0001,84112.024,86400.000,2287.976,
Contact STARLINK-3045 - MoonLRO,3360.345,4135.220,774.875,
Contact STARLINK-3045 - MoonLRO,9125.430,10983.870,1858.440,
Contact STARLINK-3045 - MoonLRO,20710.642,24365.265,3654.623,
Contact STARLINK-3045 - MoonLRO,27543.207,30123.056,2579.849,
Contact STARLINK-3045 - MoonLRO,49498.375,51974.378,2476.004,
Contact STARLINK-3045 - MoonLRO,55262.723,58811.877,3549.155,
Contact STARLINK-3045 - MoonLRO,75383.896,79261.967,3878.071,
Contact STARLINK-3045 - MarsSat1,0.000,10634.950,10634.950,
Contact STARLINK-3045 - MarsSat1,11415.257,39402.781,27987.524,
Contact STARLINK-3045 - MarsSat1,40304.494,56668.154,16363.660,
Contact STARLINK-3045 - MarsSat1,57633.039,68179.861,10546.822,
Contact STARLINK-3045 - MarsSat1,69183.695,85449.432,16265.737,
Contact STARLINK-3045 - MarsSat2,0.000,10635.033,10635.033,
Contact STARLINK-3045 - MarsSat2,11415.650,39402.176,27986.526,
Contact STARLINK-3045 - MarsSat2,40305.372,56667.515,16362.143,
Contact STARLINK-3045 - MarsSat2,57633.641,68179.346,10545.705,
Contact STARLINK-3045 - MarsSat2,69184.028,85449.103,16265.076,
Contact STARLINK-3045 - MarsSat3,0.000,10635.017,10635.017,
Contact STARLINK-3045 - MarsSat3,11415.498,39402.242,27986.745,
Contact STARLINK-3045 - MarsSat3,40304.893,56667.888,16362.994,
Contact STARLINK-3045 - MarsSat3,57632.955,68179.975,10547.020,
Contact STARLINK-3045 - MarsSat3,69183.429,85449.708,16266.279,
Contact STARLINK-3045 - MarsSat4,0.000,10635.018,10635.018,
Contact STARLINK-3045 - MarsSat4,11415.101,39402.407,27987.305,
Contact STARLINK-3045 - MarsSat4,40304.820,56668.053,16363.233,
Contact STARLINK-3045 - MarsSat4,57633.186,68179.699,10546.513,
Contact STARLINK-3045 - MarsSat4,69183.675,85449.665,16265.990,
Contact STARLINK-30329 - STARLINK-31498,0.000,47796.990,47796.990,
Contact STARLINK-30329 - STARLINK-3550,0.000,724.808,724.808,
Contact STARLINK-30329 - STARLINK-3550,14026.841,15058.383,1031.542,
Contact STARLINK-30329 - STARLINK-3550,28362.635,29393.337,1030.702,
Contact STARLINK-30329 - STARLINK-3550,42704.936,43721.862,1016.926,
Contact STARLINK-30329 - STARLINK-3550,57045.930,58051.683,1005.753,
Contact STARLINK-30329 - STARLINK-3550,71393.360,72375.043,981.683,
Contact STARLINK-30329 - STARLINK-3550,85739.670,86400.000,660.330,
Contact STARLINK-30329 - STARLINK-30345,79091.784,82836.297,3744.513,
Contact STARLINK-30329 - STARLINK-1107,3163.730,4021.422,857.692,
Contact STARLINK-30329 - STARLINK-1351,0.000,28111.834,28111.834,
Contact STARLINK-30329 - STARLINK-1351,28808.757,39496.155,10687.398,
Contact STARLINK-30329 - STARLINK-1351,43278.007,53757.878,10479.871,
Contact STARLINK-30329 - STARLINK-1351,57726.161,67980.917,10254.756,
Contact STARLINK-30329 - STARLINK-1351,75068.173,82244.601,7176.428,
Contact STARLINK-30329 - STARLINK-32134,6695.616,13729.474,7033.858,
Contact STARLINK-30329 - STARLINK-32134,21062.838,22089.373,1026.535,
Contact STARLINK-30329 - STARLINK-3050,7145.642,10969.575,3823.933,
Contact STARLINK-30329 - STARLINK-3050,21541.115,25375.786,3834.671,
Contact STARLINK-30329 - STARLINK-3050,35930.742,39774.657,3843.915,
Contact STARLINK-30329 - STARLINK-3050,50327.985,54178.757,3850.772,
Contact STARLINK-30329 - STARLINK-3050,64719.712,68575.870,3856.158,
Contact STARLINK-30329 - STARLINK-3050,79118.632,82977.983,3859.351,
Contact STARLINK-30329 - STARLINK-30255,0.000,86400.000,86400.000,
Contact STARLINK-30329 - STARLINK-4170,2885.288,3613.965,728.677,
Contact STARLINK-30329 - STARLINK-4170,14333.921,15104.075,770.153,
Contact STARLINK-30329 - STARLINK-4170,28645.783,29465.350,819.566,
Contact STARLINK-30329 - STARLINK-4170,42963.781,43821.054,857.273,
Contact STARLINK-30329 - STARLINK-4170,57281.189,58176.808,895.619,
Contact STARLINK-30329 - STARLINK-4170,71603.979,72527.673,923.694,
Contact STARLINK-30329 - STARLINK-4170,85926.323,86400.000,473.677,
Contact STARLINK-30329 - STARLINK-32223,27141.327,71805.016,44663.690,
Contact STARLINK-30329 - STARLINK-31812,71421.457,72189.768,768.311,
Contact STARLINK-30329 - STARLINK-31812,82660.968,86400.000,3739.032,
Contact STARLINK-30329 - STARLINK-31931,0.000,3750.882,3750.882,
Contact STARLINK-30329 - STARLINK-31931,14070.770,14989.869,919.100,
Contact STARLINK-30329 - STARLINK-31931,28624.140,28812.430,188.290,
Contact STARLINK-30329 - STARLINK-2658,0.000,38.790,38.790,
Contact STARLINK-30329 - STARLINK-3601,0.000,8154.055,8154.055,
Contact STARLINK-30329 - STARLINK-3603,0.000,65584.507,65584.507,
Contact STARLINK-30329 - STARLINK-31060,64099.402,86400.000,22300.598,
Contact STARLINK-30329 - STARLINK-30145,0.000,10444.761,10444.761,
Contact STARLINK-30329 - STARLINK-30145,11382.244,24812.062,13429.819,
Contact STARLINK-30329 - STARLINK-30145,25729.956,39158.115,13428.158,
Contact STARLINK-30329 - STARLINK-30145,40068.083,53518.618,13450.534,
Contact STARLINK-30329 - STARLINK-30145,54422.556,67857.622,13435.065,
Contact STARLINK-30329 - STARLINK-30145,68767.665,82211.204,13443.539,
Contact STARLINK-30329 - STARLINK-30145,83129.130,86400.000,3270.870,
Contact STARLINK-30329 - STARLINK-30549,24928.784,25858.514,929.730,
Contact STARLINK-30329 - STARLINK-30549,39087.032,40135.445,1048.413,
Contact STARLINK-30329 - STARLINK-30549,53300.232,54357.932,1057.700,
Contact STARLINK-30329 - STARLINK-30549,64717.051,68512.334,3795.284,
Contact STARLINK-30329 - STARLINK-30549,79054.079,79789.150,735.071,
Contact STARLINK-30329 - STARLINK-1463,3272.441,4042.621,770.180,
Contact STARLINK-30329 - STARLINK-1463,17702.622,18413.854,711.231,
Contact STARLINK-30329 - STARLINK-1463,32148.807,32769.618,620.811,
Contact STARLINK-30329 - STARLINK-1463,46590.830,47129.122,538.292,
Contact STARLINK-30329 - STARLINK-1463,61059.008,61463.079,404.072,
Contact STARLINK-30329 - STARLINK-1463,75537.354,75786.377,249.023,
Contact STARLINK-30329 - STARLINK-5565,7128.835,11025.550,3896.715,
Contact STARLINK-30329 - STARLINK-5565,21528.081,25406.520,3878.440,
Contact STARLINK-30329 - STARLINK-5565,35918.457,39775.899,3857.443,
Contact STARLINK-30329 - STARLINK-5565,50318.244,54156.358,3838.115,
Contact STARLINK-30329 - STARLINK-5565,64709.058,68525.172,3816.114,
Contact STARLINK-30329 - STARLINK-5565,79109.399,82905.134,3795.734,
Contact STARLINK-30329 - STARLINK-1227,0.000,86400.000,86400.000,
Contact STARLINK-30329 - STARLINK-2556,10287.450,11288.417,1000.968,
Contact STARLINK-30329 - STARLINK-2556,24578.118,25667.975,1089.857,
Contact STARLINK-30329 - STARLINK-2556,38886.024,40027.761,1141.737,
Contact STARLINK-30329 - STARLINK-2556,47464.859,54395.177,6930.318,
Contact STARLINK-30329 - STARLINK-2556,61780.987,68744.677,6963.691,
Contact STARLINK-30329 - STARLINK-2556,78960.893,83101.308,4140.415,
Contact STARLINK-30329 - STARLINK-1073,0.000,86400.000,86400.000,
Contact STARLINK-30329 - STARLINK-32088,0.000,2503.273,2503.273,
Contact STARLINK-30329 - STARLINK-31979,10553.458,11394.808,841.350,
Contact STARLINK-30329 - STARLINK-31979,24671.776,25732.901,1061.125,
Contact STARLINK-30329 - STARLINK-31979,38864.016,39994.138,1130.122,
Contact STARLINK-30329 - STARLINK-31979,50259.089,54202.695,3943.606,
Contact STARLINK-30329 - STARLINK-31979,64555.209,65521.385,966.176,
Contact STARLINK-30329 - STARLINK-31979,78937.459,79595.208,657.749,
Contact STARLINK-30329 - STARLINK-3832,3109.033,3721.203,612.170,
Contact STARLINK-30329 - STARLINK-1776,2955.099,3796.591,841.491,
Contact STARLINK-30329 - STARLINK-6199,21590.296,22223.589,633.293,
Contact STARLINK-30329 - STARLINK-6199,35966.541,36556.928,590.387,
Contact STARLINK-30329 - STARLINK-6199,50360.746,50872.346,511.600,
Contact STARLINK-30329 - STARLINK-6199,64743.559,65199.093,455.534,
Contact STARLINK-30329 - STARLINK-6199,79152.825,79499.459,346.634,
Contact STARLINK-30329 - STARLINK-5737,3284.102,7355.903,4071.801,
Contact STARLINK-30329 - STARLINK-5737,17620.096,24605.640,6985.544,
Contact STARLINK-30329 - STARLINK-5737,31971.719,38972.004,7000.285,
Contact STARLINK-30329 - STARLINK-5737,46309.088,53353.476,7044.388,
Contact STARLINK-30329 - STARLINK-5737,60661.507,67719.000,7057.493,
Contact STARLINK-30329 - STARLINK-5737,75000.136,82099.273,7099.136,
Contact STARLINK-30329 - STARLINK-11136 [DTC],0.000,625.966,625.966,
Contact STARLINK-30329 - STARLINK-11092 [DTC],67771.586,68647.613,876.028,
Contact STARLINK-30329 - STARLINK-11092 [DTC],78829.299,85643.528,6814.229,
Contact STARLINK-30329 - STARLINK-4522,0.000,36.596,36.596,
Contact STARLINK-30329 - STARLINK-4522,10474.624,11510.828,1036.204,
Contact STARLINK-30329 - STARLINK-4522,24784.073,25852.163,1068.090,
Contact STARLINK-30329 - STARLINK-4522,39104.199,40182.026,1077.827,
Contact STARLINK-30329 - STARLINK-4522,53423.645,54513.230,1089.585,
Contact STARLINK-30329 - STARLINK-4522,67753.734,68833.184,1079.450,
Contact STARLINK-30329 - STARLINK-4522,82082.962,83154.497,1071.535,
Contact STARLINK-30329 - MoonARTEMIS1,5304.998,9273.058,3968.060,
Contact STARLINK-30329 - MoonARTEMIS1,11103.846,20857.408,9753.562,
Contact STARLINK-30329 - MoonARTEMIS1,22674.735,38199.599,15524.864,
Contact STARLINK-30329 - MoonARTEMIS1,40009.089,49750.023,9740.934,
Contact STARLINK-30329 - MoonARTEMIS1,51557.875,67065.025,15507.149,
Contact STARLINK-30329 - MoonARTEMIS1,68873.371,78603.029,9729.658,
Contact STARLINK-30329 - MoonARTEMIS1,80412.766,86400.000,5987.234,
Contact STARLINK-30329 - MoonARTEMIS2,0.000,3435.027,3435.027,
Contact STARLINK-30329 - MoonARTEMIS2,5263.699,9214.337,3950.638,
Contact STARLINK-30329 - MoonARTEMIS2,11037.893,20777.568,9739.675,
Contact STARLINK-30329 - MoonARTEMIS2,22594.046,32358.760,9764.713,
Contact STARLINK-30329 - MoonARTEMIS2,34899.236,38162.734,3263.498,
Contact STARLINK-30329 - MoonARTEMIS2,39970.144,49719.055,9748.912,
Contact STARLINK-30329 - MoonARTEMIS2,51515.163,67042.522,15527.359,
Contact STARLINK-30329 - MoonARTEMIS2,68831.691,78589.880,9758.189,
Contact STARLINK-30329 - MoonARTEMIS2,80378.835,86400.000,6021.165,
Contact STARLINK-30329 - MoonIOAGEO,0.000,3468.749,3468.749,
Contact STARLINK-30329 - MoonIOAGEO,11094.412,20831.905,9737.493,
Contact STARLINK-30329 - MoonIOAGEO,22642.944,32354.480,9711.537,
Contact STARLINK-30329 - MoonIOAGEO,34162.644,38123.875,3961.231,
Contact STARLINK-30329 - MoonIOAGEO,39934.028,47843.728,7909.701,
Contact STARLINK-30329 - MoonIOAGEO,52022.694,67050.058,15027.363,
Contact STARLINK-30329 - MoonIOAGEO,68848.546,78570.578,9722.031,
Contact STARLINK-30329 - MoonIOAGEO,80373.383,86400.000,6026.617,
Contact STARLINK-30329 - MoonIOAGNO,0.000,3492.858,3492.858,
Contact STARLINK-30329 - MoonIOAGNO,5316.844,9262.375,3945.531,
Contact STARLINK-30329 - MoonIOAGNO,11085.790,20799.969,9714.179,
Contact STARLINK-30329 - MoonIOAGNO,22598.843,32373.455,9774.611,
Contact STARLINK-30329 - MoonIOAGNO,34158.058,38159.190,4001.132,
Contact STARLINK-30329 - MoonIOAGNO,39944.973,49716.741,9771.768,
Contact STARLINK-30329 - MoonIOAGNO,51519.827,67032.157,15512.330,
Contact STARLINK-30329 - MoonIOAGNO,68809.868,78599.516,9789.649,
Contact STARLINK-30329 - MoonIOAGNO,80381.019,86400.000,6018.981,
Contact STARLINK-30329 - MoonIOAGNO 0001,0.000,3467.505,3467.505,
Contact STARLINK-30329 - MoonIOAGNO 0001,5278.733,9254.951,3976.218,
Contact STARLINK-30329 - MoonIOAGNO 0001,11057.784,20827.078,9769.294,
Contact STARLINK-30329 - MoonIOAGNO 0001,22628.790,32368.299,9739.508,
Contact STARLINK-30329 - MoonIOAGNO 0001,34173.903,38134.222,3960.320,
Contact STARLINK-30329 - MoonIOAGNO 0001,39928.470,49703.722,9775.252,
Contact STARLINK-30329 - MoonIOAGNO 0001,51480.757,67051.264,15570.507,
Contact STARLINK-30329 - MoonIOAGNO 0001,68845.871,78579.305,9733.434,
Contact STARLINK-30329 - MoonIOAGNO 0001,80376.312,86400.000,6023.688,
Contact STARLINK-30329 - MoonIOAGSO,0.000,3457.029,3457.029,
Contact STARLINK-30329 - MoonIOAGSO,5300.351,7947.230,2646.879,
Contact STARLINK-30329 - MoonIOAGSO,11081.441,20801.100,9719.659,
Contact STARLINK-30329 - MoonIOAGSO,22637.931,32339.140,9701.209,
Contact STARLINK-30329 - MoonIOAGSO,34177.204,38115.063,3937.859,
Contact STARLINK-30329 - MoonIOAGSO,39947.127,49690.445,9743.318,
Contact STARLINK-30329 - MoonIOAGSO,51499.232,67015.780,15516.548,
Contact STARLINK-30329 - MoonIOAGSO,68842.078,78553.636,9711.558,
Contact STARLINK-30329 - MoonIOAGSO,80383.957,86400.000,6016.043,
Contact STARLINK-30329 - MoonIOAGSO 0001,0.000,3458.285,3458.285,
Contact STARLINK-30329 - MoonIOAGSO 0001,5315.090,9228.965,3913.875,
Contact STARLINK-30329 - MoonIOAGSO 0001,11083.410,20784.287,9700.877,
Contact STARLINK-30329 - MoonIOAGSO 0001,22621.107,30010.141,7389.033,
Contact STARLINK-30329 - MoonIOAGSO 0001,34184.916,38147.168,3962.252,
Contact STARLINK-30329 - MoonIOAGSO 0001,39965.051,49676.744,9711.693,
Contact STARLINK-30329 - MoonIOAGSO 0001,51507.485,67008.913,15501.428,
Contact STARLINK-30329 - MoonIOAGSO 0001,68825.136,78596.494,9771.358,
Contact STARLINK-30329 - MoonIOAGSO 0001,80406.063,86400.000,5993.937,
Contact STARLINK-30329 - MoonLRO,7085.621,9253.594,2167.973,
Contact STARLINK-30329 - MoonLRO,13912.000,15034.479,1122.480,
Contact STARLINK-30329 - MoonLRO,28400.812,31479.700,3078.889,
Contact STARLINK-30329 - MoonLRO,34382.688,38144.350,3761.662,
Contact STARLINK-30329 - MoonLRO,41230.107,43923.349,2693.242,
Contact STARLINK-30329 - MoonLRO,57285.854,58805.688,1519.834,
Contact STARLINK-30329 - MoonLRO,63060.485,65632.362,2571.877,
Contact STARLINK-30329 - MoonLRO,68836.373,78585.014,9748.641,
Contact STARLINK-30329 - MoonLRO,82209.769,84364.240,2154.471,
Contact STARLINK-30329 - MarsSat1,1931.940,5652.592,3720.653,
Contact STARLINK-30329 - MarsSat1,7685.247,17161.291,9476.044,
Contact STARLINK-30329 - MarsSat1,19191.920,28670.050,9478.130,
Contact STARLINK-30329 - MarsSat1,30698.700,34424.463,3725.764,
Contact STARLINK-30329 - MarsSat1,36452.138,45933.371,9481.234,
Contact STARLINK-30329 - MarsSat1,47959.117,57442.384,9483.267,
Contact STARLINK-30329 - MarsSat1,59466.222,63196.921,3730.699,
Contact STARLINK-30329 - MarsSat1,65219.813,74706.031,9486.217,
Contact STARLINK-30329 - MarsSat1,76727.053,86215.157,9488.104,
Contact STARLINK-30329 - MarsSat2,1932.005,5652.639,3720.635,
Contact STARLINK-30329 - MarsSat2,7685.344,17161.423,9476.079,
Contact STARLINK-30329 - MarsSat2,19192.084,28670.262,9478.178,
Contact STARLINK-30329 - MarsSat2,30698.909,34424.702,3725.793,
Contact STARLINK-30329 - MarsSat2,36452.354,45933.621,9481.267,
Contact STARLINK-30329 - MarsSat2,47959.310,57442.591,9483.281,
Contact STARLINK-30329 - MarsSat2,59466.355,63197.094,3730.739,
Contact STARLINK-30329 - MarsSat2,65219.911,74706.134,9486.224,
Contact STARLINK-30329 - MarsSat2,76727.090,86215.219,9488.129,
Contact STARLINK-30329 - MarsSat3,1931.968,5652.608,3720.640,
Contact STARLINK-30329 - MarsSat3,7685.304,17161.381,9476.077,
Contact STARLINK-30329 - MarsSat3,19192.020,28670.188,9478.168,
Contact STARLINK-30329 - MarsSat3,30698.805,34424.604,3725.799,
Contact STARLINK-30329 - MarsSat3,36452.227,45933.467,9481.240,
Contact STARLINK-30329 - MarsSat3,47959.139,57442.379,9483.240,
Contact STARLINK-30329 - MarsSat3,59466.163,63196.866,3730.703,
Contact STARLINK-30329 - MarsSat3,65219.734,74705.941,9486.207,
Contact STARLINK-30329 - MarsSat3,76727.001,86215.114,9488.113,
Contact STARLINK-30329 - MarsSat4,1931.920,5652.565,3720.645,
Contact STARLINK-30329 - MarsSat4,7685.217,17161.254,9476.038,
Contact STARLINK-30329 - MarsSat4,19191.912,28670.142,9478.230,
Contact STARLINK-30329 - MarsSat4,30698.799,34424.579,3725.780,
Contact STARLINK-30329 - MarsSat4,36452.225,45933.432,9481.207,
Contact STARLINK-30329 - MarsSat4,47959.131,57442.430,9483.299,
Contact STARLINK-30329 - MarsSat4,59466.262,63196.967,3730.705,
Contact STARLINK-30329 - MarsSat4,65219.827,74705.985,9486.158,
Contact STARLINK-30329 - MarsSat4,76726.971,86215.060,9488.090,
Contact STARLINK-2018 - STARLINK-31116,0.000,2985.431,2985.431,
Contact STARLINK-2018 - STARLINK-31116,10054.855,11467.993,1413.138,
Contact STARLINK-2018 - STARLINK-31116,18644.467,25538.507,6894.040,
Contact STARLINK-2018 - STARLINK-31116,35872.984,36757.769,884.785,
Contact STARLINK-2018 - STARLINK-31116,50382.454,50645.321,262.867,
Contact STARLINK-2018 - STARLINK-1107,64486.608,65195.306,708.698,
Contact STARLINK-2018 - STARLINK-1107,78522.029,79374.768,852.740,
Contact STARLINK-2018 - STARLINK-31971,6618.509,7477.908,859.399,
Contact STARLINK-2018 - STARLINK-31971,32294.417,32820.850,526.433,
Contact STARLINK-2018 - STARLINK-32134,85020.187,86400.000,1379.813,
Contact STARLINK-2018 - STARLINK-31430,24801.537,25322.519,520.982,
Contact STARLINK-2018 - STARLINK-31430,50110.410,50957.986,847.576,
Contact STARLINK-2018 - STARLINK-31430,64232.356,65138.236,905.880,
Contact STARLINK-2018 - STARLINK-31430,75551.799,79289.573,3737.774,
Contact STARLINK-2018 - STARLINK-5969,6956.080,7312.984,356.905,
Contact STARLINK-2018 - STARLINK-5969,21187.667,21726.069,538.401,
Contact STARLINK-2018 - STARLINK-5969,35455.654,36101.042,645.388,
Contact STARLINK-2018 - STARLINK-5969,49723.286,50477.947,754.662,
Contact STARLINK-2018 - STARLINK-5969,61147.593,64835.186,3687.593,
Contact STARLINK-2018 - STARLINK-5969,75437.843,76321.185,883.342,
Contact STARLINK-2018 - STARLINK-31085,0.000,200.682,200.682,
Contact STARLINK-2018 - STARLINK-5155,0.000,2995.719,2995.719,
Contact STARLINK-2018 - STARLINK-5155,4271.069,17310.585,13039.515,
Contact STARLINK-2018 - STARLINK-5155,18565.469,25877.559,7312.089,
Contact STARLINK-2018 - STARLINK-5155,32839.312,40192.080,7352.768,
Contact STARLINK-2018 - STARLINK-5155,47133.657,57352.990,10219.333,
Contact STARLINK-2018 - STARLINK-5155,61407.916,71640.247,10232.331,
Contact STARLINK-2018 - STARLINK-5155,78549.254,85954.101,7404.847,
Contact STARLINK-2018 - STARLINK-31138,0.000,46734.630,46734.630,
Contact STARLINK-2018 - STARLINK-31138,53767.754,54870.888,1103.134,
Contact STARLINK-2018 - STARLINK-5960,6959.208,11004.929,4045.722,
Contact STARLINK-2018 - STARLINK-5960,21260.393,28205.423,6945.030,
Contact STARLINK-2018 - STARLINK-5960,35574.746,42529.313,6954.567,
Contact STARLINK-2018 - STARLINK-5960,49884.295,51130.129,1245.834,
Contact STARLINK-2018 - STARLINK-5960,64206.703,65447.587,1240.884,
Contact STARLINK-2018 - STARLINK-5960,78524.376,79771.315,1246.939,
Contact STARLINK-2018 - STARLINK-31673,6454.051,7355.637,901.587,
Contact STARLINK-2018 - STARLINK-31673,17843.616,18751.579,907.964,
Contact STARLINK-2018 - STARLINK-31673,32084.998,32992.038,907.040,
Contact STARLINK-2018 - STARLINK-31673,46327.057,47231.955,904.897,
Contact STARLINK-2018 - STARLINK-31673,60575.495,61465.486,889.991,
Contact STARLINK-2018 - STARLINK-31673,71975.522,75698.816,3723.294,
Contact STARLINK-2018 - STARLINK-31673,86226.782,86400.000,173.218,
Contact STARLINK-2018 - STARLINK-2127,0.000,86400.000,86400.000,
Contact STARLINK-2018 - STARLINK-30756,35723.299,42500.254,6776.955,
Contact STARLINK-2018 - STARLINK-30756,49819.643,57045.927,7226.284,
Contact STARLINK-2018 - STARLINK-30756,58315.353,71520.292,13204.940,
Contact STARLINK-2018 - STARLINK-30756,72446.288,86097.262,13650.973,
Contact STARLINK-2018 - STARLINK-1580,0.000,7146.865,7146.865,
Contact STARLINK-2018 - STARLINK-1580,7843.702,21423.849,13580.147,
Contact STARLINK-2018 - STARLINK-1580,22111.531,35736.931,13625.400,
Contact STARLINK-2018 - STARLINK-1580,36395.772,50013.929,13618.158,
Contact STARLINK-2018 - STARLINK-1580,50663.759,64327.253,13663.494,
Contact STARLINK-2018 - STARLINK-1580,64947.354,78604.265,13656.911,
Contact STARLINK-2018 - STARLINK-1580,79215.487,86400.000,7184.513,
Contact STARLINK-2018 - STARLINK-31812,0.000,6598.236,6598.236,
Contact STARLINK-2018 - STARLINK-31812,13955.976,14897.422,941.445,
Contact STARLINK-2018 - STARLINK-1323,0.000,86400.000,86400.000,
Contact STARLINK-2018 - STARLINK-3969,0.000,200.736,200.736,
Contact STARLINK-2018 - STARLINK-3969,13752.537,14492.766,740.228,
Contact STARLINK-2018 - STARLINK-3969,25169.085,28829.591,3660.506,
Contact STARLINK-2018 - STARLINK-3969,39421.967,40280.043,858.076,
Contact STARLINK-2018 - STARLINK-3969,53713.260,54572.021,858.761,
Contact STARLINK-2018 - STARLINK-3969,67969.393,68904.006,934.613,
Contact STARLINK-2018 - STARLINK-3969,82260.591,83195.938,935.347,
Contact STARLINK-2018 - STARLINK-4201,0.000,3081.876,3081.876,
Contact STARLINK-2018 - STARLINK-4201,4235.199,17443.782,13208.584,
Contact STARLINK-2018 - STARLINK-4201,18508.777,31750.983,13242.206,
Contact STARLINK-2018 - STARLINK-4201,32746.271,46114.219,13367.948,
Contact STARLINK-2018 - STARLINK-4201,47015.873,57584.157,10568.284,
Contact STARLINK-2018 - STARLINK-4201,61252.419,71896.407,10643.987,
Contact STARLINK-2018 - STARLINK-4201,72652.416,86267.235,13614.818,
Contact STARLINK-2018 - STARLINK-31060,7083.561,7980.208,896.646,
Contact STARLINK-2018 - STARLINK-31060,21257.615,21878.053,620.437,
Contact STARLINK-2018 - STARLINK-32210,0.000,2913.746,2913.746,
Contact STARLINK-2018 - STARLINK-32210,4324.169,11413.520,7089.351,
Contact STARLINK-2018 - STARLINK-32210,18647.740,25531.499,6883.759,
Contact STARLINK-2018 - STARLINK-32210,35866.453,39640.763,3774.311,
Contact STARLINK-2018 - STARLINK-32210,50258.853,50876.703,617.850,
Contact STARLINK-2018 - STARLINK-1463,57252.206,57672.226,420.020,
Contact STARLINK-2018 - STARLINK-1463,71527.422,72118.322,590.900,
Contact STARLINK-2018 - STARLINK-1463,85816.976,86400.000,583.024,
Contact STARLINK-2018 - STARLINK-31530,31973.134,32494.639,521.505,
Contact STARLINK-2018 - STARLINK-31530,42880.688,50020.425,7139.736,
Contact STARLINK-2018 - STARLINK-31530,51170.458,64388.259,13217.802,
Contact STARLINK-2018 - STARLINK-31530,65139.451,78495.337,13355.886,
Contact STARLINK-2018 - STARLINK-31530,79329.475,86400.000,7070.525,
Contact STARLINK-2018 - STARLINK-5591,11735.877,86400.000,74664.123,
Contact STARLINK-2018 - STARLINK-32088,53512.704,54392.869,880.164,
Contact STARLINK-2018 - STARLINK-32088,61785.411,71691.713,9906.302,
Contact STARLINK-2018 - STARLINK-32088,78544.798,85912.872,7368.075,
Contact STARLINK-2018 - STARLINK-5829,3408.831,7324.857,3916.026,
Contact STARLINK-2018 - STARLINK-5829,17551.366,24787.804,7236.438,
Contact STARLINK-2018 - STARLINK-5829,31754.358,39331.249,7576.891,
Contact STARLINK-2018 - STARLINK-5829,40256.798,53830.622,13573.824,
Contact STARLINK-2018 - STARLINK-5829,54480.673,86400.000,31919.327,
Contact STARLINK-2018 - STARLINK-3325,0.000,640.667,640.667,
Contact STARLINK-2018 - STARLINK-3325,14098.590,14937.001,838.411,
Contact STARLINK-2018 - STARLINK-3325,28380.208,29246.719,866.510,
Contact STARLINK-2018 - STARLINK-3325,42675.240,43542.772,867.533,
Contact STARLINK-2018 - STARLINK-3325,56957.454,57851.844,894.389,
Contact STARLINK-2018 - STARLINK-3325,68388.567,72147.618,3759.051,
Contact STARLINK-2018 - STARLINK-3325,82683.883,86400.000,3716.117,
Contact STARLINK-2018 - STARLINK-5850,7046.231,11074.545,4028.314,
Contact STARLINK-2018 - STARLINK-5850,21266.813,28372.965,7106.152,
Contact STARLINK-2018 - STARLINK-5850,35519.701,42761.020,7241.319,
Contact STARLINK-2018 - STARLINK-5850,49768.286,57164.231,7395.945,
Contact STARLINK-2018 - STARLINK-5850,58333.626,71530.698,13197.073,
Contact STARLINK-2018 - STARLINK-5850,72600.859,85910.092,13309.233,
Contact STARLINK-2018 - STARLINK-31939,56880.588,86400.000,29519.412,
Contact STARLINK-2018 - STARLINK-31082,78577.707,79212.499,634.792,
Contact STARLINK-2018 - STARLINK-31082,83755.805,86400.000,2644.195,
Contact STARLINK-2018 - STARLINK-4569,10334.742,10888.557,553.815,
Contact STARLINK-2018 - STARLINK-4569,24655.255,25246.033,590.778,
Contact STARLINK-2018 - STARLINK-4569,38967.151,39612.680,645.529,
Contact STARLINK-2018 - STARLINK-4569,64745.350,65455.104,709.755,
Contact STARLINK-2018 - STARLINK-4569,79060.716,79818.314,757.598,
Contact STARLINK-2018 - STARLINK-4328,6958.844,7707.618,748.774,
Contact STARLINK-2018 - STARLINK-4328,21295.776,22045.768,749.992,
Contact STARLINK-2018 - STARLINK-4328,35635.571,36381.301,745.731,
Contact STARLINK-2018 - STARLINK-4328,49972.147,50719.716,747.569,
Contact STARLINK-2018 - STARLINK-4328,64312.522,65054.622,742.100,
Contact STARLINK-2018 - STARLINK-4328,78648.809,79393.239,744.430,
Contact STARLINK-2018 - STARLINK-2214,3332.120,3687.644,355.525,
Contact STARLINK-2018 - STARLINK-2214,17601.538,18001.116,399.578,
Contact STARLINK-2018 - STARLINK-2214,86283.629,86400.000,116.371,
Contact STARLINK-2018 - STARLINK-11136 [DTC],60822.826,61436.900,614.073,
Contact STARLINK-2018 - STARLINK-11136 [DTC],71912.141,72768.510,856.369,
Contact STARLINK-2018 - STARLINK-11136 [DTC],85921.732,86400.000,478.268,
Contact STARLINK-2018 - STARLINK-31325,24478.521,86400.000,61921.479,
Contact STARLINK-2018 - STARLINK-11092 [DTC],0.000,25581.485,25581.485,
Contact STARLINK-2018 - STARLINK-11072 [DTC],21661.767,46252.841,24591.074,
Contact STARLINK-2018 - STARLINK-5503,32354.731,32512.447,157.716,
Contact STARLINK-2018 - STARLINK-5503,46564.224,46974.348,410.124,
Contact STARLINK-2018 - STARLINK-5503,60825.802,61385.295,559.492,
Contact STARLINK-2018 - STARLINK-5503,75107.496,75774.957,667.461,
Contact STARLINK-2018 - STARLINK-6319,0.000,53432.977,53432.977,
Contact STARLINK-2018 - STARLINK-6319,54190.175,61288.829,7098.655,
Contact STARLINK-2018 - MoonARTEMIS1,2494.486,6076.990,3582.503,
Contact STARLINK-2018 - MoonARTEMIS1,8216.303,17536.754,9320.452,
Contact STARLINK-2018 - MoonARTEMIS1,19658.933,23263.762,3604.829,
Contact STARLINK-2018 - MoonARTEMIS1,25378.480,34715.475,9336.995,
Contact STARLINK-2018 - MoonARTEMIS1,36815.719,46165.270,9349.551,
Contact STARLINK-2018 - MoonARTEMIS1,48251.171,63337.448,15086.278,
Contact STARLINK-2018 - MoonARTEMIS1,65401.703,74784.034,9382.331,
Contact STARLINK-2018 - MoonARTEMIS1,76833.705,86229.204,9395.499,
Contact STARLINK-2018 - MoonARTEMIS2,0.000,6055.816,6055.816,
Contact STARLINK-2018 - MoonARTEMIS2,8199.445,17504.531,9305.086,
Contact STARLINK-2018 - MoonARTEMIS2,19639.952,23231.038,3591.086,
Contact STARLINK-2018 - MoonARTEMIS2,25361.397,33018.877,7657.480,
Contact STARLINK-2018 - MoonARTEMIS2,36808.102,46142.872,9334.769,
Contact STARLINK-2018 - MoonARTEMIS2,48238.077,57585.516,9347.439,
Contact STARLINK-2018 - MoonARTEMIS2,59667.833,63307.555,3639.722,
Contact STARLINK-2018 - MoonARTEMIS2,65382.907,74753.363,9370.456,
Contact STARLINK-2018 - MoonARTEMIS2,76813.434,86201.737,9388.303,
Contact STARLINK-2018 - MoonIOAGEO,0.000,3814.797,3814.797,
Contact STARLINK-2018 - MoonIOAGEO,8215.347,17528.977,9313.630,
Contact STARLINK-2018 - MoonIOAGEO,19653.321,23249.464,3596.142,
Contact STARLINK-2018 - MoonIOAGEO,25370.122,34687.457,9317.335,
Contact STARLINK-2018 - MoonIOAGEO,36803.722,46139.048,9335.325,
Contact STARLINK-2018 - MoonIOAGEO,53959.946,57598.796,3638.850,
Contact STARLINK-2018 - MoonIOAGEO,59677.583,63324.087,3646.504,
Contact STARLINK-2018 - MoonIOAGEO,65394.064,74764.150,9370.086,
Contact STARLINK-2018 - MoonIOAGEO,76826.076,86214.373,9388.297,
Contact STARLINK-2018 - MoonIOAGNO,0.000,6079.307,6079.307,
Contact STARLINK-2018 - MoonIOAGNO,8218.266,17508.966,9290.700,
Contact STARLINK-2018 - MoonIOAGNO,19636.077,23225.512,3589.435,
Contact STARLINK-2018 - MoonIOAGNO,25348.923,34674.547,9325.624,
Contact STARLINK-2018 - MoonIOAGNO,36786.633,46138.640,9352.008,
Contact STARLINK-2018 - MoonIOAGNO,48238.194,57584.030,9345.836,
Contact STARLINK-2018 - MoonIOAGNO,59666.494,63296.913,3630.419,
Contact STARLINK-2018 - MoonIOAGNO,65374.177,74745.468,9371.291,
Contact STARLINK-2018 - MoonIOAGNO,76804.490,86212.551,9408.061,
Contact STARLINK-2018 - MoonIOAGNO 0001,0.000,6056.021,6056.021,
Contact STARLINK-2018 - MoonIOAGNO 0001,8193.173,17508.987,9315.813,
Contact STARLINK-2018 - MoonIOAGNO 0001,19637.388,23240.592,3603.204,
Contact STARLINK-2018 - MoonIOAGNO 0001,25364.507,34690.887,9326.381,
Contact STARLINK-2018 - MoonIOAGNO 0001,36799.221,46119.506,9320.285,
Contact STARLINK-2018 - MoonIOAGNO 0001,48219.407,57572.963,9353.556,
Contact STARLINK-2018 - MoonIOAGNO 0001,59657.258,63305.699,3648.441,
Contact STARLINK-2018 - MoonIOAGNO 0001,65381.507,74775.973,9394.466,
Contact STARLINK-2018 - MoonIOAGNO 0001,76830.520,86199.046,9368.526,
Contact STARLINK-2018 - MoonIOAGSO,0.000,6076.377,6076.377,
Contact STARLINK-2018 - MoonIOAGSO,9306.411,17532.138,8225.727,
Contact STARLINK-2018 - MoonIOAGSO,19664.686,23260.163,3595.477,
Contact STARLINK-2018 - MoonIOAGSO,25388.136,34706.167,9318.031,
Contact STARLINK-2018 - MoonIOAGSO,36823.246,46143.851,9320.605,
Contact STARLINK-2018 - MoonIOAGSO,48244.425,57596.570,9352.145,
Contact STARLINK-2018 - MoonIOAGSO,59684.788,63329.667,3644.879,
Contact STARLINK-2018 - MoonIOAGSO,65411.300,74782.148,9370.849,
Contact STARLINK-2018 - MoonIOAGSO,76849.181,86225.696,9376.515,
Contact STARLINK-2018 - MoonIOAGSO 0001,0.000,6092.118,6092.118,
Contact STARLINK-2018 - MoonIOAGSO 0001,8233.077,17533.029,9299.952,
Contact STARLINK-2018 - MoonIOAGSO 0001,19663.994,23250.471,3586.477,
Contact STARLINK-2018 - MoonIOAGSO 0001,25374.530,34695.037,9320.507,
Contact STARLINK-2018 - MoonIOAGSO 0001,36811.255,46156.455,9345.200,
Contact STARLINK-2018 - MoonIOAGSO 0001,48261.427,63323.054,15061.627,
Contact STARLINK-2018 - MoonIOAGSO 0001,65404.799,74763.934,9359.135,
Contact STARLINK-2018 - MoonIOAGSO 0001,76823.737,86236.193,9412.456,
Contact STARLINK-2018 - MoonLRO,2496.990,4154.758,1657.768,
Contact STARLINK-2018 - MoonLRO,8211.337,17527.076,9315.739,
Contact STARLINK-2018 - MoonLRO,20716.974,23248.204,2531.230,
Contact STARLINK-2018 - MoonLRO,27571.231,28967.578,1396.347,
Contact STARLINK-2018 - MoonLRO,42520.974,45149.380,2628.406,
Contact STARLINK-2018 - MoonLRO,48236.437,51870.688,3634.251,
Contact STARLINK-2018 - MoonLRO,71113.392,72443.388,1329.996,
Contact STARLINK-2018 - MoonLRO,76825.141,86128.947,9303.807,
Contact STARLINK-2018 - MarsSat1,0.000,3144.265,3144.265,
Contact STARLINK-2018 - MarsSat1,5225.856,8861.828,3635.972,
Contact STARLINK-2018 - MarsSat1,10944.836,20296.968,9352.132,
Contact STARLINK-2018 - MarsSat1,22382.737,31732.140,9349.403,
Contact STARLINK-2018 - MarsSat1,33820.577,43167.346,9346.769,
Contact STARLINK-2018 - MarsSat1,45258.366,48884.959,3626.593,
Contact STARLINK-2018 - MarsSat1,50977.240,60320.198,9342.958,
Contact STARLINK-2018 - MarsSat1,62414.936,71755.440,9340.504,
Contact STARLINK-2018 - MarsSat1,73852.545,77473.058,3620.514,
Contact STARLINK-2018 - MarsSat1,79571.312,86400.000,6828.688,
Contact STARLINK-2018 - MarsSat2,0.000,3144.358,3144.358,
Contact STARLINK-2018 - MarsSat2,5225.947,8861.935,3635.988,
Contact STARLINK-2018 - MarsSat2,10944.950,20297.090,9352.140,
Contact STARLINK-2018 - MarsSat2,22382.886,31732.253,9349.367,
Contact STARLINK-2018 - MarsSat2,33820.733,43167.425,9346.693,
Contact STARLINK-2018 - MarsSat2,45258.494,48885.016,3626.522,
Contact STARLINK-2018 - MarsSat2,50977.343,60320.206,9342.863,
Contact STARLINK-2018 - MarsSat2,62414.982,71755.411,9340.429,
Contact STARLINK-2018 - MarsSat2,73852.544,77473.019,3620.475,
Contact STARLINK-2018 - MarsSat2,79571.297,86400.000,6828.703,
Contact STARLINK-2018 - MarsSat3,0.000,3144.328,3144.328,
Contact STARLINK-2018 - MarsSat3,5225.912,8861.897,3635.985,
Contact STARLINK-2018 - MarsSat3,10944.907,20297.027,9352.121,
Contact STARLINK-2018 - MarsSat3,22382.816,31732.162,9349.347,
Contact STARLINK-2018 - MarsSat3,33820.628,43167.315,9346.687,
Contact STARLINK-2018 - MarsSat3,45258.361,48884.904,3626.543,
Contact STARLINK-2018 - MarsSat3,50977.204,60320.125,9342.920,
Contact STARLINK-2018 - MarsSat3,62414.866,71755.415,9340.549,
Contact STARLINK-2018 - MarsSat3,73852.512,77473.067,3620.555,
Contact STARLINK-2018 - MarsSat3,79571.310,86400.000,6828.690,
Contact STARLINK-2018 - MarsSat4,0.000,3144.256,3144.256,
Contact STARLINK-2018 - MarsSat4,5225.836,8861.807,3635.971,
Contact STARLINK-2018 - MarsSat4,10944.808,20296.995,9352.187,
Contact STARLINK-2018 - MarsSat4,22382.778,31732.190,9349.412,
Contact STARLINK-2018 - MarsSat4,33820.642,43167.332,9346.690,
Contact STARLINK-2018 - MarsSat4,45258.367,48884.936,3626.569,
Contact STARLINK-2018 - MarsSat4,50977.235,60320.207,9342.972,
Contact STARLINK-2018 - MarsSat4,62414.948,71755.387,9340.439,
Contact STARLINK-2018 - MarsSat4,73852.484,77472.991,3620.507,
Contact STARLINK-2018 - MarsSat4,79571.235,86400.000,6828.765,
Contact STARLINK-31498 - STARLINK-3550,3023.227,3973.047,949.821,
Contact STARLINK-31498 - STARLINK-3550,14360.002,18100.512,3740.510,
Contact STARLINK-31498 - STARLINK-3550,28573.919,29369.377,795.458,
Contact STARLINK-31498 - STARLINK-3550,42846.250,43401.972,555.721,
Contact STARLINK-31498 - STARLINK-30345,0.000,17633.202,17633.202,
Contact STARLINK-31498 - STARLINK-1351,11938.271,72653.108,60714.836,
Contact STARLINK-31498 - STARLINK-32134,0.000,2940.278,2940.278,
Contact STARLINK-31498 - STARLINK-32134,4070.817,14119.256,10048.440,
Contact STARLINK-31498 - STARLINK-32134,20908.204,28073.820,7165.616,
Contact STARLINK-31498 - STARLINK-32134,29318.416,39253.059,9934.642,
Contact STARLINK-31498 - STARLINK-32134,46154.924,53246.332,7091.408,
Contact STARLINK-31498 - STARLINK-32134,54582.534,64425.455,9842.921,
Contact STARLINK-31498 - STARLINK-32134,71419.868,78379.790,6959.922,
Contact STARLINK-31498 - STARLINK-32134,79828.329,86400.000,6571.671,
Contact STARLINK-31498 - STARLINK-31085,68488.556,86400.000,17911.444,
Contact STARLINK-31498 - STARLINK-2635,60943.756,86400.000,25456.244,
Contact STARLINK-31498 - STARLINK-3295,25096.791,25692.670,595.879,
Contact STARLINK-31498 - STARLINK-3295,39132.564,39953.521,820.957,
Contact STARLINK-31498 - STARLINK-3295,53220.745,54160.618,939.874,
Contact STARLINK-31498 - STARLINK-3295,64526.257,65491.180,964.923,
Contact STARLINK-31498 - STARLINK-3295,78700.025,79612.647,912.622,
Contact STARLINK-31498 - STARLINK-30610,31955.849,39140.450,7184.601,
Contact STARLINK-31498 - STARLINK-30610,39877.440,78765.569,38888.129,
Contact STARLINK-31498 - STARLINK-30610,85912.011,86400.000,487.989,
Contact STARLINK-31498 - STARLINK-3050,10242.572,11261.981,1019.409,
Contact STARLINK-31498 - STARLINK-3050,18705.587,25543.563,6837.976,
Contact STARLINK-31498 - STARLINK-3050,35797.487,39669.378,3871.891,
Contact STARLINK-31498 - STARLINK-3050,50225.895,50853.182,627.287,
Contact STARLINK-31498 - STARLINK-30255,0.000,22571.538,22571.538,
Contact STARLINK-31498 - STARLINK-4170,3335.078,3999.108,664.030,
Contact STARLINK-31498 - STARLINK-32223,60987.591,61755.026,767.435,
Contact STARLINK-31498 - STARLINK-32223,74770.374,75926.423,1156.049,
Contact STARLINK-31498 - STARLINK-32223,85840.594,86400.000,559.406,
Contact STARLINK-31498 - STARLINK-31931,3204.120,4075.318,871.197,
Contact STARLINK-31498 - STARLINK-31931,17211.466,18089.851,878.385,
Contact STARLINK-31498 - STARLINK-31931,28418.134,29300.577,882.443,
Contact STARLINK-31498 - STARLINK-31931,42427.458,43312.876,885.418,
Contact STARLINK-31498 - STARLINK-31931,53634.222,54523.524,889.303,
Contact STARLINK-31498 - STARLINK-31931,67641.806,68537.829,896.023,
Contact STARLINK-31498 - STARLINK-31931,78848.664,79748.391,899.726,
Contact STARLINK-31498 - STARLINK-2658,14048.996,14743.131,694.135,
Contact STARLINK-31498 - STARLINK-2658,28119.826,28996.405,876.579,
Contact STARLINK-31498 - STARLINK-2658,39416.159,40358.369,942.210,
Contact STARLINK-31498 - STARLINK-2658,53582.296,54514.707,932.411,
Contact STARLINK-31498 - STARLINK-2658,67801.755,68618.508,816.753,
Contact STARLINK-31498 - STARLINK-5952,0.000,2996.923,2996.923,
Contact STARLINK-31498 - STARLINK-5952,3999.388,11170.517,7171.129,
Contact STARLINK-31498 - STARLINK-3601,32088.024,39253.627,7165.603,
Contact STARLINK-31498 - STARLINK-3601,40256.841,79027.603,38770.762,
Contact STARLINK-31498 - STARLINK-3601,79770.956,86400.000,6629.044,
Contact STARLINK-31498 - STARLINK-3603,20810.517,28221.053,7410.536,
Contact STARLINK-31498 - STARLINK-3603,28960.371,67755.835,38795.464,
Contact STARLINK-31498 - STARLINK-3603,68752.577,75915.301,7162.724,
Contact STARLINK-31498 - STARLINK-2047,0.000,508.751,508.751,
Contact STARLINK-31498 - STARLINK-30145,771.430,7644.708,6873.278,
Contact STARLINK-31498 - STARLINK-30145,17757.250,21777.600,4020.350,
Contact STARLINK-31498 - STARLINK-30145,32040.546,33006.634,966.088,
Contact STARLINK-31498 - STARLINK-30145,46495.455,46882.300,386.845,
Contact STARLINK-31498 - STARLINK-30549,0.000,594.915,594.915,
Contact STARLINK-31498 - STARLINK-30549,13991.820,14567.865,576.044,
Contact STARLINK-31498 - STARLINK-1463,6589.766,7239.764,649.998,
Contact STARLINK-31498 - STARLINK-6241,35431.369,36368.899,937.531,
Contact STARLINK-31498 - STARLINK-6241,43253.490,82432.212,39178.721,
Contact STARLINK-31498 - STARLINK-6241,82935.996,86400.000,3464.004,
Contact STARLINK-31498 - STARLINK-30486,0.000,2869.819,2869.819,
Contact STARLINK-31498 - STARLINK-30486,10248.575,10949.524,700.949,
Contact STARLINK-31498 - STARLINK-5565,0.000,3019.393,3019.393,
Contact STARLINK-31498 - STARLINK-5565,4194.397,11470.490,7276.093,
Contact STARLINK-31498 - STARLINK-5565,18574.796,25376.073,6801.277,
Contact STARLINK-31498 - STARLINK-1227,0.000,48614.201,48614.201,
Contact STARLINK-31498 - STARLINK-2556,0.000,3532.377,3532.377,
Contact STARLINK-31498 - STARLINK-2556,7352.102,17387.706,10035.605,
Contact STARLINK-31498 - STARLINK-2556,24795.043,25618.349,823.306,
Contact STARLINK-31498 - STARLINK-1073,20852.376,76033.136,55180.760,
Contact STARLINK-31498 - STARLINK-31979,0.000,614.670,614.670,
Contact STARLINK-31498 - STARLINK-31979,7895.248,14607.049,6711.802,
Contact STARLINK-31498 - STARLINK-31979,24847.621,25782.380,934.759,
Contact STARLINK-31498 - STARLINK-31979,39009.312,39718.159,708.847,
Contact STARLINK-31498 - STARLINK-31979,50364.588,50842.706,478.118,
Contact STARLINK-31498 - STARLINK-30754,0.000,10739.567,10739.567,
Contact STARLINK-31498 - STARLINK-3832,17669.662,18281.239,611.577,
Contact STARLINK-31498 - STARLINK-3832,31669.386,32587.791,918.405,
Contact STARLINK-31498 - STARLINK-3832,42928.166,49648.800,6720.634,
Contact STARLINK-31498 - STARLINK-3832,57060.026,58145.739,1085.713,
Contact STARLINK-31498 - STARLINK-3832,71269.244,72241.273,972.029,
Contact STARLINK-31498 - STARLINK-3832,82689.487,83465.898,776.411,
Contact STARLINK-31498 - STARLINK-1776,17561.623,18271.450,709.827,
Contact STARLINK-31498 - STARLINK-1776,28780.029,32494.434,3714.405,
Contact STARLINK-31498 - STARLINK-1776,42851.155,43841.150,989.995,
Contact STARLINK-31498 - STARLINK-1776,56956.819,57990.183,1033.364,
Contact STARLINK-31498 - STARLINK-1776,68273.888,72090.089,3816.201,
Contact STARLINK-31498 - STARLINK-1776,82463.299,83342.202,878.903,
Contact STARLINK-31498 - STARLINK-6199,24400.605,25554.100,1153.495,
Contact STARLINK-31498 - STARLINK-6199,32744.984,42801.546,10056.562,
Contact STARLINK-31498 - STARLINK-6199,43973.801,56923.312,12949.510,
Contact STARLINK-31498 - STARLINK-6199,58201.600,65309.085,7107.484,
Contact STARLINK-31498 - STARLINK-6199,75588.954,76347.222,758.267,
Contact STARLINK-31498 - STARLINK-2214,86288.354,86400.000,111.646,
Contact STARLINK-31498 - STARLINK-5737,6636.581,7683.241,1046.659,
Contact STARLINK-31498 - STARLINK-5737,21006.774,21661.383,654.608,
Contact STARLINK-31498 - STARLINK-3506,32177.552,32738.418,560.866,
Contact STARLINK-31498 - STARLINK-3506,40397.376,47259.107,6861.730,
Contact STARLINK-31498 - STARLINK-3506,54320.784,64410.142,10089.357,
Contact STARLINK-31498 - STARLINK-3506,65554.537,78520.557,12966.020,
Contact STARLINK-31498 - STARLINK-3506,79732.088,86400.000,6667.912,
Contact STARLINK-31498 - STARLINK-11136 [DTC],3068.962,3754.327,685.365,
Contact STARLINK-31498 - STARLINK-11136 [DTC],14254.688,14775.294,520.605,
Contact STARLINK-31498 - STARLINK-5628,53568.760,54250.955,682.195,
Contact STARLINK-31498 - STARLINK-5628,64790.533,68594.026,3803.494,
Contact STARLINK-31498 - STARLINK-5628,78920.210,82820.336,3900.126,
Contact STARLINK-31498 - STARLINK-5176,46014.225,86400.000,40385.775,
Contact STARLINK-31498 - STARLINK-2042,71358.193,78859.988,7501.795,
Contact STARLINK-31498 - STARLINK-2042,79349.618,86400.000,7050.382,
Contact STARLINK-31498 - STARLINK-6319,85580.485,86400.000,819.515,
Contact STARLINK-31498 - STARLINK-4522,0.000,626.499,626.499,
Contact STARLINK-31498 - STARLINK-4522,7847.611,14718.842,6871.231,
Contact STARLINK-31498 - STARLINK-4522,24956.243,25923.530,967.287,
Contact STARLINK-31498 - STARLINK-4522,39387.854,39775.463,387.609,
Contact STARLINK-31498 - MoonARTEMIS1,5447.777,9094.151,3646.374,
Contact STARLINK-31498 - MoonARTEMIS1,11074.858,20373.750,9298.891,
Contact STARLINK-31498 - MoonARTEMIS1,22317.288,31641.683,9324.394,
Contact STARLINK-31498 - MoonARTEMIS1,33554.196,42904.647,9350.452,
Contact STARLINK-31498 - MoonARTEMIS1,44788.492,48534.904,3746.412,
Contact STARLINK-31498 - MoonARTEMIS1,50404.972,59793.534,9388.562,
Contact STARLINK-31498 - MoonARTEMIS1,61636.855,71050.024,9413.169,
Contact STARLINK-31498 - MoonARTEMIS1,72867.395,82304.637,9437.242,
Contact STARLINK-31498 - MoonARTEMIS1,84096.470,86400.000,2303.530,
Contact STARLINK-31498 - MoonARTEMIS2,0.000,3415.470,3415.470,
Contact STARLINK-31498 - MoonARTEMIS2,5421.610,9041.505,3619.895,
Contact STARLINK-31498 - MoonARTEMIS2,11037.043,20300.142,9263.099,
Contact STARLINK-31498 - MoonARTEMIS2,22272.467,31578.373,9305.907,
Contact STARLINK-31498 - MoonARTEMIS2,34894.970,42864.694,7969.724,
Contact STARLINK-31498 - MoonARTEMIS2,44761.092,59748.022,14986.930,
Contact STARLINK-31498 - MoonARTEMIS2,61599.420,71007.192,9407.772,
Contact STARLINK-31498 - MoonARTEMIS2,72827.947,82270.709,9442.761,
Contact STARLINK-31498 - MoonARTEMIS2,84059.722,86400.000,2340.278,
Contact STARLINK-31498 - MoonIOAGEO,0.000,3449.666,3449.666,
Contact STARLINK-31498 - MoonIOAGEO,11069.721,20350.458,9280.737,
Contact STARLINK-31498 - MoonIOAGEO,22300.006,31580.099,9280.093,
Contact STARLINK-31498 - MoonIOAGEO,33517.720,42833.704,9315.984,
Contact STARLINK-31498 - MoonIOAGEO,44751.080,47780.335,3029.254,
Contact STARLINK-31498 - MoonIOAGEO,51973.164,59770.003,7796.839,
Contact STARLINK-31498 - MoonIOAGEO,61620.048,71017.937,9397.889,
Contact STARLINK-31498 - MoonIOAGEO,72843.775,82262.225,9418.450,
Contact STARLINK-31498 - MoonIOAGEO,84073.112,86400.000,2326.888,
Contact STARLINK-31498 - MoonIOAGNO,0.000,3460.929,3460.929,
Contact STARLINK-31498 - MoonIOAGNO,5450.908,9090.458,3639.550,
Contact STARLINK-31498 - MoonIOAGNO,11069.645,20310.919,9241.274,
Contact STARLINK-31498 - MoonIOAGNO,22266.682,31573.202,9306.520,
Contact STARLINK-31498 - MoonIOAGNO,33497.181,42851.971,9354.790,
Contact STARLINK-31498 - MoonIOAGNO,44748.584,59726.573,14977.989,
Contact STARLINK-31498 - MoonIOAGNO,61584.630,70993.782,9409.152,
Contact STARLINK-31498 - MoonIOAGNO,72810.353,82284.109,9473.757,
Contact STARLINK-31498 - MoonIOAGNO,84064.343,86400.000,2335.657,
Contact STARLINK-31498 - MoonIOAGNO 0001,0.000,3431.992,3431.992,
Contact STARLINK-31498 - MoonIOAGNO 0001,5421.530,9061.956,3640.426,
Contact STARLINK-31498 - MoonIOAGNO 0001,11037.710,20332.891,9295.181,
Contact STARLINK-31498 - MoonIOAGNO 0001,22283.861,31598.905,9315.044,
Contact STARLINK-31498 - MoonIOAGNO 0001,33527.320,42826.214,9298.894,
Contact STARLINK-31498 - MoonIOAGNO 0001,44727.012,59740.164,15013.152,
Contact STARLINK-31498 - MoonIOAGNO 0001,61588.317,71028.168,9439.850,
Contact STARLINK-31498 - MoonIOAGNO 0001,72855.109,82265.503,9410.393,
Contact STARLINK-31498 - MoonIOAGNO 0001,84056.001,86400.000,2343.999,
Contact STARLINK-31498 - MoonIOAGSO,0.000,3447.146,3447.146,
Contact STARLINK-31498 - MoonIOAGSO,5448.175,7981.192,2533.016,
Contact STARLINK-31498 - MoonIOAGSO,11059.924,20339.679,9279.756,
Contact STARLINK-31498 - MoonIOAGSO,22311.425,31586.595,9275.170,
Contact STARLINK-31498 - MoonIOAGSO,33541.821,42837.866,9296.045,
Contact STARLINK-31498 - MoonIOAGSO,44761.603,59755.188,14993.585,
Contact STARLINK-31498 - MoonIOAGSO,61625.760,71008.818,9383.058,
Contact STARLINK-31498 - MoonIOAGSO,72867.209,82267.253,9400.045,
Contact STARLINK-31498 - MoonIOAGSO,84094.798,86400.000,2305.202,
Contact STARLINK-31498 - MoonIOAGSO 0001,0.000,3458.008,3458.008,
Contact STARLINK-31498 - MoonIOAGSO 0001,5467.181,9079.712,3612.531,
Contact STARLINK-31498 - MoonIOAGSO 0001,11080.381,20325.358,9244.978,
Contact STARLINK-31498 - MoonIOAGSO 0001,22299.464,29982.178,7682.715,
Contact STARLINK-31498 - MoonIOAGSO 0001,33523.392,42854.827,9331.435,
Contact STARLINK-31498 - MoonIOAGSO 0001,44776.984,59732.432,14955.448,
Contact STARLINK-31498 - MoonIOAGSO 0001,61620.160,71001.920,9381.760,
Contact STARLINK-31498 - MoonIOAGSO 0001,72839.078,82295.420,9456.342,
Contact STARLINK-31498 - MoonIOAGSO 0001,84104.894,86400.000,2295.106,
Contact STARLINK-31498 - MoonLRO,7077.797,9080.097,2002.300,
Contact STARLINK-31498 - MoonLRO,13918.095,14704.548,786.453,
Contact STARLINK-31498 - MoonLRO,27903.595,31481.527,3577.932,
Contact STARLINK-31498 - MoonLRO,34382.142,37221.876,2839.734,
Contact STARLINK-31498 - MoonLRO,50376.504,51969.242,1592.738,
Contact STARLINK-31498 - MoonLRO,55987.392,58808.086,2820.694,
Contact STARLINK-31498 - MoonLRO,61689.183,65382.044,3692.861,
Contact STARLINK-31498 - MoonLRO,75383.004,79275.678,3892.674,
Contact STARLINK-31498 - MarsSat1,0.000,5869.708,5869.708,
Contact STARLINK-31498 - MarsSat1,8010.884,17085.175,9074.291,
Contact STARLINK-31498 - MarsSat1,19225.361,28300.730,9075.369,
Contact STARLINK-31498 - MarsSat1,30439.883,33908.547,3468.664,
Contact STARLINK-31498 - MarsSat1,41654.465,45124.268,3469.803,
Contact STARLINK-31498 - MarsSat1,47261.780,56340.100,9078.320,
Contact STARLINK-31498 - MarsSat1,58476.451,67556.026,9079.574,
Contact STARLINK-31498 - MarsSat1,69691.160,78772.021,9080.861,
Contact STARLINK-31498 - MarsSat1,80905.888,84380.040,3474.152,
Contact STARLINK-31498 - MarsSat2,0.000,5869.785,5869.785,
Contact STARLINK-31498 - MarsSat2,8010.977,17085.305,9074.328,
Contact STARLINK-31498 - MarsSat2,19225.497,28300.898,9075.400,
Contact STARLINK-31498 - MarsSat2,30440.043,33908.723,3468.680,
Contact STARLINK-31498 - MarsSat2,41654.616,45124.432,3469.816,
Contact STARLINK-31498 - MarsSat2,47261.914,56340.220,9078.306,
Contact STARLINK-31498 - MarsSat2,58476.535,67556.089,9079.554,
Contact STARLINK-31498 - MarsSat2,69691.190,78772.041,9080.850,
Contact STARLINK-31498 - MarsSat2,80905.884,84380.048,3474.164,
Contact STARLINK-31498 - MarsSat3,0.000,5869.752,5869.752,
Contact STARLINK-31498 - MarsSat3,8010.941,17085.254,9074.313,
Contact STARLINK-31498 - MarsSat3,19225.440,28300.817,9075.377,
Contact STARLINK-31498 - MarsSat3,30439.953,33908.624,3468.671,
Contact STARLINK-31498 - MarsSat3,41654.493,45124.297,3469.803,
Contact STARLINK-31498 - MarsSat3,47261.778,56340.063,9078.285,
Contact STARLINK-31498 - MarsSat3,58476.394,67555.958,9079.564,
Contact STARLINK-31498 - MarsSat3,69691.102,78771.990,9080.888,
Contact STARLINK-31498 - MarsSat3,80905.882,84380.036,3474.154,
Contact STARLINK-31498 - MarsSat4,0.000,5869.686,5869.686,
Contact STARLINK-31498 - MarsSat4,8010.859,17085.156,9074.296,
Contact STARLINK-31498 - MarsSat4,19225.362,28300.808,9075.446,
Contact STARLINK-31498 - MarsSat4,30439.959,33908.625,3468.666,
Contact STARLINK-31498 - MarsSat4,41654.495,45124.290,3469.795,
Contact STARLINK-31498 - MarsSat4,47261.782,56340.128,9078.346,
Contact STARLINK-31498 - MarsSat4,58476.479,67556.019,9079.541,
Contact STARLINK-31498 - MarsSat4,69691.131,78771.942,9080.811,
Contact STARLINK-31498 - MarsSat4,80905.810,84379.968,3474.158,
Contact STARLINK-3550 - STARLINK-30345,3153.504,4035.399,881.895,
Contact STARLINK-3550 - STARLINK-30345,17498.796,18349.357,850.561,
Contact STARLINK-3550 - STARLINK-30345,31845.300,32661.839,816.539,
Contact STARLINK-3550 - STARLINK-30345,46194.653,46971.777,777.124,
Contact STARLINK-3550 - STARLINK-30345,60545.274,61280.105,734.831,
Contact STARLINK-3550 - STARLINK-30345,86384.497,86400.000,15.503,
Contact STARLINK-3550 - STARLINK-1107,0.000,3010.020,3010.020,
Contact STARLINK-3550 - STARLINK-1107,10186.008,11434.904,1248.895,
Contact STARLINK-3550 - STARLINK-1107,24544.496,25300.491,755.995,
Contact STARLINK-3550 - STARLINK-1351,28704.766,29112.239,407.473,
Contact STARLINK-3550 - STARLINK-1351,43001.690,43444.204,442.514,
Contact STARLINK-3550 - STARLINK-1351,57303.537,57770.559,467.023,
Contact STARLINK-3550 - STARLINK-1351,71602.575,72100.385,497.810,
Contact STARLINK-3550 - STARLINK-1351,85906.021,86400.000,493.979,
Contact STARLINK-3550 - STARLINK-30610,0.000,4.797,4.797,
Contact STARLINK-3550 - STARLINK-30610,10776.755,11495.993,719.238,
Contact STARLINK-3550 - STARLINK-30610,25082.439,25852.061,769.622,
Contact STARLINK-3550 - STARLINK-30610,39382.218,40213.619,831.401,
Contact STARLINK-3550 - STARLINK-30610,53693.637,54563.905,870.267,
Contact STARLINK-3550 - STARLINK-30610,67999.385,68919.493,920.108,
Contact STARLINK-3550 - STARLINK-30610,82315.565,83264.968,949.403,
Contact STARLINK-3550 - STARLINK-30255,2902.393,3688.672,786.279,
Contact STARLINK-3550 - STARLINK-30255,28779.652,29432.476,652.824,
Contact STARLINK-3550 - STARLINK-30255,43173.113,43717.144,544.031,
Contact STARLINK-3550 - STARLINK-30255,57571.970,57996.838,424.868,
Contact STARLINK-3550 - STARLINK-4170,0.000,86400.000,86400.000,
Contact STARLINK-3550 - STARLINK-32223,42851.077,43598.061,746.984,
Contact STARLINK-3550 - STARLINK-32223,56903.185,57792.365,889.180,
Contact STARLINK-3550 - STARLINK-32223,68190.606,69101.077,910.471,
Contact STARLINK-3550 - STARLINK-32223,82356.727,83180.173,823.446,
Contact STARLINK-3550 - STARLINK-31812,58519.892,86400.000,27880.108,
Contact STARLINK-3550 - STARLINK-31931,0.000,31623.993,31623.993,
Contact STARLINK-3550 - STARLINK-3601,0.000,219.835,219.835,
Contact STARLINK-3550 - STARLINK-3601,10747.979,14509.564,3761.585,
Contact STARLINK-3550 - STARLINK-3601,25050.910,28806.918,3756.008,
Contact STARLINK-3550 - STARLINK-3601,39345.894,40241.644,895.750,
Contact STARLINK-3550 - STARLINK-3601,53649.039,54531.049,882.010,
Contact STARLINK-3550 - STARLINK-3601,67944.138,68828.187,884.050,
Contact STARLINK-3550 - STARLINK-3601,82247.502,83117.353,869.851,
Contact STARLINK-3550 - STARLINK-3603,0.000,387.401,387.401,
Contact STARLINK-3550 - STARLINK-3603,13717.762,14686.025,968.264,
Contact STARLINK-3550 - STARLINK-3603,25159.512,28991.371,3831.858,
Contact STARLINK-3550 - STARLINK-3603,39458.284,43289.994,3831.710,
Contact STARLINK-3550 - STARLINK-3603,53763.881,54731.576,967.695,
Contact STARLINK-3550 - STARLINK-3603,68062.654,69036.899,974.246,
Contact STARLINK-3550 - STARLINK-3603,82368.239,83335.521,967.282,
Contact STARLINK-3550 - STARLINK-31060,82652.584,83312.750,660.166,
Contact STARLINK-3550 - STARLINK-5972,7139.950,10876.594,3736.644,
Contact STARLINK-3550 - STARLINK-5972,21486.733,25216.662,3729.928,
Contact STARLINK-3550 - STARLINK-5972,35846.117,36691.770,845.652,
Contact STARLINK-3550 - STARLINK-5972,50196.244,51039.675,843.430,
Contact STARLINK-3550 - STARLINK-5972,64559.723,65374.323,814.599,
Contact STARLINK-3550 - STARLINK-5972,78913.759,79718.444,804.685,
Contact STARLINK-3550 - STARLINK-2047,3527.290,4140.328,613.038,
Contact STARLINK-3550 - STARLINK-2047,17855.369,18444.334,588.965,
Contact STARLINK-3550 - STARLINK-2047,32179.675,32751.378,571.703,
Contact STARLINK-3550 - STARLINK-2047,46508.994,47054.148,545.154,
Contact STARLINK-3550 - STARLINK-2047,60834.199,61360.273,526.074,
Contact STARLINK-3550 - STARLINK-2047,75165.043,75661.523,496.481,
Contact STARLINK-3550 - STARLINK-30145,0.000,538.834,538.834,
Contact STARLINK-3550 - STARLINK-30145,7839.783,14812.455,6972.672,
Contact STARLINK-3550 - STARLINK-30145,25061.657,29107.462,4045.804,
Contact STARLINK-3550 - STARLINK-30145,39402.814,43374.499,3971.686,
Contact STARLINK-3550 - STARLINK-30145,53774.200,57664.917,3890.718,
Contact STARLINK-3550 - STARLINK-30145,68120.609,69083.835,963.226,
Contact STARLINK-3550 - STARLINK-30145,82503.245,83336.274,833.029,
Contact STARLINK-3550 - STARLINK-30549,729.731,13712.427,12982.696,
Contact STARLINK-3550 - STARLINK-30549,14937.224,22176.672,7239.447,
Contact STARLINK-3550 - STARLINK-30549,32124.975,36181.758,4056.783,
Contact STARLINK-3550 - STARLINK-30549,46593.174,47301.907,708.733,
Contact STARLINK-3550 - STARLINK-5565,17974.726,18620.014,645.288,
Contact STARLINK-3550 - STARLINK-5565,32265.564,33031.566,766.002,
Contact STARLINK-3550 - STARLINK-5565,46579.913,47419.232,839.319,
Contact STARLINK-3550 - STARLINK-5565,60887.346,61814.103,926.757,
Contact STARLINK-3550 - STARLINK-5565,75213.775,76189.574,975.799,
Contact STARLINK-3550 - STARLINK-1227,0.000,3712.155,3712.155,
Contact STARLINK-3550 - STARLINK-1227,14243.598,18026.256,3782.658,
Contact STARLINK-3550 - STARLINK-1227,28555.725,29477.171,921.446,
Contact STARLINK-3550 - STARLINK-1227,42868.636,43790.416,921.780,
Contact STARLINK-3550 - STARLINK-1227,57181.124,58104.012,922.888,
Contact STARLINK-3550 - STARLINK-1227,71494.279,72416.980,922.702,
Contact STARLINK-3550 - STARLINK-1227,85807.127,86400.000,592.873,
Contact STARLINK-3550 - STARLINK-5093,7102.199,10846.089,3743.889,
Contact STARLINK-3550 - STARLINK-5093,21453.016,22326.690,873.674,
Contact STARLINK-3550 - STARLINK-5093,35815.849,36670.087,854.237,
Contact STARLINK-3550 - STARLINK-5093,50170.584,51022.552,851.968,
Contact STARLINK-3550 - STARLINK-5093,64538.252,65361.240,822.988,
Contact STARLINK-3550 - STARLINK-5093,78897.578,79709.237,811.659,
Contact STARLINK-3550 - STARLINK-2556,3450.904,7385.605,3934.701,
Contact STARLINK-3550 - STARLINK-2556,17760.019,21693.837,3933.818,
Contact STARLINK-3550 - STARLINK-2556,32056.018,33134.607,1078.589,
Contact STARLINK-3550 - STARLINK-2556,46365.125,47428.310,1063.184,
Contact STARLINK-3550 - STARLINK-2556,60661.128,61736.473,1075.345,
Contact STARLINK-3550 - STARLINK-2556,74970.229,76030.138,1059.909,
Contact STARLINK-3550 - STARLINK-1073,0.000,368.711,368.711,
Contact STARLINK-3550 - STARLINK-1073,13842.108,14693.238,851.130,
Contact STARLINK-3550 - STARLINK-1073,28153.252,29022.038,868.786,
Contact STARLINK-3550 - STARLINK-1073,42469.944,43345.681,875.736,
Contact STARLINK-3550 - STARLINK-1073,53921.634,57673.380,3751.746,
Contact STARLINK-3550 - STARLINK-1073,68234.344,69133.370,899.026,
Contact STARLINK-3550 - STARLINK-1073,82552.227,83455.787,903.560,
Contact STARLINK-3550 - STARLINK-32088,0.000,249.319,249.319,
Contact STARLINK-3550 - STARLINK-5829,10487.262,11130.088,642.825,
Contact STARLINK-3550 - STARLINK-5829,24869.808,25451.249,581.440,
Contact STARLINK-3550 - STARLINK-5829,39243.345,39782.129,538.785,
Contact STARLINK-3550 - STARLINK-5829,53637.532,54091.777,454.245,
Contact STARLINK-3550 - STARLINK-5829,68023.651,68410.223,386.572,
Contact STARLINK-3550 - STARLINK-31979,681.682,7690.437,7008.755,
Contact STARLINK-3550 - STARLINK-31979,17829.762,21781.868,3952.106,
Contact STARLINK-3550 - STARLINK-31979,32189.249,32994.107,804.858,
Contact STARLINK-3550 - STARLINK-30754,3317.285,4182.681,865.396,
Contact STARLINK-3550 - STARLINK-30754,17664.354,18493.570,829.216,
Contact STARLINK-3550 - STARLINK-30754,32010.401,32805.198,794.797,
Contact STARLINK-3550 - STARLINK-30754,46361.670,47111.927,750.257,
Contact STARLINK-3550 - STARLINK-30754,60711.885,61419.347,707.462,
Contact STARLINK-3550 - STARLINK-30754,75068.385,75720.881,652.496,
Contact STARLINK-3550 - STARLINK-3832,0.000,3013.698,3013.698,
Contact STARLINK-3550 - STARLINK-3832,4162.246,17330.005,13167.759,
Contact STARLINK-3550 - STARLINK-3832,18473.507,25902.541,7429.033,
Contact STARLINK-3550 - STARLINK-3832,32767.917,43069.144,10301.227,
Contact STARLINK-3550 - STARLINK-3832,47079.157,57385.366,10306.209,
Contact STARLINK-3550 - STARLINK-3832,61373.638,71680.093,10306.455,
Contact STARLINK-3550 - STARLINK-3832,75684.858,85996.254,10311.397,
Contact STARLINK-3550 - STARLINK-1776,0.000,3221.161,3221.161,
Contact STARLINK-3550 - STARLINK-1776,3920.845,17479.593,13558.749,
Contact STARLINK-3550 - STARLINK-1776,18240.346,31702.798,13462.452,
Contact STARLINK-3550 - STARLINK-1776,32550.921,43089.178,10538.257,
Contact STARLINK-3550 - STARLINK-1776,46882.702,57332.026,10449.324,
Contact STARLINK-3550 - STARLINK-1776,61201.970,71542.409,10340.440,
Contact STARLINK-3550 - STARLINK-1776,72667.270,85776.808,13109.537,
Contact STARLINK-3550 - STARLINK-3506,0.000,61.291,61.291,
Contact STARLINK-3550 - STARLINK-3506,10512.062,11493.515,981.453,
Contact STARLINK-3550 - STARLINK-3506,24816.728,25778.072,961.344,
Contact STARLINK-3550 - STARLINK-3506,39110.583,40073.527,962.944,
Contact STARLINK-3550 - STARLINK-3506,53415.690,54357.623,941.933,
Contact STARLINK-3550 - STARLINK-3506,67709.836,68652.741,942.905,
Contact STARLINK-3550 - STARLINK-3506,79149.748,82936.353,3786.605,
Contact STARLINK-3550 - STARLINK-11136 [DTC],0.000,11301.399,11301.399,
Contact STARLINK-3550 - STARLINK-11092 [DTC],49795.125,50613.573,818.448,
Contact STARLINK-3550 - STARLINK-11092 [DTC],60888.438,61944.932,1056.494,
Contact STARLINK-3550 - STARLINK-11092 [DTC],75001.421,75861.911,860.490,
Contact STARLINK-3550 - STARLINK-11072 [DTC],75439.002,75830.497,391.495,
Contact STARLINK-3550 - STARLINK-5176,25157.018,25732.151,575.132,
Contact STARLINK-3550 - STARLINK-5176,39455.245,40038.041,582.796,
Contact STARLINK-3550 - STARLINK-5176,53762.348,54335.764,573.416,
Contact STARLINK-3550 - STARLINK-5176,68060.566,68641.647,581.081,
Contact STARLINK-3550 - STARLINK-5176,82367.668,82939.358,571.690,
Contact STARLINK-3550 - STARLINK-4522,660.638,7650.850,6990.211,
Contact STARLINK-3550 - STARLINK-4522,14964.467,21934.489,6970.022,
Contact STARLINK-3550 - STARLINK-4522,32145.105,36186.434,4041.329,
Contact STARLINK-3550 - STARLINK-4522,46477.313,50468.667,3991.354,
Contact STARLINK-3550 - STARLINK-4522,60783.234,61880.936,1097.702,
Contact STARLINK-3550 - STARLINK-4522,75119.515,76127.529,1008.014,
Contact STARLINK-3550 - MoonARTEMIS1,5302.361,9262.156,3959.795,
Contact STARLINK-3550 - MoonARTEMIS1,11080.802,20785.119,9704.318,
Contact STARLINK-3550 - MoonARTEMIS1,22605.429,32287.146,9681.717,
Contact STARLINK-3550 - MoonARTEMIS1,34114.632,38033.891,3919.259,
Contact STARLINK-3550 - MoonARTEMIS1,39865.906,49521.291,9655.386,
Contact STARLINK-3550 - MoonARTEMIS1,51363.535,61002.244,9638.709,
Contact STARLINK-3550 - MoonARTEMIS1,62855.801,66740.691,3884.891,
Contact STARLINK-3550 - MoonARTEMIS1,68600.210,78213.975,9613.765,
Contact STARLINK-3550 - MoonARTEMIS1,80085.994,86400.000,6314.006,
Contact STARLINK-3550 - MoonARTEMIS2,0.000,3446.724,3446.724,
Contact STARLINK-3550 - MoonARTEMIS2,5271.317,9196.694,3925.377,
Contact STARLINK-3550 - MoonARTEMIS2,11021.225,20701.491,9680.266,
Contact STARLINK-3550 - MoonARTEMIS2,22526.742,32225.331,9698.590,
Contact STARLINK-3550 - MoonARTEMIS2,34900.220,37995.304,3095.083,
Contact STARLINK-3550 - MoonARTEMIS2,39829.719,49478.713,9648.994,
Contact STARLINK-3550 - MoonARTEMIS2,51329.807,60956.863,9627.055,
Contact STARLINK-3550 - MoonARTEMIS2,62824.212,66695.748,3871.536,
Contact STARLINK-3550 - MoonARTEMIS2,68570.875,78173.618,9602.743,
Contact STARLINK-3550 - MoonARTEMIS2,80063.785,86400.000,6336.215,
Contact STARLINK-3550 - MoonIOAGEO,0.000,3489.912,3489.912,
Contact STARLINK-3550 - MoonIOAGEO,11071.132,20758.103,9686.971,
Contact STARLINK-3550 - MoonIOAGEO,22574.689,32222.451,9647.762,
Contact STARLINK-3550 - MoonIOAGEO,34042.118,37961.794,3919.676,
Contact STARLINK-3550 - MoonIOAGEO,39788.062,47774.197,7986.135,
Contact STARLINK-3550 - MoonIOAGEO,52016.748,60980.875,8964.127,
Contact STARLINK-3550 - MoonIOAGEO,62840.579,66718.118,3877.540,
Contact STARLINK-3550 - MoonIOAGEO,68580.106,78179.285,9599.179,
Contact STARLINK-3550 - MoonIOAGEO,80049.180,86400.000,6350.820,
Contact STARLINK-3550 - MoonIOAGNO,0.000,3504.620,3504.620,
Contact STARLINK-3550 - MoonIOAGNO,5321.426,9256.842,3935.415,
Contact STARLINK-3550 - MoonIOAGNO,11053.054,20712.639,9659.585,
Contact STARLINK-3550 - MoonIOAGNO,22548.770,32212.540,9663.770,
Contact STARLINK-3550 - MoonIOAGNO,34063.785,37967.882,3904.097,
Contact STARLINK-3550 - MoonIOAGNO,39821.043,49482.921,9661.878,
Contact STARLINK-3550 - MoonIOAGNO,51325.771,60938.699,9612.928,
Contact STARLINK-3550 - MoonIOAGNO,62801.515,66676.689,3875.174,
Contact STARLINK-3550 - MoonIOAGNO,68555.396,78171.253,9615.857,
Contact STARLINK-3550 - MoonIOAGNO,80068.468,86400.000,6331.532,
Contact STARLINK-3550 - MoonIOAGNO 0001,0.000,3469.425,3469.425,
Contact STARLINK-3550 - MoonIOAGNO 0001,5304.736,9223.007,3918.271,
Contact STARLINK-3550 - MoonIOAGNO 0001,11062.026,20738.104,9676.077,
Contact STARLINK-3550 - MoonIOAGNO 0001,22573.357,32242.233,9668.876,
Contact STARLINK-3550 - MoonIOAGNO 0001,34052.416,37960.209,3907.792,
Contact STARLINK-3550 - MoonIOAGNO 0001,39797.440,49444.614,9647.174,
Contact STARLINK-3550 - MoonIOAGNO 0001,51309.156,60949.414,9640.258,
Contact STARLINK-3550 - MoonIOAGNO 0001,62824.204,66705.526,3881.322,
Contact STARLINK-3550 - MoonIOAGNO 0001,68580.246,78185.665,9605.419,
Contact STARLINK-3550 - MoonIOAGNO 0001,80056.547,86400.000,6343.453,
Contact STARLINK-3550 - MoonIOAGSO,0.000,3485.862,3485.862,
Contact STARLINK-3550 - MoonIOAGSO,5288.819,7982.888,2694.069,
Contact STARLINK-3550 - MoonIOAGSO,11064.370,20749.591,9685.221,
Contact STARLINK-3550 - MoonIOAGSO,22541.698,32236.944,9695.246,
Contact STARLINK-3550 - MoonIOAGSO,34029.237,37978.949,3949.713,
Contact STARLINK-3550 - MoonIOAGSO,39780.877,49464.566,9683.690,
Contact STARLINK-3550 - MoonIOAGSO,51307.893,60975.114,9667.221,
Contact STARLINK-3550 - MoonIOAGSO,62815.287,66719.421,3904.133,
Contact STARLINK-3550 - MoonIOAGSO,68555.741,78198.351,9642.610,
Contact STARLINK-3550 - MoonIOAGSO,80045.973,86400.000,6354.027,
Contact STARLINK-3550 - MoonIOAGSO 0001,0.000,3499.423,3499.423,
Contact STARLINK-3550 - MoonIOAGSO 0001,5277.432,9244.044,3966.612,
Contact STARLINK-3550 - MoonIOAGSO 0001,11022.166,20732.779,9710.613,
Contact STARLINK-3550 - MoonIOAGSO 0001,22530.099,30100.082,7569.983,
Contact STARLINK-3550 - MoonIOAGSO 0001,34070.004,37992.102,3922.098,
Contact STARLINK-3550 - MoonIOAGSO 0001,39809.553,49481.235,9671.682,
Contact STARLINK-3550 - MoonIOAGSO 0001,51291.174,60961.419,9670.245,
Contact STARLINK-3550 - MoonIOAGSO 0001,62789.915,66700.595,3910.680,
Contact STARLINK-3550 - MoonIOAGSO 0001,68547.990,78200.298,9652.308,
Contact STARLINK-3550 - MoonIOAGSO 0001,80078.744,86400.000,6321.256,
Contact STARLINK-3550 - MoonLRO,7054.939,9244.914,2189.975,
Contact STARLINK-3550 - MoonLRO,13891.127,14990.300,1099.173,
Contact STARLINK-3550 - MoonLRO,28311.303,31470.421,3159.117,
Contact STARLINK-3550 - MoonLRO,34390.412,37985.541,3595.130,
Contact STARLINK-3550 - MoonLRO,41204.097,43729.740,2525.643,
Contact STARLINK-3550 - MoonLRO,57066.329,58774.415,1708.086,
Contact STARLINK-3550 - MoonLRO,62818.960,65615.010,2796.050,
Contact STARLINK-3550 - MoonLRO,68569.756,78197.065,9627.309,
Contact STARLINK-3550 - MoonLRO,82179.930,83935.895,1755.965,
Contact STARLINK-3550 - MarsSat1,1700.005,5562.591,3862.586,
Contact STARLINK-3550 - MarsSat1,7423.552,17018.095,9594.544,
Contact STARLINK-3550 - MarsSat1,18870.627,28473.795,9603.168,
Contact STARLINK-3550 - MarsSat1,30317.691,34201.734,3884.044,
Contact STARLINK-3550 - MarsSat1,36041.227,45657.822,9616.595,
Contact STARLINK-3550 - MarsSat1,47488.326,57114.201,9625.875,
Contact STARLINK-3550 - MarsSat1,58935.477,74299.271,15363.794,
Contact STARLINK-3550 - MarsSat1,76106.291,85756.257,9649.966,
Contact STARLINK-3550 - MarsSat2,1699.891,5562.572,3862.681,
Contact STARLINK-3550 - MarsSat2,7423.452,17018.185,9594.733,
Contact STARLINK-3550 - MarsSat2,18870.584,28474.004,9603.419,
Contact STARLINK-3550 - MarsSat2,30317.731,34201.992,3884.261,
Contact STARLINK-3550 - MarsSat2,36041.310,45658.131,9616.821,
Contact STARLINK-3550 - MarsSat2,47488.476,57114.489,9626.013,
Contact STARLINK-3550 - MarsSat2,58935.656,74299.450,15363.794,
Contact STARLINK-3550 - MarsSat2,76106.450,85756.380,9649.930,
Contact STARLINK-3550 - MarsSat3,1699.903,5562.556,3862.652,
Contact STARLINK-3550 - MarsSat3,7423.474,17018.169,9594.695,
Contact STARLINK-3550 - MarsSat3,18870.630,28473.964,9603.334,
Contact STARLINK-3550 - MarsSat3,30317.786,34201.929,3884.143,
Contact STARLINK-3550 - MarsSat3,36041.360,45657.996,9616.636,
Contact STARLINK-3550 - MarsSat3,47488.489,57114.255,9625.766,
Contact STARLINK-3550 - MarsSat3,58935.577,74299.146,15363.569,
Contact STARLINK-3550 - MarsSat3,76106.200,85756.160,9649.959,
Contact STARLINK-3550 - MarsSat4,1699.989,5562.566,3862.576,
Contact STARLINK-3550 - MarsSat4,7423.552,17018.045,9594.493,
Contact STARLINK-3550 - MarsSat4,18870.581,28473.874,9603.293,
Contact STARLINK-3550 - MarsSat4,30317.705,34201.872,3884.167,
Contact STARLINK-3550 - MarsSat4,36041.301,45657.930,9616.629,
Contact STARLINK-3550 - MarsSat4,47488.413,57114.257,9625.844,
Contact STARLINK-3550 - MarsSat4,58935.508,74299.254,15363.745,
Contact STARLINK-3550 - MarsSat4,76106.337,85756.122,9649.785,
Contact STARLINK-30345 - STARLINK-31971,53423.535,54182.053,758.519,
Contact STARLINK-30345 - STARLINK-31971,64572.834,71506.365,6933.532,
Contact STARLINK-30345 - STARLINK-31971,78647.538,85779.140,7131.602,
Contact STARLINK-30345 - STARLINK-3050,10764.109,11180.976,416.867,
Contact STARLINK-30345 - STARLINK-3050,25089.774,25639.088,549.314,
Contact STARLINK-30345 - STARLINK-3050,39443.907,40069.121,625.214,
Contact STARLINK-30345 - STARLINK-3050,53791.400,54505.393,713.993,
Contact STARLINK-30345 - STARLINK-3050,68157.031,68923.809,766.778,
Contact STARLINK-30345 - STARLINK-3050,82515.365,83349.233,833.868,
Contact STARLINK-30345 - STARLINK-30255,0.000,86400.000,86400.000,
Contact STARLINK-30345 - STARLINK-4170,3274.480,4265.467,990.986,
Contact STARLINK-30345 - STARLINK-4170,17600.676,18600.780,1000.104,
Contact STARLINK-30345 - STARLINK-4170,31926.804,32936.457,1009.654,
Contact STARLINK-30345 - STARLINK-4170,46256.116,47268.684,1012.568,
Contact STARLINK-30345 - STARLINK-4170,60585.210,61601.343,1016.133,
Contact STARLINK-30345 - STARLINK-4170,74917.620,75930.506,1012.885,
Contact STARLINK-30345 - STARLINK-4170,86383.914,86400.000,16.086,
Contact STARLINK-30345 - STARLINK-32223,0.000,45739.318,45739.318,
Contact STARLINK-30345 - STARLINK-5061,0.000,86400.000,86400.000,
Contact STARLINK-30345 - STARLINK-31812,46450.047,47127.646,677.599,
Contact STARLINK-30345 - STARLINK-31812,60445.798,61492.757,1046.959,
Contact STARLINK-30345 - STARLINK-31812,71733.522,75726.416,3992.894,
Contact STARLINK-30345 - STARLINK-31812,85940.786,86400.000,459.214,
Contact STARLINK-30345 - STARLINK-31931,3520.718,3914.587,393.869,
Contact STARLINK-30345 - STARLINK-5952,0.000,86400.000,86400.000,
Contact STARLINK-30345 - STARLINK-31060,53171.986,60475.094,7303.109,
Contact STARLINK-30345 - STARLINK-31060,61536.184,71493.397,9957.213,
Contact STARLINK-30345 - STARLINK-2047,0.000,86400.000,86400.000,
Contact STARLINK-30345 - STARLINK-30145,6640.109,7670.560,1030.451,
Contact STARLINK-30345 - STARLINK-30145,21011.430,21986.049,974.620,
Contact STARLINK-30345 - STARLINK-30145,35368.998,36316.803,947.805,
Contact STARLINK-30345 - STARLINK-30145,49743.498,50629.076,885.578,
Contact STARLINK-30345 - STARLINK-30145,64103.292,64957.570,854.277,
Contact STARLINK-30345 - STARLINK-30145,75598.862,79265.634,3666.772,
Contact STARLINK-30345 - STARLINK-30549,0.000,3732.882,3732.882,
Contact STARLINK-30345 - STARLINK-30549,13903.770,15136.934,1233.164,
Contact STARLINK-30345 - STARLINK-30549,28146.487,29314.857,1168.370,
Contact STARLINK-30345 - STARLINK-30549,39595.893,43423.573,3827.680,
Contact STARLINK-30345 - STARLINK-30549,53996.409,54628.947,632.538,
Contact STARLINK-30345 - STARLINK-1463,6542.611,7574.659,1032.048,
Contact STARLINK-30345 - STARLINK-1463,20947.554,21959.373,1011.819,
Contact STARLINK-30345 - STARLINK-1463,35351.481,36345.077,993.596,
Contact STARLINK-30345 - STARLINK-1463,49762.388,50724.010,961.622,
Contact STARLINK-30345 - STARLINK-1463,64172.013,65104.092,932.079,
Contact STARLINK-30345 - STARLINK-1463,78589.298,79476.835,887.537,
Contact STARLINK-30345 - STARLINK-30486,0.000,86400.000,86400.000,
Contact STARLINK-30345 - STARLINK-5565,0.000,3019.443,3019.443,
Contact STARLINK-30345 - STARLINK-5565,10275.261,17401.264,7126.003,
Contact STARLINK-30345 - STARLINK-5565,24641.906,31796.226,7154.320,
Contact STARLINK-30345 - STARLINK-5565,39019.620,46174.464,7154.844,
Contact STARLINK-30345 - STARLINK-5565,53389.982,60565.674,7175.692,
Contact STARLINK-30345 - STARLINK-5565,67771.003,74940.526,7169.524,
Contact STARLINK-30345 - STARLINK-5565,82144.812,86400.000,4255.188,
Contact STARLINK-30345 - STARLINK-1227,0.000,32850.353,32850.353,
Contact STARLINK-30345 - STARLINK-2556,0.000,664.953,664.953,
Contact STARLINK-30345 - STARLINK-2556,7576.357,17837.171,10260.814,
Contact STARLINK-30345 - STARLINK-2556,21931.927,32150.207,10218.281,
Contact STARLINK-30345 - STARLINK-2556,36281.175,46440.115,10158.939,
Contact STARLINK-30345 - STARLINK-2556,53514.129,60742.872,7228.743,
Contact STARLINK-30345 - STARLINK-2556,67886.983,75022.727,7135.744,
Contact STARLINK-30345 - STARLINK-2556,82251.704,86400.000,4148.296,
Contact STARLINK-30345 - STARLINK-31979,0.000,6459.751,6459.751,
Contact STARLINK-30345 - STARLINK-31979,7945.933,14985.995,7040.061,
Contact STARLINK-30345 - STARLINK-31979,22225.632,29111.092,6885.460,
Contact STARLINK-30345 - STARLINK-31979,39476.203,40349.629,873.427,
Contact STARLINK-30345 - STARLINK-2424,7197.300,11023.600,3826.300,
Contact STARLINK-30345 - STARLINK-2424,21492.098,25376.988,3884.891,
Contact STARLINK-30345 - STARLINK-2424,35781.954,39716.200,3934.247,
Contact STARLINK-30345 - STARLINK-2424,50085.903,54059.801,3973.898,
Contact STARLINK-30345 - STARLINK-2424,64385.117,65527.807,1142.690,
Contact STARLINK-30345 - STARLINK-2424,78697.877,79854.450,1156.573,
Contact STARLINK-30345 - STARLINK-30754,0.000,86400.000,86400.000,
Contact STARLINK-30345 - STARLINK-5737,6619.169,13708.070,7088.901,
Contact STARLINK-30345 - STARLINK-5737,20978.133,22314.568,1336.435,
Contact STARLINK-30345 - STARLINK-5737,35327.823,36672.072,1344.249,
Contact STARLINK-30345 - STARLINK-5737,49686.842,51019.501,1332.659,
Contact STARLINK-30345 - STARLINK-5737,58294.837,65376.933,7082.096,
Contact STARLINK-30345 - STARLINK-5737,72653.901,79724.278,7070.377,
Contact STARLINK-30345 - STARLINK-5231,71609.300,72058.507,449.207,
Contact STARLINK-30345 - STARLINK-5231,82727.465,86400.000,3672.535,
Contact STARLINK-30345 - STARLINK-11092 [DTC],56733.192,58139.380,1406.188,
Contact STARLINK-30345 - STARLINK-11092 [DTC],65026.000,74894.704,9868.704,
Contact STARLINK-30345 - STARLINK-11072 [DTC],73397.177,86400.000,13002.823,
Contact STARLINK-30345 - STARLINK-5503,10633.378,10963.206,329.828,
Contact STARLINK-30345 - STARLINK-5503,25084.943,25251.636,166.692,
Contact STARLINK-30345 - STARLINK-4522,0.000,626.228,626.228,
Contact STARLINK-30345 - STARLINK-4522,13804.862,14928.402,1123.539,
Contact STARLINK-30345 - STARLINK-4522,28156.801,29214.703,1057.902,
Contact STARLINK-30345 - STARLINK-4522,42504.386,43506.316,1001.930,
Contact STARLINK-30345 - STARLINK-4522,53990.706,57780.660,3789.954,
Contact STARLINK-30345 - STARLINK-4522,68360.603,72059.761,3699.158,
Contact STARLINK-30345 - STARLINK-4522,82727.089,83472.161,745.072,
Contact STARLINK-30345 - MoonARTEMIS1,962.397,9793.498,8831.101,
Contact STARLINK-30345 - MoonARTEMIS1,11634.667,21371.458,9736.790,
Contact STARLINK-30345 - MoonARTEMIS1,23170.119,27153.775,3983.656,
Contact STARLINK-30345 - MoonARTEMIS1,28934.970,38711.769,9776.799,
Contact STARLINK-30345 - MoonARTEMIS1,40461.818,50263.661,9801.844,
Contact STARLINK-30345 - MoonARTEMIS1,51986.147,56037.839,4051.692,
Contact STARLINK-30345 - MoonARTEMIS1,57747.592,67583.206,9835.614,
Contact STARLINK-30345 - MoonARTEMIS1,69269.198,79125.093,9855.895,
Contact STARLINK-30345 - MoonARTEMIS1,80789.053,84894.976,4105.923,
Contact STARLINK-30345 - MoonARTEMIS2,67.180,9727.508,9660.327,
Contact STARLINK-30345 - MoonARTEMIS2,11585.126,21282.082,9696.955,
Contact STARLINK-30345 - MoonARTEMIS2,23111.253,27066.204,3954.951,
Contact STARLINK-30345 - MoonARTEMIS2,28880.675,38666.808,9786.133,
Contact STARLINK-30345 - MoonARTEMIS2,40429.985,50218.724,9788.739,
Contact STARLINK-30345 - MoonARTEMIS2,51945.201,55993.034,4047.833,
Contact STARLINK-30345 - MoonARTEMIS2,57703.177,67543.074,9839.897,
Contact STARLINK-30345 - MoonARTEMIS2,69221.798,79095.756,9873.959,
Contact STARLINK-30345 - MoonARTEMIS2,80744.768,84873.076,4128.308,
Contact STARLINK-30345 - MoonIOAGEO,93.587,3668.192,3574.605,
Contact STARLINK-30345 - MoonIOAGEO,11627.446,21340.363,9712.917,
Contact STARLINK-30345 - MoonIOAGEO,23145.378,27098.348,3952.969,
Contact STARLINK-30345 - MoonIOAGEO,28895.616,38623.201,9727.585,
Contact STARLINK-30345 - MoonIOAGEO,40406.989,47929.465,7522.476,
Contact STARLINK-30345 - MoonIOAGEO,51971.057,56004.135,4033.079,
Contact STARLINK-30345 - MoonIOAGEO,57722.905,67558.582,9835.677,
Contact STARLINK-30345 - MoonIOAGEO,69243.781,79078.421,9834.640,
Contact STARLINK-30345 - MoonIOAGEO,80753.619,84856.813,4103.194,
Contact STARLINK-30345 - MoonIOAGNO,91.226,9781.246,9690.019,
Contact STARLINK-30345 - MoonIOAGNO,11622.291,21298.953,9676.661,
Contact STARLINK-30345 - MoonIOAGNO,23104.908,27078.956,3974.048,
Contact STARLINK-30345 - MoonIOAGNO,28863.511,38650.649,9787.138,
Contact STARLINK-30345 - MoonIOAGNO,40401.097,50219.116,9818.019,
Contact STARLINK-30345 - MoonIOAGNO,51957.058,55973.398,4016.340,
Contact STARLINK-30345 - MoonIOAGNO,57695.015,67525.480,9830.465,
Contact STARLINK-30345 - MoonIOAGNO,69197.740,79105.371,9907.632,
Contact STARLINK-30345 - MoonIOAGNO,80741.995,84895.674,4153.679,
Contact STARLINK-30345 - MoonIOAGNO 0001,72.831,9760.473,9687.642,
Contact STARLINK-30345 - MoonIOAGNO 0001,11589.658,21328.598,9738.940,
Contact STARLINK-30345 - MoonIOAGNO 0001,23130.166,27110.771,3980.605,
Contact STARLINK-30345 - MoonIOAGNO 0001,28906.325,38628.346,9722.021,
Contact STARLINK-30345 - MoonIOAGNO 0001,40392.200,50190.850,9798.650,
Contact STARLINK-30345 - MoonIOAGNO 0001,51908.660,55979.324,4070.664,
Contact STARLINK-30345 - MoonIOAGNO 0001,57679.073,67556.595,9877.521,
Contact STARLINK-30345 - MoonIOAGNO 0001,69239.084,79088.757,9849.674,
Contact STARLINK-30345 - MoonIOAGNO 0001,80748.419,84866.950,4118.531,
Contact STARLINK-30345 - MoonIOAGSO,106.849,8027.974,7921.125,
Contact STARLINK-30345 - MoonIOAGSO,11616.667,21318.912,9702.245,
Contact STARLINK-30345 - MoonIOAGSO,23156.489,27085.232,3928.743,
Contact STARLINK-30345 - MoonIOAGSO,28916.482,38625.634,9709.153,
Contact STARLINK-30345 - MoonIOAGSO,40428.193,50191.931,9763.738,
Contact STARLINK-30345 - MoonIOAGSO,51937.338,55993.492,4056.154,
Contact STARLINK-30345 - MoonIOAGSO,57718.636,67528.740,9810.103,
Contact STARLINK-30345 - MoonIOAGSO,69258.555,79070.758,9812.202,
Contact STARLINK-30345 - MoonIOAGSO,80779.917,84850.153,4070.236,
Contact STARLINK-30345 - MoonIOAGSO 0001,118.543,9760.555,9642.012,
Contact STARLINK-30345 - MoonIOAGSO 0001,11634.325,21302.056,9667.731,
Contact STARLINK-30345 - MoonIOAGSO 0001,23140.225,27082.258,3942.033,
Contact STARLINK-30345 - MoonIOAGSO 0001,31041.909,38653.069,7611.160,
Contact STARLINK-30345 - MoonIOAGSO 0001,40437.265,50186.763,9749.498,
Contact STARLINK-30345 - MoonIOAGSO 0001,51963.289,55957.534,3994.245,
Contact STARLINK-30345 - MoonIOAGSO 0001,57721.284,67516.390,9795.107,
Contact STARLINK-30345 - MoonIOAGSO 0001,69233.240,79113.744,9880.504,
Contact STARLINK-30345 - MoonIOAGSO 0001,80786.001,84879.229,4093.228,
Contact STARLINK-30345 - MoonLRO,224.764,9773.019,9548.255,
Contact STARLINK-30345 - MoonLRO,13917.425,15545.864,1628.439,
Contact STARLINK-30345 - MoonLRO,34652.700,38307.911,3655.211,
Contact STARLINK-30345 - MoonLRO,41213.189,44425.864,3212.675,
Contact STARLINK-30345 - MoonLRO,63472.527,65637.941,2165.414,
Contact STARLINK-30345 - MoonLRO,69232.428,79101.130,9868.702,
Contact STARLINK-30345 - MoonLRO,82202.076,84883.708,2681.632,
Contact STARLINK-30345 - MarsSat1,0.000,6334.779,6334.779,
Contact STARLINK-30345 - MarsSat1,8428.333,17831.583,9403.250,
Contact STARLINK-30345 - MarsSat1,19923.232,23580.020,3656.788,
Contact STARLINK-30345 - MarsSat1,25670.706,35076.980,9406.274,
Contact STARLINK-30345 - MarsSat1,37165.717,46574.071,9408.353,
Contact STARLINK-30345 - MarsSat1,48660.821,52322.664,3661.844,
Contact STARLINK-30345 - MarsSat1,54408.404,63819.936,9411.532,
Contact STARLINK-30345 - MarsSat1,65903.621,75317.293,9413.672,
Contact STARLINK-30345 - MarsSat1,77398.883,81065.994,3667.111,
Contact STARLINK-30345 - MarsSat1,83146.527,86400.000,3253.473,
Contact STARLINK-30345 - MarsSat2,0.000,6334.853,6334.853,
Contact STARLINK-30345 - MarsSat2,8428.433,17831.724,9403.291,
Contact STARLINK-30345 - MarsSat2,19923.381,23580.190,3656.809,
Contact STARLINK-30345 - MarsSat2,25670.873,35077.186,9406.313,
Contact STARLINK-30345 - MarsSat2,37165.893,46574.267,9408.374,
Contact STARLINK-30345 - MarsSat2,48660.965,52322.839,3661.874,
Contact STARLINK-30345 - MarsSat2,54408.522,63820.050,9411.528,
Contact STARLINK-30345 - MarsSat2,65903.678,75317.347,9413.670,
Contact STARLINK-30345 - MarsSat2,77398.892,81066.029,3667.137,
Contact STARLINK-30345 - MarsSat2,83146.523,86400.000,3253.477,
Contact STARLINK-30345 - MarsSat3,0.000,6334.818,6334.818,
Contact STARLINK-30345 - MarsSat3,8428.394,17831.672,9403.277,
Contact STARLINK-30345 - MarsSat3,19923.318,23580.123,3656.805,
Contact STARLINK-30345 - MarsSat3,25670.792,35077.079,9406.286,
Contact STARLINK-30345 - MarsSat3,37165.775,46574.115,9408.340,
Contact STARLINK-30345 - MarsSat3,48660.815,52322.668,3661.854,
Contact STARLINK-30345 - MarsSat3,54408.364,63819.869,9411.505,
Contact STARLINK-30345 - MarsSat3,65903.549,75317.230,9413.682,
Contact STARLINK-30345 - MarsSat3,77398.855,81065.957,3667.103,
Contact STARLINK-30345 - MarsSat3,83146.528,86400.000,3253.472,
Contact STARLINK-30345 - MarsSat4,0.000,6334.753,6334.753,
Contact STARLINK-30345 - MarsSat4,8428.306,17831.562,9403.256,
Contact STARLINK-30345 - MarsSat4,19923.239,23580.062,3656.824,
Contact STARLINK-30345 - MarsSat4,25670.775,35077.072,9406.297,
Contact STARLINK-30345 - MarsSat4,37165.779,46574.099,9408.320,
Contact STARLINK-30345 - MarsSat4,48660.821,52322.679,3661.858,
Contact STARLINK-30345 - MarsSat4,54408.421,63819.963,9411.541,
Contact STARLINK-30345 - MarsSat4,65903.620,75317.231,9413.611,
Contact STARLINK-30345 - MarsSat4,77398.804,81065.901,3667.097,
Contact STARLINK-30345 - MarsSat4,83146.449,86400.000,3253.551,
Contact STARLINK-31116 - STARLINK-31971,3426.625,3778.873,352.249,
Contact STARLINK-31116 - STARLINK-31430,60617.365,61363.862,746.498,
Contact STARLINK-31116 - STARLINK-31430,71759.300,72723.559,964.259,
Contact STARLINK-31116 - STARLINK-31430,85728.081,86400.000,671.919,
Contact STARLINK-31116 - STARLINK-5969,25723.394,86400.000,60676.606,
Contact STARLINK-31116 - STARLINK-5155,0.000,70049.900,70049.900,
Contact STARLINK-31116 - STARLINK-31138,0.000,196.690,196.690,
Contact STARLINK-31116 - STARLINK-31138,10397.826,11497.176,1099.350,
Contact STARLINK-31116 - STARLINK-31138,24520.608,25617.302,1096.693,
Contact STARLINK-31116 - STARLINK-31138,35815.151,39746.700,3931.548,
Contact STARLINK-31116 - STARLINK-31138,49928.748,51045.829,1117.081,
Contact STARLINK-31116 - STARLINK-31138,64053.217,65164.249,1111.032,
Contact STARLINK-31116 - STARLINK-31138,75349.130,82111.463,6762.333,
Contact STARLINK-31116 - STARLINK-2736,10223.902,10923.743,699.841,
Contact STARLINK-31116 - STARLINK-2736,21511.595,22313.466,801.871,
Contact STARLINK-31116 - STARLINK-2736,35641.294,36530.433,889.139,
Contact STARLINK-31116 - STARLINK-2736,49773.263,50744.841,971.578,
Contact STARLINK-31116 - STARLINK-2736,61091.848,64936.795,3844.948,
Contact STARLINK-31116 - STARLINK-2736,75255.173,76286.114,1030.941,
Contact STARLINK-31116 - STARLINK-5960,0.000,61421.968,61421.968,
Contact STARLINK-31116 - STARLINK-31673,3172.124,3923.050,750.926,
Contact STARLINK-31116 - STARLINK-31673,17291.315,18106.361,815.046,
Contact STARLINK-31116 - STARLINK-31673,28587.069,29452.950,865.881,
Contact STARLINK-31116 - STARLINK-31673,42707.323,43635.998,928.675,
Contact STARLINK-31116 - STARLINK-31673,56842.637,57803.277,960.639,
Contact STARLINK-31116 - STARLINK-31673,68150.802,69137.491,986.689,
Contact STARLINK-31116 - STARLINK-31673,82286.008,83305.578,1019.570,
Contact STARLINK-31116 - STARLINK-5061,69964.346,86400.000,16435.654,
Contact STARLINK-31116 - STARLINK-2127,0.000,42585.638,42585.638,
Contact STARLINK-31116 - STARLINK-2127,49803.252,50650.773,847.521,
Contact STARLINK-31116 - STARLINK-30756,3922.317,82180.762,78258.445,
Contact STARLINK-31116 - STARLINK-1580,0.000,338.853,338.853,
Contact STARLINK-31116 - STARLINK-1580,10752.940,14502.392,3749.452,
Contact STARLINK-31116 - STARLINK-1580,24993.696,25823.360,829.664,
Contact STARLINK-31116 - STARLINK-1580,39247.111,39960.408,713.297,
Contact STARLINK-31116 - STARLINK-1580,53537.693,54060.193,522.500,
Contact STARLINK-31116 - STARLINK-31812,0.000,22.672,22.672,
Contact STARLINK-31116 - STARLINK-31812,10656.636,11233.150,576.514,
Contact STARLINK-31116 - STARLINK-31812,24782.795,25229.182,446.386,
Contact STARLINK-31116 - STARLINK-1323,7142.070,11043.849,3901.779,
Contact STARLINK-31116 - STARLINK-1323,21254.393,28160.783,6906.389,
Contact STARLINK-31116 - STARLINK-1323,35417.776,36692.046,1274.271,
Contact STARLINK-31116 - STARLINK-1323,43922.535,50900.873,6978.337,
Contact STARLINK-31116 - STARLINK-1323,60984.320,65058.936,4074.617,
Contact STARLINK-31116 - STARLINK-1323,75250.288,76364.742,1114.454,
Contact STARLINK-31116 - STARLINK-3969,10399.635,11022.118,622.483,
Contact STARLINK-31116 - STARLINK-3969,24532.097,25294.797,762.700,
Contact STARLINK-31116 - STARLINK-3969,35851.432,36699.149,847.716,
Contact STARLINK-31116 - STARLINK-3969,50014.741,50940.060,925.319,
Contact STARLINK-31116 - STARLINK-3969,64203.759,65155.534,951.775,
Contact STARLINK-31116 - STARLINK-3969,75564.774,79359.968,3795.193,
Contact STARLINK-31116 - STARLINK-4201,0.000,76180.605,76180.605,
Contact STARLINK-31116 - STARLINK-31060,265.794,10717.135,10451.341,
Contact STARLINK-31116 - STARLINK-31060,17496.576,18791.367,1294.791,
Contact STARLINK-31116 - STARLINK-5972,6497.259,7205.438,708.178,
Contact STARLINK-31116 - STARLINK-5972,17802.387,18703.388,901.001,
Contact STARLINK-31116 - STARLINK-5972,31986.082,33023.004,1036.923,
Contact STARLINK-31116 - STARLINK-5972,46229.988,47280.508,1050.520,
Contact STARLINK-31116 - STARLINK-5972,60511.267,61502.120,990.854,
Contact STARLINK-31116 - STARLINK-5972,71973.053,75666.658,3693.605,
Contact STARLINK-31116 - STARLINK-5972,86356.682,86400.000,43.318,
Contact STARLINK-31116 - STARLINK-2047,80003.099,86400.000,6396.901,
Contact STARLINK-31116 - STARLINK-32210,0.000,86400.000,86400.000,
Contact STARLINK-31116 - STARLINK-1463,79102.135,79781.645,679.510,
Contact STARLINK-31116 - STARLINK-5565,86090.402,86400.000,309.598,
Contact STARLINK-31116 - STARLINK-31530,39590.303,40104.550,514.248,
Contact STARLINK-31116 - STARLINK-31530,53597.036,54220.119,623.083,
Contact STARLINK-31116 - STARLINK-31530,78828.088,79609.844,781.756,
Contact STARLINK-31116 - STARLINK-5093,17791.680,18651.029,859.349,
Contact STARLINK-31116 - STARLINK-5093,31963.886,32991.076,1027.190,
Contact STARLINK-31116 - STARLINK-5093,46205.175,47259.665,1054.489,
Contact STARLINK-31116 - STARLINK-5093,60483.511,61492.279,1008.768,
Contact STARLINK-31116 - STARLINK-5093,71946.711,75661.326,3714.615,
Contact STARLINK-31116 - STARLINK-5093,86336.924,86400.000,63.076,
Contact STARLINK-31116 - STARLINK-5591,6745.224,13723.324,6978.101,
Contact STARLINK-31116 - STARLINK-5591,20927.133,22315.957,1388.824,
Contact STARLINK-31116 - STARLINK-5591,29500.772,36523.390,7022.618,
Contact STARLINK-31116 - STARLINK-5591,43865.598,50635.681,6770.083,
Contact STARLINK-31116 - STARLINK-5829,6674.059,7749.454,1075.395,
Contact STARLINK-31116 - STARLINK-5829,20956.523,21975.704,1019.181,
Contact STARLINK-31116 - STARLINK-5829,35302.038,36138.181,836.143,
Contact STARLINK-31116 - STARLINK-3325,25110.991,25502.297,391.306,
Contact STARLINK-31116 - STARLINK-3325,39221.666,39801.809,580.143,
Contact STARLINK-31116 - STARLINK-3325,53364.079,54070.303,706.224,
Contact STARLINK-31116 - STARLINK-3325,64691.032,65471.588,780.556,
Contact STARLINK-31116 - STARLINK-3325,78863.991,79708.491,844.499,
Contact STARLINK-31116 - STARLINK-5850,0.000,69108.937,69108.937,
Contact STARLINK-31116 - STARLINK-30754,86303.419,86400.000,96.581,
Contact STARLINK-31116 - STARLINK-5453,20960.499,21928.626,968.127,
Contact STARLINK-31116 - STARLINK-5453,29251.521,39435.886,10184.364,
Contact STARLINK-31116 - STARLINK-5453,40339.954,86400.000,46060.046,
Contact STARLINK-31116 - STARLINK-31082,21130.447,28213.963,7083.516,
Contact STARLINK-31116 - STARLINK-31082,29501.326,42656.286,13154.960,
Contact STARLINK-31116 - STARLINK-31082,43501.893,56974.009,13472.115,
Contact STARLINK-31116 - STARLINK-31082,57664.873,68279.344,10614.471,
Contact STARLINK-31116 - STARLINK-31082,69128.878,82277.543,13148.665,
Contact STARLINK-31116 - STARLINK-4569,10035.900,11144.171,1108.271,
Contact STARLINK-31116 - STARLINK-4569,18461.341,28482.874,10021.533,
Contact STARLINK-31116 - STARLINK-4569,32560.558,42792.317,10231.760,
Contact STARLINK-31116 - STARLINK-4569,49667.178,56964.205,7297.027,
Contact STARLINK-31116 - STARLINK-4569,58311.709,65400.080,7088.371,
Contact STARLINK-31116 - STARLINK-4569,78677.386,79319.150,641.764,
Contact STARLINK-31116 - STARLINK-4328,6702.770,7452.654,749.884,
Contact STARLINK-31116 - STARLINK-4328,20884.351,21766.485,882.133,
Contact STARLINK-31116 - STARLINK-4328,32255.274,36039.453,3784.179,
Contact STARLINK-31116 - STARLINK-4328,46500.882,47440.815,939.933,
Contact STARLINK-31116 - STARLINK-4328,60766.923,61669.982,903.058,
Contact STARLINK-31116 - STARLINK-4328,75080.395,75851.978,771.584,
Contact STARLINK-31116 - STARLINK-2214,0.000,574.956,574.956,
Contact STARLINK-31116 - STARLINK-2214,13998.821,14723.343,724.522,
Contact STARLINK-31116 - STARLINK-2214,28266.982,28855.409,588.427,
Contact STARLINK-31116 - STARLINK-11136 [DTC],57169.885,57803.051,633.166,
Contact STARLINK-31116 - STARLINK-11136 [DTC],68244.319,69014.343,770.024,
Contact STARLINK-31116 - STARLINK-11136 [DTC],82143.705,82971.083,827.378,
Contact STARLINK-31116 - STARLINK-5628,3505.793,4335.155,829.363,
Contact STARLINK-31116 - STARLINK-5628,17929.438,18401.329,471.891,
Contact STARLINK-31116 - STARLINK-5231,51751.621,86400.000,34648.379,
Contact STARLINK-31116 - STARLINK-11092 [DTC],0.000,115.116,115.116,
Contact STARLINK-31116 - STARLINK-11092 [DTC],10228.172,11357.299,1129.127,
Contact STARLINK-31116 - STARLINK-11092 [DTC],21362.081,28038.381,6676.300,
Contact STARLINK-31116 - STARLINK-11092 [DTC],35426.353,36286.855,860.501,
Contact STARLINK-31116 - STARLINK-11072 [DTC],35622.378,78328.308,42705.930,
Contact STARLINK-31116 - STARLINK-5503,56824.967,57752.264,927.297,
Contact STARLINK-31116 - STARLINK-5503,68024.039,75102.926,7078.888,
Contact STARLINK-31116 - STARLINK-5503,82135.646,86400.000,4264.354,
Contact STARLINK-31116 - STARLINK-6319,0.000,373.199,373.199,
Contact STARLINK-31116 - STARLINK-6319,10778.665,11609.285,830.620,
Contact STARLINK-31116 - MoonARTEMIS1,2591.203,6691.304,4100.101,
Contact STARLINK-31116 - MoonARTEMIS1,8281.718,23799.656,15517.937,
Contact STARLINK-31116 - MoonARTEMIS1,25341.895,35170.712,9828.817,
Contact STARLINK-31116 - MoonARTEMIS1,36700.617,46529.014,9828.397,
Contact STARLINK-31116 - MoonARTEMIS1,48053.937,63549.874,15495.937,
Contact STARLINK-31116 - MoonARTEMIS1,65076.091,74888.901,9812.811,
Contact STARLINK-31116 - MoonARTEMIS1,76419.462,86223.324,9803.862,
Contact STARLINK-31116 - MoonARTEMIS2,0.000,6630.665,6630.665,
Contact STARLINK-31116 - MoonARTEMIS2,8214.611,23694.982,15480.371,
Contact STARLINK-31116 - MoonARTEMIS2,25243.951,33016.611,7772.660,
Contact STARLINK-31116 - MoonARTEMIS2,36648.008,46492.205,9844.198,
Contact STARLINK-31116 - MoonARTEMIS2,47996.243,63527.940,15531.698,
Contact STARLINK-31116 - MoonARTEMIS2,65012.800,74880.011,9867.211,
Contact STARLINK-31116 - MoonARTEMIS2,76363.088,86228.201,9865.113,
Contact STARLINK-31116 - MoonIOAGEO,0.000,3892.543,3892.543,
Contact STARLINK-31116 - MoonIOAGEO,8275.499,23753.416,15477.917,
Contact STARLINK-31116 - MoonIOAGEO,25290.973,35075.456,9784.483,
Contact STARLINK-31116 - MoonIOAGEO,36607.941,46454.067,9846.127,
Contact STARLINK-31116 - MoonIOAGEO,53677.596,63537.961,9860.365,
Contact STARLINK-31116 - MoonIOAGEO,65047.022,74857.701,9810.679,
Contact STARLINK-31116 - MoonIOAGEO,76367.191,86198.494,9831.303,
Contact STARLINK-31116 - MoonIOAGNO,0.000,6703.935,6703.935,
Contact STARLINK-31116 - MoonIOAGNO,8283.524,23729.847,15446.322,
Contact STARLINK-31116 - MoonIOAGNO,25235.177,35121.827,9886.650,
Contact STARLINK-31116 - MoonIOAGNO,36599.794,46492.983,9893.189,
Contact STARLINK-31116 - MoonIOAGNO,47992.999,63509.492,15516.493,
Contact STARLINK-31116 - MoonIOAGNO,64976.588,74890.551,9913.963,
Contact STARLINK-31116 - MoonIOAGNO,76349.287,86247.530,9898.244,
Contact STARLINK-31116 - MoonIOAGNO 0001,0.000,6682.797,6682.797,
Contact STARLINK-31116 - MoonIOAGNO 0001,8224.842,23761.024,15536.182,
Contact STARLINK-31116 - MoonIOAGNO 0001,25285.300,35088.309,9803.010,
Contact STARLINK-31116 - MoonIOAGNO 0001,36608.155,46471.485,9863.330,
Contact STARLINK-31116 - MoonIOAGNO 0001,47936.410,63538.567,15602.156,
Contact STARLINK-31116 - MoonIOAGNO 0001,65015.437,74867.222,9851.785,
Contact STARLINK-31116 - MoonIOAGNO 0001,76388.326,86227.585,9839.258,
Contact STARLINK-31116 - MoonIOAGSO,0.000,6669.779,6669.779,
Contact STARLINK-31116 - MoonIOAGSO,9381.517,23707.660,14326.144,
Contact STARLINK-31116 - MoonIOAGSO,25302.197,35053.971,9751.774,
Contact STARLINK-31116 - MoonIOAGSO,36637.238,46434.488,9797.250,
Contact STARLINK-31116 - MoonIOAGSO,47973.218,63489.747,15516.530,
Contact STARLINK-31116 - MoonIOAGSO,65039.245,74816.956,9777.711,
Contact STARLINK-31116 - MoonIOAGSO,76384.823,86175.999,9791.176,
Contact STARLINK-31116 - MoonIOAGSO 0001,0.000,6650.255,6650.255,
Contact STARLINK-31116 - MoonIOAGSO 0001,8286.593,23701.009,15414.415,
Contact STARLINK-31116 - MoonIOAGSO 0001,25276.373,35113.371,9836.998,
Contact STARLINK-31116 - MoonIOAGSO 0001,36645.835,46433.012,9787.177,
Contact STARLINK-31116 - MoonIOAGSO 0001,48000.255,63463.085,15462.831,
Contact STARLINK-31116 - MoonIOAGSO 0001,65011.407,74878.062,9866.655,
Contact STARLINK-31116 - MoonIOAGSO 0001,76390.123,86194.841,9804.718,
Contact STARLINK-31116 - MoonLRO,2601.590,4168.418,1566.828,
Contact STARLINK-31116 - MoonLRO,8263.417,17810.260,9546.843,
Contact STARLINK-31116 - MoonLRO,20736.746,23731.422,2994.676,
Contact STARLINK-31116 - MoonLRO,27578.421,29419.430,1841.009,
Contact STARLINK-31116 - MoonLRO,42303.089,45143.991,2840.902,
Contact STARLINK-31116 - MoonLRO,48036.295,51951.309,3915.014,
Contact STARLINK-31116 - MoonLRO,54888.618,57825.648,2937.030,
Contact STARLINK-31116 - MoonLRO,70705.975,72469.416,1763.442,
Contact STARLINK-31116 - MoonLRO,76382.677,86096.702,9714.025,
Contact STARLINK-31116 - MarsSat1,0.000,3023.382,3023.382,
Contact STARLINK-31116 - MarsSat1,5021.924,14323.295,9301.371,
Contact STARLINK-31116 - MarsSat1,16318.456,19973.285,3654.829,
Contact STARLINK-31116 - MarsSat1,21966.762,31273.355,9306.593,
Contact STARLINK-31116 - MarsSat1,33263.469,42573.568,9310.099,
Contact STARLINK-31116 - MarsSat1,44560.316,53873.932,9313.616,
Contact STARLINK-31116 - MarsSat1,55857.299,59524.165,3666.867,
Contact STARLINK-31116 - MarsSat1,61505.834,70824.710,9318.876,
Contact STARLINK-31116 - MarsSat1,72802.977,82125.328,9322.351,
Contact STARLINK-31116 - MarsSat1,84100.199,86400.000,2299.801,
Contact STARLINK-31116 - MarsSat2,0.000,3023.429,3023.429,
Contact STARLINK-31116 - MarsSat2,5022.026,14323.424,9301.398,
Contact STARLINK-31116 - MarsSat2,16318.613,19973.457,3654.844,
Contact STARLINK-31116 - MarsSat2,21966.941,31273.596,9306.655,
Contact STARLINK-31116 - MarsSat2,33263.667,42573.830,9310.163,
Contact STARLINK-31116 - MarsSat2,44560.491,53874.159,9313.668,
Contact STARLINK-31116 - MarsSat2,55857.416,59524.359,3666.943,
Contact STARLINK-31116 - MarsSat2,61505.917,70824.829,9318.912,
Contact STARLINK-31116 - MarsSat2,72802.998,82125.391,9322.393,
Contact STARLINK-31116 - MarsSat2,84100.187,86400.000,2299.813,
Contact STARLINK-31116 - MarsSat3,0.000,3023.393,3023.393,
Contact STARLINK-31116 - MarsSat3,5021.986,14323.378,9301.393,
Contact STARLINK-31116 - MarsSat3,16318.549,19973.398,3654.849,
Contact STARLINK-31116 - MarsSat3,21966.859,31273.497,9306.637,
Contact STARLINK-31116 - MarsSat3,33263.544,42573.676,9310.132,
Contact STARLINK-31116 - MarsSat3,44560.329,53873.948,9313.619,
Contact STARLINK-31116 - MarsSat3,55857.237,59524.128,3666.891,
Contact STARLINK-31116 - MarsSat3,61505.752,70824.616,9318.864,
Contact STARLINK-31116 - MarsSat3,72802.921,82125.269,9322.349,
Contact STARLINK-31116 - MarsSat3,84100.211,86400.000,2299.789,
Contact STARLINK-31116 - MarsSat4,0.000,3023.356,3023.356,
Contact STARLINK-31116 - MarsSat4,5021.901,14323.254,9301.353,
Contact STARLINK-31116 - MarsSat4,16318.433,19973.272,3654.839,
Contact STARLINK-31116 - MarsSat4,21966.802,31273.470,9306.668,
Contact STARLINK-31116 - MarsSat4,33263.556,42573.650,9310.094,
Contact STARLINK-31116 - MarsSat4,44560.330,53873.962,9313.632,
Contact STARLINK-31116 - MarsSat4,55857.326,59524.218,3666.892,
Contact STARLINK-31116 - MarsSat4,61505.860,70824.694,9318.834,
Contact STARLINK-31116 - MarsSat4,72802.913,82125.212,9322.299,
Contact STARLINK-31116 - MarsSat4,84100.119,86400.000,2299.881,
Contact STARLINK-1107 - STARLINK-1351,3064.037,4050.290,986.253,
Contact STARLINK-1107 - STARLINK-1351,17268.338,18096.284,827.946,
Contact STARLINK-1107 - STARLINK-1351,28734.129,29232.545,498.416,
Contact STARLINK-1107 - STARLINK-32134,3549.593,4360.517,810.923,
Contact STARLINK-1107 - STARLINK-32134,17518.150,18323.972,805.823,
Contact STARLINK-1107 - STARLINK-32134,28695.577,29491.944,796.368,
Contact STARLINK-1107 - STARLINK-32134,42670.486,43448.473,777.987,
Contact STARLINK-1107 - STARLINK-32134,53850.159,54613.693,763.534,
Contact STARLINK-1107 - STARLINK-32134,67824.626,68570.067,745.441,
Contact STARLINK-1107 - STARLINK-32134,79006.826,79732.280,725.454,
Contact STARLINK-1107 - STARLINK-31430,21214.824,86400.000,65185.176,
Contact STARLINK-1107 - STARLINK-5969,77542.634,86400.000,8857.366,
Contact STARLINK-1107 - STARLINK-31085,28171.300,28885.070,713.770,
Contact STARLINK-1107 - STARLINK-31085,39366.192,40294.795,928.603,
Contact STARLINK-1107 - STARLINK-31085,53461.651,54453.196,991.545,
Contact STARLINK-1107 - STARLINK-31085,67654.174,68514.193,860.019,
Contact STARLINK-1107 - STARLINK-31085,79105.029,79668.070,563.041,
Contact STARLINK-1107 - STARLINK-2635,0.000,181.026,181.026,
Contact STARLINK-1107 - STARLINK-2635,13607.321,14698.032,1090.712,
Contact STARLINK-1107 - STARLINK-2635,24782.366,31755.871,6973.504,
Contact STARLINK-1107 - STARLINK-2635,38906.727,40193.678,1286.951,
Contact STARLINK-1107 - STARLINK-2635,50347.058,54082.394,3735.336,
Contact STARLINK-1107 - STARLINK-5155,61038.095,67703.503,6665.408,
Contact STARLINK-1107 - STARLINK-5155,74994.038,76234.806,1240.768,
Contact STARLINK-1107 - STARLINK-5155,83434.131,86400.000,2965.869,
Contact STARLINK-1107 - STARLINK-3295,21141.237,21617.680,476.442,
Contact STARLINK-1107 - STARLINK-3295,32191.987,33143.295,951.308,
Contact STARLINK-1107 - STARLINK-3295,46187.869,47361.941,1174.072,
Contact STARLINK-1107 - STARLINK-3295,54640.685,61457.025,6816.340,
Contact STARLINK-1107 - STARLINK-3295,71706.591,72629.228,922.637,
Contact STARLINK-1107 - STARLINK-30610,0.000,21317.026,21317.026,
Contact STARLINK-1107 - STARLINK-30610,21711.861,29350.140,7638.278,
Contact STARLINK-1107 - STARLINK-3050,6643.135,7318.488,675.352,
Contact STARLINK-1107 - STARLINK-3050,17932.426,18709.725,777.299,
Contact STARLINK-1107 - STARLINK-3050,32092.282,32899.723,807.441,
Contact STARLINK-1107 - STARLINK-3050,46313.450,47027.852,714.403,
Contact STARLINK-1107 - STARLINK-5960,57812.533,86400.000,28587.467,
Contact STARLINK-1107 - STARLINK-4170,0.000,125.739,125.739,
Contact STARLINK-1107 - STARLINK-2127,50151.608,50794.121,642.513,
Contact STARLINK-1107 - STARLINK-2127,64118.526,65065.595,947.069,
Contact STARLINK-1107 - STARLINK-2127,75371.921,79228.947,3857.026,
Contact STARLINK-1107 - STARLINK-30756,75242.920,76144.967,902.047,
Contact STARLINK-1107 - STARLINK-1580,79084.157,79684.736,600.579,
Contact STARLINK-1107 - STARLINK-31931,0.000,3501.919,3501.919,
Contact STARLINK-1107 - STARLINK-31931,3873.415,28535.872,24662.456,
Contact STARLINK-1107 - STARLINK-31931,29174.618,42393.267,13218.649,
Contact STARLINK-1107 - STARLINK-31931,43251.625,53485.610,10233.985,
Contact STARLINK-1107 - STARLINK-31931,54521.723,64570.585,10048.862,
Contact STARLINK-1107 - STARLINK-31931,71441.499,78427.837,6986.338,
Contact STARLINK-1107 - STARLINK-31931,79919.355,86400.000,6480.645,
Contact STARLINK-1107 - STARLINK-2658,9984.921,10804.915,819.994,
Contact STARLINK-1107 - STARLINK-2658,21065.648,22318.639,1252.990,
Contact STARLINK-1107 - STARLINK-2658,29476.867,36495.013,7018.146,
Contact STARLINK-1107 - STARLINK-2658,46512.716,50478.330,3965.614,
Contact STARLINK-1107 - STARLINK-2658,61004.470,61445.146,440.675,
Contact STARLINK-1107 - STARLINK-3601,0.000,20726.976,20726.976,
Contact STARLINK-1107 - STARLINK-3601,22087.302,26101.310,4014.008,
Contact STARLINK-1107 - STARLINK-3603,0.000,6890.670,6890.670,
Contact STARLINK-1107 - STARLINK-3603,13896.860,14981.892,1085.032,
Contact STARLINK-1107 - STARLINK-4201,75184.997,76127.691,942.695,
Contact STARLINK-1107 - STARLINK-5972,21595.104,22027.969,432.866,
Contact STARLINK-1107 - STARLINK-5972,35732.648,36214.064,481.416,
Contact STARLINK-1107 - STARLINK-5972,49852.628,50415.270,562.642,
Contact STARLINK-1107 - STARLINK-5972,61154.426,61770.661,616.235,
Contact STARLINK-1107 - STARLINK-5972,75291.445,75955.518,664.073,
Contact STARLINK-1107 - STARLINK-30145,0.000,3309.937,3309.937,
Contact STARLINK-1107 - STARLINK-32210,86057.806,86400.000,342.194,
Contact STARLINK-1107 - STARLINK-30549,21357.925,21834.191,476.266,
Contact STARLINK-1107 - STARLINK-6241,3276.128,3734.368,458.240,
Contact STARLINK-1107 - STARLINK-6241,17226.831,18067.349,840.517,
Contact STARLINK-1107 - STARLINK-6241,28484.687,29434.726,950.039,
Contact STARLINK-1107 - STARLINK-6241,42649.732,43550.650,900.918,
Contact STARLINK-1107 - STARLINK-5565,6690.317,7417.106,726.789,
Contact STARLINK-1107 - STARLINK-5565,32358.631,32736.640,378.010,
Contact STARLINK-1107 - STARLINK-1227,3593.219,3719.555,126.336,
Contact STARLINK-1107 - STARLINK-5093,21568.613,21995.745,427.132,
Contact STARLINK-1107 - STARLINK-5093,35710.723,36184.797,474.074,
Contact STARLINK-1107 - STARLINK-5093,61137.601,61752.572,614.971,
Contact STARLINK-1107 - STARLINK-5093,75278.753,75941.169,662.416,
Contact STARLINK-1107 - STARLINK-2556,6886.065,7549.456,663.391,
Contact STARLINK-1107 - STARLINK-5591,50301.964,50724.701,422.737,
Contact STARLINK-1107 - STARLINK-5591,64350.752,65023.713,672.961,
Contact STARLINK-1107 - STARLINK-5591,78461.010,79258.012,797.002,
Contact STARLINK-1107 - STARLINK-1073,0.000,6782.084,6782.084,
Contact STARLINK-1107 - STARLINK-1073,13971.743,15072.130,1100.387,
Contact STARLINK-1107 - STARLINK-32088,0.000,6810.208,6810.208,
Contact STARLINK-1107 - STARLINK-32088,13753.663,15187.075,1433.412,
Contact STARLINK-1107 - STARLINK-32088,22122.771,31947.663,9824.891,
Contact STARLINK-1107 - STARLINK-32088,38883.137,40331.407,1448.270,
Contact STARLINK-1107 - STARLINK-32088,47274.656,57076.394,9801.738,
Contact STARLINK-1107 - STARLINK-32088,64050.397,65437.250,1386.853,
Contact STARLINK-1107 - STARLINK-32088,72434.277,82165.734,9731.457,
Contact STARLINK-1107 - STARLINK-5829,10607.345,11085.482,478.137,
Contact STARLINK-1107 - STARLINK-5829,24738.237,25283.671,545.434,
Contact STARLINK-1107 - STARLINK-5829,50168.857,50842.210,673.353,
Contact STARLINK-1107 - STARLINK-5829,64317.237,65021.096,703.858,
Contact STARLINK-1107 - STARLINK-5850,61150.704,64932.245,3781.541,
Contact STARLINK-1107 - STARLINK-5850,74991.618,82139.779,7148.161,
Contact STARLINK-1107 - STARLINK-5850,83431.513,86400.000,2968.487,
Contact STARLINK-1107 - STARLINK-31979,7078.383,7731.330,652.947,
Contact STARLINK-1107 - STARLINK-31979,21141.836,21695.027,553.191,
Contact STARLINK-1107 - STARLINK-31939,28719.791,29124.296,404.505,
Contact STARLINK-1107 - STARLINK-31939,53807.281,54342.365,535.084,
Contact STARLINK-1107 - STARLINK-31939,78911.149,79542.089,630.940,
Contact STARLINK-1107 - STARLINK-3832,0.000,36638.268,36638.268,
Contact STARLINK-1107 - STARLINK-4569,57032.615,64129.973,7097.358,
Contact STARLINK-1107 - STARLINK-4569,65427.940,72639.064,7211.124,
Contact STARLINK-1107 - STARLINK-4569,79699.996,86400.000,6700.004,
Contact STARLINK-1107 - STARLINK-1776,0.000,37257.123,37257.123,
Contact STARLINK-1107 - STARLINK-6199,17639.298,18506.630,867.332,
Contact STARLINK-1107 - STARLINK-6199,31734.508,32677.778,943.270,
Contact STARLINK-1107 - STARLINK-6199,43076.034,43948.653,872.618,
Contact STARLINK-1107 - STARLINK-6199,57348.743,57942.882,594.138,
Contact STARLINK-1107 - STARLINK-4328,53135.966,54109.838,973.872,
Contact STARLINK-1107 - STARLINK-4328,64031.615,71649.217,7617.602,
Contact STARLINK-1107 - STARLINK-4328,72366.658,85583.393,13216.734,
Contact STARLINK-1107 - STARLINK-2214,68117.975,68732.829,614.854,
Contact STARLINK-1107 - STARLINK-2214,82107.250,82963.480,856.230,
Contact STARLINK-1107 - STARLINK-3506,0.000,31969.966,31969.966,
Contact STARLINK-1107 - STARLINK-11136 [DTC],0.000,2899.743,2899.743,
Contact STARLINK-1107 - STARLINK-11136 [DTC],9997.897,11145.242,1147.346,
Contact STARLINK-1107 - STARLINK-11136 [DTC],21209.331,22083.278,873.947,
Contact STARLINK-1107 - STARLINK-31325,39312.472,40006.263,693.791,
Contact STARLINK-1107 - STARLINK-31325,53271.068,54113.992,842.924,
Contact STARLINK-1107 - STARLINK-31325,64458.503,65378.896,920.393,
Contact STARLINK-1107 - STARLINK-31325,78465.427,79436.732,971.305,
Contact STARLINK-1107 - STARLINK-5628,32222.280,39088.480,6866.200,
Contact STARLINK-1107 - STARLINK-5628,40216.767,64725.748,24508.981,
Contact STARLINK-1107 - STARLINK-5628,71597.855,72798.190,1200.335,
Contact STARLINK-1107 - STARLINK-11072 [DTC],14008.127,14519.181,511.054,
Contact STARLINK-1107 - STARLINK-5176,0.000,6618.909,6618.909,
Contact STARLINK-1107 - STARLINK-5176,7811.671,15106.910,7295.239,
Contact STARLINK-1107 - STARLINK-5176,21953.595,31809.012,9855.417,
Contact STARLINK-1107 - STARLINK-5176,39327.456,40006.132,678.676,
Contact STARLINK-1107 - STARLINK-2042,14349.257,14580.652,231.395,
Contact STARLINK-1107 - STARLINK-2042,28253.836,28912.823,658.987,
Contact STARLINK-1107 - STARLINK-2042,39472.854,40282.364,809.510,
Contact STARLINK-1107 - STARLINK-2042,53556.558,54433.572,877.014,
Contact STARLINK-1107 - STARLINK-2042,67694.808,68529.026,834.218,
Contact STARLINK-1107 - STARLINK-2042,79052.679,79758.788,706.109,
Contact STARLINK-1107 - STARLINK-6319,53589.151,54403.480,814.329,
Contact STARLINK-1107 - STARLINK-6319,67665.554,68604.059,938.505,
Contact STARLINK-1107 - STARLINK-6319,78996.123,79894.868,898.744,
Contact STARLINK-1107 - STARLINK-4522,6952.646,7816.791,864.145,
Contact STARLINK-1107 - STARLINK-4522,21111.251,21869.355,758.104,
Contact STARLINK-1107 - MoonARTEMIS1,5180.756,14202.309,9021.553,
Contact STARLINK-1107 - MoonARTEMIS1,16385.009,19796.709,3411.700,
Contact STARLINK-1107 - MoonARTEMIS1,21979.663,30979.601,8999.938,
Contact STARLINK-1107 - MoonARTEMIS1,33163.234,42157.832,8994.599,
Contact STARLINK-1107 - MoonARTEMIS1,44342.033,53332.986,8990.953,
Contact STARLINK-1107 - MoonARTEMIS1,55517.618,64505.827,8988.209,
Contact STARLINK-1107 - MoonARTEMIS1,66690.799,70091.532,3400.733,
Contact STARLINK-1107 - MoonARTEMIS1,72276.662,81261.762,8985.100,
Contact STARLINK-1107 - MoonARTEMIS1,83447.270,86400.000,2952.730,
Contact STARLINK-1107 - MoonARTEMIS2,0.000,2990.059,2990.059,
Contact STARLINK-1107 - MoonARTEMIS2,5163.790,14169.031,9005.242,
Contact STARLINK-1107 - MoonARTEMIS2,16346.089,19759.361,3413.272,
Contact STARLINK-1107 - MoonARTEMIS2,21938.276,30945.521,9007.245,
Contact STARLINK-1107 - MoonARTEMIS2,34879.006,42141.473,7262.467,
Contact STARLINK-1107 - MoonARTEMIS2,44326.517,53318.861,8992.344,
Contact STARLINK-1107 - MoonARTEMIS2,55504.928,64494.305,8989.377,
Contact STARLINK-1107 - MoonARTEMIS2,66681.554,70081.796,3400.242,
Contact STARLINK-1107 - MoonARTEMIS2,72269.578,81256.578,8987.000,
Contact STARLINK-1107 - MoonARTEMIS2,83445.262,86400.000,2954.738,
Contact STARLINK-1107 - MoonIOAGEO,0.000,3001.855,3001.855,
Contact STARLINK-1107 - MoonIOAGEO,10781.671,14196.810,3415.139,
Contact STARLINK-1107 - MoonIOAGEO,16377.270,19786.106,3408.836,
Contact STARLINK-1107 - MoonIOAGEO,21964.910,30948.146,8983.236,
Contact STARLINK-1107 - MoonIOAGEO,33126.812,42120.994,8994.183,
Contact STARLINK-1107 - MoonIOAGEO,44306.295,47717.376,3411.082,
Contact STARLINK-1107 - MoonIOAGEO,55504.454,64499.425,8994.971,
Contact STARLINK-1107 - MoonIOAGEO,66684.442,70080.967,3396.525,
Contact STARLINK-1107 - MoonIOAGEO,72264.814,81243.681,8978.867,
Contact STARLINK-1107 - MoonIOAGEO,83431.158,86400.000,2968.842,
Contact STARLINK-1107 - MoonIOAGNO,0.000,3018.090,3018.090,
Contact STARLINK-1107 - MoonIOAGNO,5192.421,14179.605,8987.184,
Contact STARLINK-1107 - MoonIOAGNO,16357.877,19772.718,3414.842,
Contact STARLINK-1107 - MoonIOAGNO,21952.158,30960.420,9008.263,
Contact STARLINK-1107 - MoonIOAGNO,33141.490,42142.907,9001.417,
Contact STARLINK-1107 - MoonIOAGNO,44325.701,53310.428,8984.726,
Contact STARLINK-1107 - MoonIOAGNO,55491.437,64487.013,8995.576,
Contact STARLINK-1107 - MoonIOAGNO,66674.107,70080.183,3406.077,
Contact STARLINK-1107 - MoonIOAGNO,72267.582,81264.109,8996.526,
Contact STARLINK-1107 - MoonIOAGNO,83451.925,86400.000,2948.075,
Contact STARLINK-1107 - MoonIOAGNO 0001,0.000,3009.232,3009.232,
Contact STARLINK-1107 - MoonIOAGNO 0001,5184.097,14195.982,9011.885,
Contact STARLINK-1107 - MoonIOAGNO 0001,16373.362,19786.750,3413.388,
Contact STARLINK-1107 - MoonIOAGNO 0001,21965.370,30955.559,8990.189,
Contact STARLINK-1107 - MoonIOAGNO 0001,33132.324,42130.180,8997.856,
Contact STARLINK-1107 - MoonIOAGNO 0001,44314.007,53316.779,9002.772,
Contact STARLINK-1107 - MoonIOAGNO 0001,55501.733,64498.547,8996.814,
Contact STARLINK-1107 - MoonIOAGNO 0001,66684.326,70085.643,3401.317,
Contact STARLINK-1107 - MoonIOAGNO 0001,72270.481,81251.067,8980.586,
Contact STARLINK-1107 - MoonIOAGNO 0001,83439.873,86400.000,2960.127,
Contact STARLINK-1107 - MoonIOAGSO,0.000,2992.888,2992.888,
Contact STARLINK-1107 - MoonIOAGSO,5172.815,14187.768,9014.953,
Contact STARLINK-1107 - MoonIOAGSO,16363.083,19765.999,3402.917,
Contact STARLINK-1107 - MoonIOAGSO,21943.938,30932.328,8988.390,
Contact STARLINK-1107 - MoonIOAGSO,33114.500,42112.470,8997.969,
Contact STARLINK-1107 - MoonIOAGSO,44298.543,51997.306,7698.764,
Contact STARLINK-1107 - MoonIOAGSO,55501.814,64478.783,8976.968,
Contact STARLINK-1107 - MoonIOAGSO,66663.174,70060.736,3397.563,
Contact STARLINK-1107 - MoonIOAGSO,72246.642,81234.195,8987.553,
Contact STARLINK-1107 - MoonIOAGSO,83422.992,86400.000,2977.008,
Contact STARLINK-1107 - MoonIOAGSO 0001,0.000,2990.000,2990.000,
Contact STARLINK-1107 - MoonIOAGSO 0001,5165.709,14163.042,8997.332,
Contact STARLINK-1107 - MoonIOAGSO 0001,16342.993,19754.902,3411.908,
Contact STARLINK-1107 - MoonIOAGSO 0001,21936.997,29950.377,8013.380,
Contact STARLINK-1107 - MoonIOAGSO 0001,33141.441,42122.581,8981.140,
Contact STARLINK-1107 - MoonIOAGSO 0001,44304.342,53289.227,8984.885,
Contact STARLINK-1107 - MoonIOAGSO 0001,55474.529,64469.582,8995.053,
Contact STARLINK-1107 - MoonIOAGSO 0001,66658.568,70067.098,3408.531,
Contact STARLINK-1107 - MoonIOAGSO 0001,72259.474,81255.426,8995.952,
Contact STARLINK-1107 - MoonIOAGSO 0001,83440.051,86400.000,2959.949,
Contact STARLINK-1107 - MoonLRO,7071.246,10996.816,3925.570,
Contact STARLINK-1107 - MoonLRO,27571.055,30950.764,3379.709,
Contact STARLINK-1107 - MoonLRO,34397.641,36542.070,2144.430,
Contact STARLINK-1107 - MoonLRO,49906.168,51957.321,2051.153,
Contact STARLINK-1107 - MoonLRO,55498.103,58777.659,3279.556,
Contact STARLINK-1107 - MoonLRO,75351.861,79285.655,3933.794,
Contact STARLINK-1107 - MarsSat1,1832.744,5314.238,3481.494,
Contact STARLINK-1107 - MarsSat1,7412.005,16470.396,9058.391,
Contact STARLINK-1107 - MarsSat1,18570.282,27626.275,9055.992,
Contact STARLINK-1107 - MarsSat1,29728.256,38781.901,9053.646,
Contact STARLINK-1107 - MarsSat1,40885.956,49937.299,9051.343,
Contact STARLINK-1107 - MarsSat1,52043.401,55514.914,3471.513,
Contact STARLINK-1107 - MarsSat1,63200.586,66669.970,3469.384,
Contact STARLINK-1107 - MarsSat1,68779.074,77824.774,9045.700,
Contact STARLINK-1107 - MarsSat1,79935.822,86400.000,6464.178,
Contact STARLINK-1107 - MarsSat2,1832.709,5314.189,3481.480,
Contact STARLINK-1107 - MarsSat2,7411.999,16470.409,9058.411,
Contact STARLINK-1107 - MarsSat2,18570.353,27626.365,9056.012,
Contact STARLINK-1107 - MarsSat2,29728.406,38782.055,9053.649,
Contact STARLINK-1107 - MarsSat2,40886.158,49937.481,9051.323,
Contact STARLINK-1107 - MarsSat2,52043.610,55515.094,3471.485,
Contact STARLINK-1107 - MarsSat2,63200.762,66670.125,3469.363,
Contact STARLINK-1107 - MarsSat2,68779.225,77824.892,9045.667,
Contact STARLINK-1107 - MarsSat2,79935.928,86400.000,6464.072,
Contact STARLINK-1107 - MarsSat3,1832.694,5314.188,3481.495,
Contact STARLINK-1107 - MarsSat3,7411.989,16470.419,9058.430,
Contact STARLINK-1107 - MarsSat3,18570.344,27626.371,9056.027,
Contact STARLINK-1107 - MarsSat3,29728.381,38782.038,9053.657,
Contact STARLINK-1107 - MarsSat3,40886.097,49937.414,9051.318,
Contact STARLINK-1107 - MarsSat3,52043.491,55514.993,3471.502,
Contact STARLINK-1107 - MarsSat3,63200.574,66669.946,3469.371,
Contact STARLINK-1107 - MarsSat3,68779.016,77824.688,9045.672,
Contact STARLINK-1107 - MarsSat3,79935.734,86400.000,6464.266,
Contact STARLINK-1107 - MarsSat4,1832.722,5314.225,3481.504,
Contact STARLINK-1107 - MarsSat4,7411.987,16470.365,9058.378,
Contact STARLINK-1107 - MarsSat4,18570.245,27626.295,9056.051,
Contact STARLINK-1107 - MarsSat4,29728.320,38781.996,9053.676,
Contact STARLINK-1107 - MarsSat4,40886.057,49937.348,9051.290,
Contact STARLINK-1107 - MarsSat4,52043.434,55514.940,3471.506,
Contact STARLINK-1107 - MarsSat4,63200.636,66670.018,3469.382,
Contact STARLINK-1107 - MarsSat4,68779.109,77824.762,9045.654,
Contact STARLINK-1107 - MarsSat4,79935.769,86400.000,6464.231,
Contact STARLINK-1351 - STARLINK-32134,0.000,50672.925,50672.925,
Contact STARLINK-1351 - STARLINK-3295,0.000,24.892,24.892,
Contact STARLINK-1351 - STARLINK-3295,10499.434,11471.352,971.917,
Contact STARLINK-1351 - STARLINK-3295,24808.379,25782.288,973.909,
Contact STARLINK-1351 - STARLINK-3295,39124.437,40086.165,961.728,
Contact STARLINK-1351 - STARLINK-3295,53434.242,54396.194,961.951,
Contact STARLINK-1351 - STARLINK-3295,67751.315,68699.058,947.743,
Contact STARLINK-1351 - STARLINK-3295,82061.979,83008.180,946.200,
Contact STARLINK-1351 - STARLINK-30610,0.000,4289.255,4289.255,
Contact STARLINK-1351 - STARLINK-30610,11430.243,18688.694,7258.450,
Contact STARLINK-1351 - STARLINK-30610,25742.224,33054.552,7312.328,
Contact STARLINK-1351 - STARLINK-30610,40039.916,47447.946,7408.031,
Contact STARLINK-1351 - STARLINK-30610,54355.801,64698.718,10342.917,
Contact STARLINK-1351 - STARLINK-30610,68659.476,79057.287,10397.810,
Contact STARLINK-1351 - STARLINK-30610,82979.327,86400.000,3420.673,
Contact STARLINK-1351 - STARLINK-3050,7050.778,11083.154,4032.375,
Contact STARLINK-1351 - STARLINK-3050,21484.315,25415.036,3930.721,
Contact STARLINK-1351 - STARLINK-3050,35914.474,39717.253,3802.779,
Contact STARLINK-1351 - STARLINK-3050,50374.211,54025.238,3651.027,
Contact STARLINK-1351 - STARLINK-32223,46711.915,50828.379,4116.465,
Contact STARLINK-1351 - STARLINK-32223,57734.218,68039.270,10305.052,
Contact STARLINK-1351 - STARLINK-32223,68955.450,81988.589,13033.138,
Contact STARLINK-1351 - STARLINK-32223,83333.083,86400.000,3066.917,
Contact STARLINK-1351 - STARLINK-31931,2904.433,3649.953,745.520,
Contact STARLINK-1351 - STARLINK-31931,14173.397,15049.500,876.103,
Contact STARLINK-1351 - STARLINK-31931,28306.104,29251.485,945.382,
Contact STARLINK-1351 - STARLINK-31931,42487.376,43405.280,917.904,
Contact STARLINK-1351 - STARLINK-31931,53868.134,54692.731,824.597,
Contact STARLINK-1351 - STARLINK-31931,68149.289,68747.768,598.479,
Contact STARLINK-1351 - STARLINK-2658,0.000,305.127,305.127,
Contact STARLINK-1351 - STARLINK-2658,13687.073,14631.525,944.452,
Contact STARLINK-1351 - STARLINK-2658,25146.333,28954.131,3807.797,
Contact STARLINK-1351 - STARLINK-2658,39472.247,43280.510,3808.263,
Contact STARLINK-1351 - STARLINK-2658,53794.483,57603.102,3808.619,
Contact STARLINK-1351 - STARLINK-2658,68120.396,69062.682,942.286,
Contact STARLINK-1351 - STARLINK-2658,82442.632,83389.035,946.403,
Contact STARLINK-1351 - STARLINK-3601,164.291,10380.430,10216.139,
Contact STARLINK-1351 - STARLINK-3601,17365.077,24672.482,7307.405,
Contact STARLINK-1351 - STARLINK-3601,31711.367,38938.108,7226.741,
Contact STARLINK-1351 - STARLINK-3601,40304.591,47516.080,7211.489,
Contact STARLINK-1351 - STARLINK-3601,54655.204,61777.438,7122.234,
Contact STARLINK-1351 - STARLINK-3601,68987.445,76062.015,7074.571,
Contact STARLINK-1351 - STARLINK-3601,83344.140,86400.000,3055.860,
Contact STARLINK-1351 - STARLINK-3603,158.564,10677.146,10518.582,
Contact STARLINK-1351 - STARLINK-3603,14485.335,24996.346,10511.011,
Contact STARLINK-1351 - STARLINK-3603,25941.405,39290.620,13349.215,
Contact STARLINK-1351 - STARLINK-3603,40254.642,53607.021,13352.378,
Contact STARLINK-1351 - STARLINK-3603,54585.606,67898.453,13312.847,
Contact STARLINK-1351 - STARLINK-3603,68901.456,82212.261,13310.806,
Contact STARLINK-1351 - STARLINK-3603,83235.258,86400.000,3164.742,
Contact STARLINK-1351 - STARLINK-31060,75530.484,76117.710,587.226,
Contact STARLINK-1351 - STARLINK-30145,3427.819,4148.314,720.495,
Contact STARLINK-1351 - STARLINK-30145,17756.883,18476.721,719.838,
Contact STARLINK-1351 - STARLINK-30145,32095.555,32795.692,700.137,
Contact STARLINK-1351 - STARLINK-30145,46424.668,47123.998,699.329,
Contact STARLINK-1351 - STARLINK-30145,60763.551,61442.723,679.172,
Contact STARLINK-1351 - STARLINK-30145,75092.717,75770.926,678.209,
Contact STARLINK-1351 - STARLINK-30549,53642.754,54161.980,519.226,
Contact STARLINK-1351 - STARLINK-30549,64751.777,68640.290,3888.513,
Contact STARLINK-1351 - STARLINK-30549,78789.251,85841.415,7052.164,
Contact STARLINK-1351 - STARLINK-6241,0.000,86400.000,86400.000,
Contact STARLINK-1351 - STARLINK-1227,0.000,86400.000,86400.000,
Contact STARLINK-1351 - STARLINK-1073,0.000,86400.000,86400.000,
Contact STARLINK-1351 - STARLINK-32088,0.000,10561.331,10561.331,
Contact STARLINK-1351 - STARLINK-32088,11078.598,18357.006,7278.408,
Contact STARLINK-1351 - STARLINK-31979,53210.829,54282.029,1071.200,
Contact STARLINK-1351 - STARLINK-31979,64385.751,71589.620,7203.869,
Contact STARLINK-1351 - STARLINK-31979,78455.502,85880.767,7425.265,
Contact STARLINK-1351 - STARLINK-31939,6662.464,13692.583,7030.119,
Contact STARLINK-1351 - STARLINK-31939,21190.647,21936.312,745.665,
Contact STARLINK-1351 - STARLINK-3832,2900.022,3886.597,986.575,
Contact STARLINK-1351 - STARLINK-3832,14353.935,18204.023,3850.088,
Contact STARLINK-1351 - STARLINK-3832,28668.215,32514.465,3846.250,
Contact STARLINK-1351 - STARLINK-3832,42989.282,46831.469,3842.187,
Contact STARLINK-1351 - STARLINK-3832,57303.991,58282.217,978.227,
Contact STARLINK-1351 - STARLINK-3832,71625.438,72592.093,966.655,
Contact STARLINK-1351 - STARLINK-3832,85940.575,86400.000,459.425,
Contact STARLINK-1351 - STARLINK-1776,2893.577,3852.985,959.408,
Contact STARLINK-1351 - STARLINK-1776,14325.377,18144.336,3818.959,
Contact STARLINK-1351 - STARLINK-1776,28614.254,32427.275,3813.021,
Contact STARLINK-1351 - STARLINK-1776,42911.430,43854.302,942.872,
Contact STARLINK-1351 - STARLINK-1776,57205.150,58138.844,933.694,
Contact STARLINK-1351 - STARLINK-1776,71506.970,72415.063,908.093,
Contact STARLINK-1351 - STARLINK-1776,85805.627,86400.000,594.373,
Contact STARLINK-1351 - STARLINK-6199,0.000,3012.315,3012.315,
Contact STARLINK-1351 - STARLINK-6199,3955.001,17342.839,13387.838,
Contact STARLINK-1351 - STARLINK-6199,18274.828,31689.462,13414.633,
Contact STARLINK-1351 - STARLINK-6199,32614.439,43159.469,10545.030,
Contact STARLINK-1351 - STARLINK-6199,46935.733,57487.795,10552.062,
Contact STARLINK-1351 - STARLINK-6199,61276.922,71832.269,10555.347,
Contact STARLINK-1351 - STARLINK-6199,72742.804,86158.914,13416.110,
Contact STARLINK-1351 - STARLINK-3506,3092.121,4220.592,1128.471,
Contact STARLINK-1351 - STARLINK-3506,17413.064,18512.906,1099.842,
Contact STARLINK-1351 - STARLINK-3506,31753.164,32784.140,1030.976,
Contact STARLINK-1351 - STARLINK-3506,46078.000,47072.554,994.554,
Contact STARLINK-1351 - STARLINK-3506,57546.783,61337.867,3791.084,
Contact STARLINK-1351 - STARLINK-3506,71895.680,75621.562,3725.882,
Contact STARLINK-1351 - STARLINK-3506,86227.534,86400.000,172.466,
Contact STARLINK-1351 - STARLINK-11136 [DTC],0.000,566.007,566.007,
Contact STARLINK-1351 - STARLINK-11136 [DTC],13865.541,14693.873,828.332,
Contact STARLINK-1351 - STARLINK-11136 [DTC],25112.030,25896.953,784.923,
Contact STARLINK-1351 - STARLINK-11136 [DTC],39313.063,39760.319,447.256,
Contact STARLINK-1351 - STARLINK-5628,25137.290,25662.192,524.902,
Contact STARLINK-1351 - STARLINK-5628,39457.210,40053.032,595.822,
Contact STARLINK-1351 - STARLINK-5628,53779.428,54440.777,661.349,
Contact STARLINK-1351 - STARLINK-5628,68107.725,68823.219,715.494,
Contact STARLINK-1351 - STARLINK-5628,82437.167,83203.780,766.613,
Contact STARLINK-1351 - STARLINK-11072 [DTC],0.000,2784.118,2784.118,
Contact STARLINK-1351 - STARLINK-5176,3195.381,10089.533,6894.152,
Contact STARLINK-1351 - STARLINK-5176,17545.997,18668.373,1122.376,
Contact STARLINK-1351 - STARLINK-5176,31945.136,32892.704,947.568,
Contact STARLINK-1351 - STARLINK-5176,46302.098,47167.521,865.423,
Contact STARLINK-1351 - STARLINK-5176,60728.970,61364.433,635.463,
Contact STARLINK-1351 - STARLINK-5176,75105.538,75619.301,513.763,
Contact STARLINK-1351 - MoonARTEMIS1,4393.728,13955.914,9562.186,
Contact STARLINK-1351 - MoonARTEMIS1,15866.985,19715.476,3848.491,
Contact STARLINK-1351 - MoonARTEMIS1,21601.535,31229.340,9627.805,
Contact STARLINK-1351 - MoonARTEMIS1,33068.394,42739.938,9671.544,
Contact STARLINK-1351 - MoonARTEMIS1,44533.116,60003.062,15469.946,
Contact STARLINK-1351 - MoonARTEMIS1,61726.840,71510.737,9783.897,
Contact STARLINK-1351 - MoonARTEMIS1,73186.985,86400.000,13213.015,
Contact STARLINK-1351 - MoonARTEMIS2,0.000,2399.696,2399.696,
Contact STARLINK-1351 - MoonARTEMIS2,4377.659,13897.486,9519.827,
Contact STARLINK-1351 - MoonARTEMIS2,15846.155,31170.678,15324.523,
Contact STARLINK-1351 - MoonARTEMIS2,34892.231,42700.078,7807.846,
Contact STARLINK-1351 - MoonARTEMIS2,44518.977,59951.774,15432.797,
Contact STARLINK-1351 - MoonARTEMIS2,61701.845,71458.876,9757.031,
Contact STARLINK-1351 - MoonARTEMIS2,73157.466,86400.000,13242.534,
Contact STARLINK-1351 - MoonIOAGEO,0.000,2430.159,2430.159,
Contact STARLINK-1351 - MoonIOAGEO,10129.247,13946.106,3816.860,
Contact STARLINK-1351 - MoonIOAGEO,15862.436,31174.708,15312.271,
Contact STARLINK-1351 - MoonIOAGEO,33056.834,42673.887,9617.054,
Contact STARLINK-1351 - MoonIOAGEO,44521.666,47809.808,3288.142,
Contact STARLINK-1351 - MoonIOAGEO,51987.685,59977.410,7989.725,
Contact STARLINK-1351 - MoonIOAGEO,61716.395,71474.266,9757.872,
Contact STARLINK-1351 - MoonIOAGEO,73176.819,86400.000,13223.181,
Contact STARLINK-1351 - MoonIOAGNO,0.000,2435.821,2435.821,
Contact STARLINK-1351 - MoonIOAGNO,4389.672,13922.307,9532.635,
Contact STARLINK-1351 - MoonIOAGNO,15850.869,31158.524,15307.655,
Contact STARLINK-1351 - MoonIOAGNO,33028.518,42683.510,9654.992,
Contact STARLINK-1351 - MoonIOAGNO,44506.683,59932.206,15425.524,
Contact STARLINK-1351 - MoonIOAGNO,61696.559,71442.517,9745.958,
Contact STARLINK-1351 - MoonIOAGNO,73141.327,86400.000,13258.673,
Contact STARLINK-1351 - MoonIOAGNO 0001,0.000,2409.891,2409.891,
Contact STARLINK-1351 - MoonIOAGNO 0001,4369.098,13914.051,9544.954,
Contact STARLINK-1351 - MoonIOAGNO 0001,15836.474,31193.475,15357.001,
Contact STARLINK-1351 - MoonIOAGNO 0001,33064.226,42660.136,9595.910,
Contact STARLINK-1351 - MoonIOAGNO 0001,44495.152,59940.968,15445.816,
Contact STARLINK-1351 - MoonIOAGNO 0001,61690.019,71486.487,9796.468,
Contact STARLINK-1351 - MoonIOAGNO 0001,73183.075,86400.000,13216.925,
Contact STARLINK-1351 - MoonIOAGSO,0.000,2433.628,2433.628,
Contact STARLINK-1351 - MoonIOAGSO,4400.644,13937.965,9537.321,
Contact STARLINK-1351 - MoonIOAGSO,15869.780,19692.391,3822.611,
Contact STARLINK-1351 - MoonIOAGSO,21614.983,31189.371,9574.389,
Contact STARLINK-1351 - MoonIOAGSO,33086.139,42683.884,9597.745,
Contact STARLINK-1351 - MoonIOAGSO,44536.934,59967.308,15430.374,
Contact STARLINK-1351 - MoonIOAGSO,61735.555,71477.548,9741.993,
Contact STARLINK-1351 - MoonIOAGSO,73214.117,86400.000,13185.883,
Contact STARLINK-1351 - MoonIOAGSO 0001,0.000,2446.469,2446.469,
Contact STARLINK-1351 - MoonIOAGSO 0001,4419.326,13936.966,9517.639,
Contact STARLINK-1351 - MoonIOAGSO 0001,15883.456,19681.298,3797.842,
Contact STARLINK-1351 - MoonIOAGSO 0001,21608.766,29950.714,8341.948,
Contact STARLINK-1351 - MoonIOAGSO 0001,33051.886,42699.620,9647.734,
Contact STARLINK-1351 - MoonIOAGSO 0001,44548.034,59951.137,15403.103,
Contact STARLINK-1351 - MoonIOAGSO 0001,61742.049,71462.310,9720.261,
Contact STARLINK-1351 - MoonIOAGSO 0001,73172.919,86400.000,13227.081,
Contact STARLINK-1351 - MoonLRO,7089.957,10969.654,3879.697,
Contact STARLINK-1351 - MoonLRO,21588.076,24663.707,3075.631,
Contact STARLINK-1351 - MoonLRO,27539.555,31187.236,3647.681,
Contact STARLINK-1351 - MoonLRO,34383.726,36937.527,2553.801,
Contact STARLINK-1351 - MoonLRO,50255.637,51964.171,1708.533,
Contact STARLINK-1351 - MoonLRO,55979.964,58811.000,2831.036,
Contact STARLINK-1351 - MoonLRO,61708.743,65631.425,3922.682,
Contact STARLINK-1351 - MoonLRO,75377.422,82996.554,7619.131,
Contact STARLINK-1351 - MarsSat1,1442.125,10782.178,9340.053,
Contact STARLINK-1351 - MarsSat1,12908.754,16515.797,3607.044,
Contact STARLINK-1351 - MarsSat1,18642.067,27983.091,9341.023,
Contact STARLINK-1351 - MarsSat1,30108.706,39450.470,9341.764,
Contact STARLINK-1351 - MarsSat1,41575.368,45184.193,3608.825,
Contact STARLINK-1351 - MarsSat1,47308.707,56651.700,9342.993,
Contact STARLINK-1351 - MarsSat1,58775.393,68119.271,9343.878,
Contact STARLINK-1351 - MarsSat1,70242.074,73853.075,3611.001,
Contact STARLINK-1351 - MarsSat1,75975.408,85320.713,9345.304,
Contact STARLINK-1351 - MarsSat2,1442.201,10782.284,9340.083,
Contact STARLINK-1351 - MarsSat2,12908.867,16515.921,3607.055,
Contact STARLINK-1351 - MarsSat2,18642.194,27983.236,9341.042,
Contact STARLINK-1351 - MarsSat2,30108.842,39450.607,9341.765,
Contact STARLINK-1351 - MarsSat2,41575.483,45184.315,3608.831,
Contact STARLINK-1351 - MarsSat2,47308.802,56651.774,9342.971,
Contact STARLINK-1351 - MarsSat2,58775.438,68119.294,9343.856,
Contact STARLINK-1351 - MarsSat2,70242.073,73853.078,3611.005,
Contact STARLINK-1351 - MarsSat2,75975.390,85320.694,9345.303,
Contact STARLINK-1351 - MarsSat3,1442.172,10782.244,9340.072,
Contact STARLINK-1351 - MarsSat3,12908.822,16515.870,3607.047,
Contact STARLINK-1351 - MarsSat3,18642.137,27983.155,9341.018,
Contact STARLINK-1351 - MarsSat3,30108.755,39450.494,9341.739,
Contact STARLINK-1351 - MarsSat3,41575.369,45184.189,3608.820,
Contact STARLINK-1351 - MarsSat3,47308.680,56651.643,9342.963,
Contact STARLINK-1351 - MarsSat3,58775.326,68119.213,9343.887,
Contact STARLINK-1351 - MarsSat3,70242.031,73853.042,3611.011,
Contact STARLINK-1351 - MarsSat3,75975.395,85320.734,9345.338,
Contact STARLINK-1351 - MarsSat4,1442.116,10782.152,9340.036,
Contact STARLINK-1351 - MarsSat4,12908.730,16515.782,3607.053,
Contact STARLINK-1351 - MarsSat4,18642.070,27983.162,9341.092,
Contact STARLINK-1351 - MarsSat4,30108.772,39450.502,9341.729,
Contact STARLINK-1351 - MarsSat4,41575.379,45184.195,3608.816,
Contact STARLINK-1351 - MarsSat4,47308.695,56651.722,9343.027,
Contact STARLINK-1351 - MarsSat4,58775.413,68119.250,9343.837,
Contact STARLINK-1351 - MarsSat4,70242.035,73853.018,3610.983,
Contact STARLINK-1351 - MarsSat4,75975.341,85320.667,9345.326,
Contact STARLINK-31971 - STARLINK-5969,0.000,46326.873,46326.873,
Contact STARLINK-31971 - STARLINK-5155,3085.496,4101.552,1016.055,
Contact STARLINK-31971 - STARLINK-5155,17513.674,18023.989,510.316,
Contact STARLINK-31971 - STARLINK-31138,6705.190,7712.353,1007.163,
Contact STARLINK-31971 - STARLINK-31138,17974.962,21814.561,3839.599,
Contact STARLINK-31971 - STARLINK-31138,32067.091,33094.046,1026.954,
Contact STARLINK-31971 - STARLINK-31138,46160.970,47190.633,1029.663,
Contact STARLINK-31971 - STARLINK-31138,57439.983,61281.291,3841.308,
Contact STARLINK-31971 - STARLINK-31138,71543.770,72551.600,1007.830,
Contact STARLINK-31971 - STARLINK-31138,85649.110,86400.000,750.890,
Contact STARLINK-31971 - STARLINK-30255,64073.207,71667.845,7594.638,
Contact STARLINK-31971 - STARLINK-30255,72259.666,86400.000,14140.334,
Contact STARLINK-31971 - STARLINK-2736,17909.216,18536.559,627.343,
Contact STARLINK-31971 - STARLINK-2736,31985.977,32754.714,768.737,
Contact STARLINK-31971 - STARLINK-2736,46082.775,46953.055,870.280,
Contact STARLINK-31971 - STARLINK-2736,57374.882,58296.714,921.832,
Contact STARLINK-31971 - STARLINK-2736,71507.286,72458.830,951.545,
Contact STARLINK-31971 - STARLINK-2736,85653.287,86400.000,746.713,
Contact STARLINK-31971 - STARLINK-5960,0.000,9917.512,9917.512,
Contact STARLINK-31971 - STARLINK-5960,14273.035,15132.803,859.768,
Contact STARLINK-31971 - STARLINK-4170,86286.617,86400.000,113.383,
Contact STARLINK-31971 - STARLINK-31673,0.000,60381.232,60381.232,
Contact STARLINK-31971 - STARLINK-31673,61514.565,68481.052,6966.486,
Contact STARLINK-31971 - STARLINK-5061,27965.014,28859.993,894.979,
Contact STARLINK-31971 - STARLINK-5061,39075.602,46228.393,7152.791,
Contact STARLINK-31971 - STARLINK-5061,47476.198,60517.984,13041.785,
Contact STARLINK-31971 - STARLINK-5061,61615.903,71816.602,10200.699,
Contact STARLINK-31971 - STARLINK-5061,75922.686,85791.303,9868.617,
Contact STARLINK-31971 - STARLINK-2127,3433.732,4301.549,867.817,
Contact STARLINK-31971 - STARLINK-2127,17796.036,18307.251,511.215,
Contact STARLINK-31971 - STARLINK-30756,2902.444,4224.732,1322.288,
Contact STARLINK-31971 - STARLINK-30756,11419.384,18406.112,6986.729,
Contact STARLINK-31971 - STARLINK-30756,28558.489,32494.999,3936.510,
Contact STARLINK-31971 - STARLINK-30756,42970.685,43671.433,700.748,
Contact STARLINK-31971 - STARLINK-1580,7055.535,10874.512,3818.977,
Contact STARLINK-31971 - STARLINK-1580,21253.520,22185.818,932.298,
Contact STARLINK-31971 - STARLINK-1580,35477.303,36299.727,822.425,
Contact STARLINK-31971 - STARLINK-31812,7020.631,7499.038,478.407,
Contact STARLINK-31971 - STARLINK-5952,49926.547,86400.000,36473.453,
Contact STARLINK-31971 - STARLINK-1323,3550.799,7219.942,3669.143,
Contact STARLINK-31971 - STARLINK-1323,17677.684,18592.127,914.443,
Contact STARLINK-31971 - STARLINK-1323,31831.918,32782.284,950.367,
Contact STARLINK-31971 - STARLINK-1323,43174.625,46946.028,3771.403,
Contact STARLINK-31971 - STARLINK-1323,57376.944,58257.529,880.585,
Contact STARLINK-31971 - STARLINK-1323,71609.117,72370.284,761.167,
Contact STARLINK-31971 - STARLINK-1323,85877.367,86400.000,522.633,
Contact STARLINK-31971 - STARLINK-3969,32198.048,32948.824,750.777,
Contact STARLINK-31971 - STARLINK-3969,46290.190,47209.206,919.016,
Contact STARLINK-31971 - STARLINK-3969,57594.477,61424.201,3829.724,
Contact STARLINK-31971 - STARLINK-3969,71759.483,75609.287,3849.804,
Contact STARLINK-31971 - STARLINK-3969,85953.780,86400.000,446.220,
Contact STARLINK-31971 - STARLINK-4201,3105.706,4211.048,1105.341,
Contact STARLINK-31971 - STARLINK-4201,17370.636,18299.833,929.198,
Contact STARLINK-31971 - STARLINK-31060,8035.733,68221.414,60185.681,
Contact STARLINK-31971 - STARLINK-5972,3116.250,3816.767,700.517,
Contact STARLINK-31971 - STARLINK-5972,17325.240,18059.354,734.114,
Contact STARLINK-31971 - STARLINK-5972,28697.313,29447.751,750.438,
Contact STARLINK-31971 - STARLINK-5972,42920.001,43674.830,754.829,
Contact STARLINK-31971 - STARLINK-5972,57152.508,57893.692,741.184,
Contact STARLINK-31971 - STARLINK-5972,71393.047,72103.245,710.197,
Contact STARLINK-31971 - STARLINK-5972,82790.491,83466.551,676.060,
Contact STARLINK-31971 - STARLINK-2047,39239.138,40182.139,943.000,
Contact STARLINK-31971 - STARLINK-2047,53304.034,54498.874,1194.840,
Contact STARLINK-31971 - STARLINK-2047,61787.111,68724.183,6937.072,
Contact STARLINK-31971 - STARLINK-2047,78831.572,85696.624,6865.052,
Contact STARLINK-31971 - STARLINK-32210,3138.542,3982.100,843.558,
Contact STARLINK-31971 - STARLINK-1463,58025.820,68269.296,10243.476,
Contact STARLINK-31971 - STARLINK-1463,69010.007,82793.505,13783.499,
Contact STARLINK-31971 - STARLINK-1463,83021.177,86400.000,3378.823,
Contact STARLINK-31971 - STARLINK-30486,39153.335,39646.290,492.954,
Contact STARLINK-31971 - STARLINK-30486,46913.003,86400.000,39486.997,
Contact STARLINK-31971 - STARLINK-5565,68151.347,68487.583,336.237,
Contact STARLINK-31971 - STARLINK-5565,82245.881,82847.069,601.189,
Contact STARLINK-31971 - STARLINK-31530,61155.344,61572.508,417.164,
Contact STARLINK-31971 - STARLINK-31530,75137.463,75661.661,524.198,
Contact STARLINK-31971 - STARLINK-31530,86333.512,86400.000,66.488,
Contact STARLINK-31971 - STARLINK-5093,3084.073,3778.221,694.148,
Contact STARLINK-31971 - STARLINK-5093,17296.643,18025.556,728.913,
Contact STARLINK-31971 - STARLINK-5093,28670.729,29418.870,748.141,
Contact STARLINK-31971 - STARLINK-5093,42894.787,43653.045,758.257,
Contact STARLINK-31971 - STARLINK-5093,57132.666,57875.374,742.708,
Contact STARLINK-31971 - STARLINK-5093,71375.748,72090.496,714.748,
Contact STARLINK-31971 - STARLINK-5093,82777.008,83456.792,679.784,
Contact STARLINK-31971 - STARLINK-5591,3364.930,4211.544,846.615,
Contact STARLINK-31971 - STARLINK-5591,17589.176,18462.175,872.999,
Contact STARLINK-31971 - STARLINK-5591,31851.832,32673.557,821.725,
Contact STARLINK-31971 - STARLINK-5591,46156.565,46844.348,687.783,
Contact STARLINK-31971 - STARLINK-5829,3449.185,4209.572,760.386,
Contact STARLINK-31971 - STARLINK-5829,17684.185,18431.696,747.511,
Contact STARLINK-31971 - STARLINK-5829,31925.918,32645.767,719.849,
Contact STARLINK-31971 - STARLINK-5829,46176.608,46852.455,675.847,
Contact STARLINK-31971 - STARLINK-5829,57581.229,58213.312,632.084,
Contact STARLINK-31971 - STARLINK-5829,71842.439,72408.568,566.129,
Contact STARLINK-31971 - STARLINK-5829,86103.171,86400.000,296.829,
Contact STARLINK-31971 - STARLINK-3325,35489.548,36260.587,771.039,
Contact STARLINK-31971 - STARLINK-3325,46664.363,50630.871,3966.508,
Contact STARLINK-31971 - STARLINK-3325,60727.787,67758.706,7030.919,
Contact STARLINK-31971 - STARLINK-3325,74857.894,76283.191,1425.297,
Contact STARLINK-31971 - STARLINK-3325,83385.525,86400.000,3014.475,
Contact STARLINK-31971 - STARLINK-5850,0.000,4331.423,4331.423,
Contact STARLINK-31971 - STARLINK-5850,11321.470,18332.380,7010.910,
Contact STARLINK-31971 - STARLINK-5850,28790.529,29375.320,584.790,
Contact STARLINK-31971 - STARLINK-2424,39147.216,86400.000,47252.784,
Contact STARLINK-31971 - STARLINK-30754,53484.852,54442.198,957.347,
Contact STARLINK-31971 - STARLINK-30754,61907.832,68786.413,6878.581,
Contact STARLINK-31971 - STARLINK-30754,78864.046,85861.887,6997.840,
Contact STARLINK-31971 - STARLINK-5453,3053.798,3931.120,877.322,
Contact STARLINK-31971 - STARLINK-5453,14342.098,18167.507,3825.409,
Contact STARLINK-31971 - STARLINK-5453,28490.767,29529.563,1038.796,
Contact STARLINK-31971 - STARLINK-5453,42673.794,43699.713,1025.919,
Contact STARLINK-31971 - STARLINK-5453,56899.885,57826.716,926.831,
Contact STARLINK-31971 - STARLINK-5453,68310.228,69099.527,789.299,
Contact STARLINK-31971 - STARLINK-5453,82627.742,83136.664,508.922,
Contact STARLINK-31971 - STARLINK-31082,3244.156,4106.570,862.414,
Contact STARLINK-31971 - STARLINK-31082,17346.842,18396.716,1049.874,
Contact STARLINK-31971 - STARLINK-31082,28675.270,32623.743,3948.473,
Contact STARLINK-31971 - STARLINK-31082,42891.019,43958.748,1067.729,
Contact STARLINK-31971 - STARLINK-31082,57175.293,58067.400,892.107,
Contact STARLINK-31971 - STARLINK-31082,71547.337,72090.248,542.910,
Contact STARLINK-31971 - STARLINK-4569,0.000,154.124,154.124,
Contact STARLINK-31971 - STARLINK-4569,10692.948,11292.555,599.607,
Contact STARLINK-31971 - STARLINK-4328,6565.440,7517.291,951.851,
Contact STARLINK-31971 - STARLINK-2214,10249.048,11164.178,915.130,
Contact STARLINK-31971 - STARLINK-2214,24515.381,25244.626,729.245,
Contact STARLINK-31971 - STARLINK-2214,35984.672,36453.763,469.092,
Contact STARLINK-31971 - STARLINK-5737,64313.110,86400.000,22086.890,
Contact STARLINK-31971 - STARLINK-5231,0.000,550.101,550.101,
Contact STARLINK-31971 - STARLINK-5231,7709.630,17925.139,10215.509,
Contact STARLINK-31971 - STARLINK-5231,21649.484,32257.748,10608.265,
Contact STARLINK-31971 - STARLINK-5231,32902.428,46345.596,13443.168,
Contact STARLINK-31971 - STARLINK-5231,47169.235,54737.690,7568.455,
Contact STARLINK-31971 - STARLINK-5231,61601.240,68605.556,7004.316,
Contact STARLINK-31971 - STARLINK-11092 [DTC],6759.197,7561.269,802.072,
Contact STARLINK-31971 - STARLINK-11092 [DTC],17859.837,18706.430,846.594,
Contact STARLINK-31971 - STARLINK-11092 [DTC],31782.822,32590.975,808.152,
Contact STARLINK-31971 - STARLINK-11092 [DTC],42961.623,43658.360,696.738,
Contact STARLINK-31971 - STARLINK-11072 [DTC],57108.941,57652.827,543.886,
Contact STARLINK-31971 - STARLINK-11072 [DTC],68073.883,68907.189,833.306,
Contact STARLINK-31971 - STARLINK-11072 [DTC],79121.737,82862.543,3740.806,
Contact STARLINK-31971 - STARLINK-5503,12612.363,74144.582,61532.219,
Contact STARLINK-31971 - STARLINK-6319,7038.416,7753.888,715.472,
Contact STARLINK-31971 - MoonARTEMIS1,2513.693,5984.848,3471.156,
Contact STARLINK-31971 - MoonARTEMIS1,8169.237,17289.348,9120.111,
Contact STARLINK-31971 - MoonARTEMIS1,19470.296,28578.480,9108.184,
Contact STARLINK-31971 - MoonARTEMIS1,30758.759,34220.649,3461.890,
Contact STARLINK-31971 - MoonARTEMIS1,36400.737,45501.903,9101.165,
Contact STARLINK-31971 - MoonARTEMIS1,47681.696,56780.101,9098.405,
Contact STARLINK-31971 - MoonARTEMIS1,58959.660,68055.977,9096.317,
Contact STARLINK-31971 - MoonARTEMIS1,70235.370,73693.193,3457.823,
Contact STARLINK-31971 - MoonARTEMIS1,75872.545,84966.462,9093.918,
Contact STARLINK-31971 - MoonARTEMIS2,0.000,5963.094,5963.094,
Contact STARLINK-31971 - MoonARTEMIS2,8139.054,17246.552,9107.498,
Contact STARLINK-31971 - MoonARTEMIS2,19424.626,28535.700,9111.074,
Contact STARLINK-31971 - MoonARTEMIS2,30717.870,32996.873,2279.003,
Contact STARLINK-31971 - MoonARTEMIS2,36376.884,45482.512,9105.628,
Contact STARLINK-31971 - MoonARTEMIS2,47663.762,56762.027,9098.265,
Contact STARLINK-31971 - MoonARTEMIS2,58943.903,68040.665,9096.762,
Contact STARLINK-31971 - MoonARTEMIS2,70223.220,73679.977,3456.757,
Contact STARLINK-31971 - MoonARTEMIS2,75862.821,84958.789,9095.968,
Contact STARLINK-31971 - MoonIOAGEO,0.000,3828.177,3828.177,
Contact STARLINK-31971 - MoonIOAGEO,8165.248,17280.085,9114.837,
Contact STARLINK-31971 - MoonIOAGEO,19457.913,28547.225,9089.313,
Contact STARLINK-31971 - MoonIOAGEO,30722.683,34178.939,3456.257,
Contact STARLINK-31971 - MoonIOAGEO,36356.582,45464.374,9107.792,
Contact STARLINK-31971 - MoonIOAGEO,53300.790,56766.319,3465.530,
Contact STARLINK-31971 - MoonIOAGEO,58949.640,68045.016,9095.376,
Contact STARLINK-31971 - MoonIOAGEO,70223.529,73675.595,3452.066,
Contact STARLINK-31971 - MoonIOAGEO,75854.166,84948.886,9094.721,
Contact STARLINK-31971 - MoonIOAGNO,0.000,5993.575,5993.575,
Contact STARLINK-31971 - MoonIOAGNO,8167.556,17259.522,9091.966,
Contact STARLINK-31971 - MoonIOAGNO,19437.518,28550.047,9112.529,
Contact STARLINK-31971 - MoonIOAGNO,30729.203,34195.320,3466.117,
Contact STARLINK-31971 - MoonIOAGNO,36374.968,45482.078,9107.110,
Contact STARLINK-31971 - MoonIOAGNO,47661.931,56748.756,9086.825,
Contact STARLINK-31971 - MoonIOAGNO,58929.054,68034.795,9105.741,
Contact STARLINK-31971 - MoonIOAGNO,70217.433,73680.074,3462.641,
Contact STARLINK-31971 - MoonIOAGNO,75862.887,84969.310,9106.423,
Contact STARLINK-31971 - MoonIOAGNO 0001,0.000,5985.510,5985.510,
Contact STARLINK-31971 - MoonIOAGNO 0001,8161.796,17275.525,9113.730,
Contact STARLINK-31971 - MoonIOAGNO 0001,19453.156,28556.585,9103.428,
Contact STARLINK-31971 - MoonIOAGNO 0001,30732.269,34184.617,3452.348,
Contact STARLINK-31971 - MoonIOAGNO 0001,36362.322,45469.393,9107.071,
Contact STARLINK-31971 - MoonIOAGNO 0001,47650.395,56759.929,9109.534,
Contact STARLINK-31971 - MoonIOAGNO 0001,58941.543,68046.530,9104.987,
Contact STARLINK-31971 - MoonIOAGNO 0001,70227.565,73683.535,3455.971,
Contact STARLINK-31971 - MoonIOAGNO 0001,75860.336,84956.093,9095.757,
Contact STARLINK-31971 - MoonIOAGSO,0.000,5976.335,5976.335,
Contact STARLINK-31971 - MoonIOAGSO,9399.402,17263.859,7864.456,
Contact STARLINK-31971 - MoonIOAGSO,19439.440,28531.388,9091.948,
Contact STARLINK-31971 - MoonIOAGSO,30710.177,34169.657,3459.480,
Contact STARLINK-31971 - MoonIOAGSO,36349.782,45456.990,9107.209,
Contact STARLINK-31971 - MoonIOAGSO,47640.783,56759.926,9119.142,
Contact STARLINK-31971 - MoonIOAGSO,58938.551,68025.491,9086.941,
Contact STARLINK-31971 - MoonIOAGSO,70205.531,73661.591,3456.060,
Contact STARLINK-31971 - MoonIOAGSO,75842.654,84943.070,9100.416,
Contact STARLINK-31971 - MoonIOAGSO 0001,0.000,5967.109,5967.109,
Contact STARLINK-31971 - MoonIOAGSO 0001,8143.723,17246.260,9102.538,
Contact STARLINK-31971 - MoonIOAGSO 0001,19425.847,28542.640,9116.793,
Contact STARLINK-31971 - MoonIOAGSO 0001,30982.873,34195.494,3212.622,
Contact STARLINK-31971 - MoonIOAGSO 0001,36372.926,45460.480,9087.554,
Contact STARLINK-31971 - MoonIOAGSO 0001,47639.533,56734.767,9095.234,
Contact STARLINK-31971 - MoonIOAGSO 0001,58916.264,68023.271,9107.007,
Contact STARLINK-31971 - MoonIOAGSO 0001,70208.732,73677.761,3469.029,
Contact STARLINK-31971 - MoonIOAGSO 0001,75866.394,84957.365,9090.971,
Contact STARLINK-31971 - MoonLRO,2518.366,4159.440,1641.073,
Contact STARLINK-31971 - MoonLRO,8162.055,17264.353,9102.298,
Contact STARLINK-31971 - MoonLRO,20736.600,22906.855,2170.255,
Contact STARLINK-31971 - MoonLRO,42013.024,45121.763,3108.739,
Contact STARLINK-31971 - MoonLRO,48057.426,51111.909,3054.482,
Contact STARLINK-31971 - MoonLRO,64576.800,65627.928,1051.128,
Contact STARLINK-31971 - MoonLRO,70220.522,72445.544,2225.022,
Contact STARLINK-31971 - MoonLRO,75863.263,84961.155,9097.893,
Contact STARLINK-31971 - MarsSat1,0.000,2653.265,2653.265,
Contact STARLINK-31971 - MarsSat1,4777.838,13909.942,9132.105,
Contact STARLINK-31971 - MarsSat1,16035.792,19538.262,3502.469,
Contact STARLINK-31971 - MarsSat1,27293.676,30794.878,3501.203,
Contact STARLINK-31971 - MarsSat1,32922.600,42051.492,9128.892,
Contact STARLINK-31971 - MarsSat1,44180.432,53308.119,9127.687,
Contact STARLINK-31971 - MarsSat1,55438.247,64564.757,9126.510,
Contact STARLINK-31971 - MarsSat1,66696.034,70193.073,3497.040,
Contact STARLINK-31971 - MarsSat1,72324.908,81449.684,9124.776,
Contact STARLINK-31971 - MarsSat1,83582.600,86400.000,2817.400,
Contact STARLINK-31971 - MarsSat2,0.000,2653.222,2653.222,
Contact STARLINK-31971 - MarsSat2,4777.822,13909.960,9132.138,
Contact STARLINK-31971 - MarsSat2,16035.848,19538.318,3502.470,
Contact STARLINK-31971 - MarsSat2,27293.810,30795.010,3501.200,
Contact STARLINK-31971 - MarsSat2,32922.768,42051.674,9128.906,
Contact STARLINK-31971 - MarsSat2,44180.636,53308.310,9127.674,
Contact STARLINK-31971 - MarsSat2,55438.443,64564.919,9126.476,
Contact STARLINK-31971 - MarsSat2,66696.188,70193.214,3497.026,
Contact STARLINK-31971 - MarsSat2,72325.037,81449.785,9124.747,
Contact STARLINK-31971 - MarsSat2,83582.690,86400.000,2817.310,
Contact STARLINK-31971 - MarsSat3,0.000,2653.213,2653.213,
Contact STARLINK-31971 - MarsSat3,4777.809,13909.960,9132.150,
Contact STARLINK-31971 - MarsSat3,16035.837,19538.317,3502.479,
Contact STARLINK-31971 - MarsSat3,27293.787,30794.996,3501.209,
Contact STARLINK-31971 - MarsSat3,32922.731,42051.626,9128.894,
Contact STARLINK-31971 - MarsSat3,44180.558,53308.203,9127.646,
Contact STARLINK-31971 - MarsSat3,55438.303,64564.741,9126.438,
Contact STARLINK-31971 - MarsSat3,66695.990,70193.014,3497.024,
Contact STARLINK-31971 - MarsSat3,72324.832,81449.599,9124.767,
Contact STARLINK-31971 - MarsSat3,83582.525,86400.000,2817.475,
Contact STARLINK-31971 - MarsSat4,0.000,2653.247,2653.247,
Contact STARLINK-31971 - MarsSat4,4777.819,13909.917,9132.098,
Contact STARLINK-31971 - MarsSat4,16035.759,19538.225,3502.467,
Contact STARLINK-31971 - MarsSat4,27293.717,30794.941,3501.224,
Contact STARLINK-31971 - MarsSat4,32922.688,42051.585,9128.897,
Contact STARLINK-31971 - MarsSat4,44180.515,53308.147,9127.632,
Contact STARLINK-31971 - MarsSat4,55438.277,64564.804,9126.527,
Contact STARLINK-31971 - MarsSat4,66696.074,70193.104,3497.030,
Contact STARLINK-31971 - MarsSat4,72324.918,81449.626,9124.709,
Contact STARLINK-31971 - MarsSat4,83582.519,86400.000,2817.481,
Contact STARLINK-32134 - STARLINK-31430,3486.560,3756.811,270.251,
Contact STARLINK-32134 - STARLINK-31430,28662.840,29007.472,344.632,
Contact STARLINK-32134 - STARLINK-31430,53851.010,54245.738,394.728,
Contact STARLINK-32134 - STARLINK-31430,79037.762,79485.793,448.031,
Contact STARLINK-32134 - STARLINK-31085,43189.364,86400.000,43210.636,
Contact STARLINK-32134 - STARLINK-2635,45963.770,47064.561,1100.791,
Contact STARLINK-32134 - STARLINK-2635,57100.012,64264.602,7164.589,
Contact STARLINK-32134 - STARLINK-2635,65527.579,72762.280,7234.701,
Contact STARLINK-32134 - STARLINK-2635,79688.213,86400.000,6711.787,
Contact STARLINK-32134 - STARLINK-3295,0.000,508.163,508.163,
Contact STARLINK-32134 - STARLINK-3295,7914.513,14696.685,6782.172,
Contact STARLINK-32134 - STARLINK-3295,24897.600,25987.767,1090.167,
Contact STARLINK-32134 - STARLINK-3295,39144.244,40023.969,879.725,
Contact STARLINK-32134 - STARLINK-30610,6561.690,7224.146,662.456,
Contact STARLINK-32134 - STARLINK-30610,17702.335,24482.840,6780.505,
Contact STARLINK-32134 - STARLINK-30610,31784.974,33017.088,1232.114,
Contact STARLINK-32134 - STARLINK-30610,40292.932,47146.088,6853.156,
Contact STARLINK-32134 - STARLINK-30610,57476.937,58340.230,863.294,
Contact STARLINK-32134 - STARLINK-3050,0.000,17372.479,17372.479,
Contact STARLINK-32134 - STARLINK-3050,18207.536,25483.129,7275.593,
Contact STARLINK-32134 - STARLINK-5960,82037.340,82804.408,767.069,
Contact STARLINK-32134 - STARLINK-1580,71726.584,78803.610,7077.026,
Contact STARLINK-32134 - STARLINK-1580,79832.494,86400.000,6567.506,
Contact STARLINK-32134 - STARLINK-31931,3378.458,4042.197,663.739,
Contact STARLINK-32134 - STARLINK-31931,17398.019,18034.669,636.650,
Contact STARLINK-32134 - STARLINK-31931,28611.989,29230.404,618.414,
Contact STARLINK-32134 - STARLINK-31931,42627.154,43227.470,600.317,
Contact STARLINK-32134 - STARLINK-31931,53842.129,54422.188,580.059,
Contact STARLINK-32134 - STARLINK-31931,67864.820,68411.499,546.679,
Contact STARLINK-32134 - STARLINK-31931,79081.257,79604.744,523.488,
Contact STARLINK-32134 - STARLINK-2658,0.000,3627.041,3627.041,
Contact STARLINK-32134 - STARLINK-2658,13966.904,14904.852,937.948,
Contact STARLINK-32134 - STARLINK-2658,28264.212,28919.970,655.758,
Contact STARLINK-32134 - STARLINK-3601,6660.982,7510.739,849.758,
Contact STARLINK-32134 - STARLINK-3601,17879.846,21751.936,3872.091,
Contact STARLINK-32134 - STARLINK-3601,31979.077,33093.493,1114.417,
Contact STARLINK-32134 - STARLINK-3601,46140.394,47210.098,1069.704,
Contact STARLINK-32134 - STARLINK-3601,57528.918,61237.692,3708.774,
Contact STARLINK-32134 - STARLINK-3601,71873.043,72381.017,507.974,
Contact STARLINK-32134 - STARLINK-3603,6691.466,7750.922,1059.456,
Contact STARLINK-32134 - STARLINK-3603,15149.405,21930.094,6780.689,
Contact STARLINK-32134 - STARLINK-3603,32141.517,36040.353,3898.836,
Contact STARLINK-32134 - STARLINK-3603,46388.967,47262.412,873.445,
Contact STARLINK-32134 - STARLINK-30145,6765.697,7340.507,574.810,
Contact STARLINK-32134 - STARLINK-6241,14062.383,67837.079,53774.697,
Contact STARLINK-32134 - STARLINK-5565,0.000,11015.418,11015.418,
Contact STARLINK-32134 - STARLINK-1227,0.000,2945.258,2945.258,
Contact STARLINK-32134 - STARLINK-1227,3988.276,14146.899,10158.623,
Contact STARLINK-32134 - STARLINK-1227,21248.344,25213.701,3965.356,
Contact STARLINK-32134 - STARLINK-2556,0.000,773.755,773.755,
Contact STARLINK-32134 - STARLINK-1073,6730.408,7830.985,1100.577,
Contact STARLINK-32134 - STARLINK-1073,15138.048,22110.985,6972.937,
Contact STARLINK-32134 - STARLINK-1073,29251.696,36253.388,7001.692,
Contact STARLINK-32134 - STARLINK-1073,46398.625,47452.941,1054.317,
Contact STARLINK-32134 - STARLINK-32088,6751.274,7334.591,583.317,
Contact STARLINK-32134 - STARLINK-32088,17947.390,18532.162,584.772,
Contact STARLINK-32134 - STARLINK-32088,31958.605,32511.109,552.503,
Contact STARLINK-32134 - STARLINK-32088,43154.579,43708.812,554.233,
Contact STARLINK-32134 - STARLINK-32088,57133.668,57723.669,590.002,
Contact STARLINK-32134 - STARLINK-32088,68329.711,68921.245,591.534,
Contact STARLINK-32134 - STARLINK-32088,82340.368,82900.773,560.405,
Contact STARLINK-32134 - STARLINK-31939,21554.086,21990.295,436.210,
Contact STARLINK-32134 - STARLINK-31939,35347.647,36212.717,865.070,
Contact STARLINK-32134 - STARLINK-31939,46466.591,47501.681,1035.090,
Contact STARLINK-32134 - STARLINK-31939,54850.083,61558.343,6708.260,
Contact STARLINK-32134 - STARLINK-31939,71541.223,78475.618,6934.395,
Contact STARLINK-32134 - STARLINK-31939,79859.465,86400.000,6540.535,
Contact STARLINK-32134 - STARLINK-3832,3364.290,4229.633,865.343,
Contact STARLINK-32134 - STARLINK-3832,17522.105,18368.860,846.755,
Contact STARLINK-32134 - STARLINK-3832,31718.700,32469.149,750.449,
Contact STARLINK-32134 - STARLINK-3832,43105.752,43720.188,614.436,
Contact STARLINK-32134 - STARLINK-3832,57402.660,57721.412,318.751,
Contact STARLINK-32134 - STARLINK-1776,3350.544,4202.135,851.592,
Contact STARLINK-32134 - STARLINK-1776,17499.045,18299.577,800.532,
Contact STARLINK-32134 - STARLINK-1776,43040.331,43601.246,560.915,
Contact STARLINK-32134 - STARLINK-6199,0.000,45872.744,45872.744,
Contact STARLINK-32134 - STARLINK-4328,0.000,268.948,268.948,
Contact STARLINK-32134 - STARLINK-4328,13848.758,14478.265,629.507,
Contact STARLINK-32134 - STARLINK-4328,25187.869,25842.102,654.232,
Contact STARLINK-32134 - STARLINK-4328,39365.684,40043.221,677.537,
Contact STARLINK-32134 - STARLINK-4328,53542.515,54244.488,701.973,
Contact STARLINK-32134 - STARLINK-4328,67726.198,68439.476,713.278,
Contact STARLINK-32134 - STARLINK-4328,79075.753,79792.537,716.784,
Contact STARLINK-32134 - STARLINK-2214,46733.910,50499.642,3765.732,
Contact STARLINK-32134 - STARLINK-2214,60532.352,67812.415,7280.063,
Contact STARLINK-32134 - STARLINK-2214,68889.210,79188.383,10299.173,
Contact STARLINK-32134 - STARLINK-2214,83003.476,86400.000,3396.524,
Contact STARLINK-32134 - STARLINK-3506,6507.608,7268.830,761.222,
Contact STARLINK-32134 - STARLINK-3506,17746.541,18652.073,905.532,
Contact STARLINK-32134 - STARLINK-3506,31848.996,32826.224,977.228,
Contact STARLINK-32134 - STARLINK-3506,43164.260,46958.470,3794.210,
Contact STARLINK-32134 - STARLINK-3506,57350.044,58223.680,873.636,
Contact STARLINK-32134 - STARLINK-3506,71607.483,72244.310,636.827,
Contact STARLINK-32134 - STARLINK-11136 [DTC],3131.716,3775.649,643.934,
Contact STARLINK-32134 - STARLINK-11136 [DTC],14167.438,14938.349,770.911,
Contact STARLINK-32134 - STARLINK-11136 [DTC],28003.754,28849.354,845.600,
Contact STARLINK-32134 - STARLINK-11136 [DTC],39096.395,39954.648,858.253,
Contact STARLINK-32134 - STARLINK-11136 [DTC],50212.172,51036.827,824.655,
Contact STARLINK-32134 - STARLINK-11136 [DTC],64137.204,64859.574,722.370,
Contact STARLINK-32134 - STARLINK-11136 [DTC],75315.227,75880.017,564.790,
Contact STARLINK-32134 - STARLINK-31325,82352.862,82991.016,638.154,
Contact STARLINK-32134 - STARLINK-5628,13893.805,14581.126,687.321,
Contact STARLINK-32134 - STARLINK-5628,25129.009,28894.976,3765.967,
Contact STARLINK-32134 - STARLINK-5628,39268.413,40274.221,1005.808,
Contact STARLINK-32134 - STARLINK-5628,53495.884,54416.446,920.562,
Contact STARLINK-32134 - STARLINK-5628,67839.093,68445.643,606.549,
Contact STARLINK-32134 - STARLINK-5176,17987.849,18706.819,718.970,
Contact STARLINK-32134 - STARLINK-5176,31928.236,33055.650,1127.415,
Contact STARLINK-32134 - STARLINK-5176,40344.286,47288.967,6944.681,
Contact STARLINK-32134 - STARLINK-5176,57310.875,61394.124,4083.249,
Contact STARLINK-32134 - STARLINK-5176,71582.884,72602.794,1019.910,
Contact STARLINK-32134 - STARLINK-5176,86010.879,86400.000,389.121,
Contact STARLINK-32134 - STARLINK-2042,43282.624,86400.000,43117.376,
Contact STARLINK-32134 - STARLINK-6319,52223.345,86400.000,34176.655,
Contact STARLINK-32134 - STARLINK-4522,0.000,497.705,497.705,
Contact STARLINK-32134 - MoonARTEMIS1,4889.355,13940.590,9051.235,
Contact STARLINK-32134 - MoonARTEMIS1,16102.260,19549.809,3447.549,
Contact STARLINK-32134 - MoonARTEMIS1,27309.448,30765.630,3456.182,
Contact STARLINK-32134 - MoonARTEMIS1,32912.041,41979.447,9067.406,
Contact STARLINK-32134 - MoonARTEMIS1,44115.869,53191.921,9076.051,
Contact STARLINK-32134 - MoonARTEMIS1,55318.247,64403.271,9085.023,
Contact STARLINK-32134 - MoonARTEMIS1,66519.368,70008.532,3489.164,
Contact STARLINK-32134 - MoonARTEMIS1,72119.465,81218.134,9098.669,
Contact STARLINK-32134 - MoonARTEMIS1,83318.645,86400.000,3081.355,
Contact STARLINK-32134 - MoonARTEMIS2,0.000,2701.642,2701.642,
Contact STARLINK-32134 - MoonARTEMIS2,4874.990,13913.460,9038.470,
Contact STARLINK-32134 - MoonARTEMIS2,16082.359,19520.847,3438.488,
Contact STARLINK-32134 - MoonARTEMIS2,27292.616,30741.844,3449.229,
Contact STARLINK-32134 - MoonARTEMIS2,34882.436,41961.964,7079.528,
Contact STARLINK-32134 - MoonARTEMIS2,44104.534,53168.272,9063.738,
Contact STARLINK-32134 - MoonARTEMIS2,55302.348,64375.981,9073.633,
Contact STARLINK-32134 - MoonARTEMIS2,66500.667,69980.537,3479.870,
Contact STARLINK-32134 - MoonARTEMIS2,77699.546,81191.184,3491.638,
Contact STARLINK-32134 - MoonARTEMIS2,83299.203,86400.000,3100.797,
Contact STARLINK-32134 - MoonIOAGEO,0.000,2720.010,2720.010,
Contact STARLINK-32134 - MoonIOAGEO,10494.876,13936.217,3441.341,
Contact STARLINK-32134 - MoonIOAGEO,16098.027,19541.134,3443.107,
Contact STARLINK-32134 - MoonIOAGEO,27299.566,30744.593,3445.027,
Contact STARLINK-32134 - MoonIOAGEO,32899.730,41954.528,9054.798,
Contact STARLINK-32134 - MoonIOAGEO,44103.712,47564.448,3460.736,
Contact STARLINK-32134 - MoonIOAGEO,55309.850,64391.046,9081.196,
Contact STARLINK-32134 - MoonIOAGEO,66511.670,69993.734,3482.065,
Contact STARLINK-32134 - MoonIOAGEO,77711.200,81200.909,3489.709,
Contact STARLINK-32134 - MoonIOAGEO,83312.086,86400.000,3087.914,
Contact STARLINK-32134 - MoonIOAGNO,0.000,2717.268,2717.268,
Contact STARLINK-32134 - MoonIOAGNO,4888.502,13926.798,9038.296,
Contact STARLINK-32134 - MoonIOAGNO,16086.702,19520.482,3433.779,
Contact STARLINK-32134 - MoonIOAGNO,27278.990,30727.135,3448.146,
Contact STARLINK-32134 - MoonIOAGNO,32881.344,41948.939,9067.594,
Contact STARLINK-32134 - MoonIOAGNO,44095.331,53178.489,9083.159,
Contact STARLINK-32134 - MoonIOAGNO,55310.730,64366.025,9055.295,
Contact STARLINK-32134 - MoonIOAGNO,66491.293,69970.151,3478.857,
Contact STARLINK-32134 - MoonIOAGNO,77691.811,81191.567,3499.756,
Contact STARLINK-32134 - MoonIOAGNO,83297.141,86400.000,3102.859,
Contact STARLINK-32134 - MoonIOAGNO 0001,0.000,2701.963,2701.963,
Contact STARLINK-32134 - MoonIOAGNO 0001,4870.581,13914.166,9043.585,
Contact STARLINK-32134 - MoonIOAGNO 0001,16078.622,19525.239,3446.617,
Contact STARLINK-32134 - MoonIOAGNO 0001,27298.675,30753.739,3455.064,
Contact STARLINK-32134 - MoonIOAGNO 0001,32905.958,41941.537,9035.579,
Contact STARLINK-32134 - MoonIOAGNO 0001,44086.794,53151.150,9064.357,
Contact STARLINK-32134 - MoonIOAGNO 0001,55287.634,64376.214,9088.580,
Contact STARLINK-32134 - MoonIOAGNO 0001,66501.667,69993.518,3491.851,
Contact STARLINK-32134 - MoonIOAGNO 0001,72113.672,81195.403,9081.731,
Contact STARLINK-32134 - MoonIOAGNO 0001,83299.877,86400.000,3100.123,
Contact STARLINK-32134 - MoonIOAGSO,0.000,2725.577,2725.577,
Contact STARLINK-32134 - MoonIOAGSO,4892.888,13934.082,9041.194,
Contact STARLINK-32134 - MoonIOAGSO,16102.452,19547.830,3445.378,
Contact STARLINK-32134 - MoonIOAGSO,27317.664,30762.301,3444.637,
Contact STARLINK-32134 - MoonIOAGSO,32919.486,41966.895,9047.408,
Contact STARLINK-32134 - MoonIOAGSO,44114.104,51948.125,7834.020,
Contact STARLINK-32134 - MoonIOAGSO,55305.684,64398.973,9093.289,
Contact STARLINK-32134 - MoonIOAGSO,66528.468,70008.001,3479.533,
Contact STARLINK-32134 - MoonIOAGSO,72132.234,81218.263,9086.029,
Contact STARLINK-32134 - MoonIOAGSO,83329.175,86400.000,3070.825,
Contact STARLINK-32134 - MoonIOAGSO 0001,0.000,2735.853,2735.853,
Contact STARLINK-32134 - MoonIOAGSO 0001,4907.694,13944.494,9036.801,
Contact STARLINK-32134 - MoonIOAGSO 0001,16110.003,19545.457,3435.453,
Contact STARLINK-32134 - MoonIOAGSO 0001,27300.817,29924.767,2623.949,
Contact STARLINK-32134 - MoonIOAGSO 0001,32897.643,41971.650,9074.007,
Contact STARLINK-32134 - MoonIOAGSO 0001,44121.347,53186.362,9065.015,
Contact STARLINK-32134 - MoonIOAGSO 0001,55326.880,64391.726,9064.846,
Contact STARLINK-32134 - MoonIOAGSO 0001,66519.336,69992.090,3472.754,
Contact STARLINK-32134 - MoonIOAGSO 0001,77712.150,81216.941,3504.790,
Contact STARLINK-32134 - MoonIOAGSO 0001,83326.060,86400.000,3073.940,
Contact STARLINK-32134 - MoonLRO,7082.467,10964.879,3882.411,
Contact STARLINK-32134 - MoonLRO,27539.398,30751.274,3211.876,
Contact STARLINK-32134 - MoonLRO,34385.950,36353.361,1967.411,
Contact STARLINK-32134 - MoonLRO,49705.668,51974.697,2269.029,
Contact STARLINK-32134 - MoonLRO,55303.692,58782.709,3479.016,
Contact STARLINK-32134 - MoonLRO,77714.786,79280.319,1565.533,
Contact STARLINK-32134 - MarsSat1,1949.570,5469.066,3519.497,
Contact STARLINK-32134 - MarsSat1,7552.093,16670.813,9118.720,
Contact STARLINK-32134 - MarsSat1,18757.070,27872.586,9115.516,
Contact STARLINK-32134 - MarsSat1,29961.973,39074.392,9112.419,
Contact STARLINK-32134 - MarsSat1,41166.819,50276.226,9109.408,
Contact STARLINK-32134 - MarsSat1,52371.607,55877.150,3505.543,
Contact STARLINK-32134 - MarsSat1,57973.975,67079.001,9105.026,
Contact STARLINK-32134 - MarsSat1,69178.646,78280.848,9102.202,
Contact STARLINK-32134 - MarsSat1,80383.219,86400.000,6016.781,
Contact STARLINK-32134 - MarsSat2,1949.647,5469.167,3519.520,
Contact STARLINK-32134 - MarsSat2,7552.194,16670.932,9118.738,
Contact STARLINK-32134 - MarsSat2,18757.212,27872.703,9115.491,
Contact STARLINK-32134 - MarsSat2,29962.134,39074.482,9112.348,
Contact STARLINK-32134 - MarsSat2,41166.964,50276.273,9109.308,
Contact STARLINK-32134 - MarsSat2,52371.707,55877.172,3505.465,
Contact STARLINK-32134 - MarsSat2,57974.047,67078.981,9104.935,
Contact STARLINK-32134 - MarsSat2,69178.665,78280.806,9102.141,
Contact STARLINK-32134 - MarsSat2,80383.204,86400.000,6016.796,
Contact STARLINK-32134 - MarsSat3,1949.614,5469.134,3519.520,
Contact STARLINK-32134 - MarsSat3,7552.156,16670.878,9118.722,
Contact STARLINK-32134 - MarsSat3,18757.151,27872.621,9115.470,
Contact STARLINK-32134 - MarsSat3,29962.040,39074.378,9112.338,
Contact STARLINK-32134 - MarsSat3,41166.839,50276.164,9109.325,
Contact STARLINK-32134 - MarsSat3,52371.565,55877.075,3505.510,
Contact STARLINK-32134 - MarsSat3,57973.911,67078.950,9105.039,
Contact STARLINK-32134 - MarsSat3,69178.590,78280.864,9102.274,
Contact STARLINK-32134 - MarsSat3,80383.220,86400.000,6016.780,
Contact STARLINK-32134 - MarsSat4,1949.556,5469.052,3519.495,
Contact STARLINK-32134 - MarsSat4,7552.068,16670.808,9118.740,
Contact STARLINK-32134 - MarsSat4,18757.069,27872.649,9115.580,
Contact STARLINK-32134 - MarsSat4,29962.051,39074.398,9112.347,
Contact STARLINK-32134 - MarsSat4,41166.844,50276.206,9109.362,
Contact STARLINK-32134 - MarsSat4,52371.608,55877.161,3505.553,
Contact STARLINK-32134 - MarsSat4,57974.000,67078.972,9104.972,
Contact STARLINK-32134 - MarsSat4,69178.616,78280.782,9102.167,
Contact STARLINK-32134 - MarsSat4,80383.142,86400.000,6016.858,
Contact STARLINK-31430 - STARLINK-5969,63363.731,86400.000,23036.269,
Contact STARLINK-31430 - STARLINK-31085,0.000,324.429,324.429,
Contact STARLINK-31430 - STARLINK-31085,10779.968,14591.629,3811.661,
Contact STARLINK-31430 - STARLINK-31085,24913.263,25955.556,1042.293,
Contact STARLINK-31430 - STARLINK-31085,39107.704,40101.919,994.214,
Contact STARLINK-31430 - STARLINK-31085,53384.405,54167.805,783.400,
Contact STARLINK-31430 - STARLINK-2635,0.000,3269.346,3269.346,
Contact STARLINK-31430 - STARLINK-2635,10272.609,17340.213,7067.604,
Contact STARLINK-31430 - STARLINK-2635,24609.473,25703.865,1094.392,
Contact STARLINK-31430 - STARLINK-5155,35421.369,36303.644,882.275,
Contact STARLINK-31430 - STARLINK-5155,46575.720,53509.209,6933.489,
Contact STARLINK-31430 - STARLINK-5155,60620.682,67721.979,7101.297,
Contact STARLINK-31430 - STARLINK-5155,69113.595,76181.324,7067.729,
Contact STARLINK-31430 - STARLINK-5155,83339.394,86400.000,3060.606,
Contact STARLINK-31430 - STARLINK-3295,6426.878,7438.760,1011.883,
Contact STARLINK-31430 - STARLINK-3295,17698.833,24480.716,6781.883,
Contact STARLINK-31430 - STARLINK-3295,31842.707,32971.952,1129.245,
Contact STARLINK-31430 - STARLINK-3295,46066.080,47053.389,987.309,
Contact STARLINK-31430 - STARLINK-3295,57495.674,58269.053,773.379,
Contact STARLINK-31430 - STARLINK-3295,71944.882,72127.750,182.868,
Contact STARLINK-31430 - STARLINK-30610,0.000,6415.530,6415.530,
Contact STARLINK-31430 - STARLINK-3050,3388.379,4199.344,810.965,
Contact STARLINK-31430 - STARLINK-3050,17632.988,18390.958,757.970,
Contact STARLINK-31430 - STARLINK-3050,31907.426,32553.379,645.954,
Contact STARLINK-31430 - STARLINK-5960,35191.424,86400.000,51208.576,
Contact STARLINK-31430 - STARLINK-2127,35654.608,36565.534,910.927,
Contact STARLINK-31430 - STARLINK-2127,49727.831,50816.663,1088.832,
Contact STARLINK-31430 - STARLINK-2127,61043.332,64983.183,3939.851,
Contact STARLINK-31430 - STARLINK-2127,75257.528,76269.351,1011.823,
Contact STARLINK-31430 - STARLINK-30756,60890.376,61915.493,1025.117,
Contact STARLINK-31430 - STARLINK-30756,74942.200,76219.946,1277.746,
Contact STARLINK-31430 - STARLINK-30756,83425.824,86400.000,2974.176,
Contact STARLINK-31430 - STARLINK-1580,39521.614,39790.521,268.908,
Contact STARLINK-31430 - STARLINK-1580,53514.413,54096.333,581.921,
Contact STARLINK-31430 - STARLINK-1580,64763.237,65485.634,722.397,
Contact STARLINK-31430 - STARLINK-1580,78858.437,79687.334,828.898,
Contact STARLINK-31430 - STARLINK-2658,6589.139,7867.809,1278.670,
Contact STARLINK-31430 - STARLINK-2658,15109.865,21970.421,6860.556,
Contact STARLINK-31430 - STARLINK-2658,32286.923,33165.567,878.644,
Contact STARLINK-31430 - STARLINK-1323,75440.719,76045.963,605.244,
Contact STARLINK-31430 - STARLINK-4201,35684.807,36105.158,420.351,
Contact STARLINK-31430 - STARLINK-4201,49601.666,50502.537,900.871,
Contact STARLINK-31430 - STARLINK-4201,60835.503,61918.474,1082.971,
Contact STARLINK-31430 - STARLINK-4201,74952.787,76111.759,1158.971,
Contact STARLINK-31430 - STARLINK-4201,83448.752,86400.000,2951.248,
Contact STARLINK-31430 - STARLINK-5972,7089.033,7505.997,416.964,
Contact STARLINK-31430 - STARLINK-5972,21239.240,21763.088,523.847,
Contact STARLINK-31430 - STARLINK-5972,35407.891,36003.232,595.341,
Contact STARLINK-31430 - STARLINK-5972,46743.710,47393.490,649.781,
Contact STARLINK-31430 - STARLINK-5972,60917.807,61625.904,708.098,
Contact STARLINK-31430 - STARLINK-5972,75110.666,75841.013,730.347,
Contact STARLINK-31430 - STARLINK-32210,46668.927,47276.334,607.407,
Contact STARLINK-31430 - STARLINK-32210,60538.229,61592.573,1054.344,
Contact STARLINK-31430 - STARLINK-32210,71700.260,78659.427,6959.166,
Contact STARLINK-31430 - STARLINK-32210,85700.685,86400.000,699.315,
Contact STARLINK-31430 - STARLINK-6241,0.000,3662.470,3662.470,
Contact STARLINK-31430 - STARLINK-6241,14039.749,14993.171,953.422,
Contact STARLINK-31430 - STARLINK-6241,28306.589,29094.991,788.402,
Contact STARLINK-31430 - STARLINK-31530,14396.521,14802.298,405.778,
Contact STARLINK-31430 - STARLINK-31530,28416.366,28814.353,397.987,
Contact STARLINK-31430 - STARLINK-31530,53643.625,54044.954,401.329,
Contact STARLINK-31430 - STARLINK-31530,78876.744,79269.423,392.679,
Contact STARLINK-31430 - STARLINK-5093,7063.755,7462.550,398.795,
Contact STARLINK-31430 - STARLINK-5093,21215.543,21727.675,512.132,
Contact STARLINK-31430 - STARLINK-5093,46724.628,47368.102,643.474,
Contact STARLINK-31430 - STARLINK-5093,60900.225,61608.216,707.991,
Contact STARLINK-31430 - STARLINK-5093,75097.474,75827.044,729.570,
Contact STARLINK-31430 - STARLINK-5591,35811.689,36361.720,550.031,
Contact STARLINK-31430 - STARLINK-5591,49930.045,50675.965,745.920,
Contact STARLINK-31430 - STARLINK-5591,64105.344,64933.545,828.201,
Contact STARLINK-31430 - STARLINK-5591,75473.995,76310.457,836.462,
Contact STARLINK-31430 - STARLINK-32088,0.000,422.462,422.462,
Contact STARLINK-31430 - STARLINK-32088,13918.016,14460.140,542.125,
Contact STARLINK-31430 - STARLINK-32088,25084.993,25704.258,619.266,
Contact STARLINK-31430 - STARLINK-32088,39031.449,39770.833,739.384,
Contact STARLINK-31430 - STARLINK-32088,50207.318,51006.009,798.691,
Contact STARLINK-31430 - STARLINK-32088,64195.355,65032.707,837.352,
Contact STARLINK-31430 - STARLINK-32088,75374.345,76264.801,890.455,
Contact STARLINK-31430 - STARLINK-5829,10189.015,10816.295,627.280,
Contact STARLINK-31430 - STARLINK-5829,21527.923,22208.103,680.179,
Contact STARLINK-31430 - STARLINK-5829,35716.140,36433.498,717.359,
Contact STARLINK-31430 - STARLINK-5829,49907.307,50654.886,747.579,
Contact STARLINK-31430 - STARLINK-5829,64117.726,64857.791,740.065,
Contact STARLINK-31430 - STARLINK-5829,75490.625,76215.263,724.638,
Contact STARLINK-31430 - STARLINK-5850,46677.394,50747.791,4070.398,
Contact STARLINK-31430 - STARLINK-5850,57796.495,67987.608,10191.113,
Contact STARLINK-31430 - STARLINK-5850,69060.799,82064.082,13003.283,
Contact STARLINK-31430 - STARLINK-5850,83365.883,86400.000,3034.117,
Contact STARLINK-31430 - STARLINK-31939,3029.902,3837.365,807.463,
Contact STARLINK-31430 - STARLINK-31939,14242.641,15049.407,806.766,
Contact STARLINK-31430 - STARLINK-31939,28258.862,29064.123,805.261,
Contact STARLINK-31430 - STARLINK-31939,39471.585,40276.121,804.536,
Contact STARLINK-31430 - STARLINK-31939,53487.201,54291.374,804.173,
Contact STARLINK-31430 - STARLINK-31939,64699.926,65503.313,803.387,
Contact STARLINK-31430 - STARLINK-31939,78716.093,79517.932,801.839,
Contact STARLINK-31430 - STARLINK-3832,0.000,8515.426,8515.426,
Contact STARLINK-31430 - STARLINK-5453,75034.893,75640.174,605.281,
Contact STARLINK-31430 - STARLINK-5453,86251.412,86400.000,148.588,
Contact STARLINK-31430 - STARLINK-31082,75237.813,76009.670,771.857,
Contact STARLINK-31430 - STARLINK-4569,28632.356,29392.981,760.625,
Contact STARLINK-31430 - STARLINK-4569,42429.755,49782.914,7353.159,
Contact STARLINK-31430 - STARLINK-4569,50847.136,61148.644,10301.508,
Contact STARLINK-31430 - STARLINK-4569,65116.500,72338.984,7222.484,
Contact STARLINK-31430 - STARLINK-4569,82611.309,83359.504,748.195,
Contact STARLINK-31430 - STARLINK-1776,0.000,3024.175,3024.175,
Contact STARLINK-31430 - STARLINK-6199,3129.146,4078.969,949.823,
Contact STARLINK-31430 - STARLINK-6199,17346.593,18214.455,867.862,
Contact STARLINK-31430 - STARLINK-6199,28764.069,29480.220,716.151,
Contact STARLINK-31430 - STARLINK-6199,43127.880,43471.550,343.671,
Contact STARLINK-31430 - STARLINK-4328,35791.441,42562.537,6771.096,
Contact STARLINK-31430 - STARLINK-4328,49592.643,57043.185,7450.542,
Contact STARLINK-31430 - STARLINK-4328,58020.908,71209.095,13188.188,
Contact STARLINK-31430 - STARLINK-4328,72290.193,79561.340,7271.147,
Contact STARLINK-31430 - STARLINK-2214,53740.171,54513.058,772.887,
Contact STARLINK-31430 - STARLINK-2214,67840.091,68719.042,878.951,
Contact STARLINK-31430 - STARLINK-2214,79144.339,82894.467,3750.129,
Contact STARLINK-31430 - STARLINK-3506,0.000,3467.652,3467.652,
Contact STARLINK-31430 - STARLINK-11136 [DTC],6981.369,13618.069,6636.699,
Contact STARLINK-31430 - STARLINK-11136 [DTC],15220.075,22009.725,6789.651,
Contact STARLINK-31430 - STARLINK-11136 [DTC],31833.511,33125.375,1291.864,
Contact STARLINK-31430 - STARLINK-11136 [DTC],40207.317,46913.179,6705.863,
Contact STARLINK-31430 - STARLINK-11136 [DTC],57073.729,57859.599,785.870,
Contact STARLINK-31430 - STARLINK-31325,0.000,494.589,494.589,
Contact STARLINK-31430 - STARLINK-31325,10797.313,14591.336,3794.023,
Contact STARLINK-31430 - STARLINK-31325,24860.069,25864.134,1004.064,
Contact STARLINK-31430 - STARLINK-31325,38925.632,39949.362,1023.730,
Contact STARLINK-31430 - STARLINK-31325,50188.375,54017.364,3828.989,
Contact STARLINK-31430 - STARLINK-31325,64279.763,65267.101,987.338,
Contact STARLINK-31430 - STARLINK-31325,75557.617,79323.399,3765.782,
Contact STARLINK-31430 - STARLINK-5628,17430.425,24783.557,7353.132,
Contact STARLINK-31430 - STARLINK-5628,25726.136,39104.053,13377.918,
Contact STARLINK-31430 - STARLINK-5628,39853.663,50244.333,10390.670,
Contact STARLINK-31430 - STARLINK-5628,57337.326,61202.353,3865.028,
Contact STARLINK-31430 - STARLINK-5231,85820.384,86400.000,579.616,
Contact STARLINK-31430 - STARLINK-11072 [DTC],0.000,527.116,527.116,
Contact STARLINK-31430 - STARLINK-11072 [DTC],10716.274,14445.260,3728.986,
Contact STARLINK-31430 - STARLINK-11072 [DTC],24591.677,25530.045,938.368,
Contact STARLINK-31430 - STARLINK-11072 [DTC],35743.263,36565.862,822.599,
Contact STARLINK-31430 - STARLINK-5176,0.000,538.517,538.517,
Contact STARLINK-31430 - STARLINK-5176,10717.835,11522.944,805.108,
Contact STARLINK-31430 - STARLINK-2042,0.000,378.122,378.122,
Contact STARLINK-31430 - STARLINK-2042,13719.884,14593.761,873.877,
Contact STARLINK-31430 - STARLINK-2042,25030.267,25940.138,909.872,
Contact STARLINK-31430 - STARLINK-2042,39199.922,40091.148,891.227,
Contact STARLINK-31430 - STARLINK-2042,53414.044,54198.499,784.455,
Contact STARLINK-31430 - STARLINK-2042,79143.081,79449.322,306.240,
Contact STARLINK-31430 - STARLINK-6319,25065.992,25830.051,764.060,
Contact STARLINK-31430 - STARLINK-6319,39166.226,40095.131,928.905,
Contact STARLINK-31430 - STARLINK-6319,53333.440,54293.137,959.697,
Contact STARLINK-31430 - STARLINK-6319,64710.249,68431.786,3721.538,
Contact STARLINK-31430 - STARLINK-6319,78991.574,79692.868,701.294,
Contact STARLINK-31430 - STARLINK-4522,6868.264,7243.793,375.529,
Contact STARLINK-31430 - MoonARTEMIS1,4417.369,13532.653,9115.283,
Contact STARLINK-31430 - MoonARTEMIS1,15693.247,24786.265,9093.018,
Contact STARLINK-31430 - MoonARTEMIS1,26949.841,30410.327,3460.485,
Contact STARLINK-31430 - MoonARTEMIS1,32575.269,41655.235,9079.966,
Contact STARLINK-31430 - MoonARTEMIS1,43822.574,52897.108,9074.533,
Contact STARLINK-31430 - MoonARTEMIS1,55066.466,64136.779,9070.313,
Contact STARLINK-31430 - MoonARTEMIS1,66307.870,75374.761,9066.891,
Contact STARLINK-31430 - MoonARTEMIS1,77547.401,80993.259,3445.859,
Contact STARLINK-31430 - MoonARTEMIS1,83166.654,86400.000,3233.346,
Contact STARLINK-31430 - MoonARTEMIS2,0.000,2254.814,2254.814,
Contact STARLINK-31430 - MoonARTEMIS2,4400.777,13500.345,9099.568,
Contact STARLINK-31430 - MoonARTEMIS2,15651.754,24748.537,9096.783,
Contact STARLINK-31430 - MoonARTEMIS2,26906.620,30375.878,3469.258,
Contact STARLINK-31430 - MoonARTEMIS2,34871.283,41639.233,6767.950,
Contact STARLINK-31430 - MoonARTEMIS2,43805.769,52883.810,9078.041,
Contact STARLINK-31430 - MoonARTEMIS2,55052.572,64126.326,9073.754,
Contact STARLINK-31430 - MoonARTEMIS2,66297.541,75368.322,9070.781,
Contact STARLINK-31430 - MoonARTEMIS2,77541.886,80989.247,3447.360,
Contact STARLINK-31430 - MoonARTEMIS2,83163.926,86400.000,3236.074,
Contact STARLINK-31430 - MoonIOAGEO,0.000,2265.115,2265.115,
Contact STARLINK-31430 - MoonIOAGEO,10054.367,13527.528,3473.160,
Contact STARLINK-31430 - MoonIOAGEO,15685.424,24767.283,9081.859,
Contact STARLINK-31430 - MoonIOAGEO,26923.545,30380.202,3456.657,
Contact STARLINK-31430 - MoonIOAGEO,38156.655,41618.482,3461.827,
Contact STARLINK-31430 - MoonIOAGEO,43784.031,47247.822,3463.791,
Contact STARLINK-31430 - MoonIOAGEO,55051.643,64130.967,9079.324,
Contact STARLINK-31430 - MoonIOAGEO,66301.279,75359.273,9057.994,
Contact STARLINK-31430 - MoonIOAGEO,77529.854,80975.792,3445.938,
Contact STARLINK-31430 - MoonIOAGEO,83149.655,86400.000,3250.345,
Contact STARLINK-31430 - MoonIOAGNO,0.000,2283.542,2283.542,
Contact STARLINK-31430 - MoonIOAGNO,4432.431,13510.728,9078.297,
Contact STARLINK-31430 - MoonIOAGNO,15664.427,24765.195,9100.768,
Contact STARLINK-31430 - MoonIOAGNO,26921.729,30392.256,3470.527,
Contact STARLINK-31430 - MoonIOAGNO,32550.731,41641.461,9090.729,
Contact STARLINK-31430 - MoonIOAGNO,43804.597,52875.851,9071.254,
Contact STARLINK-31430 - MoonIOAGNO,55039.561,64119.112,9079.551,
Contact STARLINK-31430 - MoonIOAGNO,66289.167,75372.024,9082.857,
Contact STARLINK-31430 - MoonIOAGNO,77544.439,80996.766,3452.327,
Contact STARLINK-31430 - MoonIOAGNO,83170.622,86400.000,3229.378,
Contact STARLINK-31430 - MoonIOAGNO 0001,0.000,2273.864,2273.864,
Contact STARLINK-31430 - MoonIOAGNO 0001,4421.313,13527.818,9106.505,
Contact STARLINK-31430 - MoonIOAGNO 0001,15680.105,24773.094,9092.989,
Contact STARLINK-31430 - MoonIOAGNO 0001,26930.563,30387.897,3457.334,
Contact STARLINK-31430 - MoonIOAGNO 0001,32544.265,41628.386,9084.122,
Contact STARLINK-31430 - MoonIOAGNO 0001,43791.597,52882.273,9090.676,
Contact STARLINK-31430 - MoonIOAGNO 0001,55048.374,64130.610,9082.236,
Contact STARLINK-31430 - MoonIOAGNO 0001,66300.417,75363.853,9063.436,
Contact STARLINK-31430 - MoonIOAGNO 0001,77534.475,80983.290,3448.816,
Contact STARLINK-31430 - MoonIOAGNO 0001,83158.187,86400.000,3241.813,
Contact STARLINK-31430 - MoonIOAGSO,0.000,2255.584,2255.584,
Contact STARLINK-31430 - MoonIOAGSO,4409.948,13520.233,9110.285,
Contact STARLINK-31430 - MoonIOAGSO,15672.338,24744.942,9072.604,
Contact STARLINK-31430 - MoonIOAGSO,26904.474,30362.669,3458.195,
Contact STARLINK-31430 - MoonIOAGSO,38148.733,41609.162,3460.429,
Contact STARLINK-31430 - MoonIOAGSO,43776.477,51972.605,8196.129,
Contact STARLINK-31430 - MoonIOAGSO,55049.419,64109.984,9060.565,
Contact STARLINK-31430 - MoonIOAGSO,66279.875,75343.293,9063.418,
Contact STARLINK-31430 - MoonIOAGSO,77517.720,80965.136,3447.416,
Contact STARLINK-31430 - MoonIOAGSO,83141.604,86400.000,3258.396,
Contact STARLINK-31430 - MoonIOAGSO 0001,0.000,2254.412,2254.412,
Contact STARLINK-31430 - MoonIOAGSO 0001,4405.734,13493.032,9087.298,
Contact STARLINK-31430 - MoonIOAGSO 0001,15650.198,24747.738,9097.540,
Contact STARLINK-31430 - MoonIOAGSO 0001,26910.814,29943.522,3032.708,
Contact STARLINK-31430 - MoonIOAGSO 0001,32551.169,41620.533,9069.363,
Contact STARLINK-31430 - MoonIOAGSO 0001,43784.178,52853.022,9068.845,
Contact STARLINK-31430 - MoonIOAGSO 0001,55022.005,64100.087,9078.083,
Contact STARLINK-31430 - MoonIOAGSO 0001,66273.791,75369.857,9096.066,
Contact STARLINK-31430 - MoonIOAGSO 0001,77545.229,80987.212,3441.982,
Contact STARLINK-31430 - MoonIOAGSO 0001,83159.671,86400.000,3240.329,
Contact STARLINK-31430 - MoonLRO,7062.511,10997.655,3935.144,
Contact STARLINK-31430 - MoonLRO,21298.646,24630.129,3331.483,
Contact STARLINK-31430 - MoonLRO,27573.443,30382.286,2808.843,
Contact STARLINK-31430 - MoonLRO,34392.101,36007.955,1615.854,
Contact STARLINK-31430 - MoonLRO,49420.302,51952.717,2532.416,
Contact STARLINK-31430 - MoonLRO,55045.470,58494.460,3448.989,
Contact STARLINK-31430 - MoonLRO,71912.851,72464.770,551.920,
Contact STARLINK-31430 - MoonLRO,77538.943,79283.179,1744.235,
Contact STARLINK-31430 - MarsSat1,1017.035,10183.810,9166.775,
Contact STARLINK-31430 - MarsSat1,12242.802,21406.865,9164.063,
Contact STARLINK-31430 - MarsSat1,23468.448,27018.361,3549.913,
Contact STARLINK-31430 - MarsSat1,29081.237,38241.308,9160.072,
Contact STARLINK-31430 - MarsSat1,40306.763,49464.217,9157.453,
Contact STARLINK-31430 - MarsSat1,51532.238,60687.092,9154.854,
Contact STARLINK-31430 - MarsSat1,62757.653,71909.919,9152.265,
Contact STARLINK-31430 - MarsSat1,73982.983,77521.305,3538.322,
Contact STARLINK-31430 - MarsSat1,79595.605,86400.000,6804.395,
Contact STARLINK-31430 - MarsSat2,1017.006,10183.788,9166.782,
Contact STARLINK-31430 - MarsSat2,12242.844,21406.921,9164.077,
Contact STARLINK-31430 - MarsSat2,23468.578,27018.458,3549.879,
Contact STARLINK-31430 - MarsSat2,29081.407,38241.474,9160.067,
Contact STARLINK-31430 - MarsSat2,40306.988,49464.413,9157.425,
Contact STARLINK-31430 - MarsSat2,51532.466,60687.276,9154.810,
Contact STARLINK-31430 - MarsSat2,62757.842,71910.065,9152.223,
Contact STARLINK-31430 - MarsSat2,73983.115,77521.431,3538.316,
Contact STARLINK-31430 - MarsSat2,79595.714,86400.000,6804.286,
Contact STARLINK-31430 - MarsSat3,1016.985,10183.791,9166.806,
Contact STARLINK-31430 - MarsSat3,12242.829,21406.929,9164.100,
Contact STARLINK-31430 - MarsSat3,23468.554,27018.462,3549.908,
Contact STARLINK-31430 - MarsSat3,29081.371,38241.453,9160.082,
Contact STARLINK-31430 - MarsSat3,40306.911,49464.341,9157.429,
Contact STARLINK-31430 - MarsSat3,51532.329,60687.125,9154.797,
Contact STARLINK-31430 - MarsSat3,62757.637,71909.850,9152.213,
Contact STARLINK-31430 - MarsSat3,73982.894,77521.214,3538.321,
Contact STARLINK-31430 - MarsSat3,79595.514,86400.000,6804.486,
Contact STARLINK-31430 - MarsSat4,1017.009,10183.796,9166.787,
Contact STARLINK-31430 - MarsSat4,12242.772,21406.828,9164.055,
Contact STARLINK-31430 - MarsSat4,23468.449,27018.379,3549.929,
Contact STARLINK-31430 - MarsSat4,29081.307,38241.409,9160.102,
Contact STARLINK-31430 - MarsSat4,40306.873,49464.272,9157.400,
Contact STARLINK-31430 - MarsSat4,51532.274,60687.138,9154.864,
Contact STARLINK-31430 - MarsSat4,62757.706,71909.950,9152.244,
Contact STARLINK-31430 - MarsSat4,73982.976,77521.294,3538.317,
Contact STARLINK-31430 - MarsSat4,79595.544,86400.000,6804.456,
Contact STARLINK-5969 - STARLINK-5155,17708.148,18145.119,436.970,
Contact STARLINK-5969 - STARLINK-5155,31805.839,32708.308,902.468,
Contact STARLINK-5969 - STARLINK-5155,43157.011,47147.642,3990.631,
Contact STARLINK-5969 - STARLINK-5155,54523.857,61611.409,7087.552,
Contact STARLINK-5969 - STARLINK-5155,68755.813,78924.853,10169.039,
Contact STARLINK-5969 - STARLINK-5155,82975.959,86400.000,3424.041,
Contact STARLINK-5969 - STARLINK-31138,6825.394,7837.954,1012.560,
Contact STARLINK-5969 - STARLINK-31138,21032.371,22115.544,1083.173,
Contact STARLINK-5969 - STARLINK-31138,35277.161,36354.747,1077.586,
Contact STARLINK-5969 - STARLINK-31138,46696.943,50562.632,3865.690,
Contact STARLINK-5969 - STARLINK-31138,61002.875,61901.299,898.424,
Contact STARLINK-5969 - STARLINK-31138,75358.306,76031.306,673.000,
Contact STARLINK-5969 - STARLINK-2736,6512.423,7463.385,950.962,
Contact STARLINK-5969 - STARLINK-2736,17968.441,21737.441,3768.999,
Contact STARLINK-5969 - STARLINK-2736,32294.003,36000.323,3706.320,
Contact STARLINK-5969 - STARLINK-2736,46631.830,47405.369,773.538,
Contact STARLINK-5969 - STARLINK-2736,60976.138,61654.198,678.060,
Contact STARLINK-5969 - STARLINK-2736,75339.536,75884.329,544.793,
Contact STARLINK-5969 - STARLINK-5960,0.000,86400.000,86400.000,
Contact STARLINK-5969 - STARLINK-31673,0.000,6643.569,6643.569,
Contact STARLINK-5969 - STARLINK-31673,7747.470,20999.311,13251.840,
Contact STARLINK-5969 - STARLINK-31673,21964.170,35273.326,13309.156,
Contact STARLINK-5969 - STARLINK-31673,36226.145,46651.494,10425.348,
Contact STARLINK-5969 - STARLINK-31673,50573.545,60832.507,10258.961,
Contact STARLINK-5969 - STARLINK-31673,67854.103,74943.091,7088.988,
Contact STARLINK-5969 - STARLINK-31673,82303.210,83400.243,1097.033,
Contact STARLINK-5969 - STARLINK-32223,0.000,159.455,159.455,
Contact STARLINK-5969 - STARLINK-2127,46684.949,47136.099,451.150,
Contact STARLINK-5969 - STARLINK-2127,60919.423,61573.554,654.131,
Contact STARLINK-5969 - STARLINK-2127,75202.715,75957.507,754.792,
Contact STARLINK-5969 - STARLINK-30756,0.000,10384.345,10384.345,
Contact STARLINK-5969 - STARLINK-30756,11268.779,24729.684,13460.904,
Contact STARLINK-5969 - STARLINK-30756,25609.283,39097.791,13488.509,
Contact STARLINK-5969 - STARLINK-30756,39966.120,53443.024,13476.905,
Contact STARLINK-5969 - STARLINK-30756,54306.898,67810.996,13504.098,
Contact STARLINK-5969 - STARLINK-30756,68663.671,82156.118,13492.448,
Contact STARLINK-5969 - STARLINK-30756,83004.726,86400.000,3395.274,
Contact STARLINK-5969 - STARLINK-1580,10107.263,10909.045,801.782,
Contact STARLINK-5969 - STARLINK-1580,21543.449,25252.044,3708.596,
Contact STARLINK-5969 - STARLINK-1580,35841.164,36723.633,882.469,
Contact STARLINK-5969 - STARLINK-1580,50143.240,51059.966,916.725,
Contact STARLINK-5969 - STARLINK-1580,64447.370,65393.706,946.336,
Contact STARLINK-5969 - STARLINK-1580,78755.307,79724.027,968.720,
Contact STARLINK-5969 - STARLINK-31812,6881.828,7876.999,995.171,
Contact STARLINK-5969 - STARLINK-31812,21189.909,21928.741,738.832,
Contact STARLINK-5969 - STARLINK-1323,3473.804,7417.556,3943.752,
Contact STARLINK-5969 - STARLINK-1323,17796.627,21745.339,3948.712,
Contact STARLINK-5969 - STARLINK-1323,32116.516,36063.757,3947.241,
Contact STARLINK-5969 - STARLINK-1323,46445.298,47518.899,1073.601,
Contact STARLINK-5969 - STARLINK-1323,60770.989,61838.350,1067.361,
Contact STARLINK-5969 - STARLINK-1323,75105.763,76148.432,1042.668,
Contact STARLINK-5969 - STARLINK-3969,6701.989,7573.662,871.673,
Contact STARLINK-5969 - STARLINK-3969,21045.730,21882.723,836.993,
Contact STARLINK-5969 - STARLINK-3969,35391.906,36189.681,797.775,
Contact STARLINK-5969 - STARLINK-3969,49740.253,50494.088,753.835,
Contact STARLINK-5969 - STARLINK-3969,75575.114,76234.774,659.660,
Contact STARLINK-5969 - STARLINK-4201,3166.604,4211.597,1044.994,
Contact STARLINK-5969 - STARLINK-4201,17443.845,18587.856,1144.011,
Contact STARLINK-5969 - STARLINK-4201,31709.828,32982.232,1272.404,
Contact STARLINK-5969 - STARLINK-4201,40286.293,47345.705,7059.411,
Contact STARLINK-5969 - STARLINK-4201,54563.505,61726.436,7162.931,
Contact STARLINK-5969 - STARLINK-4201,68861.392,76079.284,7217.892,
Contact STARLINK-5969 - STARLINK-4201,83150.610,86400.000,3249.390,
Contact STARLINK-5969 - STARLINK-31060,9459.698,42789.317,33329.619,
Contact STARLINK-5969 - STARLINK-5972,2964.922,3839.807,874.886,
Contact STARLINK-5969 - STARLINK-5972,17346.828,18211.848,865.020,
Contact STARLINK-5969 - STARLINK-5972,31721.727,32589.782,868.054,
Contact STARLINK-5969 - STARLINK-5972,46103.432,46961.878,858.446,
Contact STARLINK-5969 - STARLINK-5972,60478.345,61339.664,861.319,
Contact STARLINK-5969 - STARLINK-5972,71980.933,75711.843,3730.910,
Contact STARLINK-5969 - STARLINK-5972,86362.321,86400.000,37.679,
Contact STARLINK-5969 - STARLINK-32210,17459.799,18179.306,719.508,
Contact STARLINK-5969 - STARLINK-32210,25650.963,35965.103,10314.140,
Contact STARLINK-5969 - STARLINK-32210,36679.283,86400.000,49720.717,
Contact STARLINK-5969 - STARLINK-31530,38999.655,39725.049,725.394,
Contact STARLINK-5969 - STARLINK-31530,50235.037,54032.198,3797.161,
Contact STARLINK-5969 - STARLINK-31530,64360.844,65411.895,1051.051,
Contact STARLINK-5969 - STARLINK-31530,78568.902,79562.871,993.969,
Contact STARLINK-5969 - STARLINK-5093,2927.114,3805.482,878.368,
Contact STARLINK-5969 - STARLINK-5093,17314.861,18180.380,865.519,
Contact STARLINK-5969 - STARLINK-5093,31692.300,32564.617,872.317,
Contact STARLINK-5969 - STARLINK-5093,43198.415,46939.445,3741.031,
Contact STARLINK-5969 - STARLINK-5093,57586.068,61323.367,3737.299,
Contact STARLINK-5969 - STARLINK-5093,71963.752,75698.181,3734.429,
Contact STARLINK-5969 - STARLINK-5093,86351.280,86400.000,48.720,
Contact STARLINK-5969 - STARLINK-5591,3288.613,4283.418,994.805,
Contact STARLINK-5969 - STARLINK-5591,17691.980,18658.620,966.639,
Contact STARLINK-5969 - STARLINK-5591,32089.956,33039.859,949.903,
Contact STARLINK-5969 - STARLINK-5591,46496.155,47412.160,916.005,
Contact STARLINK-5969 - STARLINK-5591,60897.078,61790.496,893.419,
Contact STARLINK-5969 - STARLINK-5591,75306.159,76159.855,853.695,
Contact STARLINK-5969 - STARLINK-5829,3395.151,4143.535,748.384,
Contact STARLINK-5969 - STARLINK-5829,17781.618,18516.565,734.946,
Contact STARLINK-5969 - STARLINK-5829,32160.917,32896.578,735.661,
Contact STARLINK-5969 - STARLINK-5829,46546.807,47270.042,723.235,
Contact STARLINK-5969 - STARLINK-5829,60925.905,61650.135,724.230,
Contact STARLINK-5969 - STARLINK-5829,75311.204,76024.055,712.851,
Contact STARLINK-5969 - STARLINK-5850,0.000,10654.776,10654.776,
Contact STARLINK-5969 - STARLINK-5850,10932.371,24936.514,14004.143,
Contact STARLINK-5969 - STARLINK-5850,25331.808,39281.881,13950.073,
Contact STARLINK-5969 - STARLINK-5850,39740.704,53580.580,13839.877,
Contact STARLINK-5969 - STARLINK-5850,54122.594,67932.695,13810.101,
Contact STARLINK-5969 - STARLINK-5850,68525.358,82237.776,13712.418,
Contact STARLINK-5969 - STARLINK-5850,82900.224,86400.000,3499.776,
Contact STARLINK-5969 - STARLINK-31939,64544.943,65230.819,685.876,
Contact STARLINK-5969 - STARLINK-31939,78619.784,79517.770,897.986,
Contact STARLINK-5969 - STARLINK-5453,0.000,4221.519,4221.519,
Contact STARLINK-5969 - STARLINK-5453,11437.828,18535.569,7097.742,
Contact STARLINK-5969 - STARLINK-5453,25768.559,32859.354,7090.795,
Contact STARLINK-5969 - STARLINK-5453,40113.954,47165.829,7051.875,
Contact STARLINK-5969 - STARLINK-5453,57326.929,61482.063,4155.135,
Contact STARLINK-5969 - STARLINK-5453,71669.529,75781.023,4111.495,
Contact STARLINK-5969 - STARLINK-5453,86027.288,86400.000,372.712,
Contact STARLINK-5969 - STARLINK-31082,3056.032,10195.361,7139.329,
Contact STARLINK-5969 - STARLINK-31082,17410.836,24536.976,7126.140,
Contact STARLINK-5969 - STARLINK-31082,31755.854,38889.073,7133.220,
Contact STARLINK-5969 - STARLINK-31082,46111.071,47491.668,1380.597,
Contact STARLINK-5969 - STARLINK-31082,54716.326,61843.389,7127.062,
Contact STARLINK-5969 - STARLINK-31082,69071.879,76184.213,7112.335,
Contact STARLINK-5969 - STARLINK-31082,83417.688,86400.000,2982.312,
Contact STARLINK-5969 - STARLINK-4569,10138.797,11187.226,1048.428,
Contact STARLINK-5969 - STARLINK-4569,24559.304,25552.853,993.549,
Contact STARLINK-5969 - STARLINK-4569,38973.467,39899.637,926.170,
Contact STARLINK-5969 - STARLINK-4569,53395.892,54262.114,866.223,
Contact STARLINK-5969 - STARLINK-4569,67815.359,68604.087,788.728,
Contact STARLINK-5969 - STARLINK-4569,82240.913,82962.149,721.236,
Contact STARLINK-5969 - STARLINK-4328,3379.104,7214.650,3835.546,
Contact STARLINK-5969 - STARLINK-4328,17777.061,18709.320,932.259,
Contact STARLINK-5969 - STARLINK-4328,32159.082,33083.248,924.166,
Contact STARLINK-5969 - STARLINK-4328,46560.089,47443.275,883.185,
Contact STARLINK-5969 - STARLINK-4328,60944.330,61815.412,871.082,
Contact STARLINK-5969 - STARLINK-4328,75348.978,76172.635,823.657,
Contact STARLINK-5969 - STARLINK-2214,10540.253,11126.613,586.360,
Contact STARLINK-5969 - STARLINK-2214,24826.622,25487.923,661.301,
Contact STARLINK-5969 - STARLINK-2214,39123.050,39839.845,716.795,
Contact STARLINK-5969 - STARLINK-2214,53418.030,54192.503,774.472,
Contact STARLINK-5969 - STARLINK-2214,67720.823,68537.951,817.127,
Contact STARLINK-5969 - STARLINK-2214,79163.230,82884.323,3721.094,
Contact STARLINK-5969 - STARLINK-11136 [DTC],56794.951,57772.389,977.438,
Contact STARLINK-5969 - STARLINK-11136 [DTC],67915.000,69106.509,1191.508,
Contact STARLINK-5969 - STARLINK-11136 [DTC],82203.361,82890.870,687.509,
Contact STARLINK-5969 - STARLINK-5231,0.000,86400.000,86400.000,
Contact STARLINK-5969 - STARLINK-11092 [DTC],7027.431,7477.266,449.835,
Contact STARLINK-5969 - STARLINK-11092 [DTC],20824.432,21768.546,944.114,
Contact STARLINK-5969 - STARLINK-11092 [DTC],32068.226,32990.208,921.983,
Contact STARLINK-5969 - STARLINK-11072 [DTC],46218.581,47286.825,1068.244,
Contact STARLINK-5969 - STARLINK-11072 [DTC],54478.555,64157.730,9679.176,
Contact STARLINK-5969 - STARLINK-11072 [DTC],71717.340,72233.326,515.986,
Contact STARLINK-5969 - STARLINK-5503,0.000,3443.058,3443.058,
Contact STARLINK-5969 - STARLINK-5503,7238.452,86400.000,79161.548,
Contact STARLINK-5969 - MoonARTEMIS1,2124.489,5841.987,3717.498,
Contact STARLINK-5969 - MoonARTEMIS1,7906.466,17393.307,9486.841,
Contact STARLINK-5969 - MoonARTEMIS1,19461.833,23160.501,3698.667,
Contact STARLINK-5969 - MoonARTEMIS1,25231.940,34688.088,9456.149,
Contact STARLINK-5969 - MoonARTEMIS1,36765.141,46209.933,9444.792,
Contact STARLINK-5969 - MoonARTEMIS1,48292.162,51969.325,3677.162,
Contact STARLINK-5969 - MoonARTEMIS1,54053.977,63485.733,9431.756,
Contact STARLINK-5969 - MoonARTEMIS1,65574.922,74999.584,9424.662,
Contact STARLINK-5969 - MoonARTEMIS1,77092.929,80755.750,3662.821,
Contact STARLINK-5969 - MoonARTEMIS1,82851.055,86400.000,3548.945,
Contact STARLINK-5969 - MoonARTEMIS2,0.000,5818.049,5818.049,
Contact STARLINK-5969 - MoonARTEMIS2,7865.180,17345.635,9480.455,
Contact STARLINK-5969 - MoonARTEMIS2,19400.792,33003.129,13602.336,
Contact STARLINK-5969 - MoonARTEMIS2,36735.222,46190.622,9455.400,
Contact STARLINK-5969 - MoonARTEMIS2,48267.444,51951.323,3683.879,
Contact STARLINK-5969 - MoonARTEMIS2,54030.055,63471.101,9441.046,
Contact STARLINK-5969 - MoonARTEMIS2,65554.235,74989.974,9435.740,
Contact STARLINK-5969 - MoonARTEMIS2,77078.017,80749.221,3671.204,
Contact STARLINK-5969 - MoonARTEMIS2,82839.874,86400.000,3560.126,
Contact STARLINK-5969 - MoonIOAGEO,0.000,3793.015,3793.015,
Contact STARLINK-5969 - MoonIOAGEO,7967.008,17383.054,9416.046,
Contact STARLINK-5969 - MoonIOAGEO,19445.257,23139.846,3694.589,
Contact STARLINK-5969 - MoonIOAGEO,25201.135,34642.157,9441.022,
Contact STARLINK-5969 - MoonIOAGEO,36708.580,46171.577,9462.997,
Contact STARLINK-5969 - MoonIOAGEO,54029.838,63478.121,9448.282,
Contact STARLINK-5969 - MoonIOAGEO,65564.094,74980.955,9416.861,
Contact STARLINK-5969 - MoonIOAGEO,77068.480,80734.534,3666.054,
Contact STARLINK-5969 - MoonIOAGEO,82827.259,86400.000,3572.741,
Contact STARLINK-5969 - MoonIOAGNO,0.000,5853.001,5853.001,
Contact STARLINK-5969 - MoonIOAGNO,7906.561,17360.712,9454.151,
Contact STARLINK-5969 - MoonIOAGNO,19415.290,34664.119,15248.829,
Contact STARLINK-5969 - MoonIOAGNO,36726.567,46190.859,9464.292,
Contact STARLINK-5969 - MoonIOAGNO,48265.391,51945.491,3680.100,
Contact STARLINK-5969 - MoonIOAGNO,54021.491,63460.868,9439.378,
Contact STARLINK-5969 - MoonIOAGNO,65540.018,74993.197,9453.179,
Contact STARLINK-5969 - MoonIOAGNO,77078.199,80757.576,3679.378,
Contact STARLINK-5969 - MoonIOAGNO,82847.531,86400.000,3552.469,
Contact STARLINK-5969 - MoonIOAGNO 0001,0.000,5844.947,5844.947,
Contact STARLINK-5969 - MoonIOAGNO 0001,7890.313,17379.870,9489.558,
Contact STARLINK-5969 - MoonIOAGNO 0001,19434.526,23143.342,3708.816,
Contact STARLINK-5969 - MoonIOAGNO 0001,25204.401,34648.252,9443.851,
Contact STARLINK-5969 - MoonIOAGNO 0001,36714.377,46179.422,9465.045,
Contact STARLINK-5969 - MoonIOAGNO 0001,48247.461,51946.444,3698.983,
Contact STARLINK-5969 - MoonIOAGNO 0001,54017.827,63475.641,9457.814,
Contact STARLINK-5969 - MoonIOAGNO 0001,65557.713,74987.420,9429.707,
Contact STARLINK-5969 - MoonIOAGNO 0001,77075.472,80742.487,3667.015,
Contact STARLINK-5969 - MoonIOAGNO 0001,82833.425,86400.000,3566.575,
Contact STARLINK-5969 - MoonIOAGSO,0.000,5832.088,5832.088,
Contact STARLINK-5969 - MoonIOAGSO,9425.718,17363.402,7937.684,
Contact STARLINK-5969 - MoonIOAGSO,19426.591,34629.679,15203.088,
Contact STARLINK-5969 - MoonIOAGSO,36706.349,46162.103,9455.753,
Contact STARLINK-5969 - MoonIOAGSO,48243.162,51940.040,3696.879,
Contact STARLINK-5969 - MoonIOAGSO,54024.974,63455.447,9430.473,
Contact STARLINK-5969 - MoonIOAGSO,65544.266,74963.806,9419.540,
Contact STARLINK-5969 - MoonIOAGSO,77061.022,80723.655,3662.632,
Contact STARLINK-5969 - MoonIOAGSO,82823.639,86400.000,3576.361,
Contact STARLINK-5969 - MoonIOAGSO 0001,0.000,5820.576,5820.576,
Contact STARLINK-5969 - MoonIOAGSO 0001,7883.136,17342.845,9459.708,
Contact STARLINK-5969 - MoonIOAGSO 0001,19410.463,34660.781,15250.317,
Contact STARLINK-5969 - MoonIOAGSO 0001,36729.807,46162.359,9432.552,
Contact STARLINK-5969 - MoonIOAGSO 0001,48243.849,51918.061,3674.211,
Contact STARLINK-5969 - MoonIOAGSO 0001,54003.457,63441.496,9438.040,
Contact STARLINK-5969 - MoonIOAGSO 0001,65532.118,74991.241,9459.123,
Contact STARLINK-5969 - MoonIOAGSO 0001,77086.572,80749.130,3662.558,
Contact STARLINK-5969 - MoonIOAGSO 0001,82844.786,86400.000,3555.214,
Contact STARLINK-5969 - MoonLRO,2130.685,4165.238,2034.553,
Contact STARLINK-5969 - MoonLRO,7897.281,17364.675,9467.394,
Contact STARLINK-5969 - MoonLRO,20742.974,23128.695,2385.721,
Contact STARLINK-5969 - MoonLRO,27563.871,28893.972,1330.101,
Contact STARLINK-5969 - MoonLRO,42491.164,45130.620,2639.456,
Contact STARLINK-5969 - MoonLRO,48256.634,51938.107,3681.473,
Contact STARLINK-5969 - MoonLRO,54889.243,57700.624,2811.380,
Contact STARLINK-5969 - MoonLRO,71314.556,72463.713,1149.157,
Contact STARLINK-5969 - MoonLRO,77080.437,79284.276,2203.839,
Contact STARLINK-5969 - MarsSat1,0.000,2340.937,2340.937,
Contact STARLINK-5969 - MarsSat1,4364.259,13838.440,9474.181,
Contact STARLINK-5969 - MarsSat1,15863.065,19587.150,3724.086,
Contact STARLINK-5969 - MarsSat1,21612.452,31084.511,9472.059,
Contact STARLINK-5969 - MarsSat1,33111.218,42581.822,9470.604,
Contact STARLINK-5969 - MarsSat1,44609.995,59827.721,15217.726,
Contact STARLINK-5969 - MarsSat1,61858.179,71324.915,9466.736,
Contact STARLINK-5969 - MarsSat1,73356.936,86400.000,13043.064,
Contact STARLINK-5969 - MarsSat2,0.000,2340.907,2340.907,
Contact STARLINK-5969 - MarsSat2,4364.291,13838.488,9474.197,
Contact STARLINK-5969 - MarsSat2,15863.183,19587.247,3724.064,
Contact STARLINK-5969 - MarsSat2,21612.615,31084.697,9472.082,
Contact STARLINK-5969 - MarsSat2,33111.451,42582.059,9470.608,
Contact STARLINK-5969 - MarsSat2,44610.248,59827.934,15217.686,
Contact STARLINK-5969 - MarsSat2,61858.364,71325.071,9466.706,
Contact STARLINK-5969 - MarsSat2,73357.052,86400.000,13042.948,
Contact STARLINK-5969 - MarsSat3,0.000,2340.889,2340.889,
Contact STARLINK-5969 - MarsSat3,4364.261,13838.476,9474.215,
Contact STARLINK-5969 - MarsSat3,15863.145,19587.231,3724.086,
Contact STARLINK-5969 - MarsSat3,21612.566,31084.659,9472.093,
Contact STARLINK-5969 - MarsSat3,33111.364,42581.974,9470.610,
Contact STARLINK-5969 - MarsSat3,44610.106,59827.739,15217.633,
Contact STARLINK-5969 - MarsSat3,61858.140,71324.831,9466.691,
Contact STARLINK-5969 - MarsSat3,73356.845,86400.000,13043.155,
Contact STARLINK-5969 - MarsSat4,0.000,2340.913,2340.913,
Contact STARLINK-5969 - MarsSat4,4364.233,13838.406,9474.173,
Contact STARLINK-5969 - MarsSat4,15863.025,19587.112,3724.087,
Contact STARLINK-5969 - MarsSat4,21612.450,31084.601,9472.151,
Contact STARLINK-5969 - MarsSat4,33111.333,42581.928,9470.595,
Contact STARLINK-5969 - MarsSat4,44610.070,59827.773,15217.704,
Contact STARLINK-5969 - MarsSat4,61858.230,71324.934,9466.704,
Contact STARLINK-5969 - MarsSat4,73356.909,86400.000,13043.091,
Contact STARLINK-31085 - STARLINK-2635,0.000,86400.000,86400.000,
Contact STARLINK-31085 - STARLINK-31673,6884.726,7524.168,639.443,
Contact STARLINK-31085 - STARLINK-31673,21227.574,21705.781,478.207,
Contact STARLINK-31085 - STARLINK-32223,86381.887,86400.000,18.113,
Contact STARLINK-31085 - STARLINK-1580,0.000,4126.768,4126.768,
Contact STARLINK-31085 - STARLINK-1580,11167.711,21222.790,10055.079,
Contact STARLINK-31085 - STARLINK-1580,28411.728,35476.953,7065.225,
Contact STARLINK-31085 - STARLINK-1580,42796.876,49699.311,6902.434,
Contact STARLINK-31085 - STARLINK-1580,57170.475,58250.525,1080.051,
Contact STARLINK-31085 - STARLINK-1580,71576.432,72455.570,879.138,
Contact STARLINK-31085 - STARLINK-1580,85975.135,86400.000,424.865,
Contact STARLINK-31085 - STARLINK-31931,64768.073,65483.073,715.001,
Contact STARLINK-31085 - STARLINK-31931,78812.369,79777.488,965.119,
Contact STARLINK-31085 - STARLINK-3601,71943.567,72343.865,400.299,
Contact STARLINK-31085 - STARLINK-3601,86150.812,86400.000,249.188,
Contact STARLINK-31085 - STARLINK-6241,0.000,38740.623,38740.623,
Contact STARLINK-31085 - STARLINK-6241,46521.480,47073.336,551.857,
Contact STARLINK-31085 - STARLINK-31530,580.678,10563.653,9982.975,
Contact STARLINK-31085 - STARLINK-31530,14489.899,24852.321,10362.422,
Contact STARLINK-31085 - STARLINK-31530,25773.755,38862.337,13088.582,
Contact STARLINK-31085 - STARLINK-31530,40111.077,47180.806,7069.729,
Contact STARLINK-31085 - STARLINK-32088,17133.350,18193.771,1060.421,
Contact STARLINK-31085 - STARLINK-32088,25229.493,61124.996,35895.503,
Contact STARLINK-31085 - STARLINK-32088,67900.418,69250.068,1349.650,
Contact STARLINK-31085 - STARLINK-31939,17334.395,24794.978,7460.583,
Contact STARLINK-31085 - STARLINK-31939,25393.846,64312.146,38918.300,
Contact STARLINK-31085 - STARLINK-31939,65324.082,72343.747,7019.664,
Contact STARLINK-31085 - STARLINK-4328,10190.181,10936.563,746.382,
Contact STARLINK-31085 - STARLINK-4328,24550.070,25297.224,747.155,
Contact STARLINK-31085 - STARLINK-4328,38909.030,39658.949,749.919,
Contact STARLINK-31085 - STARLINK-4328,50396.490,54019.460,3622.970,
Contact STARLINK-31085 - STARLINK-4328,64756.553,65508.428,751.875,
Contact STARLINK-31085 - STARLINK-4328,79114.931,79870.717,755.786,
Contact STARLINK-31085 - STARLINK-2214,2873.381,10228.929,7355.548,
Contact STARLINK-31085 - STARLINK-2214,11458.410,24542.098,13083.688,
Contact STARLINK-31085 - STARLINK-2214,25783.753,33114.691,7330.938,
Contact STARLINK-31085 - STARLINK-2214,40100.544,47423.549,7323.005,
Contact STARLINK-31085 - STARLINK-2214,54431.098,61712.538,7281.440,
Contact STARLINK-31085 - STARLINK-2214,68752.762,78866.492,10113.730,
Contact STARLINK-31085 - STARLINK-2214,85948.686,86400.000,451.314,
Contact STARLINK-31085 - STARLINK-3506,28754.758,29200.589,445.832,
Contact STARLINK-31085 - STARLINK-3506,43013.691,43559.694,546.003,
Contact STARLINK-31085 - STARLINK-3506,57262.181,57928.368,666.187,
Contact STARLINK-31085 - STARLINK-3506,71537.129,72271.377,734.248,
Contact STARLINK-31085 - STARLINK-3506,85799.939,86400.000,600.061,
Contact STARLINK-31085 - STARLINK-11136 [DTC],35856.772,36566.942,710.171,
Contact STARLINK-31085 - STARLINK-11136 [DTC],49776.736,50709.381,932.645,
Contact STARLINK-31085 - STARLINK-11136 [DTC],61064.149,61871.724,807.575,
Contact STARLINK-31085 - STARLINK-31325,0.000,68186.715,68186.715,
Contact STARLINK-31085 - STARLINK-5628,7149.464,11036.375,3886.911,
Contact STARLINK-31085 - STARLINK-5628,21524.685,25377.936,3853.251,
Contact STARLINK-31085 - STARLINK-5628,35900.044,39714.590,3814.546,
Contact STARLINK-31085 - STARLINK-5628,50279.887,54051.519,3771.632,
Contact STARLINK-31085 - STARLINK-5628,64660.184,65518.125,857.941,
Contact STARLINK-31085 - STARLINK-5628,79045.485,79847.379,801.894,
Contact STARLINK-31085 - STARLINK-11092 [DTC],0.000,6057.879,6057.879,
Contact STARLINK-31085 - STARLINK-11072 [DTC],755.857,29962.592,29206.735,
Contact STARLINK-31085 - STARLINK-5176,2968.712,3886.675,917.963,
Contact STARLINK-31085 - STARLINK-5176,14382.291,18265.551,3883.259,
Contact STARLINK-31085 - STARLINK-5176,28639.607,32614.689,3975.083,
Contact STARLINK-31085 - STARLINK-5176,42926.557,46985.213,4058.656,
Contact STARLINK-31085 - STARLINK-5176,57190.713,64212.227,7021.514,
Contact STARLINK-31085 - STARLINK-5176,71481.220,78555.432,7074.213,
Contact STARLINK-31085 - STARLINK-5176,85750.100,86400.000,649.900,
Contact STARLINK-31085 - STARLINK-2042,0.000,86400.000,86400.000,
Contact STARLINK-31085 - STARLINK-6319,0.000,86400.000,86400.000,
Contact STARLINK-31085 - MoonARTEMIS1,3265.247,6904.424,3639.176,
Contact STARLINK-31085 - MoonARTEMIS1,9012.257,12662.785,3650.529,
Contact STARLINK-31085 - MoonARTEMIS1,14757.666,24168.742,9411.076,
Contact STARLINK-31085 - MoonARTEMIS1,26242.644,35669.272,9426.629,
Contact STARLINK-31085 - MoonARTEMIS1,37723.867,41418.426,3694.559,
Contact STARLINK-31085 - MoonARTEMIS1,43463.572,52915.181,9451.609,
Contact STARLINK-31085 - MoonARTEMIS1,54941.568,64410.266,9468.698,
Contact STARLINK-31085 - MoonARTEMIS1,66417.903,70157.245,3739.342,
Contact STARLINK-31085 - MoonARTEMIS1,72155.471,81650.077,9494.606,
Contact STARLINK-31085 - MoonARTEMIS1,83629.310,86400.000,2770.690,
Contact STARLINK-31085 - MoonARTEMIS2,0.000,6874.018,6874.018,
Contact STARLINK-31085 - MoonARTEMIS2,8987.872,12621.281,3633.409,
Contact STARLINK-31085 - MoonARTEMIS2,14729.201,24121.301,9392.100,
Contact STARLINK-31085 - MoonARTEMIS2,26215.383,33026.088,6810.705,
Contact STARLINK-31085 - MoonARTEMIS2,37710.231,41391.960,3681.729,
Contact STARLINK-31085 - MoonARTEMIS2,43447.175,52882.348,9435.173,
Contact STARLINK-31085 - MoonARTEMIS2,54919.521,64374.216,9454.696,
Contact STARLINK-31085 - MoonARTEMIS2,66392.526,70121.212,3728.686,
Contact STARLINK-31085 - MoonARTEMIS2,72129.408,81617.675,9488.267,
Contact STARLINK-31085 - MoonARTEMIS2,83604.049,86400.000,2795.951,
Contact STARLINK-31085 - MoonIOAGEO,0.000,3836.531,3836.531,
Contact STARLINK-31085 - MoonIOAGEO,9010.010,12656.769,3646.759,
Contact STARLINK-31085 - MoonIOAGEO,14752.343,24146.228,9393.885,
Contact STARLINK-31085 - MoonIOAGEO,26227.690,35625.785,9398.095,
Contact STARLINK-31085 - MoonIOAGEO,37700.934,41373.950,3673.015,
Contact STARLINK-31085 - MoonIOAGEO,43441.831,47129.368,3687.538,
Contact STARLINK-31085 - MoonIOAGEO,54928.240,64393.616,9465.376,
Contact STARLINK-31085 - MoonIOAGEO,66406.848,70135.486,3728.637,
Contact STARLINK-31085 - MoonIOAGEO,72142.432,81621.817,9479.385,
Contact STARLINK-31085 - MoonIOAGEO,83617.281,86400.000,2782.719,
Contact STARLINK-31085 - MoonIOAGNO,0.000,6907.978,6907.978,
Contact STARLINK-31085 - MoonIOAGNO,9013.929,12645.490,3631.561,
Contact STARLINK-31085 - MoonIOAGNO,14740.144,24118.991,9378.847,
Contact STARLINK-31085 - MoonIOAGNO,26203.416,35619.972,9416.557,
Contact STARLINK-31085 - MoonIOAGNO,37687.146,41376.186,3689.040,
Contact STARLINK-31085 - MoonIOAGNO,43434.673,52890.401,9455.728,
Contact STARLINK-31085 - MoonIOAGNO,54928.296,64358.916,9430.621,
Contact STARLINK-31085 - MoonIOAGNO,66379.774,70108.118,3728.343,
Contact STARLINK-31085 - MoonIOAGNO,72116.563,81622.411,9505.848,
Contact STARLINK-31085 - MoonIOAGNO,83603.892,86400.000,2796.108,
Contact STARLINK-31085 - MoonIOAGNO 0001,0.000,6880.770,6880.770,
Contact STARLINK-31085 - MoonIOAGNO 0001,8985.278,12630.750,3645.472,
Contact STARLINK-31085 - MoonIOAGNO 0001,14728.358,24140.550,9412.192,
Contact STARLINK-31085 - MoonIOAGNO 0001,26224.915,35628.197,9403.282,
Contact STARLINK-31085 - MoonIOAGNO 0001,37694.830,41363.912,3669.082,
Contact STARLINK-31085 - MoonIOAGNO 0001,43424.226,52860.877,9436.651,
Contact STARLINK-31085 - MoonIOAGNO 0001,54900.884,64376.027,9475.143,
Contact STARLINK-31085 - MoonIOAGNO 0001,66394.351,70137.852,3743.501,
Contact STARLINK-31085 - MoonIOAGNO 0001,72146.851,81618.440,9471.588,
Contact STARLINK-31085 - MoonIOAGNO 0001,83603.345,86400.000,2796.655,
Contact STARLINK-31085 - MoonIOAGSO,0.000,6898.246,6898.246,
Contact STARLINK-31085 - MoonIOAGSO,9273.658,12649.726,3376.069,
Contact STARLINK-31085 - MoonIOAGSO,14752.553,24151.854,9399.301,
Contact STARLINK-31085 - MoonIOAGSO,26244.424,35641.876,9397.452,
Contact STARLINK-31085 - MoonIOAGSO,37720.301,41385.467,3665.166,
Contact STARLINK-31085 - MoonIOAGSO,43453.863,51876.998,8423.134,
Contact STARLINK-31085 - MoonIOAGSO,54921.801,64392.857,9471.055,
Contact STARLINK-31085 - MoonIOAGSO,66422.577,70141.965,3719.388,
Contact STARLINK-31085 - MoonIOAGSO,72164.090,81636.323,9472.233,
Contact STARLINK-31085 - MoonIOAGSO,83636.158,86400.000,2763.842,
Contact STARLINK-31085 - MoonIOAGSO 0001,0.000,6911.888,6911.888,
Contact STARLINK-31085 - MoonIOAGSO 0001,9024.246,12655.449,3631.203,
Contact STARLINK-31085 - MoonIOAGSO 0001,14761.604,24139.997,9378.393,
Contact STARLINK-31085 - MoonIOAGSO 0001,26228.311,35641.469,9413.159,
Contact STARLINK-31085 - MoonIOAGSO 0001,37714.504,41394.686,3680.182,
Contact STARLINK-31085 - MoonIOAGSO 0001,43462.080,52889.626,9427.546,
Contact STARLINK-31085 - MoonIOAGSO 0001,54942.996,64380.177,9437.181,
Contact STARLINK-31085 - MoonIOAGSO 0001,66410.755,70126.771,3716.016,
Contact STARLINK-31085 - MoonIOAGSO 0001,72140.266,81646.542,9506.276,
Contact STARLINK-31085 - MoonIOAGSO 0001,83637.290,86400.000,2762.710,
Contact STARLINK-31085 - MoonLRO,3271.550,4141.795,870.245,
Contact STARLINK-31085 - MoonLRO,9007.554,10992.781,1985.227,
Contact STARLINK-31085 - MoonLRO,20711.273,24144.836,3433.563,
Contact STARLINK-31085 - MoonLRO,27554.745,29889.789,2335.043,
Contact STARLINK-31085 - MoonLRO,49181.878,51979.844,2797.966,
Contact STARLINK-31085 - MoonLRO,54919.720,58635.414,3715.694,
Contact STARLINK-31085 - MoonLRO,75383.146,79279.038,3895.893,
Contact STARLINK-31085 - MarsSat1,195.912,9553.860,9357.948,
Contact STARLINK-31085 - MarsSat1,11669.992,21026.417,9356.424,
Contact STARLINK-31085 - MarsSat1,23144.011,26762.710,3618.699,
Contact STARLINK-31085 - MarsSat1,28881.006,38235.334,9354.329,
Contact STARLINK-31085 - MarsSat1,40354.977,49708.012,9353.035,
Contact STARLINK-31085 - MarsSat1,51828.924,61180.729,9351.805,
Contact STARLINK-31085 - MarsSat1,63302.833,66917.097,3614.263,
Contact STARLINK-31085 - MarsSat1,69039.766,78389.839,9350.073,
Contact STARLINK-31085 - MarsSat1,80513.578,86400.000,5886.422,
Contact STARLINK-31085 - MarsSat2,195.972,9553.964,9357.992,
Contact STARLINK-31085 - MarsSat2,11670.102,21026.554,9356.452,
Contact STARLINK-31085 - MarsSat2,23144.163,26762.856,3618.693,
Contact STARLINK-31085 - MarsSat2,28881.169,38235.474,9354.305,
Contact STARLINK-31085 - MarsSat2,40355.135,49708.115,9352.979,
Contact STARLINK-31085 - MarsSat2,51829.043,61180.780,9351.737,
Contact STARLINK-31085 - MarsSat2,63302.895,66917.122,3614.228,
Contact STARLINK-31085 - MarsSat2,69039.801,78389.828,9350.028,
Contact STARLINK-31085 - MarsSat2,80513.575,86400.000,5886.425,
Contact STARLINK-31085 - MarsSat3,195.940,9553.925,9357.985,
Contact STARLINK-31085 - MarsSat3,11670.060,21026.490,9356.430,
Contact STARLINK-31085 - MarsSat3,23144.094,26762.776,3618.682,
Contact STARLINK-31085 - MarsSat3,28881.083,38235.363,9354.280,
Contact STARLINK-31085 - MarsSat3,40355.015,49707.983,9352.968,
Contact STARLINK-31085 - MarsSat3,51828.898,61180.662,9351.764,
Contact STARLINK-31085 - MarsSat3,63302.766,66917.035,3614.269,
Contact STARLINK-31085 - MarsSat3,69039.706,78389.830,9350.124,
Contact STARLINK-31085 - MarsSat3,80513.570,86400.000,5886.430,
Contact STARLINK-31085 - MarsSat4,195.900,9553.835,9357.935,
Contact STARLINK-31085 - MarsSat4,11669.963,21026.442,9356.479,
Contact STARLINK-31085 - MarsSat4,23144.055,26762.779,3618.724,
Contact STARLINK-31085 - MarsSat4,28881.084,38235.373,9354.289,
Contact STARLINK-31085 - MarsSat4,40355.016,49708.003,9352.987,
Contact STARLINK-31085 - MarsSat4,51828.927,61180.746,9351.820,
Contact STARLINK-31085 - MarsSat4,63302.846,66917.082,3614.236,
Contact STARLINK-31085 - MarsSat4,69039.742,78389.765,9350.023,
Contact STARLINK-31085 - MarsSat4,80513.500,86400.000,5886.500,
Contact STARLINK-2635 - STARLINK-3295,6971.212,7836.375,865.163,
Contact STARLINK-2635 - STARLINK-3295,21268.283,22136.953,868.670,
Contact STARLINK-2635 - STARLINK-3295,35566.380,36436.744,870.364,
Contact STARLINK-2635 - STARLINK-3295,49863.524,50737.204,873.680,
Contact STARLINK-2635 - STARLINK-3295,64161.638,65036.919,875.280,
Contact STARLINK-2635 - STARLINK-3295,75599.766,79337.263,3737.496,
Contact STARLINK-2635 - STARLINK-30610,0.000,46746.362,46746.362,
Contact STARLINK-2635 - STARLINK-30610,50451.630,60613.824,10162.194,
Contact STARLINK-2635 - STARLINK-30610,68137.775,69026.467,888.692,
Contact STARLINK-2635 - STARLINK-32223,85580.181,86400.000,819.819,
Contact STARLINK-2635 - STARLINK-1580,2983.392,3613.763,630.371,
Contact STARLINK-2635 - STARLINK-1580,28728.226,29324.418,596.191,
Contact STARLINK-2635 - STARLINK-1580,43043.161,43596.192,553.031,
Contact STARLINK-2635 - STARLINK-1580,57344.026,57881.466,537.441,
Contact STARLINK-2635 - STARLINK-1580,71661.717,72150.402,488.685,
Contact STARLINK-2635 - STARLINK-1580,85964.034,86400.000,435.966,
Contact STARLINK-2635 - STARLINK-31931,24883.399,25488.725,605.326,
Contact STARLINK-2635 - STARLINK-31931,38911.027,39775.207,864.180,
Contact STARLINK-2635 - STARLINK-31931,50183.465,51153.424,969.959,
Contact STARLINK-2635 - STARLINK-31931,64323.658,65326.040,1002.382,
Contact STARLINK-2635 - STARLINK-31931,78509.889,79452.647,942.758,
Contact STARLINK-2635 - STARLINK-2658,10183.803,10957.794,773.991,
Contact STARLINK-2635 - STARLINK-2658,24504.106,25264.123,760.017,
Contact STARLINK-2635 - STARLINK-2658,35958.654,36710.655,752.001,
Contact STARLINK-2635 - STARLINK-2658,50274.586,51020.767,746.181,
Contact STARLINK-2635 - STARLINK-2658,64595.470,65326.474,731.004,
Contact STARLINK-2635 - STARLINK-2658,78911.626,79636.304,724.678,
Contact STARLINK-2635 - STARLINK-3601,0.000,6638.883,6638.883,
Contact STARLINK-2635 - STARLINK-3601,13944.041,20973.549,7029.508,
Contact STARLINK-2635 - STARLINK-3601,28113.287,35407.548,7294.262,
Contact STARLINK-2635 - STARLINK-3601,36674.534,49747.971,13073.437,
Contact STARLINK-2635 - STARLINK-3601,50849.531,64184.649,13335.119,
Contact STARLINK-2635 - STARLINK-3601,65080.477,78545.556,13465.080,
Contact STARLINK-2635 - STARLINK-3601,79243.876,86400.000,7156.124,
Contact STARLINK-2635 - STARLINK-6241,2968.362,10175.972,7207.610,
Contact STARLINK-2635 - STARLINK-6241,17339.255,18754.007,1414.752,
Contact STARLINK-2635 - STARLINK-6241,31739.895,33016.008,1276.114,
Contact STARLINK-2635 - STARLINK-6241,46123.522,47294.138,1170.617,
Contact STARLINK-2635 - STARLINK-6241,60544.089,61536.229,992.140,
Contact STARLINK-2635 - STARLINK-6241,74948.320,75793.902,845.581,
Contact STARLINK-2635 - STARLINK-31530,3378.679,7244.421,3865.742,
Contact STARLINK-2635 - STARLINK-31530,17560.253,18540.486,980.233,
Contact STARLINK-2635 - STARLINK-31530,31810.035,32602.429,792.395,
Contact STARLINK-2635 - STARLINK-32088,4298.846,66260.392,61961.546,
Contact STARLINK-2635 - STARLINK-5829,82078.698,82800.919,722.221,
Contact STARLINK-2635 - STARLINK-31939,3488.437,4256.087,767.650,
Contact STARLINK-2635 - STARLINK-31939,17510.795,18544.398,1033.602,
Contact STARLINK-2635 - STARLINK-31939,25971.390,32739.958,6768.569,
Contact STARLINK-2635 - STARLINK-31939,42959.686,46874.946,3915.260,
Contact STARLINK-2635 - STARLINK-31939,57191.703,58126.060,934.357,
Contact STARLINK-2635 - STARLINK-31939,71535.538,72092.791,557.253,
Contact STARLINK-2635 - STARLINK-3832,0.000,275.433,275.433,
Contact STARLINK-2635 - STARLINK-3832,13670.495,14571.210,900.716,
Contact STARLINK-2635 - STARLINK-3832,25115.130,28882.440,3767.310,
Contact STARLINK-2635 - STARLINK-3832,39413.318,40325.216,911.898,
Contact STARLINK-2635 - STARLINK-3832,53726.736,54620.909,894.173,
Contact STARLINK-2635 - STARLINK-3832,68024.922,68932.088,907.166,
Contact STARLINK-2635 - STARLINK-3832,82338.366,83227.719,889.354,
Contact STARLINK-2635 - STARLINK-1776,0.000,167.921,167.921,
Contact STARLINK-2635 - STARLINK-1776,13692.043,14470.185,778.142,
Contact STARLINK-2635 - STARLINK-1776,25091.359,25915.892,824.533,
Contact STARLINK-2635 - STARLINK-1776,39336.279,40227.158,890.879,
Contact STARLINK-2635 - STARLINK-1776,53597.969,54521.610,923.641,
Contact STARLINK-2635 - STARLINK-1776,67848.651,68827.017,978.366,
Contact STARLINK-2635 - STARLINK-1776,82114.621,83116.963,1002.342,
Contact STARLINK-2635 - STARLINK-6199,6726.903,7254.196,527.293,
Contact STARLINK-2635 - STARLINK-2214,3176.392,4036.213,859.821,
Contact STARLINK-2635 - STARLINK-2214,17473.299,18335.388,862.088,
Contact STARLINK-2635 - STARLINK-2214,31778.406,32626.652,848.246,
Contact STARLINK-2635 - STARLINK-2214,46075.365,46925.682,850.317,
Contact STARLINK-2635 - STARLINK-2214,57516.247,61216.723,3700.475,
Contact STARLINK-2635 - STARLINK-2214,71821.563,72652.646,831.083,
Contact STARLINK-2635 - STARLINK-2214,86118.595,86400.000,281.405,
Contact STARLINK-2635 - STARLINK-3506,0.000,6688.481,6688.481,
Contact STARLINK-2635 - STARLINK-3506,7786.910,20999.466,13212.555,
Contact STARLINK-2635 - STARLINK-3506,22034.729,35346.358,13311.628,
Contact STARLINK-2635 - STARLINK-3506,36309.142,49658.010,13348.868,
Contact STARLINK-2635 - STARLINK-3506,50557.437,61121.885,10564.448,
Contact STARLINK-2635 - STARLINK-3506,64829.998,75470.095,10640.097,
Contact STARLINK-2635 - STARLINK-3506,76237.477,86400.000,10162.523,
Contact STARLINK-2635 - STARLINK-11136 [DTC],10462.034,11072.091,610.057,
Contact STARLINK-2635 - STARLINK-11136 [DTC],21578.895,25202.197,3623.302,
Contact STARLINK-2635 - STARLINK-11136 [DTC],35600.167,36409.021,808.854,
Contact STARLINK-2635 - STARLINK-31325,0.000,35769.807,35769.807,
Contact STARLINK-2635 - STARLINK-31325,36518.588,49628.326,13109.738,
Contact STARLINK-2635 - STARLINK-31325,56945.442,57932.043,986.602,
Contact STARLINK-2635 - STARLINK-5628,6933.207,7896.928,963.721,
Contact STARLINK-2635 - STARLINK-5628,21254.514,22263.897,1009.384,
Contact STARLINK-2635 - STARLINK-5628,35585.896,36620.008,1034.112,
Contact STARLINK-2635 - STARLINK-5628,49916.046,50977.997,1061.951,
Contact STARLINK-2635 - STARLINK-5628,64256.080,65325.516,1069.437,
Contact STARLINK-2635 - STARLINK-5628,78594.699,79674.909,1080.210,
Contact STARLINK-2635 - STARLINK-11092 [DTC],0.000,585.736,585.736,
Contact STARLINK-2635 - STARLINK-11072 [DTC],0.000,26497.721,26497.721,
Contact STARLINK-2635 - STARLINK-5176,0.000,86400.000,86400.000,
Contact STARLINK-2635 - STARLINK-2042,0.000,7031.345,7031.345,
Contact STARLINK-2635 - STARLINK-2042,10932.657,21327.165,10394.507,
Contact STARLINK-2635 - STARLINK-2042,25245.782,35644.576,10398.794,
Contact STARLINK-2635 - STARLINK-2042,36689.810,49940.300,13250.490,
Contact STARLINK-2635 - STARLINK-2042,50986.809,64257.582,13270.774,
Contact STARLINK-2635 - STARLINK-2042,65299.950,78553.211,13253.261,
Contact STARLINK-2635 - STARLINK-2042,79597.032,86400.000,6802.968,
Contact STARLINK-2635 - STARLINK-6319,0.000,3822.795,3822.795,
Contact STARLINK-2635 - STARLINK-6319,14166.991,18204.719,4037.728,
Contact STARLINK-2635 - STARLINK-6319,28447.046,35446.400,6999.355,
Contact STARLINK-2635 - STARLINK-6319,42748.284,49802.135,7053.851,
Contact STARLINK-2635 - STARLINK-6319,57036.909,64169.776,7132.866,
Contact STARLINK-2635 - STARLINK-6319,71345.407,78518.143,7172.736,
Contact STARLINK-2635 - STARLINK-6319,79919.728,86400.000,6480.272,
Contact STARLINK-2635 - MoonARTEMIS1,1222.432,13563.577,12341.145,
Contact STARLINK-2635 - MoonARTEMIS1,15041.297,25125.706,10084.409,
Contact STARLINK-2635 - MoonARTEMIS1,26543.454,42435.228,15891.774,
Contact STARLINK-2635 - MoonARTEMIS1,43789.717,53961.134,10171.416,
Contact STARLINK-2635 - MoonARTEMIS1,55285.275,71234.626,15949.351,
Contact STARLINK-2635 - MoonARTEMIS1,72526.158,82742.236,10216.078,
Contact STARLINK-2635 - MoonARTEMIS1,84017.875,86400.000,2382.125,
Contact STARLINK-2635 - MoonARTEMIS2,0.000,13456.158,13456.158,
Contact STARLINK-2635 - MoonARTEMIS2,14969.768,25002.816,10033.048,
Contact STARLINK-2635 - MoonARTEMIS2,26465.767,42382.523,15916.756,
Contact STARLINK-2635 - MoonARTEMIS2,43738.535,53917.099,10178.564,
Contact STARLINK-2635 - MoonARTEMIS2,55218.810,71212.860,15994.050,
Contact STARLINK-2635 - MoonARTEMIS2,72451.606,82740.475,10288.869,
Contact STARLINK-2635 - MoonARTEMIS2,83951.356,86400.000,2448.644,
Contact STARLINK-2635 - MoonIOAGEO,0.000,3852.588,3852.588,
Contact STARLINK-2635 - MoonIOAGEO,9279.656,13546.460,4266.804,
Contact STARLINK-2635 - MoonIOAGEO,15027.102,25062.448,10035.347,
Contact STARLINK-2635 - MoonIOAGEO,26498.073,42321.114,15823.041,
Contact STARLINK-2635 - MoonIOAGEO,43714.703,47711.680,3996.977,
Contact STARLINK-2635 - MoonIOAGEO,55241.145,71202.504,15961.359,
Contact STARLINK-2635 - MoonIOAGEO,72479.320,82696.386,10217.067,
Contact STARLINK-2635 - MoonIOAGEO,83968.491,86400.000,2431.509,
Contact STARLINK-2635 - MoonIOAGNO,0.000,13497.639,13497.639,
Contact STARLINK-2635 - MoonIOAGNO,14993.830,25037.131,10043.301,
Contact STARLINK-2635 - MoonIOAGNO,26441.787,42381.071,15939.284,
Contact STARLINK-2635 - MoonIOAGNO,43709.476,53889.773,10180.297,
Contact STARLINK-2635 - MoonIOAGNO,55228.331,71214.034,15985.703,
Contact STARLINK-2635 - MoonIOAGNO,72417.201,82766.943,10349.742,
Contact STARLINK-2635 - MoonIOAGNO,83963.634,86400.000,2436.366,
Contact STARLINK-2635 - MoonIOAGNO 0001,0.000,13522.094,13522.094,
Contact STARLINK-2635 - MoonIOAGNO 0001,14972.928,25074.008,10101.080,
Contact STARLINK-2635 - MoonIOAGNO 0001,26496.039,42339.673,15843.634,
Contact STARLINK-2635 - MoonIOAGNO 0001,43675.165,53908.947,10233.782,
Contact STARLINK-2635 - MoonIOAGNO 0001,55169.997,71218.956,16048.959,
Contact STARLINK-2635 - MoonIOAGNO 0001,72499.544,82726.400,10226.856,
Contact STARLINK-2635 - MoonIOAGNO 0001,83942.819,86400.000,2457.181,
Contact STARLINK-2635 - MoonIOAGSO,0.000,13525.906,13525.906,
Contact STARLINK-2635 - MoonIOAGSO,15025.502,25019.980,9994.478,
Contact STARLINK-2635 - MoonIOAGSO,26527.696,42305.059,15777.363,
Contact STARLINK-2635 - MoonIOAGSO,43736.965,51892.810,8155.845,
Contact STARLINK-2635 - MoonIOAGSO,55225.028,71144.405,15919.377,
Contact STARLINK-2635 - MoonIOAGSO,72511.646,82665.824,10154.177,
Contact STARLINK-2635 - MoonIOAGSO,84001.704,86400.000,2398.296,
Contact STARLINK-2635 - MoonIOAGSO 0001,0.000,13476.318,13476.318,
Contact STARLINK-2635 - MoonIOAGSO 0001,15036.437,25016.766,9980.328,
Contact STARLINK-2635 - MoonIOAGSO 0001,26494.092,42333.818,15839.726,
Contact STARLINK-2635 - MoonIOAGSO 0001,43760.895,53836.765,10075.870,
Contact STARLINK-2635 - MoonIOAGSO 0001,55251.522,71174.691,15923.169,
Contact STARLINK-2635 - MoonIOAGSO 0001,72468.973,82717.510,10248.537,
Contact STARLINK-2635 - MoonIOAGSO 0001,84026.628,86400.000,2373.372,
Contact STARLINK-2635 - MoonLRO,259.700,10996.178,10736.478,
Contact STARLINK-2635 - MoonLRO,20744.216,24644.948,3900.732,
Contact STARLINK-2635 - MoonLRO,27559.624,30812.228,3252.605,
Contact STARLINK-2635 - MoonLRO,34407.533,36583.483,2175.950,
Contact STARLINK-2635 - MoonLRO,49471.912,51980.102,2508.190,
Contact STARLINK-2635 - MoonLRO,55214.883,58795.629,3580.746,
Contact STARLINK-2635 - MoonLRO,61701.621,65422.086,3720.465,
Contact STARLINK-2635 - MoonLRO,75380.180,79286.285,3906.105,
Contact STARLINK-2635 - MarsSat1,399.822,9835.771,9435.949,
Contact STARLINK-2635 - MarsSat1,11850.664,21290.119,9439.455,
Contact STARLINK-2635 - MarsSat1,23301.572,27017.334,3715.763,
Contact STARLINK-2635 - MarsSat1,29027.058,38471.865,9444.807,
Contact STARLINK-2635 - MarsSat1,40478.107,49926.541,9448.434,
Contact STARLINK-2635 - MarsSat1,51929.257,55653.932,3724.675,
Contact STARLINK-2635 - MarsSat1,57654.864,67108.798,9453.934,
Contact STARLINK-2635 - MarsSat1,69106.129,78563.747,9457.619,
Contact STARLINK-2635 - MarsSat1,80557.444,86400.000,5842.556,
Contact STARLINK-2635 - MarsSat2,399.904,9835.872,9435.968,
Contact STARLINK-2635 - MarsSat2,11850.795,21290.297,9439.502,
Contact STARLINK-2635 - MarsSat2,23301.741,27017.543,3715.803,
Contact STARLINK-2635 - MarsSat2,29027.235,38472.105,9444.870,
Contact STARLINK-2635 - MarsSat2,40478.271,49926.760,9448.489,
Contact STARLINK-2635 - MarsSat2,51929.372,55654.122,3724.750,
Contact STARLINK-2635 - MarsSat2,57654.947,67108.916,9453.969,
Contact STARLINK-2635 - MarsSat2,69106.151,78563.805,9457.654,
Contact STARLINK-2635 - MarsSat2,80557.426,86400.000,5842.574,
Contact STARLINK-2635 - MarsSat3,399.868,9835.831,9435.963,
Contact STARLINK-2635 - MarsSat3,11850.745,21290.231,9439.486,
Contact STARLINK-2635 - MarsSat3,23301.658,27017.459,3715.801,
Contact STARLINK-2635 - MarsSat3,29027.133,38471.972,9444.839,
Contact STARLINK-2635 - MarsSat3,40478.131,49926.575,9448.444,
Contact STARLINK-2635 - MarsSat3,51929.210,55653.916,3724.706,
Contact STARLINK-2635 - MarsSat3,57654.791,67108.713,9453.923,
Contact STARLINK-2635 - MarsSat3,69106.062,78563.685,9457.623,
Contact STARLINK-2635 - MarsSat3,80557.445,86400.000,5842.555,
Contact STARLINK-2635 - MarsSat4,399.812,9835.736,9435.924,
Contact STARLINK-2635 - MarsSat4,11850.632,21290.130,9439.497,
Contact STARLINK-2635 - MarsSat4,23301.629,27017.419,3715.790,
Contact STARLINK-2635 - MarsSat4,29027.145,38471.959,9444.814,
Contact STARLINK-2635 - MarsSat4,40478.139,49926.561,9448.422,
Contact STARLINK-2635 - MarsSat4,51929.255,55653.967,3724.712,
Contact STARLINK-2635 - MarsSat4,57654.892,67108.808,9453.916,
Contact STARLINK-2635 - MarsSat4,69106.094,78563.653,9457.560,
Contact STARLINK-2635 - MarsSat4,80557.353,86400.000,5842.647,
Contact STARLINK-5155 - STARLINK-31138,0.000,236.266,236.266,
Contact STARLINK-5155 - STARLINK-31138,10352.038,17303.316,6951.278,
Contact STARLINK-5155 - STARLINK-31138,24581.499,25816.503,1235.003,
Contact STARLINK-5155 - STARLINK-31138,33122.284,39999.261,6876.977,
Contact STARLINK-5155 - STARLINK-31138,50246.445,54141.615,3895.170,
Contact STARLINK-5155 - STARLINK-31138,64559.055,65436.769,877.713,
Contact STARLINK-5155 - STARLINK-31138,78903.792,79520.286,616.494,
Contact STARLINK-5155 - STARLINK-2736,10114.813,11064.780,949.967,
Contact STARLINK-5155 - STARLINK-2736,21551.290,25296.818,3745.528,
Contact STARLINK-5155 - STARLINK-2736,35857.772,36684.958,827.186,
Contact STARLINK-5155 - STARLINK-2736,50154.002,50923.794,769.792,
Contact STARLINK-5155 - STARLINK-2736,64471.992,65140.783,668.792,
Contact STARLINK-5155 - STARLINK-2736,78780.105,79367.570,587.465,
Contact STARLINK-5155 - STARLINK-5960,0.000,86400.000,86400.000,
Contact STARLINK-5155 - STARLINK-31673,3046.463,3987.073,940.610,
Contact STARLINK-5155 - STARLINK-31673,17318.125,18205.610,887.485,
Contact STARLINK-5155 - STARLINK-31673,28737.020,32425.773,3688.753,
Contact STARLINK-5155 - STARLINK-31673,43012.837,43793.737,780.900,
Contact STARLINK-5155 - STARLINK-31673,57305.069,57991.884,686.816,
Contact STARLINK-5155 - STARLINK-31673,71598.856,72188.860,590.004,
Contact STARLINK-5155 - STARLINK-2127,0.000,86400.000,86400.000,
Contact STARLINK-5155 - STARLINK-30756,0.000,86400.000,86400.000,
Contact STARLINK-5155 - STARLINK-1580,0.000,250.395,250.395,
Contact STARLINK-5155 - STARLINK-1580,10788.677,14540.106,3751.430,
Contact STARLINK-5155 - STARLINK-1580,25078.368,28840.239,3761.871,
Contact STARLINK-5155 - STARLINK-1580,39358.452,40275.995,917.542,
Contact STARLINK-5155 - STARLINK-1580,53648.316,54565.372,917.056,
Contact STARLINK-5155 - STARLINK-1580,67928.713,68864.939,936.226,
Contact STARLINK-5155 - STARLINK-1580,82218.752,83154.076,935.324,
Contact STARLINK-5155 - STARLINK-31812,0.000,130.795,130.795,
Contact STARLINK-5155 - STARLINK-31812,10562.970,11389.374,826.404,
Contact STARLINK-5155 - STARLINK-31812,24866.631,25391.347,524.716,
Contact STARLINK-5155 - STARLINK-1323,4082.277,11228.363,7146.086,
Contact STARLINK-5155 - STARLINK-1323,21238.098,28376.365,7138.267,
Contact STARLINK-5155 - STARLINK-1323,35542.691,42657.155,7114.464,
Contact STARLINK-5155 - STARLINK-1323,49831.342,56956.051,7124.709,
Contact STARLINK-5155 - STARLINK-1323,64136.102,65520.762,1384.660,
Contact STARLINK-5155 - STARLINK-1323,72706.128,79819.511,7113.382,
Contact STARLINK-5155 - STARLINK-3969,10303.728,11152.475,848.747,
Contact STARLINK-5155 - STARLINK-3969,24606.026,25444.653,838.627,
Contact STARLINK-5155 - STARLINK-3969,38897.594,39747.243,849.649,
Contact STARLINK-5155 - STARLINK-3969,50335.134,54039.424,3704.291,
Contact STARLINK-5155 - STARLINK-3969,64637.390,65477.325,839.935,
Contact STARLINK-5155 - STARLINK-3969,78928.963,79779.873,850.910,
Contact STARLINK-5155 - STARLINK-4201,0.000,86400.000,86400.000,
Contact STARLINK-5155 - STARLINK-31060,532.757,10630.605,10097.848,
Contact STARLINK-5155 - STARLINK-31060,17632.834,18791.479,1158.646,
Contact STARLINK-5155 - STARLINK-5972,3449.940,7202.874,3752.934,
Contact STARLINK-5155 - STARLINK-5972,17757.775,21603.378,3845.603,
Contact STARLINK-5155 - STARLINK-5972,32065.086,33110.785,1045.699,
Contact STARLINK-5155 - STARLINK-5972,46390.672,47480.969,1090.297,
Contact STARLINK-5155 - STARLINK-5972,60714.475,61856.100,1141.625,
Contact STARLINK-5155 - STARLINK-5972,75054.037,76211.783,1157.745,
Contact STARLINK-5155 - STARLINK-32210,0.000,86400.000,86400.000,
Contact STARLINK-5155 - STARLINK-31530,28521.977,28981.645,459.668,
Contact STARLINK-5155 - STARLINK-31530,42498.107,43311.218,813.111,
Contact STARLINK-5155 - STARLINK-31530,53742.762,54710.547,967.785,
Contact STARLINK-5155 - STARLINK-31530,67849.831,68907.526,1057.695,
Contact STARLINK-5155 - STARLINK-31530,79179.260,83039.972,3860.711,
Contact STARLINK-5155 - STARLINK-5093,3455.778,4251.292,795.514,
Contact STARLINK-5155 - STARLINK-5093,17756.828,18655.053,898.225,
Contact STARLINK-5155 - STARLINK-5093,32055.410,33064.977,1009.567,
Contact STARLINK-5155 - STARLINK-5093,46379.986,47444.725,1064.738,
Contact STARLINK-5155 - STARLINK-5093,60700.003,61832.485,1132.481,
Contact STARLINK-5155 - STARLINK-5093,75041.936,76194.531,1152.594,
Contact STARLINK-5155 - STARLINK-5591,6482.667,13893.446,7410.779,
Contact STARLINK-5155 - STARLINK-5591,15070.711,28283.276,13212.565,
Contact STARLINK-5155 - STARLINK-5591,29419.579,42623.304,13203.725,
Contact STARLINK-5155 - STARLINK-5591,43785.225,56960.336,13175.110,
Contact STARLINK-5155 - STARLINK-5591,58186.936,71251.296,13064.360,
Contact STARLINK-5155 - STARLINK-5591,72600.969,79834.250,7233.280,
Contact STARLINK-5155 - STARLINK-32088,66081.427,86400.000,20318.573,
Contact STARLINK-5155 - STARLINK-5829,6505.464,7741.806,1236.342,
Contact STARLINK-5155 - STARLINK-5829,20870.272,22082.778,1212.506,
Contact STARLINK-5155 - STARLINK-5829,29500.266,36402.817,6902.551,
Contact STARLINK-5155 - STARLINK-5829,43875.040,50730.962,6855.922,
Contact STARLINK-5155 - STARLINK-5829,61138.788,65038.333,3899.544,
Contact STARLINK-5155 - STARLINK-5829,75537.881,79354.422,3816.541,
Contact STARLINK-5155 - STARLINK-3325,25149.617,25692.268,542.651,
Contact STARLINK-5155 - STARLINK-3325,39444.314,39997.038,552.724,
Contact STARLINK-5155 - STARLINK-3325,53744.139,54297.343,553.204,
Contact STARLINK-5155 - STARLINK-3325,68038.955,68601.976,563.021,
Contact STARLINK-5155 - STARLINK-3325,82338.760,82902.280,563.521,
Contact STARLINK-5155 - STARLINK-5850,0.000,86400.000,86400.000,
Contact STARLINK-5155 - STARLINK-31939,67978.513,68720.077,741.565,
Contact STARLINK-5155 - STARLINK-31939,79174.836,83011.572,3836.736,
Contact STARLINK-5155 - STARLINK-5453,6829.803,7608.625,778.822,
Contact STARLINK-5155 - STARLINK-5453,21072.388,21967.717,895.329,
Contact STARLINK-5155 - STARLINK-5453,35399.629,36230.943,831.314,
Contact STARLINK-5155 - STARLINK-5453,49645.198,50587.131,941.933,
Contact STARLINK-5155 - STARLINK-5453,61074.542,64852.018,3777.476,
Contact STARLINK-5155 - STARLINK-5453,75399.342,79205.736,3806.394,
Contact STARLINK-5155 - STARLINK-31082,6945.966,11108.044,4162.078,
Contact STARLINK-5155 - STARLINK-31082,21137.838,28419.187,7281.349,
Contact STARLINK-5155 - STARLINK-31082,35372.809,42830.097,7457.289,
Contact STARLINK-5155 - STARLINK-31082,43884.574,57270.383,13385.809,
Contact STARLINK-5155 - STARLINK-31082,58114.855,71702.090,13587.235,
Contact STARLINK-5155 - STARLINK-31082,72295.083,86208.952,13913.869,
Contact STARLINK-5155 - STARLINK-4569,7064.377,11019.209,3954.832,
Contact STARLINK-5155 - STARLINK-4569,21342.047,25418.809,4076.763,
Contact STARLINK-5155 - STARLINK-4569,35649.981,42697.152,7047.171,
Contact STARLINK-5155 - STARLINK-4569,49942.461,57092.770,7150.309,
Contact STARLINK-5155 - STARLINK-4569,64264.522,71471.862,7207.340,
Contact STARLINK-5155 - STARLINK-4569,78571.926,85851.377,7279.450,
Contact STARLINK-5155 - STARLINK-4328,6605.520,7424.497,818.976,
Contact STARLINK-5155 - STARLINK-4328,20931.502,21784.222,852.720,
Contact STARLINK-5155 - STARLINK-4328,32397.106,36132.753,3735.647,
Contact STARLINK-5155 - STARLINK-4328,46735.301,50490.160,3754.858,
Contact STARLINK-5155 - STARLINK-4328,61064.813,64835.965,3771.152,
Contact STARLINK-5155 - STARLINK-4328,75405.991,76315.623,909.632,
Contact STARLINK-5155 - STARLINK-2214,0.000,413.641,413.641,
Contact STARLINK-5155 - STARLINK-2214,14106.108,14706.059,599.951,
Contact STARLINK-5155 - STARLINK-2214,28394.330,29007.580,613.249,
Contact STARLINK-5155 - STARLINK-2214,42690.945,43299.996,609.051,
Contact STARLINK-5155 - STARLINK-2214,56979.213,57601.407,622.194,
Contact STARLINK-5155 - STARLINK-2214,82709.694,83331.318,621.625,
Contact STARLINK-5155 - STARLINK-11136 [DTC],46283.012,46905.947,622.935,
Contact STARLINK-5155 - STARLINK-11136 [DTC],57406.910,58210.879,803.970,
Contact STARLINK-5155 - STARLINK-11136 [DTC],71425.882,72225.993,800.111,
Contact STARLINK-5155 - STARLINK-11136 [DTC],82737.078,83343.915,606.837,
Contact STARLINK-5155 - STARLINK-31325,53696.192,54320.367,624.176,
Contact STARLINK-5155 - STARLINK-31325,61865.857,71990.907,10125.050,
Contact STARLINK-5155 - STARLINK-31325,75672.715,86400.000,10727.285,
Contact STARLINK-5155 - STARLINK-11092 [DTC],10189.117,11452.718,1263.600,
Contact STARLINK-5155 - STARLINK-11092 [DTC],18536.434,25453.749,6917.315,
Contact STARLINK-5155 - STARLINK-11092 [DTC],35764.227,36293.266,529.040,
Contact STARLINK-5155 - STARLINK-11072 [DTC],29875.584,59302.009,29426.425,
Contact STARLINK-5155 - STARLINK-6319,0.000,134.313,134.313,
Contact STARLINK-5155 - MoonARTEMIS1,2154.510,6338.760,4184.250,
Contact STARLINK-5155 - MoonARTEMIS1,7896.912,17922.449,10025.537,
Contact STARLINK-5155 - MoonARTEMIS1,19387.812,35243.508,15855.695,
Contact STARLINK-5155 - MoonARTEMIS1,36611.880,46776.371,10164.491,
Contact STARLINK-5155 - MoonARTEMIS1,48092.718,64060.771,15968.054,
Contact STARLINK-5155 - MoonARTEMIS1,65313.034,75575.447,10262.413,
Contact STARLINK-5155 - MoonARTEMIS1,76792.399,86400.000,9607.601,
Contact STARLINK-5155 - MoonARTEMIS2,0.000,6272.861,6272.861,
Contact STARLINK-5155 - MoonARTEMIS2,7851.090,17801.074,9949.985,
Contact STARLINK-5155 - MoonARTEMIS2,19322.316,33022.119,13699.804,
Contact STARLINK-5155 - MoonARTEMIS2,36574.429,46720.019,10145.590,
Contact STARLINK-5155 - MoonARTEMIS2,48040.040,64019.158,15979.117,
Contact STARLINK-5155 - MoonARTEMIS2,65240.362,75553.271,10312.909,
Contact STARLINK-5155 - MoonARTEMIS2,76716.731,86400.000,9683.269,
Contact STARLINK-5155 - MoonIOAGEO,0.000,3879.544,3879.544,
Contact STARLINK-5155 - MoonIOAGEO,7893.930,17893.852,9999.921,
Contact STARLINK-5155 - MoonIOAGEO,19368.215,35121.500,15753.286,
Contact STARLINK-5155 - MoonIOAGEO,36549.932,46674.247,10124.315,
Contact STARLINK-5155 - MoonIOAGEO,51759.451,64039.285,12279.835,
Contact STARLINK-5155 - MoonIOAGEO,65280.926,75523.145,10242.219,
Contact STARLINK-5155 - MoonIOAGEO,76741.939,86400.000,9658.061,
Contact STARLINK-5155 - MoonIOAGNO,0.000,6355.337,6355.337,
Contact STARLINK-5155 - MoonIOAGNO,7900.502,17832.835,9932.332,
Contact STARLINK-5155 - MoonIOAGNO,19319.863,35163.292,15843.429,
Contact STARLINK-5155 - MoonIOAGNO,36517.298,46718.587,10201.289,
Contact STARLINK-5155 - MoonIOAGNO,48037.992,63990.271,15952.280,
Contact STARLINK-5155 - MoonIOAGNO,65204.229,75566.604,10362.375,
Contact STARLINK-5155 - MoonIOAGNO,76691.157,86400.000,9708.843,
Contact STARLINK-5155 - MoonIOAGNO 0001,0.000,6318.924,6318.924,
Contact STARLINK-5155 - MoonIOAGNO 0001,7843.988,17870.644,10026.657,
Contact STARLINK-5155 - MoonIOAGNO 0001,19327.379,35136.444,15809.065,
Contact STARLINK-5155 - MoonIOAGNO 0001,36544.015,46681.461,10137.446,
Contact STARLINK-5155 - MoonIOAGNO 0001,47979.148,64032.704,16053.556,
Contact STARLINK-5155 - MoonIOAGNO 0001,65239.748,75538.848,10299.100,
Contact STARLINK-5155 - MoonIOAGNO 0001,76762.799,86400.000,9637.201,
Contact STARLINK-5155 - MoonIOAGSO,0.000,6318.925,6318.925,
Contact STARLINK-5155 - MoonIOAGSO,9385.343,17857.337,8471.994,
Contact STARLINK-5155 - MoonIOAGSO,19383.655,35109.963,15726.308,
Contact STARLINK-5155 - MoonIOAGSO,36592.313,46654.119,10061.805,
Contact STARLINK-5155 - MoonIOAGSO,48039.639,63978.133,15938.494,
Contact STARLINK-5155 - MoonIOAGSO,65303.570,75477.984,10174.414,
Contact STARLINK-5155 - MoonIOAGSO,76791.054,86400.000,9608.946,
Contact STARLINK-5155 - MoonIOAGSO 0001,0.000,6312.699,6312.699,
Contact STARLINK-5155 - MoonIOAGSO 0001,7923.132,17822.286,9899.154,
Contact STARLINK-5155 - MoonIOAGSO 0001,19377.038,35167.658,15790.620,
Contact STARLINK-5155 - MoonIOAGSO 0001,36577.429,46658.352,10080.924,
Contact STARLINK-5155 - MoonIOAGSO 0001,48078.356,63944.621,15866.265,
Contact STARLINK-5155 - MoonIOAGSO 0001,65276.886,75560.661,10283.775,
Contact STARLINK-5155 - MoonIOAGSO 0001,76755.702,86400.000,9644.298,
Contact STARLINK-5155 - MoonLRO,2158.055,4170.328,2012.273,
Contact STARLINK-5155 - MoonLRO,7882.582,17812.132,9929.551,
Contact STARLINK-5155 - MoonLRO,20734.149,23620.556,2886.407,
Contact STARLINK-5155 - MoonLRO,27579.199,29387.934,1808.735,
Contact STARLINK-5155 - MoonLRO,42293.151,45149.764,2856.613,
Contact STARLINK-5155 - MoonLRO,48029.765,51961.874,3932.109,
Contact STARLINK-5155 - MoonLRO,54877.033,58225.029,3347.996,
Contact STARLINK-5155 - MoonLRO,71016.975,72460.252,1443.277,
Contact STARLINK-5155 - MoonLRO,76752.347,86115.146,9362.799,
Contact STARLINK-5155 - MarsSat1,0.000,2763.591,2763.591,
Contact STARLINK-5155 - MarsSat1,4799.392,14211.744,9412.352,
Contact STARLINK-5155 - MarsSat1,16244.307,19935.856,3691.549,
Contact STARLINK-5155 - MarsSat1,21966.791,31384.172,9417.381,
Contact STARLINK-5155 - MarsSat1,33411.823,42832.630,9420.807,
Contact STARLINK-5155 - MarsSat1,44856.951,48556.916,3699.965,
Contact STARLINK-5155 - MarsSat1,50579.549,60005.589,9426.040,
Contact STARLINK-5155 - MarsSat1,62024.803,71454.375,9429.572,
Contact STARLINK-5155 - MarsSat1,73470.114,86400.000,12929.886,
Contact STARLINK-5155 - MarsSat2,0.000,2763.651,2763.651,
Contact STARLINK-5155 - MarsSat2,4799.491,14211.875,9412.384,
Contact STARLINK-5155 - MarsSat2,16244.451,19936.022,3691.571,
Contact STARLINK-5155 - MarsSat2,21966.950,31384.388,9417.438,
Contact STARLINK-5155 - MarsSat2,33411.990,42832.853,9420.863,
Contact STARLINK-5155 - MarsSat2,44857.089,48557.123,3700.034,
Contact STARLINK-5155 - MarsSat2,50579.661,60005.738,9426.077,
Contact STARLINK-5155 - MarsSat2,62024.854,71454.455,9429.601,
Contact STARLINK-5155 - MarsSat2,73470.113,86400.000,12929.887,
Contact STARLINK-5155 - MarsSat3,0.000,2763.615,2763.615,
Contact STARLINK-5155 - MarsSat3,4799.454,14211.826,9412.372,
Contact STARLINK-5155 - MarsSat3,16244.391,19935.959,3691.568,
Contact STARLINK-5155 - MarsSat3,21966.874,31384.287,9417.413,
Contact STARLINK-5155 - MarsSat3,33411.877,42832.703,9420.827,
Contact STARLINK-5155 - MarsSat3,44856.943,48556.949,3700.006,
Contact STARLINK-5155 - MarsSat3,50579.508,60005.536,9426.028,
Contact STARLINK-5155 - MarsSat3,62024.723,71454.294,9429.571,
Contact STARLINK-5155 - MarsSat3,73470.076,86400.000,12929.924,
Contact STARLINK-5155 - MarsSat4,0.000,2763.569,2763.569,
Contact STARLINK-5155 - MarsSat4,4799.372,14211.708,9412.336,
Contact STARLINK-5155 - MarsSat4,16244.289,19935.852,3691.563,
Contact STARLINK-5155 - MarsSat4,21966.832,31384.275,9417.443,
Contact STARLINK-5155 - MarsSat4,33411.894,42832.688,9420.794,
Contact STARLINK-5155 - MarsSat4,44856.951,48556.935,3699.984,
Contact STARLINK-5155 - MarsSat4,50579.540,60005.633,9426.092,
Contact STARLINK-5155 - MarsSat4,62024.818,71454.342,9429.524,
Contact STARLINK-5155 - MarsSat4,73470.047,86400.000,12929.953,
Contact STARLINK-3295 - STARLINK-30610,7060.214,10828.580,3768.365,
Contact STARLINK-3295 - STARLINK-30610,21404.706,22273.089,868.383,
Contact STARLINK-3295 - STARLINK-30610,35757.311,36573.179,815.869,
Contact STARLINK-3295 - STARLINK-30610,50108.427,50875.101,766.673,
Contact STARLINK-3295 - STARLINK-30610,64468.796,65167.389,698.592,
Contact STARLINK-3295 - STARLINK-30610,78828.712,79460.565,631.853,
Contact STARLINK-3295 - STARLINK-3050,0.000,6993.267,6993.267,
Contact STARLINK-3295 - STARLINK-3050,10897.081,21389.028,10491.947,
Contact STARLINK-3295 - STARLINK-3050,25230.973,35728.772,10497.799,
Contact STARLINK-3295 - STARLINK-3050,39624.030,50051.439,10427.409,
Contact STARLINK-3295 - STARLINK-3050,56930.061,64321.853,7391.792,
Contact STARLINK-3295 - STARLINK-3050,71375.050,78583.589,7208.539,
Contact STARLINK-3295 - STARLINK-3050,85877.396,86400.000,522.604,
Contact STARLINK-3295 - STARLINK-32223,78960.888,79424.468,463.580,
Contact STARLINK-3295 - STARLINK-31931,35165.230,39184.877,4019.647,
Contact STARLINK-3295 - STARLINK-31931,40380.766,86400.000,46019.234,
Contact STARLINK-3295 - STARLINK-2658,0.000,86400.000,86400.000,
Contact STARLINK-3295 - STARLINK-3601,21563.594,22217.582,653.988,
Contact STARLINK-3295 - STARLINK-3601,35855.997,36508.696,652.699,
Contact STARLINK-3295 - STARLINK-3601,50143.935,50804.872,660.937,
Contact STARLINK-3295 - STARLINK-3601,64436.336,65095.949,659.612,
Contact STARLINK-3295 - STARLINK-3601,78724.288,79392.070,667.782,
Contact STARLINK-3295 - STARLINK-3603,64753.397,65102.550,349.153,
Contact STARLINK-3295 - STARLINK-3603,79054.733,79397.148,342.415,
Contact STARLINK-3295 - STARLINK-31060,3383.184,3776.583,393.399,
Contact STARLINK-3295 - STARLINK-30549,43123.806,43646.612,522.806,
Contact STARLINK-3295 - STARLINK-30549,56909.207,58225.921,1316.713,
Contact STARLINK-3295 - STARLINK-30549,65253.151,75518.473,10265.322,
Contact STARLINK-3295 - STARLINK-30549,79262.744,86400.000,7137.256,
Contact STARLINK-3295 - STARLINK-6241,10364.747,11302.369,937.621,
Contact STARLINK-3295 - STARLINK-6241,24644.847,25675.824,1030.976,
Contact STARLINK-3295 - STARLINK-6241,38942.979,40028.515,1085.536,
Contact STARLINK-3295 - STARLINK-6241,47515.187,54390.164,6874.977,
Contact STARLINK-3295 - STARLINK-6241,64676.294,68733.337,4057.043,
Contact STARLINK-3295 - STARLINK-6241,78987.421,83084.966,4097.546,
Contact STARLINK-3295 - STARLINK-5565,0.000,3752.578,3752.578,
Contact STARLINK-3295 - STARLINK-5565,14199.589,18053.015,3853.427,
Contact STARLINK-3295 - STARLINK-5565,28601.226,29491.633,890.407,
Contact STARLINK-3295 - STARLINK-5565,42999.273,43787.513,788.240,
Contact STARLINK-3295 - STARLINK-5565,57434.052,58046.250,612.198,
Contact STARLINK-3295 - STARLINK-5565,71880.908,72293.465,412.557,
Contact STARLINK-3295 - STARLINK-1227,39542.826,39881.949,339.123,
Contact STARLINK-3295 - STARLINK-1227,53869.131,54172.717,303.586,
Contact STARLINK-3295 - STARLINK-1227,68211.796,68447.963,236.166,
Contact STARLINK-3295 - STARLINK-1073,10292.187,11022.200,730.013,
Contact STARLINK-3295 - STARLINK-1073,24620.669,25324.980,704.312,
Contact STARLINK-3295 - STARLINK-1073,38950.243,39627.198,676.955,
Contact STARLINK-3295 - STARLINK-1073,64745.726,65368.152,622.425,
Contact STARLINK-3295 - STARLINK-1073,79078.714,79666.987,588.272,
Contact STARLINK-3295 - STARLINK-32088,10061.577,10971.629,910.052,
Contact STARLINK-3295 - STARLINK-32088,21361.056,22298.642,937.586,
Contact STARLINK-3295 - STARLINK-32088,35526.616,36416.107,889.491,
Contact STARLINK-3295 - STARLINK-32088,49738.519,50488.035,749.516,
Contact STARLINK-3295 - STARLINK-32088,61153.915,61700.251,546.336,
Contact STARLINK-3295 - STARLINK-31979,28757.683,29285.575,527.892,
Contact STARLINK-3295 - STARLINK-31979,42651.891,43777.688,1125.797,
Contact STARLINK-3295 - STARLINK-31979,51070.049,58119.365,7049.316,
Contact STARLINK-3295 - STARLINK-31979,65133.646,75245.740,10112.094,
Contact STARLINK-3295 - STARLINK-31979,82114.380,86400.000,4285.620,
Contact STARLINK-3295 - STARLINK-31939,0.000,346.656,346.656,
Contact STARLINK-3295 - STARLINK-4569,2955.148,3733.354,778.206,
Contact STARLINK-3295 - STARLINK-4569,17297.223,18075.040,777.818,
Contact STARLINK-3295 - STARLINK-4569,28766.811,32426.461,3659.650,
Contact STARLINK-3295 - STARLINK-4569,43098.957,43902.470,803.513,
Contact STARLINK-3295 - STARLINK-4569,57443.578,58241.466,797.888,
Contact STARLINK-3295 - STARLINK-4569,71777.765,72589.785,812.020,
Contact STARLINK-3295 - STARLINK-4569,86123.823,86400.000,276.177,
Contact STARLINK-3295 - STARLINK-6199,0.000,6491.060,6491.060,
Contact STARLINK-3295 - STARLINK-6199,7366.057,17964.301,10598.244,
Contact STARLINK-3295 - STARLINK-6199,21667.152,32313.542,10646.390,
Contact STARLINK-3295 - STARLINK-6199,33109.064,46627.210,13518.146,
Contact STARLINK-3295 - STARLINK-6199,47413.991,60960.854,13546.862,
Contact STARLINK-3295 - STARLINK-6199,61735.382,75259.190,13523.808,
Contact STARLINK-3295 - STARLINK-6199,76056.004,86400.000,10343.996,
Contact STARLINK-3295 - STARLINK-4328,0.000,522.848,522.848,
Contact STARLINK-3295 - STARLINK-4328,13766.404,14890.034,1123.629,
Contact STARLINK-3295 - STARLINK-4328,28104.442,29237.837,1133.394,
Contact STARLINK-3295 - STARLINK-4328,36701.469,43593.141,6891.672,
Contact STARLINK-3295 - STARLINK-4328,53911.475,57930.390,4018.915,
Contact STARLINK-3295 - STARLINK-4328,68263.490,72275.497,4012.007,
Contact STARLINK-3295 - STARLINK-4328,82609.683,86400.000,3790.317,
Contact STARLINK-3295 - STARLINK-3506,7120.133,7680.803,560.670,
Contact STARLINK-3295 - STARLINK-3506,21400.017,21981.990,581.973,
Contact STARLINK-3295 - STARLINK-3506,35691.379,36270.932,579.553,
Contact STARLINK-3295 - STARLINK-3506,49971.575,50571.763,600.188,
Contact STARLINK-3295 - STARLINK-3506,64262.937,64860.663,597.727,
Contact STARLINK-3295 - STARLINK-11136 [DTC],14310.345,46570.054,32259.709,
Contact STARLINK-3295 - STARLINK-5628,0.000,86400.000,86400.000,
Contact STARLINK-3295 - STARLINK-11092 [DTC],82721.357,83502.673,781.316,
Contact STARLINK-3295 - STARLINK-5176,7092.162,10843.803,3751.641,
Contact STARLINK-3295 - STARLINK-5176,21390.134,22281.467,891.333,
Contact STARLINK-3295 - STARLINK-5176,35689.758,36577.581,887.823,
Contact STARLINK-3295 - STARLINK-5176,49987.783,50875.544,887.762,
Contact STARLINK-3295 - STARLINK-5176,64287.420,65171.614,884.194,
Contact STARLINK-3295 - STARLINK-5176,78585.498,79469.507,884.008,
Contact STARLINK-3295 - STARLINK-4522,71767.321,72243.375,476.054,
Contact STARLINK-3295 - STARLINK-4522,86043.785,86400.000,356.215,
Contact STARLINK-3295 - MoonARTEMIS1,4033.034,13801.073,9768.039,
Contact STARLINK-3295 - MoonARTEMIS1,15585.499,31037.808,15452.309,
Contact STARLINK-3295 - MoonARTEMIS1,32853.553,42514.035,9660.482,
Contact STARLINK-3295 - MoonARTEMIS1,44349.951,53983.318,9633.366,
Contact STARLINK-3295 - MoonARTEMIS1,55838.512,59715.917,3877.406,
Contact STARLINK-3295 - MoonARTEMIS1,61580.413,71177.670,9597.257,
Contact STARLINK-3295 - MoonARTEMIS1,73060.159,82635.279,9575.119,
Contact STARLINK-3295 - MoonARTEMIS1,84535.206,86400.000,1864.794,
Contact STARLINK-3295 - MoonARTEMIS2,0.000,2238.968,2238.968,
Contact STARLINK-3295 - MoonARTEMIS2,4000.597,13727.943,9727.347,
Contact STARLINK-3295 - MoonARTEMIS2,15503.074,30978.943,15475.869,
Contact STARLINK-3295 - MoonARTEMIS2,34878.290,42478.740,7600.450,
Contact STARLINK-3295 - MoonARTEMIS2,44311.902,53942.136,9630.234,
Contact STARLINK-3295 - MoonARTEMIS2,55800.774,59673.328,3872.553,
Contact STARLINK-3295 - MoonARTEMIS2,61543.699,71135.838,9592.139,
Contact STARLINK-3295 - MoonARTEMIS2,73028.283,82598.811,9570.528,
Contact STARLINK-3295 - MoonARTEMIS2,84511.860,86400.000,1888.140,
Contact STARLINK-3295 - MoonIOAGEO,0.000,2281.196,2281.196,
Contact STARLINK-3295 - MoonIOAGEO,9807.002,13789.622,3982.620,
Contact STARLINK-3295 - MoonIOAGEO,15569.670,30984.461,15414.791,
Contact STARLINK-3295 - MoonIOAGEO,32778.786,42456.610,9677.823,
Contact STARLINK-3295 - MoonIOAGEO,44276.121,47734.166,3458.045,
Contact STARLINK-3295 - MoonIOAGEO,55808.751,59695.319,3886.568,
Contact STARLINK-3295 - MoonIOAGEO,61562.593,71152.616,9590.024,
Contact STARLINK-3295 - MoonIOAGEO,73030.040,82608.781,9578.740,
Contact STARLINK-3295 - MoonIOAGEO,84504.271,86400.000,1895.729,
Contact STARLINK-3295 - MoonIOAGNO,0.000,2290.870,2290.870,
Contact STARLINK-3295 - MoonIOAGNO,4060.453,13761.175,9700.721,
Contact STARLINK-3295 - MoonIOAGNO,15527.875,30963.406,15435.531,
Contact STARLINK-3295 - MoonIOAGNO,32790.495,42460.145,9669.650,
Contact STARLINK-3295 - MoonIOAGNO,44303.633,53952.208,9648.575,
Contact STARLINK-3295 - MoonIOAGNO,55784.156,59660.783,3876.628,
Contact STARLINK-3295 - MoonIOAGNO,61519.406,71121.283,9601.878,
Contact STARLINK-3295 - MoonIOAGNO,73017.744,82604.403,9586.659,
Contact STARLINK-3295 - MoonIOAGNO,84524.319,86400.000,1875.681,
Contact STARLINK-3295 - MoonIOAGNO 0001,0.000,2256.434,2256.434,
Contact STARLINK-3295 - MoonIOAGNO 0001,4034.263,13750.351,9716.088,
Contact STARLINK-3295 - MoonIOAGNO 0001,15550.143,31004.742,15454.599,
Contact STARLINK-3295 - MoonIOAGNO 0001,32794.262,42439.519,9645.256,
Contact STARLINK-3295 - MoonIOAGNO 0001,44275.726,53916.351,9640.625,
Contact STARLINK-3295 - MoonIOAGNO 0001,55783.921,59661.350,3877.430,
Contact STARLINK-3295 - MoonIOAGNO 0001,61539.390,71158.736,9619.346,
Contact STARLINK-3295 - MoonIOAGNO 0001,73044.645,82599.542,9554.897,
Contact STARLINK-3295 - MoonIOAGNO 0001,84504.646,86400.000,1895.354,
Contact STARLINK-3295 - MoonIOAGSO,0.000,2285.166,2285.166,
Contact STARLINK-3295 - MoonIOAGSO,4021.590,13779.652,9758.062,
Contact STARLINK-3295 - MoonIOAGSO,15548.731,31005.433,15456.702,
Contact STARLINK-3295 - MoonIOAGSO,32770.001,42471.324,9701.322,
Contact STARLINK-3295 - MoonIOAGSO,44270.436,52122.527,7852.091,
Contact STARLINK-3295 - MoonIOAGSO,55800.236,59693.146,3892.910,
Contact STARLINK-3295 - MoonIOAGSO,61543.351,71168.980,9625.630,
Contact STARLINK-3295 - MoonIOAGSO,73021.895,82629.023,9607.128,
Contact STARLINK-3295 - MoonIOAGSO,84507.143,86400.000,1892.857,
Contact STARLINK-3295 - MoonIOAGSO 0001,0.000,2302.782,2302.782,
Contact STARLINK-3295 - MoonIOAGSO 0001,4020.199,13779.802,9759.603,
Contact STARLINK-3295 - MoonIOAGSO 0001,15512.765,29898.773,14386.008,
Contact STARLINK-3295 - MoonIOAGSO 0001,32802.180,42485.729,9683.549,
Contact STARLINK-3295 - MoonIOAGSO 0001,44287.122,53957.576,9670.454,
Contact STARLINK-3295 - MoonIOAGSO 0001,55770.627,59688.711,3918.084,
Contact STARLINK-3295 - MoonIOAGSO 0001,61516.735,71146.605,9629.870,
Contact STARLINK-3295 - MoonIOAGSO 0001,73025.682,82635.959,9610.277,
Contact STARLINK-3295 - MoonIOAGSO 0001,84530.824,86400.000,1869.176,
Contact STARLINK-3295 - MoonLRO,7067.419,10970.441,3903.022,
Contact STARLINK-3295 - MoonLRO,21296.167,24648.655,3352.488,
Contact STARLINK-3295 - MoonLRO,27553.930,30998.076,3444.146,
Contact STARLINK-3295 - MoonLRO,34372.347,36733.543,2361.196,
Contact STARLINK-3295 - MoonLRO,50043.208,51945.514,1902.306,
Contact STARLINK-3295 - MoonLRO,55791.606,58792.775,3001.169,
Contact STARLINK-3295 - MoonLRO,61702.599,65422.143,3719.544,
Contact STARLINK-3295 - MoonLRO,75356.537,79271.235,3914.698,
Contact STARLINK-3295 - MarsSat1,287.663,10044.651,9756.988,
Contact STARLINK-3295 - MarsSat1,11728.166,21497.833,9769.667,
Contact STARLINK-3295 - MarsSat1,23168.668,27224.546,4055.878,
Contact STARLINK-3295 - MarsSat1,28888.925,38678.260,9789.335,
Contact STARLINK-3295 - MarsSat1,40329.472,50132.394,9802.922,
Contact STARLINK-3295 - MarsSat1,51770.093,67314.375,15544.282,
Contact STARLINK-3295 - MarsSat1,68931.199,78769.479,9838.280,
Contact STARLINK-3295 - MarsSat1,80372.035,86400.000,6027.965,
Contact STARLINK-3295 - MarsSat2,287.518,10044.714,9757.196,
Contact STARLINK-3295 - MarsSat2,11728.056,21498.045,9769.989,
Contact STARLINK-3295 - MarsSat2,23168.639,27224.830,4056.191,
Contact STARLINK-3295 - MarsSat2,28888.946,38678.644,9789.697,
Contact STARLINK-3295 - MarsSat2,40329.594,50132.788,9803.194,
Contact STARLINK-3295 - MarsSat2,51770.286,67314.641,15544.355,
Contact STARLINK-3295 - MarsSat2,68931.410,78769.643,9838.233,
Contact STARLINK-3295 - MarsSat2,80372.220,86400.000,6027.780,
Contact STARLINK-3295 - MarsSat3,287.533,10044.683,9757.150,
Contact STARLINK-3295 - MarsSat3,11728.098,21497.994,9769.896,
Contact STARLINK-3295 - MarsSat3,23168.707,27224.756,4056.049,
Contact STARLINK-3295 - MarsSat3,28889.021,38678.497,9789.475,
Contact STARLINK-3295 - MarsSat3,40329.656,50132.535,9802.879,
Contact STARLINK-3295 - MarsSat3,51770.281,67314.257,15543.975,
Contact STARLINK-3295 - MarsSat3,68931.180,78769.334,9838.154,
Contact STARLINK-3295 - MarsSat3,80371.896,86400.000,6028.104,
Contact STARLINK-3295 - MarsSat4,287.637,10044.607,9756.970,
Contact STARLINK-3295 - MarsSat4,11728.165,21497.809,9769.643,
Contact STARLINK-3295 - MarsSat4,23168.594,27224.644,4056.049,
Contact STARLINK-3295 - MarsSat4,28888.915,38678.443,9789.528,
Contact STARLINK-3295 - MarsSat4,40329.590,50132.458,9802.869,
Contact STARLINK-3295 - MarsSat4,51770.148,67314.427,15544.279,
Contact STARLINK-3295 - MarsSat4,68931.289,78769.354,9838.065,
Contact STARLINK-3295 - MarsSat4,80372.042,86400.000,6027.958,
Contact STARLINK-30610 - STARLINK-3050,6656.195,7544.402,888.207,
Contact STARLINK-30610 - STARLINK-3050,21059.187,21926.826,867.639,
Contact STARLINK-30610 - STARLINK-3050,35459.856,36311.859,852.003,
Contact STARLINK-30610 - STARLINK-3050,49864.511,50692.570,828.059,
Contact STARLINK-30610 - STARLINK-3050,64267.255,65075.586,808.331,
Contact STARLINK-30610 - STARLINK-3050,78673.583,79454.579,780.996,
Contact STARLINK-30610 - STARLINK-32223,59048.482,86400.000,27351.518,
Contact STARLINK-30610 - STARLINK-31931,0.000,206.403,206.403,
Contact STARLINK-30610 - STARLINK-31931,10576.828,17456.273,6879.446,
Contact STARLINK-30610 - STARLINK-31931,24675.399,31658.232,6982.833,
Contact STARLINK-30610 - STARLINK-31931,38905.159,40120.746,1215.587,
Contact STARLINK-30610 - STARLINK-31931,53302.652,54085.731,783.079,
Contact STARLINK-30610 - STARLINK-2658,10159.370,11239.436,1080.066,
Contact STARLINK-30610 - STARLINK-2658,24508.026,25572.298,1064.272,
Contact STARLINK-30610 - STARLINK-2658,35984.862,39911.384,3926.522,
Contact STARLINK-30610 - STARLINK-2658,50328.296,54242.204,3913.908,
Contact STARLINK-30610 - STARLINK-2658,64679.779,68579.309,3899.530,
Contact STARLINK-30610 - STARLINK-2658,79025.235,82908.010,3882.775,
Contact STARLINK-30610 - STARLINK-3601,0.000,86400.000,86400.000,
Contact STARLINK-30610 - STARLINK-3603,0.000,86400.000,86400.000,
Contact STARLINK-30610 - STARLINK-31060,86236.744,86400.000,163.256,
Contact STARLINK-30610 - STARLINK-30549,50107.195,50775.901,668.706,
Contact STARLINK-30610 - STARLINK-30549,64210.433,65101.667,891.234,
Contact STARLINK-30610 - STARLINK-30549,75536.132,79364.437,3828.305,
Contact STARLINK-30610 - STARLINK-6241,2941.600,10105.725,7164.125,
Contact STARLINK-30610 - STARLINK-6241,17294.300,18726.754,1432.454,
Contact STARLINK-30610 - STARLINK-6241,25915.231,33078.626,7163.395,
Contact STARLINK-30610 - STARLINK-6241,40267.953,47442.870,7174.917,
Contact STARLINK-30610 - STARLINK-6241,54632.271,61794.748,7162.477,
Contact STARLINK-30610 - STARLINK-6241,68985.021,76158.979,7173.958,
Contact STARLINK-30610 - STARLINK-6241,83349.311,86400.000,3050.689,
Contact STARLINK-30610 - STARLINK-1073,0.000,86400.000,86400.000,
Contact STARLINK-30610 - STARLINK-32088,0.000,37917.262,37917.262,
Contact STARLINK-30610 - STARLINK-31979,35852.455,36237.908,385.453,
Contact STARLINK-30610 - STARLINK-31979,49891.376,50646.530,755.154,
Contact STARLINK-30610 - STARLINK-31979,61187.954,64970.993,3783.038,
Contact STARLINK-30610 - STARLINK-31979,75354.308,79234.848,3880.539,
Contact STARLINK-30610 - STARLINK-31939,3391.404,7234.531,3843.127,
Contact STARLINK-30610 - STARLINK-31939,17650.621,18508.192,857.571,
Contact STARLINK-30610 - STARLINK-31939,32034.139,32489.631,455.492,
Contact STARLINK-30610 - STARLINK-3832,0.000,6783.604,6783.604,
Contact STARLINK-30610 - STARLINK-3832,7624.410,21124.066,13499.657,
Contact STARLINK-30610 - STARLINK-3832,21929.899,35474.015,13544.116,
Contact STARLINK-30610 - STARLINK-3832,36265.259,49796.210,13530.952,
Contact STARLINK-30610 - STARLINK-3832,50588.872,64127.551,13538.679,
Contact STARLINK-30610 - STARLINK-3832,64943.195,75578.737,10635.542,
Contact STARLINK-30610 - STARLINK-3832,79285.043,86400.000,7114.957,
Contact STARLINK-30610 - STARLINK-1776,0.000,6553.287,6553.287,
Contact STARLINK-30610 - STARLINK-1776,7749.408,20878.740,13129.333,
Contact STARLINK-30610 - STARLINK-1776,22019.462,29478.103,7458.642,
Contact STARLINK-30610 - STARLINK-1776,36329.462,46634.192,10304.730,
Contact STARLINK-30610 - STARLINK-1776,50644.088,60896.877,10252.789,
Contact STARLINK-30610 - STARLINK-1776,67861.379,75158.099,7296.720,
Contact STARLINK-30610 - STARLINK-1776,82242.199,86400.000,4157.801,
Contact STARLINK-30610 - STARLINK-6199,655.699,7599.664,6943.966,
Contact STARLINK-30610 - STARLINK-6199,15008.321,21947.082,6938.761,
Contact STARLINK-30610 - STARLINK-6199,32228.045,36300.605,4072.560,
Contact STARLINK-30610 - STARLINK-6199,46574.968,50647.555,4072.587,
Contact STARLINK-30610 - STARLINK-6199,60928.317,65000.589,4072.272,
Contact STARLINK-30610 - STARLINK-6199,75275.696,79347.068,4071.372,
Contact STARLINK-30610 - STARLINK-3506,0.000,86400.000,86400.000,
Contact STARLINK-30610 - STARLINK-11136 [DTC],0.000,97.330,97.330,
Contact STARLINK-30610 - STARLINK-11136 [DTC],10388.868,11414.652,1025.784,
Contact STARLINK-30610 - STARLINK-11136 [DTC],24598.848,25290.117,691.269,
Contact STARLINK-30610 - STARLINK-31325,0.000,3763.179,3763.179,
Contact STARLINK-30610 - STARLINK-11072 [DTC],0.000,6866.047,6866.047,
Contact STARLINK-30610 - STARLINK-11072 [DTC],14031.958,14740.983,709.025,
Contact STARLINK-30610 - STARLINK-5176,0.000,86400.000,86400.000,
Contact STARLINK-30610 - STARLINK-2042,28797.159,29289.585,492.426,
Contact STARLINK-30610 - STARLINK-4522,35967.669,36495.333,527.664,
Contact STARLINK-30610 - STARLINK-4522,50240.444,50863.289,622.845,
Contact STARLINK-30610 - STARLINK-4522,64518.169,65227.224,709.055,
Contact STARLINK-30610 - STARLINK-4522,78805.731,79580.364,774.632,
Contact STARLINK-30610 - MoonARTEMIS1,4561.830,14226.733,9664.903,
Contact STARLINK-30610 - MoonARTEMIS1,16145.367,20004.767,3859.400,
Contact STARLINK-30610 - MoonARTEMIS1,21924.905,31549.549,9624.645,
Contact STARLINK-30610 - MoonARTEMIS1,33474.289,43085.407,9611.119,
Contact STARLINK-30610 - MoonARTEMIS1,45015.605,48851.025,3835.420,
Contact STARLINK-30610 - MoonARTEMIS1,50784.088,60378.722,9594.633,
Contact STARLINK-30610 - MoonARTEMIS1,62317.592,71902.630,9585.038,
Contact STARLINK-30610 - MoonARTEMIS1,73847.216,77663.442,3816.226,
Contact STARLINK-30610 - MoonARTEMIS1,79610.792,86400.000,6789.208,
Contact STARLINK-30610 - MoonARTEMIS2,0.000,2625.609,2625.609,
Contact STARLINK-30610 - MoonARTEMIS2,4526.030,14167.935,9641.905,
Contact STARLINK-30610 - MoonARTEMIS2,16071.428,19940.582,3869.154,
Contact STARLINK-30610 - MoonARTEMIS2,21847.373,31495.833,9648.460,
Contact STARLINK-30610 - MoonARTEMIS2,34884.881,43059.720,8174.839,
Contact STARLINK-30610 - MoonARTEMIS2,44980.984,48827.300,3846.317,
Contact STARLINK-30610 - MoonARTEMIS2,50749.038,60359.194,9610.156,
Contact STARLINK-30610 - MoonARTEMIS2,62283.953,71889.313,9605.360,
Contact STARLINK-30610 - MoonARTEMIS2,73819.126,77653.942,3834.816,
Contact STARLINK-30610 - MoonARTEMIS2,79586.967,86400.000,6813.033,
Contact STARLINK-30610 - MoonIOAGEO,0.000,2649.606,2649.606,
Contact STARLINK-30610 - MoonIOAGEO,10351.188,14217.136,3865.948,
Contact STARLINK-30610 - MoonIOAGEO,16130.560,19986.326,3855.766,
Contact STARLINK-30610 - MoonIOAGEO,21897.053,31497.349,9600.296,
Contact STARLINK-30610 - MoonIOAGEO,33409.035,43029.361,9620.326,
Contact STARLINK-30610 - MoonIOAGEO,44953.422,47733.772,2780.350,
Contact STARLINK-30610 - MoonIOAGEO,51959.937,60367.781,8407.844,
Contact STARLINK-30610 - MoonIOAGEO,62301.911,71884.521,9582.610,
Contact STARLINK-30610 - MoonIOAGEO,73818.734,77638.241,3819.507,
Contact STARLINK-30610 - MoonIOAGEO,79577.064,86400.000,6822.936,
Contact STARLINK-30610 - MoonIOAGNO,0.000,2674.541,2674.541,
Contact STARLINK-30610 - MoonIOAGNO,4578.529,14188.066,9609.537,
Contact STARLINK-30610 - MoonIOAGNO,16092.040,19960.781,3868.741,
Contact STARLINK-30610 - MoonIOAGNO,21858.596,31514.115,9655.519,
Contact STARLINK-30610 - MoonIOAGNO,33411.725,43060.079,9648.354,
Contact STARLINK-30610 - MoonIOAGNO,44972.989,48825.811,3852.822,
Contact STARLINK-30610 - MoonIOAGNO,50749.548,60342.126,9592.577,
Contact STARLINK-30610 - MoonIOAGNO,62261.781,71889.302,9627.521,
Contact STARLINK-30610 - MoonIOAGNO,73810.603,77661.286,3850.682,
Contact STARLINK-30610 - MoonIOAGNO,79589.370,86400.000,6810.630,
Contact STARLINK-30610 - MoonIOAGNO 0001,0.000,2654.541,2654.541,
Contact STARLINK-30610 - MoonIOAGNO 0001,4546.665,14209.507,9662.842,
Contact STARLINK-30610 - MoonIOAGNO 0001,16103.986,19983.593,3879.607,
Contact STARLINK-30610 - MoonIOAGNO 0001,21885.063,31509.467,9624.404,
Contact STARLINK-30610 - MoonIOAGNO 0001,33421.819,43040.642,9618.824,
Contact STARLINK-30610 - MoonIOAGNO 0001,44945.697,48816.144,3870.447,
Contact STARLINK-30610 - MoonIOAGNO 0001,50721.749,60362.546,9640.797,
Contact STARLINK-30610 - MoonIOAGNO 0001,62281.031,71893.189,9612.158,
Contact STARLINK-30610 - MoonIOAGNO 0001,73833.133,77644.594,3811.460,
Contact STARLINK-30610 - MoonIOAGNO 0001,79582.904,86400.000,6817.096,
Contact STARLINK-30610 - MoonIOAGSO,0.000,2638.203,2638.203,
Contact STARLINK-30610 - MoonIOAGSO,4557.500,14203.034,9645.535,
Contact STARLINK-30610 - MoonIOAGSO,16116.894,19957.922,3841.028,
Contact STARLINK-30610 - MoonIOAGSO,21882.690,31478.897,9596.208,
Contact STARLINK-30610 - MoonIOAGSO,33412.987,43018.747,9605.760,
Contact STARLINK-30610 - MoonIOAGSO,44951.215,48799.718,3848.503,
Contact STARLINK-30610 - MoonIOAGSO,52602.052,60346.686,7744.633,
Contact STARLINK-30610 - MoonIOAGSO,62285.162,71858.602,9573.440,
Contact STARLINK-30610 - MoonIOAGSO,73812.711,77621.072,3808.361,
Contact STARLINK-30610 - MoonIOAGSO,79578.600,86400.000,6821.400,
Contact STARLINK-30610 - MoonIOAGSO 0001,0.000,2639.391,2639.391,
Contact STARLINK-30610 - MoonIOAGSO 0001,4566.309,14169.101,9602.792,
Contact STARLINK-30610 - MoonIOAGSO 0001,16098.221,19941.156,3842.935,
Contact STARLINK-30610 - MoonIOAGSO 0001,21867.355,29906.985,8039.629,
Contact STARLINK-30610 - MoonIOAGSO 0001,33429.373,43031.343,9601.970,
Contact STARLINK-30610 - MoonIOAGSO 0001,44965.584,48789.518,3823.934,
Contact STARLINK-30610 - MoonIOAGSO 0001,50729.994,60319.346,9589.352,
Contact STARLINK-30610 - MoonIOAGSO 0001,62263.926,71875.565,9611.639,
Contact STARLINK-30610 - MoonIOAGSO 0001,73819.934,77659.321,3839.387,
Contact STARLINK-30610 - MoonIOAGSO 0001,79603.991,86400.000,6796.009,
Contact STARLINK-30610 - MoonLRO,7081.163,10989.273,3908.110,
Contact STARLINK-30610 - MoonLRO,27651.223,31462.846,3811.622,
Contact STARLINK-30610 - MoonLRO,34400.021,37273.690,2873.669,
Contact STARLINK-30610 - MoonLRO,56510.099,58801.156,2291.057,
Contact STARLINK-30610 - MoonLRO,62280.981,65614.678,3333.696,
Contact STARLINK-30610 - MoonLRO,75379.448,77650.442,2270.994,
Contact STARLINK-30610 - MoonLRO,82198.727,83420.572,1221.845,
Contact STARLINK-30610 - MarsSat1,1086.200,10579.625,9493.425,
Contact STARLINK-30610 - MarsSat1,12586.946,16330.469,3743.523,
Contact STARLINK-30610 - MarsSat1,18337.339,27832.151,9494.812,
Contact STARLINK-30610 - MarsSat1,29838.188,39333.855,9495.667,
Contact STARLINK-30610 - MarsSat1,41339.143,45084.722,3745.579,
Contact STARLINK-30610 - MarsSat1,47089.664,56586.484,9496.820,
Contact STARLINK-30610 - MarsSat1,58590.782,68088.259,9497.477,
Contact STARLINK-30610 - MarsSat1,70091.973,73839.137,3747.164,
Contact STARLINK-30610 - MarsSat1,75842.584,85340.850,9498.267,
Contact STARLINK-30610 - MarsSat2,1086.247,10579.686,9493.438,
Contact STARLINK-30610 - MarsSat2,12587.068,16330.578,3743.510,
Contact STARLINK-30610 - MarsSat2,18337.501,27832.353,9494.852,
Contact STARLINK-30610 - MarsSat2,29838.413,39334.112,9495.700,
Contact STARLINK-30610 - MarsSat2,41339.385,45084.986,3745.601,
Contact STARLINK-30610 - MarsSat2,47089.894,56586.717,9496.824,
Contact STARLINK-30610 - MarsSat2,58590.954,68088.425,9497.471,
Contact STARLINK-30610 - MarsSat2,70092.072,73839.269,3747.198,
Contact STARLINK-30610 - MarsSat2,75842.651,85340.936,9498.284,
Contact STARLINK-30610 - MarsSat3,1086.210,10579.660,9493.450,
Contact STARLINK-30610 - MarsSat3,12587.022,16330.547,3743.525,
Contact STARLINK-30610 - MarsSat3,18337.442,27832.295,9494.853,
Contact STARLINK-30610 - MarsSat3,29838.315,39334.007,9495.692,
Contact STARLINK-30610 - MarsSat3,41339.237,45084.850,3745.613,
Contact STARLINK-30610 - MarsSat3,47089.719,56586.511,9496.792,
Contact STARLINK-30610 - MarsSat3,58590.741,68088.180,9497.438,
Contact STARLINK-30610 - MarsSat3,70091.887,73839.039,3747.152,
Contact STARLINK-30610 - MarsSat3,75842.511,85340.783,9498.272,
Contact STARLINK-30610 - MarsSat4,1086.178,10579.592,9493.414,
Contact STARLINK-30610 - MarsSat4,12586.907,16330.427,3743.521,
Contact STARLINK-30610 - MarsSat4,18337.316,27832.228,9494.913,
Contact STARLINK-30610 - MarsSat4,29838.293,39333.973,9495.680,
Contact STARLINK-30610 - MarsSat4,41339.220,45084.805,3745.585,
Contact STARLINK-30610 - MarsSat4,47089.697,56586.529,9496.832,
Contact STARLINK-30610 - MarsSat4,58590.829,68088.288,9497.459,
Contact STARLINK-30610 - MarsSat4,70091.956,73839.114,3747.158,
Contact STARLINK-30610 - MarsSat4,75842.511,85340.741,9498.230,
Contact STARLINK-3050 - STARLINK-30255,10475.577,11009.509,533.932,
Contact STARLINK-3050 - STARLINK-30255,24854.381,25432.672,578.292,
Contact STARLINK-3050 - STARLINK-30255,39244.622,39845.559,600.937,
Contact STARLINK-3050 - STARLINK-30255,53626.665,54265.515,638.851,
Contact STARLINK-3050 - STARLINK-30255,68018.692,68676.602,657.910,
Contact STARLINK-3050 - STARLINK-30255,82403.241,83094.087,690.847,
Contact STARLINK-3050 - STARLINK-32223,24993.861,25528.969,535.108,
Contact STARLINK-3050 - STARLINK-32223,39072.215,39817.795,745.580,
Contact STARLINK-3050 - STARLINK-32223,50380.390,54044.108,3663.718,
Contact STARLINK-3050 - STARLINK-32223,64568.503,65378.167,809.664,
Contact STARLINK-3050 - STARLINK-32223,78823.985,79488.747,664.762,
Contact STARLINK-3050 - STARLINK-31931,32009.929,32947.828,937.899,
Contact STARLINK-3050 - STARLINK-31931,46137.017,47249.651,1112.634,
Contact STARLINK-3050 - STARLINK-31931,57525.710,61434.292,3908.581,
Contact STARLINK-3050 - STARLINK-31931,71880.110,72678.890,798.780,
Contact STARLINK-3050 - STARLINK-2658,2964.892,3957.027,992.135,
Contact STARLINK-3050 - STARLINK-2658,17270.727,18400.076,1129.349,
Contact STARLINK-3050 - STARLINK-2658,25844.627,32849.708,7005.081,
Contact STARLINK-3050 - STARLINK-2658,40170.554,47267.768,7097.214,
Contact STARLINK-3050 - STARLINK-2658,54489.788,61692.053,7202.265,
Contact STARLINK-3050 - STARLINK-2658,68838.694,76086.461,7247.767,
Contact STARLINK-3050 - STARLINK-2658,83182.809,86400.000,3217.191,
Contact STARLINK-3050 - STARLINK-5952,39525.689,39678.314,152.625,
Contact STARLINK-3050 - STARLINK-5952,53851.125,54135.851,284.726,
Contact STARLINK-3050 - STARLINK-5952,68211.337,68559.834,348.497,
Contact STARLINK-3050 - STARLINK-5952,82566.020,82988.133,422.114,
Contact STARLINK-3050 - STARLINK-3601,6815.531,7677.358,861.827,
Contact STARLINK-3050 - STARLINK-3601,21185.755,22021.773,836.018,
Contact STARLINK-3050 - STARLINK-3601,35556.058,36366.036,809.978,
Contact STARLINK-3050 - STARLINK-3601,49933.618,50703.037,769.419,
Contact STARLINK-3050 - STARLINK-3601,64312.189,65039.181,726.992,
Contact STARLINK-3050 - STARLINK-3601,78697.229,79368.645,671.416,
Contact STARLINK-3050 - STARLINK-3603,6940.883,7826.540,885.657,
Contact STARLINK-3050 - STARLINK-3603,21309.687,22184.334,874.647,
Contact STARLINK-3050 - STARLINK-3603,35676.804,36543.525,866.720,
Contact STARLINK-3050 - STARLINK-3603,50051.812,50895.021,843.209,
Contact STARLINK-3050 - STARLINK-3603,64425.847,65247.430,821.583,
Contact STARLINK-3050 - STARLINK-3603,78806.903,79592.803,785.900,
Contact STARLINK-3050 - STARLINK-31060,79108.754,79756.715,647.961,
Contact STARLINK-3050 - STARLINK-30145,64743.649,64995.108,251.460,
Contact STARLINK-3050 - STARLINK-30145,79053.888,79443.393,389.505,
Contact STARLINK-3050 - STARLINK-30549,32568.190,86400.000,53831.810,
Contact STARLINK-3050 - STARLINK-30486,68374.618,68511.054,136.436,
Contact STARLINK-3050 - STARLINK-30486,82694.176,82972.303,278.127,
Contact STARLINK-3050 - STARLINK-5565,0.000,86400.000,86400.000,
Contact STARLINK-3050 - STARLINK-1227,10182.295,11210.758,1028.462,
Contact STARLINK-3050 - STARLINK-1227,24546.829,25595.005,1048.176,
Contact STARLINK-3050 - STARLINK-1227,38925.863,39964.630,1038.767,
Contact STARLINK-3050 - STARLINK-1227,53300.088,54339.269,1039.181,
Contact STARLINK-3050 - STARLINK-1227,67688.325,68699.604,1011.279,
Contact STARLINK-3050 - STARLINK-1227,79198.471,83065.070,3866.599,
Contact STARLINK-3050 - STARLINK-2556,10682.117,17421.675,6739.558,
Contact STARLINK-3050 - STARLINK-2556,24469.909,86400.000,61930.091,
Contact STARLINK-3050 - STARLINK-1073,6957.207,7866.685,909.478,
Contact STARLINK-3050 - STARLINK-1073,21353.921,22232.877,878.955,
Contact STARLINK-3050 - STARLINK-1073,35746.096,36603.692,857.596,
Contact STARLINK-3050 - STARLINK-1073,50147.149,50965.512,818.364,
Contact STARLINK-3050 - STARLINK-1073,64543.957,65331.794,787.837,
Contact STARLINK-3050 - STARLINK-1073,78949.562,79689.036,739.474,
Contact STARLINK-3050 - STARLINK-32088,6829.217,7642.662,813.445,
Contact STARLINK-3050 - STARLINK-32088,21245.818,21639.096,393.278,
Contact STARLINK-3050 - STARLINK-31979,21551.794,80191.121,58639.327,
Contact STARLINK-3050 - STARLINK-31939,0.000,7490.148,7490.148,
Contact STARLINK-3050 - STARLINK-30754,68382.796,68944.544,561.749,
Contact STARLINK-3050 - STARLINK-30754,82712.151,83398.447,686.296,
Contact STARLINK-3050 - STARLINK-3832,6552.318,7207.590,655.272,
Contact STARLINK-3050 - STARLINK-3832,20886.010,21604.843,718.833,
Contact STARLINK-3050 - STARLINK-3832,32358.047,33117.396,759.349,
Contact STARLINK-3050 - STARLINK-3832,46704.492,47501.546,797.054,
Contact STARLINK-3050 - STARLINK-3832,61048.500,61888.347,839.848,
Contact STARLINK-3050 - STARLINK-3832,75402.375,76265.073,862.699,
Contact STARLINK-3050 - STARLINK-4569,0.000,662.030,662.030,
Contact STARLINK-3050 - STARLINK-4569,14361.401,15071.375,709.973,
Contact STARLINK-3050 - STARLINK-4569,28771.790,29471.219,699.430,
Contact STARLINK-3050 - STARLINK-4569,43171.787,43880.914,709.127,
Contact STARLINK-3050 - STARLINK-4569,57582.044,58280.868,698.824,
Contact STARLINK-3050 - STARLINK-4569,71981.697,72690.916,709.218,
Contact STARLINK-3050 - STARLINK-4569,86391.792,86400.000,8.208,
Contact STARLINK-3050 - STARLINK-1776,32318.406,33039.907,721.502,
Contact STARLINK-3050 - STARLINK-1776,46618.903,47416.345,797.442,
Contact STARLINK-3050 - STARLINK-1776,60922.314,61790.090,867.775,
Contact STARLINK-3050 - STARLINK-1776,75242.936,76146.197,903.261,
Contact STARLINK-3050 - STARLINK-6199,0.000,71495.939,71495.939,
Contact STARLINK-3050 - STARLINK-6199,72131.138,79776.660,7645.522,
Contact STARLINK-3050 - STARLINK-4328,0.000,395.888,395.888,
Contact STARLINK-3050 - STARLINK-4328,13976.088,14805.197,829.109,
Contact STARLINK-3050 - STARLINK-4328,28385.175,29205.514,820.339,
Contact STARLINK-3050 - STARLINK-4328,42784.929,43614.117,829.188,
Contact STARLINK-3050 - STARLINK-4328,57194.676,58013.769,819.094,
Contact STARLINK-3050 - STARLINK-4328,71594.988,72421.750,826.762,
Contact STARLINK-3050 - STARLINK-4328,86005.321,86400.000,394.679,
Contact STARLINK-3050 - STARLINK-3506,6651.650,7498.987,847.337,
Contact STARLINK-3050 - STARLINK-3506,21011.011,21851.031,840.021,
Contact STARLINK-3050 - STARLINK-3506,35372.814,36200.623,827.809,
Contact STARLINK-3050 - STARLINK-3506,49738.067,50546.667,808.600,
Contact STARLINK-3050 - STARLINK-3506,64106.885,64889.362,782.477,
Contact STARLINK-3050 - STARLINK-3506,78477.858,79229.601,751.743,
Contact STARLINK-3050 - STARLINK-11136 [DTC],17400.157,18306.319,906.161,
Contact STARLINK-3050 - STARLINK-11136 [DTC],28529.004,32490.379,3961.375,
Contact STARLINK-3050 - STARLINK-11136 [DTC],42870.700,43481.753,611.053,
Contact STARLINK-3050 - STARLINK-5628,0.000,3756.379,3756.379,
Contact STARLINK-3050 - STARLINK-5628,14175.208,18148.517,3973.309,
Contact STARLINK-3050 - STARLINK-5628,28596.476,32552.772,3956.296,
Contact STARLINK-3050 - STARLINK-5628,43005.467,46942.609,3937.142,
Contact STARLINK-3050 - STARLINK-5628,57429.227,61344.931,3915.704,
Contact STARLINK-3050 - STARLINK-5628,71840.295,75732.197,3891.902,
Contact STARLINK-3050 - STARLINK-5628,86266.855,86400.000,133.145,
Contact STARLINK-3050 - STARLINK-11092 [DTC],67759.065,86400.000,18640.935,
Contact STARLINK-3050 - STARLINK-11072 [DTC],85539.563,86400.000,860.437,
Contact STARLINK-3050 - STARLINK-5176,6801.526,7519.654,718.128,
Contact STARLINK-3050 - STARLINK-5176,21203.605,21844.276,640.671,
Contact STARLINK-3050 - STARLINK-5176,35605.890,36169.180,563.290,
Contact STARLINK-3050 - STARLINK-5176,50023.809,50477.949,454.140,
Contact STARLINK-3050 - STARLINK-4522,20738.117,86400.000,65661.883,
Contact STARLINK-3050 - MoonARTEMIS1,4815.074,14318.162,9503.088,
Contact STARLINK-3050 - MoonARTEMIS1,16378.542,20084.537,3705.996,
Contact STARLINK-3050 - MoonARTEMIS1,22155.645,31618.644,9462.999,
Contact STARLINK-3050 - MoonARTEMIS1,33706.031,43153.686,9447.654,
Contact STARLINK-3050 - MoonARTEMIS1,45253.258,48921.395,3668.137,
Contact STARLINK-3050 - MoonARTEMIS1,51026.032,60456.985,9430.953,
Contact STARLINK-3050 - MoonARTEMIS1,62570.234,71992.550,9422.316,
Contact STARLINK-3050 - MoonARTEMIS1,74112.856,77760.212,3647.356,
Contact STARLINK-3050 - MoonARTEMIS1,79883.594,86400.000,6516.406,
Contact STARLINK-3050 - MoonARTEMIS2,0.000,2781.440,2781.440,
Contact STARLINK-3050 - MoonARTEMIS2,4794.455,14314.137,9519.682,
Contact STARLINK-3050 - MoonARTEMIS2,16349.330,20081.439,3732.109,
Contact STARLINK-3050 - MoonARTEMIS2,22127.797,31618.550,9490.753,
Contact STARLINK-3050 - MoonARTEMIS2,34880.902,43147.147,8266.245,
Contact STARLINK-3050 - MoonARTEMIS2,45238.853,48911.374,3672.521,
Contact STARLINK-3050 - MoonARTEMIS2,51009.335,60441.856,9432.521,
Contact STARLINK-3050 - MoonARTEMIS2,62550.613,71974.362,9423.749,
Contact STARLINK-3050 - MoonARTEMIS2,74092.497,77741.277,3648.780,
Contact STARLINK-3050 - MoonARTEMIS2,79863.673,86400.000,6536.327,
Contact STARLINK-3050 - MoonIOAGEO,0.000,2791.459,2791.459,
Contact STARLINK-3050 - MoonIOAGEO,10595.906,14317.604,3721.698,
Contact STARLINK-3050 - MoonIOAGEO,16372.490,20082.977,3710.487,
Contact STARLINK-3050 - MoonIOAGEO,22145.662,31618.604,9472.942,
Contact STARLINK-3050 - MoonIOAGEO,33687.741,43153.497,9465.756,
Contact STARLINK-3050 - MoonIOAGEO,45236.915,47814.339,2577.424,
Contact STARLINK-3050 - MoonIOAGEO,51885.316,60450.831,8565.515,
Contact STARLINK-3050 - MoonIOAGEO,62561.994,71986.303,9424.310,
Contact STARLINK-3050 - MoonIOAGEO,74103.256,77755.342,3652.086,
Contact STARLINK-3050 - MoonIOAGEO,79874.406,86400.000,6525.594,
Contact STARLINK-3050 - MoonIOAGNO,0.000,2778.668,2778.668,
Contact STARLINK-3050 - MoonIOAGNO,4815.887,14318.593,9502.706,
Contact STARLINK-3050 - MoonIOAGNO,16355.618,20072.486,3716.868,
Contact STARLINK-3050 - MoonIOAGNO,22121.120,31597.038,9475.919,
Contact STARLINK-3050 - MoonIOAGNO,33669.371,43138.118,9468.747,
Contact STARLINK-3050 - MoonIOAGNO,45231.389,48914.829,3683.440,
Contact STARLINK-3050 - MoonIOAGNO,51016.352,60443.556,9427.204,
Contact STARLINK-3050 - MoonIOAGNO,62543.041,71967.503,9424.462,
Contact STARLINK-3050 - MoonIOAGNO,74082.750,77735.964,3653.214,
Contact STARLINK-3050 - MoonIOAGNO,79858.428,86400.000,6541.572,
Contact STARLINK-3050 - MoonIOAGNO 0001,0.000,2770.545,2770.545,
Contact STARLINK-3050 - MoonIOAGNO 0001,4792.487,14299.313,9506.825,
Contact STARLINK-3050 - MoonIOAGNO 0001,16349.229,20069.939,3720.710,
Contact STARLINK-3050 - MoonIOAGNO 0001,22132.365,31623.121,9490.756,
Contact STARLINK-3050 - MoonIOAGNO 0001,33693.413,43135.909,9442.496,
Contact STARLINK-3050 - MoonIOAGNO 0001,45217.592,48898.298,3680.706,
Contact STARLINK-3050 - MoonIOAGNO 0001,50989.725,60435.365,9445.640,
Contact STARLINK-3050 - MoonIOAGNO 0001,62544.680,71987.643,9442.963,
Contact STARLINK-3050 - MoonIOAGNO 0001,74110.281,77756.036,3645.755,
Contact STARLINK-3050 - MoonIOAGNO 0001,79870.596,86400.000,6529.404,
Contact STARLINK-3050 - MoonIOAGSO,0.000,2801.891,2801.891,
Contact STARLINK-3050 - MoonIOAGSO,4818.621,14321.802,9503.181,
Contact STARLINK-3050 - MoonIOAGSO,16376.533,20101.482,3724.949,
Contact STARLINK-3050 - MoonIOAGSO,22158.996,31642.972,9483.976,
Contact STARLINK-3050 - MoonIOAGSO,33709.039,43167.081,9458.042,
Contact STARLINK-3050 - MoonIOAGSO,45245.490,48922.594,3677.103,
Contact STARLINK-3050 - MoonIOAGSO,51009.635,60461.264,9451.629,
Contact STARLINK-3050 - MoonIOAGSO,62572.267,77776.895,15204.628,
Contact STARLINK-3050 - MoonIOAGSO,79893.686,86400.000,6506.314,
Contact STARLINK-3050 - MoonIOAGSO 0001,0.000,2812.304,2812.304,
Contact STARLINK-3050 - MoonIOAGSO 0001,4836.049,14345.145,9509.095,
Contact STARLINK-3050 - MoonIOAGSO 0001,16382.330,20105.030,3722.701,
Contact STARLINK-3050 - MoonIOAGSO 0001,22150.656,29936.002,7785.346,
Contact STARLINK-3050 - MoonIOAGSO 0001,33689.282,43168.280,9478.998,
Contact STARLINK-3050 - MoonIOAGSO 0001,45256.514,48940.590,3684.076,
Contact STARLINK-3050 - MoonIOAGSO 0001,51031.655,60472.416,9440.762,
Contact STARLINK-3050 - MoonIOAGSO 0001,62571.380,71988.070,9416.690,
Contact STARLINK-3050 - MoonIOAGSO 0001,74099.958,77753.303,3653.345,
Contact STARLINK-3050 - MoonIOAGSO 0001,79882.523,86400.000,6517.477,
Contact STARLINK-3050 - MoonLRO,7078.359,10963.192,3884.833,
Contact STARLINK-3050 - MoonLRO,27912.205,31493.536,3581.331,
Contact STARLINK-3050 - MoonLRO,34368.010,37388.698,3020.688,
Contact STARLINK-3050 - MoonLRO,56785.950,58793.751,2007.801,
Contact STARLINK-3050 - MoonLRO,62555.199,65641.978,3086.780,
Contact STARLINK-3050 - MoonLRO,75350.580,77757.026,2406.446,
Contact STARLINK-3050 - MoonLRO,82204.567,83520.426,1315.860,
Contact STARLINK-3050 - MarsSat1,0.000,17928.146,17928.146,
Contact STARLINK-3050 - MarsSat1,18605.737,46716.829,28111.092,
Contact STARLINK-3050 - MarsSat1,47536.591,63996.547,16459.956,
Contact STARLINK-3050 - MarsSat1,64888.180,75518.375,10630.195,
Contact STARLINK-3050 - MarsSat1,76453.609,86400.000,9946.391,
Contact STARLINK-3050 - MarsSat2,0.000,17927.945,17927.945,
Contact STARLINK-3050 - MarsSat2,18606.446,46716.026,28109.580,
Contact STARLINK-3050 - MarsSat2,47537.546,63995.891,16458.345,
Contact STARLINK-3050 - MarsSat2,64888.697,75517.897,10629.200,
Contact STARLINK-3050 - MarsSat2,76453.855,86400.000,9946.145,
Contact STARLINK-3050 - MarsSat3,0.000,17927.923,17927.923,
Contact STARLINK-3050 - MarsSat3,18606.224,46716.260,28110.036,
Contact STARLINK-3050 - MarsSat3,47536.880,63996.540,16459.659,
Contact STARLINK-3050 - MarsSat3,64887.919,75518.679,10630.760,
Contact STARLINK-3050 - MarsSat3,76453.358,86400.000,9946.642,
Contact STARLINK-3050 - MarsSat4,0.000,17928.347,17928.347,
Contact STARLINK-3050 - MarsSat4,18605.587,46716.504,28110.917,
Contact STARLINK-3050 - MarsSat4,47536.756,63996.350,16459.594,
Contact STARLINK-3050 - MarsSat4,64888.293,75518.338,10630.045,
Contact STARLINK-3050 - MarsSat4,76453.362,86400.000,9946.638,
Contact STARLINK-31138 - STARLINK-30255,86260.605,86400.000,139.395,
Contact STARLINK-31138 - STARLINK-2736,3625.093,86400.000,82774.907,
Contact STARLINK-31138 - STARLINK-5960,10081.674,11119.567,1037.892,
Contact STARLINK-31138 - STARLINK-5960,21530.172,25283.769,3753.597,
Contact STARLINK-31138 - STARLINK-5960,35886.558,36582.735,696.177,
Contact STARLINK-31138 - STARLINK-5960,50344.649,50607.768,263.119,
Contact STARLINK-31138 - STARLINK-4170,78775.157,79858.169,1083.012,
Contact STARLINK-31138 - STARLINK-31673,6623.720,7350.401,726.681,
Contact STARLINK-31138 - STARLINK-31673,17984.406,18651.664,667.257,
Contact STARLINK-31138 - STARLINK-31673,32196.533,32766.663,570.130,
Contact STARLINK-31138 - STARLINK-31673,46406.668,46884.428,477.760,
Contact STARLINK-31138 - STARLINK-5061,60986.658,61651.533,664.875,
Contact STARLINK-31138 - STARLINK-5061,75053.804,76061.711,1007.908,
Contact STARLINK-31138 - STARLINK-5061,83521.179,86400.000,2878.821,
Contact STARLINK-31138 - STARLINK-2127,0.000,737.525,737.525,
Contact STARLINK-31138 - STARLINK-2127,7581.426,17789.931,10208.505,
Contact STARLINK-31138 - STARLINK-2127,21832.426,31926.052,10093.626,
Contact STARLINK-31138 - STARLINK-2127,39023.145,46022.767,6999.621,
Contact STARLINK-31138 - STARLINK-2127,53428.968,54434.118,1005.150,
Contact STARLINK-31138 - STARLINK-30756,10126.347,11445.664,1319.317,
Contact STARLINK-31138 - STARLINK-30756,18581.062,25819.637,7238.575,
Contact STARLINK-31138 - STARLINK-30756,32714.729,42963.135,10248.406,
Contact STARLINK-31138 - STARLINK-30756,46953.516,57154.265,10200.749,
Contact STARLINK-31138 - STARLINK-30756,64153.468,71245.341,7091.873,
Contact STARLINK-31138 - STARLINK-30756,78574.073,79672.915,1098.841,
Contact STARLINK-31138 - STARLINK-1580,0.000,28959.536,28959.536,
Contact STARLINK-31138 - STARLINK-31812,0.000,46091.554,46091.554,
Contact STARLINK-31138 - STARLINK-5952,71940.131,72573.538,633.407,
Contact STARLINK-31138 - STARLINK-5952,86057.883,86400.000,342.117,
Contact STARLINK-31138 - STARLINK-1323,0.000,86400.000,86400.000,
Contact STARLINK-31138 - STARLINK-3969,0.000,3465.514,3465.514,
Contact STARLINK-31138 - STARLINK-3969,3950.710,86400.000,82449.290,
Contact STARLINK-31138 - STARLINK-4201,0.000,337.563,337.563,
Contact STARLINK-31138 - STARLINK-4201,10331.772,17489.079,7157.307,
Contact STARLINK-31138 - STARLINK-4201,24506.407,31727.364,7220.957,
Contact STARLINK-31138 - STARLINK-4201,33018.515,40260.931,7242.416,
Contact STARLINK-31138 - STARLINK-4201,47263.419,54428.319,7164.900,
Contact STARLINK-31138 - STARLINK-4201,64406.186,71380.994,6974.809,
Contact STARLINK-31138 - STARLINK-4201,78732.252,79841.588,1109.335,
Contact STARLINK-31138 - STARLINK-31060,10079.776,10863.526,783.749,
Contact STARLINK-31138 - STARLINK-31060,21209.594,22073.780,864.186,
Contact STARLINK-31138 - STARLINK-31060,32380.143,36028.066,3647.923,
Contact STARLINK-31138 - STARLINK-31060,46402.872,47145.233,742.361,
Contact STARLINK-31138 - STARLINK-5972,42849.870,43259.696,409.826,
Contact STARLINK-31138 - STARLINK-5972,53987.523,57863.839,3876.316,
Contact STARLINK-31138 - STARLINK-5972,68063.357,75175.781,7112.423,
Contact STARLINK-31138 - STARLINK-5972,82249.020,86400.000,4150.980,
Contact STARLINK-31138 - STARLINK-32210,0.000,175.110,175.110,
Contact STARLINK-31138 - STARLINK-32210,10343.973,11495.730,1151.757,
Contact STARLINK-31138 - STARLINK-32210,24500.629,25640.616,1139.987,
Contact STARLINK-31138 - STARLINK-32210,35822.752,39794.734,3971.982,
Contact STARLINK-31138 - STARLINK-32210,49971.383,51113.300,1141.917,
Contact STARLINK-31138 - STARLINK-32210,64130.804,65255.544,1124.740,
Contact STARLINK-31138 - STARLINK-32210,75455.143,79407.060,3951.917,
Contact STARLINK-31138 - STARLINK-1463,28328.890,29032.085,703.194,
Contact STARLINK-31138 - STARLINK-1463,39572.043,43518.517,3946.474,
Contact STARLINK-31138 - STARLINK-1463,53741.227,57897.273,4156.045,
Contact STARLINK-31138 - STARLINK-1463,67997.626,75015.084,7017.458,
Contact STARLINK-31138 - STARLINK-1463,82361.837,83516.069,1154.232,
Contact STARLINK-31138 - STARLINK-30486,71919.321,72705.038,785.717,
Contact STARLINK-31138 - STARLINK-30486,86067.470,86400.000,332.530,
Contact STARLINK-31138 - STARLINK-5093,56794.320,57810.714,1016.394,
Contact STARLINK-31138 - STARLINK-5093,68060.408,75147.554,7087.146,
Contact STARLINK-31138 - STARLINK-5093,82238.587,86400.000,4161.413,
Contact STARLINK-31138 - STARLINK-5591,13746.156,21267.581,7521.424,
Contact STARLINK-31138 - STARLINK-5591,21986.777,64031.668,42044.891,
Contact STARLINK-31138 - STARLINK-5591,64999.692,72267.760,7268.068,
Contact STARLINK-31138 - STARLINK-5829,3157.671,3748.562,590.892,
Contact STARLINK-31138 - STARLINK-5829,14351.338,18292.620,3941.281,
Contact STARLINK-31138 - STARLINK-5829,28454.895,35579.517,7124.623,
Contact STARLINK-31138 - STARLINK-5829,42664.386,49882.973,7218.587,
Contact STARLINK-31138 - STARLINK-5829,56952.397,64090.652,7138.255,
Contact STARLINK-31138 - STARLINK-5829,71358.817,72566.342,1207.525,
Contact STARLINK-31138 - STARLINK-5829,85877.607,86400.000,522.393,
Contact STARLINK-31138 - STARLINK-3325,0.000,6681.716,6681.716,
Contact STARLINK-31138 - STARLINK-3325,13665.110,21016.483,7351.373,
Contact STARLINK-31138 - STARLINK-3325,22123.511,35312.519,13189.008,
Contact STARLINK-31138 - STARLINK-3325,36285.615,46690.094,10404.479,
Contact STARLINK-31138 - STARLINK-3325,50505.903,60838.467,10332.565,
Contact STARLINK-31138 - STARLINK-3325,67665.522,74951.678,7286.156,
Contact STARLINK-31138 - STARLINK-3325,76283.997,83375.960,7091.964,
Contact STARLINK-31138 - STARLINK-5850,10075.322,11408.017,1332.695,
Contact STARLINK-31138 - STARLINK-5850,18611.985,25658.691,7046.706,
Contact STARLINK-31138 - STARLINK-5850,35741.918,39858.741,4116.823,
Contact STARLINK-31138 - STARLINK-5850,50080.901,51169.701,1088.801,
Contact STARLINK-31138 - STARLINK-5850,64512.885,65229.042,716.157,
Contact STARLINK-31138 - STARLINK-2424,3300.345,3917.878,617.534,
Contact STARLINK-31138 - STARLINK-2424,17427.338,18206.300,778.962,
Contact STARLINK-31138 - STARLINK-2424,28748.201,32465.440,3717.240,
Contact STARLINK-31138 - STARLINK-2424,42917.328,43863.645,946.317,
Contact STARLINK-31138 - STARLINK-2424,57094.909,58100.974,1006.066,
Contact STARLINK-31138 - STARLINK-2424,71292.199,72318.505,1026.306,
Contact STARLINK-31138 - STARLINK-2424,82657.460,86400.000,3742.540,
Contact STARLINK-31138 - STARLINK-5453,24930.379,25334.854,404.476,
Contact STARLINK-31138 - STARLINK-5453,35977.202,39949.319,3972.117,
Contact STARLINK-31138 - STARLINK-5453,47150.729,57271.312,10120.583,
Contact STARLINK-31138 - STARLINK-5453,58364.811,71640.577,13275.766,
Contact STARLINK-31138 - STARLINK-5453,72411.586,85959.456,13547.869,
Contact STARLINK-31138 - STARLINK-31082,10667.349,11156.244,488.894,
Contact STARLINK-31138 - STARLINK-31082,18730.292,86400.000,67669.708,
Contact STARLINK-31138 - STARLINK-4569,10221.279,10993.155,771.876,
Contact STARLINK-31138 - STARLINK-4569,24482.229,25253.700,771.470,
Contact STARLINK-31138 - STARLINK-4569,35893.663,36659.989,766.326,
Contact STARLINK-31138 - STARLINK-4569,50160.204,50916.295,756.090,
Contact STARLINK-31138 - STARLINK-4569,64438.866,65159.241,720.375,
Contact STARLINK-31138 - STARLINK-4569,78716.747,79404.326,687.579,
Contact STARLINK-31138 - STARLINK-4328,7120.123,7508.333,388.210,
Contact STARLINK-31138 - STARLINK-4328,21435.156,21715.086,279.930,
Contact STARLINK-31138 - STARLINK-5737,57138.166,57731.418,593.252,
Contact STARLINK-31138 - STARLINK-5737,71242.179,72108.296,866.117,
Contact STARLINK-31138 - STARLINK-5737,82564.141,86400.000,3835.859,
Contact STARLINK-31138 - STARLINK-5231,21308.245,21879.440,571.196,
Contact STARLINK-31138 - STARLINK-5231,35431.128,36188.521,757.393,
Contact STARLINK-31138 - STARLINK-5231,46747.729,50476.730,3729.001,
Contact STARLINK-31138 - STARLINK-5231,60909.567,61887.679,978.112,
Contact STARLINK-31138 - STARLINK-5231,75098.488,76130.153,1031.665,
Contact STARLINK-31138 - STARLINK-11092 [DTC],0.000,35012.818,35012.818,
Contact STARLINK-31138 - STARLINK-11072 [DTC],39078.618,40340.730,1262.112,
Contact STARLINK-31138 - STARLINK-11072 [DTC],47322.143,57133.798,9811.655,
Contact STARLINK-31138 - STARLINK-11072 [DTC],64160.309,65338.481,1178.172,
Contact STARLINK-31138 - STARLINK-5503,3576.388,4306.680,730.292,
Contact STARLINK-31138 - STARLINK-5503,17720.564,18675.089,954.526,
Contact STARLINK-31138 - STARLINK-5503,31919.247,32988.476,1069.229,
Contact STARLINK-31138 - STARLINK-5503,46160.814,47258.194,1097.380,
Contact STARLINK-31138 - STARLINK-5503,57586.898,61481.798,3894.899,
Contact STARLINK-31138 - STARLINK-5503,71912.141,75660.695,3748.554,
Contact STARLINK-31138 - STARLINK-5503,86292.589,86400.000,107.411,
Contact STARLINK-31138 - STARLINK-6319,0.000,9829.804,9829.804,
Contact STARLINK-31138 - MoonARTEMIS1,2402.137,5914.538,3512.401,
Contact STARLINK-31138 - MoonARTEMIS1,8075.653,17251.831,9176.179,
Contact STARLINK-31138 - MoonARTEMIS1,19417.808,28580.991,9163.183,
Contact STARLINK-31138 - MoonARTEMIS1,30750.149,34244.226,3494.077,
Contact STARLINK-31138 - MoonARTEMIS1,36414.478,45568.920,9154.442,
Contact STARLINK-31138 - MoonARTEMIS1,47740.604,56891.772,9151.168,
Contact STARLINK-31138 - MoonARTEMIS1,59064.091,68213.076,9148.985,
Contact STARLINK-31138 - MoonARTEMIS1,70385.420,73873.173,3487.754,
Contact STARLINK-31138 - MoonARTEMIS1,76045.344,85192.197,9146.853,
Contact STARLINK-31138 - MoonARTEMIS2,0.000,5892.989,5892.989,
Contact STARLINK-31138 - MoonARTEMIS2,8046.548,17220.074,9173.526,
Contact STARLINK-31138 - MoonARTEMIS2,19380.467,28552.776,9172.309,
Contact STARLINK-31138 - MoonARTEMIS2,30720.994,33002.559,2281.565,
Contact STARLINK-31138 - MoonARTEMIS2,36397.598,45549.510,9151.912,
Contact STARLINK-31138 - MoonARTEMIS2,47721.156,56867.749,9146.592,
Contact STARLINK-31138 - MoonARTEMIS2,59041.674,68187.210,9145.536,
Contact STARLINK-31138 - MoonARTEMIS2,70362.397,73847.485,3485.088,
Contact STARLINK-31138 - MoonARTEMIS2,76022.935,85169.189,9146.254,
Contact STARLINK-31138 - MoonIOAGEO,0.000,3770.209,3770.209,
Contact STARLINK-31138 - MoonIOAGEO,8073.304,17244.572,9171.268,
Contact STARLINK-31138 - MoonIOAGEO,19407.427,28560.886,9153.458,
Contact STARLINK-31138 - MoonIOAGEO,30725.085,34218.830,3493.745,
Contact STARLINK-31138 - MoonIOAGEO,36385.048,45545.434,9160.386,
Contact STARLINK-31138 - MoonIOAGEO,53386.625,56878.691,3492.067,
Contact STARLINK-31138 - MoonIOAGEO,59052.975,68200.234,9147.259,
Contact STARLINK-31138 - MoonIOAGEO,70373.134,73857.423,3484.289,
Contact STARLINK-31138 - MoonIOAGEO,76030.593,85179.466,9148.873,
Contact STARLINK-31138 - MoonIOAGNO,0.000,5917.065,5917.065,
Contact STARLINK-31138 - MoonIOAGNO,8076.963,17225.382,9148.419,
Contact STARLINK-31138 - MoonIOAGNO,19382.833,28541.680,9158.847,
Contact STARLINK-31138 - MoonIOAGNO,30708.643,34206.333,3497.689,
Contact STARLINK-31138 - MoonIOAGNO,36376.616,45544.373,9167.757,
Contact STARLINK-31138 - MoonIOAGNO,47719.585,56868.530,9148.946,
Contact STARLINK-31138 - MoonIOAGNO,59035.788,68177.043,9141.255,
Contact STARLINK-31138 - MoonIOAGNO,70350.916,73839.997,3489.081,
Contact STARLINK-31138 - MoonIOAGNO,76015.224,85175.879,9160.654,
Contact STARLINK-31138 - MoonIOAGNO 0001,0.000,5894.103,5894.103,
Contact STARLINK-31138 - MoonIOAGNO 0001,8050.639,17224.950,9174.311,
Contact STARLINK-31138 - MoonIOAGNO 0001,19390.162,28566.132,9175.971,
Contact STARLINK-31138 - MoonIOAGNO 0001,30735.089,34223.468,3488.378,
Contact STARLINK-31138 - MoonIOAGNO 0001,36384.246,45528.287,9144.040,
Contact STARLINK-31138 - MoonIOAGNO 0001,47698.757,56855.703,9156.947,
Contact STARLINK-31138 - MoonIOAGNO 0001,59030.901,68195.353,9164.452,
Contact STARLINK-31138 - MoonIOAGNO 0001,70373.265,73866.521,3493.255,
Contact STARLINK-31138 - MoonIOAGNO 0001,76038.710,85167.774,9129.064,
Contact STARLINK-31138 - MoonIOAGSO,0.000,5914.202,5914.202,
Contact STARLINK-31138 - MoonIOAGSO,9318.270,17247.033,7928.763,
Contact STARLINK-31138 - MoonIOAGSO,19410.128,28576.328,9166.200,
Contact STARLINK-31138 - MoonIOAGSO,30739.649,34236.507,3496.859,
Contact STARLINK-31138 - MoonIOAGSO,36400.876,45551.072,9150.196,
Contact STARLINK-31138 - MoonIOAGSO,47718.574,56875.797,9157.224,
Contact STARLINK-31138 - MoonIOAGSO,59053.414,68211.113,9157.699,
Contact STARLINK-31138 - MoonIOAGSO,70385.537,73873.084,3487.547,
Contact STARLINK-31138 - MoonIOAGSO,76046.728,85190.900,9144.172,
Contact STARLINK-31138 - MoonIOAGSO 0001,0.000,5929.480,5929.480,
Contact STARLINK-31138 - MoonIOAGSO 0001,8081.291,17248.313,9167.022,
Contact STARLINK-31138 - MoonIOAGSO 0001,19404.504,28560.001,9155.497,
Contact STARLINK-31138 - MoonIOAGSO 0001,30814.817,34224.655,3409.838,
Contact STARLINK-31138 - MoonIOAGSO 0001,36397.814,45561.774,9163.960,
Contact STARLINK-31138 - MoonIOAGSO 0001,47732.429,56884.013,9151.584,
Contact STARLINK-31138 - MoonIOAGSO 0001,59054.747,68198.630,9143.883,
Contact STARLINK-31138 - MoonIOAGSO 0001,70370.118,73855.929,3485.812,
Contact STARLINK-31138 - MoonIOAGSO 0001,76032.386,85197.370,9164.984,
Contact STARLINK-31138 - MoonLRO,2406.142,4153.181,1747.039,
Contact STARLINK-31138 - MoonLRO,8067.753,17242.325,9174.573,
Contact STARLINK-31138 - MoonLRO,20719.796,22901.087,2181.291,
Contact STARLINK-31138 - MoonLRO,42053.009,45149.705,3096.696,
Contact STARLINK-31138 - MoonLRO,48029.358,51214.108,3184.750,
Contact STARLINK-31138 - MoonLRO,64712.458,65605.194,892.736,
Contact STARLINK-31138 - MoonLRO,70371.966,72457.487,2085.521,
Contact STARLINK-31138 - MoonLRO,76031.328,85188.870,9157.542,
Contact STARLINK-31138 - MarsSat1,0.000,2952.715,2952.715,
Contact STARLINK-31138 - MarsSat1,4786.614,14269.178,9482.563,
Contact STARLINK-31138 - MarsSat1,16111.575,19927.363,3815.787,
Contact STARLINK-31138 - MarsSat1,21773.955,31243.658,9469.704,
Contact STARLINK-31138 - MarsSat1,33098.542,42559.864,9461.322,
Contact STARLINK-31138 - MarsSat1,44422.930,53875.975,9453.045,
Contact STARLINK-31138 - MarsSat1,55747.121,59533.988,3786.868,
Contact STARLINK-31138 - MarsSat1,61409.134,70849.921,9440.787,
Contact STARLINK-31138 - MarsSat1,72732.972,82165.718,9432.747,
Contact STARLINK-31138 - MarsSat1,84056.527,86400.000,2343.473,
Contact STARLINK-31138 - MarsSat2,0.000,2952.842,2952.842,
Contact STARLINK-31138 - MarsSat2,4786.679,14269.350,9482.671,
Contact STARLINK-31138 - MarsSat2,16111.746,19927.549,3815.803,
Contact STARLINK-31138 - MarsSat2,21774.176,31243.844,9469.668,
Contact STARLINK-31138 - MarsSat2,33098.834,42560.009,9461.175,
Contact STARLINK-31138 - MarsSat2,44423.227,53876.052,9452.825,
Contact STARLINK-31138 - MarsSat2,55747.358,59534.030,3786.672,
Contact STARLINK-31138 - MarsSat2,61409.327,70849.903,9440.576,
Contact STARLINK-31138 - MarsSat2,72733.076,82165.670,9432.594,
Contact STARLINK-31138 - MarsSat2,84056.574,86400.000,2343.426,
Contact STARLINK-31138 - MarsSat3,0.000,2952.797,2952.797,
Contact STARLINK-31138 - MarsSat3,4786.636,14269.279,9482.643,
Contact STARLINK-31138 - MarsSat3,16111.687,19927.459,3815.772,
Contact STARLINK-31138 - MarsSat3,21774.100,31243.713,9469.613,
Contact STARLINK-31138 - MarsSat3,33098.707,42559.846,9461.139,
Contact STARLINK-31138 - MarsSat3,44423.035,53875.888,9452.853,
Contact STARLINK-31138 - MarsSat3,55747.110,59533.889,3786.779,
Contact STARLINK-31138 - MarsSat3,61409.068,70849.870,9440.802,
Contact STARLINK-31138 - MarsSat3,72732.873,82165.751,9432.878,
Contact STARLINK-31138 - MarsSat3,84056.489,86400.000,2343.511,
Contact STARLINK-31138 - MarsSat4,0.000,2952.698,2952.698,
Contact STARLINK-31138 - MarsSat4,4786.580,14269.148,9482.568,
Contact STARLINK-31138 - MarsSat4,16111.528,19927.389,3815.861,
Contact STARLINK-31138 - MarsSat4,21773.968,31243.745,9469.777,
Contact STARLINK-31138 - MarsSat4,33098.683,42559.863,9461.181,
Contact STARLINK-31138 - MarsSat4,44423.004,53875.982,9452.978,
Contact STARLINK-31138 - MarsSat4,55747.165,59534.010,3786.845,
Contact STARLINK-31138 - MarsSat4,61409.189,70849.857,9440.668,
Contact STARLINK-31138 - MarsSat4,72732.924,82165.638,9432.714,
Contact STARLINK-31138 - MarsSat4,84056.407,86400.000,2343.593,
Contact STARLINK-30255 - STARLINK-2736,71910.848,72348.244,437.396,
Contact STARLINK-30255 - STARLINK-2736,86112.774,86400.000,287.226,
Contact STARLINK-30255 - STARLINK-4170,2955.941,3985.152,1029.212,
Contact STARLINK-30255 - STARLINK-4170,17294.734,18327.010,1032.275,
Contact STARLINK-30255 - STARLINK-4170,28769.379,32662.360,3892.982,
Contact STARLINK-30255 - STARLINK-4170,43117.079,46998.432,3881.353,
Contact STARLINK-30255 - STARLINK-4170,57464.101,61328.022,3863.921,
Contact STARLINK-30255 - STARLINK-4170,71817.605,75658.216,3840.611,
Contact STARLINK-30255 - STARLINK-4170,86170.668,86400.000,229.332,
Contact STARLINK-30255 - STARLINK-32223,7927.103,53190.351,45263.248,
Contact STARLINK-30255 - STARLINK-5061,24702.483,25830.645,1128.163,
Contact STARLINK-30255 - STARLINK-5061,33143.368,86400.000,53256.632,
Contact STARLINK-30255 - STARLINK-31812,32141.466,32446.101,304.635,
Contact STARLINK-30255 - STARLINK-31812,46069.148,46899.061,829.913,
Contact STARLINK-30255 - STARLINK-31812,57332.957,58338.267,1005.310,
Contact STARLINK-30255 - STARLINK-31812,71497.863,72550.821,1052.957,
Contact STARLINK-30255 - STARLINK-31812,85756.820,86400.000,643.180,
Contact STARLINK-30255 - STARLINK-5952,0.000,86400.000,86400.000,
Contact STARLINK-30255 - STARLINK-31060,47733.433,79614.526,31881.092,
Contact STARLINK-30255 - STARLINK-2047,10049.125,11257.208,1208.083,
Contact STARLINK-30255 - STARLINK-2047,18518.732,25862.732,7344.001,
Contact STARLINK-30255 - STARLINK-2047,32679.455,86400.000,53720.545,
Contact STARLINK-30255 - STARLINK-30145,185.687,10530.894,10345.207,
Contact STARLINK-30255 - STARLINK-30145,14615.320,24831.936,10216.617,
Contact STARLINK-30255 - STARLINK-30145,31922.601,39099.480,7176.880,
Contact STARLINK-30255 - STARLINK-30145,46336.749,53393.368,7056.619,
Contact STARLINK-30255 - STARLINK-30145,60784.676,67645.698,6861.022,
Contact STARLINK-30255 - STARLINK-30145,75211.284,76222.032,1010.747,
Contact STARLINK-30255 - STARLINK-30549,0.000,497.282,497.282,
Contact STARLINK-30255 - STARLINK-30549,13726.770,14750.486,1023.717,
Contact STARLINK-30255 - STARLINK-30549,25120.906,28942.350,3821.444,
Contact STARLINK-30255 - STARLINK-30549,39418.706,40256.520,837.814,
Contact STARLINK-30255 - STARLINK-30549,53785.628,54334.483,548.854,
Contact STARLINK-30255 - STARLINK-1463,3288.883,7362.073,4073.191,
Contact STARLINK-30255 - STARLINK-1463,17692.121,21758.558,4066.437,
Contact STARLINK-30255 - STARLINK-1463,32106.450,36161.754,4055.304,
Contact STARLINK-30255 - STARLINK-1463,46514.223,50553.704,4039.481,
Contact STARLINK-30255 - STARLINK-1463,60933.334,64952.424,4019.090,
Contact STARLINK-30255 - STARLINK-1463,75345.726,79339.655,3993.929,
Contact STARLINK-30255 - STARLINK-30486,0.000,86400.000,86400.000,
Contact STARLINK-30255 - STARLINK-5565,10237.986,11308.291,1070.304,
Contact STARLINK-30255 - STARLINK-5565,24622.627,25700.871,1078.244,
Contact STARLINK-30255 - STARLINK-5565,39015.518,40084.890,1069.372,
Contact STARLINK-30255 - STARLINK-5565,53400.492,54477.119,1076.627,
Contact STARLINK-30255 - STARLINK-5565,67793.547,68860.944,1067.397,
Contact STARLINK-30255 - STARLINK-5565,82178.832,83252.843,1074.011,
Contact STARLINK-30255 - STARLINK-1227,0.000,71304.163,71304.163,
Contact STARLINK-30255 - STARLINK-1227,72211.688,79683.793,7472.105,
Contact STARLINK-30255 - STARLINK-2556,0.000,149.304,149.304,
Contact STARLINK-30255 - STARLINK-2556,10413.614,17348.944,6935.330,
Contact STARLINK-30255 - STARLINK-2556,24755.920,31681.264,6925.344,
Contact STARLINK-30255 - STARLINK-2556,39111.743,40270.737,1158.995,
Contact STARLINK-30255 - STARLINK-2556,53463.761,54595.217,1131.456,
Contact STARLINK-30255 - STARLINK-2556,67829.744,68905.139,1075.395,
Contact STARLINK-30255 - STARLINK-2556,82191.653,83219.652,1027.999,
Contact STARLINK-30255 - STARLINK-3325,46728.009,47387.912,659.904,
Contact STARLINK-30255 - STARLINK-3325,61033.657,61761.114,727.456,
Contact STARLINK-30255 - STARLINK-3325,75337.194,76135.809,798.616,
Contact STARLINK-30255 - STARLINK-31979,0.000,334.033,334.033,
Contact STARLINK-30255 - STARLINK-31979,10662.801,14571.124,3908.323,
Contact STARLINK-30255 - STARLINK-31979,24932.289,25918.325,986.036,
Contact STARLINK-30255 - STARLINK-31979,39269.482,40044.313,774.831,
Contact STARLINK-30255 - STARLINK-31979,53702.882,54075.315,372.433,
Contact STARLINK-30255 - STARLINK-2424,6866.112,13709.057,6842.945,
Contact STARLINK-30255 - STARLINK-2424,21123.004,28105.333,6982.329,
Contact STARLINK-30255 - STARLINK-2424,35376.736,42503.837,7127.100,
Contact STARLINK-30255 - STARLINK-2424,43948.634,56873.972,12925.338,
Contact STARLINK-30255 - STARLINK-2424,58223.527,65501.493,7277.966,
Contact STARLINK-30255 - STARLINK-2424,72527.494,79850.360,7322.866,
Contact STARLINK-30255 - STARLINK-30754,0.000,86400.000,86400.000,
Contact STARLINK-30255 - STARLINK-5737,179.998,13737.463,13557.465,
Contact STARLINK-30255 - STARLINK-5737,14554.901,28084.432,13529.532,
Contact STARLINK-30255 - STARLINK-5737,28917.153,39568.513,10651.360,
Contact STARLINK-30255 - STARLINK-5737,43295.620,53931.926,10636.306,
Contact STARLINK-30255 - STARLINK-5737,57661.174,68274.131,10612.956,
Contact STARLINK-30255 - STARLINK-5737,72042.985,82634.539,10591.553,
Contact STARLINK-30255 - STARLINK-11092 [DTC],53946.918,57686.908,3739.990,
Contact STARLINK-30255 - STARLINK-11092 [DTC],67883.531,68983.213,1099.682,
Contact STARLINK-30255 - STARLINK-11072 [DTC],76515.924,86400.000,9884.076,
Contact STARLINK-30255 - STARLINK-4522,0.000,243.270,243.270,
Contact STARLINK-30255 - STARLINK-4522,10742.150,14553.550,3811.400,
Contact STARLINK-30255 - STARLINK-4522,25093.950,28853.149,3759.199,
Contact STARLINK-30255 - STARLINK-4522,39457.138,40290.565,833.426,
Contact STARLINK-30255 - STARLINK-4522,53821.042,54584.369,763.327,
Contact STARLINK-30255 - STARLINK-4522,68199.507,68863.969,664.462,
Contact STARLINK-30255 - STARLINK-4522,82581.494,83139.666,558.172,
Contact STARLINK-30255 - MoonARTEMIS1,940.229,9940.308,9000.079,
Contact STARLINK-30255 - MoonARTEMIS1,11836.560,21516.631,9680.071,
Contact STARLINK-30255 - MoonARTEMIS1,23413.192,27297.568,3884.376,
Contact STARLINK-30255 - MoonARTEMIS1,29195.725,38851.827,9656.102,
Contact STARLINK-30255 - MoonARTEMIS1,40754.262,50399.083,9644.821,
Contact STARLINK-30255 - MoonARTEMIS1,52306.568,56170.747,3864.180,
Contact STARLINK-30255 - MoonARTEMIS1,58080.899,67710.950,9630.051,
Contact STARLINK-30255 - MoonARTEMIS1,69626.522,85015.246,15388.724,
Contact STARLINK-30255 - MoonARTEMIS2,212.598,9888.589,9675.991,
Contact STARLINK-30255 - MoonARTEMIS2,11769.277,21449.237,9679.960,
Contact STARLINK-30255 - MoonARTEMIS2,23334.284,27232.979,3898.696,
Contact STARLINK-30255 - MoonARTEMIS2,29123.721,38822.068,9698.347,
Contact STARLINK-30255 - MoonARTEMIS2,40718.372,50374.702,9656.330,
Contact STARLINK-30255 - MoonARTEMIS2,52269.751,56148.417,3878.666,
Contact STARLINK-30255 - MoonARTEMIS2,58044.348,67694.322,9649.974,
Contact STARLINK-30255 - MoonARTEMIS2,69593.827,85010.837,15417.010,
Contact STARLINK-30255 - MoonIOAGEO,241.610,3644.218,3402.609,
Contact STARLINK-30255 - MoonIOAGEO,11826.390,21493.521,9667.132,
Contact STARLINK-30255 - MoonIOAGEO,23379.903,27256.183,3876.280,
Contact STARLINK-30255 - MoonIOAGEO,29141.785,38788.222,9646.437,
Contact STARLINK-30255 - MoonIOAGEO,40682.406,47914.489,7232.083,
Contact STARLINK-30255 - MoonIOAGEO,52267.280,56151.615,3884.335,
Contact STARLINK-30255 - MoonIOAGEO,58058.721,67698.350,9639.630,
Contact STARLINK-30255 - MoonIOAGEO,69604.278,84993.699,15389.422,
Contact STARLINK-30255 - MoonIOAGNO,258.259,9924.877,9666.618,
Contact STARLINK-30255 - MoonIOAGNO,11809.418,21470.675,9661.257,
Contact STARLINK-30255 - MoonIOAGNO,23343.114,27255.646,3912.532,
Contact STARLINK-30255 - MoonIOAGNO,29125.817,38821.879,9696.062,
Contact STARLINK-30255 - MoonIOAGNO,40700.896,50371.131,9670.235,
Contact STARLINK-30255 - MoonIOAGNO,52270.417,56129.002,3858.585,
Contact STARLINK-30255 - MoonIOAGNO,58024.925,67687.667,9662.742,
Contact STARLINK-30255 - MoonIOAGNO,69577.370,85024.647,15447.277,
Contact STARLINK-30255 - MoonIOAGNO 0001,230.871,9927.540,9696.669,
Contact STARLINK-30255 - MoonIOAGNO 0001,11796.120,21493.174,9697.054,
Contact STARLINK-30255 - MoonIOAGNO 0001,23372.658,27268.297,3895.639,
Contact STARLINK-30255 - MoonIOAGNO 0001,29157.612,38798.976,9641.364,
Contact STARLINK-30255 - MoonIOAGNO 0001,40680.470,50365.127,9684.657,
Contact STARLINK-30255 - MoonIOAGNO 0001,52243.572,56147.042,3903.471,
Contact STARLINK-30255 - MoonIOAGNO 0001,58030.808,67701.386,9670.577,
Contact STARLINK-30255 - MoonIOAGNO 0001,69606.518,85007.604,15401.086,
Contact STARLINK-30255 - MoonIOAGSO,245.175,8003.328,7758.153,
Contact STARLINK-30255 - MoonIOAGSO,11815.484,21463.391,9647.907,
Contact STARLINK-30255 - MoonIOAGSO,23368.468,27230.336,3861.867,
Contact STARLINK-30255 - MoonIOAGSO,29140.540,38777.753,9637.213,
Contact STARLINK-30255 - MoonIOAGSO,40688.284,50352.390,9664.106,
Contact STARLINK-30255 - MoonIOAGSO,52255.921,56144.909,3888.988,
Contact STARLINK-30255 - MoonIOAGSO,58047.848,67667.478,9619.630,
Contact STARLINK-30255 - MoonIOAGSO,69592.158,84982.057,15389.898,
Contact STARLINK-30255 - MoonIOAGSO 0001,259.509,9894.098,9634.589,
Contact STARLINK-30255 - MoonIOAGSO 0001,11804.030,21451.136,9647.105,
Contact STARLINK-30255 - MoonIOAGSO 0001,23354.186,27240.887,3886.700,
Contact STARLINK-30255 - MoonIOAGSO 0001,31042.179,38805.092,7762.913,
Contact STARLINK-30255 - MoonIOAGSO 0001,40707.900,50334.357,9626.457,
Contact STARLINK-30255 - MoonIOAGSO 0001,52251.776,56105.646,3853.870,
Contact STARLINK-30255 - MoonIOAGSO 0001,58025.130,67665.354,9640.224,
Contact STARLINK-30255 - MoonIOAGSO 0001,69582.519,85000.530,15418.011,
Contact STARLINK-30255 - MoonLRO,253.696,9919.483,9665.787,
Contact STARLINK-30255 - MoonLRO,13915.130,15699.634,1784.505,
Contact STARLINK-30255 - MoonLRO,34922.594,38298.739,3376.145,
Contact STARLINK-30255 - MoonLRO,41222.514,44581.459,3358.945,
Contact STARLINK-30255 - MoonLRO,63818.925,65635.575,1816.651,
Contact STARLINK-30255 - MoonLRO,69597.051,85008.561,15411.510,
Contact STARLINK-30255 - MarsSat1,0.000,6307.098,6307.098,
Contact STARLINK-30255 - MarsSat1,8316.229,17822.262,9506.033,
Contact STARLINK-30255 - MarsSat1,19830.194,23579.845,3749.651,
Contact STARLINK-30255 - MarsSat1,25587.211,35095.040,9507.829,
Contact STARLINK-30255 - MarsSat1,37101.332,46610.292,9508.960,
Contact STARLINK-30255 - MarsSat1,48615.581,52367.941,3752.359,
Contact STARLINK-30255 - MarsSat1,54372.751,63883.268,9510.516,
Contact STARLINK-30255 - MarsSat1,65887.163,75398.599,9511.436,
Contact STARLINK-30255 - MarsSat1,77401.639,81156.253,3754.614,
Contact STARLINK-30255 - MarsSat1,83158.890,86400.000,3241.110,
Contact STARLINK-30255 - MarsSat2,0.000,6307.132,6307.132,
Contact STARLINK-30255 - MarsSat2,8316.324,17822.388,9506.064,
Contact STARLINK-30255 - MarsSat2,19830.366,23580.019,3749.652,
Contact STARLINK-30255 - MarsSat2,25587.415,35095.285,9507.870,
Contact STARLINK-30255 - MarsSat2,37101.570,46610.554,9508.984,
Contact STARLINK-30255 - MarsSat2,48615.799,52368.189,3752.390,
Contact STARLINK-30255 - MarsSat2,54372.942,63883.457,9510.515,
Contact STARLINK-30255 - MarsSat2,65887.282,75398.720,9511.438,
Contact STARLINK-30255 - MarsSat2,77401.694,81156.348,3754.654,
Contact STARLINK-30255 - MarsSat2,83158.926,86400.000,3241.074,
Contact STARLINK-30255 - MarsSat3,0.000,6307.104,6307.104,
Contact STARLINK-30255 - MarsSat3,8316.284,17822.352,9506.068,
Contact STARLINK-30255 - MarsSat3,19830.302,23579.970,3749.668,
Contact STARLINK-30255 - MarsSat3,25587.332,35095.196,9507.864,
Contact STARLINK-30255 - MarsSat3,37101.440,46610.405,9508.965,
Contact STARLINK-30255 - MarsSat3,48615.619,52368.006,3752.387,
Contact STARLINK-30255 - MarsSat3,54372.741,63883.217,9510.477,
Contact STARLINK-30255 - MarsSat3,65887.081,75398.502,9511.420,
Contact STARLINK-30255 - MarsSat3,77401.576,81156.169,3754.593,
Contact STARLINK-30255 - MarsSat3,83158.858,86400.000,3241.142,
Contact STARLINK-30255 - MarsSat4,0.000,6307.071,6307.071,
Contact STARLINK-30255 - MarsSat4,8316.196,17822.223,9506.027,
Contact STARLINK-30255 - MarsSat4,19830.187,23579.866,3749.679,
Contact STARLINK-30255 - MarsSat4,25587.284,35095.162,9507.878,
Contact STARLINK-30255 - MarsSat4,37101.430,46610.359,9508.929,
Contact STARLINK-30255 - MarsSat4,48615.603,52367.972,3752.369,
Contact STARLINK-30255 - MarsSat4,54372.779,63883.318,9510.540,
Contact STARLINK-30255 - MarsSat4,65887.180,75398.557,9511.376,
Contact STARLINK-30255 - MarsSat4,77401.552,81156.154,3754.602,
Contact STARLINK-30255 - MarsSat4,83158.785,86400.000,3241.215,
Contact STARLINK-2736 - STARLINK-5960,7143.767,7659.409,515.641,
Contact STARLINK-2736 - STARLINK-5960,21538.683,21855.083,316.400,
Contact STARLINK-2736 - STARLINK-4170,10530.682,11278.422,747.740,
Contact STARLINK-2736 - STARLINK-4170,24696.210,25654.882,958.672,
Contact STARLINK-2736 - STARLINK-4170,38855.431,40041.197,1185.766,
Contact STARLINK-2736 - STARLINK-4170,47378.675,54383.214,7004.539,
Contact STARLINK-2736 - STARLINK-4170,61561.238,71597.292,10036.054,
Contact STARLINK-2736 - STARLINK-4170,78606.181,85945.005,7338.824,
Contact STARLINK-2736 - STARLINK-5061,32200.252,32873.450,673.197,
Contact STARLINK-2736 - STARLINK-5061,46418.001,47240.903,822.902,
Contact STARLINK-2736 - STARLINK-5061,60643.152,61602.575,959.423,
Contact STARLINK-2736 - STARLINK-5061,74893.203,75937.365,1044.162,
Contact STARLINK-2736 - STARLINK-5061,86297.917,86400.000,102.083,
Contact STARLINK-2736 - STARLINK-2127,10337.346,11312.412,975.067,
Contact STARLINK-2736 - STARLINK-2127,24710.869,25489.928,779.059,
Contact STARLINK-2736 - STARLINK-2127,39086.008,39667.451,581.443,
Contact STARLINK-2736 - STARLINK-30756,3873.120,13957.904,10084.784,
Contact STARLINK-2736 - STARLINK-30756,21052.237,28227.857,7175.620,
Contact STARLINK-2736 - STARLINK-30756,35394.407,42463.909,7069.502,
Contact STARLINK-2736 - STARLINK-30756,49741.715,51010.215,1268.500,
Contact STARLINK-2736 - STARLINK-30756,64121.543,65216.681,1095.138,
Contact STARLINK-2736 - STARLINK-30756,78509.259,79418.146,908.887,
Contact STARLINK-2736 - STARLINK-31812,0.000,71673.308,71673.308,
Contact STARLINK-2736 - STARLINK-5952,57490.205,58203.572,713.366,
Contact STARLINK-2736 - STARLINK-5952,71735.693,72553.113,817.420,
Contact STARLINK-2736 - STARLINK-5952,85995.708,86400.000,404.292,
Contact STARLINK-2736 - STARLINK-1323,0.000,86400.000,86400.000,
Contact STARLINK-2736 - STARLINK-3969,0.000,86400.000,86400.000,
Contact STARLINK-2736 - STARLINK-4201,4239.008,11287.948,7048.941,
Contact STARLINK-2736 - STARLINK-4201,18539.991,25523.102,6983.111,
Contact STARLINK-2736 - STARLINK-4201,35698.978,39770.092,4071.114,
Contact STARLINK-2736 - STARLINK-4201,49995.727,51157.097,1161.370,
Contact STARLINK-2736 - STARLINK-4201,64314.739,65376.422,1061.683,
Contact STARLINK-2736 - STARLINK-4201,78622.716,79607.939,985.223,
Contact STARLINK-2736 - STARLINK-31060,21051.794,21681.183,629.389,
Contact STARLINK-2736 - STARLINK-31060,32187.871,32966.915,779.044,
Contact STARLINK-2736 - STARLINK-31060,46181.928,46999.309,817.381,
Contact STARLINK-2736 - STARLINK-31060,57432.329,58169.638,737.309,
Contact STARLINK-2736 - STARLINK-31060,71582.694,72046.156,463.462,
Contact STARLINK-2736 - STARLINK-5972,25064.250,28946.592,3882.342,
Contact STARLINK-2736 - STARLINK-5972,39211.705,46314.381,7102.676,
Contact STARLINK-2736 - STARLINK-5972,53424.217,60746.211,7321.994,
Contact STARLINK-2736 - STARLINK-5972,67641.365,75151.375,7510.010,
Contact STARLINK-2736 - STARLINK-5972,76210.948,86400.000,10189.052,
Contact STARLINK-2736 - STARLINK-2047,61057.069,61354.209,297.140,
Contact STARLINK-2736 - STARLINK-2047,75212.627,75764.813,552.186,
Contact STARLINK-2736 - STARLINK-30145,68313.141,68838.770,525.629,
Contact STARLINK-2736 - STARLINK-30145,82543.133,83178.583,635.449,
Contact STARLINK-2736 - STARLINK-32210,10124.970,10956.845,831.875,
Contact STARLINK-2736 - STARLINK-32210,21463.992,22343.031,879.039,
Contact STARLINK-2736 - STARLINK-32210,35646.886,36566.355,919.468,
Contact STARLINK-2736 - STARLINK-32210,49823.510,50796.419,972.909,
Contact STARLINK-2736 - STARLINK-32210,61171.659,65012.178,3840.518,
Contact STARLINK-2736 - STARLINK-32210,75364.816,79234.453,3869.638,
Contact STARLINK-2736 - STARLINK-1463,0.000,362.692,362.692,
Contact STARLINK-2736 - STARLINK-1463,7885.600,14767.253,6881.652,
Contact STARLINK-2736 - STARLINK-1463,22158.461,29148.196,6989.735,
Contact STARLINK-2736 - STARLINK-1463,39340.252,43480.581,4140.329,
Contact STARLINK-2736 - STARLINK-1463,53703.531,57790.395,4086.864,
Contact STARLINK-2736 - STARLINK-1463,68090.658,72050.732,3960.074,
Contact STARLINK-2736 - STARLINK-1463,82531.236,83435.260,904.023,
Contact STARLINK-2736 - STARLINK-30486,3493.210,3662.935,169.725,
Contact STARLINK-2736 - STARLINK-30486,17647.506,18101.044,453.538,
Contact STARLINK-2736 - STARLINK-30486,31860.671,32481.150,620.479,
Contact STARLINK-2736 - STARLINK-30486,46098.991,46835.013,736.021,
Contact STARLINK-2736 - STARLINK-30486,57497.739,58310.294,812.555,
Contact STARLINK-2736 - STARLINK-30486,71753.901,72646.923,893.022,
Contact STARLINK-2736 - STARLINK-30486,86022.558,86400.000,377.442,
Contact STARLINK-2736 - STARLINK-5093,25107.494,28849.096,3741.601,
Contact STARLINK-2736 - STARLINK-5093,39228.614,46250.355,7021.740,
Contact STARLINK-2736 - STARLINK-5093,53429.527,60704.537,7275.010,
Contact STARLINK-2736 - STARLINK-5093,67637.429,75121.487,7484.058,
Contact STARLINK-2736 - STARLINK-5093,76204.522,86400.000,10195.478,
Contact STARLINK-2736 - STARLINK-5591,0.000,46683.162,46683.162,
Contact STARLINK-2736 - STARLINK-5591,47259.316,60584.851,13325.535,
Contact STARLINK-2736 - STARLINK-5591,67936.708,68926.050,989.342,
Contact STARLINK-2736 - STARLINK-5829,0.000,6711.457,6711.457,
Contact STARLINK-2736 - STARLINK-5829,7861.379,21055.580,13194.201,
Contact STARLINK-2736 - STARLINK-5829,22161.743,35357.036,13195.293,
Contact STARLINK-2736 - STARLINK-5829,36533.836,43913.188,7379.352,
Contact STARLINK-2736 - STARLINK-5829,50927.402,58144.395,7216.993,
Contact STARLINK-2736 - STARLINK-5829,65392.964,72321.656,6928.693,
Contact STARLINK-2736 - STARLINK-5829,85727.606,86400.000,672.394,
Contact STARLINK-2736 - STARLINK-3325,0.000,6555.849,6555.849,
Contact STARLINK-2736 - STARLINK-3325,7819.307,15079.346,7260.039,
Contact STARLINK-2736 - STARLINK-3325,22127.792,29311.397,7183.606,
Contact STARLINK-2736 - STARLINK-3325,36463.765,43510.760,7046.995,
Contact STARLINK-2736 - STARLINK-3325,53665.955,57728.107,4062.151,
Contact STARLINK-2736 - STARLINK-3325,67998.844,69084.221,1085.377,
Contact STARLINK-2736 - STARLINK-3325,82372.777,83249.452,876.674,
Contact STARLINK-2736 - STARLINK-5850,6943.746,10896.821,3953.076,
Contact STARLINK-2736 - STARLINK-5850,21290.576,22293.925,1003.350,
Contact STARLINK-2736 - STARLINK-5850,35665.789,36518.331,852.542,
Contact STARLINK-2736 - STARLINK-5850,50052.398,50732.021,679.624,
Contact STARLINK-2736 - STARLINK-5850,64505.889,64878.546,372.657,
Contact STARLINK-2736 - STARLINK-2424,0.000,3794.611,3794.611,
Contact STARLINK-2736 - STARLINK-2424,14227.595,18058.131,3830.535,
Contact STARLINK-2736 - STARLINK-2424,28486.512,29465.330,978.817,
Contact STARLINK-2736 - STARLINK-2424,42753.471,43719.858,966.387,
Contact STARLINK-2736 - STARLINK-2424,57014.327,57980.429,966.102,
Contact STARLINK-2736 - STARLINK-2424,71283.138,72232.892,949.754,
Contact STARLINK-2736 - STARLINK-2424,82696.082,86400.000,3703.918,
Contact STARLINK-2736 - STARLINK-5453,3904.219,14121.305,10217.086,
Contact STARLINK-2736 - STARLINK-5453,18133.592,28447.641,10314.049,
Contact STARLINK-2736 - STARLINK-5453,29513.934,42741.108,13227.174,
Contact STARLINK-2736 - STARLINK-5453,43737.209,57051.263,13314.054,
Contact STARLINK-2736 - STARLINK-5453,57986.302,71327.651,13341.349,
Contact STARLINK-2736 - STARLINK-5453,72227.354,82751.423,10524.069,
Contact STARLINK-2736 - STARLINK-31082,0.000,85828.321,85828.321,
Contact STARLINK-2736 - STARLINK-4569,7027.479,7787.274,759.795,
Contact STARLINK-2736 - STARLINK-4569,21339.141,22102.524,763.384,
Contact STARLINK-2736 - STARLINK-4569,35658.420,36409.417,750.997,
Contact STARLINK-2736 - STARLINK-4569,49971.551,50723.071,751.520,
Contact STARLINK-2736 - STARLINK-4569,64293.672,65027.031,733.359,
Contact STARLINK-2736 - STARLINK-4569,78608.650,79338.718,730.068,
Contact STARLINK-2736 - STARLINK-4328,75560.606,75866.700,306.094,
Contact STARLINK-2736 - STARLINK-5737,0.000,424.037,424.037,
Contact STARLINK-2736 - STARLINK-5737,14105.406,14785.395,679.989,
Contact STARLINK-2736 - STARLINK-5737,28340.072,29139.198,799.126,
Contact STARLINK-2736 - STARLINK-5737,42594.625,43473.449,878.824,
Contact STARLINK-2736 - STARLINK-5737,56851.070,57805.230,954.160,
Contact STARLINK-2736 - STARLINK-5737,68265.407,72121.629,3856.222,
Contact STARLINK-2736 - STARLINK-5737,82543.925,86400.000,3856.075,
Contact STARLINK-2736 - STARLINK-5231,6551.345,7457.817,906.473,
Contact STARLINK-2736 - STARLINK-5231,17957.323,21742.390,3785.067,
Contact STARLINK-2736 - STARLINK-5231,32213.142,36017.648,3804.506,
Contact STARLINK-2736 - STARLINK-5231,46477.745,47439.319,961.574,
Contact STARLINK-2736 - STARLINK-5231,60737.390,61718.219,980.829,
Contact STARLINK-2736 - STARLINK-5231,75005.849,75987.932,982.083,
Contact STARLINK-2736 - STARLINK-11092 [DTC],13168.616,48176.285,35007.669,
Contact STARLINK-2736 - STARLINK-11072 [DTC],39160.985,39603.848,442.862,
Contact STARLINK-2736 - STARLINK-11072 [DTC],49929.528,56830.283,6900.755,
Contact STARLINK-2736 - STARLINK-11072 [DTC],58240.694,65160.641,6919.947,
Contact STARLINK-2736 - STARLINK-11072 [DTC],75356.169,76012.635,656.466,
Contact STARLINK-2736 - STARLINK-5503,3108.877,4124.447,1015.569,
Contact STARLINK-2736 - STARLINK-5503,17426.478,18427.919,1001.441,
Contact STARLINK-2736 - STARLINK-5503,31758.934,32716.650,957.715,
Contact STARLINK-2736 - STARLINK-5503,46100.715,46996.100,895.386,
Contact STARLINK-2736 - STARLINK-5503,57584.801,61259.380,3674.579,
Contact STARLINK-2736 - STARLINK-5503,71955.189,72659.851,704.662,
Contact STARLINK-2736 - STARLINK-5503,86344.382,86400.000,55.618,
Contact STARLINK-2736 - MoonARTEMIS1,1725.435,5300.397,3574.962,
Contact STARLINK-2736 - MoonARTEMIS1,7435.310,16709.160,9273.849,
Contact STARLINK-2736 - MoonARTEMIS1,18855.089,28113.023,9257.933,
Contact STARLINK-2736 - MoonARTEMIS1,30265.526,39514.768,9249.242,
Contact STARLINK-2736 - MoonARTEMIS1,41671.736,45215.093,3543.357,
Contact STARLINK-2736 - MoonARTEMIS1,47373.743,56614.841,9241.098,
Contact STARLINK-2736 - MoonARTEMIS1,58776.025,68013.468,9237.443,
Contact STARLINK-2736 - MoonARTEMIS1,70176.320,73712.350,3536.030,
Contact STARLINK-2736 - MoonARTEMIS1,75875.781,85109.119,9233.337,
Contact STARLINK-2736 - MoonARTEMIS2,1704.262,5283.730,3579.468,
Contact STARLINK-2736 - MoonARTEMIS2,7409.790,16686.060,9276.270,
Contact STARLINK-2736 - MoonARTEMIS2,18822.385,28092.898,9270.513,
Contact STARLINK-2736 - MoonARTEMIS2,30240.278,39502.356,9262.078,
Contact STARLINK-2736 - MoonARTEMIS2,41656.800,45199.394,3542.594,
Contact STARLINK-2736 - MoonARTEMIS2,47356.563,56594.024,9237.461,
Contact STARLINK-2736 - MoonARTEMIS2,58755.579,67990.115,9234.537,
Contact STARLINK-2736 - MoonARTEMIS2,70154.838,73688.724,3533.886,
Contact STARLINK-2736 - MoonARTEMIS2,75854.626,85087.086,9232.460,
Contact STARLINK-2736 - MoonIOAGEO,1723.997,3727.104,2003.107,
Contact STARLINK-2736 - MoonIOAGEO,7890.084,16704.079,8813.995,
Contact STARLINK-2736 - MoonIOAGEO,18846.490,28099.361,9252.871,
Contact STARLINK-2736 - MoonIOAGEO,30245.097,39496.714,9251.616,
Contact STARLINK-2736 - MoonIOAGEO,41648.288,45198.648,3550.359,
Contact STARLINK-2736 - MoonIOAGEO,53061.338,56604.147,3542.808,
Contact STARLINK-2736 - MoonIOAGEO,58766.035,68002.582,9236.547,
Contact STARLINK-2736 - MoonIOAGEO,70165.735,73699.795,3534.060,
Contact STARLINK-2736 - MoonIOAGEO,75863.574,85099.467,9235.893,
Contact STARLINK-2736 - MoonIOAGNO,1722.858,5300.526,3577.669,
Contact STARLINK-2736 - MoonIOAGNO,7437.149,16690.057,9252.907,
Contact STARLINK-2736 - MoonIOAGNO,18824.131,28079.313,9255.182,
Contact STARLINK-2736 - MoonIOAGNO,30226.453,39485.684,9259.230,
Contact STARLINK-2736 - MoonIOAGNO,41642.448,45193.667,3551.219,
Contact STARLINK-2736 - MoonIOAGNO,47354.267,56598.257,9243.989,
Contact STARLINK-2736 - MoonIOAGNO,58752.067,67981.185,9229.118,
Contact STARLINK-2736 - MoonIOAGNO,70143.762,73681.244,3537.482,
Contact STARLINK-2736 - MoonIOAGNO,75846.507,85091.847,9245.340,
Contact STARLINK-2736 - MoonIOAGNO 0001,1706.888,5280.411,3573.523,
Contact STARLINK-2736 - MoonIOAGNO 0001,7410.842,16684.708,9273.866,
Contact STARLINK-2736 - MoonIOAGNO 0001,18828.120,28101.725,9273.605,
Contact STARLINK-2736 - MoonIOAGNO 0001,30253.372,39487.125,9233.753,
Contact STARLINK-2736 - MoonIOAGNO 0001,41636.238,45180.750,3544.512,
Contact STARLINK-2736 - MoonIOAGNO 0001,47335.138,56582.157,9247.019,
Contact STARLINK-2736 - MoonIOAGNO 0001,58744.352,67996.952,9252.600,
Contact STARLINK-2736 - MoonIOAGNO 0001,70164.682,73707.249,3542.567,
Contact STARLINK-2736 - MoonIOAGNO 0001,75871.243,85086.395,9215.152,
Contact STARLINK-2736 - MoonIOAGSO,1730.852,5303.642,3572.789,
Contact STARLINK-2736 - MoonIOAGSO,9388.298,16708.906,7320.608,
Contact STARLINK-2736 - MoonIOAGSO,18851.242,28117.939,9266.698,
Contact STARLINK-2736 - MoonIOAGSO,30261.754,39512.909,9251.155,
Contact STARLINK-2736 - MoonIOAGSO,41660.928,45206.429,3545.500,
Contact STARLINK-2736 - MoonIOAGSO,47357.259,56601.895,9244.637,
Contact STARLINK-2736 - MoonIOAGSO,58767.636,68017.173,9249.537,
Contact STARLINK-2736 - MoonIOAGSO,70180.665,73718.248,3537.583,
Contact STARLINK-2736 - MoonIOAGSO,75881.479,85112.240,9230.761,
Contact STARLINK-2736 - MoonIOAGSO 0001,1741.251,5319.742,3578.491,
Contact STARLINK-2736 - MoonIOAGSO 0001,7446.207,16715.356,9269.150,
Contact STARLINK-2736 - MoonIOAGSO 0001,18848.289,28100.018,9251.728,
Contact STARLINK-2736 - MoonIOAGSO 0001,30806.207,39510.119,8703.913,
Contact STARLINK-2736 - MoonIOAGSO 0001,41665.775,45215.819,3550.044,
Contact STARLINK-2736 - MoonIOAGSO 0001,47371.277,56615.930,9244.653,
Contact STARLINK-2736 - MoonIOAGSO 0001,58772.778,68005.342,9232.564,
Contact STARLINK-2736 - MoonIOAGSO 0001,70164.711,73697.808,3533.097,
Contact STARLINK-2736 - MoonIOAGSO 0001,75863.182,85115.883,9252.701,
Contact STARLINK-2736 - MoonLRO,1726.022,4167.897,2441.875,
Contact STARLINK-2736 - MoonLRO,7428.273,16703.905,9275.631,
Contact STARLINK-2736 - MoonLRO,20730.626,22399.273,1668.647,
Contact STARLINK-2736 - MoonLRO,35949.262,38312.831,2363.568,
Contact STARLINK-2736 - MoonLRO,41649.568,45150.836,3501.268,
Contact STARLINK-2736 - MoonLRO,48028.418,50903.567,2875.148,
Contact STARLINK-2736 - MoonLRO,64466.049,65606.778,1140.729,
Contact STARLINK-2736 - MoonLRO,70163.998,72461.423,2297.425,
Contact STARLINK-2736 - MoonLRO,75862.670,85106.492,9243.822,
Contact STARLINK-2736 - MarsSat1,0.000,2494.583,2494.583,
Contact STARLINK-2736 - MarsSat1,4141.619,13889.378,9747.759,
Contact STARLINK-2736 - MarsSat1,15550.846,30981.530,15430.685,
Contact STARLINK-2736 - MarsSat1,32663.888,42376.272,9712.384,
Contact STARLINK-2736 - MarsSat1,44072.135,53770.972,9698.837,
Contact STARLINK-2736 - MarsSat1,55480.041,70862.900,15382.859,
Contact STARLINK-2736 - MarsSat1,72591.193,82257.430,9666.237,
Contact STARLINK-2736 - MarsSat1,83998.103,86400.000,2401.897,
Contact STARLINK-2736 - MarsSat2,0.000,2494.749,2494.749,
Contact STARLINK-2736 - MarsSat2,4141.702,13889.556,9747.855,
Contact STARLINK-2736 - MarsSat2,15551.053,30981.659,15430.606,
Contact STARLINK-2736 - MarsSat2,32664.235,42376.329,9712.094,
Contact STARLINK-2736 - MarsSat2,44072.482,53770.953,9698.471,
Contact STARLINK-2736 - MarsSat2,55480.312,70862.808,15382.496,
Contact STARLINK-2736 - MarsSat2,72591.303,82257.327,9666.023,
Contact STARLINK-2736 - MarsSat2,83998.146,86400.000,2401.854,
Contact STARLINK-2736 - MarsSat3,0.000,2494.705,2494.705,
Contact STARLINK-2736 - MarsSat3,4141.647,13889.480,9747.833,
Contact STARLINK-2736 - MarsSat3,15550.980,30981.524,15430.545,
Contact STARLINK-2736 - MarsSat3,32664.079,42376.179,9712.100,
Contact STARLINK-2736 - MarsSat3,44072.251,53770.834,9698.583,
Contact STARLINK-2736 - MarsSat3,55480.019,70862.878,15382.859,
Contact STARLINK-2736 - MarsSat3,72591.081,82257.509,9666.428,
Contact STARLINK-2736 - MarsSat3,83998.068,86400.000,2401.932,
Contact STARLINK-2736 - MarsSat4,0.000,2494.578,2494.578,
Contact STARLINK-2736 - MarsSat4,4141.579,13889.359,9747.780,
Contact STARLINK-2736 - MarsSat4,15550.787,30981.590,15430.803,
Contact STARLINK-2736 - MarsSat4,32664.054,42376.221,9712.167,
Contact STARLINK-2736 - MarsSat4,44072.219,53770.964,9698.744,
Contact STARLINK-2736 - MarsSat4,55480.090,70862.816,15382.726,
Contact STARLINK-2736 - MarsSat4,72591.133,82257.377,9666.244,
Contact STARLINK-2736 - MarsSat4,83997.965,86400.000,2402.035,
Contact STARLINK-5960 - STARLINK-31673,0.000,3990.034,3990.034,
Contact STARLINK-5960 - STARLINK-31673,14151.416,18132.734,3981.318,
Contact STARLINK-5960 - STARLINK-31673,28600.762,29412.468,811.705,
Contact STARLINK-5960 - STARLINK-2127,563.612,13798.866,13235.254,
Contact STARLINK-5960 - STARLINK-2127,14871.058,28160.714,13289.656,
Contact STARLINK-5960 - STARLINK-2127,29194.019,42495.682,13301.663,
Contact STARLINK-5960 - STARLINK-2127,43509.177,53970.123,10460.946,
Contact STARLINK-5960 - STARLINK-2127,57839.362,68320.840,10481.478,
Contact STARLINK-5960 - STARLINK-2127,72162.535,82645.140,10482.605,
Contact STARLINK-5960 - STARLINK-30756,189.215,13691.234,13502.019,
Contact STARLINK-5960 - STARLINK-30756,14535.233,25168.621,10633.388,
Contact STARLINK-5960 - STARLINK-30756,28900.966,39529.528,10628.562,
Contact STARLINK-5960 - STARLINK-30756,43246.985,53862.097,10615.112,
Contact STARLINK-5960 - STARLINK-30756,57612.670,68223.013,10610.344,
Contact STARLINK-5960 - STARLINK-30756,69097.338,82555.580,13458.242,
Contact STARLINK-5960 - STARLINK-30756,83443.358,86400.000,2956.642,
Contact STARLINK-5960 - STARLINK-1580,10417.257,11427.948,1010.691,
Contact STARLINK-5960 - STARLINK-1580,24735.116,25745.364,1010.248,
Contact STARLINK-5960 - STARLINK-1580,39054.065,40061.797,1007.732,
Contact STARLINK-5960 - STARLINK-1580,53377.478,54373.662,996.184,
Contact STARLINK-5960 - STARLINK-1580,67701.741,68684.646,982.905,
Contact STARLINK-5960 - STARLINK-1580,79163.882,82990.898,3827.016,
Contact STARLINK-5960 - STARLINK-31931,75024.036,75730.308,706.272,
Contact STARLINK-5960 - STARLINK-31931,86122.031,86400.000,277.969,
Contact STARLINK-5960 - STARLINK-1323,6826.485,7756.735,930.250,
Contact STARLINK-5960 - STARLINK-1323,21171.734,22053.899,882.165,
Contact STARLINK-5960 - STARLINK-1323,35530.621,36337.329,806.709,
Contact STARLINK-5960 - STARLINK-1323,49884.336,50625.923,741.587,
Contact STARLINK-5960 - STARLINK-1323,64255.212,64897.407,642.195,
Contact STARLINK-5960 - STARLINK-4201,128.453,13743.961,13615.508,
Contact STARLINK-5960 - STARLINK-4201,14472.678,25183.405,10710.728,
Contact STARLINK-5960 - STARLINK-4201,28833.493,39489.927,10656.434,
Contact STARLINK-5960 - STARLINK-4201,40324.130,53762.801,13438.670,
Contact STARLINK-5960 - STARLINK-4201,54687.453,68057.384,13369.931,
Contact STARLINK-5960 - STARLINK-4201,69066.696,82321.210,13254.514,
Contact STARLINK-5960 - STARLINK-4201,83438.635,86400.000,2961.365,
Contact STARLINK-5960 - STARLINK-31060,0.000,24705.171,24705.171,
Contact STARLINK-5960 - STARLINK-5972,3378.396,4170.191,791.795,
Contact STARLINK-5960 - STARLINK-5972,17755.747,18545.133,789.386,
Contact STARLINK-5960 - STARLINK-5972,32123.959,32927.403,803.444,
Contact STARLINK-5960 - STARLINK-5972,46501.752,47301.716,799.965,
Contact STARLINK-5960 - STARLINK-5972,60870.605,61683.156,812.551,
Contact STARLINK-5960 - STARLINK-5972,75248.758,76056.929,808.170,
Contact STARLINK-5960 - STARLINK-32210,0.000,64685.568,64685.568,
Contact STARLINK-5960 - STARLINK-32210,71868.608,72769.057,900.450,
Contact STARLINK-5960 - STARLINK-31530,13902.275,14609.265,706.990,
Contact STARLINK-5960 - STARLINK-31530,25133.922,28918.708,3784.786,
Contact STARLINK-5960 - STARLINK-31530,39254.542,40300.722,1046.179,
Contact STARLINK-5960 - STARLINK-31530,53455.677,54455.918,1000.240,
Contact STARLINK-5960 - STARLINK-31530,67740.632,68528.642,788.010,
Contact STARLINK-5960 - STARLINK-5093,3353.871,4122.841,768.970,
Contact STARLINK-5960 - STARLINK-5093,17734.689,18502.556,767.867,
Contact STARLINK-5960 - STARLINK-5093,32103.383,32893.659,790.275,
Contact STARLINK-5960 - STARLINK-5093,46485.066,47272.355,787.288,
Contact STARLINK-5960 - STARLINK-5093,60854.954,61662.060,807.106,
Contact STARLINK-5960 - STARLINK-5093,75237.359,76039.885,802.525,
Contact STARLINK-5960 - STARLINK-5591,6539.231,7577.050,1037.819,
Contact STARLINK-5960 - STARLINK-5591,20913.474,21979.226,1065.751,
Contact STARLINK-5960 - STARLINK-5591,35298.793,36370.034,1071.241,
Contact STARLINK-5960 - STARLINK-5591,49677.941,50767.331,1089.390,
Contact STARLINK-5960 - STARLINK-5591,61186.252,65153.678,3967.426,
Contact STARLINK-5960 - STARLINK-5591,75577.586,79546.441,3968.855,
Contact STARLINK-5960 - STARLINK-32088,58706.339,86400.000,27693.661,
Contact STARLINK-5960 - STARLINK-5829,6564.118,7470.489,906.371,
Contact STARLINK-5960 - STARLINK-5829,20941.345,21850.358,909.013,
Contact STARLINK-5960 - STARLINK-5829,35327.247,36222.079,894.832,
Contact STARLINK-5960 - STARLINK-5829,49704.655,50601.589,896.934,
Contact STARLINK-5960 - STARLINK-5829,64090.491,64973.198,882.707,
Contact STARLINK-5960 - STARLINK-5829,75595.794,79352.415,3756.621,
Contact STARLINK-5960 - STARLINK-5850,0.000,86400.000,86400.000,
Contact STARLINK-5960 - STARLINK-31939,39443.307,40094.098,650.790,
Contact STARLINK-5960 - STARLINK-31939,53499.758,54395.559,895.801,
Contact STARLINK-5960 - STARLINK-31939,67631.200,68621.668,990.468,
Contact STARLINK-5960 - STARLINK-31939,78987.148,79951.023,963.876,
Contact STARLINK-5960 - STARLINK-5453,3552.438,4310.607,758.168,
Contact STARLINK-5960 - STARLINK-5453,17975.105,18538.937,563.832,
Contact STARLINK-5960 - STARLINK-31082,6688.801,7416.988,728.187,
Contact STARLINK-5960 - STARLINK-31082,21040.737,21759.263,718.526,
Contact STARLINK-5960 - STARLINK-31082,35413.460,36080.431,666.971,
Contact STARLINK-5960 - STARLINK-31082,49766.097,50421.968,655.871,
Contact STARLINK-5960 - STARLINK-4569,0.000,3195.708,3195.708,
Contact STARLINK-5960 - STARLINK-4569,4214.975,17580.820,13365.845,
Contact STARLINK-5960 - STARLINK-4569,18603.188,31985.233,13382.044,
Contact STARLINK-5960 - STARLINK-4569,32967.871,46366.286,13398.415,
Contact STARLINK-5960 - STARLINK-4569,47359.445,60768.079,13408.634,
Contact STARLINK-5960 - STARLINK-4569,61727.700,75144.964,13417.264,
Contact STARLINK-5960 - STARLINK-4569,76122.664,86400.000,10277.336,
Contact STARLINK-5960 - STARLINK-4328,715.570,7659.558,6943.988,
Contact STARLINK-5960 - STARLINK-4328,15077.593,22047.812,6970.219,
Contact STARLINK-5960 - STARLINK-4328,29453.009,36426.319,6973.310,
Contact STARLINK-5960 - STARLINK-4328,43815.491,50814.381,6998.890,
Contact STARLINK-5960 - STARLINK-4328,58191.650,65192.838,7001.187,
Contact STARLINK-5960 - STARLINK-4328,72554.681,79580.613,7025.932,
Contact STARLINK-5960 - STARLINK-2214,0.000,260.918,260.918,
Contact STARLINK-5960 - STARLINK-2214,10768.948,14594.313,3825.364,
Contact STARLINK-5960 - STARLINK-2214,25082.216,28924.611,3842.395,
Contact STARLINK-5960 - STARLINK-2214,39398.815,43253.821,3855.006,
Contact STARLINK-5960 - STARLINK-2214,53716.217,54715.344,999.126,
Contact STARLINK-5960 - STARLINK-2214,68036.699,69040.030,1003.331,
Contact STARLINK-5960 - STARLINK-2214,82358.201,83363.482,1005.281,
Contact STARLINK-5960 - STARLINK-11136 [DTC],32352.993,32439.859,86.866,
Contact STARLINK-5960 - STARLINK-11136 [DTC],43146.139,46952.217,3806.079,
Contact STARLINK-5960 - STARLINK-11136 [DTC],57140.947,58190.105,1049.157,
Contact STARLINK-5960 - STARLINK-31325,38891.108,39729.568,838.461,
Contact STARLINK-5960 - STARLINK-31325,50115.460,57048.435,6932.974,
Contact STARLINK-5960 - STARLINK-31325,64231.096,71381.650,7150.554,
Contact STARLINK-5960 - STARLINK-31325,72724.920,85654.160,12929.240,
Contact STARLINK-5960 - STARLINK-5628,3262.786,3990.570,727.784,
Contact STARLINK-5960 - STARLINK-5628,17690.818,18299.407,608.589,
Contact STARLINK-5960 - STARLINK-5628,32102.307,32624.696,522.389,
Contact STARLINK-5960 - STARLINK-5628,46563.121,46900.810,337.689,
Contact STARLINK-5960 - STARLINK-11092 [DTC],7158.018,10971.571,3813.554,
Contact STARLINK-5960 - STARLINK-11092 [DTC],21246.646,22136.394,889.747,
Contact STARLINK-5960 - STARLINK-11072 [DTC],35194.781,36639.497,1444.715,
Contact STARLINK-5960 - STARLINK-11072 [DTC],43533.946,53242.631,9708.685,
Contact STARLINK-5960 - STARLINK-6319,10328.788,11316.985,988.196,
Contact STARLINK-5960 - STARLINK-6319,24687.583,25664.546,976.963,
Contact STARLINK-5960 - STARLINK-6319,39037.352,40021.959,984.607,
Contact STARLINK-5960 - STARLINK-6319,53396.137,54369.504,973.367,
Contact STARLINK-5960 - STARLINK-6319,67745.917,68726.903,980.986,
Contact STARLINK-5960 - STARLINK-6319,82104.691,83074.432,969.740,
Contact STARLINK-5960 - MoonARTEMIS1,2760.932,6549.427,3788.495,
Contact STARLINK-5960 - MoonARTEMIS1,8548.521,23871.959,15323.438,
Contact STARLINK-5960 - MoonARTEMIS1,25878.639,35401.173,9522.534,
Contact STARLINK-5960 - MoonARTEMIS1,37414.414,52683.633,15269.220,
Contact STARLINK-5960 - MoonARTEMIS1,54706.237,64200.274,9494.037,
Contact STARLINK-5960 - MoonARTEMIS1,66228.671,81470.037,15241.365,
Contact STARLINK-5960 - MoonARTEMIS1,83506.373,86400.000,2893.627,
Contact STARLINK-5960 - MoonARTEMIS2,0.000,6518.962,6518.962,
Contact STARLINK-5960 - MoonARTEMIS2,8498.883,23816.877,15317.994,
Contact STARLINK-5960 - MoonARTEMIS2,25810.913,33021.594,7210.680,
Contact STARLINK-5960 - MoonARTEMIS2,37381.799,52664.331,15282.532,
Contact STARLINK-5960 - MoonARTEMIS2,54677.705,64185.031,9507.326,
Contact STARLINK-5960 - MoonARTEMIS2,66203.434,81464.062,15260.628,
Contact STARLINK-5960 - MoonARTEMIS2,83491.866,86400.000,2908.134,
Contact STARLINK-5960 - MoonIOAGEO,0.000,3872.513,3872.513,
Contact STARLINK-5960 - MoonIOAGEO,8542.593,23847.191,15304.599,
Contact STARLINK-5960 - MoonIOAGEO,25841.874,35349.693,9507.819,
Contact STARLINK-5960 - MoonIOAGEO,37350.760,46883.775,9533.015,
Contact STARLINK-5960 - MoonIOAGEO,54680.459,64192.077,9511.618,
Contact STARLINK-5960 - MoonIOAGEO,66215.174,81447.682,15232.508,
Contact STARLINK-5960 - MoonIOAGEO,83480.269,86400.000,2919.731,
Contact STARLINK-5960 - MoonIOAGNO,0.000,6557.312,6557.312,
Contact STARLINK-5960 - MoonIOAGNO,8545.464,23836.818,15291.355,
Contact STARLINK-5960 - MoonIOAGNO,25821.816,35375.165,9553.349,
Contact STARLINK-5960 - MoonIOAGNO,37368.462,52655.950,15287.487,
Contact STARLINK-5960 - MoonIOAGNO,54667.726,64174.914,9507.187,
Contact STARLINK-5960 - MoonIOAGNO,66187.336,81473.770,15286.434,
Contact STARLINK-5960 - MoonIOAGNO,83501.088,86400.000,2898.912,
Contact STARLINK-5960 - MoonIOAGNO 0001,0.000,6549.467,6549.467,
Contact STARLINK-5960 - MoonIOAGNO 0001,8524.781,23852.114,15327.333,
Contact STARLINK-5960 - MoonIOAGNO 0001,25846.470,35356.723,9510.253,
Contact STARLINK-5960 - MoonIOAGNO 0001,37355.727,52659.943,15304.216,
Contact STARLINK-5960 - MoonIOAGNO 0001,54663.021,64190.359,9527.338,
Contact STARLINK-5960 - MoonIOAGNO 0001,66208.237,81457.251,15249.013,
Contact STARLINK-5960 - MoonIOAGNO 0001,83485.252,86400.000,2914.748,
Contact STARLINK-5960 - MoonIOAGSO,0.000,6537.466,6537.466,
Contact STARLINK-5960 - MoonIOAGSO,9407.233,23820.311,14413.079,
Contact STARLINK-5960 - MoonIOAGSO,25828.179,35337.025,9508.845,
Contact STARLINK-5960 - MoonIOAGSO,37352.012,51887.269,14535.257,
Contact STARLINK-5960 - MoonIOAGSO,54674.560,64166.407,9491.847,
Contact STARLINK-5960 - MoonIOAGSO,66196.064,81435.994,15239.931,
Contact STARLINK-5960 - MoonIOAGSO,83478.577,86400.000,2921.423,
Contact STARLINK-5960 - MoonIOAGSO 0001,0.000,6522.545,6522.545,
Contact STARLINK-5960 - MoonIOAGSO 0001,8524.223,23818.128,15293.905,
Contact STARLINK-5960 - MoonIOAGSO 0001,25822.803,35369.700,9546.896,
Contact STARLINK-5960 - MoonIOAGSO 0001,37374.664,52627.511,15252.847,
Contact STARLINK-5960 - MoonIOAGSO 0001,54652.807,64153.439,9500.632,
Contact STARLINK-5960 - MoonIOAGSO 0001,66183.267,81461.862,15278.595,
Contact STARLINK-5960 - MoonIOAGSO 0001,83500.037,86400.000,2899.963,
Contact STARLINK-5960 - MoonLRO,2768.580,4169.366,1400.786,
Contact STARLINK-5960 - MoonLRO,8535.109,17806.635,9271.527,
Contact STARLINK-5960 - MoonLRO,20738.989,23835.023,3096.034,
Contact STARLINK-5960 - MoonLRO,27573.105,29600.854,2027.749,
Contact STARLINK-5960 - MoonLRO,43136.257,45141.943,2005.686,
Contact STARLINK-5960 - MoonLRO,48902.932,51956.907,3053.976,
Contact STARLINK-5960 - MoonLRO,54881.459,58412.309,3530.851,
Contact STARLINK-5960 - MoonLRO,71966.613,79294.195,7327.582,
Contact STARLINK-5960 - MarsSat1,0.000,2993.811,2993.811,
Contact STARLINK-5960 - MarsSat1,5001.296,20238.222,15236.926,
Contact STARLINK-5960 - MarsSat1,22246.206,31734.417,9488.212,
Contact STARLINK-5960 - MarsSat1,33742.850,48978.671,15235.821,
Contact STARLINK-5960 - MarsSat1,50987.935,60474.821,9486.886,
Contact STARLINK-5960 - MarsSat1,62484.723,71970.923,9486.200,
Contact STARLINK-5960 - MarsSat1,73981.520,77718.943,3737.422,
Contact STARLINK-5960 - MarsSat1,79729.910,86400.000,6670.090,
Contact STARLINK-5960 - MarsSat2,0.000,2993.798,2993.798,
Contact STARLINK-5960 - MarsSat2,5001.351,20238.345,15236.994,
Contact STARLINK-5960 - MarsSat2,22246.388,31734.628,9488.241,
Contact STARLINK-5960 - MarsSat2,33743.093,48978.927,15235.833,
Contact STARLINK-5960 - MarsSat2,50988.168,60475.037,9486.869,
Contact STARLINK-5960 - MarsSat2,62484.892,71971.075,9486.183,
Contact STARLINK-5960 - MarsSat2,73981.618,77719.065,3737.447,
Contact STARLINK-5960 - MarsSat2,79729.981,86400.000,6670.019,
Contact STARLINK-5960 - MarsSat3,0.000,2993.776,2993.776,
Contact STARLINK-5960 - MarsSat3,5001.317,20238.319,15237.002,
Contact STARLINK-5960 - MarsSat3,22246.326,31734.573,9488.247,
Contact STARLINK-5960 - MarsSat3,33742.989,48978.785,15235.796,
Contact STARLINK-5960 - MarsSat3,50987.980,60474.821,9486.841,
Contact STARLINK-5960 - MarsSat3,62484.666,71970.830,9486.164,
Contact STARLINK-5960 - MarsSat3,73981.433,77718.843,3737.410,
Contact STARLINK-5960 - MarsSat3,79729.841,86400.000,6670.159,
Contact STARLINK-5960 - MarsSat4,0.000,2993.786,2993.786,
Contact STARLINK-5960 - MarsSat4,5001.269,20238.190,15236.921,
Contact STARLINK-5960 - MarsSat4,22246.222,31734.522,9488.299,
Contact STARLINK-5960 - MarsSat4,33742.967,48978.727,15235.760,
Contact STARLINK-5960 - MarsSat4,50987.959,60474.878,9486.918,
Contact STARLINK-5960 - MarsSat4,62484.769,71970.929,9486.160,
Contact STARLINK-5960 - MarsSat4,73981.475,77718.890,3737.415,
Contact STARLINK-5960 - MarsSat4,79729.813,86400.000,6670.187,
Contact STARLINK-4170 - STARLINK-32223,3576.788,4147.567,570.779,
Contact STARLINK-4170 - STARLINK-32223,17596.004,18378.642,782.639,
Contact STARLINK-4170 - STARLINK-32223,31677.668,32545.328,867.660,
Contact STARLINK-4170 - STARLINK-32223,42979.451,43842.324,862.873,
Contact STARLINK-4170 - STARLINK-32223,57151.478,57919.164,767.686,
Contact STARLINK-4170 - STARLINK-5061,3526.891,7274.958,3748.067,
Contact STARLINK-4170 - STARLINK-5061,17866.109,18726.514,860.406,
Contact STARLINK-4170 - STARLINK-5061,32205.793,33040.125,834.332,
Contact STARLINK-4170 - STARLINK-5061,46547.621,47351.888,804.267,
Contact STARLINK-4170 - STARLINK-5061,60889.847,61662.914,773.067,
Contact STARLINK-4170 - STARLINK-5061,75234.626,75971.747,737.121,
Contact STARLINK-4170 - STARLINK-31812,32880.784,86400.000,53519.216,
Contact STARLINK-4170 - STARLINK-31931,0.000,3231.516,3231.516,
Contact STARLINK-4170 - STARLINK-5952,3044.529,4016.418,971.889,
Contact STARLINK-4170 - STARLINK-5952,17386.498,18336.677,950.179,
Contact STARLINK-4170 - STARLINK-5952,31736.631,32648.590,911.959,
Contact STARLINK-4170 - STARLINK-5952,46082.681,46964.812,882.131,
Contact STARLINK-4170 - STARLINK-5952,57563.637,61272.153,3708.516,
Contact STARLINK-4170 - STARLINK-5952,71920.370,72718.868,798.498,
Contact STARLINK-4170 - STARLINK-5952,86273.155,86400.000,126.845,
Contact STARLINK-4170 - STARLINK-1323,10786.915,10864.187,77.272,
Contact STARLINK-4170 - STARLINK-1323,25044.025,25201.742,157.717,
Contact STARLINK-4170 - STARLINK-3601,0.000,119.424,119.424,
Contact STARLINK-4170 - STARLINK-3603,0.000,393.609,393.609,
Contact STARLINK-4170 - STARLINK-3603,14091.470,14691.398,599.928,
Contact STARLINK-4170 - STARLINK-3603,28392.124,28997.124,605.000,
Contact STARLINK-4170 - STARLINK-3603,42701.463,43294.846,593.383,
Contact STARLINK-4170 - STARLINK-3603,57002.098,57600.576,598.477,
Contact STARLINK-4170 - STARLINK-3603,82755.525,83339.564,584.039,
Contact STARLINK-4170 - STARLINK-3969,39523.156,39770.799,247.643,
Contact STARLINK-4170 - STARLINK-3969,53839.009,54053.680,214.670,
Contact STARLINK-4170 - STARLINK-3969,67996.456,68503.062,506.606,
Contact STARLINK-4170 - STARLINK-31060,71512.719,72353.952,841.233,
Contact STARLINK-4170 - STARLINK-31060,82690.726,86400.000,3709.274,
Contact STARLINK-4170 - STARLINK-5972,10233.262,11154.358,921.096,
Contact STARLINK-4170 - STARLINK-5972,24579.902,25509.260,929.358,
Contact STARLINK-4170 - STARLINK-5972,38916.742,39874.050,957.308,
Contact STARLINK-4170 - STARLINK-5972,50392.236,54225.292,3833.056,
Contact STARLINK-4170 - STARLINK-5972,64744.349,68586.275,3841.926,
Contact STARLINK-4170 - STARLINK-5972,79086.893,82933.224,3846.331,
Contact STARLINK-4170 - STARLINK-2047,3557.512,7349.202,3791.690,
Contact STARLINK-4170 - STARLINK-2047,17877.775,21666.478,3788.702,
Contact STARLINK-4170 - STARLINK-2047,32194.815,33118.862,924.047,
Contact STARLINK-4170 - STARLINK-2047,46515.562,47432.493,916.931,
Contact STARLINK-4170 - STARLINK-2047,60832.977,61749.211,916.234,
Contact STARLINK-4170 - STARLINK-2047,75154.212,76062.365,908.153,
Contact STARLINK-4170 - STARLINK-30145,0.000,6531.090,6531.090,
Contact STARLINK-4170 - STARLINK-30145,7867.728,15117.081,7249.353,
Contact STARLINK-4170 - STARLINK-30145,22176.405,29444.705,7268.300,
Contact STARLINK-4170 - STARLINK-30145,36500.843,43757.178,7256.336,
Contact STARLINK-4170 - STARLINK-30145,50811.802,58082.508,7270.706,
Contact STARLINK-4170 - STARLINK-30145,65138.618,75262.909,10124.291,
Contact STARLINK-4170 - STARLINK-30145,82323.554,86400.000,4076.446,
Contact STARLINK-4170 - STARLINK-30549,6839.253,7964.408,1125.155,
Contact STARLINK-4170 - STARLINK-1463,0.000,32200.961,32200.961,
Contact STARLINK-4170 - STARLINK-1463,39563.103,40435.084,871.981,
Contact STARLINK-4170 - STARLINK-30486,3142.339,4041.387,899.047,
Contact STARLINK-4170 - STARLINK-30486,17487.270,18356.604,869.334,
Contact STARLINK-4170 - STARLINK-30486,31840.816,32662.956,822.139,
Contact STARLINK-4170 - STARLINK-30486,46190.112,46973.845,783.732,
Contact STARLINK-4170 - STARLINK-30486,60548.946,61274.884,725.938,
Contact STARLINK-4170 - STARLINK-30486,86393.106,86400.000,6.894,
Contact STARLINK-4170 - STARLINK-1227,3125.773,3757.394,631.621,
Contact STARLINK-4170 - STARLINK-1227,17433.344,18078.224,644.880,
Contact STARLINK-4170 - STARLINK-1227,43187.929,43855.551,667.623,
Contact STARLINK-4170 - STARLINK-1227,57496.137,58175.739,679.602,
Contact STARLINK-4170 - STARLINK-1227,71804.660,72496.156,691.496,
Contact STARLINK-4170 - STARLINK-1227,86113.285,86400.000,286.715,
Contact STARLINK-4170 - STARLINK-5093,10207.629,11112.640,905.011,
Contact STARLINK-4170 - STARLINK-5093,24555.716,25474.608,918.892,
Contact STARLINK-4170 - STARLINK-5093,38895.246,39845.530,950.283,
Contact STARLINK-4170 - STARLINK-5093,50372.869,54202.998,3830.129,
Contact STARLINK-4170 - STARLINK-5093,64727.664,68569.216,3841.551,
Contact STARLINK-4170 - STARLINK-5093,79074.170,82921.433,3847.263,
Contact STARLINK-4170 - STARLINK-5591,10466.595,11208.693,742.098,
Contact STARLINK-4170 - STARLINK-5591,24901.222,25501.029,599.807,
Contact STARLINK-4170 - STARLINK-5591,39340.194,39789.107,448.914,
Contact STARLINK-4170 - STARLINK-1073,14347.553,14567.104,219.550,
Contact STARLINK-4170 - STARLINK-1073,28630.808,28926.198,295.390,
Contact STARLINK-4170 - STARLINK-1073,42931.816,43268.283,336.467,
Contact STARLINK-4170 - STARLINK-1073,57226.345,57616.119,389.773,
Contact STARLINK-4170 - STARLINK-5829,0.000,30.007,30.007,
Contact STARLINK-4170 - STARLINK-5829,10617.309,11505.014,887.705,
Contact STARLINK-4170 - STARLINK-5829,24989.558,25840.056,850.498,
Contact STARLINK-4170 - STARLINK-5829,39353.808,40183.700,829.892,
Contact STARLINK-4170 - STARLINK-5829,53733.813,54511.160,777.346,
Contact STARLINK-4170 - STARLINK-5829,68105.765,68847.320,741.556,
Contact STARLINK-4170 - STARLINK-5829,82496.189,83164.560,668.371,
Contact STARLINK-4170 - STARLINK-30754,3412.856,7302.477,3889.620,
Contact STARLINK-4170 - STARLINK-30754,17740.682,21638.445,3897.762,
Contact STARLINK-4170 - STARLINK-30754,32066.493,33104.524,1038.031,
Contact STARLINK-4170 - STARLINK-30754,46397.462,47433.761,1036.299,
Contact STARLINK-4170 - STARLINK-30754,60726.308,61765.392,1039.084,
Contact STARLINK-4170 - STARLINK-30754,75060.408,76091.534,1031.125,
Contact STARLINK-4170 - STARLINK-3832,10640.968,11227.605,586.637,
Contact STARLINK-4170 - STARLINK-3832,24961.044,25517.977,556.933,
Contact STARLINK-4170 - STARLINK-3832,39250.800,39839.546,588.746,
Contact STARLINK-4170 - STARLINK-3832,53570.783,54130.003,559.221,
Contact STARLINK-4170 - STARLINK-3832,67860.629,68451.479,590.850,
Contact STARLINK-4170 - STARLINK-5453,7164.705,7902.337,737.631,
Contact STARLINK-4170 - STARLINK-5453,21458.800,22212.561,753.761,
Contact STARLINK-4170 - STARLINK-5453,35764.151,36511.917,747.767,
Contact STARLINK-4170 - STARLINK-5453,50058.374,50822.002,763.628,
Contact STARLINK-4170 - STARLINK-5453,64363.697,65121.371,757.674,
Contact STARLINK-4170 - STARLINK-5453,78658.045,79431.321,773.276,
Contact STARLINK-4170 - STARLINK-1776,10549.482,11252.628,703.146,
Contact STARLINK-4170 - STARLINK-1776,24947.689,25411.236,463.547,
Contact STARLINK-4170 - STARLINK-5737,0.000,6675.426,6675.426,
Contact STARLINK-4170 - STARLINK-5737,13789.132,20961.940,7172.809,
Contact STARLINK-4170 - STARLINK-5737,28141.426,29547.462,1406.036,
Contact STARLINK-4170 - STARLINK-5737,42519.129,43826.704,1307.575,
Contact STARLINK-4170 - STARLINK-5737,56879.184,58122.482,1243.298,
Contact STARLINK-4170 - STARLINK-5737,65516.302,72390.862,6874.560,
Contact STARLINK-4170 - STARLINK-5737,82773.658,86400.000,3626.342,
Contact STARLINK-4170 - STARLINK-11092 [DTC],35905.475,39703.408,3797.933,
Contact STARLINK-4170 - STARLINK-11092 [DTC],49782.003,50983.820,1201.817,
Contact STARLINK-4170 - STARLINK-11092 [DTC],61150.089,62036.637,886.548,
Contact STARLINK-4170 - STARLINK-11072 [DTC],64304.939,64932.722,627.784,
Contact STARLINK-4170 - STARLINK-11072 [DTC],75400.782,76243.812,843.029,
Contact STARLINK-4170 - MoonARTEMIS1,965.531,10020.922,9055.391,
Contact STARLINK-4170 - MoonARTEMIS1,11794.688,21527.351,9732.663,
Contact STARLINK-4170 - MoonARTEMIS1,23328.000,27273.241,3945.241,
Contact STARLINK-4170 - MoonARTEMIS1,29086.562,38757.170,9670.608,
Contact STARLINK-4170 - MoonARTEMIS1,40594.281,50233.868,9639.587,
Contact STARLINK-4170 - MoonARTEMIS1,52092.917,55970.171,3877.254,
Contact STARLINK-4170 - MoonARTEMIS1,57839.573,67439.415,9599.841,
Contact STARLINK-4170 - MoonARTEMIS1,69328.456,78904.706,9576.250,
Contact STARLINK-4170 - MoonARTEMIS1,80812.236,84635.964,3823.727,
Contact STARLINK-4170 - MoonARTEMIS2,207.310,9958.274,9750.964,
Contact STARLINK-4170 - MoonARTEMIS2,11719.002,21455.954,9736.952,
Contact STARLINK-4170 - MoonARTEMIS2,23237.562,27208.738,3971.175,
Contact STARLINK-4170 - MoonARTEMIS2,29003.608,38725.703,9722.094,
Contact STARLINK-4170 - MoonARTEMIS2,40555.110,50196.118,9641.007,
Contact STARLINK-4170 - MoonARTEMIS2,52054.308,55930.138,3875.829,
Contact STARLINK-4170 - MoonARTEMIS2,57801.336,67398.302,9596.967,
Contact STARLINK-4170 - MoonARTEMIS2,69293.655,78867.036,9573.381,
Contact STARLINK-4170 - MoonARTEMIS2,80784.663,84601.672,3817.009,
Contact STARLINK-4170 - MoonIOAGEO,231.776,3655.002,3423.225,
Contact STARLINK-4170 - MoonIOAGEO,11782.764,21502.544,9719.780,
Contact STARLINK-4170 - MoonIOAGEO,23290.268,27233.087,3942.819,
Contact STARLINK-4170 - MoonIOAGEO,29024.897,38700.743,9675.846,
Contact STARLINK-4170 - MoonIOAGEO,40512.640,47834.943,7322.303,
Contact STARLINK-4170 - MoonIOAGEO,52049.533,55946.031,3896.498,
Contact STARLINK-4170 - MoonIOAGEO,57815.433,67419.137,9603.705,
Contact STARLINK-4170 - MoonIOAGEO,69305.405,78877.335,9571.930,
Contact STARLINK-4170 - MoonIOAGEO,80776.377,84614.415,3838.038,
Contact STARLINK-4170 - MoonIOAGNO,266.902,10015.388,9748.486,
Contact STARLINK-4170 - MoonIOAGNO,11758.308,21458.453,9700.145,
Contact STARLINK-4170 - MoonIOAGNO,23256.845,27199.580,3942.735,
Contact STARLINK-4170 - MoonIOAGNO,29017.129,38696.530,9679.401,
Contact STARLINK-4170 - MoonIOAGNO,40540.039,50203.946,9663.907,
Contact STARLINK-4170 - MoonIOAGNO,52053.545,55932.245,3878.700,
Contact STARLINK-4170 - MoonIOAGNO,57780.330,67381.507,9601.177,
Contact STARLINK-4170 - MoonIOAGNO,69276.530,78864.181,9587.651,
Contact STARLINK-4170 - MoonIOAGNO,80788.566,84611.206,3822.640,
Contact STARLINK-4170 - MoonIOAGNO 0001,236.220,9974.421,9738.201,
Contact STARLINK-4170 - MoonIOAGNO 0001,11761.997,21482.231,9720.234,
Contact STARLINK-4170 - MoonIOAGNO 0001,23286.763,27239.079,3952.316,
Contact STARLINK-4170 - MoonIOAGNO 0001,29042.757,38692.603,9649.846,
Contact STARLINK-4170 - MoonIOAGNO 0001,40516.307,50164.080,9647.773,
Contact STARLINK-4170 - MoonIOAGNO 0001,52028.645,55909.023,3880.378,
Contact STARLINK-4170 - MoonIOAGNO 0001,57787.791,67408.874,9621.083,
Contact STARLINK-4170 - MoonIOAGNO 0001,69306.316,78879.020,9572.704,
Contact STARLINK-4170 - MoonIOAGNO 0001,80780.063,84599.778,3819.716,
Contact STARLINK-4170 - MoonIOAGSO,222.686,8045.949,7823.263,
Contact STARLINK-4170 - MoonIOAGSO,11772.307,21507.490,9735.183,
Contact STARLINK-4170 - MoonIOAGSO,23263.622,27250.092,3986.470,
Contact STARLINK-4170 - MoonIOAGSO,29010.087,38724.053,9713.966,
Contact STARLINK-4170 - MoonIOAGSO,40512.827,50190.014,9677.187,
Contact STARLINK-4170 - MoonIOAGSO,52037.602,55938.075,3900.472,
Contact STARLINK-4170 - MoonIOAGSO,57803.781,67431.056,9627.275,
Contact STARLINK-4170 - MoonIOAGSO,69292.523,78901.142,9608.619,
Contact STARLINK-4170 - MoonIOAGSO,80782.218,84631.717,3849.499,
Contact STARLINK-4170 - MoonIOAGSO 0001,238.229,10017.929,9779.700,
Contact STARLINK-4170 - MoonIOAGSO 0001,11734.978,21492.745,9757.767,
Contact STARLINK-4170 - MoonIOAGSO 0001,23250.290,27227.936,3977.647,
Contact STARLINK-4170 - MoonIOAGSO 0001,30865.495,38728.711,7863.216,
Contact STARLINK-4170 - MoonIOAGSO 0001,40538.412,50213.424,9675.012,
Contact STARLINK-4170 - MoonIOAGSO 0001,52028.187,55949.105,3920.917,
Contact STARLINK-4170 - MoonIOAGSO 0001,57776.006,67412.580,9636.574,
Contact STARLINK-4170 - MoonIOAGSO 0001,69281.234,78894.895,9613.661,
Contact STARLINK-4170 - MoonIOAGSO 0001,80806.316,84641.578,3835.262,
Contact STARLINK-4170 - MoonLRO,253.254,10008.562,9755.308,
Contact STARLINK-4170 - MoonLRO,13885.650,15746.887,1861.237,
Contact STARLINK-4170 - MoonLRO,34783.368,38312.739,3529.372,
Contact STARLINK-4170 - MoonLRO,41207.243,44461.215,3253.972,
Contact STARLINK-4170 - MoonLRO,63546.743,65608.452,2061.709,
Contact STARLINK-4170 - MoonLRO,69296.594,78893.523,9596.929,
Contact STARLINK-4170 - MoonLRO,82175.776,84628.119,2452.343,
Contact STARLINK-4170 - MarsSat1,0.000,6293.066,6293.066,
Contact STARLINK-4170 - MarsSat1,7897.043,17757.205,9860.162,
Contact STARLINK-4170 - MarsSat1,19346.646,34954.134,15607.488,
Contact STARLINK-4170 - MarsSat1,36521.118,46419.333,9898.215,
Contact STARLINK-4170 - MarsSat1,47970.866,63618.037,15647.171,
Contact STARLINK-4170 - MarsSat1,65145.712,75084.377,9938.666,
Contact STARLINK-4170 - MarsSat1,76595.755,86400.000,9804.245,
Contact STARLINK-4170 - MarsSat2,0.000,6293.106,6293.106,
Contact STARLINK-4170 - MarsSat2,7896.900,17757.402,9860.502,
Contact STARLINK-4170 - MarsSat2,19346.575,34954.542,15607.967,
Contact STARLINK-4170 - MarsSat2,36521.210,46419.776,9898.566,
Contact STARLINK-4170 - MarsSat2,47971.052,63618.358,15647.306,
Contact STARLINK-4170 - MarsSat2,65145.947,75084.574,9938.627,
Contact STARLINK-4170 - MarsSat2,76595.969,86400.000,9804.031,
Contact STARLINK-4170 - MarsSat3,0.000,6293.066,6293.066,
Contact STARLINK-4170 - MarsSat3,7896.937,17757.348,9860.411,
Contact STARLINK-4170 - MarsSat3,19346.644,34954.394,15607.750,
Contact STARLINK-4170 - MarsSat3,36521.293,46419.521,9898.228,
Contact STARLINK-4170 - MarsSat3,47971.085,63617.945,15646.860,
Contact STARLINK-4170 - MarsSat3,65145.758,75084.211,9938.453,
Contact STARLINK-4170 - MarsSat3,76595.629,86400.000,9804.371,
Contact STARLINK-4170 - MarsSat4,0.000,6293.023,6293.023,
Contact STARLINK-4170 - MarsSat4,7897.047,17757.140,9860.093,
Contact STARLINK-4170 - MarsSat4,19346.581,34954.338,15607.758,
Contact STARLINK-4170 - MarsSat4,36521.214,46419.446,9898.233,
Contact STARLINK-4170 - MarsSat4,47970.977,63618.123,15647.146,
Contact STARLINK-4170 - MarsSat4,65145.797,75084.295,9938.498,
Contact STARLINK-4170 - MarsSat4,76595.821,86400.000,9804.179,
Contact STARLINK-31673 - STARLINK-5061,53757.903,54416.624,658.721,
Contact STARLINK-31673 - STARLINK-5061,67935.963,68779.805,843.842,
Contact STARLINK-31673 - STARLINK-5061,82131.926,83124.732,992.805,
Contact STARLINK-31673 - STARLINK-2127,3297.058,4204.639,907.581,
Contact STARLINK-31673 - STARLINK-2127,17564.962,18443.789,878.826,
Contact STARLINK-31673 - STARLINK-2127,31835.806,32680.037,844.232,
Contact STARLINK-31673 - STARLINK-2127,46115.570,46907.384,791.814,
Contact STARLINK-31673 - STARLINK-2127,57543.034,58285.688,742.654,
Contact STARLINK-31673 - STARLINK-2127,71832.964,72503.174,670.209,
Contact STARLINK-31673 - STARLINK-2127,86134.101,86400.000,265.899,
Contact STARLINK-31673 - STARLINK-30756,2938.889,3880.369,941.480,
Contact STARLINK-31673 - STARLINK-30756,14331.435,18178.365,3846.930,
Contact STARLINK-31673 - STARLINK-30756,28588.097,32466.888,3878.791,
Contact STARLINK-31673 - STARLINK-30756,42853.946,43885.123,1031.177,
Contact STARLINK-31673 - STARLINK-30756,57139.590,58142.363,1002.773,
Contact STARLINK-31673 - STARLINK-30756,71435.096,72389.784,954.688,
Contact STARLINK-31673 - STARLINK-30756,85751.445,86400.000,648.555,
Contact STARLINK-31673 - STARLINK-1580,6852.261,7861.922,1009.661,
Contact STARLINK-31673 - STARLINK-1580,21070.643,22119.361,1048.718,
Contact STARLINK-31673 - STARLINK-1580,35285.061,36381.781,1096.720,
Contact STARLINK-31673 - STARLINK-1580,46665.168,50626.912,3961.744,
Contact STARLINK-31673 - STARLINK-1580,60900.737,67719.631,6818.894,
Contact STARLINK-31673 - STARLINK-1580,75132.426,76268.046,1135.620,
Contact STARLINK-31673 - STARLINK-5952,79155.146,79615.587,460.441,
Contact STARLINK-31673 - STARLINK-1323,17797.274,18260.207,462.933,
Contact STARLINK-31673 - STARLINK-1323,31989.424,32551.120,561.695,
Contact STARLINK-31673 - STARLINK-1323,46187.349,46837.076,649.727,
Contact STARLINK-31673 - STARLINK-1323,57552.551,58258.643,706.092,
Contact STARLINK-31673 - STARLINK-1323,71766.269,72528.052,761.782,
Contact STARLINK-31673 - STARLINK-1323,85980.954,86400.000,419.046,
Contact STARLINK-31673 - STARLINK-4201,3080.536,4015.545,935.010,
Contact STARLINK-31673 - STARLINK-4201,17330.602,18259.999,929.397,
Contact STARLINK-31673 - STARLINK-4201,28732.191,32504.110,3771.919,
Contact STARLINK-31673 - STARLINK-4201,42986.424,43894.167,907.743,
Contact STARLINK-31673 - STARLINK-4201,57249.846,58125.325,875.479,
Contact STARLINK-31673 - STARLINK-4201,71514.216,72355.593,841.378,
Contact STARLINK-31673 - STARLINK-4201,85787.815,86400.000,612.185,
Contact STARLINK-31673 - STARLINK-31060,13740.044,15096.792,1356.748,
Contact STARLINK-31673 - STARLINK-31060,21987.399,32033.515,10046.116,
Contact STARLINK-31673 - STARLINK-31060,33171.171,40291.557,7120.386,
Contact STARLINK-31673 - STARLINK-5972,3141.871,3686.858,544.987,
Contact STARLINK-31673 - STARLINK-5972,43143.197,43729.436,586.239,
Contact STARLINK-31673 - STARLINK-5972,57427.250,58032.848,605.598,
Contact STARLINK-31673 - STARLINK-5972,71709.839,72337.177,627.338,
Contact STARLINK-31673 - STARLINK-5972,85991.468,86400.000,408.532,
Contact STARLINK-31673 - STARLINK-2047,53822.812,54269.776,446.964,
Contact STARLINK-31673 - STARLINK-2047,68009.255,68606.210,596.955,
Contact STARLINK-31673 - STARLINK-2047,82206.769,82930.814,724.045,
Contact STARLINK-31673 - STARLINK-32210,3063.056,3936.656,873.600,
Contact STARLINK-31673 - STARLINK-32210,17239.806,18121.843,882.037,
Contact STARLINK-31673 - STARLINK-32210,28578.470,29473.131,894.661,
Contact STARLINK-31673 - STARLINK-32210,42748.483,43666.017,917.534,
Contact STARLINK-31673 - STARLINK-32210,56926.639,57850.093,923.454,
Contact STARLINK-31673 - STARLINK-32210,68266.496,72042.010,3775.514,
Contact STARLINK-31673 - STARLINK-32210,82438.052,83391.931,953.880,
Contact STARLINK-31673 - STARLINK-30486,79022.518,79859.595,837.077,
Contact STARLINK-31673 - STARLINK-31530,10133.051,11071.017,937.966,
Contact STARLINK-31673 - STARLINK-31530,21338.925,28097.870,6758.945,
Contact STARLINK-31673 - STARLINK-31530,35378.920,36594.650,1215.730,
Contact STARLINK-31673 - STARLINK-31530,43827.503,50711.801,6884.298,
Contact STARLINK-31673 - STARLINK-31530,60756.044,67610.437,6854.394,
Contact STARLINK-31673 - STARLINK-31530,74899.103,76045.674,1146.571,
Contact STARLINK-31673 - STARLINK-31530,86244.361,86400.000,155.639,
Contact STARLINK-31673 - STARLINK-5093,3106.571,3651.387,544.816,
Contact STARLINK-31673 - STARLINK-5093,43119.816,43706.216,586.400,
Contact STARLINK-31673 - STARLINK-5093,57409.658,58012.535,602.877,
Contact STARLINK-31673 - STARLINK-5093,71694.306,72323.391,629.085,
Contact STARLINK-31673 - STARLINK-5093,85981.466,86400.000,418.534,
Contact STARLINK-31673 - STARLINK-5591,3376.329,3976.579,600.250,
Contact STARLINK-31673 - STARLINK-5591,17639.393,18328.011,688.618,
Contact STARLINK-31673 - STARLINK-5591,31912.901,32668.116,755.214,
Contact STARLINK-31673 - STARLINK-5591,46195.232,46999.982,804.751,
Contact STARLINK-31673 - STARLINK-5591,60489.402,61319.467,830.065,
Contact STARLINK-31673 - STARLINK-5591,71931.177,75632.016,3700.838,
Contact STARLINK-31673 - STARLINK-5591,86240.415,86400.000,159.585,
Contact STARLINK-31673 - STARLINK-5829,3459.158,4100.756,641.598,
Contact STARLINK-31673 - STARLINK-5829,17746.573,18406.335,659.761,
Contact STARLINK-31673 - STARLINK-5829,32032.784,32712.919,680.135,
Contact STARLINK-31673 - STARLINK-5829,46319.323,47019.417,700.094,
Contact STARLINK-31673 - STARLINK-5829,60607.431,61324.178,716.746,
Contact STARLINK-31673 - STARLINK-5829,74894.552,75630.139,735.587,
Contact STARLINK-31673 - STARLINK-5829,86325.942,86400.000,74.058,
Contact STARLINK-31673 - STARLINK-5850,0.000,3963.062,3963.062,
Contact STARLINK-31673 - STARLINK-5850,14253.585,18224.326,3970.741,
Contact STARLINK-31673 - STARLINK-5850,28564.288,32472.071,3907.783,
Contact STARLINK-31673 - STARLINK-5850,42889.429,43850.172,960.743,
Contact STARLINK-31673 - STARLINK-5850,57251.282,58043.219,791.937,
Contact STARLINK-31673 - STARLINK-5850,71642.477,72207.403,564.926,
Contact STARLINK-31673 - STARLINK-31939,10541.461,10875.049,333.588,
Contact STARLINK-31673 - STARLINK-31939,35716.941,36468.577,751.636,
Contact STARLINK-31673 - STARLINK-31939,49766.005,50624.393,858.387,
Contact STARLINK-31673 - STARLINK-31939,61017.612,61936.410,918.799,
Contact STARLINK-31673 - STARLINK-31939,75096.584,76061.788,965.204,
Contact STARLINK-31673 - STARLINK-31939,86377.245,86400.000,22.755,
Contact STARLINK-31673 - STARLINK-5453,3073.338,3633.592,560.254,
Contact STARLINK-31673 - STARLINK-5453,28652.699,29341.849,689.149,
Contact STARLINK-31673 - STARLINK-5453,42868.562,43618.553,749.990,
Contact STARLINK-31673 - STARLINK-5453,57093.098,57887.283,794.185,
Contact STARLINK-31673 - STARLINK-5453,71318.932,72154.109,835.177,
Contact STARLINK-31673 - STARLINK-5453,82703.998,86400.000,3696.002,
Contact STARLINK-31673 - STARLINK-31082,3292.639,3679.207,386.567,
Contact STARLINK-31673 - STARLINK-31082,17459.985,18047.271,587.286,
Contact STARLINK-31673 - STARLINK-31082,43029.477,43840.210,810.732,
Contact STARLINK-31673 - STARLINK-31082,57257.488,58147.281,889.793,
Contact STARLINK-31673 - STARLINK-31082,71497.288,72441.926,944.638,
Contact STARLINK-31673 - STARLINK-31082,85749.183,86400.000,650.817,
Contact STARLINK-31673 - STARLINK-4569,0.000,181.458,181.458,
Contact STARLINK-31673 - STARLINK-2214,4173.318,11154.635,6981.317,
Contact STARLINK-31673 - STARLINK-2214,21266.121,28239.486,6973.365,
Contact STARLINK-31673 - STARLINK-2214,35515.041,42472.584,6957.544,
Contact STARLINK-31673 - STARLINK-2214,49787.091,50996.387,1209.295,
Contact STARLINK-31673 - STARLINK-2214,64056.312,65213.277,1156.965,
Contact STARLINK-31673 - STARLINK-2214,75484.660,79405.002,3920.342,
Contact STARLINK-31673 - STARLINK-11136 [DTC],58537.416,86400.000,27862.584,
Contact STARLINK-31673 - STARLINK-31325,7066.605,7450.818,384.213,
Contact STARLINK-31673 - STARLINK-31325,21189.211,21656.393,467.182,
Contact STARLINK-31673 - STARLINK-31325,46623.478,47211.960,588.482,
Contact STARLINK-31673 - STARLINK-31325,60761.037,61402.635,641.598,
Contact STARLINK-31673 - STARLINK-31325,86214.217,86400.000,185.783,
Contact STARLINK-31673 - STARLINK-5231,0.000,362.566,362.566,
Contact STARLINK-31673 - STARLINK-5231,13694.623,14675.274,980.651,
Contact STARLINK-31673 - STARLINK-5231,25054.752,28960.887,3906.135,
Contact STARLINK-31673 - STARLINK-5231,39271.055,46096.949,6825.894,
Contact STARLINK-31673 - STARLINK-5231,53486.098,54665.411,1179.313,
Contact STARLINK-31673 - STARLINK-5231,67723.020,68921.352,1198.332,
Contact STARLINK-31673 - STARLINK-5231,76261.059,83179.314,6918.255,
Contact STARLINK-31673 - STARLINK-11092 [DTC],6604.613,7397.655,793.042,
Contact STARLINK-31673 - STARLINK-11092 [DTC],17865.950,18487.176,621.226,
Contact STARLINK-31673 - STARLINK-11072 [DTC],32086.875,32702.931,616.056,
Contact STARLINK-31673 - STARLINK-11072 [DTC],43167.651,43946.717,779.066,
Contact STARLINK-31673 - STARLINK-11072 [DTC],57111.348,57907.196,795.847,
Contact STARLINK-31673 - STARLINK-11072 [DTC],68336.626,69006.245,669.619,
Contact STARLINK-31673 - STARLINK-2042,6943.410,7695.939,752.529,
Contact STARLINK-31673 - STARLINK-2042,21229.924,21911.100,681.176,
Contact STARLINK-31673 - STARLINK-2042,35518.029,36124.358,606.328,
Contact STARLINK-31673 - STARLINK-5503,24703.949,32399.784,7695.835,
Contact STARLINK-31673 - STARLINK-5503,32645.320,86400.000,53754.680,
Contact STARLINK-31673 - STARLINK-6319,6691.381,7714.520,1023.139,
Contact STARLINK-31673 - STARLINK-6319,20990.424,21962.205,971.781,
Contact STARLINK-31673 - STARLINK-6319,35300.560,36199.053,898.493,
Contact STARLINK-31673 - STARLINK-6319,46763.428,50412.537,3649.109,
Contact STARLINK-31673 - STARLINK-6319,61115.484,61769.395,653.911,
Contact STARLINK-31673 - STARLINK-6319,75496.004,75936.275,440.270,
Contact STARLINK-31673 - MoonARTEMIS1,2493.257,6077.572,3584.315,
Contact STARLINK-31673 - MoonARTEMIS1,8200.871,17499.156,9298.285,
Contact STARLINK-31673 - MoonARTEMIS1,19607.036,23202.624,3595.588,
Contact STARLINK-31673 - MoonARTEMIS1,25305.496,34603.735,9298.240,
Contact STARLINK-31673 - MoonARTEMIS1,36698.321,45999.904,9301.583,
Contact STARLINK-31673 - MoonARTEMIS1,48087.660,57392.623,9304.963,
Contact STARLINK-31673 - MoonARTEMIS1,59474.645,63087.925,3613.281,
Contact STARLINK-31673 - MoonARTEMIS1,65167.456,74476.693,9309.236,
Contact STARLINK-31673 - MoonARTEMIS1,76552.009,85863.320,9311.311,
Contact STARLINK-31673 - MoonARTEMIS2,0.000,6051.142,6051.142,
Contact STARLINK-31673 - MoonARTEMIS2,8175.735,17447.361,9271.626,
Contact STARLINK-31673 - MoonARTEMIS2,19565.800,23147.877,3582.076,
Contact STARLINK-31673 - MoonARTEMIS2,25262.851,33008.318,7745.468,
Contact STARLINK-31673 - MoonARTEMIS2,36675.770,45973.991,9298.221,
Contact STARLINK-31673 - MoonARTEMIS2,48071.767,57366.670,9294.903,
Contact STARLINK-31673 - MoonARTEMIS2,59461.583,63062.752,3601.168,
Contact STARLINK-31673 - MoonARTEMIS2,65156.195,74455.249,9299.054,
Contact STARLINK-31673 - MoonARTEMIS2,76545.464,85848.574,9303.110,
Contact STARLINK-31673 - MoonIOAGEO,0.000,3848.081,3848.081,
Contact STARLINK-31673 - MoonIOAGEO,8196.947,17487.467,9290.520,
Contact STARLINK-31673 - MoonIOAGEO,19595.666,23179.302,3583.636,
Contact STARLINK-31673 - MoonIOAGEO,25283.276,34552.036,9268.760,
Contact STARLINK-31673 - MoonIOAGEO,36655.011,45954.025,9299.014,
Contact STARLINK-31673 - MoonIOAGEO,53762.667,57375.092,3612.425,
Contact STARLINK-31673 - MoonIOAGEO,59466.092,63075.658,3609.566,
Contact STARLINK-31673 - MoonIOAGEO,65160.929,74451.776,9290.847,
Contact STARLINK-31673 - MoonIOAGEO,76532.699,85841.908,9309.209,
Contact STARLINK-31673 - MoonIOAGNO,0.000,6086.882,6086.882,
Contact STARLINK-31673 - MoonIOAGNO,8198.378,17462.095,9263.716,
Contact STARLINK-31673 - MoonIOAGNO,19579.771,23162.870,3583.098,
Contact STARLINK-31673 - MoonIOAGNO,25280.009,34568.309,9288.299,
Contact STARLINK-31673 - MoonIOAGNO,36678.573,45972.465,9293.892,
Contact STARLINK-31673 - MoonIOAGNO,48069.625,57351.535,9281.910,
Contact STARLINK-31673 - MoonIOAGNO,59445.862,63048.444,3602.582,
Contact STARLINK-31673 - MoonIOAGNO,65146.000,74453.987,9307.987,
Contact STARLINK-31673 - MoonIOAGNO,76547.514,85862.918,9315.404,
Contact STARLINK-31673 - MoonIOAGNO 0001,0.000,6075.289,6075.289,
Contact STARLINK-31673 - MoonIOAGNO 0001,8199.975,17479.442,9279.467,
Contact STARLINK-31673 - MoonIOAGNO 0001,19595.176,23180.033,3584.857,
Contact STARLINK-31673 - MoonIOAGNO 0001,25288.973,34558.833,9269.861,
Contact STARLINK-31673 - MoonIOAGNO 0001,36662.091,45955.250,9293.158,
Contact STARLINK-31673 - MoonIOAGNO 0001,48062.075,57361.943,9299.869,
Contact STARLINK-31673 - MoonIOAGNO 0001,59461.429,63065.532,3604.103,
Contact STARLINK-31673 - MoonIOAGNO 0001,65159.034,74463.053,9304.020,
Contact STARLINK-31673 - MoonIOAGNO 0001,76537.870,85845.640,9307.770,
Contact STARLINK-31673 - MoonIOAGSO,0.000,6068.053,6068.053,
Contact STARLINK-31673 - MoonIOAGSO,9368.714,17469.757,8101.043,
Contact STARLINK-31673 - MoonIOAGSO,19573.516,23158.676,3585.160,
Contact STARLINK-31673 - MoonIOAGSO,25259.226,34545.411,9286.185,
Contact STARLINK-31673 - MoonIOAGSO,36642.965,45946.768,9303.803,
Contact STARLINK-31673 - MoonIOAGSO,48046.625,57365.933,9319.308,
Contact STARLINK-31673 - MoonIOAGSO,59451.632,63056.594,3604.962,
Contact STARLINK-31673 - MoonIOAGSO,65136.273,74441.871,9305.598,
Contact STARLINK-31673 - MoonIOAGSO,76516.642,85838.657,9322.015,
Contact STARLINK-31673 - MoonIOAGSO 0001,0.000,6059.602,6059.602,
Contact STARLINK-31673 - MoonIOAGSO 0001,8169.849,17450.958,9281.109,
Contact STARLINK-31673 - MoonIOAGSO 0001,19559.899,23152.641,3592.742,
Contact STARLINK-31673 - MoonIOAGSO 0001,25262.853,34571.650,9308.797,
Contact STARLINK-31673 - MoonIOAGSO 0001,36669.951,45951.748,9281.798,
Contact STARLINK-31673 - MoonIOAGSO 0001,48040.228,57340.435,9300.206,
Contact STARLINK-31673 - MoonIOAGSO 0001,59426.336,63039.746,3613.410,
Contact STARLINK-31673 - MoonIOAGSO 0001,65126.487,74458.300,9331.814,
Contact STARLINK-31673 - MoonIOAGSO 0001,76548.916,85854.835,9305.919,
Contact STARLINK-31673 - MoonLRO,2497.254,4150.447,1653.193,
Contact STARLINK-31673 - MoonLRO,8194.946,17469.927,9274.982,
Contact STARLINK-31673 - MoonLRO,20731.545,23168.426,2436.881,
Contact STARLINK-31673 - MoonLRO,27547.767,28868.061,1320.294,
Contact STARLINK-31673 - MoonLRO,42366.043,45118.400,2752.358,
Contact STARLINK-31673 - MoonLRO,48062.560,51660.039,3597.479,
Contact STARLINK-31673 - MoonLRO,70844.158,72443.619,1599.461,
Contact STARLINK-31673 - MoonLRO,76543.871,85856.755,9312.884,
Contact STARLINK-31673 - MarsSat1,0.000,2715.034,2715.034,
Contact STARLINK-31673 - MarsSat1,4845.762,14077.266,9231.505,
Contact STARLINK-31673 - MarsSat1,16207.102,19758.394,3551.292,
Contact STARLINK-31673 - MarsSat1,21887.762,31120.687,9232.925,
Contact STARLINK-31673 - MarsSat1,33249.075,42483.054,9233.979,
Contact STARLINK-31673 - MarsSat1,44610.400,53845.515,9235.114,
Contact STARLINK-31673 - MarsSat1,55971.751,59526.780,3555.029,
Contact STARLINK-31673 - MarsSat1,61652.436,70889.370,9236.934,
Contact STARLINK-31673 - MarsSat1,73013.814,82252.020,9238.205,
Contact STARLINK-31673 - MarsSat1,84375.184,86400.000,2024.816,
Contact STARLINK-31673 - MarsSat2,0.000,2714.978,2714.978,
Contact STARLINK-31673 - MarsSat2,4845.705,14077.262,9231.557,
Contact STARLINK-31673 - MarsSat2,16207.097,19758.425,3551.328,
Contact STARLINK-31673 - MarsSat2,21887.790,31120.791,9233.001,
Contact STARLINK-31673 - MarsSat2,33249.171,42483.212,9234.041,
Contact STARLINK-31673 - MarsSat2,44610.543,53845.687,9235.144,
Contact STARLINK-31673 - MarsSat2,55971.907,59526.946,3555.039,
Contact STARLINK-31673 - MarsSat2,61652.586,70889.505,9236.919,
Contact STARLINK-31673 - MarsSat2,73013.937,82252.121,9238.184,
Contact STARLINK-31673 - MarsSat2,84375.281,86400.000,2024.719,
Contact STARLINK-31673 - MarsSat3,0.000,2714.975,2714.975,
Contact STARLINK-31673 - MarsSat3,4845.708,14077.271,9231.562,
Contact STARLINK-31673 - MarsSat3,16207.112,19758.435,3551.323,
Contact STARLINK-31673 - MarsSat3,21887.807,31120.793,9232.986,
Contact STARLINK-31673 - MarsSat3,33249.181,42483.183,9234.003,
Contact STARLINK-31673 - MarsSat3,44610.523,53845.601,9235.078,
Contact STARLINK-31673 - MarsSat3,55971.828,59526.822,3554.994,
Contact STARLINK-31673 - MarsSat3,61652.467,70889.315,9236.848,
Contact STARLINK-31673 - MarsSat3,73013.755,82251.935,9238.181,
Contact STARLINK-31673 - MarsSat3,84375.103,86400.000,2024.897,
Contact STARLINK-31673 - MarsSat4,0.000,2715.019,2715.019,
Contact STARLINK-31673 - MarsSat4,4845.752,14077.246,9231.494,
Contact STARLINK-31673 - MarsSat4,16207.077,19758.357,3551.280,
Contact STARLINK-31673 - MarsSat4,21887.727,31120.738,9233.011,
Contact STARLINK-31673 - MarsSat4,33249.132,42483.142,9234.010,
Contact STARLINK-31673 - MarsSat4,44610.478,53845.540,9235.062,
Contact STARLINK-31673 - MarsSat4,55971.773,59526.817,3555.043,
Contact STARLINK-31673 - MarsSat4,61652.476,70889.404,9236.928,
Contact STARLINK-31673 - MarsSat4,73013.844,82251.967,9238.123,
Contact STARLINK-31673 - MarsSat4,84375.126,86400.000,2024.874,
Contact STARLINK-32223 - STARLINK-5061,0.000,28818.551,28818.551,
Contact STARLINK-32223 - STARLINK-31812,6918.439,7298.799,380.360,
Contact STARLINK-32223 - STARLINK-2658,67956.200,68558.126,601.926,
Contact STARLINK-32223 - STARLINK-2658,79160.096,82806.674,3646.578,
Contact STARLINK-32223 - STARLINK-5952,566.848,47269.675,46702.827,
Contact STARLINK-32223 - STARLINK-3601,59987.177,86400.000,26412.823,
Contact STARLINK-32223 - STARLINK-3603,47155.809,86400.000,39244.191,
Contact STARLINK-32223 - STARLINK-3969,17980.967,18313.180,332.212,
Contact STARLINK-32223 - STARLINK-2047,0.000,31410.726,31410.726,
Contact STARLINK-32223 - STARLINK-30145,31944.900,33058.757,1113.856,
Contact STARLINK-32223 - STARLINK-30145,40185.778,50359.016,10173.238,
Contact STARLINK-32223 - STARLINK-30145,54189.777,64392.535,10202.758,
Contact STARLINK-32223 - STARLINK-30145,71457.188,72646.425,1189.237,
Contact STARLINK-32223 - STARLINK-30549,2932.387,3686.688,754.300,
Contact STARLINK-32223 - STARLINK-30549,14120.251,14918.077,797.826,
Contact STARLINK-32223 - STARLINK-30549,28115.633,28946.871,831.238,
Contact STARLINK-32223 - STARLINK-30549,39314.711,40166.897,852.186,
Contact STARLINK-32223 - STARLINK-30549,53317.351,54187.951,870.600,
Contact STARLINK-32223 - STARLINK-30549,64527.297,65397.053,869.756,
Contact STARLINK-32223 - STARLINK-30549,78549.215,79398.967,849.752,
Contact STARLINK-32223 - STARLINK-1463,6742.001,7408.675,666.673,
Contact STARLINK-32223 - STARLINK-1463,17951.578,21744.321,3792.744,
Contact STARLINK-32223 - STARLINK-1463,32107.837,33104.217,996.380,
Contact STARLINK-32223 - STARLINK-1463,46402.778,47177.322,774.545,
Contact STARLINK-32223 - STARLINK-6241,75090.516,76239.134,1148.617,
Contact STARLINK-32223 - STARLINK-6241,83521.251,86400.000,2878.749,
Contact STARLINK-32223 - STARLINK-30486,0.000,42194.570,42194.570,
Contact STARLINK-32223 - STARLINK-5565,0.000,5.369,5.369,
Contact STARLINK-32223 - STARLINK-5565,10758.645,11526.251,767.606,
Contact STARLINK-32223 - STARLINK-5565,24834.425,25787.782,953.357,
Contact STARLINK-32223 - STARLINK-5565,39025.866,39933.107,907.241,
Contact STARLINK-32223 - STARLINK-1227,21581.875,68339.188,46757.313,
Contact STARLINK-32223 - STARLINK-5093,0.000,473.491,473.491,
Contact STARLINK-32223 - STARLINK-2556,0.000,307.547,307.547,
Contact STARLINK-32223 - STARLINK-2556,13771.225,14639.747,868.522,
Contact STARLINK-32223 - STARLINK-2556,24998.197,28834.067,3835.871,
Contact STARLINK-32223 - STARLINK-2556,39116.134,40129.511,1013.376,
Contact STARLINK-32223 - STARLINK-2556,53313.033,54174.341,861.308,
Contact STARLINK-32223 - STARLINK-2556,64758.102,65324.398,566.296,
Contact STARLINK-32223 - STARLINK-1073,46285.942,86400.000,40114.058,
Contact STARLINK-32223 - STARLINK-3325,6809.490,7668.749,859.259,
Contact STARLINK-32223 - STARLINK-3325,21002.165,21722.690,720.526,
Contact STARLINK-32223 - STARLINK-31979,0.000,640.029,640.029,
Contact STARLINK-32223 - STARLINK-31979,13956.678,14718.028,761.350,
Contact STARLINK-32223 - STARLINK-31979,25143.025,25965.601,822.576,
Contact STARLINK-32223 - STARLINK-31979,39141.382,40009.688,868.306,
Contact STARLINK-32223 - STARLINK-31979,50345.203,54049.551,3704.347,
Contact STARLINK-32223 - STARLINK-31979,64356.602,65270.102,913.500,
Contact STARLINK-32223 - STARLINK-31979,75576.955,79281.954,3704.999,
Contact STARLINK-32223 - STARLINK-2424,4194.861,11120.227,6925.366,
Contact STARLINK-32223 - STARLINK-2424,21093.832,28011.052,6917.221,
Contact STARLINK-32223 - STARLINK-2424,35332.249,36385.798,1053.548,
Contact STARLINK-32223 - STARLINK-30754,0.000,32200.569,32200.569,
Contact STARLINK-32223 - STARLINK-30754,39269.499,40021.500,752.001,
Contact STARLINK-32223 - STARLINK-3832,71198.863,72276.981,1078.118,
Contact STARLINK-32223 - STARLINK-3832,82296.197,86400.000,4103.803,
Contact STARLINK-32223 - STARLINK-1776,82327.571,83404.463,1076.891,
Contact STARLINK-32223 - STARLINK-6199,50343.978,50830.945,486.966,
Contact STARLINK-32223 - STARLINK-6199,64282.238,65175.505,893.267,
Contact STARLINK-32223 - STARLINK-6199,75535.004,79376.249,3841.245,
Contact STARLINK-32223 - STARLINK-5737,17962.680,21975.192,4012.512,
Contact STARLINK-32223 - STARLINK-5737,31889.296,39097.518,7208.223,
Contact STARLINK-32223 - STARLINK-5737,46083.999,47512.343,1428.344,
Contact STARLINK-32223 - STARLINK-5737,60612.590,61266.952,654.362,
Contact STARLINK-32223 - STARLINK-3506,70999.652,86400.000,15400.348,
Contact STARLINK-32223 - STARLINK-5231,0.000,11921.314,11921.314,
Contact STARLINK-32223 - STARLINK-5176,68823.661,86400.000,17576.339,
Contact STARLINK-32223 - STARLINK-2042,86239.979,86400.000,160.021,
Contact STARLINK-32223 - STARLINK-5503,0.000,3190.003,3190.003,
Contact STARLINK-32223 - STARLINK-5503,3878.317,14242.389,10364.072,
Contact STARLINK-32223 - STARLINK-5503,21480.511,22338.287,857.776,
Contact STARLINK-32223 - STARLINK-4522,14083.941,14644.818,560.877,
Contact STARLINK-32223 - STARLINK-4522,28091.488,28865.259,773.771,
Contact STARLINK-32223 - STARLINK-4522,39337.556,40200.530,862.974,
Contact STARLINK-32223 - STARLINK-4522,53437.798,54326.214,888.415,
Contact STARLINK-32223 - STARLINK-4522,64755.888,65589.250,833.362,
Contact STARLINK-32223 - STARLINK-4522,78954.628,79617.691,663.063,
Contact STARLINK-32223 - MoonARTEMIS1,1211.773,10665.444,9453.671,
Contact STARLINK-32223 - MoonARTEMIS1,12474.194,16285.174,3810.980,
Contact STARLINK-32223 - MoonARTEMIS1,18099.577,27507.492,9407.915,
Contact STARLINK-32223 - MoonARTEMIS1,29334.973,38717.808,9382.834,
Contact STARLINK-32223 - MoonARTEMIS1,40558.707,49920.777,9362.070,
Contact STARLINK-32223 - MoonARTEMIS1,51774.804,61118.564,9343.760,
Contact STARLINK-32223 - MoonARTEMIS1,62985.149,66715.941,3730.793,
Contact STARLINK-32223 - MoonARTEMIS1,68588.532,77908.314,9319.782,
Contact STARLINK-32223 - MoonARTEMIS1,79792.279,86400.000,6607.721,
Contact STARLINK-32223 - MoonARTEMIS2,1167.171,10612.215,9445.044,
Contact STARLINK-32223 - MoonARTEMIS2,12392.320,16222.021,3829.701,
Contact STARLINK-32223 - MoonARTEMIS2,18007.880,27445.269,9437.389,
Contact STARLINK-32223 - MoonARTEMIS2,29251.249,38690.476,9439.227,
Contact STARLINK-32223 - MoonARTEMIS2,40518.209,49901.613,9383.405,
Contact STARLINK-32223 - MoonARTEMIS2,51735.184,61105.585,9370.401,
Contact STARLINK-32223 - MoonARTEMIS2,62948.625,66706.431,3757.806,
Contact STARLINK-32223 - MoonARTEMIS2,68555.189,77906.362,9351.173,
Contact STARLINK-32223 - MoonARTEMIS2,79768.286,86400.000,6631.714,
Contact STARLINK-32223 - MoonIOAGEO,1204.103,3698.156,2494.053,
Contact STARLINK-32223 - MoonIOAGEO,12461.438,16273.363,3811.925,
Contact STARLINK-32223 - MoonIOAGEO,18077.761,27466.761,9389.000,
Contact STARLINK-32223 - MoonIOAGEO,29271.544,38656.800,9385.256,
Contact STARLINK-32223 - MoonIOAGEO,40475.568,47850.319,7374.751,
Contact STARLINK-32223 - MoonIOAGEO,52014.246,61110.934,9096.688,
Contact STARLINK-32223 - MoonIOAGEO,62968.243,66707.756,3739.513,
Contact STARLINK-32223 - MoonIOAGEO,68567.061,77886.188,9319.127,
Contact STARLINK-32223 - MoonIOAGEO,79754.729,86400.000,6645.271,
Contact STARLINK-32223 - MoonIOAGNO,1225.086,10641.455,9416.369,
Contact STARLINK-32223 - MoonIOAGNO,12434.963,16242.657,3807.694,
Contact STARLINK-32223 - MoonIOAGNO,18027.893,27475.092,9447.199,
Contact STARLINK-32223 - MoonIOAGNO,29256.285,38697.390,9441.105,
Contact STARLINK-32223 - MoonIOAGNO,40499.996,49897.053,9397.057,
Contact STARLINK-32223 - MoonIOAGNO,51734.588,61090.402,9355.814,
Contact STARLINK-32223 - MoonIOAGNO,62923.344,66701.886,3778.542,
Contact STARLINK-32223 - MoonIOAGNO,68536.650,77916.466,9379.816,
Contact STARLINK-32223 - MoonIOAGNO,79772.271,86400.000,6627.729,
Contact STARLINK-32223 - MoonIOAGNO 0001,1190.060,10658.879,9468.819,
Contact STARLINK-32223 - MoonIOAGNO 0001,12427.077,16272.098,3845.020,
Contact STARLINK-32223 - MoonIOAGNO 0001,18050.225,27480.152,9429.927,
Contact STARLINK-32223 - MoonIOAGNO 0001,29290.445,38671.241,9380.796,
Contact STARLINK-32223 - MoonIOAGNO 0001,40475.876,49898.083,9422.207,
Contact STARLINK-32223 - MoonIOAGNO 0001,51706.562,61112.502,9405.940,
Contact STARLINK-32223 - MoonIOAGNO 0001,62947.550,66712.531,3764.981,
Contact STARLINK-32223 - MoonIOAGNO 0001,68566.131,77892.184,9326.053,
Contact STARLINK-32223 - MoonIOAGNO 0001,79761.899,86400.000,6638.101,
Contact STARLINK-32223 - MoonIOAGSO,1204.864,8073.506,6868.642,
Contact STARLINK-32223 - MoonIOAGSO,12448.812,16248.268,3799.456,
Contact STARLINK-32223 - MoonIOAGSO,18059.214,27432.690,9373.476,
Contact STARLINK-32223 - MoonIOAGSO,29267.102,38639.413,9372.310,
Contact STARLINK-32223 - MoonIOAGSO,40480.072,49875.551,9395.480,
Contact STARLINK-32223 - MoonIOAGSO,52525.863,61084.177,8558.314,
Contact STARLINK-32223 - MoonIOAGSO,62946.500,66671.379,3724.879,
Contact STARLINK-32223 - MoonIOAGSO,68547.320,77862.166,9314.846,
Contact STARLINK-32223 - MoonIOAGSO,79753.714,86400.000,6646.286,
Contact STARLINK-32223 - MoonIOAGSO 0001,1220.784,10606.302,9385.518,
Contact STARLINK-32223 - MoonIOAGSO 0001,12430.119,16213.640,3783.521,
Contact STARLINK-32223 - MoonIOAGSO 0001,18037.100,27451.223,9414.123,
Contact STARLINK-32223 - MoonIOAGSO 0001,31051.993,38670.693,7618.700,
Contact STARLINK-32223 - MoonIOAGSO 0001,40503.836,49852.646,9348.811,
Contact STARLINK-32223 - MoonIOAGSO 0001,51709.364,61056.790,9347.426,
Contact STARLINK-32223 - MoonIOAGSO 0001,62922.465,66668.626,3746.160,
Contact STARLINK-32223 - MoonIOAGSO 0001,68536.301,77906.498,9370.197,
Contact STARLINK-32223 - MoonIOAGSO 0001,79784.907,86400.000,6615.093,
Contact STARLINK-32223 - MoonLRO,1216.713,10639.345,9422.632,
Contact STARLINK-32223 - MoonLRO,13917.487,16249.505,2332.018,
Contact STARLINK-32223 - MoonLRO,20736.736,21862.075,1125.339,
Contact STARLINK-32223 - MoonLRO,34887.106,38293.350,3406.244,
Contact STARLINK-32223 - MoonLRO,41229.545,44277.332,3047.786,
Contact STARLINK-32223 - MoonLRO,57334.444,58808.136,1473.692,
Contact STARLINK-32223 - MoonLRO,62945.337,65622.503,2677.166,
Contact STARLINK-32223 - MoonLRO,68555.550,77896.367,9340.817,
Contact STARLINK-32223 - MoonLRO,82199.314,83503.162,1303.848,
Contact STARLINK-32223 - MarsSat1,0.000,6995.371,6995.371,
Contact STARLINK-32223 - MarsSat1,8948.217,12582.796,3634.578,
Contact STARLINK-32223 - MarsSat1,14534.660,23757.628,9222.968,
Contact STARLINK-32223 - MarsSat1,25707.607,34932.466,9224.859,
Contact STARLINK-32223 - MarsSat1,36880.665,46107.339,9226.674,
Contact STARLINK-32223 - MarsSat1,48053.846,57282.246,9228.399,
Contact STARLINK-32223 - MarsSat1,59227.139,62869.703,3642.564,
Contact STARLINK-32223 - MarsSat1,64813.818,74044.597,9230.779,
Contact STARLINK-32223 - MarsSat1,75987.215,85219.426,9232.211,
Contact STARLINK-32223 - MarsSat2,0.000,6995.413,6995.413,
Contact STARLINK-32223 - MarsSat2,8948.338,12582.886,3634.548,
Contact STARLINK-32223 - MarsSat2,14534.819,23757.822,9223.003,
Contact STARLINK-32223 - MarsSat2,25707.833,34932.740,9224.906,
Contact STARLINK-32223 - MarsSat2,36880.918,46107.634,9226.716,
Contact STARLINK-32223 - MarsSat2,48054.074,57282.502,9228.428,
Contact STARLINK-32223 - MarsSat2,59227.300,62869.924,3642.624,
Contact STARLINK-32223 - MarsSat2,64813.939,74044.742,9230.804,
Contact STARLINK-32223 - MarsSat2,75987.267,85219.521,9232.254,
Contact STARLINK-32223 - MarsSat3,0.000,6995.383,6995.383,
Contact STARLINK-32223 - MarsSat3,8948.289,12582.854,3634.565,
Contact STARLINK-32223 - MarsSat3,14534.759,23757.769,9223.010,
Contact STARLINK-32223 - MarsSat3,25707.735,34932.642,9224.907,
Contact STARLINK-32223 - MarsSat3,36880.770,46107.472,9226.702,
Contact STARLINK-32223 - MarsSat3,48053.875,57282.265,9228.390,
Contact STARLINK-32223 - MarsSat3,59227.075,62869.658,3642.583,
Contact STARLINK-32223 - MarsSat3,64813.727,74044.486,9230.759,
Contact STARLINK-32223 - MarsSat3,75987.147,85219.351,9232.204,
Contact STARLINK-32223 - MarsSat4,0.000,6995.340,6995.340,
Contact STARLINK-32223 - MarsSat4,8948.180,12582.754,3634.574,
Contact STARLINK-32223 - MarsSat4,14534.619,23757.653,9223.034,
Contact STARLINK-32223 - MarsSat4,25707.694,34932.604,9224.909,
Contact STARLINK-32223 - MarsSat4,36880.766,46107.421,9226.655,
Contact STARLINK-32223 - MarsSat4,48053.865,57282.300,9228.435,
Contact STARLINK-32223 - MarsSat4,59227.187,62869.764,3642.577,
Contact STARLINK-32223 - MarsSat4,64813.839,74044.567,9230.728,
Contact STARLINK-32223 - MarsSat4,75987.127,85219.303,9232.176,
Contact STARLINK-5061 - STARLINK-31812,21077.160,21800.628,723.468,
Contact STARLINK-5061 - STARLINK-31812,32294.891,36117.794,3822.903,
Contact STARLINK-5061 - STARLINK-31812,46409.150,47501.379,1092.229,
Contact STARLINK-5061 - STARLINK-31812,60607.466,61653.503,1046.037,
Contact STARLINK-5061 - STARLINK-31812,74904.352,75708.714,804.362,
Contact STARLINK-5061 - STARLINK-5952,0.000,86400.000,86400.000,
Contact STARLINK-5061 - STARLINK-3969,6687.698,7233.603,545.905,
Contact STARLINK-5061 - STARLINK-3969,20966.054,21601.515,635.461,
Contact STARLINK-5061 - STARLINK-3969,32396.704,33087.403,690.700,
Contact STARLINK-5061 - STARLINK-3969,46692.660,47436.558,743.898,
Contact STARLINK-5061 - STARLINK-3969,60984.550,61790.839,806.289,
Contact STARLINK-5061 - STARLINK-3969,75286.643,76133.840,847.197,
Contact STARLINK-5061 - STARLINK-31060,28784.481,29008.936,224.454,
Contact STARLINK-5061 - STARLINK-31060,36436.899,60472.383,24035.484,
Contact STARLINK-5061 - STARLINK-5972,0.000,378.412,378.412,
Contact STARLINK-5061 - STARLINK-5972,14240.177,14738.479,498.302,
Contact STARLINK-5061 - STARLINK-5972,28648.871,29079.805,430.935,
Contact STARLINK-5061 - STARLINK-5972,43044.093,43437.520,393.427,
Contact STARLINK-5061 - STARLINK-5972,57459.850,57771.499,311.650,
Contact STARLINK-5061 - STARLINK-5972,71859.952,72123.816,263.864,
Contact STARLINK-5061 - STARLINK-5972,86301.641,86400.000,98.359,
Contact STARLINK-5061 - STARLINK-2047,0.000,86400.000,86400.000,
Contact STARLINK-5061 - STARLINK-32210,81685.372,86400.000,4714.628,
Contact STARLINK-5061 - STARLINK-30549,0.000,3862.673,3862.673,
Contact STARLINK-5061 - STARLINK-30549,14286.668,15145.599,858.931,
Contact STARLINK-5061 - STARLINK-30549,28699.634,29150.691,451.057,
Contact STARLINK-5061 - STARLINK-1463,6792.971,7727.739,934.768,
Contact STARLINK-5061 - STARLINK-1463,21163.597,22138.158,974.561,
Contact STARLINK-5061 - STARLINK-1463,35532.880,36550.404,1017.523,
Contact STARLINK-5061 - STARLINK-1463,49911.496,50952.928,1041.433,
Contact STARLINK-5061 - STARLINK-1463,64288.614,65357.345,1068.731,
Contact STARLINK-5061 - STARLINK-1463,78675.049,79752.166,1077.117,
Contact STARLINK-5061 - STARLINK-30486,0.000,86400.000,86400.000,
Contact STARLINK-5061 - STARLINK-5565,39597.328,43216.071,3618.743,
Contact STARLINK-5061 - STARLINK-5565,53932.279,57615.804,3683.525,
Contact STARLINK-5061 - STARLINK-5565,68285.163,72026.188,3741.025,
Contact STARLINK-5061 - STARLINK-5565,82628.331,86400.000,3771.669,
Contact STARLINK-5061 - STARLINK-5093,0.000,392.805,392.805,
Contact STARLINK-5061 - STARLINK-5093,14154.838,14755.965,601.127,
Contact STARLINK-5061 - STARLINK-5093,28574.143,29096.433,522.290,
Contact STARLINK-5061 - STARLINK-5093,42974.455,43456.897,482.443,
Contact STARLINK-5061 - STARLINK-5093,57401.624,57789.245,387.621,
Contact STARLINK-5061 - STARLINK-5093,71806.866,72144.263,337.397,
Contact STARLINK-5061 - STARLINK-5093,86258.166,86400.000,141.834,
Contact STARLINK-5061 - STARLINK-2556,0.000,429.468,429.468,
Contact STARLINK-5061 - STARLINK-2556,14012.227,14707.796,695.569,
Contact STARLINK-5061 - STARLINK-2556,28416.094,28952.636,536.542,
Contact STARLINK-5061 - STARLINK-2556,42818.103,43200.231,382.129,
Contact STARLINK-5061 - STARLINK-3325,6965.980,7840.496,874.515,
Contact STARLINK-5061 - STARLINK-3325,21280.564,22177.268,896.704,
Contact STARLINK-5061 - STARLINK-3325,35594.215,36514.527,920.313,
Contact STARLINK-5061 - STARLINK-3325,49911.203,50848.841,937.638,
Contact STARLINK-5061 - STARLINK-3325,64227.422,65183.536,956.114,
Contact STARLINK-5061 - STARLINK-3325,78546.729,79515.474,968.745,
Contact STARLINK-5061 - STARLINK-31979,0.000,3611.272,3611.272,
Contact STARLINK-5061 - STARLINK-31979,14186.368,14844.866,658.498,
Contact STARLINK-5061 - STARLINK-2424,10108.594,11378.546,1269.952,
Contact STARLINK-5061 - STARLINK-2424,18697.023,25690.749,6993.726,
Contact STARLINK-5061 - STARLINK-2424,33030.060,39987.131,6957.071,
Contact STARLINK-5061 - STARLINK-2424,50228.840,54290.422,4061.582,
Contact STARLINK-5061 - STARLINK-2424,64560.125,68577.169,4017.043,
Contact STARLINK-5061 - STARLINK-2424,78908.691,82871.241,3962.549,
Contact STARLINK-5061 - STARLINK-30754,0.000,86400.000,86400.000,
Contact STARLINK-5061 - STARLINK-5453,42978.463,43779.913,801.450,
Contact STARLINK-5061 - STARLINK-5453,57152.006,58243.940,1091.933,
Contact STARLINK-5061 - STARLINK-5453,71316.432,78525.930,7209.498,
Contact STARLINK-5061 - STARLINK-5453,79845.732,86400.000,6554.268,
Contact STARLINK-5061 - STARLINK-5737,7126.229,7831.497,705.268,
Contact STARLINK-5061 - STARLINK-5737,21483.830,22171.751,687.921,
Contact STARLINK-5061 - STARLINK-5737,35817.871,36536.946,719.075,
Contact STARLINK-5061 - STARLINK-5737,50175.249,50877.372,702.123,
Contact STARLINK-5061 - STARLINK-5737,64509.618,65242.239,732.621,
Contact STARLINK-5061 - STARLINK-5737,78866.783,79582.830,716.047,
Contact STARLINK-5061 - STARLINK-5231,0.000,86400.000,86400.000,
Contact STARLINK-5061 - STARLINK-11092 [DTC],43005.123,49861.233,6856.110,
Contact STARLINK-5061 - STARLINK-11092 [DTC],56968.547,58243.094,1274.547,
Contact STARLINK-5061 - STARLINK-11072 [DTC],65027.662,86400.000,21372.338,
Contact STARLINK-5061 - STARLINK-5503,0.000,3239.564,3239.564,
Contact STARLINK-5061 - STARLINK-5503,10125.976,17577.378,7451.402,
Contact STARLINK-5061 - STARLINK-5503,24504.617,31930.781,7426.164,
Contact STARLINK-5061 - STARLINK-5503,38900.619,46264.061,7363.442,
Contact STARLINK-5061 - STARLINK-5503,53283.499,60613.246,7329.747,
Contact STARLINK-5061 - STARLINK-5503,61926.723,74942.077,13015.354,
Contact STARLINK-5061 - STARLINK-5503,76312.835,86400.000,10087.165,
Contact STARLINK-5061 - MoonARTEMIS1,988.519,10518.163,9529.644,
Contact STARLINK-5061 - MoonARTEMIS1,12327.212,16307.228,3980.015,
Contact STARLINK-5061 - MoonARTEMIS1,18101.675,27867.693,9766.017,
Contact STARLINK-5061 - MoonARTEMIS1,29641.454,39415.949,9774.495,
Contact STARLINK-5061 - MoonARTEMIS1,41174.843,45187.026,4012.183,
Contact STARLINK-5061 - MoonARTEMIS1,46939.952,56724.459,9784.507,
Contact STARLINK-5061 - MoonARTEMIS1,58467.668,68256.695,9789.027,
Contact STARLINK-5061 - MoonARTEMIS1,69992.456,74021.171,4028.715,
Contact STARLINK-5061 - MoonARTEMIS1,75753.827,85547.491,9793.664,
Contact STARLINK-5061 - MoonARTEMIS2,739.095,10449.411,9710.316,
Contact STARLINK-5061 - MoonARTEMIS2,12263.275,16224.053,3960.779,
Contact STARLINK-5061 - MoonARTEMIS2,18028.775,27783.612,9754.837,
Contact STARLINK-5061 - MoonARTEMIS2,29573.464,39375.393,9801.929,
Contact STARLINK-5061 - MoonARTEMIS2,41136.290,45148.826,4012.536,
Contact STARLINK-5061 - MoonARTEMIS2,46897.953,56689.236,9791.283,
Contact STARLINK-5061 - MoonARTEMIS2,58420.535,68228.354,9807.820,
Contact STARLINK-5061 - MoonARTEMIS2,69945.921,73997.847,4051.926,
Contact STARLINK-5061 - MoonARTEMIS2,75709.992,85536.640,9826.648,
Contact STARLINK-5061 - MoonIOAGEO,770.437,3699.292,2928.855,
Contact STARLINK-5061 - MoonIOAGEO,12317.277,16290.782,3973.504,
Contact STARLINK-5061 - MoonIOAGEO,18083.484,27810.865,9727.381,
Contact STARLINK-5061 - MoonIOAGEO,29588.474,39331.708,9743.234,
Contact STARLINK-5061 - MoonIOAGEO,41104.865,45114.704,4009.839,
Contact STARLINK-5061 - MoonIOAGEO,52662.982,56698.165,4035.183,
Contact STARLINK-5061 - MoonIOAGEO,58441.714,68236.282,9794.568,
Contact STARLINK-5061 - MoonIOAGEO,69963.974,73988.712,4024.738,
Contact STARLINK-5061 - MoonIOAGEO,75715.403,85518.100,9802.697,
Contact STARLINK-5061 - MoonIOAGNO,775.588,10496.436,9720.848,
Contact STARLINK-5061 - MoonIOAGNO,12301.881,16248.509,3946.628,
Contact STARLINK-5061 - MoonIOAGNO,18040.086,27803.352,9763.267,
Contact STARLINK-5061 - MoonIOAGNO,29561.073,39367.529,9806.456,
Contact STARLINK-5061 - MoonIOAGNO,41110.530,45146.373,4035.844,
Contact STARLINK-5061 - MoonIOAGNO,46891.661,56665.560,9773.899,
Contact STARLINK-5061 - MoonIOAGNO,58403.289,68217.213,9813.924,
Contact STARLINK-5061 - MoonIOAGNO,69922.947,73998.827,4075.880,
Contact STARLINK-5061 - MoonIOAGNO,75697.701,85556.571,9858.870,
Contact STARLINK-5061 - MoonIOAGNO 0001,749.540,10490.540,9741.000,
Contact STARLINK-5061 - MoonIOAGNO 0001,12277.760,16272.224,3994.464,
Contact STARLINK-5061 - MoonIOAGNO 0001,18050.841,27826.629,9775.788,
Contact STARLINK-5061 - MoonIOAGNO 0001,29605.267,39340.852,9735.585,
Contact STARLINK-5061 - MoonIOAGNO 0001,41092.288,45119.138,4026.850,
Contact STARLINK-5061 - MoonIOAGNO 0001,46853.428,56683.314,9829.887,
Contact STARLINK-5061 - MoonIOAGNO 0001,58400.067,68239.533,9839.466,
Contact STARLINK-5061 - MoonIOAGNO 0001,69965.642,74003.040,4037.398,
Contact STARLINK-5061 - MoonIOAGNO 0001,75733.979,85532.720,9798.742,
Contact STARLINK-5061 - MoonIOAGSO,779.811,8091.517,7311.706,
Contact STARLINK-5061 - MoonIOAGSO,12306.354,16268.365,3962.012,
Contact STARLINK-5061 - MoonIOAGSO,18079.240,27790.042,9710.802,
Contact STARLINK-5061 - MoonIOAGSO,29603.343,39326.488,9723.145,
Contact STARLINK-5061 - MoonIOAGSO,41120.673,45104.201,3983.528,
Contact STARLINK-5061 - MoonIOAGSO,46880.508,56686.567,9806.059,
Contact STARLINK-5061 - MoonIOAGSO,58433.912,68202.052,9768.140,
Contact STARLINK-5061 - MoonIOAGSO,69967.583,73964.579,3996.996,
Contact STARLINK-5061 - MoonIOAGSO,75729.792,85506.503,9776.711,
Contact STARLINK-5061 - MoonIOAGSO 0001,794.536,10470.897,9676.361,
Contact STARLINK-5061 - MoonIOAGSO 0001,12311.669,16239.377,3927.708,
Contact STARLINK-5061 - MoonIOAGSO 0001,18068.272,27797.419,9729.147,
Contact STARLINK-5061 - MoonIOAGSO 0001,30992.521,39355.724,8363.202,
Contact STARLINK-5061 - MoonIOAGSO 0001,41136.760,45114.653,3977.893,
Contact STARLINK-5061 - MoonIOAGSO 0001,46900.653,56643.937,9743.284,
Contact STARLINK-5061 - MoonIOAGSO 0001,58422.247,68197.872,9775.625,
Contact STARLINK-5061 - MoonIOAGSO 0001,69947.077,73995.778,4048.700,
Contact STARLINK-5061 - MoonIOAGSO 0001,75726.887,85529.495,9802.608,
Contact STARLINK-5061 - MoonLRO,775.739,10492.535,9716.796,
Contact STARLINK-5061 - MoonLRO,13912.549,16264.842,2352.293,
Contact STARLINK-5061 - MoonLRO,20745.720,22038.787,1293.068,
Contact STARLINK-5061 - MoonLRO,35353.890,38313.770,2959.880,
Contact STARLINK-5061 - MoonLRO,41207.094,45124.994,3917.900,
Contact STARLINK-5061 - MoonLRO,48055.311,50901.810,2846.500,
Contact STARLINK-5061 - MoonLRO,64192.585,65633.725,1441.140,
Contact STARLINK-5061 - MoonLRO,69956.931,72465.731,2508.801,
Contact STARLINK-5061 - MoonLRO,75723.189,85537.692,9814.504,
Contact STARLINK-5061 - MarsSat1,0.000,6938.091,6938.091,
Contact STARLINK-5061 - MarsSat1,8996.523,12683.960,3687.437,
Contact STARLINK-5061 - MarsSat1,14741.285,24175.753,9434.468,
Contact STARLINK-5061 - MarsSat1,26230.871,35667.646,9436.775,
Contact STARLINK-5061 - MarsSat1,37720.565,41413.638,3693.073,
Contact STARLINK-5061 - MarsSat1,43465.456,52905.713,9440.257,
Contact STARLINK-5061 - MarsSat1,54955.323,64397.894,9442.571,
Contact STARLINK-5061 - MarsSat1,66445.284,70144.012,3698.728,
Contact STARLINK-5061 - MarsSat1,72190.290,81636.283,9445.993,
Contact STARLINK-5061 - MarsSat1,83680.342,86400.000,2719.658,
Contact STARLINK-5061 - MarsSat2,0.000,6938.157,6938.157,
Contact STARLINK-5061 - MarsSat2,8996.628,12684.066,3687.438,
Contact STARLINK-5061 - MarsSat2,14741.420,24175.936,9434.515,
Contact STARLINK-5061 - MarsSat2,26231.055,35667.876,9436.821,
Contact STARLINK-5061 - MarsSat2,37720.762,41413.873,3693.111,
Contact STARLINK-5061 - MarsSat2,43465.643,52905.920,9440.278,
Contact STARLINK-5061 - MarsSat2,54955.461,64398.037,9442.576,
Contact STARLINK-5061 - MarsSat2,66445.357,70144.121,3698.765,
Contact STARLINK-5061 - MarsSat2,72190.334,81636.340,9446.006,
Contact STARLINK-5061 - MarsSat2,83680.348,86400.000,2719.652,
Contact STARLINK-5061 - MarsSat3,0.000,6938.124,6938.124,
Contact STARLINK-5061 - MarsSat3,8996.587,12684.027,3687.440,
Contact STARLINK-5061 - MarsSat3,14741.368,24175.870,9434.502,
Contact STARLINK-5061 - MarsSat3,26230.970,35667.769,9436.799,
Contact STARLINK-5061 - MarsSat3,37720.635,41413.740,3693.105,
Contact STARLINK-5061 - MarsSat3,43465.495,52905.735,9440.239,
Contact STARLINK-5061 - MarsSat3,54955.286,64397.827,9442.541,
Contact STARLINK-5061 - MarsSat3,66445.207,70143.928,3698.721,
Contact STARLINK-5061 - MarsSat3,72190.227,81636.230,9446.003,
Contact STARLINK-5061 - MarsSat3,83680.337,86400.000,2719.663,
Contact STARLINK-5061 - MarsSat4,0.000,6938.063,6938.063,
Contact STARLINK-5061 - MarsSat4,8996.492,12683.924,3687.431,
Contact STARLINK-5061 - MarsSat4,14741.254,24175.798,9434.544,
Contact STARLINK-5061 - MarsSat4,26230.949,35667.752,9436.803,
Contact STARLINK-5061 - MarsSat4,37720.635,41413.719,3693.083,
Contact STARLINK-5061 - MarsSat4,43465.489,52905.736,9440.247,
Contact STARLINK-5061 - MarsSat4,54955.347,64397.927,9442.580,
Contact STARLINK-5061 - MarsSat4,66445.284,70144.003,3698.719,
Contact STARLINK-5061 - MarsSat4,72190.243,81636.181,9445.938,
Contact STARLINK-5061 - MarsSat4,83680.257,86400.000,2719.743,
Contact STARLINK-2127 - STARLINK-30756,0.000,86400.000,86400.000,
Contact STARLINK-2127 - STARLINK-1580,0.000,567.599,567.599,
Contact STARLINK-2127 - STARLINK-1580,13795.119,14874.825,1079.706,
Contact STARLINK-2127 - STARLINK-1580,28069.990,29197.456,1127.466,
Contact STARLINK-2127 - STARLINK-1580,39496.530,43502.664,4006.134,
Contact STARLINK-2127 - STARLINK-1580,53787.513,57822.636,4035.123,
Contact STARLINK-2127 - STARLINK-1580,68065.906,74995.604,6929.698,
Contact STARLINK-2127 - STARLINK-1580,82358.756,86400.000,4041.244,
Contact STARLINK-2127 - STARLINK-31812,0.000,464.275,464.275,
Contact STARLINK-2127 - STARLINK-31812,10779.422,14496.834,3717.412,
Contact STARLINK-2127 - STARLINK-31812,25182.121,25621.540,439.419,
Contact STARLINK-2127 - STARLINK-1323,0.000,3130.495,3130.495,
Contact STARLINK-2127 - STARLINK-1323,4058.006,17404.471,13346.465,
Contact STARLINK-2127 - STARLINK-1323,18416.660,31643.630,13226.970,
Contact STARLINK-2127 - STARLINK-1323,32751.549,43048.686,10297.137,
Contact STARLINK-2127 - STARLINK-1323,47111.594,57322.510,10210.916,
Contact STARLINK-2127 - STARLINK-1323,61446.149,71559.077,10112.929,
Contact STARLINK-2127 - STARLINK-1323,78664.701,85831.436,7166.735,
Contact STARLINK-2127 - STARLINK-3969,10508.804,11420.971,912.167,
Contact STARLINK-2127 - STARLINK-3969,24832.671,25708.007,875.336,
Contact STARLINK-2127 - STARLINK-3969,39141.352,40010.755,869.403,
Contact STARLINK-2127 - STARLINK-3969,53466.328,54296.667,830.339,
Contact STARLINK-2127 - STARLINK-3969,67775.548,68598.823,823.275,
Contact STARLINK-2127 - STARLINK-3969,82101.812,82883.432,781.620,
Contact STARLINK-2127 - STARLINK-4201,0.000,86400.000,86400.000,
Contact STARLINK-2127 - STARLINK-31060,6658.075,7802.417,1144.342,
Contact STARLINK-2127 - STARLINK-5972,46621.738,47282.963,661.225,
Contact STARLINK-2127 - STARLINK-5972,60879.003,61754.272,875.269,
Contact STARLINK-2127 - STARLINK-5972,75168.045,76181.074,1013.029,
Contact STARLINK-2127 - STARLINK-32210,0.000,43003.453,43003.453,
Contact STARLINK-2127 - STARLINK-32210,43390.030,51102.718,7712.688,
Contact STARLINK-2127 - STARLINK-31530,42718.218,43673.069,954.851,
Contact STARLINK-2127 - STARLINK-31530,51121.718,57961.050,6839.333,
Contact STARLINK-2127 - STARLINK-31530,68048.888,74966.714,6917.826,
Contact STARLINK-2127 - STARLINK-31530,82267.373,83412.120,1144.747,
Contact STARLINK-2127 - STARLINK-5093,46677.152,47177.480,500.327,
Contact STARLINK-2127 - STARLINK-5093,60896.025,61696.922,800.897,
Contact STARLINK-2127 - STARLINK-5093,75175.851,76141.176,965.325,
Contact STARLINK-2127 - STARLINK-5591,467.687,86400.000,85932.313,
Contact STARLINK-2127 - STARLINK-32088,58331.565,86400.000,28068.435,
Contact STARLINK-2127 - STARLINK-5829,555.120,13669.414,13114.295,
Contact STARLINK-2127 - STARLINK-5829,14899.850,22306.515,7406.665,
Contact STARLINK-2127 - STARLINK-5829,29256.180,36663.555,7407.375,
Contact STARLINK-2127 - STARLINK-5829,43621.746,51031.879,7410.133,
Contact STARLINK-2127 - STARLINK-5829,57998.282,65369.404,7371.122,
Contact STARLINK-2127 - STARLINK-5829,72381.700,79719.000,7337.300,
Contact STARLINK-2127 - STARLINK-3325,0.000,260.770,260.770,
Contact STARLINK-2127 - STARLINK-3325,13880.533,14561.038,680.505,
Contact STARLINK-2127 - STARLINK-3325,28188.626,28869.345,680.719,
Contact STARLINK-2127 - STARLINK-3325,53955.663,54612.584,656.921,
Contact STARLINK-2127 - STARLINK-3325,68263.825,68920.775,656.950,
Contact STARLINK-2127 - STARLINK-3325,82581.123,83220.398,639.275,
Contact STARLINK-2127 - STARLINK-5850,0.000,86400.000,86400.000,
Contact STARLINK-2127 - STARLINK-31939,68032.126,74963.458,6931.332,
Contact STARLINK-2127 - STARLINK-31939,82023.598,83531.849,1508.251,
Contact STARLINK-2127 - STARLINK-31082,39167.129,39872.448,705.319,
Contact STARLINK-2127 - STARLINK-31082,47658.976,54459.580,6800.604,
Contact STARLINK-2127 - STARLINK-31082,61636.513,74960.399,13323.886,
Contact STARLINK-2127 - STARLINK-31082,75744.057,86400.000,10655.943,
Contact STARLINK-2127 - STARLINK-4569,35968.905,36700.655,731.749,
Contact STARLINK-2127 - STARLINK-4569,50277.433,51099.198,821.765,
Contact STARLINK-2127 - STARLINK-4569,64606.678,65479.069,872.391,
Contact STARLINK-2127 - STARLINK-4569,78921.713,79871.184,949.471,
Contact STARLINK-2127 - STARLINK-4328,6766.359,7535.556,769.197,
Contact STARLINK-2127 - STARLINK-4328,21109.830,21893.485,783.654,
Contact STARLINK-2127 - STARLINK-4328,35460.082,36244.679,784.597,
Contact STARLINK-2127 - STARLINK-4328,49803.487,50602.708,799.221,
Contact STARLINK-2127 - STARLINK-4328,64154.189,64953.456,799.267,
Contact STARLINK-2127 - STARLINK-4328,78497.688,79311.428,813.740,
Contact STARLINK-2127 - STARLINK-2214,28677.762,29221.579,543.817,
Contact STARLINK-2127 - STARLINK-2214,42970.231,43534.709,564.478,
Contact STARLINK-2127 - STARLINK-2214,57245.293,57866.448,621.155,
Contact STARLINK-2127 - STARLINK-2214,71539.384,72177.883,638.499,
Contact STARLINK-2127 - STARLINK-2214,85817.658,86400.000,582.342,
Contact STARLINK-2127 - STARLINK-11136 [DTC],46598.650,47100.518,501.868,
Contact STARLINK-2127 - STARLINK-11136 [DTC],60482.068,61269.527,787.459,
Contact STARLINK-2127 - STARLINK-11136 [DTC],71687.892,72504.477,816.585,
Contact STARLINK-2127 - STARLINK-11136 [DTC],85809.226,86400.000,590.774,
Contact STARLINK-2127 - STARLINK-31325,36976.350,86400.000,49423.650,
Contact STARLINK-2127 - STARLINK-5628,6882.211,7200.270,318.059,
Contact STARLINK-2127 - STARLINK-11092 [DTC],0.000,454.223,454.223,
Contact STARLINK-2127 - STARLINK-11092 [DTC],4524.344,17874.818,13350.474,
Contact STARLINK-2127 - STARLINK-11092 [DTC],18272.281,25802.228,7529.946,
Contact STARLINK-2127 - STARLINK-11072 [DTC],22596.142,53672.503,31076.361,
Contact STARLINK-2127 - STARLINK-6319,0.000,738.629,738.629,
Contact STARLINK-2127 - STARLINK-6319,13892.981,14954.892,1061.912,
Contact STARLINK-2127 - STARLINK-6319,28315.857,29199.406,883.549,
Contact STARLINK-2127 - STARLINK-6319,42842.300,43344.507,502.208,
Contact STARLINK-2127 - MoonARTEMIS1,2216.593,6058.384,3841.791,
Contact STARLINK-2127 - MoonARTEMIS1,7947.876,17589.830,9641.954,
Contact STARLINK-2127 - MoonARTEMIS1,19411.673,34862.816,15451.144,
Contact STARLINK-2127 - MoonARTEMIS1,36599.775,46374.055,9774.280,
Contact STARLINK-2127 - MoonARTEMIS1,48055.733,63638.837,15583.104,
Contact STARLINK-2127 - MoonARTEMIS1,65236.085,75148.077,9911.992,
Contact STARLINK-2127 - MoonARTEMIS1,76686.941,86400.000,9713.059,
Contact STARLINK-2127 - MoonARTEMIS2,0.000,6016.967,6016.967,
Contact STARLINK-2127 - MoonARTEMIS2,7927.496,17515.453,9587.957,
Contact STARLINK-2127 - MoonARTEMIS2,19388.302,33025.290,13636.988,
Contact STARLINK-2127 - MoonARTEMIS2,36590.032,46324.728,9734.696,
Contact STARLINK-2127 - MoonARTEMIS2,48036.210,63580.579,15544.370,
Contact STARLINK-2127 - MoonARTEMIS2,65204.933,75093.210,9888.277,
Contact STARLINK-2127 - MoonARTEMIS2,76651.087,86400.000,9748.913,
Contact STARLINK-2127 - MoonIOAGEO,0.000,3868.000,3868.000,
Contact STARLINK-2127 - MoonIOAGEO,7947.034,17572.011,9624.977,
Contact STARLINK-2127 - MoonIOAGEO,19404.637,34787.132,15382.495,
Contact STARLINK-2127 - MoonIOAGEO,36585.227,46302.505,9717.278,
Contact STARLINK-2127 - MoonIOAGEO,53770.710,63611.584,9840.875,
Contact STARLINK-2127 - MoonIOAGEO,65223.489,75096.319,9872.830,
Contact STARLINK-2127 - MoonIOAGEO,76675.237,86400.000,9724.763,
Contact STARLINK-2127 - MoonIOAGNO,0.000,6067.113,6067.113,
Contact STARLINK-2127 - MoonIOAGNO,7950.359,17530.447,9580.088,
Contact STARLINK-2127 - MoonIOAGNO,19381.998,34785.889,15403.891,
Contact STARLINK-2127 - MoonIOAGNO,36556.518,46319.029,9762.511,
Contact STARLINK-2127 - MoonIOAGNO,48035.674,63553.246,15517.572,
Contact STARLINK-2127 - MoonIOAGNO,65191.504,75085.285,9893.781,
Contact STARLINK-2127 - MoonIOAGNO,76634.071,86400.000,9765.929,
Contact STARLINK-2127 - MoonIOAGNO 0001,0.000,6031.719,6031.719,
Contact STARLINK-2127 - MoonIOAGNO 0001,7916.187,17542.602,9626.415,
Contact STARLINK-2127 - MoonIOAGNO 0001,19381.090,34795.965,15414.875,
Contact STARLINK-2127 - MoonIOAGNO 0001,36578.664,46281.247,9702.583,
Contact STARLINK-2127 - MoonIOAGNO 0001,48007.531,63582.926,15575.395,
Contact STARLINK-2127 - MoonIOAGNO 0001,65201.313,75120.599,9919.287,
Contact STARLINK-2127 - MoonIOAGNO 0001,76683.369,86400.000,9716.631,
Contact STARLINK-2127 - MoonIOAGSO,0.000,6051.615,6051.615,
Contact STARLINK-2127 - MoonIOAGSO,9344.931,17563.050,8218.119,
Contact STARLINK-2127 - MoonIOAGSO,19422.271,34803.168,15380.897,
Contact STARLINK-2127 - MoonIOAGSO,36615.492,46300.674,9685.182,
Contact STARLINK-2127 - MoonIOAGSO,48048.982,63594.500,15545.518,
Contact STARLINK-2127 - MoonIOAGSO,65254.712,75100.848,9846.137,
Contact STARLINK-2127 - MoonIOAGSO,76717.344,86400.000,9682.656,
Contact STARLINK-2127 - MoonIOAGSO 0001,0.000,6065.005,6065.005,
Contact STARLINK-2127 - MoonIOAGSO 0001,7973.618,17551.172,9577.554,
Contact STARLINK-2127 - MoonIOAGSO 0001,19423.060,34812.242,15389.183,
Contact STARLINK-2127 - MoonIOAGSO 0001,36594.494,46318.266,9723.772,
Contact STARLINK-2127 - MoonIOAGSO 0001,48075.391,63570.248,15494.857,
Contact STARLINK-2127 - MoonIOAGSO 0001,65245.040,75110.608,9865.567,
Contact STARLINK-2127 - MoonIOAGSO 0001,76668.337,86400.000,9731.663,
Contact STARLINK-2127 - MoonLRO,2217.870,4164.297,1946.427,
Contact STARLINK-2127 - MoonLRO,7940.749,17557.272,9616.524,
Contact STARLINK-2127 - MoonLRO,20725.486,23304.704,2579.218,
Contact STARLINK-2127 - MoonLRO,27577.120,29051.724,1474.604,
Contact STARLINK-2127 - MoonLRO,42309.343,45151.519,2842.176,
Contact STARLINK-2127 - MoonLRO,48034.504,51970.730,3936.226,
Contact STARLINK-2127 - MoonLRO,54867.636,57829.126,2961.490,
Contact STARLINK-2127 - MoonLRO,70954.305,72450.715,1496.410,
Contact STARLINK-2127 - MoonLRO,76671.051,86124.481,9453.431,
Contact STARLINK-2127 - MarsSat1,0.000,2870.140,2870.140,
Contact STARLINK-2127 - MarsSat1,4990.303,14328.253,9337.950,
Contact STARLINK-2127 - MarsSat1,16447.276,20057.333,3610.057,
Contact STARLINK-2127 - MarsSat1,22175.767,31515.556,9339.789,
Contact STARLINK-2127 - MarsSat1,33632.767,42973.874,9341.106,
Contact STARLINK-2127 - MarsSat1,45089.798,48703.068,3613.270,
Contact STARLINK-2127 - MarsSat1,50818.322,60161.517,9343.195,
Contact STARLINK-2127 - MarsSat1,62275.379,71620.031,9344.652,
Contact STARLINK-2127 - MarsSat1,73732.431,77349.305,3616.875,
Contact STARLINK-2127 - MarsSat1,79460.951,86400.000,6939.049,
Contact STARLINK-2127 - MarsSat2,0.000,2870.216,2870.216,
Contact STARLINK-2127 - MarsSat2,4990.392,14328.373,9337.980,
Contact STARLINK-2127 - MarsSat2,16447.400,20057.472,3610.072,
Contact STARLINK-2127 - MarsSat2,22175.901,31515.714,9339.812,
Contact STARLINK-2127 - MarsSat2,33632.902,42974.016,9341.114,
Contact STARLINK-2127 - MarsSat2,45089.902,48703.190,3613.288,
Contact STARLINK-2127 - MarsSat2,50818.403,60161.587,9343.184,
Contact STARLINK-2127 - MarsSat2,62275.408,71620.050,9344.642,
Contact STARLINK-2127 - MarsSat2,73732.418,77349.307,3616.888,
Contact STARLINK-2127 - MarsSat2,79460.926,86400.000,6939.074,
Contact STARLINK-2127 - MarsSat3,0.000,2870.184,2870.184,
Contact STARLINK-2127 - MarsSat3,4990.360,14328.325,9337.965,
Contact STARLINK-2127 - MarsSat3,16447.347,20057.411,3610.064,
Contact STARLINK-2127 - MarsSat3,22175.834,31515.620,9339.786,
Contact STARLINK-2127 - MarsSat3,33632.804,42973.890,9341.086,
Contact STARLINK-2127 - MarsSat3,45089.781,48703.053,3613.272,
Contact STARLINK-2127 - MarsSat3,50818.278,60161.453,9343.176,
Contact STARLINK-2127 - MarsSat3,62275.309,71619.981,9344.672,
Contact STARLINK-2127 - MarsSat3,73732.405,77349.284,3616.878,
Contact STARLINK-2127 - MarsSat3,79460.957,86400.000,6939.043,
Contact STARLINK-2127 - MarsSat4,0.000,2870.126,2870.126,
Contact STARLINK-2127 - MarsSat4,4990.286,14328.228,9337.942,
Contact STARLINK-2127 - MarsSat4,16447.263,20057.345,3610.081,
Contact STARLINK-2127 - MarsSat4,22175.807,31515.630,9339.823,
Contact STARLINK-2127 - MarsSat4,33632.822,42973.892,9341.070,
Contact STARLINK-2127 - MarsSat4,45089.791,48703.063,3613.272,
Contact STARLINK-2127 - MarsSat4,50818.312,60161.541,9343.229,
Contact STARLINK-2127 - MarsSat4,62275.387,71619.987,9344.601,
Contact STARLINK-2127 - MarsSat4,73732.371,77349.231,3616.860,
Contact STARLINK-2127 - MarsSat4,79460.879,86400.000,6939.121,
Contact STARLINK-30756 - STARLINK-1580,39427.355,39891.857,464.502,
Contact STARLINK-30756 - STARLINK-1580,53660.995,54289.991,628.996,
Contact STARLINK-30756 - STARLINK-1580,67898.106,68687.340,789.235,
Contact STARLINK-30756 - STARLINK-1580,82164.958,83052.104,887.147,
Contact STARLINK-30756 - STARLINK-31812,0.000,2906.223,2906.223,
Contact STARLINK-30756 - STARLINK-31812,10196.885,11431.479,1234.594,
Contact STARLINK-30756 - STARLINK-31812,18731.193,25535.886,6804.693,
Contact STARLINK-30756 - STARLINK-31812,35930.104,36730.560,800.456,
Contact STARLINK-30756 - STARLINK-1323,0.000,14368.225,14368.225,
Contact STARLINK-30756 - STARLINK-1323,14639.730,28734.099,14094.369,
Contact STARLINK-30756 - STARLINK-1323,28935.718,42997.506,14061.787,
Contact STARLINK-30756 - STARLINK-1323,43293.580,57288.916,13995.336,
Contact STARLINK-30756 - STARLINK-1323,57663.567,71525.744,13862.177,
Contact STARLINK-30756 - STARLINK-1323,72048.085,85795.444,13747.359,
Contact STARLINK-30756 - STARLINK-3969,4153.194,11159.905,7006.712,
Contact STARLINK-30756 - STARLINK-3969,21351.586,25469.019,4117.433,
Contact STARLINK-30756 - STARLINK-3969,35691.755,39786.642,4094.887,
Contact STARLINK-30756 - STARLINK-3969,50024.758,56957.187,6932.429,
Contact STARLINK-30756 - STARLINK-3969,64370.818,71257.045,6886.227,
Contact STARLINK-30756 - STARLINK-3969,78709.404,79844.810,1135.406,
Contact STARLINK-30756 - STARLINK-4201,0.000,86400.000,86400.000,
Contact STARLINK-30756 - STARLINK-31060,6461.342,7553.997,1092.655,
Contact STARLINK-30756 - STARLINK-31060,17518.862,24561.278,7042.416,
Contact STARLINK-30756 - STARLINK-31060,31795.520,32797.843,1002.323,
Contact STARLINK-30756 - STARLINK-5972,0.000,4121.193,4121.193,
Contact STARLINK-30756 - STARLINK-5972,11493.724,18501.811,7008.087,
Contact STARLINK-30756 - STARLINK-5972,25866.232,32892.939,7026.706,
Contact STARLINK-30756 - STARLINK-5972,40243.655,47270.588,7026.933,
Contact STARLINK-30756 - STARLINK-5972,54618.403,61658.660,7040.257,
Contact STARLINK-30756 - STARLINK-5972,68998.113,76033.657,7035.544,
Contact STARLINK-30756 - STARLINK-5972,83374.791,86400.000,3025.209,
Contact STARLINK-30756 - STARLINK-32210,0.000,86400.000,86400.000,
Contact STARLINK-30756 - STARLINK-1463,53898.107,54148.121,250.014,
Contact STARLINK-30756 - STARLINK-1463,68205.967,68623.586,417.620,
Contact STARLINK-30756 - STARLINK-1463,82540.329,83073.380,533.051,
Contact STARLINK-30756 - STARLINK-31530,53757.915,54515.037,757.121,
Contact STARLINK-30756 - STARLINK-31530,67718.352,68908.411,1190.059,
Contact STARLINK-30756 - STARLINK-31530,76174.500,83139.969,6965.469,
Contact STARLINK-30756 - STARLINK-5093,0.000,4058.463,4058.463,
Contact STARLINK-30756 - STARLINK-5093,11482.379,18447.049,6964.671,
Contact STARLINK-30756 - STARLINK-5093,25850.583,32851.253,7000.670,
Contact STARLINK-30756 - STARLINK-5093,40229.817,47235.294,7005.477,
Contact STARLINK-30756 - STARLINK-5093,54602.137,61634.494,7032.357,
Contact STARLINK-30756 - STARLINK-5093,68985.218,76014.482,7029.264,
Contact STARLINK-30756 - STARLINK-5093,83361.095,86400.000,3038.905,
Contact STARLINK-30756 - STARLINK-5591,0.000,42485.560,42485.560,
Contact STARLINK-30756 - STARLINK-5591,43235.912,53926.188,10690.277,
Contact STARLINK-30756 - STARLINK-5591,57713.284,68246.149,10532.865,
Contact STARLINK-30756 - STARLINK-5591,72195.007,82526.348,10331.341,
Contact STARLINK-30756 - STARLINK-32088,77670.829,86400.000,8729.171,
Contact STARLINK-30756 - STARLINK-5829,3239.131,7344.580,4105.449,
Contact STARLINK-30756 - STARLINK-5829,17645.986,21714.418,4068.432,
Contact STARLINK-30756 - STARLINK-5829,32047.148,36068.238,4021.091,
Contact STARLINK-30756 - STARLINK-5829,46455.753,50436.169,3980.417,
Contact STARLINK-30756 - STARLINK-5829,60857.660,61923.836,1066.176,
Contact STARLINK-30756 - STARLINK-5829,75268.015,76274.956,1006.941,
Contact STARLINK-30756 - STARLINK-3325,0.000,2.814,2.814,
Contact STARLINK-30756 - STARLINK-3325,10490.568,11457.092,966.525,
Contact STARLINK-30756 - STARLINK-3325,24829.159,25771.787,942.628,
Contact STARLINK-30756 - STARLINK-3325,39165.193,40088.872,923.680,
Contact STARLINK-30756 - STARLINK-3325,53506.778,54400.610,893.832,
Contact STARLINK-30756 - STARLINK-3325,67845.593,68714.859,869.266,
Contact STARLINK-30756 - STARLINK-3325,82190.400,83023.409,833.009,
Contact STARLINK-30756 - STARLINK-5850,0.000,86400.000,86400.000,
Contact STARLINK-30756 - STARLINK-31939,79078.681,82936.075,3857.394,
Contact STARLINK-30756 - STARLINK-5453,0.000,86400.000,86400.000,
Contact STARLINK-30756 - STARLINK-31082,0.000,86400.000,86400.000,
Contact STARLINK-30756 - STARLINK-4569,6820.301,13745.723,6925.422,
Contact STARLINK-30756 - STARLINK-4569,21182.958,28131.222,6948.264,
Contact STARLINK-30756 - STARLINK-4569,35559.516,42506.555,6947.039,
Contact STARLINK-30756 - STARLINK-4569,49922.961,56891.468,6968.507,
Contact STARLINK-30756 - STARLINK-4569,64300.620,65514.491,1213.871,
Contact STARLINK-30756 - STARLINK-4569,78664.986,79898.843,1233.856,
Contact STARLINK-30756 - STARLINK-4328,3555.426,7269.950,3714.523,
Contact STARLINK-30756 - STARLINK-4328,17929.477,21645.553,3716.076,
Contact STARLINK-30756 - STARLINK-4328,32295.302,36012.408,3717.106,
Contact STARLINK-30756 - STARLINK-4328,46669.611,47509.355,839.744,
Contact STARLINK-30756 - STARLINK-4328,61035.507,61885.016,849.509,
Contact STARLINK-30756 - STARLINK-4328,75410.106,76251.599,841.493,
Contact STARLINK-30756 - STARLINK-11136 [DTC],57506.430,58048.001,541.572,
Contact STARLINK-30756 - STARLINK-11136 [DTC],71379.029,72259.183,880.154,
Contact STARLINK-30756 - STARLINK-11136 [DTC],82626.612,83476.844,850.231,
Contact STARLINK-30756 - STARLINK-31325,72920.247,86400.000,13479.753,
Contact STARLINK-30756 - STARLINK-5231,3256.706,7308.149,4051.444,
Contact STARLINK-30756 - STARLINK-5231,17799.964,18616.704,816.741,
Contact STARLINK-30756 - STARLINK-5231,32369.690,32695.992,326.302,
Contact STARLINK-30756 - STARLINK-11092 [DTC],10279.834,10826.827,546.993,
Contact STARLINK-30756 - STARLINK-11092 [DTC],18132.393,28405.491,10273.097,
Contact STARLINK-30756 - STARLINK-11092 [DTC],29166.782,36533.603,7366.821,
Contact STARLINK-30756 - STARLINK-11072 [DTC],36181.811,64491.251,28309.440,
Contact STARLINK-30756 - STARLINK-5503,0.000,508.195,508.195,
Contact STARLINK-30756 - STARLINK-5503,14253.001,14930.491,677.490,
Contact STARLINK-30756 - STARLINK-5503,28591.618,29324.853,733.235,
Contact STARLINK-30756 - STARLINK-5503,42915.474,43735.655,820.180,
Contact STARLINK-30756 - STARLINK-5503,57259.576,58124.511,864.935,
Contact STARLINK-30756 - STARLINK-5503,71590.305,72528.477,938.173,
Contact STARLINK-30756 - STARLINK-5503,85938.202,86400.000,461.798,
Contact STARLINK-30756 - MoonARTEMIS1,1738.189,5566.822,3828.633,
Contact STARLINK-30756 - MoonARTEMIS1,7496.794,17139.221,9642.427,
Contact STARLINK-30756 - MoonARTEMIS1,19018.597,28691.166,9672.569,
Contact STARLINK-30756 - MoonARTEMIS1,30531.919,34464.278,3932.359,
Contact STARLINK-30756 - MoonARTEMIS1,36287.226,46007.029,9719.803,
Contact STARLINK-30756 - MoonARTEMIS1,47796.129,57546.389,9750.260,
Contact STARLINK-30756 - MoonARTEMIS1,59303.294,63315.046,4011.752,
Contact STARLINK-30756 - MoonARTEMIS1,65056.310,74850.571,9794.261,
Contact STARLINK-30756 - MoonARTEMIS1,76561.189,86384.078,9822.888,
Contact STARLINK-30756 - MoonARTEMIS2,1712.280,5526.721,3814.441,
Contact STARLINK-30756 - MoonARTEMIS2,7464.536,17062.741,9598.205,
Contact STARLINK-30756 - MoonARTEMIS2,18973.095,28614.203,9641.109,
Contact STARLINK-30756 - MoonARTEMIS2,30493.044,33011.834,2518.790,
Contact STARLINK-30756 - MoonARTEMIS2,36263.444,45963.095,9699.651,
Contact STARLINK-30756 - MoonARTEMIS2,47765.316,57499.223,9733.908,
Contact STARLINK-30756 - MoonARTEMIS2,59265.024,63268.355,4003.332,
Contact STARLINK-30756 - MoonARTEMIS2,65015.785,74809.849,9794.064,
Contact STARLINK-30756 - MoonARTEMIS2,76519.665,86356.080,9836.416,
Contact STARLINK-30756 - MoonIOAGEO,1736.580,3825.908,2089.328,
Contact STARLINK-30756 - MoonIOAGEO,7940.209,17122.162,9181.953,
Contact STARLINK-30756 - MoonIOAGEO,19005.866,28634.847,9628.981,
Contact STARLINK-30756 - MoonIOAGEO,30499.273,34389.174,3889.902,
Contact STARLINK-30756 - MoonIOAGEO,36247.402,45937.342,9689.939,
Contact STARLINK-30756 - MoonIOAGEO,53524.419,57517.047,3992.629,
Contact STARLINK-30756 - MoonIOAGEO,59284.552,63293.094,4008.542,
Contact STARLINK-30756 - MoonIOAGEO,65038.409,74808.150,9769.740,
Contact STARLINK-30756 - MoonIOAGEO,76533.952,86350.301,9816.349,
Contact STARLINK-30756 - MoonIOAGNO,1733.412,5579.401,3845.989,
Contact STARLINK-30756 - MoonIOAGNO,7499.192,17081.192,9582.000,
Contact STARLINK-30756 - MoonIOAGNO,18974.279,28617.794,9643.515,
Contact STARLINK-30756 - MoonIOAGNO,30471.522,34395.268,3923.746,
Contact STARLINK-30756 - MoonIOAGNO,36229.772,45957.991,9728.219,
Contact STARLINK-30756 - MoonIOAGNO,47763.014,57479.490,9716.476,
Contact STARLINK-30756 - MoonIOAGNO,59255.800,63244.081,3988.281,
Contact STARLINK-30756 - MoonIOAGNO,64995.882,74805.360,9809.478,
Contact STARLINK-30756 - MoonIOAGNO,76505.815,86382.092,9876.277,
Contact STARLINK-30756 - MoonIOAGNO 0001,1713.522,5547.340,3833.818,
Contact STARLINK-30756 - MoonIOAGNO 0001,7463.479,17096.256,9632.777,
Contact STARLINK-30756 - MoonIOAGNO 0001,18979.655,28650.717,9671.062,
Contact STARLINK-30756 - MoonIOAGNO 0001,30512.460,34399.681,3887.220,
Contact STARLINK-30756 - MoonIOAGNO 0001,36245.563,45925.210,9679.646,
Contact STARLINK-30756 - MoonIOAGNO 0001,47729.739,57485.857,9756.118,
Contact STARLINK-30756 - MoonIOAGNO 0001,59246.677,63271.084,4024.406,
Contact STARLINK-30756 - MoonIOAGNO 0001,65014.747,74827.762,9813.015,
Contact STARLINK-30756 - MoonIOAGNO 0001,76546.533,86351.237,9804.704,
Contact STARLINK-30756 - MoonIOAGSO,1746.045,5560.156,3814.111,
Contact STARLINK-30756 - MoonIOAGSO,9417.346,17108.177,7690.832,
Contact STARLINK-30756 - MoonIOAGSO,19013.086,28633.497,9620.411,
Contact STARLINK-30756 - MoonIOAGSO,30523.519,34396.894,3873.375,
Contact STARLINK-30756 - MoonIOAGSO,36273.111,45933.057,9659.946,
Contact STARLINK-30756 - MoonIOAGSO,47764.140,57504.014,9739.874,
Contact STARLINK-30756 - MoonIOAGSO,59286.786,63271.141,3984.354,
Contact STARLINK-30756 - MoonIOAGSO,65051.705,74802.707,9751.002,
Contact STARLINK-30756 - MoonIOAGSO,76563.252,86347.992,9784.740,
Contact STARLINK-30756 - MoonIOAGSO 0001,1759.313,5568.276,3808.962,
Contact STARLINK-30756 - MoonIOAGSO 0001,7512.244,17091.786,9579.542,
Contact STARLINK-30756 - MoonIOAGSO 0001,19008.635,28629.078,9620.443,
Contact STARLINK-30756 - MoonIOAGSO 0001,30816.538,34414.683,3598.144,
Contact STARLINK-30756 - MoonIOAGSO 0001,36264.205,45947.001,9682.795,
Contact STARLINK-30756 - MoonIOAGSO 0001,47786.823,57477.559,9690.736,
Contact STARLINK-30756 - MoonIOAGSO 0001,59289.757,63247.613,3957.857,
Contact STARLINK-30756 - MoonIOAGSO 0001,65036.741,74820.201,9783.460,
Contact STARLINK-30756 - MoonIOAGSO 0001,76539.639,86372.658,9833.019,
Contact STARLINK-30756 - MoonLRO,1738.607,4173.187,2434.581,
Contact STARLINK-30756 - MoonLRO,7487.316,17103.462,9616.146,
Contact STARLINK-30756 - MoonLRO,20738.813,22869.447,2130.633,
Contact STARLINK-30756 - MoonLRO,42004.728,45147.442,3142.713,
Contact STARLINK-30756 - MoonLRO,48031.901,51722.416,3690.516,
Contact STARLINK-30756 - MoonLRO,70787.865,72460.725,1672.861,
Contact STARLINK-30756 - MoonLRO,76537.796,86114.725,9576.929,
Contact STARLINK-30756 - MarsSat1,0.000,2256.526,2256.526,
Contact STARLINK-30756 - MarsSat1,4373.399,13747.070,9373.671,
Contact STARLINK-30756 - MarsSat1,15862.676,19492.369,3629.693,
Contact STARLINK-30756 - MarsSat1,21607.325,30983.040,9375.714,
Contact STARLINK-30756 - MarsSat1,33096.662,42473.823,9377.161,
Contact STARLINK-30756 - MarsSat1,44586.059,53964.721,9378.662,
Contact STARLINK-30756 - MarsSat1,56075.514,59710.209,3634.695,
Contact STARLINK-30756 - MarsSat1,61820.257,71201.244,9380.987,
Contact STARLINK-30756 - MarsSat1,73309.759,82692.339,9382.580,
Contact STARLINK-30756 - MarsSat1,84799.271,86400.000,1600.729,
Contact STARLINK-30756 - MarsSat2,0.000,2256.586,2256.586,
Contact STARLINK-30756 - MarsSat2,4373.479,13747.187,9373.708,
Contact STARLINK-30756 - MarsSat2,15862.804,19492.513,3629.709,
Contact STARLINK-30756 - MarsSat2,21607.473,30983.221,9375.748,
Contact STARLINK-30756 - MarsSat2,33096.827,42474.003,9377.175,
Contact STARLINK-30756 - MarsSat2,44586.206,53964.861,9378.656,
Contact STARLINK-30756 - MarsSat2,56075.611,59710.320,3634.709,
Contact STARLINK-30756 - MarsSat2,61820.325,71201.296,9380.972,
Contact STARLINK-30756 - MarsSat2,73309.776,82692.353,9382.578,
Contact STARLINK-30756 - MarsSat2,84799.260,86400.000,1600.740,
Contact STARLINK-30756 - MarsSat3,0.000,2256.554,2256.554,
Contact STARLINK-30756 - MarsSat3,4373.446,13747.143,9373.697,
Contact STARLINK-30756 - MarsSat3,15862.753,19492.456,3629.703,
Contact STARLINK-30756 - MarsSat3,21607.408,30983.129,9375.722,
Contact STARLINK-30756 - MarsSat3,33096.727,42473.872,9377.145,
Contact STARLINK-30756 - MarsSat3,44586.072,53964.700,9378.628,
Contact STARLINK-30756 - MarsSat3,56075.464,59710.155,3634.692,
Contact STARLINK-30756 - MarsSat3,61820.189,71201.180,9380.991,
Contact STARLINK-30756 - MarsSat3,73309.715,82692.323,9382.608,
Contact STARLINK-30756 - MarsSat3,84799.284,86400.000,1600.716,
Contact STARLINK-30756 - MarsSat4,0.000,2256.509,2256.509,
Contact STARLINK-30756 - MarsSat4,4373.381,13747.039,9373.659,
Contact STARLINK-30756 - MarsSat4,15862.654,19492.366,3629.712,
Contact STARLINK-30756 - MarsSat4,21607.353,30983.126,9375.772,
Contact STARLINK-30756 - MarsSat4,33096.735,42473.864,9377.129,
Contact STARLINK-30756 - MarsSat4,44586.072,53964.739,9378.667,
Contact STARLINK-30756 - MarsSat4,56075.537,59710.243,3634.705,
Contact STARLINK-30756 - MarsSat4,61820.277,71201.211,9380.934,
Contact STARLINK-30756 - MarsSat4,73309.704,82692.254,9382.549,
Contact STARLINK-30756 - MarsSat4,84799.212,86400.000,1600.788,
Contact STARLINK-1580 - STARLINK-31812,0.000,4448.958,4448.958,
Contact STARLINK-1580 - STARLINK-4201,0.000,104.268,104.268,
Contact STARLINK-1580 - STARLINK-4201,13851.365,14404.657,553.292,
Contact STARLINK-1580 - STARLINK-4201,39531.137,40176.574,645.436,
Contact STARLINK-1580 - STARLINK-4201,53815.633,54475.028,659.395,
Contact STARLINK-1580 - STARLINK-4201,68081.255,68793.948,712.693,
Contact STARLINK-1580 - STARLINK-4201,82366.683,83091.403,724.719,
Contact STARLINK-1580 - STARLINK-31060,10374.754,11198.403,823.649,
Contact STARLINK-1580 - STARLINK-31060,24436.798,25205.335,768.537,
Contact STARLINK-1580 - STARLINK-31060,35759.735,36338.152,578.416,
Contact STARLINK-1580 - STARLINK-32210,0.000,268.830,268.830,
Contact STARLINK-1580 - STARLINK-32210,10738.689,14461.586,3722.898,
Contact STARLINK-1580 - STARLINK-32210,25003.033,25812.641,809.608,
Contact STARLINK-1580 - STARLINK-32210,39269.393,39996.942,727.548,
Contact STARLINK-1580 - STARLINK-32210,53556.743,54159.857,603.114,
Contact STARLINK-1580 - STARLINK-1463,86183.156,86400.000,216.844,
Contact STARLINK-1580 - STARLINK-31530,20762.155,86400.000,65637.845,
Contact STARLINK-1580 - STARLINK-5591,57287.025,57964.686,677.660,
Contact STARLINK-1580 - STARLINK-5591,71401.782,72558.388,1156.606,
Contact STARLINK-1580 - STARLINK-5591,79881.706,86400.000,6518.294,
Contact STARLINK-1580 - STARLINK-32088,42931.009,43392.291,461.282,
Contact STARLINK-1580 - STARLINK-32088,56881.451,57714.852,833.401,
Contact STARLINK-1580 - STARLINK-32088,68115.770,69097.929,982.159,
Contact STARLINK-1580 - STARLINK-32088,82218.508,83265.910,1047.402,
Contact STARLINK-1580 - STARLINK-5829,86304.579,86400.000,95.421,
Contact STARLINK-1580 - STARLINK-3325,57475.988,58221.881,745.893,
Contact STARLINK-1580 - STARLINK-3325,71735.932,72544.450,808.518,
Contact STARLINK-1580 - STARLINK-3325,85958.581,86400.000,441.419,
Contact STARLINK-1580 - STARLINK-5850,10600.932,11438.725,837.793,
Contact STARLINK-1580 - STARLINK-5850,24888.454,25795.536,907.083,
Contact STARLINK-1580 - STARLINK-5850,39174.477,40155.124,980.647,
Contact STARLINK-1580 - STARLINK-5850,53473.929,54499.937,1026.008,
Contact STARLINK-1580 - STARLINK-5850,67771.450,68847.819,1076.369,
Contact STARLINK-1580 - STARLINK-5850,82081.267,83182.226,1100.959,
Contact STARLINK-1580 - STARLINK-31939,35028.486,86400.000,51371.514,
Contact STARLINK-1580 - STARLINK-2424,32336.320,32679.399,343.079,
Contact STARLINK-1580 - STARLINK-2424,46607.112,46974.489,367.376,
Contact STARLINK-1580 - STARLINK-2424,60901.476,61246.160,344.684,
Contact STARLINK-1580 - STARLINK-4569,10501.823,11251.353,749.531,
Contact STARLINK-1580 - STARLINK-4569,24835.904,25588.029,752.124,
Contact STARLINK-1580 - STARLINK-4569,39170.332,39925.129,754.797,
Contact STARLINK-1580 - STARLINK-4569,53505.029,54261.126,756.097,
Contact STARLINK-1580 - STARLINK-4569,67839.000,68598.605,759.605,
Contact STARLINK-1580 - STARLINK-4569,82174.356,82933.882,759.526,
Contact STARLINK-1580 - STARLINK-2214,0.000,86400.000,86400.000,
Contact STARLINK-1580 - STARLINK-11136 [DTC],74910.555,76248.105,1337.551,
Contact STARLINK-1580 - STARLINK-11136 [DTC],83314.826,86400.000,3085.174,
Contact STARLINK-1580 - STARLINK-31325,2962.887,3909.912,947.025,
Contact STARLINK-1580 - STARLINK-31325,14169.002,21184.170,7015.168,
Contact STARLINK-1580 - STARLINK-31325,28222.350,35531.712,7309.362,
Contact STARLINK-1580 - STARLINK-31325,36685.195,49810.797,13125.602,
Contact STARLINK-1580 - STARLINK-31325,50810.529,64059.574,13249.045,
Contact STARLINK-1580 - STARLINK-31325,64998.197,75408.199,10410.002,
Contact STARLINK-1580 - STARLINK-31325,79233.147,86400.000,7166.853,
Contact STARLINK-1580 - STARLINK-11092 [DTC],0.000,15061.958,15061.958,
Contact STARLINK-1580 - STARLINK-11072 [DTC],17144.801,18165.368,1020.567,
Contact STARLINK-1580 - STARLINK-11072 [DTC],28241.361,29441.889,1200.527,
Contact STARLINK-1580 - STARLINK-11072 [DTC],39582.351,40476.688,894.338,
Contact STARLINK-1580 - STARLINK-2042,0.000,10281.095,10281.095,
Contact STARLINK-1580 - STARLINK-2042,11238.863,24546.248,13307.385,
Contact STARLINK-1580 - STARLINK-2042,25593.689,35945.204,10351.515,
Contact STARLINK-1580 - STARLINK-2042,39923.351,50176.458,10253.107,
Contact STARLINK-1580 - STARLINK-2042,54279.983,64441.057,10161.074,
Contact STARLINK-1580 - STARLINK-2042,71493.441,78669.290,7175.849,
Contact STARLINK-1580 - STARLINK-2042,85824.046,86400.000,575.954,
Contact STARLINK-1580 - STARLINK-5503,6873.873,7397.641,523.768,
Contact STARLINK-1580 - STARLINK-5503,21144.397,21793.877,649.480,
Contact STARLINK-1580 - STARLINK-5503,35420.383,36184.067,763.684,
Contact STARLINK-1580 - STARLINK-5503,49714.297,50556.737,842.440,
Contact STARLINK-1580 - STARLINK-5503,61152.193,64927.994,3775.801,
Contact STARLINK-1580 - STARLINK-5503,75452.944,79285.878,3832.934,
Contact STARLINK-1580 - STARLINK-6319,0.000,86400.000,86400.000,
Contact STARLINK-1580 - MoonARTEMIS1,2798.855,6456.022,3657.167,
Contact STARLINK-1580 - MoonARTEMIS1,8536.276,17900.735,9364.460,
Contact STARLINK-1580 - MoonARTEMIS1,20000.842,23620.893,3620.051,
Contact STARLINK-1580 - MoonARTEMIS1,25728.202,35059.187,9330.986,
Contact STARLINK-1580 - MoonARTEMIS1,37178.057,46495.674,9317.617,
Contact STARLINK-1580 - MoonARTEMIS1,48623.537,52213.392,3589.854,
Contact STARLINK-1580 - MoonARTEMIS1,54345.052,63647.898,9302.846,
Contact STARLINK-1580 - MoonARTEMIS1,65786.073,75081.179,9295.106,
Contact STARLINK-1580 - MoonARTEMIS1,77224.731,80797.317,3572.586,
Contact STARLINK-1580 - MoonARTEMIS1,82943.228,86400.000,3456.772,
Contact STARLINK-1580 - MoonARTEMIS2,0.000,6436.570,6436.570,
Contact STARLINK-1580 - MoonARTEMIS2,8501.558,17875.804,9374.246,
Contact STARLINK-1580 - MoonARTEMIS2,19958.402,23596.992,3638.590,
Contact STARLINK-1580 - MoonARTEMIS2,25688.732,33004.061,7315.329,
Contact STARLINK-1580 - MoonARTEMIS2,37159.959,46478.609,9318.650,
Contact STARLINK-1580 - MoonARTEMIS2,48602.362,52193.511,3591.149,
Contact STARLINK-1580 - MoonARTEMIS2,54322.222,63624.450,9302.227,
Contact STARLINK-1580 - MoonARTEMIS2,65761.823,75056.920,9295.096,
Contact STARLINK-1580 - MoonARTEMIS2,77201.637,80773.723,3572.086,
Contact STARLINK-1580 - MoonARTEMIS2,82921.677,86400.000,3478.323,
Contact STARLINK-1580 - MoonIOAGEO,0.000,3776.395,3776.395,
Contact STARLINK-1580 - MoonIOAGEO,8533.059,17894.515,9361.457,
Contact STARLINK-1580 - MoonIOAGEO,19988.475,23610.224,3621.749,
Contact STARLINK-1580 - MoonIOAGEO,25707.646,35040.909,9333.263,
Contact STARLINK-1580 - MoonIOAGEO,37145.388,46479.385,9333.997,
Contact STARLINK-1580 - MoonIOAGEO,54329.108,63637.713,9308.605,
Contact STARLINK-1580 - MoonIOAGEO,65775.254,75068.222,9292.968,
Contact STARLINK-1580 - MoonIOAGEO,77209.237,80785.078,3575.841,
Contact STARLINK-1580 - MoonIOAGEO,82929.446,86400.000,3470.554,
Contact STARLINK-1580 - MoonIOAGNO,0.000,6457.186,6457.186,
Contact STARLINK-1580 - MoonIOAGNO,8536.993,17877.091,9340.099,
Contact STARLINK-1580 - MoonIOAGNO,19960.396,23587.782,3627.387,
Contact STARLINK-1580 - MoonIOAGNO,25682.244,35024.619,9342.375,
Contact STARLINK-1580 - MoonIOAGNO,37137.651,46475.599,9337.948,
Contact STARLINK-1580 - MoonIOAGNO,48602.809,52204.024,3601.215,
Contact STARLINK-1580 - MoonIOAGNO,54328.814,63617.053,9288.239,
Contact STARLINK-1580 - MoonIOAGNO,65749.166,75050.047,9300.881,
Contact STARLINK-1580 - MoonIOAGNO,77194.788,80772.412,3577.624,
Contact STARLINK-1580 - MoonIOAGNO,82922.299,86400.000,3477.701,
Contact STARLINK-1580 - MoonIOAGNO 0001,0.000,6432.602,6432.602,
Contact STARLINK-1580 - MoonIOAGNO 0001,8507.341,17875.131,9367.790,
Contact STARLINK-1580 - MoonIOAGNO 0001,19970.565,23601.548,3630.982,
Contact STARLINK-1580 - MoonIOAGNO 0001,25705.206,35042.031,9336.825,
Contact STARLINK-1580 - MoonIOAGNO 0001,37142.722,46458.988,9316.266,
Contact STARLINK-1580 - MoonIOAGNO 0001,48578.675,52176.620,3597.945,
Contact STARLINK-1580 - MoonIOAGNO 0001,54304.004,63622.745,9318.741,
Contact STARLINK-1580 - MoonIOAGNO 0001,65762.989,75076.881,9313.892,
Contact STARLINK-1580 - MoonIOAGNO 0001,77214.553,80779.609,3565.056,
Contact STARLINK-1580 - MoonIOAGNO 0001,82921.041,86400.000,3478.959,
Contact STARLINK-1580 - MoonIOAGSO,0.000,6456.003,6456.003,
Contact STARLINK-1580 - MoonIOAGSO,9275.495,17902.164,8626.669,
Contact STARLINK-1580 - MoonIOAGSO,19991.689,23626.367,3634.678,
Contact STARLINK-1580 - MoonIOAGSO,25718.061,35061.882,9343.821,
Contact STARLINK-1580 - MoonIOAGSO,37162.251,46485.147,9322.896,
Contact STARLINK-1580 - MoonIOAGSO,48599.005,51839.793,3240.788,
Contact STARLINK-1580 - MoonIOAGSO,54321.902,63648.117,9326.215,
Contact STARLINK-1580 - MoonIOAGSO,65783.557,75088.002,9304.444,
Contact STARLINK-1580 - MoonIOAGSO,77226.508,80803.164,3576.656,
Contact STARLINK-1580 - MoonIOAGSO,82944.236,86400.000,3455.764,
Contact STARLINK-1580 - MoonIOAGSO 0001,0.000,6476.211,6476.211,
Contact STARLINK-1580 - MoonIOAGSO 0001,8540.480,17906.038,9365.558,
Contact STARLINK-1580 - MoonIOAGSO 0001,19984.231,23616.339,3632.108,
Contact STARLINK-1580 - MoonIOAGSO 0001,25703.784,35045.779,9341.995,
Contact STARLINK-1580 - MoonIOAGSO 0001,37161.027,46497.720,9336.693,
Contact STARLINK-1580 - MoonIOAGSO 0001,48614.810,52216.456,3601.646,
Contact STARLINK-1580 - MoonIOAGSO 0001,54336.375,63644.780,9308.405,
Contact STARLINK-1580 - MoonIOAGSO 0001,65772.960,75066.285,9293.325,
Contact STARLINK-1580 - MoonIOAGSO 0001,77214.803,80796.416,3581.613,
Contact STARLINK-1580 - MoonIOAGSO 0001,82946.975,86400.000,3453.025,
Contact STARLINK-1580 - MoonLRO,2805.217,4141.909,1336.692,
Contact STARLINK-1580 - MoonLRO,8527.436,17833.843,9306.407,
Contact STARLINK-1580 - MoonLRO,20710.498,23612.503,2902.005,
Contact STARLINK-1580 - MoonLRO,27556.857,29325.795,1768.939,
Contact STARLINK-1580 - MoonLRO,42876.749,45137.933,2261.184,
Contact STARLINK-1580 - MoonLRO,48597.424,51980.830,3383.406,
Contact STARLINK-1580 - MoonLRO,54857.048,57920.221,3063.172,
Contact STARLINK-1580 - MoonLRO,71495.681,72433.065,937.384,
Contact STARLINK-1580 - MoonLRO,77214.383,79284.815,2070.433,
Contact STARLINK-1580 - MarsSat1,0.000,20814.417,20814.417,
Contact STARLINK-1580 - MarsSat1,22121.610,32245.423,10123.813,
Contact STARLINK-1580 - MarsSat1,33575.320,49391.819,15816.499,
Contact STARLINK-1580 - MarsSat1,50754.911,60822.635,10067.724,
Contact STARLINK-1580 - MarsSat1,62207.322,77968.652,15761.330,
Contact STARLINK-1580 - MarsSat1,79384.807,86400.000,7015.193,
Contact STARLINK-1580 - MarsSat2,0.000,20814.657,20814.657,
Contact STARLINK-1580 - MarsSat2,22121.960,32245.582,10123.622,
Contact STARLINK-1580 - MarsSat2,33575.837,49391.809,15815.972,
Contact STARLINK-1580 - MarsSat2,50755.439,60822.533,10067.093,
Contact STARLINK-1580 - MarsSat2,62207.718,77968.495,15760.778,
Contact STARLINK-1580 - MarsSat2,79384.983,86400.000,7015.017,
Contact STARLINK-1580 - MarsSat3,0.000,20814.508,20814.508,
Contact STARLINK-1580 - MarsSat3,22121.868,32245.384,10123.516,
Contact STARLINK-1580 - MarsSat3,33575.661,49391.620,15815.959,
Contact STARLINK-1580 - MarsSat3,50755.070,60822.465,10067.395,
Contact STARLINK-1580 - MarsSat3,62207.239,77968.733,15761.494,
Contact STARLINK-1580 - MarsSat3,79384.645,86400.000,7015.355,
Contact STARLINK-1580 - MarsSat4,0.000,20814.514,20814.514,
Contact STARLINK-1580 - MarsSat4,22121.601,32245.482,10123.881,
Contact STARLINK-1580 - MarsSat4,33575.580,49391.737,15816.157,
Contact STARLINK-1580 - MarsSat4,50754.984,60822.620,10067.636,
Contact STARLINK-1580 - MarsSat4,62207.431,77968.528,15761.097,
Contact STARLINK-1580 - MarsSat4,79384.630,86400.000,7015.370,
Contact STARLINK-31812 - STARLINK-5952,17941.432,18331.706,390.274,
Contact STARLINK-31812 - STARLINK-5952,31899.723,32736.683,836.960,
Contact STARLINK-31812 - STARLINK-5952,43163.143,47009.663,3846.519,
Contact STARLINK-31812 - STARLINK-5952,57318.364,58366.063,1047.699,
Contact STARLINK-31812 - STARLINK-5952,71557.240,72487.251,930.011,
Contact STARLINK-31812 - STARLINK-5952,85895.006,86400.000,504.994,
Contact STARLINK-31812 - STARLINK-1323,0.000,6778.660,6778.660,
Contact STARLINK-31812 - STARLINK-1323,7494.535,32301.908,24807.374,
Contact STARLINK-31812 - STARLINK-1323,32921.869,46099.045,13177.176,
Contact STARLINK-31812 - STARLINK-1323,47478.150,54275.032,6796.882,
Contact STARLINK-31812 - STARLINK-3603,82546.521,82833.664,287.142,
Contact STARLINK-31812 - STARLINK-3969,0.000,58157.053,58157.053,
Contact STARLINK-31812 - STARLINK-4201,0.000,269.868,269.868,
Contact STARLINK-31812 - STARLINK-4201,10489.796,11574.451,1084.655,
Contact STARLINK-31812 - STARLINK-4201,24733.911,25637.534,903.624,
Contact STARLINK-31812 - STARLINK-4201,39065.158,39614.705,549.547,
Contact STARLINK-31812 - STARLINK-31060,46289.338,46973.115,683.777,
Contact STARLINK-31812 - STARLINK-31060,57361.719,58147.631,785.913,
Contact STARLINK-31812 - STARLINK-31060,71232.878,72084.291,851.413,
Contact STARLINK-31812 - STARLINK-31060,82349.549,83213.871,864.322,
Contact STARLINK-31812 - STARLINK-5972,39271.713,40245.487,973.774,
Contact STARLINK-31812 - STARLINK-5972,53404.078,54519.520,1115.442,
Contact STARLINK-31812 - STARLINK-5972,61924.742,68696.184,6771.441,
Contact STARLINK-31812 - STARLINK-5972,79106.960,79947.225,840.266,
Contact STARLINK-31812 - STARLINK-2047,35348.550,36044.925,696.375,
Contact STARLINK-31812 - STARLINK-2047,46572.104,47489.928,917.824,
Contact STARLINK-31812 - STARLINK-2047,60672.153,61724.418,1052.265,
Contact STARLINK-31812 - STARLINK-2047,74849.413,75880.428,1031.014,
Contact STARLINK-31812 - STARLINK-2047,86240.754,86400.000,159.246,
Contact STARLINK-31812 - STARLINK-30145,42567.346,43303.630,736.283,
Contact STARLINK-31812 - STARLINK-30145,53744.734,60508.415,6763.680,
Contact STARLINK-31812 - STARLINK-30145,67823.076,69049.705,1226.629,
Contact STARLINK-31812 - STARLINK-30145,76326.767,83189.607,6862.839,
Contact STARLINK-31812 - STARLINK-32210,0.000,45.186,45.186,
Contact STARLINK-31812 - STARLINK-32210,10559.944,11272.175,712.231,
Contact STARLINK-31812 - STARLINK-32210,24731.555,25280.900,549.345,
Contact STARLINK-31812 - STARLINK-1463,13800.818,14930.260,1129.442,
Contact STARLINK-31812 - STARLINK-1463,22025.381,35300.234,13274.854,
Contact STARLINK-31812 - STARLINK-1463,36055.130,46486.690,10431.560,
Contact STARLINK-31812 - STARLINK-1463,53550.886,54712.586,1161.700,
Contact STARLINK-31812 - STARLINK-30486,17891.095,18500.255,609.160,
Contact STARLINK-31812 - STARLINK-30486,31913.413,32838.256,924.842,
Contact STARLINK-31812 - STARLINK-30486,46031.491,47077.943,1046.451,
Contact STARLINK-31812 - STARLINK-30486,57385.060,61235.013,3849.953,
Contact STARLINK-31812 - STARLINK-30486,71653.148,72500.867,847.719,
Contact STARLINK-31812 - STARLINK-30486,86046.153,86400.000,353.847,
Contact STARLINK-31812 - STARLINK-5565,75580.144,79304.108,3723.964,
Contact STARLINK-31812 - STARLINK-1227,71836.670,72049.379,212.708,
Contact STARLINK-31812 - STARLINK-1227,85742.296,86400.000,657.704,
Contact STARLINK-31812 - STARLINK-5093,39262.815,40203.215,940.400,
Contact STARLINK-31812 - STARLINK-5093,53385.483,54496.139,1110.656,
Contact STARLINK-31812 - STARLINK-5093,61903.290,68684.619,6781.329,
Contact STARLINK-31812 - STARLINK-5093,79082.262,79943.891,861.628,
Contact STARLINK-31812 - STARLINK-2556,83543.795,86400.000,2856.205,
Contact STARLINK-31812 - STARLINK-5591,0.000,515.755,515.755,
Contact STARLINK-31812 - STARLINK-5591,7977.671,14944.103,6966.432,
Contact STARLINK-31812 - STARLINK-5591,22083.063,29164.756,7081.693,
Contact STARLINK-31812 - STARLINK-5591,39307.611,40380.011,1072.400,
Contact STARLINK-31812 - STARLINK-5829,14049.730,15051.490,1001.760,
Contact STARLINK-31812 - STARLINK-5829,28199.159,29312.150,1112.990,
Contact STARLINK-31812 - STARLINK-5829,42468.266,43455.155,986.889,
Contact STARLINK-31812 - STARLINK-5829,53975.248,54679.642,704.394,
Contact STARLINK-31812 - STARLINK-3325,0.000,45937.780,45937.780,
Contact STARLINK-31812 - STARLINK-5850,10282.271,11263.929,981.658,
Contact STARLINK-31812 - STARLINK-5850,24649.749,25263.213,613.464,
Contact STARLINK-31812 - STARLINK-2424,3068.395,4204.815,1136.420,
Contact STARLINK-31812 - STARLINK-2424,11516.908,18394.350,6877.443,
Contact STARLINK-31812 - STARLINK-2424,28504.414,35316.340,6811.926,
Contact STARLINK-31812 - STARLINK-2424,42750.464,43729.672,979.209,
Contact STARLINK-31812 - STARLINK-2424,57086.541,57685.398,598.857,
Contact STARLINK-31812 - STARLINK-30754,46531.883,47374.593,842.710,
Contact STARLINK-31812 - STARLINK-30754,60545.842,61718.297,1172.455,
Contact STARLINK-31812 - STARLINK-30754,69022.303,75922.282,6899.979,
Contact STARLINK-31812 - STARLINK-30754,86099.155,86400.000,300.845,
Contact STARLINK-31812 - STARLINK-3832,78889.887,79527.245,637.358,
Contact STARLINK-31812 - STARLINK-5453,10378.831,11368.510,989.679,
Contact STARLINK-31812 - STARLINK-5453,18789.720,25638.489,6848.769,
Contact STARLINK-31812 - STARLINK-5453,35702.108,42642.709,6940.602,
Contact STARLINK-31812 - STARLINK-5453,49893.623,51099.657,1206.034,
Contact STARLINK-31812 - STARLINK-5453,64200.133,65097.952,897.819,
Contact STARLINK-31812 - STARLINK-31082,0.000,88.770,88.770,
Contact STARLINK-31812 - STARLINK-31082,10196.769,17409.326,7212.557,
Contact STARLINK-31812 - STARLINK-31082,18606.869,25944.471,7337.602,
Contact STARLINK-31812 - STARLINK-31082,32776.554,42796.273,10019.719,
Contact STARLINK-31812 - STARLINK-31082,50075.317,51121.155,1045.838,
Contact STARLINK-31812 - STARLINK-4569,10200.721,10822.388,621.666,
Contact STARLINK-31812 - STARLINK-4569,21587.072,22155.514,568.442,
Contact STARLINK-31812 - STARLINK-4569,35825.458,36316.171,490.713,
Contact STARLINK-31812 - STARLINK-4569,50056.920,50484.936,428.017,
Contact STARLINK-31812 - STARLINK-5737,28407.132,29424.615,1017.483,
Contact STARLINK-31812 - STARLINK-5737,42448.352,43732.917,1284.565,
Contact STARLINK-31812 - STARLINK-5737,50931.351,57911.536,6980.185,
Contact STARLINK-31812 - STARLINK-5737,68056.230,69152.130,1095.900,
Contact STARLINK-31812 - STARLINK-5737,82544.056,83018.869,474.813,
Contact STARLINK-31812 - STARLINK-5231,6948.880,7838.653,889.773,
Contact STARLINK-31812 - STARLINK-5231,21074.774,22020.905,946.131,
Contact STARLINK-31812 - STARLINK-5231,35244.112,36159.142,915.030,
Contact STARLINK-31812 - STARLINK-5231,46610.195,47439.610,829.415,
Contact STARLINK-31812 - STARLINK-5231,60862.100,61496.415,634.316,
Contact STARLINK-31812 - STARLINK-11092 [DTC],2845.736,3853.701,1007.966,
Contact STARLINK-31812 - STARLINK-11092 [DTC],13658.454,20903.714,7245.261,
Contact STARLINK-31812 - STARLINK-11092 [DTC],21831.468,32095.897,10264.429,
Contact STARLINK-31812 - STARLINK-11092 [DTC],32866.375,43111.721,10245.346,
Contact STARLINK-31812 - STARLINK-11092 [DTC],49736.287,51296.585,1560.298,
Contact STARLINK-31812 - STARLINK-11092 [DTC],61159.191,62086.538,927.346,
Contact STARLINK-31812 - STARLINK-11072 [DTC],64132.998,64901.685,768.686,
Contact STARLINK-31812 - STARLINK-11072 [DTC],75127.243,76090.592,963.349,
Contact STARLINK-31812 - STARLINK-11072 [DTC],86182.774,86400.000,217.226,
Contact STARLINK-31812 - STARLINK-5503,3417.141,7445.891,4028.750,
Contact STARLINK-31812 - STARLINK-5503,17618.335,18776.360,1158.025,
Contact STARLINK-31812 - STARLINK-5503,31966.985,32811.595,844.610,
Contact STARLINK-31812 - MoonARTEMIS1,2011.940,5575.062,3563.123,
Contact STARLINK-31812 - MoonARTEMIS1,7650.139,16828.933,9178.794,
Contact STARLINK-31812 - MoonARTEMIS1,18920.916,28069.489,9148.573,
Contact STARLINK-31812 - MoonARTEMIS1,30174.509,39304.624,9130.115,
Contact STARLINK-31812 - MoonARTEMIS1,41420.320,44920.836,3500.516,
Contact STARLINK-31812 - MoonARTEMIS1,47041.221,56151.172,9109.951,
Contact STARLINK-31812 - MoonARTEMIS1,58279.921,67379.158,9099.237,
Contact STARLINK-31812 - MoonARTEMIS1,69515.182,78605.035,9089.853,
Contact STARLINK-31812 - MoonARTEMIS1,80747.510,86400.000,5652.490,
Contact STARLINK-31812 - MoonARTEMIS2,1982.520,5547.421,3564.901,
Contact STARLINK-31812 - MoonARTEMIS2,7609.028,16787.096,9178.068,
Contact STARLINK-31812 - MoonARTEMIS2,18864.128,28032.396,9168.268,
Contact STARLINK-31812 - MoonARTEMIS2,30127.339,39284.836,9157.497,
Contact STARLINK-31812 - MoonARTEMIS2,41395.691,44898.313,3502.622,
Contact STARLINK-31812 - MoonARTEMIS2,47015.215,56124.093,9108.878,
Contact STARLINK-31812 - MoonARTEMIS2,58251.880,67350.555,9098.675,
Contact STARLINK-31812 - MoonARTEMIS2,69487.828,78578.043,9090.215,
Contact STARLINK-31812 - MoonARTEMIS2,80723.702,86400.000,5676.298,
Contact STARLINK-31812 - MoonIOAGEO,2009.596,3725.796,1716.201,
Contact STARLINK-31812 - MoonIOAGEO,7942.535,16819.991,8877.455,
Contact STARLINK-31812 - MoonIOAGEO,18906.159,28044.425,9138.266,
Contact STARLINK-31812 - MoonIOAGEO,30135.948,39270.885,9134.937,
Contact STARLINK-31812 - MoonIOAGEO,41374.576,44891.128,3516.552,
Contact STARLINK-31812 - MoonIOAGEO,52636.265,56135.442,3499.177,
Contact STARLINK-31812 - MoonIOAGEO,58264.442,67365.262,9100.820,
Contact STARLINK-31812 - MoonIOAGEO,69499.506,78586.356,9086.850,
Contact STARLINK-31812 - MoonIOAGEO,80726.245,86400.000,5673.755,
Contact STARLINK-31812 - MoonIOAGNO,2020.085,5579.555,3559.470,
Contact STARLINK-31812 - MoonIOAGNO,7652.247,16796.158,9143.911,
Contact STARLINK-31812 - MoonIOAGNO,18873.328,28022.122,9148.794,
Contact STARLINK-31812 - MoonIOAGNO,30121.332,39265.367,9144.035,
Contact STARLINK-31812 - MoonIOAGNO,41380.220,44890.940,3510.720,
Contact STARLINK-31812 - MoonIOAGNO,47011.570,56126.276,9114.706,
Contact STARLINK-31812 - MoonIOAGNO,58242.268,67339.016,9096.748,
Contact STARLINK-31812 - MoonIOAGNO,69474.217,78575.243,9101.026,
Contact STARLINK-31812 - MoonIOAGNO,80723.220,86400.000,5676.780,
Contact STARLINK-31812 - MoonIOAGNO 0001,1996.075,5552.184,3556.110,
Contact STARLINK-31812 - MoonIOAGNO 0001,7624.013,16796.246,9172.233,
Contact STARLINK-31812 - MoonIOAGNO 0001,18886.292,28049.832,9163.540,
Contact STARLINK-31812 - MoonIOAGNO 0001,30149.081,39262.917,9113.836,
Contact STARLINK-31812 - MoonIOAGNO 0001,41367.086,44873.425,3506.339,
Contact STARLINK-31812 - MoonIOAGNO 0001,46987.689,56109.586,9121.897,
Contact STARLINK-31812 - MoonIOAGNO 0001,58239.290,67357.697,9118.408,
Contact STARLINK-31812 - MoonIOAGNO 0001,69498.403,78588.056,9089.653,
Contact STARLINK-31812 - MoonIOAGNO 0001,80724.587,86400.000,5675.413,
Contact STARLINK-31812 - MoonIOAGSO,2010.624,5574.725,3564.101,
Contact STARLINK-31812 - MoonIOAGSO,9338.087,16820.294,7482.207,
Contact STARLINK-31812 - MoonIOAGSO,18900.202,28059.877,9159.675,
Contact STARLINK-31812 - MoonIOAGSO,30144.198,39287.314,9143.116,
Contact STARLINK-31812 - MoonIOAGSO,41383.903,44898.213,3514.311,
Contact STARLINK-31812 - MoonIOAGSO,47003.725,56130.547,9126.822,
Contact STARLINK-31812 - MoonIOAGSO,58260.331,67375.060,9114.729,
Contact STARLINK-31812 - MoonIOAGSO,69504.489,78603.933,9099.444,
Contact STARLINK-31812 - MoonIOAGSO,80739.452,86400.000,5660.548,
Contact STARLINK-31812 - MoonIOAGSO 0001,2022.314,5591.136,3568.822,
Contact STARLINK-31812 - MoonIOAGSO 0001,7645.091,16820.536,9175.445,
Contact STARLINK-31812 - MoonIOAGSO 0001,18888.752,28042.764,9154.013,
Contact STARLINK-31812 - MoonIOAGSO 0001,30817.446,39289.203,8471.758,
Contact STARLINK-31812 - MoonIOAGSO 0001,41395.403,44909.615,3514.212,
Contact STARLINK-31812 - MoonIOAGSO 0001,47016.873,56140.131,9123.259,
Contact STARLINK-31812 - MoonIOAGSO 0001,58254.827,67362.399,9107.572,
Contact STARLINK-31812 - MoonIOAGSO 0001,69490.530,78597.321,9106.791,
Contact STARLINK-31812 - MoonIOAGSO 0001,80745.272,86400.000,5654.728,
Contact STARLINK-31812 - MoonLRO,2016.734,4154.146,2137.412,
Contact STARLINK-31812 - MoonLRO,7640.410,16814.596,9174.186,
Contact STARLINK-31812 - MoonLRO,20723.381,22427.327,1703.946,
Contact STARLINK-31812 - MoonLRO,35762.431,38309.384,2546.953,
Contact STARLINK-31812 - MoonLRO,41383.857,44899.930,3516.074,
Contact STARLINK-31812 - MoonLRO,48032.017,50514.278,2482.260,
Contact STARLINK-31812 - MoonLRO,63875.701,65614.610,1738.909,
Contact STARLINK-31812 - MoonLRO,69493.651,78597.150,9103.500,
Contact STARLINK-31812 - MoonLRO,82183.190,84209.929,2026.739,
Contact STARLINK-31812 - MarsSat1,0.000,2403.790,2403.790,
Contact STARLINK-31812 - MarsSat1,4003.242,13635.326,9632.084,
Contact STARLINK-31812 - MarsSat1,15235.837,24866.589,9630.752,
Contact STARLINK-31812 - MarsSat1,26468.602,41713.043,15244.441,
Contact STARLINK-31812 - MarsSat1,43318.164,52943.718,9625.554,
Contact STARLINK-31812 - MarsSat1,54551.509,64174.109,9622.600,
Contact STARLINK-31812 - MarsSat1,65785.056,75404.160,9619.104,
Contact STARLINK-31812 - MarsSat1,77018.728,86400.000,9381.272,
Contact STARLINK-31812 - MarsSat2,0.000,2403.916,2403.916,
Contact STARLINK-31812 - MarsSat2,4003.185,13635.563,9632.378,
Contact STARLINK-31812 - MarsSat2,15235.921,24866.915,9630.994,
Contact STARLINK-31812 - MarsSat2,26468.853,41713.376,15244.524,
Contact STARLINK-31812 - MarsSat2,43318.576,52943.964,9625.388,
Contact STARLINK-31812 - MarsSat2,54551.912,64174.236,9622.324,
Contact STARLINK-31812 - MarsSat2,65785.375,75404.187,9618.812,
Contact STARLINK-31812 - MarsSat2,77018.945,86400.000,9381.055,
Contact STARLINK-31812 - MarsSat3,0.000,2403.851,2403.851,
Contact STARLINK-31812 - MarsSat3,4003.163,13635.473,9632.310,
Contact STARLINK-31812 - MarsSat3,15235.908,24866.768,9630.860,
Contact STARLINK-31812 - MarsSat3,26468.816,41713.122,15244.306,
Contact STARLINK-31812 - MarsSat3,43318.425,52943.662,9625.238,
Contact STARLINK-31812 - MarsSat3,54551.634,64173.973,9622.339,
Contact STARLINK-31812 - MarsSat3,65784.976,75404.089,9619.112,
Contact STARLINK-31812 - MarsSat3,77018.558,86400.000,9381.442,
Contact STARLINK-31812 - MarsSat4,0.000,2403.756,2403.756,
Contact STARLINK-31812 - MarsSat4,4003.206,13635.266,9632.059,
Contact STARLINK-31812 - MarsSat4,15235.774,24866.709,9630.935,
Contact STARLINK-31812 - MarsSat4,26468.661,41713.117,15244.456,
Contact STARLINK-31812 - MarsSat4,43318.342,52943.736,9625.394,
Contact STARLINK-31812 - MarsSat4,54551.567,64174.129,9622.562,
Contact STARLINK-31812 - MarsSat4,65785.142,75404.030,9618.888,
Contact STARLINK-31812 - MarsSat4,77018.661,86400.000,9381.339,
Contact STARLINK-31931 - STARLINK-2658,10196.181,73524.248,63328.066,
Contact STARLINK-31931 - STARLINK-3601,0.000,414.599,414.599,
Contact STARLINK-31931 - STARLINK-3601,10585.867,14596.314,4010.447,
Contact STARLINK-31931 - STARLINK-3601,24757.432,25894.453,1137.021,
Contact STARLINK-31931 - STARLINK-3601,38992.787,39957.893,965.106,
Contact STARLINK-31931 - STARLINK-3603,0.000,581.891,581.891,
Contact STARLINK-31931 - STARLINK-3603,7907.406,14702.217,6794.811,
Contact STARLINK-31931 - STARLINK-3603,24992.777,25946.797,954.020,
Contact STARLINK-31931 - STARLINK-3603,39336.349,39915.327,578.978,
Contact STARLINK-31931 - STARLINK-5972,21507.428,22056.672,549.244,
Contact STARLINK-31931 - STARLINK-5972,35792.297,36179.933,387.636,
Contact STARLINK-31931 - STARLINK-30145,0.000,3598.722,3598.722,
Contact STARLINK-31931 - STARLINK-30549,6848.877,7969.507,1120.630,
Contact STARLINK-31931 - STARLINK-30549,20905.522,22002.093,1096.571,
Contact STARLINK-31931 - STARLINK-30549,32158.400,38829.255,6670.855,
Contact STARLINK-31931 - STARLINK-30549,46234.640,47234.557,999.916,
Contact STARLINK-31931 - STARLINK-30549,57493.930,61255.906,3761.975,
Contact STARLINK-31931 - STARLINK-30549,71565.538,72464.615,899.077,
Contact STARLINK-31931 - STARLINK-30549,85656.995,86400.000,743.005,
Contact STARLINK-31931 - STARLINK-6241,42511.079,43328.066,816.987,
Contact STARLINK-31931 - STARLINK-6241,53750.828,60480.151,6729.322,
Contact STARLINK-31931 - STARLINK-6241,67892.478,68999.846,1107.368,
Contact STARLINK-31931 - STARLINK-6241,82123.322,83131.479,1008.156,
Contact STARLINK-31931 - STARLINK-5565,6480.389,7330.761,850.372,
Contact STARLINK-31931 - STARLINK-5565,17808.427,18728.772,920.346,
Contact STARLINK-31931 - STARLINK-5565,32020.800,32923.784,902.984,
Contact STARLINK-31931 - STARLINK-5565,46307.068,47045.508,738.440,
Contact STARLINK-31931 - STARLINK-1227,2883.844,3820.905,937.060,
Contact STARLINK-31931 - STARLINK-1227,14279.314,15091.558,812.244,
Contact STARLINK-31931 - STARLINK-1227,28592.328,29112.415,520.086,
Contact STARLINK-31931 - STARLINK-5093,21468.013,22036.509,568.496,
Contact STARLINK-31931 - STARLINK-5093,35754.402,36165.873,411.471,
Contact STARLINK-31931 - STARLINK-2556,6471.672,7525.851,1054.179,
Contact STARLINK-31931 - STARLINK-2556,17811.152,21658.842,3847.690,
Contact STARLINK-31931 - STARLINK-2556,32035.831,32919.153,883.322,
Contact STARLINK-31931 - STARLINK-2556,46349.435,46917.078,567.643,
Contact STARLINK-31931 - STARLINK-1073,0.000,571.776,571.776,
Contact STARLINK-31931 - STARLINK-1073,13706.660,14766.536,1059.876,
Contact STARLINK-31931 - STARLINK-1073,25076.346,28894.755,3818.409,
Contact STARLINK-31931 - STARLINK-1073,39356.778,40137.554,780.775,
Contact STARLINK-31931 - STARLINK-1073,53816.231,54025.619,209.388,
Contact STARLINK-31931 - STARLINK-32088,0.000,503.659,503.659,
Contact STARLINK-31931 - STARLINK-32088,13705.051,14494.544,789.493,
Contact STARLINK-31931 - STARLINK-32088,24918.056,25689.505,771.449,
Contact STARLINK-31931 - STARLINK-32088,38931.296,39686.176,754.880,
Contact STARLINK-31931 - STARLINK-32088,50145.173,50880.265,735.091,
Contact STARLINK-31931 - STARLINK-32088,64166.928,64868.522,701.593,
Contact STARLINK-31931 - STARLINK-32088,75381.975,76061.447,679.472,
Contact STARLINK-31931 - STARLINK-5829,10601.319,10965.938,364.619,
Contact STARLINK-31931 - STARLINK-31979,6655.418,7757.116,1101.698,
Contact STARLINK-31931 - STARLINK-31979,17903.604,21809.124,3905.521,
Contact STARLINK-31931 - STARLINK-31979,31963.666,33043.108,1079.442,
Contact STARLINK-31931 - STARLINK-31979,46039.111,47075.828,1036.716,
Contact STARLINK-31931 - STARLINK-31979,57299.557,58301.817,1002.260,
Contact STARLINK-31931 - STARLINK-31979,71375.027,72334.163,959.136,
Contact STARLINK-31931 - STARLINK-31979,82644.148,83551.499,907.352,
Contact STARLINK-31931 - STARLINK-3832,0.000,42453.273,42453.273,
Contact STARLINK-31931 - STARLINK-4569,46334.985,46836.446,501.462,
Contact STARLINK-31931 - STARLINK-4569,57576.596,58318.367,741.771,
Contact STARLINK-31931 - STARLINK-4569,71699.570,72598.271,898.701,
Contact STARLINK-31931 - STARLINK-4569,85893.180,86400.000,506.820,
Contact STARLINK-31931 - STARLINK-1776,0.000,50671.716,50671.716,
Contact STARLINK-31931 - STARLINK-6199,31604.539,32454.403,849.864,
Contact STARLINK-31931 - STARLINK-6199,42775.075,49678.010,6902.935,
Contact STARLINK-31931 - STARLINK-6199,56870.540,58207.388,1336.847,
Contact STARLINK-31931 - STARLINK-6199,65383.299,72331.150,6947.851,
Contact STARLINK-31931 - STARLINK-6199,82566.724,83529.091,962.367,
Contact STARLINK-31931 - STARLINK-4328,53974.860,57734.458,3759.598,
Contact STARLINK-31931 - STARLINK-4328,67942.930,74987.233,7044.302,
Contact STARLINK-31931 - STARLINK-4328,82101.719,83516.890,1415.170,
Contact STARLINK-31931 - STARLINK-3506,0.000,251.284,251.284,
Contact STARLINK-31931 - STARLINK-3506,10257.237,17318.437,7061.200,
Contact STARLINK-31931 - STARLINK-3506,18733.986,25788.447,7054.461,
Contact STARLINK-31931 - STARLINK-3506,32929.782,39845.251,6915.469,
Contact STARLINK-31931 - STARLINK-3506,50113.811,51006.620,892.809,
Contact STARLINK-31931 - STARLINK-11136 [DTC],0.000,19889.094,19889.094,
Contact STARLINK-31931 - STARLINK-5628,40400.215,86400.000,45999.785,
Contact STARLINK-31931 - STARLINK-5176,0.000,157.864,157.864,
Contact STARLINK-31931 - STARLINK-5176,10690.356,14441.777,3751.421,
Contact STARLINK-31931 - STARLINK-5176,24777.101,25818.691,1041.590,
Contact STARLINK-31931 - STARLINK-5176,38918.386,39987.570,1069.184,
Contact STARLINK-31931 - STARLINK-5176,50277.667,54088.808,3811.141,
Contact STARLINK-31931 - STARLINK-5176,64540.280,65325.034,784.754,
Contact STARLINK-31931 - STARLINK-5176,78910.663,79267.784,357.121,
Contact STARLINK-31931 - STARLINK-2042,79005.125,79756.547,751.422,
Contact STARLINK-31931 - STARLINK-6319,79138.271,79630.298,492.027,
Contact STARLINK-31931 - STARLINK-4522,6594.317,7832.018,1237.700,
Contact STARLINK-31931 - STARLINK-4522,15041.599,22019.953,6978.354,
Contact STARLINK-31931 - STARLINK-4522,32041.705,38923.963,6882.257,
Contact STARLINK-31931 - STARLINK-4522,46314.386,47321.058,1006.672,
Contact STARLINK-31931 - STARLINK-4522,60707.404,61220.531,513.127,
Contact STARLINK-31931 - MoonARTEMIS1,5249.910,8777.736,3527.826,
Contact STARLINK-31931 - MoonARTEMIS1,10895.294,20055.786,9160.491,
Contact STARLINK-31931 - MoonARTEMIS1,22164.587,31319.972,9155.385,
Contact STARLINK-31931 - MoonARTEMIS1,33423.926,42577.563,9153.637,
Contact STARLINK-31931 - MoonARTEMIS1,44678.223,53830.690,9152.467,
Contact STARLINK-31931 - MoonARTEMIS1,55929.108,59455.904,3526.796,
Contact STARLINK-31931 - MoonARTEMIS1,61553.535,70703.999,9150.463,
Contact STARLINK-31931 - MoonARTEMIS1,72800.684,81949.283,9148.600,
Contact STARLINK-31931 - MoonARTEMIS1,84045.937,86400.000,2354.063,
Contact STARLINK-31931 - MoonARTEMIS2,0.000,3107.227,3107.227,
Contact STARLINK-31931 - MoonARTEMIS2,5228.445,8735.465,3507.020,
Contact STARLINK-31931 - MoonARTEMIS2,16482.539,19995.617,3513.078,
Contact STARLINK-31931 - MoonARTEMIS2,22111.572,31268.314,9156.742,
Contact STARLINK-31931 - MoonARTEMIS2,34890.277,42548.614,7658.337,
Contact STARLINK-31931 - MoonARTEMIS2,44655.442,53800.237,9144.794,
Contact STARLINK-31931 - MoonARTEMIS2,55907.659,59425.374,3517.715,
Contact STARLINK-31931 - MoonARTEMIS2,61533.192,70675.711,9142.519,
Contact STARLINK-31931 - MoonARTEMIS2,72784.183,81926.598,9142.415,
Contact STARLINK-31931 - MoonARTEMIS2,84035.517,86400.000,2364.483,
Contact STARLINK-31931 - MoonIOAGEO,0.000,3132.060,3132.060,
Contact STARLINK-31931 - MoonIOAGEO,10888.858,20037.797,9148.939,
Contact STARLINK-31931 - MoonIOAGEO,22144.938,31271.225,9126.287,
Contact STARLINK-31931 - MoonIOAGEO,33376.037,42522.318,9146.281,
Contact STARLINK-31931 - MoonIOAGEO,44631.176,47710.288,3079.111,
Contact STARLINK-31931 - MoonIOAGEO,55910.592,59439.450,3528.858,
Contact STARLINK-31931 - MoonIOAGEO,61543.241,70682.779,9139.538,
Contact STARLINK-31931 - MoonIOAGEO,72781.322,81920.765,9139.443,
Contact STARLINK-31931 - MoonIOAGEO,84023.114,86400.000,2376.886,
Contact STARLINK-31931 - MoonIOAGNO,0.000,3148.167,3148.167,
Contact STARLINK-31931 - MoonIOAGNO,5263.027,8773.854,3510.828,
Contact STARLINK-31931 - MoonIOAGNO,16496.816,20009.305,3512.489,
Contact STARLINK-31931 - MoonIOAGNO,22126.655,31273.181,9146.526,
Contact STARLINK-31931 - MoonIOAGNO,33390.313,42541.392,9151.079,
Contact STARLINK-31931 - MoonIOAGNO,44652.417,53796.997,9144.580,
Contact STARLINK-31931 - MoonIOAGNO,55892.616,59409.680,3517.064,
Contact STARLINK-31931 - MoonIOAGNO,61516.653,70666.993,9150.340,
Contact STARLINK-31931 - MoonIOAGNO,72779.229,81934.569,9155.341,
Contact STARLINK-31931 - MoonIOAGNO,84044.701,86400.000,2355.299,
Contact STARLINK-31931 - MoonIOAGNO 0001,0.000,3128.081,3128.081,
Contact STARLINK-31931 - MoonIOAGNO 0001,5251.070,8760.864,3509.794,
Contact STARLINK-31931 - MoonIOAGNO 0001,16513.757,20028.201,3514.445,
Contact STARLINK-31931 - MoonIOAGNO 0001,22143.561,31285.294,9141.733,
Contact STARLINK-31931 - MoonIOAGNO 0001,33383.632,42522.348,9138.716,
Contact STARLINK-31931 - MoonIOAGNO 0001,44635.851,53786.423,9150.572,
Contact STARLINK-31931 - MoonIOAGNO 0001,55900.152,59420.670,3520.518,
Contact STARLINK-31931 - MoonIOAGNO 0001,61532.349,70688.896,9156.548,
Contact STARLINK-31931 - MoonIOAGNO 0001,72790.421,81923.343,9132.922,
Contact STARLINK-31931 - MoonIOAGNO 0001,84029.538,86400.000,2370.462,
Contact STARLINK-31931 - MoonIOAGSO,0.000,3125.331,3125.331,
Contact STARLINK-31931 - MoonIOAGSO,5241.023,7967.029,2726.006,
Contact STARLINK-31931 - MoonIOAGSO,16505.385,20020.739,3515.354,
Contact STARLINK-31931 - MoonIOAGSO,22122.357,31266.922,9144.566,
Contact STARLINK-31931 - MoonIOAGSO,33365.666,42521.468,9155.802,
Contact STARLINK-31931 - MoonIOAGSO,44623.991,52193.361,7569.370,
Contact STARLINK-31931 - MoonIOAGSO,55905.350,59427.833,3522.482,
Contact STARLINK-31931 - MoonIOAGSO,61525.238,70673.964,9148.726,
Contact STARLINK-31931 - MoonIOAGSO,72766.075,81924.037,9157.962,
Contact STARLINK-31931 - MoonIOAGSO,84018.822,86400.000,2381.178,
Contact STARLINK-31931 - MoonIOAGSO 0001,0.000,3129.071,3129.071,
Contact STARLINK-31931 - MoonIOAGSO 0001,5234.329,8752.628,3518.299,
Contact STARLINK-31931 - MoonIOAGSO 0001,16483.049,20006.851,3523.802,
Contact STARLINK-31931 - MoonIOAGSO 0001,22113.544,29993.295,7879.751,
Contact STARLINK-31931 - MoonIOAGSO 0001,33394.003,42535.354,9141.351,
Contact STARLINK-31931 - MoonIOAGSO 0001,44632.129,53782.287,9150.158,
Contact STARLINK-31931 - MoonIOAGSO 0001,55877.023,59408.287,3531.264,
Contact STARLINK-31931 - MoonIOAGSO 0001,61504.603,70669.979,9165.375,
Contact STARLINK-31931 - MoonIOAGSO 0001,72777.261,81943.254,9165.993,
Contact STARLINK-31931 - MoonIOAGSO 0001,84038.748,86400.000,2361.252,
Contact STARLINK-31931 - MoonLRO,7061.022,8765.725,1704.704,
Contact STARLINK-31931 - MoonLRO,27761.938,31279.541,3517.603,
Contact STARLINK-31931 - MoonLRO,34386.135,36908.061,2521.926,
Contact STARLINK-31931 - MoonLRO,50270.182,51951.035,1680.853,
Contact STARLINK-31931 - MoonLRO,55899.863,58784.243,2884.380,
Contact STARLINK-31931 - MoonLRO,61710.755,65051.883,3341.127,
Contact STARLINK-31931 - MoonLRO,75356.536,79277.770,3921.235,
Contact STARLINK-31931 - MarsSat1,1879.361,5378.328,3498.967,
Contact STARLINK-31931 - MarsSat1,7489.710,16601.318,9111.608,
Contact STARLINK-31931 - MarsSat1,18710.385,27824.371,9113.986,
Contact STARLINK-31931 - MarsSat1,29931.050,39047.521,9116.472,
Contact STARLINK-31931 - MarsSat1,41151.731,50270.792,9119.061,
Contact STARLINK-31931 - MarsSat1,52372.449,55882.475,3510.026,
Contact STARLINK-31931 - MarsSat1,57982.824,67105.927,9123.103,
Contact STARLINK-31931 - MarsSat1,69203.595,78329.470,9125.875,
Contact STARLINK-31931 - MarsSat1,80424.378,86400.000,5975.622,
Contact STARLINK-31931 - MarsSat2,1879.299,5378.301,3499.002,
Contact STARLINK-31931 - MarsSat2,7489.669,16601.361,9111.693,
Contact STARLINK-31931 - MarsSat2,18710.408,27824.497,9114.089,
Contact STARLINK-31931 - MarsSat2,29931.146,39047.709,9116.563,
Contact STARLINK-31931 - MarsSat2,41151.885,50271.000,9119.114,
Contact STARLINK-31931 - MarsSat2,52372.626,55882.675,3510.050,
Contact STARLINK-31931 - MarsSat2,57982.997,67106.088,9123.091,
Contact STARLINK-31931 - MarsSat2,69203.741,78329.585,9125.843,
Contact STARLINK-31931 - MarsSat2,80424.489,86400.000,5975.511,
Contact STARLINK-31931 - MarsSat3,1879.296,5378.293,3498.997,
Contact STARLINK-31931 - MarsSat3,7489.672,16601.358,9111.686,
Contact STARLINK-31931 - MarsSat3,18710.419,27824.482,9114.063,
Contact STARLINK-31931 - MarsSat3,29931.153,39047.662,9116.510,
Contact STARLINK-31931 - MarsSat3,41151.865,50270.897,9119.032,
Contact STARLINK-31931 - MarsSat3,52372.551,55882.536,3509.985,
Contact STARLINK-31931 - MarsSat3,57982.884,67105.882,9122.998,
Contact STARLINK-31931 - MarsSat3,69203.552,78329.380,9125.828,
Contact STARLINK-31931 - MarsSat3,80424.289,86400.000,5975.711,
Contact STARLINK-31931 - MarsSat4,1879.343,5378.312,3498.969,
Contact STARLINK-31931 - MarsSat4,7489.700,16601.283,9111.584,
Contact STARLINK-31931 - MarsSat4,18710.348,27824.411,9114.063,
Contact STARLINK-31931 - MarsSat4,29931.090,39047.624,9116.534,
Contact STARLINK-31931 - MarsSat4,41151.823,50270.836,9119.013,
Contact STARLINK-31931 - MarsSat4,52372.481,55882.507,3510.027,
Contact STARLINK-31931 - MarsSat4,57982.856,67105.970,9123.114,
Contact STARLINK-31931 - MarsSat4,69203.639,78329.433,9125.794,
Contact STARLINK-31931 - MarsSat4,80424.344,86400.000,5975.656,
Contact STARLINK-2658 - STARLINK-3601,10325.120,11203.185,878.065,
Contact STARLINK-2658 - STARLINK-3601,24626.568,25513.853,887.285,
Contact STARLINK-2658 - STARLINK-3601,38921.653,39831.378,909.725,
Contact STARLINK-2658 - STARLINK-3601,50360.917,54140.898,3779.981,
Contact STARLINK-2658 - STARLINK-3601,64663.951,68457.194,3793.242,
Contact STARLINK-2658 - STARLINK-3601,78960.659,79906.870,946.212,
Contact STARLINK-2658 - STARLINK-3603,10547.639,11260.505,712.867,
Contact STARLINK-2658 - STARLINK-3603,24854.585,25577.356,722.771,
Contact STARLINK-2658 - STARLINK-3603,39154.903,39901.532,746.629,
Contact STARLINK-2658 - STARLINK-3603,53462.430,54217.797,755.367,
Contact STARLINK-2658 - STARLINK-3603,67763.458,68541.230,777.772,
Contact STARLINK-2658 - STARLINK-3603,82071.528,82856.947,785.419,
Contact STARLINK-2658 - STARLINK-5972,6843.554,7399.226,555.671,
Contact STARLINK-2658 - STARLINK-5972,21214.648,21746.141,531.493,
Contact STARLINK-2658 - STARLINK-5972,35603.959,36075.034,471.075,
Contact STARLINK-2658 - STARLINK-5972,49980.498,50416.610,436.111,
Contact STARLINK-2658 - STARLINK-30549,17754.755,18576.545,821.790,
Contact STARLINK-2658 - STARLINK-30549,31698.085,33026.116,1328.031,
Contact STARLINK-2658 - STARLINK-30549,40135.537,50193.581,10058.045,
Contact STARLINK-2658 - STARLINK-30549,54258.793,64369.677,10110.884,
Contact STARLINK-2658 - STARLINK-30549,71360.779,78459.032,7098.253,
Contact STARLINK-2658 - STARLINK-30549,85742.347,86400.000,657.653,
Contact STARLINK-2658 - STARLINK-6241,53931.656,54433.103,501.447,
Contact STARLINK-2658 - STARLINK-6241,68239.928,68804.914,564.986,
Contact STARLINK-2658 - STARLINK-6241,82538.959,83187.736,648.777,
Contact STARLINK-2658 - STARLINK-5565,2951.305,4043.163,1091.858,
Contact STARLINK-2658 - STARLINK-5565,17318.755,18397.831,1079.077,
Contact STARLINK-2658 - STARLINK-5565,31678.178,32760.820,1082.642,
Contact STARLINK-2658 - STARLINK-5565,43172.386,47109.163,3936.777,
Contact STARLINK-2658 - STARLINK-5565,57548.818,61465.972,3917.154,
Contact STARLINK-2658 - STARLINK-5565,71916.961,75807.533,3890.572,
Contact STARLINK-2658 - STARLINK-5565,86300.452,86400.000,99.548,
Contact STARLINK-2658 - STARLINK-1227,0.000,276.280,276.280,
Contact STARLINK-2658 - STARLINK-1227,13936.678,14599.650,662.972,
Contact STARLINK-2658 - STARLINK-1227,28260.869,28921.951,661.082,
Contact STARLINK-2658 - STARLINK-1227,42583.312,43245.310,661.999,
Contact STARLINK-2658 - STARLINK-1227,68366.139,69025.855,659.716,
Contact STARLINK-2658 - STARLINK-1227,82688.569,83349.199,660.631,
Contact STARLINK-2658 - STARLINK-5093,6789.760,7383.221,593.461,
Contact STARLINK-2658 - STARLINK-5093,21165.732,21734.463,568.731,
Contact STARLINK-2658 - STARLINK-5093,35559.707,36066.933,507.226,
Contact STARLINK-2658 - STARLINK-5093,49941.352,50412.599,471.247,
Contact STARLINK-2658 - STARLINK-2556,3035.414,4066.910,1031.496,
Contact STARLINK-2658 - STARLINK-2556,17344.023,18381.439,1037.416,
Contact STARLINK-2658 - STARLINK-2556,28786.177,32708.713,3922.536,
Contact STARLINK-2658 - STARLINK-2556,43083.196,47022.435,3939.240,
Contact STARLINK-2658 - STARLINK-2556,57392.833,61348.616,3955.782,
Contact STARLINK-2658 - STARLINK-2556,71690.893,75661.537,3970.644,
Contact STARLINK-2658 - STARLINK-2556,86001.260,86400.000,398.740,
Contact STARLINK-2658 - STARLINK-1073,10528.146,11402.811,874.665,
Contact STARLINK-2658 - STARLINK-1073,24862.618,25728.371,865.753,
Contact STARLINK-2658 - STARLINK-1073,39193.875,40057.485,863.610,
Contact STARLINK-2658 - STARLINK-1073,53528.507,54382.871,854.364,
Contact STARLINK-2658 - STARLINK-1073,67859.982,68711.777,851.795,
Contact STARLINK-2658 - STARLINK-1073,82194.779,83036.986,842.206,
Contact STARLINK-2658 - STARLINK-32088,10355.481,11307.551,952.070,
Contact STARLINK-2658 - STARLINK-32088,24554.735,25418.747,864.013,
Contact STARLINK-2658 - STARLINK-32088,35958.480,36664.232,705.753,
Contact STARLINK-2658 - STARLINK-32088,50313.997,50621.198,307.201,
Contact STARLINK-2658 - STARLINK-31979,3378.838,4168.163,789.325,
Contact STARLINK-2658 - STARLINK-31979,17414.165,18543.157,1128.991,
Contact STARLINK-2658 - STARLINK-31979,25862.860,32853.363,6990.503,
Contact STARLINK-2658 - STARLINK-31979,42848.184,49924.544,7076.361,
Contact STARLINK-2658 - STARLINK-31979,57084.068,64067.669,6983.601,
Contact STARLINK-2658 - STARLINK-31979,71374.706,72534.625,1159.919,
Contact STARLINK-2658 - STARLINK-31979,85763.820,86400.000,636.180,
Contact STARLINK-2658 - STARLINK-3832,6993.745,7891.253,897.508,
Contact STARLINK-2658 - STARLINK-3832,21265.484,22250.270,984.785,
Contact STARLINK-2658 - STARLINK-3832,35569.609,36572.005,1002.396,
Contact STARLINK-2658 - STARLINK-3832,49845.445,50926.992,1081.546,
Contact STARLINK-2658 - STARLINK-3832,64150.490,65247.708,1097.218,
Contact STARLINK-2658 - STARLINK-3832,72712.386,79599.614,6887.229,
Contact STARLINK-2658 - STARLINK-4569,3269.828,3921.796,651.968,
Contact STARLINK-2658 - STARLINK-4569,17620.993,18283.749,662.756,
Contact STARLINK-2658 - STARLINK-4569,31959.436,32657.511,698.075,
Contact STARLINK-2658 - STARLINK-4569,46312.730,47017.229,704.499,
Contact STARLINK-2658 - STARLINK-4569,60653.741,61388.261,734.520,
Contact STARLINK-2658 - STARLINK-4569,75008.792,75746.118,737.326,
Contact STARLINK-2658 - STARLINK-1776,7090.233,7752.690,662.457,
Contact STARLINK-2658 - STARLINK-1776,21190.877,22232.316,1041.439,
Contact STARLINK-2658 - STARLINK-1776,35368.214,36625.701,1257.487,
Contact STARLINK-2658 - STARLINK-1776,43859.520,51042.311,7182.790,
Contact STARLINK-2658 - STARLINK-1776,58057.113,68304.584,10247.471,
Contact STARLINK-2658 - STARLINK-1776,72240.388,82664.793,10424.405,
Contact STARLINK-2658 - STARLINK-6199,0.000,597.113,597.113,
Contact STARLINK-2658 - STARLINK-6199,13914.602,14965.343,1050.741,
Contact STARLINK-2658 - STARLINK-6199,28234.793,29307.153,1072.360,
Contact STARLINK-2658 - STARLINK-6199,42537.903,43671.930,1134.028,
Contact STARLINK-2658 - STARLINK-6199,51134.303,58012.114,6877.811,
Contact STARLINK-2658 - STARLINK-6199,65439.734,72374.042,6934.308,
Contact STARLINK-2658 - STARLINK-6199,82617.767,86400.000,3782.233,
Contact STARLINK-2658 - STARLINK-4328,14266.724,14815.985,549.262,
Contact STARLINK-2658 - STARLINK-4328,28570.518,29229.237,658.720,
Contact STARLINK-2658 - STARLINK-4328,42870.707,43650.284,779.578,
Contact STARLINK-2658 - STARLINK-4328,57195.111,58042.402,847.290,
Contact STARLINK-2658 - STARLINK-4328,71512.897,72445.253,932.355,
Contact STARLINK-2658 - STARLINK-4328,85848.475,86400.000,551.525,
Contact STARLINK-2658 - STARLINK-3506,10093.595,11037.182,943.588,
Contact STARLINK-2658 - STARLINK-3506,21527.422,25348.111,3820.690,
Contact STARLINK-2658 - STARLINK-3506,35825.960,39669.806,3843.846,
Contact STARLINK-2658 - STARLINK-3506,50114.747,51121.741,1006.995,
Contact STARLINK-2658 - STARLINK-3506,64415.051,65430.145,1015.095,
Contact STARLINK-2658 - STARLINK-3506,78705.853,79748.897,1043.043,
Contact STARLINK-2658 - STARLINK-11136 [DTC],1141.452,33277.640,32136.188,
Contact STARLINK-2658 - STARLINK-5628,20807.200,21716.936,909.737,
Contact STARLINK-2658 - STARLINK-5628,29148.037,86400.000,57251.963,
Contact STARLINK-2658 - STARLINK-11092 [DTC],71826.810,72684.967,858.157,
Contact STARLINK-2658 - STARLINK-11092 [DTC],85764.620,86400.000,635.380,
Contact STARLINK-2658 - STARLINK-11072 [DTC],10710.910,10816.786,105.876,
Contact STARLINK-2658 - STARLINK-5176,10227.072,11182.232,955.160,
Contact STARLINK-2658 - STARLINK-5176,24541.614,25492.146,950.532,
Contact STARLINK-2658 - STARLINK-5176,35991.536,39806.503,3814.967,
Contact STARLINK-2658 - STARLINK-5176,50301.737,54116.022,3814.285,
Contact STARLINK-2658 - STARLINK-5176,64616.837,68430.035,3813.198,
Contact STARLINK-2658 - STARLINK-5176,78927.343,79879.240,951.896,
Contact STARLINK-2658 - STARLINK-4522,2937.266,10245.461,7308.194,
Contact STARLINK-2658 - STARLINK-4522,11509.755,24564.917,13055.162,
Contact STARLINK-2658 - STARLINK-4522,25775.865,38903.895,13128.030,
Contact STARLINK-2658 - STARLINK-4522,40062.037,47488.059,7426.022,
Contact STARLINK-2658 - STARLINK-4522,54334.388,64675.244,10340.855,
Contact STARLINK-2658 - STARLINK-4522,68626.258,79005.324,10379.066,
Contact STARLINK-2658 - STARLINK-4522,82905.285,86400.000,3494.715,
Contact STARLINK-2658 - MoonARTEMIS1,4367.733,14096.114,9728.380,
Contact STARLINK-2658 - MoonARTEMIS1,15926.736,19862.997,3936.261,
Contact STARLINK-2658 - MoonARTEMIS1,21693.792,31383.268,9689.477,
Contact STARLINK-2658 - MoonARTEMIS1,33218.231,42892.566,9674.335,
Contact STARLINK-2658 - MoonARTEMIS1,44734.522,48644.273,3909.751,
Contact STARLINK-2658 - MoonARTEMIS1,50490.415,60142.985,9652.570,
Contact STARLINK-2658 - MoonARTEMIS1,61998.506,71636.337,9637.831,
Contact STARLINK-2658 - MoonARTEMIS1,73502.328,77381.215,3878.887,
Contact STARLINK-2658 - MoonARTEMIS1,79252.832,86400.000,7147.168,
Contact STARLINK-2658 - MoonARTEMIS2,0.000,2501.441,2501.441,
Contact STARLINK-2658 - MoonARTEMIS2,4342.930,14018.356,9675.426,
Contact STARLINK-2658 - MoonARTEMIS2,15857.851,19779.475,3921.624,
Contact STARLINK-2658 - MoonARTEMIS2,21618.282,31316.467,9698.186,
Contact STARLINK-2658 - MoonARTEMIS2,34889.260,42852.968,7963.708,
Contact STARLINK-2658 - MoonARTEMIS2,44701.366,48601.990,3900.624,
Contact STARLINK-2658 - MoonARTEMIS2,50457.885,60097.700,9639.816,
Contact STARLINK-2658 - MoonARTEMIS2,61968.023,71592.928,9624.906,
Contact STARLINK-2658 - MoonARTEMIS2,73476.956,77340.605,3863.649,
Contact STARLINK-2658 - MoonARTEMIS2,79231.288,86400.000,7168.712,
Contact STARLINK-2658 - MoonIOAGEO,0.000,2540.869,2540.869,
Contact STARLINK-2658 - MoonIOAGEO,10144.932,14083.305,3938.373,
Contact STARLINK-2658 - MoonIOAGEO,15913.062,19838.564,3925.503,
Contact STARLINK-2658 - MoonIOAGEO,21667.093,31320.239,9653.146,
Contact STARLINK-2658 - MoonIOAGEO,33149.997,42824.526,9674.529,
Contact STARLINK-2658 - MoonIOAGEO,44667.195,47712.325,3045.131,
Contact STARLINK-2658 - MoonIOAGEO,51945.946,60120.804,8174.858,
Contact STARLINK-2658 - MoonIOAGEO,61983.485,71607.115,9623.631,
Contact STARLINK-2658 - MoonIOAGEO,73473.148,77345.997,3872.849,
Contact STARLINK-2658 - MoonIOAGEO,79216.587,86400.000,7183.413,
Contact STARLINK-2658 - MoonIOAGNO,0.000,2557.475,2557.475,
Contact STARLINK-2658 - MoonIOAGNO,4391.651,14049.455,9657.804,
Contact STARLINK-2658 - MoonIOAGNO,15878.098,19793.079,3914.981,
Contact STARLINK-2658 - MoonIOAGNO,21639.918,31308.692,9668.774,
Contact STARLINK-2658 - MoonIOAGNO,33169.181,42837.523,9668.341,
Contact STARLINK-2658 - MoonIOAGNO,44696.599,48603.527,3906.928,
Contact STARLINK-2658 - MoonIOAGNO,50454.404,60080.182,9625.778,
Contact STARLINK-2658 - MoonIOAGNO,61945.106,71579.146,9634.041,
Contact STARLINK-2658 - MoonIOAGNO,73470.108,77336.892,3866.784,
Contact STARLINK-2658 - MoonIOAGNO,79234.703,86400.000,7165.297,
Contact STARLINK-2658 - MoonIOAGNO 0001,0.000,2524.389,2524.389,
Contact STARLINK-2658 - MoonIOAGNO 0001,4374.260,14050.004,9675.744,
Contact STARLINK-2658 - MoonIOAGNO 0001,15902.122,19816.286,3914.164,
Contact STARLINK-2658 - MoonIOAGNO 0001,21664.078,31341.450,9677.371,
Contact STARLINK-2658 - MoonIOAGNO 0001,33161.383,42812.524,9651.141,
Contact STARLINK-2658 - MoonIOAGNO 0001,44672.777,48566.968,3894.191,
Contact STARLINK-2658 - MoonIOAGNO 0001,50437.051,60088.218,9651.167,
Contact STARLINK-2658 - MoonIOAGNO 0001,61966.816,71617.028,9650.212,
Contact STARLINK-2658 - MoonIOAGNO 0001,73487.272,77355.944,3868.671,
Contact STARLINK-2658 - MoonIOAGNO 0001,79224.497,86400.000,7175.503,
Contact STARLINK-2658 - MoonIOAGSO,0.000,2538.636,2538.636,
Contact STARLINK-2658 - MoonIOAGSO,4355.837,14070.974,9715.137,
Contact STARLINK-2658 - MoonIOAGSO,15891.387,19827.419,3936.032,
Contact STARLINK-2658 - MoonIOAGSO,21634.156,31331.341,9697.185,
Contact STARLINK-2658 - MoonIOAGSO,33134.588,42832.960,9698.373,
Contact STARLINK-2658 - MoonIOAGSO,44657.372,48585.632,3928.260,
Contact STARLINK-2658 - MoonIOAGSO,50431.850,60113.475,9681.625,
Contact STARLINK-2658 - MoonIOAGSO,61958.979,71615.969,9656.990,
Contact STARLINK-2658 - MoonIOAGSO,73456.977,77363.287,3906.311,
Contact STARLINK-2658 - MoonIOAGSO,79211.176,86400.000,7188.824,
Contact STARLINK-2658 - MoonIOAGSO 0001,0.000,2552.066,2552.066,
Contact STARLINK-2658 - MoonIOAGSO 0001,4348.560,14057.306,9708.747,
Contact STARLINK-2658 - MoonIOAGSO 0001,15856.320,19810.434,3954.114,
Contact STARLINK-2658 - MoonIOAGSO 0001,21619.676,29967.622,8347.946,
Contact STARLINK-2658 - MoonIOAGSO 0001,33174.795,42850.528,9675.734,
Contact STARLINK-2658 - MoonIOAGSO 0001,44669.321,48601.763,3932.442,
Contact STARLINK-2658 - MoonIOAGSO 0001,50418.825,60099.732,9680.907,
Contact STARLINK-2658 - MoonIOAGSO 0001,61931.514,71598.808,9667.294,
Contact STARLINK-2658 - MoonIOAGSO 0001,73472.812,77364.222,3891.410,
Contact STARLINK-2658 - MoonIOAGSO 0001,79245.478,86400.000,7154.522,
Contact STARLINK-2658 - MoonLRO,7058.206,10979.748,3921.542,
Contact STARLINK-2658 - MoonLRO,27565.308,31334.328,3769.020,
Contact STARLINK-2658 - MoonLRO,34377.516,37088.259,2710.744,
Contact STARLINK-2658 - MoonLRO,56202.665,58780.511,2577.846,
Contact STARLINK-2658 - MoonLRO,61961.873,65628.640,3666.768,
Contact STARLINK-2658 - MoonLRO,75348.766,77360.179,2011.414,
Contact STARLINK-2658 - MoonLRO,82191.920,83107.964,916.045,
Contact STARLINK-2658 - MarsSat1,796.189,10375.378,9579.188,
Contact STARLINK-2658 - MarsSat1,12259.302,27581.865,15322.562,
Contact STARLINK-2658 - MarsSat1,29453.932,39053.123,9599.191,
Contact STARLINK-2658 - MarsSat1,40917.024,56260.501,15343.477,
Contact STARLINK-2658 - MarsSat1,58111.735,67732.408,9620.673,
Contact STARLINK-2658 - MarsSat1,69574.931,84940.657,15365.726,
Contact STARLINK-2658 - MarsSat2,796.078,10375.395,9579.316,
Contact STARLINK-2658 - MarsSat2,12259.227,27582.053,15322.826,
Contact STARLINK-2658 - MarsSat2,29453.968,39053.396,9599.428,
Contact STARLINK-2658 - MarsSat2,40917.139,56260.781,15343.642,
Contact STARLINK-2658 - MarsSat2,58111.909,67732.624,9620.715,
Contact STARLINK-2658 - MarsSat2,69575.098,84940.780,15365.682,
Contact STARLINK-2658 - MarsSat3,796.088,10375.383,9579.295,
Contact STARLINK-2658 - MarsSat3,12259.258,27582.021,15322.763,
Contact STARLINK-2658 - MarsSat3,29454.020,39053.315,9599.295,
Contact STARLINK-2658 - MarsSat3,40917.175,56260.568,15343.392,
Contact STARLINK-2658 - MarsSat3,58111.838,67732.329,9620.492,
Contact STARLINK-2658 - MarsSat3,69574.903,84940.556,15365.653,
Contact STARLINK-2658 - MarsSat4,796.169,10375.349,9579.180,
Contact STARLINK-2658 - MarsSat4,12259.298,27581.926,15322.628,
Contact STARLINK-2658 - MarsSat4,29453.938,39053.265,9599.327,
Contact STARLINK-2658 - MarsSat4,40917.123,56260.550,15343.427,
Contact STARLINK-2658 - MarsSat4,58111.762,67732.458,9620.697,
Contact STARLINK-2658 - MarsSat4,69574.999,84940.527,15365.528,
Contact STARLINK-5952 - STARLINK-3969,3442.236,3875.069,432.833,
Contact STARLINK-5952 - STARLINK-3969,17724.178,18247.086,522.908,
Contact STARLINK-5952 - STARLINK-3969,32014.831,32611.164,596.333,
Contact STARLINK-5952 - STARLINK-3969,46309.580,46970.368,660.788,
Contact STARLINK-5952 - STARLINK-3969,60609.057,61325.562,716.505,
Contact STARLINK-5952 - STARLINK-3969,74911.139,75677.432,766.292,
Contact STARLINK-5952 - STARLINK-3969,86355.089,86400.000,44.911,
Contact STARLINK-5952 - STARLINK-31060,42444.685,74880.968,32436.283,
Contact STARLINK-5952 - STARLINK-2047,0.000,3218.922,3218.922,
Contact STARLINK-5952 - STARLINK-2047,3984.431,17602.668,13618.237,
Contact STARLINK-5952 - STARLINK-2047,18261.862,32040.543,13778.682,
Contact STARLINK-5952 - STARLINK-2047,32536.808,46438.419,13901.612,
Contact STARLINK-5952 - STARLINK-2047,46801.622,86400.000,39598.378,
Contact STARLINK-5952 - STARLINK-30549,0.000,562.641,562.641,
Contact STARLINK-5952 - STARLINK-30549,13841.462,14737.202,895.741,
Contact STARLINK-5952 - STARLINK-30549,28145.537,28859.571,714.034,
Contact STARLINK-5952 - STARLINK-1463,3336.205,7449.945,4113.740,
Contact STARLINK-5952 - STARLINK-1463,17706.843,21856.618,4149.775,
Contact STARLINK-5952 - STARLINK-1463,32093.887,36270.020,4176.133,
Contact STARLINK-5952 - STARLINK-1463,46474.894,50666.713,4191.819,
Contact STARLINK-5952 - STARLINK-1463,60872.153,65069.709,4197.555,
Contact STARLINK-5952 - STARLINK-1463,75263.657,79456.092,4192.435,
Contact STARLINK-5952 - STARLINK-30486,0.000,86400.000,86400.000,
Contact STARLINK-5952 - STARLINK-5565,10416.896,11296.958,880.061,
Contact STARLINK-5952 - STARLINK-5565,24784.961,25686.429,901.467,
Contact STARLINK-5952 - STARLINK-5565,39161.683,40067.892,906.209,
Contact STARLINK-5952 - STARLINK-5565,53531.131,54455.974,924.843,
Contact STARLINK-5952 - STARLINK-5565,67908.808,68836.407,927.599,
Contact STARLINK-5952 - STARLINK-5565,82279.531,83223.207,943.676,
Contact STARLINK-5952 - STARLINK-1227,6631.943,7950.475,1318.531,
Contact STARLINK-5952 - STARLINK-1227,21096.283,22157.495,1061.212,
Contact STARLINK-5952 - STARLINK-1227,35538.576,36407.126,868.550,
Contact STARLINK-5952 - STARLINK-1227,50073.902,50544.834,470.932,
Contact STARLINK-5952 - STARLINK-2556,0.000,112.244,112.244,
Contact STARLINK-5952 - STARLINK-2556,10584.437,14427.203,3842.766,
Contact STARLINK-5952 - STARLINK-2556,24929.062,25874.302,945.240,
Contact STARLINK-5952 - STARLINK-2556,39284.406,40176.685,892.279,
Contact STARLINK-5952 - STARLINK-2556,53634.248,54484.369,850.120,
Contact STARLINK-5952 - STARLINK-2556,67996.082,68780.305,784.223,
Contact STARLINK-5952 - STARLINK-2556,82352.310,83081.519,729.209,
Contact STARLINK-5952 - STARLINK-3325,6543.863,7388.524,844.661,
Contact STARLINK-5952 - STARLINK-3325,17989.642,21736.819,3747.176,
Contact STARLINK-5952 - STARLINK-3325,32303.241,36090.849,3787.607,
Contact STARLINK-5952 - STARLINK-3325,46610.822,50434.665,3823.843,
Contact STARLINK-5952 - STARLINK-3325,60928.676,61911.278,982.602,
Contact STARLINK-5952 - STARLINK-3325,75240.828,76258.781,1017.952,
Contact STARLINK-5952 - STARLINK-31979,0.000,356.114,356.114,
Contact STARLINK-5952 - STARLINK-31979,13664.586,14520.535,855.949,
Contact STARLINK-5952 - STARLINK-31979,25127.486,25814.282,686.796,
Contact STARLINK-5952 - STARLINK-31979,39559.223,39829.347,270.123,
Contact STARLINK-5952 - STARLINK-2424,3733.901,14139.608,10405.708,
Contact STARLINK-5952 - STARLINK-2424,15142.950,28501.770,13358.820,
Contact STARLINK-5952 - STARLINK-2424,29403.334,42867.990,13464.656,
Contact STARLINK-5952 - STARLINK-2424,43697.661,57202.298,13504.637,
Contact STARLINK-5952 - STARLINK-2424,57986.012,71535.424,13549.412,
Contact STARLINK-5952 - STARLINK-2424,72313.410,85833.855,13520.445,
Contact STARLINK-5952 - STARLINK-30754,0.000,86400.000,86400.000,
Contact STARLINK-5952 - STARLINK-5737,69.075,13927.218,13858.143,
Contact STARLINK-5952 - STARLINK-5737,14445.903,28251.098,13805.195,
Contact STARLINK-5952 - STARLINK-5737,28804.445,82760.826,53956.382,
Contact STARLINK-5952 - STARLINK-5737,83407.428,86400.000,2992.572,
Contact STARLINK-5952 - STARLINK-11092 [DTC],42866.503,43488.941,622.437,
Contact STARLINK-5952 - STARLINK-11092 [DTC],53915.034,57725.401,3810.368,
Contact STARLINK-5952 - STARLINK-11092 [DTC],68004.423,68898.765,894.342,
Contact STARLINK-5952 - STARLINK-11072 [DTC],76391.338,83395.037,7003.699,
Contact STARLINK-5952 - STARLINK-5503,7000.542,11081.947,4081.405,
Contact STARLINK-5952 - STARLINK-5503,21518.730,25367.810,3849.081,
Contact STARLINK-5952 - STARLINK-5503,35991.472,36753.657,762.185,
Contact STARLINK-5952 - STARLINK-4522,0.000,160.999,160.999,
Contact STARLINK-5952 - STARLINK-4522,13824.476,14444.823,620.347,
Contact STARLINK-5952 - MoonARTEMIS1,942.253,10248.561,9306.308,
Contact STARLINK-5952 - MoonARTEMIS1,12244.175,16025.381,3781.206,
Contact STARLINK-5952 - MoonARTEMIS1,18023.646,27565.156,9541.509,
Contact STARLINK-5952 - MoonARTEMIS1,29569.915,39095.593,9525.678,
Contact STARLINK-5952 - MoonARTEMIS1,41106.884,44858.568,3751.684,
Contact STARLINK-5952 - MoonARTEMIS1,46873.031,56381.204,9508.173,
Contact STARLINK-5952 - MoonARTEMIS1,58401.763,67900.354,9498.591,
Contact STARLINK-5952 - MoonARTEMIS1,69926.633,73658.878,3732.245,
Contact STARLINK-5952 - MoonARTEMIS1,75687.865,85174.316,9486.451,
Contact STARLINK-5952 - MoonARTEMIS2,644.781,10205.600,9560.819,
Contact STARLINK-5952 - MoonARTEMIS2,12183.702,27511.913,15328.211,
Contact STARLINK-5952 - MoonARTEMIS2,29507.216,39071.103,9563.887,
Contact STARLINK-5952 - MoonARTEMIS2,41076.757,44836.981,3760.223,
Contact STARLINK-5952 - MoonARTEMIS2,46843.589,56362.932,9519.343,
Contact STARLINK-5952 - MoonARTEMIS2,58373.651,67886.737,9513.087,
Contact STARLINK-5952 - MoonARTEMIS2,69902.849,73648.252,3745.403,
Contact STARLINK-5952 - MoonARTEMIS2,75667.441,85170.709,9503.268,
Contact STARLINK-5952 - MoonIOAGEO,669.333,3651.253,2981.920,
Contact STARLINK-5952 - MoonIOAGEO,12234.761,16015.532,3780.771,
Contact STARLINK-5952 - MoonIOAGEO,18007.520,27530.001,9522.481,
Contact STARLINK-5952 - MoonIOAGEO,29521.087,39042.497,9521.411,
Contact STARLINK-5952 - MoonIOAGEO,41044.091,44813.182,3769.091,
Contact STARLINK-5952 - MoonIOAGEO,52605.747,56365.668,3759.921,
Contact STARLINK-5952 - MoonIOAGEO,58384.512,67889.576,9505.064,
Contact STARLINK-5952 - MoonIOAGEO,69908.476,73640.510,3732.033,
Contact STARLINK-5952 - MoonIOAGEO,75661.112,85156.125,9495.014,
Contact STARLINK-5952 - MoonIOAGNO,689.503,10232.921,9543.419,
Contact STARLINK-5952 - MoonIOAGNO,12214.910,27532.435,15317.525,
Contact STARLINK-5952 - MoonIOAGNO,29514.556,39072.127,9557.572,
Contact STARLINK-5952 - MoonIOAGNO,41065.833,44837.609,3771.777,
Contact STARLINK-5952 - MoonIOAGNO,46840.058,56346.026,9505.968,
Contact STARLINK-5952 - MoonIOAGNO,58354.928,67881.628,9526.700,
Contact STARLINK-5952 - MoonIOAGNO,69891.155,73650.490,3759.336,
Contact STARLINK-5952 - MoonIOAGNO,75664.360,85182.574,9518.214,
Contact STARLINK-5952 - MoonIOAGNO 0001,664.381,10239.936,9575.555,
Contact STARLINK-5952 - MoonIOAGNO 0001,12213.277,27540.696,15327.420,
Contact STARLINK-5952 - MoonIOAGNO 0001,29535.717,39052.474,9516.757,
Contact STARLINK-5952 - MoonIOAGNO 0001,41046.125,44822.992,3776.866,
Contact STARLINK-5952 - MoonIOAGNO 0001,46816.746,56362.565,9545.819,
Contact STARLINK-5952 - MoonIOAGNO 0001,58365.287,67892.607,9527.320,
Contact STARLINK-5952 - MoonIOAGNO 0001,69912.203,73648.433,3736.230,
Contact STARLINK-5952 - MoonIOAGNO 0001,75671.875,85168.158,9496.283,
Contact STARLINK-5952 - MoonIOAGSO,667.738,8035.062,7367.323,
Contact STARLINK-5952 - MoonIOAGSO,12225.725,27506.503,15280.778,
Contact STARLINK-5952 - MoonIOAGSO,29513.710,39032.278,9518.568,
Contact STARLINK-5952 - MoonIOAGSO,41044.312,44802.875,3758.563,
Contact STARLINK-5952 - MoonIOAGSO,46815.670,56359.410,9543.740,
Contact STARLINK-5952 - MoonIOAGSO,58373.207,67862.727,9489.521,
Contact STARLINK-5952 - MoonIOAGSO,69892.716,73619.487,3726.771,
Contact STARLINK-5952 - MoonIOAGSO,75654.205,85145.993,9491.788,
Contact STARLINK-5952 - MoonIOAGSO 0001,679.530,10205.899,9526.369,
Contact STARLINK-5952 - MoonIOAGSO 0001,12205.627,27518.303,15312.676,
Contact STARLINK-5952 - MoonIOAGSO 0001,31028.783,39055.344,8026.561,
Contact STARLINK-5952 - MoonIOAGSO 0001,41062.683,44807.938,3745.256,
Contact STARLINK-5952 - MoonIOAGSO 0001,46823.008,56325.333,9502.325,
Contact STARLINK-5952 - MoonIOAGSO 0001,58348.710,67862.005,9513.294,
Contact STARLINK-5952 - MoonIOAGSO 0001,69889.114,73643.486,3754.373,
Contact STARLINK-5952 - MoonIOAGSO 0001,75674.663,85161.412,9486.749,
Contact STARLINK-5952 - MoonLRO,681.688,10229.504,9547.816,
Contact STARLINK-5952 - MoonLRO,13914.188,15997.387,2083.199,
Contact STARLINK-5952 - MoonLRO,20732.972,21765.937,1032.965,
Contact STARLINK-5952 - MoonLRO,35294.029,38299.719,3005.690,
Contact STARLINK-5952 - MoonLRO,41221.411,44820.901,3599.490,
Contact STARLINK-5952 - MoonLRO,48061.732,50586.907,2525.174,
Contact STARLINK-5952 - MoonLRO,64135.182,65634.369,1499.187,
Contact STARLINK-5952 - MoonLRO,69903.613,72452.850,2549.237,
Contact STARLINK-5952 - MoonLRO,75671.199,85168.365,9497.166,
Contact STARLINK-5952 - MarsSat1,0.000,6666.557,6666.557,
Contact STARLINK-5952 - MarsSat1,8673.318,12416.392,3743.074,
Contact STARLINK-5952 - MarsSat1,14423.282,23916.007,9492.725,
Contact STARLINK-5952 - MarsSat1,25923.228,35415.580,9492.352,
Contact STARLINK-5952 - MarsSat1,37423.225,52664.919,15241.693,
Contact STARLINK-5952 - MarsSat1,54673.349,64164.455,9491.106,
Contact STARLINK-5952 - MarsSat1,66173.489,81413.637,15240.148,
Contact STARLINK-5952 - MarsSat1,83423.689,86400.000,2976.311,
Contact STARLINK-5952 - MarsSat2,0.000,6666.569,6666.569,
Contact STARLINK-5952 - MarsSat2,8673.399,12416.448,3743.049,
Contact STARLINK-5952 - MarsSat2,14423.407,23916.162,9492.755,
Contact STARLINK-5952 - MarsSat2,25923.435,35415.813,9492.378,
Contact STARLINK-5952 - MarsSat2,37423.477,52665.167,15241.690,
Contact STARLINK-5952 - MarsSat2,54673.564,64164.651,9491.087,
Contact STARLINK-5952 - MarsSat2,66173.634,81413.744,15240.111,
Contact STARLINK-5952 - MarsSat2,83423.747,86400.000,2976.253,
Contact STARLINK-5952 - MarsSat3,0.000,6666.549,6666.549,
Contact STARLINK-5952 - MarsSat3,8673.363,12416.429,3743.066,
Contact STARLINK-5952 - MarsSat3,14423.363,23916.128,9492.765,
Contact STARLINK-5952 - MarsSat3,25923.360,35415.742,9492.382,
Contact STARLINK-5952 - MarsSat3,37423.355,52665.000,15241.645,
Contact STARLINK-5952 - MarsSat3,54673.359,64164.416,9491.057,
Contact STARLINK-5952 - MarsSat3,66173.410,81413.545,15240.134,
Contact STARLINK-5952 - MarsSat3,83423.639,86400.000,2976.361,
Contact STARLINK-5952 - MarsSat4,0.000,6666.532,6666.532,
Contact STARLINK-5952 - MarsSat4,8673.284,12416.357,3743.073,
Contact STARLINK-5952 - MarsSat4,14423.241,23916.020,9492.778,
Contact STARLINK-5952 - MarsSat4,25923.298,35415.702,9492.403,
Contact STARLINK-5952 - MarsSat4,37423.336,52664.952,15241.617,
Contact STARLINK-5952 - MarsSat4,54673.381,64164.509,9491.128,
Contact STARLINK-5952 - MarsSat4,66173.515,81413.547,15240.032,
Contact STARLINK-5952 - MarsSat4,83423.579,86400.000,2976.421,
Contact STARLINK-1323 - STARLINK-3969,0.000,86400.000,86400.000,
Contact STARLINK-1323 - STARLINK-4201,0.000,3150.184,3150.184,
Contact STARLINK-1323 - STARLINK-4201,3637.407,43154.421,39517.014,
Contact STARLINK-1323 - STARLINK-4201,43687.159,57455.809,13768.651,
Contact STARLINK-1323 - STARLINK-4201,57998.926,71726.732,13727.806,
Contact STARLINK-1323 - STARLINK-4201,72296.110,86027.087,13730.977,
Contact STARLINK-1323 - STARLINK-31060,6943.068,7599.729,656.660,
Contact STARLINK-1323 - STARLINK-31060,20876.262,21740.588,864.326,
Contact STARLINK-1323 - STARLINK-31060,32112.480,32962.821,850.342,
Contact STARLINK-1323 - STARLINK-31060,46273.991,46876.271,602.280,
Contact STARLINK-1323 - STARLINK-5972,14096.117,14799.422,703.305,
Contact STARLINK-1323 - STARLINK-5972,28212.321,29381.132,1168.811,
Contact STARLINK-1323 - STARLINK-5972,36738.909,49718.852,12979.943,
Contact STARLINK-1323 - STARLINK-5972,50919.049,64219.574,13300.525,
Contact STARLINK-1323 - STARLINK-5972,65148.980,78746.524,13597.544,
Contact STARLINK-1323 - STARLINK-5972,79327.253,86400.000,7072.747,
Contact STARLINK-1323 - STARLINK-32210,7023.287,11079.604,4056.317,
Contact STARLINK-1323 - STARLINK-32210,21202.324,28198.248,6995.924,
Contact STARLINK-1323 - STARLINK-32210,35410.919,36740.834,1329.915,
Contact STARLINK-1323 - STARLINK-32210,43935.013,50983.874,7048.861,
Contact STARLINK-1323 - STARLINK-32210,58171.478,65194.875,7023.397,
Contact STARLINK-1323 - STARLINK-32210,75271.471,82233.758,6962.287,
Contact STARLINK-1323 - STARLINK-1463,0.000,106.941,106.941,
Contact STARLINK-1323 - STARLINK-1463,13690.549,14526.815,836.266,
Contact STARLINK-1323 - STARLINK-1463,25139.307,28941.082,3801.774,
Contact STARLINK-1323 - STARLINK-1463,39457.904,43332.251,3874.346,
Contact STARLINK-1323 - STARLINK-1463,53798.383,57720.007,3921.624,
Contact STARLINK-1323 - STARLINK-1463,68142.028,72087.001,3944.973,
Contact STARLINK-1323 - STARLINK-1463,82506.219,86400.000,3893.781,
Contact STARLINK-1323 - STARLINK-31530,71247.011,72072.775,825.764,
Contact STARLINK-1323 - STARLINK-31530,79271.193,86400.000,7128.807,
Contact STARLINK-1323 - STARLINK-5093,14357.115,14465.811,108.695,
Contact STARLINK-1323 - STARLINK-5093,28288.448,29236.988,948.540,
Contact STARLINK-1323 - STARLINK-5093,42460.574,43813.335,1352.762,
Contact STARLINK-1323 - STARLINK-5093,50953.063,64147.472,13194.410,
Contact STARLINK-1323 - STARLINK-5093,65170.945,78696.989,13526.044,
Contact STARLINK-1323 - STARLINK-5093,79342.089,86400.000,7057.911,
Contact STARLINK-1323 - STARLINK-5591,0.000,86400.000,86400.000,
Contact STARLINK-1323 - STARLINK-5829,0.000,64673.244,64673.244,
Contact STARLINK-1323 - STARLINK-5829,65463.179,78899.852,13436.673,
Contact STARLINK-1323 - STARLINK-5829,85761.158,86400.000,638.842,
Contact STARLINK-1323 - STARLINK-3325,0.000,592.043,592.043,
Contact STARLINK-1323 - STARLINK-3325,7893.637,14879.213,6985.576,
Contact STARLINK-1323 - STARLINK-3325,22185.686,29180.530,6994.843,
Contact STARLINK-1323 - STARLINK-3325,39344.042,43467.287,4123.244,
Contact STARLINK-1323 - STARLINK-3325,53649.280,60619.753,6970.473,
Contact STARLINK-1323 - STARLINK-3325,67941.834,74920.483,6978.649,
Contact STARLINK-1323 - STARLINK-3325,82247.432,83489.262,1241.831,
Contact STARLINK-1323 - STARLINK-5850,6592.763,13866.056,7273.293,
Contact STARLINK-1323 - STARLINK-5850,20934.055,28175.548,7241.493,
Contact STARLINK-1323 - STARLINK-5850,35295.256,42460.508,7165.252,
Contact STARLINK-1323 - STARLINK-5850,43905.990,51041.151,7135.161,
Contact STARLINK-1323 - STARLINK-5850,58280.066,65313.629,7033.563,
Contact STARLINK-1323 - STARLINK-5850,72648.987,79595.212,6946.225,
Contact STARLINK-1323 - STARLINK-2424,0.000,3643.155,3643.155,
Contact STARLINK-1323 - STARLINK-2424,14220.045,15071.475,851.430,
Contact STARLINK-1323 - STARLINK-2424,28505.351,29358.950,853.599,
Contact STARLINK-1323 - STARLINK-2424,42795.146,43642.143,846.997,
Contact STARLINK-1323 - STARLINK-2424,57080.409,57929.542,849.133,
Contact STARLINK-1323 - STARLINK-2424,71370.203,72212.624,842.421,
Contact STARLINK-1323 - STARLINK-2424,85655.422,86400.000,744.578,
Contact STARLINK-1323 - STARLINK-5453,0.000,86400.000,86400.000,
Contact STARLINK-1323 - STARLINK-31082,0.000,86400.000,86400.000,
Contact STARLINK-1323 - STARLINK-4569,7011.194,7815.286,804.092,
Contact STARLINK-1323 - STARLINK-4569,21341.538,22164.208,822.670,
Contact STARLINK-1323 - STARLINK-4569,35680.706,36503.541,822.835,
Contact STARLINK-1323 - STARLINK-4569,50012.426,50851.092,838.667,
Contact STARLINK-1323 - STARLINK-4569,64353.698,65188.317,834.620,
Contact STARLINK-1323 - STARLINK-4569,78687.224,79534.071,846.848,
Contact STARLINK-1323 - STARLINK-4328,6704.830,7322.916,618.086,
Contact STARLINK-1323 - STARLINK-4328,21041.369,21662.778,621.409,
Contact STARLINK-1323 - STARLINK-4328,61190.763,61808.032,617.270,
Contact STARLINK-1323 - STARLINK-4328,75533.535,76142.224,608.689,
Contact STARLINK-1323 - STARLINK-11136 [DTC],85722.727,86400.000,677.273,
Contact STARLINK-1323 - STARLINK-5231,6561.080,7281.817,720.737,
Contact STARLINK-1323 - STARLINK-5231,17991.515,18723.381,731.867,
Contact STARLINK-1323 - STARLINK-5231,32272.488,33032.927,760.439,
Contact STARLINK-1323 - STARLINK-5231,46568.010,47326.794,758.784,
Contact STARLINK-1323 - STARLINK-5231,60849.481,61635.777,786.296,
Contact STARLINK-1323 - STARLINK-5231,75145.049,75929.539,784.490,
Contact STARLINK-1323 - STARLINK-11092 [DTC],9121.155,43051.461,33930.305,
Contact STARLINK-1323 - STARLINK-11072 [DTC],38618.671,43153.717,4535.046,
Contact STARLINK-1323 - STARLINK-11072 [DTC],43868.533,57231.299,13362.765,
Contact STARLINK-1323 - STARLINK-11072 [DTC],57907.644,65047.821,7140.177,
Contact STARLINK-1323 - STARLINK-5503,3037.667,3968.568,930.901,
Contact STARLINK-1323 - STARLINK-5503,17357.095,18322.115,965.020,
Contact STARLINK-1323 - STARLINK-5503,31681.137,32671.499,990.361,
Contact STARLINK-1323 - STARLINK-5503,43143.897,47015.283,3871.386,
Contact STARLINK-1323 - STARLINK-5503,57476.971,61355.205,3878.234,
Contact STARLINK-1323 - STARLINK-5503,71814.041,75689.411,3875.370,
Contact STARLINK-1323 - STARLINK-5503,86156.761,86400.000,243.239,
Contact STARLINK-1323 - MoonARTEMIS1,1816.625,5375.458,3558.833,
Contact STARLINK-1323 - MoonARTEMIS1,7540.301,16829.680,9289.379,
Contact STARLINK-1323 - MoonARTEMIS1,18988.430,28278.334,9289.904,
Contact STARLINK-1323 - MoonARTEMIS1,30431.042,34001.756,3570.714,
Contact STARLINK-1323 - MoonARTEMIS1,36151.301,45447.415,9296.114,
Contact STARLINK-1323 - MoonARTEMIS1,47590.338,56891.815,9301.478,
Contact STARLINK-1323 - MoonARTEMIS1,59027.769,68335.086,9307.317,
Contact STARLINK-1323 - MoonARTEMIS1,70463.791,74056.282,3592.491,
Contact STARLINK-1323 - MoonARTEMIS1,76181.279,85497.648,9316.369,
Contact STARLINK-1323 - MoonARTEMIS2,1800.528,5358.035,3557.507,
Contact STARLINK-1323 - MoonARTEMIS2,7522.015,16803.564,9281.548,
Contact STARLINK-1323 - MoonARTEMIS2,18966.387,28254.486,9288.099,
Contact STARLINK-1323 - MoonARTEMIS2,30415.006,33009.703,2594.697,
Contact STARLINK-1323 - MoonARTEMIS2,36142.240,45429.314,9287.074,
Contact STARLINK-1323 - MoonARTEMIS2,47576.823,56868.316,9291.494,
Contact STARLINK-1323 - MoonARTEMIS2,59010.416,68308.957,9298.541,
Contact STARLINK-1323 - MoonARTEMIS2,70444.512,74029.964,3585.453,
Contact STARLINK-1323 - MoonARTEMIS2,76161.764,85473.454,9311.690,
Contact STARLINK-1323 - MoonIOAGEO,1816.019,3774.452,1958.433,
Contact STARLINK-1323 - MoonIOAGEO,7886.176,16823.831,8937.655,
Contact STARLINK-1323 - MoonIOAGEO,18982.398,28261.756,9279.357,
Contact STARLINK-1323 - MoonIOAGEO,30418.119,33980.587,3562.468,
Contact STARLINK-1323 - MoonIOAGEO,36136.444,45426.922,9290.478,
Contact STARLINK-1323 - MoonIOAGEO,53299.601,56879.352,3579.752,
Contact STARLINK-1323 - MoonIOAGEO,59019.816,68322.326,9302.511,
Contact STARLINK-1323 - MoonIOAGEO,70455.429,74040.915,3585.486,
Contact STARLINK-1323 - MoonIOAGEO,76172.559,85485.636,9313.078,
Contact STARLINK-1323 - MoonIOAGNO,1810.999,5376.576,3565.577,
Contact STARLINK-1323 - MoonIOAGNO,7541.712,16808.161,9266.449,
Contact STARLINK-1323 - MoonIOAGNO,18964.991,28242.135,9277.145,
Contact STARLINK-1323 - MoonIOAGNO,30398.821,33966.013,3567.193,
Contact STARLINK-1323 - MoonIOAGNO,36121.230,45423.888,9302.658,
Contact STARLINK-1323 - MoonIOAGNO,47575.271,56870.493,9295.222,
Contact STARLINK-1323 - MoonIOAGNO,59009.228,68298.909,9289.681,
Contact STARLINK-1323 - MoonIOAGNO,70434.196,74022.219,3588.023,
Contact STARLINK-1323 - MoonIOAGNO,76153.348,85480.367,9327.018,
Contact STARLINK-1323 - MoonIOAGNO 0001,1798.924,5356.409,3557.485,
Contact STARLINK-1323 - MoonIOAGNO 0001,7517.963,16804.580,9286.617,
Contact STARLINK-1323 - MoonIOAGNO 0001,18965.832,28265.281,9299.450,
Contact STARLINK-1323 - MoonIOAGNO 0001,30424.457,33985.334,3560.877,
Contact STARLINK-1323 - MoonIOAGNO 0001,36134.312,45409.077,9274.766,
Contact STARLINK-1323 - MoonIOAGNO 0001,47558.159,56856.102,9297.943,
Contact STARLINK-1323 - MoonIOAGNO 0001,58999.701,68317.364,9317.663,
Contact STARLINK-1323 - MoonIOAGNO 0001,70454.143,74050.161,3596.018,
Contact STARLINK-1323 - MoonIOAGNO 0001,76178.637,85471.957,9293.320,
Contact STARLINK-1323 - MoonIOAGSO,1823.881,5377.712,3553.831,
Contact STARLINK-1323 - MoonIOAGSO,9385.146,16827.399,7442.253,
Contact STARLINK-1323 - MoonIOAGSO,18990.895,28278.627,9287.732,
Contact STARLINK-1323 - MoonIOAGSO,30436.988,33999.266,3562.278,
Contact STARLINK-1323 - MoonIOAGSO,36154.904,45433.618,9278.715,
Contact STARLINK-1323 - MoonIOAGSO,47581.843,56876.952,9295.110,
Contact STARLINK-1323 - MoonIOAGSO,59024.136,68335.617,9311.481,
Contact STARLINK-1323 - MoonIOAGSO,70474.333,74058.760,3584.428,
Contact STARLINK-1323 - MoonIOAGSO,76193.067,85497.904,9304.837,
Contact STARLINK-1323 - MoonIOAGSO 0001,1833.104,5392.587,3559.483,
Contact STARLINK-1323 - MoonIOAGSO 0001,7555.353,16831.637,9276.284,
Contact STARLINK-1323 - MoonIOAGSO 0001,18990.720,28261.643,9270.923,
Contact STARLINK-1323 - MoonIOAGSO 0001,30801.262,33983.986,3182.724,
Contact STARLINK-1323 - MoonIOAGSO 0001,36143.328,45443.935,9300.608,
Contact STARLINK-1323 - MoonIOAGSO 0001,47596.318,56887.792,9291.474,
Contact STARLINK-1323 - MoonIOAGSO 0001,59032.932,68322.515,9289.583,
Contact STARLINK-1323 - MoonIOAGSO 0001,70456.856,73920.238,3463.382,
Contact STARLINK-1323 - MoonIOAGSO 0001,76170.203,85504.342,9334.139,
Contact STARLINK-1323 - MoonLRO,1816.449,4168.862,2352.412,
Contact STARLINK-1323 - MoonLRO,7534.403,16822.625,9288.222,
Contact STARLINK-1323 - MoonLRO,20730.462,22540.403,1809.941,
Contact STARLINK-1323 - MoonLRO,41855.047,45151.781,3296.734,
Contact STARLINK-1323 - MoonLRO,48027.460,51155.384,3127.924,
Contact STARLINK-1323 - MoonLRO,64740.395,65603.895,863.500,
Contact STARLINK-1323 - MoonLRO,70455.548,72457.649,2002.101,
Contact STARLINK-1323 - MoonLRO,76170.345,85495.087,9324.743,
Contact STARLINK-1323 - MarsSat1,0.000,2495.260,2495.260,
Contact STARLINK-1323 - MarsSat1,4486.705,13931.018,9444.313,
Contact STARLINK-1323 - MarsSat1,15927.885,19648.903,3721.018,
Contact STARLINK-1323 - MarsSat1,21648.422,31084.694,9436.272,
Contact STARLINK-1323 - MarsSat1,33089.411,42520.509,9431.099,
Contact STARLINK-1323 - MarsSat1,44530.299,53956.340,9426.041,
Contact STARLINK-1323 - MarsSat1,55971.081,59674.255,3703.173,
Contact STARLINK-1323 - MarsSat1,61691.426,71110.076,9418.650,
Contact STARLINK-1323 - MarsSat1,73132.009,82545.883,9413.874,
Contact STARLINK-1323 - MarsSat1,84572.436,86400.000,1827.564,
Contact STARLINK-1323 - MarsSat2,0.000,2495.366,2495.366,
Contact STARLINK-1323 - MarsSat2,4486.797,13931.143,9444.346,
Contact STARLINK-1323 - MarsSat2,15928.035,19649.030,3720.995,
Contact STARLINK-1323 - MarsSat2,21648.596,31084.803,9436.207,
Contact STARLINK-1323 - MarsSat2,33089.605,42520.578,9430.973,
Contact STARLINK-1323 - MarsSat2,44530.469,53956.355,9425.886,
Contact STARLINK-1323 - MarsSat2,55971.193,59674.246,3703.052,
Contact STARLINK-1323 - MarsSat2,61691.505,71110.031,9418.527,
Contact STARLINK-1323 - MarsSat2,73132.028,82545.824,9413.796,
Contact STARLINK-1323 - MarsSat2,84572.423,86400.000,1827.577,
Contact STARLINK-1323 - MarsSat3,0.000,2495.334,2495.334,
Contact STARLINK-1323 - MarsSat3,4486.757,13931.091,9444.333,
Contact STARLINK-1323 - MarsSat3,15927.976,19648.963,3720.987,
Contact STARLINK-1323 - MarsSat3,21648.520,31084.707,9436.187,
Contact STARLINK-1323 - MarsSat3,33089.489,42520.464,9430.975,
Contact STARLINK-1323 - MarsSat3,44530.316,53956.254,9425.938,
Contact STARLINK-1323 - MarsSat3,55971.026,59674.171,3703.145,
Contact STARLINK-1323 - MarsSat3,61691.351,71110.053,9418.702,
Contact STARLINK-1323 - MarsSat3,73131.960,82545.929,9413.969,
Contact STARLINK-1323 - MarsSat3,84572.450,86400.000,1827.550,
Contact STARLINK-1323 - MarsSat4,0.000,2495.253,2495.253,
Contact STARLINK-1323 - MarsSat4,4486.682,13931.001,9444.319,
Contact STARLINK-1323 - MarsSat4,15927.858,19648.929,3721.071,
Contact STARLINK-1323 - MarsSat4,21648.454,31084.745,9436.291,
Contact STARLINK-1323 - MarsSat4,33089.498,42520.487,9430.990,
Contact STARLINK-1323 - MarsSat4,44530.315,53956.339,9426.024,
Contact STARLINK-1323 - MarsSat4,55971.108,59674.262,3703.154,
Contact STARLINK-1323 - MarsSat4,61691.450,71110.020,9418.570,
Contact STARLINK-1323 - MarsSat4,73131.949,82545.838,9413.888,
Contact STARLINK-1323 - MarsSat4,84572.369,86400.000,1827.631,
Contact STARLINK-3601 - STARLINK-3603,0.000,86400.000,86400.000,
Contact STARLINK-3601 - STARLINK-30145,0.000,770.116,770.116,
Contact STARLINK-3601 - STARLINK-30145,14214.286,14968.243,753.957,
Contact STARLINK-3601 - STARLINK-30145,28626.519,29182.204,555.685,
Contact STARLINK-3601 - STARLINK-30549,50162.103,50800.545,638.442,
Contact STARLINK-3601 - STARLINK-30549,64272.226,65052.375,780.148,
Contact STARLINK-3601 - STARLINK-30549,75580.056,79274.140,3694.084,
Contact STARLINK-3601 - STARLINK-6241,3300.888,7292.903,3992.015,
Contact STARLINK-3601 - STARLINK-6241,17589.693,24514.161,6924.468,
Contact STARLINK-3601 - STARLINK-6241,31895.767,33116.239,1220.472,
Contact STARLINK-3601 - STARLINK-6241,46194.847,47464.604,1269.758,
Contact STARLINK-3601 - STARLINK-6241,60510.638,61796.450,1285.812,
Contact STARLINK-3601 - STARLINK-6241,69093.205,76134.699,7041.494,
Contact STARLINK-3601 - STARLINK-6241,83416.959,86400.000,2983.041,
Contact STARLINK-3601 - STARLINK-1073,0.000,86400.000,86400.000,
Contact STARLINK-3601 - STARLINK-32088,0.000,32882.971,32882.971,
Contact STARLINK-3601 - STARLINK-5829,82693.291,82840.033,146.741,
Contact STARLINK-3601 - STARLINK-31979,35880.777,36381.008,500.231,
Contact STARLINK-3601 - STARLINK-31979,49976.359,50665.698,689.339,
Contact STARLINK-3601 - STARLINK-31979,64098.608,64924.352,825.744,
Contact STARLINK-3601 - STARLINK-31979,75415.800,76311.302,895.502,
Contact STARLINK-3601 - STARLINK-31939,6462.892,7319.872,856.980,
Contact STARLINK-3601 - STARLINK-31939,17842.830,18578.192,735.362,
Contact STARLINK-3601 - STARLINK-31939,32129.638,32590.139,460.501,
Contact STARLINK-3601 - STARLINK-3832,0.000,6627.821,6627.821,
Contact STARLINK-3601 - STARLINK-3832,7706.548,20921.446,13214.898,
Contact STARLINK-3601 - STARLINK-3832,21988.030,32365.258,10377.228,
Contact STARLINK-3601 - STARLINK-3832,36287.335,46680.998,10393.663,
Contact STARLINK-3601 - STARLINK-3832,50570.007,60973.278,10403.272,
Contact STARLINK-3601 - STARLINK-3832,64870.220,75287.817,10417.597,
Contact STARLINK-3601 - STARLINK-3832,76303.982,86400.000,10096.018,
Contact STARLINK-3601 - STARLINK-1776,0.000,6488.726,6488.726,
Contact STARLINK-3601 - STARLINK-1776,7789.013,15035.542,7246.529,
Contact STARLINK-3601 - STARLINK-1776,22062.598,29305.577,7242.980,
Contact STARLINK-3601 - STARLINK-1776,36354.350,46414.595,10060.245,
Contact STARLINK-3601 - STARLINK-1776,53497.612,60659.261,7161.649,
Contact STARLINK-3601 - STARLINK-1776,67777.533,74922.824,7145.291,
Contact STARLINK-3601 - STARLINK-1776,82076.422,83462.875,1386.453,
Contact STARLINK-3601 - STARLINK-6199,6621.646,7678.144,1056.498,
Contact STARLINK-3601 - STARLINK-6199,20936.221,21995.089,1058.868,
Contact STARLINK-3601 - STARLINK-6199,32386.613,36316.395,3929.782,
Contact STARLINK-3601 - STARLINK-6199,46698.118,50629.691,3931.573,
Contact STARLINK-3601 - STARLINK-6199,61017.710,64947.279,3929.570,
Contact STARLINK-3601 - STARLINK-6199,75332.924,79256.865,3923.941,
Contact STARLINK-3601 - STARLINK-3506,0.000,86400.000,86400.000,
Contact STARLINK-3601 - STARLINK-11136 [DTC],0.000,208.798,208.798,
Contact STARLINK-3601 - STARLINK-11136 [DTC],10517.304,11378.723,861.418,
Contact STARLINK-3601 - STARLINK-5628,79150.082,79368.145,218.063,
Contact STARLINK-3601 - STARLINK-11072 [DTC],0.000,4188.355,4188.355,
Contact STARLINK-3601 - STARLINK-5176,0.000,86400.000,86400.000,
Contact STARLINK-3601 - STARLINK-2042,57533.942,58052.686,518.744,
Contact STARLINK-3601 - STARLINK-2042,71823.706,72360.385,536.679,
Contact STARLINK-3601 - STARLINK-2042,86092.250,86400.000,307.750,
Contact STARLINK-3601 - STARLINK-4522,10283.390,10888.054,604.664,
Contact STARLINK-3601 - STARLINK-4522,35991.649,36610.120,618.471,
Contact STARLINK-3601 - STARLINK-4522,50276.201,50897.502,621.301,
Contact STARLINK-3601 - STARLINK-4522,64558.012,65188.148,630.135,
Contact STARLINK-3601 - STARLINK-4522,78842.611,79475.430,632.819,
Contact STARLINK-3601 - MoonARTEMIS1,4869.133,20364.460,15495.327,
Contact STARLINK-3601 - MoonARTEMIS1,22168.824,31847.625,9678.801,
Contact STARLINK-3601 - MoonARTEMIS1,33669.553,49056.748,15387.195,
Contact STARLINK-3601 - MoonARTEMIS1,50902.631,60523.078,9620.447,
Contact STARLINK-3601 - MoonARTEMIS1,62383.368,71985.897,9602.529,
Contact STARLINK-3601 - MoonARTEMIS1,73859.351,77716.300,3856.949,
Contact STARLINK-3601 - MoonARTEMIS1,79595.869,86400.000,6804.131,
Contact STARLINK-3601 - MoonARTEMIS2,0.000,3079.364,3079.364,
Contact STARLINK-3601 - MoonARTEMIS2,4824.871,20307.360,15482.489,
Contact STARLINK-3601 - MoonARTEMIS2,22077.799,31800.786,9722.987,
Contact STARLINK-3601 - MoonARTEMIS2,34885.626,49040.463,14154.837,
Contact STARLINK-3601 - MoonARTEMIS2,50865.138,60512.805,9647.667,
Contact STARLINK-3601 - MoonARTEMIS2,62349.034,71982.295,9633.261,
Contact STARLINK-3601 - MoonARTEMIS2,73832.281,77716.229,3883.948,
Contact STARLINK-3601 - MoonARTEMIS2,79573.818,86400.000,6826.182,
Contact STARLINK-3601 - MoonIOAGEO,0.000,3099.308,3099.308,
Contact STARLINK-3601 - MoonIOAGEO,10638.054,20347.731,9709.678,
Contact STARLINK-3601 - MoonIOAGEO,22135.610,31800.304,9664.694,
Contact STARLINK-3601 - MoonIOAGEO,33593.605,47738.008,14144.403,
Contact STARLINK-3601 - MoonIOAGEO,51955.665,60516.388,8560.723,
Contact STARLINK-3601 - MoonIOAGEO,62367.285,71972.759,9605.475,
Contact STARLINK-3601 - MoonIOAGEO,73829.271,77696.784,3867.513,
Contact STARLINK-3601 - MoonIOAGEO,79559.997,86400.000,6840.003,
Contact STARLINK-3601 - MoonIOAGNO,0.000,3127.161,3127.161,
Contact STARLINK-3601 - MoonIOAGNO,4888.842,20331.059,15442.218,
Contact STARLINK-3601 - MoonIOAGNO,22092.508,31827.706,9735.197,
Contact STARLINK-3601 - MoonIOAGNO,33600.967,49037.726,15436.759,
Contact STARLINK-3601 - MoonIOAGNO,50864.323,60498.256,9633.933,
Contact STARLINK-3601 - MoonIOAGNO,62324.544,71986.808,9662.264,
Contact STARLINK-3601 - MoonIOAGNO,73824.594,77726.058,3901.464,
Contact STARLINK-3601 - MoonIOAGNO,79577.605,86400.000,6822.395,
Contact STARLINK-3601 - MoonIOAGNO 0001,0.000,3113.601,3113.601,
Contact STARLINK-3601 - MoonIOAGNO 0001,4851.528,20352.626,15501.099,
Contact STARLINK-3601 - MoonIOAGNO 0001,22124.069,31808.517,9684.449,
Contact STARLINK-3601 - MoonIOAGNO 0001,33607.375,49038.513,15431.138,
Contact STARLINK-3601 - MoonIOAGNO 0001,50836.837,60519.948,9683.111,
Contact STARLINK-3601 - MoonIOAGNO 0001,62347.010,71979.815,9632.805,
Contact STARLINK-3601 - MoonIOAGNO 0001,73844.167,77701.810,3857.643,
Contact STARLINK-3601 - MoonIOAGNO 0001,79567.323,86400.000,6832.677,
Contact STARLINK-3601 - MoonIOAGSO,0.000,3083.604,3083.604,
Contact STARLINK-3601 - MoonIOAGSO,4861.996,20312.518,15450.522,
Contact STARLINK-3601 - MoonIOAGSO,22116.155,31772.710,9656.555,
Contact STARLINK-3601 - MoonIOAGSO,33595.129,49012.334,15417.205,
Contact STARLINK-3601 - MoonIOAGSO,52615.938,60492.783,7876.845,
Contact STARLINK-3601 - MoonIOAGSO,62345.797,71940.146,9594.350,
Contact STARLINK-3601 - MoonIOAGSO,73818.050,77672.353,3854.303,
Contact STARLINK-3601 - MoonIOAGSO,79557.499,86400.000,6842.501,
Contact STARLINK-3601 - MoonIOAGSO 0001,0.000,3077.813,3077.813,
Contact STARLINK-3601 - MoonIOAGSO 0001,4870.314,20297.161,15426.847,
Contact STARLINK-3601 - MoonIOAGSO 0001,22098.847,29913.458,7814.611,
Contact STARLINK-3601 - MoonIOAGSO 0001,33619.124,48993.570,15374.446,
Contact STARLINK-3601 - MoonIOAGSO 0001,50838.162,60464.585,9626.423,
Contact STARLINK-3601 - MoonIOAGSO 0001,62321.234,71965.174,9643.941,
Contact STARLINK-3601 - MoonIOAGSO 0001,73831.360,77715.556,3884.196,
Contact STARLINK-3601 - MoonIOAGSO 0001,79588.780,86400.000,6811.220,
Contact STARLINK-3601 - MoonLRO,7084.854,14594.648,7509.793,
Contact STARLINK-3601 - MoonLRO,27863.643,31461.965,3598.322,
Contact STARLINK-3601 - MoonLRO,34401.185,37544.375,3143.190,
Contact STARLINK-3601 - MoonLRO,41234.702,43287.053,2052.351,
Contact STARLINK-3601 - MoonLRO,56598.659,58801.616,2202.957,
Contact STARLINK-3601 - MoonLRO,62344.669,65611.865,3267.196,
Contact STARLINK-3601 - MoonLRO,75381.370,77706.338,2324.968,
Contact STARLINK-3601 - MoonLRO,82195.872,83446.646,1250.774,
Contact STARLINK-3601 - MarsSat1,1300.722,16583.229,15282.507,
Contact STARLINK-3601 - MarsSat1,18467.726,28029.313,9561.588,
Contact STARLINK-3601 - MarsSat1,29912.517,39475.399,9562.882,
Contact STARLINK-3601 - MarsSat1,41357.443,45198.451,3841.007,
Contact STARLINK-3601 - MarsSat1,47079.960,56644.569,9564.610,
Contact STARLINK-3601 - MarsSat1,58525.087,68090.679,9565.593,
Contact STARLINK-3601 - MarsSat1,69970.307,73813.716,3843.409,
Contact STARLINK-3601 - MarsSat1,75692.939,85259.721,9566.783,
Contact STARLINK-3601 - MarsSat2,1300.792,16583.345,15282.553,
Contact STARLINK-3601 - MarsSat2,18467.921,28029.541,9561.620,
Contact STARLINK-3601 - MarsSat2,29912.775,39475.697,9562.921,
Contact STARLINK-3601 - MarsSat2,41357.712,45198.759,3841.046,
Contact STARLINK-3601 - MarsSat2,47080.211,56644.847,9564.636,
Contact STARLINK-3601 - MarsSat2,58525.269,68090.884,9565.615,
Contact STARLINK-3601 - MarsSat2,69970.405,73813.882,3843.477,
Contact STARLINK-3601 - MarsSat2,75693.002,85259.833,9566.831,
Contact STARLINK-3601 - MarsSat3,1300.748,16583.315,15282.568,
Contact STARLINK-3601 - MarsSat3,18467.847,28029.483,9561.637,
Contact STARLINK-3601 - MarsSat3,29912.655,39475.586,9562.931,
Contact STARLINK-3601 - MarsSat3,41357.535,45198.611,3841.076,
Contact STARLINK-3601 - MarsSat3,47080.006,56644.613,9564.608,
Contact STARLINK-3601 - MarsSat3,58525.028,68090.591,9565.563,
Contact STARLINK-3601 - MarsSat3,69970.209,73813.599,3843.390,
Contact STARLINK-3601 - MarsSat3,75692.862,85259.632,9566.770,
Contact STARLINK-3601 - MarsSat4,1300.698,16583.179,15282.481,
Contact STARLINK-3601 - MarsSat4,18467.705,28029.400,9561.695,
Contact STARLINK-3601 - MarsSat4,29912.639,39475.541,9562.902,
Contact STARLINK-3601 - MarsSat4,41357.521,45198.553,3841.032,
Contact STARLINK-3601 - MarsSat4,47079.989,56644.621,9564.633,
Contact STARLINK-3601 - MarsSat4,58525.138,68090.720,9565.582,
Contact STARLINK-3601 - MarsSat4,69970.281,73813.698,3843.418,
Contact STARLINK-3601 - MarsSat4,75692.850,85259.593,9566.743,
Contact STARLINK-3603 - STARLINK-31060,80389.660,86400.000,6010.340,
Contact STARLINK-3603 - STARLINK-30145,0.000,6976.897,6976.897,
Contact STARLINK-3603 - STARLINK-30145,11066.016,21240.954,10174.938,
Contact STARLINK-3603 - STARLINK-30145,28293.983,35530.688,7236.704,
Contact STARLINK-3603 - STARLINK-30145,42660.132,49791.532,7131.400,
Contact STARLINK-3603 - STARLINK-30145,57012.327,64077.969,7065.642,
Contact STARLINK-3603 - STARLINK-30145,71383.504,72626.350,1242.846,
Contact STARLINK-3603 - STARLINK-30145,85739.157,86400.000,660.843,
Contact STARLINK-3603 - STARLINK-30549,24835.995,25364.653,528.658,
Contact STARLINK-3603 - STARLINK-30549,38931.257,39642.080,710.823,
Contact STARLINK-3603 - STARLINK-30549,50230.561,51041.115,810.553,
Contact STARLINK-3603 - STARLINK-30549,64375.701,65268.942,893.241,
Contact STARLINK-3603 - STARLINK-30549,78549.284,79467.511,918.227,
Contact STARLINK-3603 - STARLINK-6241,3587.200,7291.773,3704.574,
Contact STARLINK-3603 - STARLINK-6241,17864.781,21657.141,3792.360,
Contact STARLINK-3603 - STARLINK-6241,32163.121,36031.972,3868.851,
Contact STARLINK-3603 - STARLINK-6241,46451.605,47522.769,1071.164,
Contact STARLINK-3603 - STARLINK-6241,60757.954,61876.165,1118.211,
Contact STARLINK-3603 - STARLINK-6241,75054.818,76238.680,1183.862,
Contact STARLINK-3603 - STARLINK-5565,7186.874,7717.833,530.959,
Contact STARLINK-3603 - STARLINK-1227,297.591,10668.165,10370.575,
Contact STARLINK-3603 - STARLINK-1227,14740.176,24919.762,10179.586,
Contact STARLINK-3603 - STARLINK-1227,29125.095,36290.229,7165.134,
Contact STARLINK-3603 - STARLINK-1227,46422.461,53340.377,6917.917,
Contact STARLINK-3603 - STARLINK-1227,60892.912,61804.245,911.333,
Contact STARLINK-3603 - STARLINK-1227,75288.817,76042.178,753.360,
Contact STARLINK-3603 - STARLINK-2556,64773.557,65038.028,264.470,
Contact STARLINK-3603 - STARLINK-2556,79088.652,79324.611,235.959,
Contact STARLINK-3603 - STARLINK-1073,0.000,86400.000,86400.000,
Contact STARLINK-3603 - STARLINK-32088,0.000,19111.744,19111.744,
Contact STARLINK-3603 - STARLINK-31979,10565.536,10887.353,321.817,
Contact STARLINK-3603 - STARLINK-31979,24614.589,25231.353,616.764,
Contact STARLINK-3603 - STARLINK-31979,35902.067,36657.560,755.494,
Contact STARLINK-3603 - STARLINK-31979,50042.340,50908.661,866.321,
Contact STARLINK-3603 - STARLINK-31979,64200.534,65142.363,941.829,
Contact STARLINK-3603 - STARLINK-31979,75545.929,79346.098,3800.169,
Contact STARLINK-3603 - STARLINK-31939,6667.040,7387.388,720.348,
Contact STARLINK-3603 - STARLINK-3832,0.000,6565.472,6565.472,
Contact STARLINK-3603 - STARLINK-3832,13767.272,20859.822,7092.550,
Contact STARLINK-3603 - STARLINK-3832,28056.453,29457.233,1400.780,
Contact STARLINK-3603 - STARLINK-3832,36646.757,43751.627,7104.870,
Contact STARLINK-3603 - STARLINK-3832,50936.094,58071.819,7135.725,
Contact STARLINK-3603 - STARLINK-3832,65246.213,72366.264,7120.051,
Contact STARLINK-3603 - STARLINK-3832,82405.939,86400.000,3994.061,
Contact STARLINK-3603 - STARLINK-1776,0.000,6503.586,6503.586,
Contact STARLINK-3603 - STARLINK-1776,13777.267,15040.021,1262.754,
Contact STARLINK-3603 - STARLINK-1776,28079.001,29294.378,1215.377,
Contact STARLINK-3603 - STARLINK-1776,36677.274,43521.329,6844.055,
Contact STARLINK-3603 - STARLINK-1776,53859.539,57768.160,3908.621,
Contact STARLINK-3603 - STARLINK-1776,68172.177,69152.151,979.974,
Contact STARLINK-3603 - STARLINK-1776,82514.769,83361.488,846.719,
Contact STARLINK-3603 - STARLINK-6199,6799.518,7780.542,981.023,
Contact STARLINK-3603 - STARLINK-6199,21114.548,22108.943,994.394,
Contact STARLINK-3603 - STARLINK-6199,35423.333,36443.243,1019.911,
Contact STARLINK-3603 - STARLINK-6199,49740.564,50769.380,1028.816,
Contact STARLINK-3603 - STARLINK-6199,61192.264,65101.262,3908.998,
Contact STARLINK-3603 - STARLINK-6199,75504.414,79425.140,3920.727,
Contact STARLINK-3603 - STARLINK-3506,0.000,86400.000,86400.000,
Contact STARLINK-3603 - STARLINK-11136 [DTC],0.000,328.553,328.553,
Contact STARLINK-3603 - STARLINK-11136 [DTC],10735.808,11430.652,694.844,
Contact STARLINK-3603 - STARLINK-11092 [DTC],78918.093,79243.497,325.404,
Contact STARLINK-3603 - STARLINK-11072 [DTC],3164.382,4020.062,855.680,
Contact STARLINK-3603 - STARLINK-5176,0.000,86400.000,86400.000,
Contact STARLINK-3603 - STARLINK-4522,10338.240,11112.695,774.456,
Contact STARLINK-3603 - STARLINK-4522,24623.371,25411.791,788.420,
Contact STARLINK-3603 - STARLINK-4522,38912.219,39706.653,794.434,
Contact STARLINK-3603 - STARLINK-4522,50341.992,54005.390,3663.398,
Contact STARLINK-3603 - STARLINK-4522,64627.548,65442.629,815.082,
Contact STARLINK-3603 - STARLINK-4522,78916.864,79736.986,820.122,
Contact STARLINK-3603 - MoonARTEMIS1,5106.545,9126.200,4019.655,
Contact STARLINK-3603 - MoonARTEMIS1,10891.255,20638.931,9747.676,
Contact STARLINK-3603 - MoonARTEMIS1,22421.870,32132.660,9710.790,
Contact STARLINK-3603 - MoonARTEMIS1,33933.214,37875.847,3942.633,
Contact STARLINK-3603 - MoonARTEMIS1,39684.805,49357.243,9672.437,
Contact STARLINK-3603 - MoonARTEMIS1,51182.148,60833.695,9651.547,
Contact STARLINK-3603 - MoonARTEMIS1,62673.369,66570.501,3897.132,
Contact STARLINK-3603 - MoonARTEMIS1,68417.103,78041.924,9624.820,
Contact STARLINK-3603 - MoonARTEMIS1,79901.445,86400.000,6498.555,
Contact STARLINK-3603 - MoonARTEMIS2,0.000,3335.271,3335.271,
Contact STARLINK-3603 - MoonARTEMIS2,5059.697,9083.220,4023.522,
Contact STARLINK-3603 - MoonARTEMIS2,10813.779,20579.986,9766.207,
Contact STARLINK-3603 - MoonARTEMIS2,22328.687,32085.382,9756.695,
Contact STARLINK-3603 - MoonARTEMIS2,34890.677,37850.025,2959.348,
Contact STARLINK-3603 - MoonARTEMIS2,39644.268,49340.736,9696.468,
Contact STARLINK-3603 - MoonARTEMIS2,51143.195,60823.438,9680.242,
Contact STARLINK-3603 - MoonARTEMIS2,62637.556,78042.222,15404.665,
Contact STARLINK-3603 - MoonARTEMIS2,79878.316,86400.000,6521.684,
Contact STARLINK-3603 - MoonIOAGEO,0.000,3356.747,3356.747,
Contact STARLINK-3603 - MoonIOAGEO,10880.174,20621.090,9740.915,
Contact STARLINK-3603 - MoonIOAGEO,22386.883,32083.374,9696.491,
Contact STARLINK-3603 - MoonIOAGEO,33854.772,37820.034,3965.261,
Contact STARLINK-3603 - MoonIOAGEO,39601.254,47766.803,8165.549,
Contact STARLINK-3603 - MoonIOAGEO,51984.573,60827.163,8842.591,
Contact STARLINK-3603 - MoonIOAGEO,62656.722,78021.857,15365.135,
Contact STARLINK-3603 - MoonIOAGEO,79864.448,86400.000,6535.552,
Contact STARLINK-3603 - MoonIOAGNO,0.000,3384.251,3384.251,
Contact STARLINK-3603 - MoonIOAGNO,5125.143,9115.307,3990.164,
Contact STARLINK-3603 - MoonIOAGNO,10867.812,20604.697,9736.885,
Contact STARLINK-3603 - MoonIOAGNO,22342.727,32112.394,9769.668,
Contact STARLINK-3603 - MoonIOAGNO,33862.188,37860.167,3997.979,
Contact STARLINK-3603 - MoonIOAGNO,39625.286,49337.239,9711.953,
Contact STARLINK-3603 - MoonIOAGNO,51142.671,60809.143,9666.473,
Contact STARLINK-3603 - MoonIOAGNO,62612.436,78052.541,15440.105,
Contact STARLINK-3603 - MoonIOAGNO,79882.617,86400.000,6517.383,
Contact STARLINK-3603 - MoonIOAGNO 0001,0.000,3370.902,3370.902,
Contact STARLINK-3603 - MoonIOAGNO 0001,5086.261,9127.216,4040.955,
Contact STARLINK-3603 - MoonIOAGNO 0001,10847.452,20626.321,9778.869,
Contact STARLINK-3603 - MoonIOAGNO 0001,22375.559,32091.273,9715.714,
Contact STARLINK-3603 - MoonIOAGNO 0001,33868.040,37833.431,3965.391,
Contact STARLINK-3603 - MoonIOAGNO 0001,39603.337,49339.163,9735.826,
Contact STARLINK-3603 - MoonIOAGNO 0001,51114.021,60830.849,9716.828,
Contact STARLINK-3603 - MoonIOAGNO 0001,62635.909,78027.633,15391.724,
Contact STARLINK-3603 - MoonIOAGNO 0001,79871.602,86400.000,6528.398,
Contact STARLINK-3603 - MoonIOAGSO,0.000,3340.783,3340.783,
Contact STARLINK-3603 - MoonIOAGSO,5098.514,7927.909,2829.396,
Contact STARLINK-3603 - MoonIOAGSO,10866.864,20584.588,9717.724,
Contact STARLINK-3603 - MoonIOAGSO,22368.357,32055.639,9687.282,
Contact STARLINK-3603 - MoonIOAGSO,33857.873,37800.256,3942.383,
Contact STARLINK-3603 - MoonIOAGSO,39605.898,49313.181,9707.283,
Contact STARLINK-3603 - MoonIOAGSO,52607.484,60801.883,8194.399,
Contact STARLINK-3603 - MoonIOAGSO,62634.989,77997.238,15362.249,
Contact STARLINK-3603 - MoonIOAGSO,79862.969,86400.000,6537.031,
Contact STARLINK-3603 - MoonIOAGSO 0001,0.000,3333.691,3333.691,
Contact STARLINK-3603 - MoonIOAGSO 0001,5107.365,9072.905,3965.540,
Contact STARLINK-3603 - MoonIOAGSO 0001,10852.823,20570.055,9717.232,
Contact STARLINK-3603 - MoonIOAGSO 0001,22350.920,29939.274,7588.354,
Contact STARLINK-3603 - MoonIOAGSO 0001,33881.759,37834.438,3952.679,
Contact STARLINK-3603 - MoonIOAGSO 0001,39630.899,49292.247,9661.347,
Contact STARLINK-3603 - MoonIOAGSO 0001,51116.784,60774.312,9657.528,
Contact STARLINK-3603 - MoonIOAGSO 0001,62610.499,78040.610,15430.111,
Contact STARLINK-3603 - MoonIOAGSO 0001,79894.219,86400.000,6505.781,
Contact STARLINK-3603 - MoonLRO,7087.259,9110.082,2022.823,
Contact STARLINK-3603 - MoonLRO,13901.658,14861.796,960.137,
Contact STARLINK-3603 - MoonLRO,28120.250,31466.645,3346.395,
Contact STARLINK-3603 - MoonLRO,34396.476,37833.195,3436.719,
Contact STARLINK-3603 - MoonLRO,41236.183,43580.210,2344.027,
Contact STARLINK-3603 - MoonLRO,56882.315,58805.674,1923.359,
Contact STARLINK-3603 - MoonLRO,62633.704,65617.498,2983.794,
Contact STARLINK-3603 - MoonLRO,68538.623,78030.599,9491.976,
Contact STARLINK-3603 - MoonLRO,82201.922,83776.181,1574.258,
Contact STARLINK-3603 - MarsSat1,1543.801,5384.241,3840.441,
Contact STARLINK-3603 - MarsSat1,7270.698,16839.791,9569.093,
Contact STARLINK-3603 - MarsSat1,18724.557,28295.318,9570.760,
Contact STARLINK-3603 - MarsSat1,30178.531,45478.647,15300.115,
Contact STARLINK-3603 - MarsSat1,47359.768,56934.245,9574.477,
Contact STARLINK-3603 - MarsSat1,58814.102,68389.848,9575.745,
Contact STARLINK-3603 - MarsSat1,70268.540,74117.635,3849.095,
Contact STARLINK-3603 - MarsSat1,75995.784,85573.152,9577.368,
Contact STARLINK-3603 - MarsSat2,1543.875,5384.256,3840.381,
Contact STARLINK-3603 - MarsSat2,7270.812,16839.913,9569.102,
Contact STARLINK-3603 - MarsSat2,18724.754,28295.550,9570.796,
Contact STARLINK-3603 - MarsSat2,30178.788,45478.956,15300.168,
Contact STARLINK-3603 - MarsSat2,47360.013,56934.521,9574.507,
Contact STARLINK-3603 - MarsSat2,58814.278,68390.049,9575.771,
Contact STARLINK-3603 - MarsSat2,70268.631,74117.798,3849.166,
Contact STARLINK-3603 - MarsSat2,75995.841,85573.260,9577.419,
Contact STARLINK-3603 - MarsSat3,1543.830,5384.229,3840.398,
Contact STARLINK-3603 - MarsSat3,7270.764,16839.882,9569.118,
Contact STARLINK-3603 - MarsSat3,18724.678,28295.489,9570.811,
Contact STARLINK-3603 - MarsSat3,30178.666,45478.803,15300.137,
Contact STARLINK-3603 - MarsSat3,47359.807,56934.282,9574.476,
Contact STARLINK-3603 - MarsSat3,58814.040,68389.756,9575.717,
Contact STARLINK-3603 - MarsSat3,70268.444,74117.518,3849.074,
Contact STARLINK-3603 - MarsSat3,75995.712,85573.066,9577.354,
Contact STARLINK-3603 - MarsSat4,1543.777,5384.212,3840.435,
Contact STARLINK-3603 - MarsSat4,7270.662,16839.742,9569.080,
Contact STARLINK-3603 - MarsSat4,18724.540,28295.409,9570.869,
Contact STARLINK-3603 - MarsSat4,30178.653,45478.745,15300.092,
Contact STARLINK-3603 - MarsSat4,47359.793,56934.299,9574.506,
Contact STARLINK-3603 - MarsSat4,58814.153,68389.885,9575.732,
Contact STARLINK-3603 - MarsSat4,70268.509,74117.612,3849.103,
Contact STARLINK-3603 - MarsSat4,75995.692,85573.024,9577.332,
Contact STARLINK-3969 - STARLINK-4201,10193.289,11326.310,1133.021,
Contact STARLINK-3969 - STARLINK-4201,24499.369,25618.459,1119.091,
Contact STARLINK-3969 - STARLINK-4201,33073.465,39923.001,6849.536,
Contact STARLINK-3969 - STARLINK-4201,50233.606,54215.122,3981.516,
Contact STARLINK-3969 - STARLINK-4201,64539.700,68519.626,3979.926,
Contact STARLINK-3969 - STARLINK-4201,78833.860,85677.570,6843.710,
Contact STARLINK-3969 - STARLINK-31060,21272.728,21778.368,505.640,
Contact STARLINK-3969 - STARLINK-31060,32387.919,33130.617,742.698,
Contact STARLINK-3969 - STARLINK-31060,46384.117,47217.028,832.911,
Contact STARLINK-3969 - STARLINK-31060,60482.087,61200.621,718.535,
Contact STARLINK-3969 - STARLINK-31060,71850.053,72299.730,449.677,
Contact STARLINK-3969 - STARLINK-5972,39557.250,40153.415,596.165,
Contact STARLINK-3969 - STARLINK-5972,53820.621,54593.846,773.225,
Contact STARLINK-3969 - STARLINK-5972,68077.523,69036.883,959.360,
Contact STARLINK-3969 - STARLINK-5972,82370.489,83448.607,1078.118,
Contact STARLINK-3969 - STARLINK-32210,10307.715,11048.780,741.065,
Contact STARLINK-3969 - STARLINK-32210,24500.792,25320.685,819.893,
Contact STARLINK-3969 - STARLINK-32210,35859.192,36734.103,874.912,
Contact STARLINK-3969 - STARLINK-32210,50062.040,50995.909,933.869,
Contact STARLINK-3969 - STARLINK-32210,64281.333,65241.440,960.107,
Contact STARLINK-3969 - STARLINK-32210,78502.191,79485.290,983.100,
Contact STARLINK-3969 - STARLINK-1463,0.000,603.457,603.457,
Contact STARLINK-3969 - STARLINK-1463,7903.207,15039.647,7136.440,
Contact STARLINK-3969 - STARLINK-1463,22194.272,29467.389,7273.117,
Contact STARLINK-3969 - STARLINK-1463,36526.458,43850.505,7324.047,
Contact STARLINK-3969 - STARLINK-1463,50871.493,58222.978,7351.485,
Contact STARLINK-3969 - STARLINK-1463,65259.194,72549.984,7290.790,
Contact STARLINK-3969 - STARLINK-1463,79659.845,86400.000,6740.155,
Contact STARLINK-3969 - STARLINK-30486,3420.084,4019.947,599.863,
Contact STARLINK-3969 - STARLINK-30486,17715.016,18376.859,661.843,
Contact STARLINK-3969 - STARLINK-30486,32014.425,32729.994,715.569,
Contact STARLINK-3969 - STARLINK-30486,46316.195,47080.064,763.869,
Contact STARLINK-3969 - STARLINK-30486,60621.119,61427.618,806.499,
Contact STARLINK-3969 - STARLINK-30486,74928.029,75772.549,844.520,
Contact STARLINK-3969 - STARLINK-30486,86375.300,86400.000,24.700,
Contact STARLINK-3969 - STARLINK-31530,72642.985,86400.000,13757.015,
Contact STARLINK-3969 - STARLINK-5093,39598.488,40059.061,460.574,
Contact STARLINK-3969 - STARLINK-5093,53837.766,54534.006,696.240,
Contact STARLINK-3969 - STARLINK-5093,68083.164,68995.194,912.030,
Contact STARLINK-3969 - STARLINK-5093,82371.063,83422.705,1051.642,
Contact STARLINK-3969 - STARLINK-5591,0.000,3407.217,3407.217,
Contact STARLINK-3969 - STARLINK-5591,7378.704,17815.725,10437.021,
Contact STARLINK-3969 - STARLINK-5591,21698.225,32175.089,10476.865,
Contact STARLINK-3969 - STARLINK-5591,36069.423,46520.923,10451.500,
Contact STARLINK-3969 - STARLINK-5591,50452.091,60817.619,10365.528,
Contact STARLINK-3969 - STARLINK-5591,67763.145,75106.451,7343.306,
Contact STARLINK-3969 - STARLINK-5591,82231.367,86400.000,4168.633,
Contact STARLINK-3969 - STARLINK-5829,0.000,676.368,676.368,
Contact STARLINK-3969 - STARLINK-5829,13724.839,15057.036,1332.197,
Contact STARLINK-3969 - STARLINK-5829,22312.537,29440.285,7127.748,
Contact STARLINK-3969 - STARLINK-5829,36655.187,43804.139,7148.952,
Contact STARLINK-3969 - STARLINK-5829,50990.252,58168.613,7178.361,
Contact STARLINK-3969 - STARLINK-5829,65352.870,72512.574,7159.704,
Contact STARLINK-3969 - STARLINK-5829,79708.994,86400.000,6691.006,
Contact STARLINK-3969 - STARLINK-3325,0.000,86400.000,86400.000,
Contact STARLINK-3969 - STARLINK-5850,7168.111,10994.295,3826.184,
Contact STARLINK-3969 - STARLINK-5850,21518.239,25295.113,3776.874,
Contact STARLINK-3969 - STARLINK-5850,35880.290,39600.454,3720.164,
Contact STARLINK-3969 - STARLINK-5850,50237.813,51038.432,800.619,
Contact STARLINK-3969 - STARLINK-5850,64609.430,65326.674,717.244,
Contact STARLINK-3969 - STARLINK-5850,78977.102,79618.655,641.553,
Contact STARLINK-3969 - STARLINK-2424,2898.013,3964.079,1066.066,
Contact STARLINK-3969 - STARLINK-2424,14329.180,18260.910,3931.730,
Contact STARLINK-3969 - STARLINK-2424,28613.334,32547.390,3934.056,
Contact STARLINK-3969 - STARLINK-2424,42907.407,46843.902,3936.494,
Contact STARLINK-3969 - STARLINK-2424,57191.797,58276.931,1085.134,
Contact STARLINK-3969 - STARLINK-2424,71486.084,72563.019,1076.936,
Contact STARLINK-3969 - STARLINK-2424,85770.709,86400.000,629.291,
Contact STARLINK-3969 - STARLINK-5453,4208.236,11199.924,6991.688,
Contact STARLINK-3969 - STARLINK-5453,21365.230,25489.969,4124.739,
Contact STARLINK-3969 - STARLINK-5453,35670.652,42649.064,6978.412,
Contact STARLINK-3969 - STARLINK-5453,49960.213,56957.449,6997.236,
Contact STARLINK-3969 - STARLINK-5453,64265.590,65527.837,1262.248,
Contact STARLINK-3969 - STARLINK-5453,78555.187,79836.175,1280.989,
Contact STARLINK-3969 - STARLINK-31082,0.000,2895.132,2895.132,
Contact STARLINK-3969 - STARLINK-31082,3900.708,14366.458,10465.750,
Contact STARLINK-3969 - STARLINK-31082,18207.869,28712.979,10505.110,
Contact STARLINK-3969 - STARLINK-31082,32509.389,43030.034,10520.645,
Contact STARLINK-3969 - STARLINK-31082,46826.756,57365.370,10538.614,
Contact STARLINK-3969 - STARLINK-31082,58280.475,71671.617,13391.142,
Contact STARLINK-3969 - STARLINK-31082,72597.588,85995.683,13398.095,
Contact STARLINK-3969 - STARLINK-4569,7120.926,7837.036,716.110,
Contact STARLINK-3969 - STARLINK-4569,21462.636,22181.376,718.740,
Contact STARLINK-3969 - STARLINK-4569,35809.355,36520.234,710.879,
Contact STARLINK-3969 - STARLINK-4569,50150.757,50864.844,714.087,
Contact STARLINK-3969 - STARLINK-4569,64498.080,65203.089,705.009,
Contact STARLINK-3969 - STARLINK-4569,78839.250,79547.895,708.645,
Contact STARLINK-3969 - STARLINK-5737,0.000,663.437,663.437,
Contact STARLINK-3969 - STARLINK-5737,14212.615,15015.107,802.493,
Contact STARLINK-3969 - STARLINK-5737,28501.340,29374.464,873.124,
Contact STARLINK-3969 - STARLINK-5737,42804.453,43719.737,915.284,
Contact STARLINK-3969 - STARLINK-5737,57099.790,58072.458,972.668,
Contact STARLINK-3969 - STARLINK-5737,71408.073,72412.495,1004.422,
Contact STARLINK-3969 - STARLINK-5737,85708.926,86400.000,691.074,
Contact STARLINK-3969 - STARLINK-11136 [DTC],86245.055,86400.000,154.945,
Contact STARLINK-3969 - STARLINK-5231,6674.458,7595.281,920.824,
Contact STARLINK-3969 - STARLINK-5231,20971.238,21896.332,925.094,
Contact STARLINK-3969 - STARLINK-5231,35271.724,36193.521,921.797,
Contact STARLINK-3969 - STARLINK-5231,46710.628,50494.553,3783.925,
Contact STARLINK-3969 - STARLINK-5231,61007.400,61933.832,926.432,
Contact STARLINK-3969 - STARLINK-5231,75307.880,76230.998,923.118,
Contact STARLINK-3969 - STARLINK-11092 [DTC],10742.914,40049.236,29306.322,
Contact STARLINK-3969 - STARLINK-11072 [DTC],39174.458,39960.728,786.270,
Contact STARLINK-3969 - STARLINK-11072 [DTC],50199.773,56920.494,6720.722,
Contact STARLINK-3969 - STARLINK-11072 [DTC],64308.871,65201.259,892.388,
Contact STARLINK-3969 - STARLINK-5503,3235.882,4285.898,1050.016,
Contact STARLINK-3969 - STARLINK-5503,17587.298,18615.588,1028.290,
Contact STARLINK-3969 - STARLINK-5503,31950.015,32933.847,983.832,
Contact STARLINK-3969 - STARLINK-5503,46311.817,47253.284,941.467,
Contact STARLINK-3969 - STARLINK-5503,60685.692,61560.408,874.716,
Contact STARLINK-3969 - STARLINK-5503,75059.347,75868.133,808.786,
Contact STARLINK-3969 - MoonARTEMIS1,1673.129,5374.566,3701.436,
Contact STARLINK-3969 - MoonARTEMIS1,7416.453,16832.970,9416.518,
Contact STARLINK-3969 - MoonARTEMIS1,18901.380,28285.251,9383.870,
Contact STARLINK-3969 - MoonARTEMIS1,30371.126,34010.329,3639.203,
Contact STARLINK-3969 - MoonARTEMIS1,36103.287,45459.068,9355.782,
Contact STARLINK-3969 - MoonARTEMIS1,47563.972,56906.309,9342.337,
Contact STARLINK-3969 - MoonARTEMIS1,59020.967,68352.245,9331.278,
Contact STARLINK-3969 - MoonARTEMIS1,70475.046,74074.725,3599.679,
Contact STARLINK-3969 - MoonARTEMIS1,76201.122,85518.584,9317.462,
Contact STARLINK-3969 - MoonARTEMIS2,1644.567,5354.969,3710.402,
Contact STARLINK-3969 - MoonARTEMIS2,7380.234,16806.582,9426.348,
Contact STARLINK-3969 - MoonARTEMIS2,18853.266,28263.051,9409.784,
Contact STARLINK-3969 - MoonARTEMIS2,30333.303,32997.401,2664.098,
Contact STARLINK-3969 - MoonARTEMIS2,36081.939,45441.951,9360.012,
Contact STARLINK-3969 - MoonARTEMIS2,47541.188,56883.900,9342.712,
Contact STARLINK-3969 - MoonARTEMIS2,58995.457,68327.408,9331.951,
Contact STARLINK-3969 - MoonARTEMIS2,70449.515,74049.744,3600.229,
Contact STARLINK-3969 - MoonARTEMIS2,76176.604,85495.564,9318.961,
Contact STARLINK-3969 - MoonIOAGEO,1670.455,3699.912,2029.457,
Contact STARLINK-3969 - MoonIOAGEO,7903.971,16827.159,8923.188,
Contact STARLINK-3969 - MoonIOAGEO,18888.897,28270.020,9381.123,
Contact STARLINK-3969 - MoonIOAGEO,30339.862,33991.543,3651.680,
Contact STARLINK-3969 - MoonIOAGEO,36066.231,45441.561,9375.330,
Contact STARLINK-3969 - MoonIOAGEO,53273.665,56895.051,3621.386,
Contact STARLINK-3969 - MoonIOAGEO,59008.164,68340.664,9332.500,
Contact STARLINK-3969 - MoonIOAGEO,70460.988,74061.569,3600.581,
Contact STARLINK-3969 - MoonIOAGEO,76184.098,85509.064,9324.966,
Contact STARLINK-3969 - MoonIOAGNO,1675.065,5374.836,3699.771,
Contact STARLINK-3969 - MoonIOAGNO,7419.035,16810.887,9391.852,
Contact STARLINK-3969 - MoonIOAGNO,18858.898,28247.552,9388.655,
Contact STARLINK-3969 - MoonIOAGNO,30321.573,33973.602,3652.029,
Contact STARLINK-3969 - MoonIOAGNO,36058.473,45436.253,9377.780,
Contact STARLINK-3969 - MoonIOAGNO,47538.900,56887.822,9348.922,
Contact STARLINK-3969 - MoonIOAGNO,58987.938,68317.848,9329.910,
Contact STARLINK-3969 - MoonIOAGNO,70436.888,74041.985,3605.097,
Contact STARLINK-3969 - MoonIOAGNO,76168.651,85501.123,9332.471,
Contact STARLINK-3969 - MoonIOAGNO 0001,1653.244,5351.343,3698.099,
Contact STARLINK-3969 - MoonIOAGNO 0001,7388.491,16805.296,9416.805,
Contact STARLINK-3969 - MoonIOAGNO 0001,18867.814,28273.094,9405.279,
Contact STARLINK-3969 - MoonIOAGNO 0001,30351.569,33996.227,3644.658,
Contact STARLINK-3969 - MoonIOAGNO 0001,36066.848,45421.467,9354.619,
Contact STARLINK-3969 - MoonIOAGNO 0001,47515.283,56871.398,9356.115,
Contact STARLINK-3969 - MoonIOAGNO 0001,58983.592,68335.448,9351.855,
Contact STARLINK-3969 - MoonIOAGNO 0001,70461.725,74069.932,3608.207,
Contact STARLINK-3969 - MoonIOAGNO 0001,76192.819,85494.473,9301.654,
Contact STARLINK-3969 - MoonIOAGSO,1675.713,5378.077,3702.364,
Contact STARLINK-3969 - MoonIOAGSO,9371.023,16832.965,7461.943,
Contact STARLINK-3969 - MoonIOAGSO,18889.051,28291.235,9402.184,
Contact STARLINK-3969 - MoonIOAGSO,30354.451,34013.849,3659.398,
Contact STARLINK-3969 - MoonIOAGSO,36083.295,45449.753,9366.459,
Contact STARLINK-3969 - MoonIOAGSO,47536.302,56893.373,9357.072,
Contact STARLINK-3969 - MoonIOAGSO,59007.681,68357.059,9349.378,
Contact STARLINK-3969 - MoonIOAGSO,70473.190,74081.746,3608.555,
Contact STARLINK-3969 - MoonIOAGSO,76200.708,85522.117,9321.408,
Contact STARLINK-3969 - MoonIOAGSO 0001,1688.150,5397.001,3708.851,
Contact STARLINK-3969 - MoonIOAGSO 0001,7421.382,16840.102,9418.720,
Contact STARLINK-3969 - MoonIOAGSO 0001,18881.628,28270.562,9388.934,
Contact STARLINK-3969 - MoonIOAGSO 0001,30801.901,33993.599,3191.699,
Contact STARLINK-3969 - MoonIOAGSO 0001,36081.532,45460.628,9379.096,
Contact STARLINK-3969 - MoonIOAGSO 0001,47551.316,56908.151,9356.835,
Contact STARLINK-3969 - MoonIOAGSO 0001,59007.485,68343.661,9336.176,
Contact STARLINK-3969 - MoonIOAGSO 0001,70456.768,73920.717,3463.949,
Contact STARLINK-3969 - MoonIOAGSO 0001,76187.417,85526.533,9339.116,
Contact STARLINK-3969 - MoonLRO,1675.183,4164.367,2489.184,
Contact STARLINK-3969 - MoonLRO,7407.637,16827.398,9419.760,
Contact STARLINK-3969 - MoonLRO,20725.194,22546.572,1821.379,
Contact STARLINK-3969 - MoonLRO,41803.621,45150.923,3347.302,
Contact STARLINK-3969 - MoonLRO,48028.181,51171.334,3143.153,
Contact STARLINK-3969 - MoonLRO,64733.325,65601.902,868.577,
Contact STARLINK-3969 - MoonLRO,70459.963,72451.277,1991.314,
Contact STARLINK-3969 - MoonLRO,76185.975,85516.821,9330.846,
Contact STARLINK-3969 - MarsSat1,0.000,2595.741,2595.741,
Contact STARLINK-3969 - MarsSat1,3630.587,14039.516,10408.929,
Contact STARLINK-3969 - MarsSat1,15102.428,42648.445,27546.017,
Contact STARLINK-3969 - MarsSat1,43779.337,71256.494,27477.158,
Contact STARLINK-3969 - MarsSat1,72452.943,82699.434,10246.491,
Contact STARLINK-3969 - MarsSat1,83921.234,86400.000,2478.766,
Contact STARLINK-3969 - MarsSat2,0.000,2596.075,2596.075,
Contact STARLINK-3969 - MarsSat2,3630.499,14039.854,10409.355,
Contact STARLINK-3969 - MarsSat2,15102.606,42648.507,27545.901,
Contact STARLINK-3969 - MarsSat2,43780.031,71256.301,27476.270,
Contact STARLINK-3969 - MarsSat2,72453.311,82699.234,10245.923,
Contact STARLINK-3969 - MarsSat2,83921.460,86400.000,2478.540,
Contact STARLINK-3969 - MarsSat3,0.000,2595.991,2595.991,
Contact STARLINK-3969 - MarsSat3,3630.451,14039.707,10409.257,
Contact STARLINK-3969 - MarsSat3,15102.568,42648.242,27545.674,
Contact STARLINK-3969 - MarsSat3,43779.740,71256.479,27476.739,
Contact STARLINK-3969 - MarsSat3,72452.701,82699.593,10246.892,
Contact STARLINK-3969 - MarsSat3,83921.044,86400.000,2478.956,
Contact STARLINK-3969 - MarsSat4,0.000,2595.735,2595.735,
Contact STARLINK-3969 - MarsSat4,3630.517,14039.486,10408.968,
Contact STARLINK-3969 - MarsSat4,15102.315,42648.329,27546.013,
Contact STARLINK-3969 - MarsSat4,43779.610,71256.339,27476.729,
Contact STARLINK-3969 - MarsSat4,72452.935,82699.368,10246.433,
Contact STARLINK-3969 - MarsSat4,83920.966,86400.000,2479.034,
Contact STARLINK-4201 - STARLINK-31060,6398.173,7672.799,1274.626,
Contact STARLINK-4201 - STARLINK-31060,17681.922,21605.900,3923.978,
Contact STARLINK-4201 - STARLINK-5972,3210.996,4271.191,1060.195,
Contact STARLINK-4201 - STARLINK-5972,17504.372,18679.731,1175.359,
Contact STARLINK-4201 - STARLINK-5972,31805.627,33092.181,1286.554,
Contact STARLINK-4201 - STARLINK-5972,46123.207,47475.101,1351.894,
Contact STARLINK-4201 - STARLINK-5972,54715.604,61864.105,7148.501,
Contact STARLINK-4201 - STARLINK-5972,69049.505,76225.778,7176.273,
Contact STARLINK-4201 - STARLINK-5972,83389.452,86400.000,3010.548,
Contact STARLINK-4201 - STARLINK-32210,0.000,86400.000,86400.000,
Contact STARLINK-4201 - STARLINK-1463,53944.914,54254.536,309.623,
Contact STARLINK-4201 - STARLINK-1463,68225.523,68707.413,481.891,
Contact STARLINK-4201 - STARLINK-1463,82534.484,83132.825,598.341,
Contact STARLINK-4201 - STARLINK-31530,53902.482,54683.777,781.295,
Contact STARLINK-4201 - STARLINK-31530,67905.375,68989.192,1083.818,
Contact STARLINK-4201 - STARLINK-31530,76358.756,83193.851,6835.095,
Contact STARLINK-4201 - STARLINK-5093,3235.011,4172.141,937.130,
Contact STARLINK-4201 - STARLINK-5093,17516.400,18601.201,1084.802,
Contact STARLINK-4201 - STARLINK-5093,31803.632,33036.808,1233.176,
Contact STARLINK-4201 - STARLINK-5093,46117.358,47432.292,1314.933,
Contact STARLINK-4201 - STARLINK-5093,54703.860,61837.311,7133.451,
Contact STARLINK-4201 - STARLINK-5093,69037.769,76207.007,7169.238,
Contact STARLINK-4201 - STARLINK-5093,83374.259,86400.000,3025.741,
Contact STARLINK-4201 - STARLINK-5591,0.000,71453.618,71453.618,
Contact STARLINK-4201 - STARLINK-5591,72260.494,79962.387,7701.892,
Contact STARLINK-4201 - STARLINK-32088,74997.495,86400.000,11402.505,
Contact STARLINK-4201 - STARLINK-5829,450.825,7737.057,7286.232,
Contact STARLINK-4201 - STARLINK-5829,14836.051,22068.827,7232.775,
Contact STARLINK-4201 - STARLINK-5829,29235.684,36371.438,7135.754,
Contact STARLINK-4201 - STARLINK-5829,46524.012,50684.886,4160.874,
Contact STARLINK-4201 - STARLINK-5829,60936.135,64969.913,4033.778,
Contact STARLINK-4201 - STARLINK-5829,75366.122,79265.273,3899.151,
Contact STARLINK-4201 - STARLINK-3325,0.000,127.938,127.938,
Contact STARLINK-4201 - STARLINK-3325,10735.291,14427.544,3692.253,
Contact STARLINK-4201 - STARLINK-3325,25039.858,25869.471,829.613,
Contact STARLINK-4201 - STARLINK-3325,39338.398,40174.659,836.261,
Contact STARLINK-4201 - STARLINK-3325,53642.944,54474.273,831.330,
Contact STARLINK-4201 - STARLINK-3325,67941.496,68779.435,837.939,
Contact STARLINK-4201 - STARLINK-3325,82246.021,83079.056,833.035,
Contact STARLINK-4201 - STARLINK-5850,0.000,86400.000,86400.000,
Contact STARLINK-4201 - STARLINK-31939,82084.364,83009.987,925.623,
Contact STARLINK-4201 - STARLINK-5453,0.000,86400.000,86400.000,
Contact STARLINK-4201 - STARLINK-31082,0.000,86400.000,86400.000,
Contact STARLINK-4201 - STARLINK-4569,6969.116,10836.475,3867.359,
Contact STARLINK-4201 - STARLINK-4569,21277.083,25208.410,3931.327,
Contact STARLINK-4201 - STARLINK-4569,35605.477,36708.804,1103.327,
Contact STARLINK-4201 - STARLINK-4569,49921.594,51087.124,1165.530,
Contact STARLINK-4201 - STARLINK-4569,64257.967,65448.775,1190.808,
Contact STARLINK-4201 - STARLINK-4569,78582.685,79818.532,1235.846,
Contact STARLINK-4201 - STARLINK-4328,6561.637,7372.857,811.220,
Contact STARLINK-4201 - STARLINK-4328,20898.220,21725.073,826.853,
Contact STARLINK-4201 - STARLINK-4328,32371.074,36068.524,3697.450,
Contact STARLINK-4201 - STARLINK-4328,46716.958,50419.872,3702.914,
Contact STARLINK-4201 - STARLINK-4328,61054.936,61897.095,842.159,
Contact STARLINK-4201 - STARLINK-4328,75402.396,76238.447,836.051,
Contact STARLINK-4201 - STARLINK-11136 [DTC],57540.746,58156.836,616.090,
Contact STARLINK-4201 - STARLINK-11136 [DTC],71463.586,72273.629,810.043,
Contact STARLINK-4201 - STARLINK-11136 [DTC],82689.225,83479.311,790.086,
Contact STARLINK-4201 - STARLINK-31325,67949.983,75233.888,7283.905,
Contact STARLINK-4201 - STARLINK-31325,75736.358,86400.000,10663.642,
Contact STARLINK-4201 - STARLINK-11092 [DTC],10193.931,17388.115,7194.184,
Contact STARLINK-4201 - STARLINK-11092 [DTC],18306.943,28587.661,10280.718,
Contact STARLINK-4201 - STARLINK-11092 [DTC],35465.829,36627.594,1161.765,
Contact STARLINK-4201 - STARLINK-11072 [DTC],31766.992,62724.981,30957.989,
Contact STARLINK-4201 - STARLINK-5503,57442.191,57961.251,519.060,
Contact STARLINK-4201 - STARLINK-5503,71695.062,72394.335,699.274,
Contact STARLINK-4201 - STARLINK-5503,85981.632,86400.000,418.368,
Contact STARLINK-4201 - MoonARTEMIS1,1883.282,5794.240,3910.958,
Contact STARLINK-4201 - MoonARTEMIS1,7610.330,17332.993,9722.663,
Contact STARLINK-4201 - MoonARTEMIS1,19067.636,34611.619,15543.983,
Contact STARLINK-4201 - MoonARTEMIS1,36245.118,46126.000,9880.881,
Contact STARLINK-4201 - MoonARTEMIS1,47693.889,63395.448,15701.559,
Contact STARLINK-4201 - MoonARTEMIS1,64863.386,74908.016,10044.630,
Contact STARLINK-4201 - MoonARTEMIS1,76306.882,86400.000,10093.118,
Contact STARLINK-4201 - MoonARTEMIS2,0.000,5748.344,5748.344,
Contact STARLINK-4201 - MoonARTEMIS2,7587.320,17245.976,9658.655,
Contact STARLINK-4201 - MoonARTEMIS2,19039.833,28763.403,9723.570,
Contact STARLINK-4201 - MoonARTEMIS2,30499.464,33018.855,2519.391,
Contact STARLINK-4201 - MoonARTEMIS2,36232.853,46069.719,9836.866,
Contact STARLINK-4201 - MoonARTEMIS2,47670.454,57576.061,9905.607,
Contact STARLINK-4201 - MoonARTEMIS2,59107.099,63331.822,4224.723,
Contact STARLINK-4201 - MoonARTEMIS2,64825.624,74850.540,10024.916,
Contact STARLINK-4201 - MoonARTEMIS2,76263.040,86380.643,10117.603,
Contact STARLINK-4201 - MoonIOAGEO,0.000,3858.984,3858.984,
Contact STARLINK-4201 - MoonIOAGEO,7898.770,17312.793,9414.023,
Contact STARLINK-4201 - MoonIOAGEO,19059.470,28786.308,9726.838,
Contact STARLINK-4201 - MoonIOAGEO,30503.599,34521.572,4017.974,
Contact STARLINK-4201 - MoonIOAGEO,36226.344,46039.451,9813.107,
Contact STARLINK-4201 - MoonIOAGEO,53401.765,63365.474,9963.710,
Contact STARLINK-4201 - MoonIOAGEO,64847.849,74848.641,10000.792,
Contact STARLINK-4201 - MoonIOAGEO,76290.826,86371.893,10081.068,
Contact STARLINK-4201 - MoonIOAGNO,0.000,5806.356,5806.356,
Contact STARLINK-4201 - MoonIOAGNO,7612.454,17265.390,9652.936,
Contact STARLINK-4201 - MoonIOAGNO,19034.295,28763.852,9729.556,
Contact STARLINK-4201 - MoonIOAGNO,30467.722,34525.573,4057.851,
Contact STARLINK-4201 - MoonIOAGNO,36194.136,46063.168,9869.032,
Contact STARLINK-4201 - MoonIOAGNO,47668.033,57551.345,9883.312,
Contact STARLINK-4201 - MoonIOAGNO,59107.832,63299.719,4191.887,
Contact STARLINK-4201 - MoonIOAGNO,64809.896,74844.022,10034.125,
Contact STARLINK-4201 - MoonIOAGNO,76242.364,86400.000,10157.636,
Contact STARLINK-4201 - MoonIOAGNO 0001,0.000,5768.381,5768.381,
Contact STARLINK-4201 - MoonIOAGNO 0001,7575.466,17281.131,9705.665,
Contact STARLINK-4201 - MoonIOAGNO 0001,19032.205,34533.376,15501.171,
Contact STARLINK-4201 - MoonIOAGNO 0001,36220.857,46021.372,9800.515,
Contact STARLINK-4201 - MoonIOAGNO 0001,47636.852,57557.824,9920.972,
Contact STARLINK-4201 - MoonIOAGNO 0001,59084.729,63335.298,4250.569,
Contact STARLINK-4201 - MoonIOAGNO 0001,64820.183,74875.815,10055.631,
Contact STARLINK-4201 - MoonIOAGNO 0001,76303.029,86373.593,10070.564,
Contact STARLINK-4201 - MoonIOAGSO,0.000,5786.693,5786.693,
Contact STARLINK-4201 - MoonIOAGSO,9391.184,17298.901,7907.717,
Contact STARLINK-4201 - MoonIOAGSO,19077.533,28788.943,9711.410,
Contact STARLINK-4201 - MoonIOAGSO,30538.881,34534.182,3995.302,
Contact STARLINK-4201 - MoonIOAGSO,36260.428,46035.260,9774.833,
Contact STARLINK-4201 - MoonIOAGSO,47684.767,57583.533,9898.766,
Contact STARLINK-4201 - MoonIOAGSO,59137.895,63337.706,4199.811,
Contact STARLINK-4201 - MoonIOAGSO,64881.565,74842.453,9960.888,
Contact STARLINK-4201 - MoonIOAGSO,76339.421,86368.290,10028.870,
Contact STARLINK-4201 - MoonIOAGSO 0001,0.000,5798.412,5798.412,
Contact STARLINK-4201 - MoonIOAGSO 0001,7638.284,17282.441,9644.157,
Contact STARLINK-4201 - MoonIOAGSO 0001,19079.253,28780.677,9701.425,
Contact STARLINK-4201 - MoonIOAGSO 0001,30805.593,34551.504,3745.911,
Contact STARLINK-4201 - MoonIOAGSO 0001,36235.976,46053.295,9817.318,
Contact STARLINK-4201 - MoonIOAGSO 0001,47713.063,57552.058,9838.995,
Contact STARLINK-4201 - MoonIOAGSO 0001,59158.927,63307.626,4148.699,
Contact STARLINK-4201 - MoonIOAGSO 0001,64871.468,74865.668,9994.201,
Contact STARLINK-4201 - MoonIOAGSO 0001,76282.153,86400.000,10117.847,
Contact STARLINK-4201 - MoonLRO,1882.449,4171.227,2288.778,
Contact STARLINK-4201 - MoonLRO,7601.769,17293.112,9691.344,
Contact STARLINK-4201 - MoonLRO,20734.477,23040.284,2305.807,
Contact STARLINK-4201 - MoonLRO,41944.988,45150.473,3205.484,
Contact STARLINK-4201 - MoonLRO,48028.937,51813.094,3784.157,
Contact STARLINK-4201 - MoonLRO,70571.241,72460.472,1889.231,
Contact STARLINK-4201 - MoonLRO,76283.760,86115.518,9831.758,
Contact STARLINK-4201 - MarsSat1,0.000,2536.605,2536.605,
Contact STARLINK-4201 - MarsSat1,4644.482,13985.201,9340.719,
Contact STARLINK-4201 - MarsSat1,16091.379,19709.527,3618.148,
Contact STARLINK-4201 - MarsSat1,21814.838,31158.252,9343.414,
Contact STARLINK-4201 - MarsSat1,33261.786,42607.086,9345.300,
Contact STARLINK-4201 - MarsSat1,44708.780,48331.545,3622.765,
Contact STARLINK-4201 - MarsSat1,50432.292,59780.538,9348.246,
Contact STARLINK-4201 - MarsSat1,61879.338,71229.612,9350.274,
Contact STARLINK-4201 - MarsSat1,73326.395,82678.746,9352.351,
Contact STARLINK-4201 - MarsSat1,84773.453,86400.000,1626.547,
Contact STARLINK-4201 - MarsSat2,0.000,2536.677,2536.677,
Contact STARLINK-4201 - MarsSat2,4644.572,13985.322,9340.750,
Contact STARLINK-4201 - MarsSat2,16091.505,19709.670,3618.165,
Contact STARLINK-4201 - MarsSat2,21814.975,31158.420,9343.446,
Contact STARLINK-4201 - MarsSat2,33261.924,42607.245,9345.321,
Contact STARLINK-4201 - MarsSat2,44708.889,48331.685,3622.797,
Contact STARLINK-4201 - MarsSat2,50432.378,59780.625,9348.247,
Contact STARLINK-4201 - MarsSat2,61879.370,71229.644,9350.274,
Contact STARLINK-4201 - MarsSat2,73326.384,82678.744,9352.360,
Contact STARLINK-4201 - MarsSat2,84773.422,86400.000,1626.578,
Contact STARLINK-4201 - MarsSat3,0.000,2536.645,2536.645,
Contact STARLINK-4201 - MarsSat3,4644.539,13985.275,9340.736,
Contact STARLINK-4201 - MarsSat3,16091.452,19709.610,3618.158,
Contact STARLINK-4201 - MarsSat3,21814.907,31158.326,9343.418,
Contact STARLINK-4201 - MarsSat3,33261.825,42607.114,9345.289,
Contact STARLINK-4201 - MarsSat3,44708.765,48331.541,3622.776,
Contact STARLINK-4201 - MarsSat3,50432.249,59780.477,9348.228,
Contact STARLINK-4201 - MarsSat3,61879.266,71229.555,9350.289,
Contact STARLINK-4201 - MarsSat3,73326.366,82678.744,9352.377,
Contact STARLINK-4201 - MarsSat3,84773.483,86400.000,1626.517,
Contact STARLINK-4201 - MarsSat4,0.000,2536.590,2536.590,
Contact STARLINK-4201 - MarsSat4,4644.465,13985.173,9340.708,
Contact STARLINK-4201 - MarsSat4,16091.364,19709.532,3618.168,
Contact STARLINK-4201 - MarsSat4,21814.875,31158.331,9343.457,
Contact STARLINK-4201 - MarsSat4,33261.844,42607.114,9345.270,
Contact STARLINK-4201 - MarsSat4,44708.775,48331.546,3622.771,
Contact STARLINK-4201 - MarsSat4,50432.281,59780.567,9348.286,
Contact STARLINK-4201 - MarsSat4,61879.348,71229.573,9350.225,
Contact STARLINK-4201 - MarsSat4,73326.336,82678.667,9352.331,
Contact STARLINK-4201 - MarsSat4,84773.410,86400.000,1626.590,
Contact STARLINK-31060 - STARLINK-5972,3547.612,4228.441,680.829,
Contact STARLINK-31060 - STARLINK-5972,17605.584,18350.088,744.505,
Contact STARLINK-31060 - STARLINK-5972,31712.189,32421.058,708.869,
Contact STARLINK-31060 - STARLINK-5972,43038.413,43638.315,599.902,
Contact STARLINK-31060 - STARLINK-5972,57243.570,57614.204,370.634,
Contact STARLINK-31060 - STARLINK-2047,39321.282,46317.045,6995.763,
Contact STARLINK-31060 - STARLINK-2047,53257.986,54736.993,1479.008,
Contact STARLINK-31060 - STARLINK-2047,64795.622,65669.830,874.208,
Contact STARLINK-31060 - STARLINK-30145,68463.621,86400.000,17936.379,
Contact STARLINK-31060 - STARLINK-32210,297.079,10736.203,10439.124,
Contact STARLINK-31060 - STARLINK-32210,17397.440,18855.255,1457.815,
Contact STARLINK-31060 - STARLINK-1463,49640.173,50436.205,796.031,
Contact STARLINK-31060 - STARLINK-1463,60685.012,61941.363,1256.351,
Contact STARLINK-31060 - STARLINK-1463,74937.495,75870.538,933.043,
Contact STARLINK-31060 - STARLINK-30486,39695.128,72072.175,32377.046,
Contact STARLINK-31060 - STARLINK-5565,53749.309,54406.347,657.038,
Contact STARLINK-31060 - STARLINK-5565,67774.134,68562.601,788.467,
Contact STARLINK-31060 - STARLINK-5565,79061.538,79818.811,757.273,
Contact STARLINK-31060 - STARLINK-31530,0.000,483.967,483.967,
Contact STARLINK-31060 - STARLINK-31530,24968.490,25326.118,357.628,
Contact STARLINK-31060 - STARLINK-1227,64151.858,65237.244,1085.386,
Contact STARLINK-31060 - STARLINK-1227,72337.361,82356.988,10019.628,
Contact STARLINK-31060 - STARLINK-5093,3519.294,4187.604,668.310,
Contact STARLINK-31060 - STARLINK-5093,17575.711,18318.705,742.994,
Contact STARLINK-31060 - STARLINK-5093,43008.181,43622.116,613.936,
Contact STARLINK-31060 - STARLINK-5093,57219.667,57600.511,380.845,
Contact STARLINK-31060 - STARLINK-2556,53914.268,54320.306,406.038,
Contact STARLINK-31060 - STARLINK-2556,67774.883,68546.352,771.469,
Contact STARLINK-31060 - STARLINK-2556,78965.168,79822.826,857.658,
Contact STARLINK-31060 - STARLINK-5591,6684.486,7488.002,803.516,
Contact STARLINK-31060 - STARLINK-5591,17943.256,21601.594,3658.338,
Contact STARLINK-31060 - STARLINK-5591,32151.220,32780.161,628.941,
Contact STARLINK-31060 - STARLINK-1073,75470.109,75660.681,190.572,
Contact STARLINK-31060 - STARLINK-1073,83052.229,86400.000,3347.771,
Contact STARLINK-31060 - STARLINK-5829,6694.577,7435.479,740.902,
Contact STARLINK-31060 - STARLINK-5829,32186.638,32676.517,489.879,
Contact STARLINK-31060 - STARLINK-3325,35649.913,36277.068,627.154,
Contact STARLINK-31060 - STARLINK-3325,46733.217,50480.885,3747.668,
Contact STARLINK-31060 - STARLINK-3325,60764.786,61709.660,944.873,
Contact STARLINK-31060 - STARLINK-5850,688.721,24628.841,23940.120,
Contact STARLINK-31060 - STARLINK-2424,49454.849,68386.867,18932.018,
Contact STARLINK-31060 - STARLINK-2424,68863.814,76309.710,7445.897,
Contact STARLINK-31060 - STARLINK-30754,42354.707,43361.501,1006.794,
Contact STARLINK-31060 - STARLINK-30754,53371.777,60435.768,7063.991,
Contact STARLINK-31060 - STARLINK-30754,61856.116,68685.634,6829.518,
Contact STARLINK-31060 - STARLINK-5453,17607.314,18556.087,948.773,
Contact STARLINK-31060 - STARLINK-5453,25966.119,32650.671,6684.551,
Contact STARLINK-31060 - STARLINK-5453,42937.234,43760.201,822.967,
Contact STARLINK-31060 - STARLINK-31082,6858.939,7245.298,386.359,
Contact STARLINK-31060 - STARLINK-31082,17826.591,24446.991,6620.399,
Contact STARLINK-31060 - STARLINK-31082,31830.332,32882.469,1052.137,
Contact STARLINK-31060 - STARLINK-4569,0.000,6508.375,6508.375,
Contact STARLINK-31060 - STARLINK-4569,7215.644,17584.370,10368.726,
Contact STARLINK-31060 - STARLINK-4569,24816.717,25519.348,702.631,
Contact STARLINK-31060 - STARLINK-4328,6411.632,7726.645,1315.013,
Contact STARLINK-31060 - STARLINK-4328,14814.669,21749.681,6935.012,
Contact STARLINK-31060 - STARLINK-2214,0.000,264.414,264.414,
Contact STARLINK-31060 - STARLINK-2214,10672.463,11507.166,834.703,
Contact STARLINK-31060 - STARLINK-2214,24788.639,25469.141,680.502,
Contact STARLINK-31060 - STARLINK-5737,55038.065,86400.000,31361.935,
Contact STARLINK-31060 - STARLINK-5628,0.000,4101.061,4101.061,
Contact STARLINK-31060 - STARLINK-5231,17216.252,21480.882,4264.630,
Contact STARLINK-31060 - STARLINK-5231,21872.045,54386.487,32514.442,
Contact STARLINK-31060 - STARLINK-11092 [DTC],21005.997,21785.786,779.789,
Contact STARLINK-31060 - STARLINK-11092 [DTC],32027.361,32807.490,780.129,
Contact STARLINK-31060 - STARLINK-11092 [DTC],43049.277,43828.488,779.211,
Contact STARLINK-31060 - STARLINK-11092 [DTC],56830.621,57600.565,769.944,
Contact STARLINK-31060 - STARLINK-11092 [DTC],67853.789,68619.968,766.179,
Contact STARLINK-31060 - STARLINK-11092 [DTC],78877.492,79638.681,761.189,
Contact STARLINK-31060 - STARLINK-5503,27170.613,56822.874,29652.260,
Contact STARLINK-31060 - STARLINK-6319,10314.092,11087.015,772.922,
Contact STARLINK-31060 - STARLINK-4522,68113.115,68461.799,348.685,
Contact STARLINK-31060 - STARLINK-4522,79182.190,79848.678,666.488,
Contact STARLINK-31060 - MoonARTEMIS1,3232.874,6667.995,3435.122,
Contact STARLINK-31060 - MoonARTEMIS1,8790.516,17758.197,8967.681,
Contact STARLINK-31060 - MoonARTEMIS1,19887.208,23297.214,3410.007,
Contact STARLINK-31060 - MoonARTEMIS1,25429.563,34370.009,8940.446,
Contact STARLINK-31060 - MoonARTEMIS1,36508.358,45438.283,8929.926,
Contact STARLINK-31060 - MoonARTEMIS1,47581.847,56503.449,8921.602,
Contact STARLINK-31060 - MoonARTEMIS1,58651.604,67566.272,8914.668,
Contact STARLINK-31060 - MoonARTEMIS1,69718.516,78627.277,8908.761,
Contact STARLINK-31060 - MoonARTEMIS1,80783.227,86400.000,5616.773,
Contact STARLINK-31060 - MoonARTEMIS2,0.000,6647.369,6647.369,
Contact STARLINK-31060 - MoonARTEMIS2,8753.565,17720.354,8966.790,
Contact STARLINK-31060 - MoonARTEMIS2,19835.631,23257.785,3422.154,
Contact STARLINK-31060 - MoonARTEMIS2,30925.387,32997.681,2072.294,
Contact STARLINK-31060 - MoonARTEMIS2,36482.860,45423.695,8940.835,
Contact STARLINK-31060 - MoonARTEMIS2,47563.181,56491.864,8928.683,
Contact STARLINK-31060 - MoonARTEMIS2,58635.863,67558.308,8922.445,
Contact STARLINK-31060 - MoonARTEMIS2,69707.025,78623.886,8916.860,
Contact STARLINK-31060 - MoonARTEMIS2,80777.389,86400.000,5622.611,
Contact STARLINK-31060 - MoonIOAGEO,0.000,3879.702,3879.702,
Contact STARLINK-31060 - MoonIOAGEO,8785.380,17749.834,8964.454,
Contact STARLINK-31060 - MoonIOAGEO,19872.738,23280.498,3407.760,
Contact STARLINK-31060 - MoonIOAGEO,25403.113,34332.975,8929.862,
Contact STARLINK-31060 - MoonIOAGEO,36460.337,45405.917,8945.580,
Contact STARLINK-31060 - MoonIOAGEO,53095.585,56492.783,3397.199,
Contact STARLINK-31060 - MoonIOAGEO,58641.097,67559.253,8918.156,
Contact STARLINK-31060 - MoonIOAGEO,69707.430,78610.451,8903.021,
Contact STARLINK-31060 - MoonIOAGEO,80762.957,86400.000,5637.043,
Contact STARLINK-31060 - MoonIOAGNO,0.000,6673.502,6673.502,
Contact STARLINK-31060 - MoonIOAGNO,8785.364,17733.573,8948.208,
Contact STARLINK-31060 - MoonIOAGNO,19850.195,23275.250,3425.054,
Contact STARLINK-31060 - MoonIOAGNO,25393.777,34354.786,8961.009,
Contact STARLINK-31060 - MoonIOAGNO,36480.940,45425.169,8944.229,
Contact STARLINK-31060 - MoonIOAGNO,47561.240,56477.690,8916.450,
Contact STARLINK-31060 - MoonIOAGNO,58619.921,67555.395,8935.474,
Contact STARLINK-31060 - MoonIOAGNO,69700.935,78630.548,8929.613,
Contact STARLINK-31060 - MoonIOAGNO,80782.676,86400.000,5617.324,
Contact STARLINK-31060 - MoonIOAGNO 0001,0.000,6672.824,6672.824,
Contact STARLINK-31060 - MoonIOAGNO 0001,8779.965,17750.820,8970.856,
Contact STARLINK-31060 - MoonIOAGNO 0001,19867.809,23285.538,3417.730,
Contact STARLINK-31060 - MoonIOAGNO 0001,25408.013,34337.732,8929.719,
Contact STARLINK-31060 - MoonIOAGNO 0001,36466.716,45416.625,8949.910,
Contact STARLINK-31060 - MoonIOAGNO 0001,47549.148,56493.829,8944.681,
Contact STARLINK-31060 - MoonIOAGNO 0001,58633.545,67562.375,8928.830,
Contact STARLINK-31060 - MoonIOAGNO 0001,69710.976,78615.592,8904.616,
Contact STARLINK-31060 - MoonIOAGNO 0001,80769.930,86400.000,5630.070,
Contact STARLINK-31060 - MoonIOAGSO,0.000,6658.591,6658.591,
Contact STARLINK-31060 - MoonIOAGSO,9424.492,17730.524,8306.032,
Contact STARLINK-31060 - MoonIOAGSO,19851.939,23255.836,3403.897,
Contact STARLINK-31060 - MoonIOAGSO,30916.414,34318.039,3401.625,
Contact STARLINK-31060 - MoonIOAGSO,36452.895,45396.245,8943.350,
Contact STARLINK-31060 - MoonIOAGSO,47537.938,56487.796,8949.858,
Contact STARLINK-31060 - MoonIOAGSO,58629.924,67535.374,8905.450,
Contact STARLINK-31060 - MoonIOAGSO,69687.016,78596.176,8909.160,
Contact STARLINK-31060 - MoonIOAGSO,80754.483,86400.000,5645.517,
Contact STARLINK-31060 - MoonIOAGSO 0001,0.000,6641.783,6641.783,
Contact STARLINK-31060 - MoonIOAGSO 0001,8759.997,17712.567,8952.570,
Contact STARLINK-31060 - MoonIOAGSO 0001,19837.729,23254.447,3416.718,
Contact STARLINK-31060 - MoonIOAGSO 0001,25383.026,34348.917,8965.891,
Contact STARLINK-31060 - MoonIOAGSO 0001,36478.113,45396.795,8918.682,
Contact STARLINK-31060 - MoonIOAGSO 0001,47536.587,56458.214,8921.627,
Contact STARLINK-31060 - MoonIOAGSO 0001,58605.277,67535.629,8930.352,
Contact STARLINK-31060 - MoonIOAGSO 0001,69689.603,78624.437,8934.833,
Contact STARLINK-31060 - MoonIOAGSO 0001,80778.409,86400.000,5621.591,
Contact STARLINK-31060 - MoonLRO,3237.793,4170.271,932.479,
Contact STARLINK-31060 - MoonLRO,8779.332,17733.603,8954.271,
Contact STARLINK-31060 - MoonLRO,20744.856,23270.503,2525.647,
Contact STARLINK-31060 - MoonLRO,27561.068,28809.850,1248.782,
Contact STARLINK-31060 - MoonLRO,42015.144,45118.751,3103.607,
Contact STARLINK-31060 - MoonLRO,48061.669,50945.670,2884.001,
Contact STARLINK-31060 - MoonLRO,64164.216,65630.482,1466.266,
Contact STARLINK-31060 - MoonLRO,69704.152,78617.349,8913.197,
Contact STARLINK-31060 - MoonLRO,82203.108,84154.656,1951.548,
Contact STARLINK-31060 - MarsSat1,0.000,3317.829,3317.829,
Contact STARLINK-31060 - MarsSat1,5341.290,8842.827,3501.537,
Contact STARLINK-31060 - MarsSat1,16393.564,19892.606,3499.042,
Contact STARLINK-31060 - MarsSat1,21919.609,30942.118,9022.508,
Contact STARLINK-31060 - MarsSat1,32971.537,41991.396,9019.859,
Contact STARLINK-31060 - MarsSat1,44023.271,53040.459,9017.188,
Contact STARLINK-31060 - MarsSat1,55074.817,64089.302,9014.484,
Contact STARLINK-31060 - MarsSat1,66126.155,75137.898,9011.743,
Contact STARLINK-31060 - MarsSat1,77177.250,86186.218,9008.968,
Contact STARLINK-31060 - MarsSat2,0.000,3317.782,3317.782,
Contact STARLINK-31060 - MarsSat2,5341.312,8842.813,3501.501,
Contact STARLINK-31060 - MarsSat2,16393.675,19892.679,3499.004,
Contact STARLINK-31060 - MarsSat2,21919.767,30942.280,9022.513,
Contact STARLINK-31060 - MarsSat2,32971.771,41991.616,9019.845,
Contact STARLINK-31060 - MarsSat2,44023.535,53040.689,9017.154,
Contact STARLINK-31060 - MarsSat2,55075.056,64089.498,9014.442,
Contact STARLINK-31060 - MarsSat2,66126.333,75138.044,9011.711,
Contact STARLINK-31060 - MarsSat2,77177.364,86186.327,9008.963,
Contact STARLINK-31060 - MarsSat3,0.000,3317.771,3317.771,
Contact STARLINK-31060 - MarsSat3,5341.286,8842.809,3501.523,
Contact STARLINK-31060 - MarsSat3,16393.643,19892.677,3499.033,
Contact STARLINK-31060 - MarsSat3,21919.725,30942.261,9022.536,
Contact STARLINK-31060 - MarsSat3,32971.695,41991.558,9019.863,
Contact STARLINK-31060 - MarsSat3,44023.405,53040.563,9017.158,
Contact STARLINK-31060 - MarsSat3,55074.860,64089.289,9014.429,
Contact STARLINK-31060 - MarsSat3,66126.090,75137.801,9011.711,
Contact STARLINK-31060 - MarsSat3,77177.154,86186.130,9008.976,
Contact STARLINK-31060 - MarsSat4,0.000,3317.808,3317.808,
Contact STARLINK-31060 - MarsSat4,5341.264,8842.808,3501.545,
Contact STARLINK-31060 - MarsSat4,16393.522,19892.563,3499.041,
Contact STARLINK-31060 - MarsSat4,21919.603,30942.195,9022.592,
Contact STARLINK-31060 - MarsSat4,32971.654,41991.509,9019.854,
Contact STARLINK-31060 - MarsSat4,44023.362,53040.493,9017.131,
Contact STARLINK-31060 - MarsSat4,55074.854,64089.359,9014.505,
Contact STARLINK-31060 - MarsSat4,66126.197,75137.898,9011.701,
Contact STARLINK-31060 - MarsSat4,77177.192,86186.121,9008.929,
Contact STARLINK-5972 - STARLINK-30145,10576.315,11191.584,615.270,
Contact STARLINK-5972 - STARLINK-30145,24943.749,25552.538,608.789,
Contact STARLINK-5972 - STARLINK-30145,39305.254,39918.460,613.206,
Contact STARLINK-5972 - STARLINK-30145,53672.961,54279.090,606.129,
Contact STARLINK-5972 - STARLINK-30145,68034.158,68645.240,611.082,
Contact STARLINK-5972 - STARLINK-30145,82402.169,83005.517,603.348,
Contact STARLINK-5972 - STARLINK-32210,3536.754,7208.194,3671.440,
Contact STARLINK-5972 - STARLINK-32210,17735.828,18700.831,965.002,
Contact STARLINK-5972 - STARLINK-32210,31966.108,33035.715,1069.607,
Contact STARLINK-5972 - STARLINK-32210,46237.284,47327.294,1090.010,
Contact STARLINK-5972 - STARLINK-32210,60531.677,61597.562,1065.886,
Contact STARLINK-5972 - STARLINK-32210,71991.145,75829.306,3838.161,
Contact STARLINK-5972 - STARLINK-32210,86346.347,86400.000,53.653,
Contact STARLINK-5972 - STARLINK-30549,4137.642,11017.807,6880.165,
Contact STARLINK-5972 - STARLINK-1463,10575.080,11358.530,783.450,
Contact STARLINK-5972 - STARLINK-1463,24998.556,25763.310,764.754,
Contact STARLINK-5972 - STARLINK-1463,39415.167,40174.664,759.496,
Contact STARLINK-5972 - STARLINK-1463,53840.522,54577.704,737.182,
Contact STARLINK-5972 - STARLINK-1463,68259.075,68987.319,728.244,
Contact STARLINK-5972 - STARLINK-1463,82686.563,83388.368,701.805,
Contact STARLINK-5972 - STARLINK-30486,0.000,89.303,89.303,
Contact STARLINK-5972 - STARLINK-30486,14133.592,14468.601,335.009,
Contact STARLINK-5972 - STARLINK-30486,28517.229,28837.933,320.705,
Contact STARLINK-5972 - STARLINK-30486,42891.235,43217.773,326.538,
Contact STARLINK-5972 - STARLINK-5093,0.000,86400.000,86400.000,
Contact STARLINK-5972 - STARLINK-5591,0.000,21574.033,21574.033,
Contact STARLINK-5972 - STARLINK-5591,25332.723,35727.247,10394.524,
Contact STARLINK-5972 - STARLINK-5591,39921.994,47107.891,7185.897,
Contact STARLINK-5972 - STARLINK-5591,57497.894,61334.409,3836.514,
Contact STARLINK-5972 - STARLINK-32088,75506.597,76095.764,589.166,
Contact STARLINK-5972 - STARLINK-5829,0.000,28752.463,28752.463,
Contact STARLINK-5972 - STARLINK-5829,32430.655,39951.431,7520.777,
Contact STARLINK-5972 - STARLINK-5829,50126.843,51172.186,1045.343,
Contact STARLINK-5972 - STARLINK-3325,68394.820,68877.042,482.222,
Contact STARLINK-5972 - STARLINK-3325,82718.148,83252.968,534.820,
Contact STARLINK-5972 - STARLINK-5850,3160.598,4168.744,1008.146,
Contact STARLINK-5972 - STARLINK-5850,17545.429,18549.595,1004.165,
Contact STARLINK-5972 - STARLINK-5850,31922.403,32939.591,1017.188,
Contact STARLINK-5972 - STARLINK-5850,46307.800,47319.568,1011.768,
Contact STARLINK-5972 - STARLINK-5850,60685.332,61708.481,1023.149,
Contact STARLINK-5972 - STARLINK-5850,75071.210,76087.682,1016.472,
Contact STARLINK-5972 - STARLINK-2424,0.000,304.296,304.296,
Contact STARLINK-5972 - STARLINK-2424,13887.870,14642.613,754.743,
Contact STARLINK-5972 - STARLINK-2424,28224.679,28982.505,757.826,
Contact STARLINK-5972 - STARLINK-2424,42563.954,43320.139,756.185,
Contact STARLINK-5972 - STARLINK-2424,56900.360,57660.317,759.957,
Contact STARLINK-5972 - STARLINK-2424,68370.722,69131.314,760.592,
Contact STARLINK-5972 - STARLINK-2424,82710.962,83467.954,756.992,
Contact STARLINK-5972 - STARLINK-3832,35991.307,36580.487,589.180,
Contact STARLINK-5972 - STARLINK-3832,50335.455,50934.898,599.444,
Contact STARLINK-5972 - STARLINK-3832,64690.414,65280.111,589.697,
Contact STARLINK-5972 - STARLINK-3832,79034.516,79634.543,600.027,
Contact STARLINK-5972 - STARLINK-5453,0.000,7181.052,7181.052,
Contact STARLINK-5972 - STARLINK-5453,10857.882,21552.847,10694.964,
Contact STARLINK-5972 - STARLINK-5453,25235.800,35867.950,10632.150,
Contact STARLINK-5972 - STARLINK-5453,39613.148,50198.585,10585.437,
Contact STARLINK-5972 - STARLINK-5453,54025.582,64484.083,10458.501,
Contact STARLINK-5972 - STARLINK-5453,68435.342,78787.364,10352.022,
Contact STARLINK-5972 - STARLINK-5453,85749.703,86400.000,650.297,
Contact STARLINK-5972 - STARLINK-31082,0.000,6805.092,6805.092,
Contact STARLINK-5972 - STARLINK-31082,13825.898,21215.440,7389.543,
Contact STARLINK-5972 - STARLINK-31082,28181.045,35606.962,7425.918,
Contact STARLINK-5972 - STARLINK-31082,42553.895,50010.375,7456.480,
Contact STARLINK-5972 - STARLINK-31082,56915.997,64393.785,7477.788,
Contact STARLINK-5972 - STARLINK-31082,71295.690,78789.953,7494.262,
Contact STARLINK-5972 - STARLINK-31082,79914.045,86400.000,6485.955,
Contact STARLINK-5972 - STARLINK-4569,32384.737,33076.496,691.759,
Contact STARLINK-5972 - STARLINK-4569,46778.085,47454.368,676.284,
Contact STARLINK-5972 - STARLINK-4569,61158.379,61845.306,686.927,
Contact STARLINK-5972 - STARLINK-4569,75551.775,76223.112,671.337,
Contact STARLINK-5972 - STARLINK-1776,21594.959,22226.500,631.541,
Contact STARLINK-5972 - STARLINK-1776,35926.904,36541.582,614.677,
Contact STARLINK-5972 - STARLINK-1776,50248.294,50865.421,617.127,
Contact STARLINK-5972 - STARLINK-1776,64580.588,65180.063,599.476,
Contact STARLINK-5972 - STARLINK-1776,78901.600,79504.164,602.564,
Contact STARLINK-5972 - STARLINK-4328,3390.601,4117.517,726.916,
Contact STARLINK-5972 - STARLINK-4328,17779.249,18499.298,720.049,
Contact STARLINK-5972 - STARLINK-4328,32160.371,32887.479,727.108,
Contact STARLINK-5972 - STARLINK-4328,46549.009,47269.257,720.248,
Contact STARLINK-5972 - STARLINK-4328,60930.110,61657.412,727.302,
Contact STARLINK-5972 - STARLINK-4328,75318.738,76039.187,720.449,
Contact STARLINK-5972 - STARLINK-5737,10691.555,11435.486,743.931,
Contact STARLINK-5972 - STARLINK-5737,25066.796,25807.666,740.870,
Contact STARLINK-5972 - STARLINK-5737,39437.534,40183.771,746.237,
Contact STARLINK-5972 - STARLINK-5737,53812.954,54555.748,742.794,
Contact STARLINK-5972 - STARLINK-5737,68183.496,68932.029,748.533,
Contact STARLINK-5972 - STARLINK-5737,82559.100,83303.805,744.705,
Contact STARLINK-5972 - STARLINK-11136 [DTC],7023.879,7653.376,629.496,
Contact STARLINK-5972 - STARLINK-5231,2916.933,3744.255,827.322,
Contact STARLINK-5972 - STARLINK-5231,17294.283,18063.596,769.314,
Contact STARLINK-5972 - STARLINK-5231,28793.931,29521.490,727.559,
Contact STARLINK-5972 - STARLINK-5231,43165.404,43847.205,681.801,
Contact STARLINK-5972 - STARLINK-5231,57549.723,58159.327,609.604,
Contact STARLINK-5972 - STARLINK-5231,71926.117,72479.983,553.866,
Contact STARLINK-5972 - STARLINK-5231,86317.962,86400.000,82.038,
Contact STARLINK-5972 - STARLINK-11092 [DTC],28172.559,35354.355,7181.795,
Contact STARLINK-5972 - STARLINK-11092 [DTC],36191.438,46588.790,10397.352,
Contact STARLINK-5972 - STARLINK-11092 [DTC],53595.409,54516.108,920.699,
Contact STARLINK-5972 - STARLINK-11072 [DTC],46181.463,47370.414,1188.951,
Contact STARLINK-5972 - STARLINK-11072 [DTC],54468.157,61471.366,7003.208,
Contact STARLINK-5972 - STARLINK-5503,0.000,524.651,524.651,
Contact STARLINK-5972 - STARLINK-5503,14114.237,14915.953,801.716,
Contact STARLINK-5972 - STARLINK-5503,28505.737,29305.112,799.375,
Contact STARLINK-5972 - STARLINK-5503,42895.138,43696.115,800.976,
Contact STARLINK-5972 - STARLINK-5503,57286.789,58085.134,798.345,
Contact STARLINK-5972 - STARLINK-5503,71676.450,72475.841,799.391,
Contact STARLINK-5972 - STARLINK-5503,86068.257,86400.000,331.743,
Contact STARLINK-5972 - MoonARTEMIS1,1194.501,10241.949,9047.448,
Contact STARLINK-5972 - MoonARTEMIS1,12368.391,15986.297,3617.906,
Contact STARLINK-5972 - MoonARTEMIS1,18109.072,27479.069,9369.997,
Contact STARLINK-5972 - MoonARTEMIS1,29594.818,38974.331,9379.513,
Contact STARLINK-5972 - MoonARTEMIS1,41083.727,44722.504,3638.777,
Contact STARLINK-5972 - MoonARTEMIS1,46828.969,56219.555,9390.585,
Contact STARLINK-5972 - MoonARTEMIS1,58320.651,67717.207,9396.555,
Contact STARLINK-5972 - MoonARTEMIS1,69813.610,84963.891,15150.281,
Contact STARLINK-5972 - MoonARTEMIS2,894.955,10249.518,9354.563,
Contact STARLINK-5972 - MoonARTEMIS2,12386.988,15997.520,3610.532,
Contact STARLINK-5972 - MoonARTEMIS2,18132.458,27493.107,9360.649,
Contact STARLINK-5972 - MoonARTEMIS2,29620.296,38979.161,9358.865,
Contact STARLINK-5972 - MoonARTEMIS2,41095.221,44723.536,3628.315,
Contact STARLINK-5972 - MoonARTEMIS2,46838.439,56215.404,9376.965,
Contact STARLINK-5972 - MoonARTEMIS2,58327.156,67708.892,9381.736,
Contact STARLINK-5972 - MoonARTEMIS2,69816.721,84950.855,15134.134,
Contact STARLINK-5972 - MoonIOAGEO,893.743,3857.098,2963.355,
Contact STARLINK-5972 - MoonIOAGEO,12371.367,15988.296,3616.929,
Contact STARLINK-5972 - MoonIOAGEO,18114.539,27488.262,9373.723,
Contact STARLINK-5972 - MoonIOAGEO,29616.015,38990.582,9374.567,
Contact STARLINK-5972 - MoonIOAGEO,41112.436,44736.202,3623.766,
Contact STARLINK-5972 - MoonIOAGEO,52588.315,56221.103,3632.788,
Contact STARLINK-5972 - MoonIOAGEO,58326.479,67715.541,9389.062,
Contact STARLINK-5972 - MoonIOAGEO,69820.565,84968.366,15147.801,
Contact STARLINK-5972 - MoonIOAGNO,874.556,10250.924,9376.368,
Contact STARLINK-5972 - MoonIOAGNO,12383.445,15993.321,3609.876,
Contact STARLINK-5972 - MoonIOAGNO,18122.220,27474.983,9352.763,
Contact STARLINK-5972 - MoonIOAGNO,29601.396,38968.210,9366.814,
Contact STARLINK-5972 - MoonIOAGNO,41089.044,44719.665,3630.622,
Contact STARLINK-5972 - MoonIOAGNO,46837.334,56228.592,9391.258,
Contact STARLINK-5972 - MoonIOAGNO,58338.803,67707.605,9368.802,
Contact STARLINK-5972 - MoonIOAGNO,69815.427,79198.211,9382.784,
Contact STARLINK-5972 - MoonIOAGNO,81298.418,84947.918,3649.499,
Contact STARLINK-5972 - MoonIOAGNO 0001,880.722,10231.180,9350.458,
Contact STARLINK-5972 - MoonIOAGNO 0001,12363.742,15978.394,3614.652,
Contact STARLINK-5972 - MoonIOAGNO 0001,18108.747,27483.796,9375.048,
Contact STARLINK-5972 - MoonIOAGNO 0001,29610.498,38980.011,9369.513,
Contact STARLINK-5972 - MoonIOAGNO 0001,41100.336,44720.120,3619.784,
Contact STARLINK-5972 - MoonIOAGNO 0001,46839.136,56209.212,9370.077,
Contact STARLINK-5972 - MoonIOAGNO 0001,58322.357,67710.559,9388.202,
Contact STARLINK-5972 - MoonIOAGNO 0001,69815.679,84953.279,15137.600,
Contact STARLINK-5972 - MoonIOAGSO,904.779,8064.698,7159.920,
Contact STARLINK-5972 - MoonIOAGSO,12373.602,15999.316,3625.714,
Contact STARLINK-5972 - MoonIOAGSO,18132.546,27512.040,9379.495,
Contact STARLINK-5972 - MoonIOAGSO,29637.628,39006.583,9368.956,
Contact STARLINK-5972 - MoonIOAGSO,41124.917,44747.009,3622.092,
Contact STARLINK-5972 - MoonIOAGSO,46860.841,56222.112,9361.271,
Contact STARLINK-5972 - MoonIOAGSO,58336.434,67740.122,9403.689,
Contact STARLINK-5972 - MoonIOAGSO,69845.256,84982.527,15137.271,
Contact STARLINK-5972 - MoonIOAGSO 0001,905.122,10271.916,9366.795,
Contact STARLINK-5972 - MoonIOAGSO 0001,12403.527,16017.992,3614.465,
Contact STARLINK-5972 - MoonIOAGSO 0001,18146.253,27495.600,9349.347,
Contact STARLINK-5972 - MoonIOAGSO 0001,30881.392,38991.602,8110.210,
Contact STARLINK-5972 - MoonIOAGSO 0001,41114.084,44749.361,3635.277,
Contact STARLINK-5972 - MoonIOAGSO 0001,46867.576,56250.685,9383.109,
Contact STARLINK-5972 - MoonIOAGSO 0001,58361.215,67733.852,9372.637,
Contact STARLINK-5972 - MoonIOAGSO 0001,69834.967,84974.864,15139.897,
Contact STARLINK-5972 - MoonLRO,884.523,10251.425,9366.902,
Contact STARLINK-5972 - MoonLRO,13892.135,15995.436,2103.300,
Contact STARLINK-5972 - MoonLRO,20744.373,21738.771,994.398,
Contact STARLINK-5972 - MoonLRO,35355.504,38319.677,2964.174,
Contact STARLINK-5972 - MoonLRO,41201.013,44735.611,3534.598,
Contact STARLINK-5972 - MoonLRO,48033.224,50480.362,2447.138,
Contact STARLINK-5972 - MoonLRO,64081.595,65611.118,1529.523,
Contact STARLINK-5972 - MoonLRO,69821.709,84964.727,15143.018,
Contact STARLINK-5972 - MarsSat1,0.000,1965.334,1965.334,
Contact STARLINK-5972 - MarsSat1,4054.817,13475.858,9421.041,
Contact STARLINK-5972 - MarsSat1,15565.058,24986.401,9421.344,
Contact STARLINK-5972 - MarsSat1,27075.314,30741.676,3666.362,
Contact STARLINK-5972 - MarsSat1,32830.445,42252.216,9421.772,
Contact STARLINK-5972 - MarsSat1,44340.702,53762.731,9422.029,
Contact STARLINK-5972 - MarsSat1,55850.941,59517.977,3667.036,
Contact STARLINK-5972 - MarsSat1,61606.051,71028.452,9422.401,
Contact STARLINK-5972 - MarsSat1,73116.254,82538.920,9422.666,
Contact STARLINK-5972 - MarsSat1,84626.445,86400.000,1773.555,
Contact STARLINK-5972 - MarsSat2,0.000,1965.416,1965.416,
Contact STARLINK-5972 - MarsSat2,4054.907,13475.907,9421.000,
Contact STARLINK-5972 - MarsSat2,15565.128,24986.393,9421.265,
Contact STARLINK-5972 - MarsSat2,27075.341,30741.635,3666.294,
Contact STARLINK-5972 - MarsSat2,32830.446,42252.119,9421.673,
Contact STARLINK-5972 - MarsSat2,44340.652,53762.603,9421.951,
Contact STARLINK-5972 - MarsSat2,55850.855,59517.845,3666.990,
Contact STARLINK-5972 - MarsSat2,61605.956,71028.331,9422.375,
Contact STARLINK-5972 - MarsSat2,73116.157,82538.820,9422.663,
Contact STARLINK-5972 - MarsSat2,84626.358,86400.000,1773.642,
Contact STARLINK-5972 - MarsSat3,0.000,1965.408,1965.408,
Contact STARLINK-5972 - MarsSat3,4054.888,13475.883,9420.994,
Contact STARLINK-5972 - MarsSat3,15565.091,24986.358,9421.267,
Contact STARLINK-5972 - MarsSat3,27075.287,30741.600,3666.313,
Contact STARLINK-5972 - MarsSat3,32830.388,42252.101,9421.712,
Contact STARLINK-5972 - MarsSat3,44340.604,53762.633,9422.030,
Contact STARLINK-5972 - MarsSat3,55850.852,59517.915,3667.063,
Contact STARLINK-5972 - MarsSat3,61605.992,71028.487,9422.495,
Contact STARLINK-5972 - MarsSat3,73116.285,82539.002,9422.717,
Contact STARLINK-5972 - MarsSat3,84626.520,86400.000,1773.480,
Contact STARLINK-5972 - MarsSat4,0.000,1965.346,1965.346,
Contact STARLINK-5972 - MarsSat4,4054.817,13475.866,9421.048,
Contact STARLINK-5972 - MarsSat4,15565.065,24986.431,9421.366,
Contact STARLINK-5972 - MarsSat4,27075.346,30741.657,3666.311,
Contact STARLINK-5972 - MarsSat4,32830.435,42252.141,9421.706,
Contact STARLINK-5972 - MarsSat4,44340.642,53762.711,9422.069,
Contact STARLINK-5972 - MarsSat4,55850.933,59517.951,3667.018,
Contact STARLINK-5972 - MarsSat4,61606.028,71028.406,9422.379,
Contact STARLINK-5972 - MarsSat4,73116.204,82538.947,9422.743,
Contact STARLINK-5972 - MarsSat4,84626.468,86400.000,1773.532,
Contact STARLINK-2047 - STARLINK-30549,2884.727,4040.454,1155.727,
Contact STARLINK-2047 - STARLINK-30549,14272.385,18191.009,3918.624,
Contact STARLINK-2047 - STARLINK-30549,28565.625,29474.045,908.420,
Contact STARLINK-2047 - STARLINK-30549,42926.131,43512.758,586.628,
Contact STARLINK-2047 - STARLINK-1463,6812.347,7743.389,931.042,
Contact STARLINK-2047 - STARLINK-1463,21185.616,22131.778,946.162,
Contact STARLINK-2047 - STARLINK-1463,35560.903,36518.527,957.624,
Contact STARLINK-2047 - STARLINK-1463,49942.635,50898.642,956.007,
Contact STARLINK-2047 - STARLINK-1463,64325.864,65277.453,951.589,
Contact STARLINK-2047 - STARLINK-1463,78716.114,79649.266,933.152,
Contact STARLINK-2047 - STARLINK-30486,0.000,86400.000,86400.000,
Contact STARLINK-2047 - STARLINK-5565,0.000,265.063,265.063,
Contact STARLINK-2047 - STARLINK-5565,13661.961,14696.491,1034.530,
Contact STARLINK-2047 - STARLINK-5565,25115.081,29100.059,3984.978,
Contact STARLINK-2047 - STARLINK-5565,39444.430,43513.865,4069.435,
Contact STARLINK-2047 - STARLINK-5565,53767.905,57904.065,4136.159,
Contact STARLINK-2047 - STARLINK-5565,68109.298,72304.605,4195.306,
Contact STARLINK-2047 - STARLINK-5565,82445.279,86400.000,3954.721,
Contact STARLINK-2047 - STARLINK-2556,0.000,6523.678,6523.678,
Contact STARLINK-2047 - STARLINK-2556,13899.755,15108.619,1208.864,
Contact STARLINK-2047 - STARLINK-2556,28247.149,29389.592,1142.443,
Contact STARLINK-2047 - STARLINK-2556,42578.857,43688.996,1110.139,
Contact STARLINK-2047 - STARLINK-2556,56930.164,57966.119,1035.955,
Contact STARLINK-2047 - STARLINK-2556,71264.775,72262.499,997.724,
Contact STARLINK-2047 - STARLINK-2556,82741.450,86400.000,3658.550,
Contact STARLINK-2047 - STARLINK-3325,7125.564,7773.023,647.458,
Contact STARLINK-2047 - STARLINK-3325,21432.504,22098.309,665.805,
Contact STARLINK-2047 - STARLINK-3325,35739.807,36422.732,682.925,
Contact STARLINK-2047 - STARLINK-3325,50047.422,50747.318,699.896,
Contact STARLINK-2047 - STARLINK-3325,64355.522,65070.951,715.429,
Contact STARLINK-2047 - STARLINK-3325,78663.751,79394.897,731.146,
Contact STARLINK-2047 - STARLINK-31979,0.000,3869.867,3869.867,
Contact STARLINK-2047 - STARLINK-31979,14108.350,15160.287,1051.937,
Contact STARLINK-2047 - STARLINK-31979,28490.275,29195.469,705.194,
Contact STARLINK-2047 - STARLINK-2424,10184.938,11242.429,1057.491,
Contact STARLINK-2047 - STARLINK-2424,24487.968,25551.501,1063.533,
Contact STARLINK-2047 - STARLINK-2424,35934.389,39851.516,3917.127,
Contact STARLINK-2047 - STARLINK-2424,50247.361,54158.052,3910.691,
Contact STARLINK-2047 - STARLINK-2424,64553.909,68455.502,3901.594,
Contact STARLINK-2047 - STARLINK-2424,78869.367,79895.656,1026.289,
Contact STARLINK-2047 - STARLINK-30754,0.000,86400.000,86400.000,
Contact STARLINK-2047 - STARLINK-5737,7037.347,7895.784,858.437,
Contact STARLINK-2047 - STARLINK-5737,21368.638,22243.761,875.123,
Contact STARLINK-2047 - STARLINK-5737,35691.288,36601.772,910.484,
Contact STARLINK-2047 - STARLINK-5737,50023.816,50948.516,924.700,
Contact STARLINK-2047 - STARLINK-5737,64348.092,65304.861,956.769,
Contact STARLINK-2047 - STARLINK-5737,78681.752,79650.482,968.730,
Contact STARLINK-2047 - STARLINK-5231,0.000,86400.000,86400.000,
Contact STARLINK-2047 - STARLINK-11092 [DTC],46011.580,47050.839,1039.260,
Contact STARLINK-2047 - STARLINK-11092 [DTC],56960.755,64093.141,7132.386,
Contact STARLINK-2047 - STARLINK-11092 [DTC],65434.088,72278.210,6844.121,
Contact STARLINK-2047 - STARLINK-11072 [DTC],65956.410,86400.000,20443.590,
Contact STARLINK-2047 - STARLINK-5503,0.000,2960.601,2960.601,
Contact STARLINK-2047 - STARLINK-5503,10335.922,17289.313,6953.392,
Contact STARLINK-2047 - STARLINK-5503,24710.653,25894.588,1183.935,
Contact STARLINK-2047 - STARLINK-5503,39100.191,40217.645,1117.454,
Contact STARLINK-2047 - STARLINK-5503,53481.745,54549.490,1067.746,
Contact STARLINK-2047 - STARLINK-5503,67879.471,68864.578,985.107,
Contact STARLINK-2047 - STARLINK-5503,82268.909,83188.466,919.556,
Contact STARLINK-2047 - STARLINK-4522,0.000,3644.649,3644.649,
Contact STARLINK-2047 - STARLINK-4522,14262.177,15068.973,806.796,
Contact STARLINK-2047 - STARLINK-4522,28602.682,29339.673,736.991,
Contact STARLINK-2047 - STARLINK-4522,42932.485,43621.501,689.015,
Contact STARLINK-2047 - STARLINK-4522,57281.620,57883.585,601.965,
Contact STARLINK-2047 - STARLINK-4522,71619.754,72157.027,537.273,
Contact STARLINK-2047 - STARLINK-4522,85985.892,86400.000,414.108,
Contact STARLINK-2047 - MoonARTEMIS1,997.623,10234.194,9236.570,
Contact STARLINK-2047 - MoonARTEMIS1,11844.159,27599.950,15755.792,
Contact STARLINK-2047 - MoonARTEMIS1,29081.121,39162.363,10081.242,
Contact STARLINK-2047 - MoonARTEMIS1,40568.629,56496.960,15928.331,
Contact STARLINK-2047 - MoonARTEMIS1,57797.560,68049.132,10251.571,
Contact STARLINK-2047 - MoonARTEMIS1,69282.220,85372.882,16090.662,
Contact STARLINK-2047 - MoonARTEMIS2,323.992,10147.528,9823.536,
Contact STARLINK-2047 - MoonARTEMIS2,11804.400,27481.320,15676.920,
Contact STARLINK-2047 - MoonARTEMIS2,29040.886,39098.834,10057.948,
Contact STARLINK-2047 - MoonARTEMIS2,40540.639,56433.480,15892.840,
Contact STARLINK-2047 - MoonARTEMIS2,57746.117,67994.788,10248.672,
Contact STARLINK-2047 - MoonARTEMIS2,69219.691,85352.719,16133.028,
Contact STARLINK-2047 - MoonIOAGEO,350.456,3706.737,3356.281,
Contact STARLINK-2047 - MoonIOAGEO,11838.367,27521.184,15682.817,
Contact STARLINK-2047 - MoonIOAGEO,29052.270,39036.824,9984.554,
Contact STARLINK-2047 - MoonIOAGEO,40529.193,47957.993,7428.800,
Contact STARLINK-2047 - MoonIOAGEO,52023.630,56449.926,4426.295,
Contact STARLINK-2047 - MoonIOAGEO,57771.731,68012.328,10240.597,
Contact STARLINK-2047 - MoonIOAGEO,69253.767,85315.806,16062.039,
Contact STARLINK-2047 - MoonIOAGNO,335.669,10213.439,9877.770,
Contact STARLINK-2047 - MoonIOAGNO,11839.185,27498.577,15659.392,
Contact STARLINK-2047 - MoonIOAGNO,29006.703,39078.845,10072.142,
Contact STARLINK-2047 - MoonIOAGNO,40501.428,56399.008,15897.580,
Contact STARLINK-2047 - MoonIOAGNO,57748.983,67971.838,10222.855,
Contact STARLINK-2047 - MoonIOAGNO,69187.255,85392.475,16205.220,
Contact STARLINK-2047 - MoonIOAGNO 0001,320.975,10189.691,9868.716,
Contact STARLINK-2047 - MoonIOAGNO 0001,11793.221,27540.495,15747.274,
Contact STARLINK-2047 - MoonIOAGNO 0001,29060.343,39044.529,9984.186,
Contact STARLINK-2047 - MoonIOAGNO 0001,40501.930,56418.061,15916.131,
Contact STARLINK-2047 - MoonIOAGNO 0001,57711.113,68015.513,10304.400,
Contact STARLINK-2047 - MoonIOAGNO 0001,69241.985,85344.339,16102.354,
Contact STARLINK-2047 - MoonIOAGSO,369.938,8082.170,7712.232,
Contact STARLINK-2047 - MoonIOAGSO,11828.098,27503.719,15675.621,
Contact STARLINK-2047 - MoonIOAGSO,29091.794,39038.216,9946.422,
Contact STARLINK-2047 - MoonIOAGSO,40563.360,56432.225,15868.865,
Contact STARLINK-2047 - MoonIOAGSO,57774.752,67958.332,10183.580,
Contact STARLINK-2047 - MoonIOAGSO,69300.240,85295.030,15994.790,
Contact STARLINK-2047 - MoonIOAGSO 0001,381.614,10189.566,9807.952,
Contact STARLINK-2047 - MoonIOAGSO 0001,11865.643,27502.453,15636.811,
Contact STARLINK-2047 - MoonIOAGSO 0001,31009.617,39076.383,8066.766,
Contact STARLINK-2047 - MoonIOAGSO 0001,40564.316,56372.681,15808.365,
Contact STARLINK-2047 - MoonIOAGSO 0001,57802.461,67946.287,10143.826,
Contact STARLINK-2047 - MoonIOAGSO 0001,69258.447,85338.681,16080.234,
Contact STARLINK-2047 - MoonLRO,346.364,10206.066,9859.702,
Contact STARLINK-2047 - MoonLRO,13914.654,15974.671,2060.017,
Contact STARLINK-2047 - MoonLRO,20748.195,24642.372,3894.177,
Contact STARLINK-2047 - MoonLRO,34784.934,38315.226,3530.292,
Contact STARLINK-2047 - MoonLRO,41205.659,44850.526,3644.867,
Contact STARLINK-2047 - MoonLRO,48057.660,50632.074,2574.414,
Contact STARLINK-2047 - MoonLRO,63505.721,65636.939,2131.218,
Contact STARLINK-2047 - MoonLRO,69239.408,85354.167,16114.759,
Contact STARLINK-2047 - MarsSat1,0.000,6738.197,6738.197,
Contact STARLINK-2047 - MarsSat1,8805.808,12474.543,3668.735,
Contact STARLINK-2047 - MarsSat1,14540.805,23947.306,9406.501,
Contact STARLINK-2047 - MarsSat1,26010.842,35420.192,9409.351,
Contact STARLINK-2047 - MarsSat1,37480.950,41156.687,3675.737,
Contact STARLINK-2047 - MarsSat1,43216.032,52629.780,9413.748,
Contact STARLINK-2047 - MarsSat1,54686.249,64102.996,9416.747,
Contact STARLINK-2047 - MarsSat1,66156.519,75576.306,9419.787,
Contact STARLINK-2047 - MarsSat1,77626.821,81312.988,3686.167,
Contact STARLINK-2047 - MarsSat1,83361.982,86400.000,3038.018,
Contact STARLINK-2047 - MarsSat2,0.000,6738.284,6738.284,
Contact STARLINK-2047 - MarsSat2,8805.918,12474.661,3668.743,
Contact STARLINK-2047 - MarsSat2,14540.935,23947.481,9406.546,
Contact STARLINK-2047 - MarsSat2,26010.995,35420.394,9409.398,
Contact STARLINK-2047 - MarsSat2,37481.095,41156.885,3675.790,
Contact STARLINK-2047 - MarsSat2,43216.161,52629.941,9413.779,
Contact STARLINK-2047 - MarsSat2,54686.327,64103.094,9416.767,
Contact STARLINK-2047 - MarsSat2,66156.540,75576.346,9419.806,
Contact STARLINK-2047 - MarsSat2,77626.802,81313.009,3686.207,
Contact STARLINK-2047 - MarsSat2,83361.953,86400.000,3038.047,
Contact STARLINK-2047 - MarsSat3,0.000,6738.247,6738.247,
Contact STARLINK-2047 - MarsSat3,8805.877,12474.616,3668.738,
Contact STARLINK-2047 - MarsSat3,14540.882,23947.407,9406.525,
Contact STARLINK-2047 - MarsSat3,26010.911,35420.279,9409.368,
Contact STARLINK-2047 - MarsSat3,37480.977,41156.749,3675.772,
Contact STARLINK-2047 - MarsSat3,43216.029,52629.768,9413.739,
Contact STARLINK-2047 - MarsSat3,54686.187,64102.923,9416.736,
Contact STARLINK-2047 - MarsSat3,66156.450,75576.252,9419.802,
Contact STARLINK-2047 - MarsSat3,77626.813,81312.962,3686.149,
Contact STARLINK-2047 - MarsSat3,83362.004,86400.000,3037.996,
Contact STARLINK-2047 - MarsSat4,0.000,6738.171,6738.171,
Contact STARLINK-2047 - MarsSat4,8805.782,12474.509,3668.727,
Contact STARLINK-2047 - MarsSat4,14540.781,23947.359,9406.578,
Contact STARLINK-2047 - MarsSat4,26010.914,35420.278,9409.364,
Contact STARLINK-2047 - MarsSat4,37480.991,41156.742,3675.751,
Contact STARLINK-2047 - MarsSat4,43216.038,52629.793,9413.755,
Contact STARLINK-2047 - MarsSat4,54686.263,64103.016,9416.754,
Contact STARLINK-2047 - MarsSat4,66156.504,75576.236,9419.732,
Contact STARLINK-2047 - MarsSat4,77626.741,81312.893,3686.152,
Contact STARLINK-2047 - MarsSat4,83361.918,86400.000,3038.082,
Contact STARLINK-30145 - STARLINK-30549,10297.332,11290.848,993.516,
Contact STARLINK-30145 - STARLINK-30549,24547.634,25441.810,894.177,
Contact STARLINK-30145 - STARLINK-30549,35979.118,36731.683,752.565,
Contact STARLINK-30145 - STARLINK-30549,50330.347,50782.911,452.564,
Contact STARLINK-30145 - STARLINK-1463,0.000,24488.929,24488.929,
Contact STARLINK-30145 - STARLINK-1463,25416.586,35829.380,10412.795,
Contact STARLINK-30145 - STARLINK-1463,39998.231,47161.673,7163.442,
Contact STARLINK-30145 - STARLINK-1463,57560.810,61241.098,3680.287,
Contact STARLINK-30145 - STARLINK-5565,6982.228,7815.695,833.467,
Contact STARLINK-30145 - STARLINK-5565,21341.460,22188.663,847.204,
Contact STARLINK-30145 - STARLINK-5565,35701.265,36560.578,859.313,
Contact STARLINK-30145 - STARLINK-5565,50061.841,50932.106,870.264,
Contact STARLINK-30145 - STARLINK-5565,64423.483,65302.168,878.685,
Contact STARLINK-30145 - STARLINK-5565,78785.406,79672.252,886.847,
Contact STARLINK-30145 - STARLINK-1227,3194.463,10254.883,7060.420,
Contact STARLINK-30145 - STARLINK-1227,17517.966,24587.825,7069.859,
Contact STARLINK-30145 - STARLINK-1227,31851.200,38908.563,7057.363,
Contact STARLINK-30145 - STARLINK-1227,46174.943,47510.559,1335.616,
Contact STARLINK-30145 - STARLINK-1227,60508.336,61831.154,1322.818,
Contact STARLINK-30145 - STARLINK-1227,69100.806,76163.541,7062.735,
Contact STARLINK-30145 - STARLINK-1227,83434.325,86400.000,2965.675,
Contact STARLINK-30145 - STARLINK-5093,10537.722,11163.415,625.693,
Contact STARLINK-30145 - STARLINK-5093,24908.854,25528.563,619.709,
Contact STARLINK-30145 - STARLINK-5093,39277.295,39897.171,619.876,
Contact STARLINK-30145 - STARLINK-5093,53648.768,54261.926,613.158,
Contact STARLINK-30145 - STARLINK-5093,68016.756,68630.928,614.172,
Contact STARLINK-30145 - STARLINK-5093,82388.613,82995.254,606.640,
Contact STARLINK-30145 - STARLINK-2556,7064.972,10903.823,3838.851,
Contact STARLINK-30145 - STARLINK-2556,21385.127,25215.184,3830.057,
Contact STARLINK-30145 - STARLINK-2556,35706.550,36664.163,957.613,
Contact STARLINK-30145 - STARLINK-2556,50027.914,50975.224,947.310,
Contact STARLINK-30145 - STARLINK-2556,64350.478,65284.857,934.379,
Contact STARLINK-30145 - STARLINK-2556,78673.077,79594.637,921.560,
Contact STARLINK-30145 - STARLINK-1073,0.000,3929.852,3929.852,
Contact STARLINK-30145 - STARLINK-1073,14306.514,18276.896,3970.382,
Contact STARLINK-30145 - STARLINK-1073,28630.811,32605.097,3974.286,
Contact STARLINK-30145 - STARLINK-1073,42970.271,46951.910,3981.639,
Contact STARLINK-30145 - STARLINK-1073,57294.760,61280.174,3985.415,
Contact STARLINK-30145 - STARLINK-1073,71634.133,78485.141,6851.008,
Contact STARLINK-30145 - STARLINK-1073,85958.807,86400.000,441.193,
Contact STARLINK-30145 - STARLINK-31979,10125.743,11064.799,939.057,
Contact STARLINK-30145 - STARLINK-31979,21535.964,25217.726,3681.762,
Contact STARLINK-30145 - STARLINK-31979,35835.525,36513.094,677.568,
Contact STARLINK-30145 - STARLINK-31979,50199.992,50570.573,370.581,
Contact STARLINK-30145 - STARLINK-30754,6926.120,7719.517,793.397,
Contact STARLINK-30145 - STARLINK-30754,21297.834,22033.519,735.684,
Contact STARLINK-30145 - STARLINK-30754,35656.558,36361.609,705.051,
Contact STARLINK-30145 - STARLINK-30754,50032.627,50671.212,638.586,
Contact STARLINK-30145 - STARLINK-30754,64394.501,64996.120,601.619,
Contact STARLINK-30145 - STARLINK-30754,78777.402,79298.847,521.446,
Contact STARLINK-30145 - STARLINK-5737,0.000,86400.000,86400.000,
Contact STARLINK-30145 - STARLINK-11092 [DTC],53363.900,54100.950,737.050,
Contact STARLINK-30145 - STARLINK-11092 [DTC],64512.757,65404.321,891.564,
Contact STARLINK-30145 - STARLINK-11092 [DTC],78614.316,79367.101,752.785,
Contact STARLINK-30145 - STARLINK-4522,10215.718,11011.947,796.229,
Contact STARLINK-30145 - STARLINK-4522,24550.659,25290.902,740.243,
Contact STARLINK-30145 - STARLINK-4522,50351.456,50995.636,644.180,
Contact STARLINK-30145 - STARLINK-4522,64697.228,65263.639,566.410,
Contact STARLINK-30145 - STARLINK-4522,79040.215,79534.910,494.694,
Contact STARLINK-30145 - MoonARTEMIS1,969.984,9445.562,8475.578,
Contact STARLINK-30145 - MoonARTEMIS1,11616.798,20963.539,9346.741,
Contact STARLINK-30145 - MoonARTEMIS1,23131.594,26717.955,3586.362,
Contact STARLINK-30145 - MoonARTEMIS1,28885.126,38222.229,9337.103,
Contact STARLINK-30145 - MoonARTEMIS1,40387.985,49722.397,9334.412,
Contact STARLINK-30145 - MoonARTEMIS1,51886.975,55471.334,3584.358,
Contact STARLINK-30145 - MoonARTEMIS1,57635.388,66967.356,9331.968,
Contact STARLINK-30145 - MoonARTEMIS1,69130.493,78461.303,9330.810,
Contact STARLINK-30145 - MoonARTEMIS1,80623.758,86400.000,5776.242,
Contact STARLINK-30145 - MoonARTEMIS2,76.775,9412.515,9335.739,
Contact STARLINK-30145 - MoonARTEMIS2,11579.275,20917.172,9337.897,
Contact STARLINK-30145 - MoonARTEMIS2,23085.167,26672.122,3586.954,
Contact STARLINK-30145 - MoonARTEMIS2,28841.451,38199.537,9358.086,
Contact STARLINK-30145 - MoonARTEMIS2,40368.019,49702.189,9334.170,
Contact STARLINK-30145 - MoonARTEMIS2,51869.725,55451.687,3581.962,
Contact STARLINK-30145 - MoonARTEMIS2,57619.302,66950.190,9330.888,
Contact STARLINK-30145 - MoonARTEMIS2,69117.921,78448.766,9330.844,
Contact STARLINK-30145 - MoonARTEMIS2,80616.415,86400.000,5783.585,
Contact STARLINK-30145 - MoonIOAGEO,87.558,3658.683,3571.125,
Contact STARLINK-30145 - MoonIOAGEO,11610.776,20948.334,9337.558,
Contact STARLINK-30145 - MoonIOAGEO,23112.623,26689.958,3577.334,
Contact STARLINK-30145 - MoonIOAGEO,28852.963,38175.998,9323.035,
Contact STARLINK-30145 - MoonIOAGEO,40343.242,47848.655,7505.413,
Contact STARLINK-30145 - MoonIOAGEO,52002.024,55454.353,3452.329,
Contact STARLINK-30145 - MoonIOAGEO,57623.457,66956.624,9333.168,
Contact STARLINK-30145 - MoonIOAGEO,69119.819,78438.710,9318.892,
Contact STARLINK-30145 - MoonIOAGEO,80603.105,86400.000,5796.895,
Contact STARLINK-30145 - MoonIOAGNO,108.594,9437.746,9329.152,
Contact STARLINK-30145 - MoonIOAGNO,11597.490,20931.214,9333.724,
Contact STARLINK-30145 - MoonIOAGNO,23099.023,26686.805,3587.782,
Contact STARLINK-30145 - MoonIOAGNO,28854.811,38197.422,9342.610,
Contact STARLINK-30145 - MoonIOAGNO,40365.105,49701.027,9335.922,
Contact STARLINK-30145 - MoonIOAGNO,51864.796,55439.849,3575.053,
Contact STARLINK-30145 - MoonIOAGNO,63356.162,66942.534,3586.372,
Contact STARLINK-30145 - MoonIOAGNO,69110.982,78453.538,9342.555,
Contact STARLINK-30145 - MoonIOAGNO,80621.240,86400.000,5778.760,
Contact STARLINK-30145 - MoonIOAGNO 0001,92.804,9437.905,9345.101,
Contact STARLINK-30145 - MoonIOAGNO 0001,11604.850,20946.741,9341.891,
Contact STARLINK-30145 - MoonIOAGNO 0001,23113.347,26697.433,3584.085,
Contact STARLINK-30145 - MoonIOAGNO 0001,28862.164,38182.467,9320.302,
Contact STARLINK-30145 - MoonIOAGNO 0001,40350.221,49692.054,9341.833,
Contact STARLINK-30145 - MoonIOAGNO 0001,51860.551,55447.592,3587.041,
Contact STARLINK-30145 - MoonIOAGNO 0001,57615.804,66955.996,9340.191,
Contact STARLINK-30145 - MoonIOAGNO 0001,69122.190,78444.189,9321.999,
Contact STARLINK-30145 - MoonIOAGNO 0001,80609.473,86400.000,5790.527,
Contact STARLINK-30145 - MoonIOAGSO,80.959,8004.166,7923.207,
Contact STARLINK-30145 - MoonIOAGSO,11606.446,20928.232,9321.786,
Contact STARLINK-30145 - MoonIOAGSO,23092.372,26672.321,3579.949,
Contact STARLINK-30145 - MoonIOAGSO,28837.474,38169.898,9332.424,
Contact STARLINK-30145 - MoonIOAGSO,40337.247,49684.866,9347.619,
Contact STARLINK-30145 - MoonIOAGSO,52462.119,55450.312,2988.193,
Contact STARLINK-30145 - MoonIOAGSO,63357.001,66936.867,3579.865,
Contact STARLINK-30145 - MoonIOAGSO,69100.323,78430.886,9330.563,
Contact STARLINK-30145 - MoonIOAGSO,80595.732,86400.000,5804.268,
Contact STARLINK-30145 - MoonIOAGSO 0001,88.588,9415.201,9326.612,
Contact STARLINK-30145 - MoonIOAGSO 0001,11580.948,20918.472,9337.524,
Contact STARLINK-30145 - MoonIOAGSO 0001,23087.083,26677.263,3590.180,
Contact STARLINK-30145 - MoonIOAGSO 0001,30953.802,38189.884,7236.082,
Contact STARLINK-30145 - MoonIOAGSO 0001,40353.435,49676.847,9323.412,
Contact STARLINK-30145 - MoonIOAGSO 0001,51841.799,61175.768,9333.969,
Contact STARLINK-30145 - MoonIOAGSO 0001,63342.845,66931.219,3588.374,
Contact STARLINK-30145 - MoonIOAGSO 0001,69100.470,78456.086,9355.616,
Contact STARLINK-30145 - MoonIOAGSO 0001,80619.115,86400.000,5780.885,
Contact STARLINK-30145 - MoonLRO,250.013,9433.255,9183.241,
Contact STARLINK-30145 - MoonLRO,13895.835,15186.288,1290.453,
Contact STARLINK-30145 - MoonLRO,34607.780,38188.299,3580.519,
Contact STARLINK-30145 - MoonLRO,41226.567,43940.185,2713.618,
Contact STARLINK-30145 - MoonLRO,63363.261,65614.866,2251.604,
Contact STARLINK-30145 - MoonLRO,69115.748,78449.113,9333.365,
Contact STARLINK-30145 - MoonLRO,82193.728,84202.544,2008.816,
Contact STARLINK-30145 - MarsSat1,0.000,6039.314,6039.314,
Contact STARLINK-30145 - MarsSat1,8158.316,17514.183,9355.867,
Contact STARLINK-30145 - MarsSat1,19634.234,23251.596,3617.362,
Contact STARLINK-30145 - MarsSat1,25372.158,34726.397,9354.239,
Contact STARLINK-30145 - MarsSat1,36847.957,46201.190,9353.233,
Contact STARLINK-30145 - MarsSat1,48323.709,51938.587,3614.878,
Contact STARLINK-30145 - MarsSat1,54061.570,63413.380,9351.809,
Contact STARLINK-30145 - MarsSat1,65537.254,74888.151,9350.897,
Contact STARLINK-30145 - MarsSat1,77012.862,86362.871,9350.010,
Contact STARLINK-30145 - MarsSat2,0.000,6039.283,6039.283,
Contact STARLINK-30145 - MarsSat2,8158.312,17514.222,9355.910,
Contact STARLINK-30145 - MarsSat2,19634.307,23251.675,3617.368,
Contact STARLINK-30145 - MarsSat2,25372.272,34726.548,9354.276,
Contact STARLINK-30145 - MarsSat2,36848.135,46201.378,9353.243,
Contact STARLINK-30145 - MarsSat2,48323.911,51938.778,3614.866,
Contact STARLINK-30145 - MarsSat2,54061.767,63413.546,9351.779,
Contact STARLINK-30145 - MarsSat2,65537.414,74888.274,9350.860,
Contact STARLINK-30145 - MarsSat2,77012.975,86362.962,9349.988,
Contact STARLINK-30145 - MarsSat3,0.000,6039.278,6039.278,
Contact STARLINK-30145 - MarsSat3,8158.304,17514.223,9355.920,
Contact STARLINK-30145 - MarsSat3,19634.299,23251.674,3617.375,
Contact STARLINK-30145 - MarsSat3,25372.257,34726.527,9354.270,
Contact STARLINK-30145 - MarsSat3,36848.093,46201.314,9353.221,
Contact STARLINK-30145 - MarsSat3,48323.819,51938.682,3614.862,
Contact STARLINK-30145 - MarsSat3,54061.642,63413.376,9351.734,
Contact STARLINK-30145 - MarsSat3,65537.223,74888.070,9350.847,
Contact STARLINK-30145 - MarsSat3,77012.777,86362.798,9350.021,
Contact STARLINK-30145 - MarsSat4,0.000,6039.300,6039.300,
Contact STARLINK-30145 - MarsSat4,8158.298,17514.149,9355.850,
Contact STARLINK-30145 - MarsSat4,19634.200,23251.580,3617.380,
Contact STARLINK-30145 - MarsSat4,25372.173,34726.484,9354.310,
Contact STARLINK-30145 - MarsSat4,36848.055,46201.263,9353.208,
Contact STARLINK-30145 - MarsSat4,48323.765,51938.620,3614.854,
Contact STARLINK-30145 - MarsSat4,54061.598,63413.428,9351.830,
Contact STARLINK-30145 - MarsSat4,65537.299,74888.152,9350.853,
Contact STARLINK-30145 - MarsSat4,77012.838,86362.790,9349.952,
Contact STARLINK-32210 - STARLINK-31530,53621.526,54319.699,698.172,
Contact STARLINK-32210 - STARLINK-31530,67646.077,68476.278,830.201,
Contact STARLINK-32210 - STARLINK-31530,78882.256,79784.616,902.359,
Contact STARLINK-32210 - STARLINK-5093,3536.514,4264.415,727.901,
Contact STARLINK-32210 - STARLINK-5093,17723.540,18649.712,926.172,
Contact STARLINK-32210 - STARLINK-5093,31944.369,33002.955,1058.586,
Contact STARLINK-32210 - STARLINK-5093,46213.993,47304.630,1090.637,
Contact STARLINK-32210 - STARLINK-5093,60505.873,61585.637,1079.764,
Contact STARLINK-32210 - STARLINK-5093,71966.920,75821.818,3854.898,
Contact STARLINK-32210 - STARLINK-5093,86328.847,86400.000,71.153,
Contact STARLINK-32210 - STARLINK-5591,6621.853,13739.212,7117.358,
Contact STARLINK-32210 - STARLINK-5591,20871.182,22333.733,1462.551,
Contact STARLINK-32210 - STARLINK-5591,29467.462,36571.525,7104.062,
Contact STARLINK-32210 - STARLINK-5591,43845.631,50748.772,6903.141,
Contact STARLINK-32210 - STARLINK-5591,64149.268,64805.156,655.889,
Contact STARLINK-32210 - STARLINK-5829,6601.152,7706.495,1105.343,
Contact STARLINK-32210 - STARLINK-5829,20921.212,21957.148,1035.936,
Contact STARLINK-32210 - STARLINK-5829,35284.694,36163.024,878.329,
Contact STARLINK-32210 - STARLINK-3325,25057.664,25552.004,494.340,
Contact STARLINK-32210 - STARLINK-3325,39235.330,39844.310,608.980,
Contact STARLINK-32210 - STARLINK-3325,53427.988,54122.700,694.712,
Contact STARLINK-32210 - STARLINK-3325,64787.724,65539.351,751.627,
Contact STARLINK-32210 - STARLINK-3325,78993.966,79803.170,809.204,
Contact STARLINK-32210 - STARLINK-5850,0.000,80833.741,80833.741,
Contact STARLINK-32210 - STARLINK-5453,7038.796,7350.505,311.710,
Contact STARLINK-32210 - STARLINK-5453,20786.408,22080.957,1294.548,
Contact STARLINK-32210 - STARLINK-5453,29162.732,39518.715,10355.983,
Contact STARLINK-32210 - STARLINK-5453,40320.304,86400.000,46079.696,
Contact STARLINK-32210 - STARLINK-31082,7067.933,10888.385,3820.453,
Contact STARLINK-32210 - STARLINK-31082,21012.648,28313.965,7301.317,
Contact STARLINK-32210 - STARLINK-31082,29438.083,42761.734,13323.651,
Contact STARLINK-32210 - STARLINK-31082,43487.692,57168.326,13680.633,
Contact STARLINK-32210 - STARLINK-31082,57617.012,82691.725,25074.713,
Contact STARLINK-32210 - STARLINK-31082,83403.155,86400.000,2996.845,
Contact STARLINK-32210 - STARLINK-4569,7091.925,11140.277,4048.352,
Contact STARLINK-32210 - STARLINK-4569,21212.462,28436.304,7223.842,
Contact STARLINK-32210 - STARLINK-4569,35421.381,42771.260,7349.879,
Contact STARLINK-32210 - STARLINK-4569,49681.186,57031.905,7350.719,
Contact STARLINK-32210 - STARLINK-4569,58294.966,65546.673,7251.707,
Contact STARLINK-32210 - STARLINK-4569,72685.602,79681.985,6996.383,
Contact STARLINK-32210 - STARLINK-4328,6619.098,7428.505,809.407,
Contact STARLINK-32210 - STARLINK-4328,20855.093,21748.333,893.241,
Contact STARLINK-32210 - STARLINK-4328,32258.855,36042.859,3784.005,
Contact STARLINK-32210 - STARLINK-4328,46532.832,47470.575,937.743,
Contact STARLINK-32210 - STARLINK-4328,60814.576,61744.669,930.094,
Contact STARLINK-32210 - STARLINK-4328,75124.990,75990.187,865.198,
Contact STARLINK-32210 - STARLINK-2214,0.000,482.107,482.107,
Contact STARLINK-32210 - STARLINK-2214,14010.188,14664.057,653.869,
Contact STARLINK-32210 - STARLINK-2214,28295.497,28839.038,543.541,
Contact STARLINK-32210 - STARLINK-11136 [DTC],57210.054,57893.413,683.359,
Contact STARLINK-32210 - STARLINK-11136 [DTC],68314.553,69119.744,805.191,
Contact STARLINK-32210 - STARLINK-11136 [DTC],82266.801,83080.137,813.336,
Contact STARLINK-32210 - STARLINK-5628,3531.945,4223.120,691.175,
Contact STARLINK-32210 - STARLINK-5628,17997.085,18309.193,312.108,
Contact STARLINK-32210 - STARLINK-5231,60160.768,64693.417,4532.649,
Contact STARLINK-32210 - STARLINK-5231,65084.557,86400.000,21315.443,
Contact STARLINK-32210 - STARLINK-11092 [DTC],10202.829,11326.183,1123.353,
Contact STARLINK-32210 - STARLINK-11092 [DTC],21323.726,28073.706,6749.980,
Contact STARLINK-32210 - STARLINK-11092 [DTC],35429.356,36320.850,891.494,
Contact STARLINK-32210 - STARLINK-11072 [DTC],35547.011,67926.593,32379.582,
Contact STARLINK-32210 - STARLINK-11072 [DTC],68568.943,72856.695,4287.752,
Contact STARLINK-32210 - STARLINK-5503,57001.463,57714.801,713.338,
Contact STARLINK-32210 - STARLINK-5503,68229.638,72226.811,3997.173,
Contact STARLINK-32210 - STARLINK-5503,82351.643,86400.000,4048.357,
Contact STARLINK-32210 - STARLINK-6319,0.000,233.117,233.117,
Contact STARLINK-32210 - MoonARTEMIS1,2397.686,6543.857,4146.172,
Contact STARLINK-32210 - MoonARTEMIS1,8106.003,23734.010,15628.007,
Contact STARLINK-32210 - MoonARTEMIS1,25227.786,35158.761,9930.975,
Contact STARLINK-32210 - MoonARTEMIS1,36629.897,46570.443,9940.546,
Contact STARLINK-32210 - MoonARTEMIS1,48027.890,63670.638,15642.748,
Contact STARLINK-32210 - MoonARTEMIS1,65118.923,75062.025,9943.102,
Contact STARLINK-32210 - MoonARTEMIS1,76509.126,86400.000,9890.874,
Contact STARLINK-32210 - MoonARTEMIS2,0.000,6481.111,6481.111,
Contact STARLINK-32210 - MoonARTEMIS2,8043.245,17905.074,9861.830,
Contact STARLINK-32210 - MoonARTEMIS2,19432.435,33016.723,13584.288,
Contact STARLINK-32210 - MoonARTEMIS2,36578.747,46529.615,9950.869,
Contact STARLINK-32210 - MoonARTEMIS2,47968.887,63645.742,15676.855,
Contact STARLINK-32210 - MoonARTEMIS2,65050.829,75051.773,10000.944,
Contact STARLINK-32210 - MoonARTEMIS2,76446.457,86400.000,9953.543,
Contact STARLINK-32210 - MoonIOAGEO,0.000,3885.411,3885.411,
Contact STARLINK-32210 - MoonIOAGEO,8100.698,17989.343,9888.645,
Contact STARLINK-32210 - MoonIOAGEO,19497.379,35056.033,15558.654,
Contact STARLINK-32210 - MoonIOAGEO,36541.246,46488.835,9947.590,
Contact STARLINK-32210 - MoonIOAGEO,51763.784,63657.208,11893.424,
Contact STARLINK-32210 - MoonIOAGEO,65087.928,75027.110,9939.182,
Contact STARLINK-32210 - MoonIOAGEO,76454.787,86400.000,9945.213,
Contact STARLINK-32210 - MoonIOAGNO,0.000,6558.510,6558.510,
Contact STARLINK-32210 - MoonIOAGNO,8108.858,17937.147,9828.289,
Contact STARLINK-32210 - MoonIOAGNO,19437.580,35103.353,15665.773,
Contact STARLINK-32210 - MoonIOAGNO,36526.255,46530.100,10003.845,
Contact STARLINK-32210 - MoonIOAGNO,47965.599,63625.431,15659.832,
Contact STARLINK-32210 - MoonIOAGNO,65013.043,75063.452,10050.409,
Contact STARLINK-32210 - MoonIOAGNO,76429.879,86400.000,9970.121,
Contact STARLINK-32210 - MoonIOAGNO 0001,0.000,6533.351,6533.351,
Contact STARLINK-32210 - MoonIOAGNO 0001,8048.632,17976.609,9927.977,
Contact STARLINK-32210 - MoonIOAGNO 0001,19455.982,35069.680,15613.698,
Contact STARLINK-32210 - MoonIOAGNO 0001,36540.159,46505.636,9965.477,
Contact STARLINK-32210 - MoonIOAGNO 0001,47906.132,63657.228,15751.096,
Contact STARLINK-32210 - MoonIOAGNO 0001,65052.890,75037.470,9984.580,
Contact STARLINK-32210 - MoonIOAGNO 0001,76476.856,86400.000,9923.144,
Contact STARLINK-32210 - MoonIOAGSO,0.000,6522.226,6522.226,
Contact STARLINK-32210 - MoonIOAGSO,9390.350,17949.219,8558.870,
Contact STARLINK-32210 - MoonIOAGSO,19500.600,35035.386,15534.786,
Contact STARLINK-32210 - MoonIOAGSO,36575.003,46468.441,9893.438,
Contact STARLINK-32210 - MoonIOAGSO,47950.329,63605.087,15654.758,
Contact STARLINK-32210 - MoonIOAGSO,65086.092,74984.033,9897.940,
Contact STARLINK-32210 - MoonIOAGSO,76479.545,86397.709,9918.164,
Contact STARLINK-32210 - MoonIOAGSO 0001,0.000,6505.419,6505.419,
Contact STARLINK-32210 - MoonIOAGSO 0001,8117.613,17912.695,9795.082,
Contact STARLINK-32210 - MoonIOAGSO 0001,19486.132,35096.631,15610.499,
Contact STARLINK-32210 - MoonIOAGSO 0001,36577.769,46467.709,9889.939,
Contact STARLINK-32210 - MoonIOAGSO 0001,47981.112,63576.809,15595.697,
Contact STARLINK-32210 - MoonIOAGSO 0001,65057.586,75051.221,9993.636,
Contact STARLINK-32210 - MoonIOAGSO 0001,76477.121,86400.000,9922.879,
Contact STARLINK-32210 - MoonLRO,2405.917,4170.051,1764.134,
Contact STARLINK-32210 - MoonLRO,8088.355,17809.422,9721.066,
Contact STARLINK-32210 - MoonLRO,20737.381,23661.805,2924.423,
Contact STARLINK-32210 - MoonLRO,27578.628,29375.690,1797.062,
Contact STARLINK-32210 - MoonLRO,42254.907,45145.200,2890.293,
Contact STARLINK-32210 - MoonLRO,48034.813,51953.032,3918.220,
Contact STARLINK-32210 - MoonLRO,54886.707,57914.831,3028.124,
Contact STARLINK-32210 - MoonLRO,70771.330,72468.612,1697.282,
Contact STARLINK-32210 - MoonLRO,76469.870,86100.223,9630.353,
Contact STARLINK-32210 - MarsSat1,0.000,2882.970,2882.970,
Contact STARLINK-32210 - MarsSat1,4887.236,14229.593,9342.357,
Contact STARLINK-32210 - MarsSat1,16230.448,19902.949,3672.501,
Contact STARLINK-32210 - MarsSat1,21902.100,31249.773,9347.673,
Contact STARLINK-32210 - MarsSat1,33245.515,42596.770,9351.256,
Contact STARLINK-32210 - MarsSat1,44589.086,53943.948,9354.862,
Contact STARLINK-32210 - MarsSat1,55932.808,59617.598,3684.790,
Contact STARLINK-32210 - MarsSat1,61604.720,70965.000,9360.281,
Contact STARLINK-32210 - MarsSat1,72948.627,82312.506,9363.879,
Contact STARLINK-32210 - MarsSat1,84292.633,86400.000,2107.367,
Contact STARLINK-32210 - MarsSat2,0.000,2883.019,2883.019,
Contact STARLINK-32210 - MarsSat2,4887.338,14229.722,9342.384,
Contact STARLINK-32210 - MarsSat2,16230.602,19903.120,3672.518,
Contact STARLINK-32210 - MarsSat2,21902.275,31250.009,9347.734,
Contact STARLINK-32210 - MarsSat2,33245.705,42597.024,9351.319,
Contact STARLINK-32210 - MarsSat2,44589.251,53944.165,9354.914,
Contact STARLINK-32210 - MarsSat2,55932.916,59617.782,3684.866,
Contact STARLINK-32210 - MarsSat2,61604.794,70965.110,9360.317,
Contact STARLINK-32210 - MarsSat2,72948.642,82312.563,9363.921,
Contact STARLINK-32210 - MarsSat2,84292.616,86400.000,2107.384,
Contact STARLINK-32210 - MarsSat3,0.000,2882.983,2882.983,
Contact STARLINK-32210 - MarsSat3,4887.298,14229.675,9342.378,
Contact STARLINK-32210 - MarsSat3,16230.539,19903.060,3672.521,
Contact STARLINK-32210 - MarsSat3,21902.194,31249.909,9347.715,
Contact STARLINK-32210 - MarsSat3,33245.584,42596.871,9351.286,
Contact STARLINK-32210 - MarsSat3,44589.093,53943.957,9354.864,
Contact STARLINK-32210 - MarsSat3,55932.744,59617.557,3684.813,
Contact STARLINK-32210 - MarsSat3,61604.637,70964.909,9360.272,
Contact STARLINK-32210 - MarsSat3,72948.575,82312.454,9363.879,
Contact STARLINK-32210 - MarsSat3,84292.649,86400.000,2107.351,
Contact STARLINK-32210 - MarsSat4,0.000,2882.945,2882.945,
Contact STARLINK-32210 - MarsSat4,4887.214,14229.552,9342.338,
Contact STARLINK-32210 - MarsSat4,16230.426,19902.937,3672.511,
Contact STARLINK-32210 - MarsSat4,21902.140,31249.886,9347.745,
Contact STARLINK-32210 - MarsSat4,33245.598,42596.847,9351.249,
Contact STARLINK-32210 - MarsSat4,44589.096,53943.976,9354.880,
Contact STARLINK-32210 - MarsSat4,55932.834,59617.649,3684.815,
Contact STARLINK-32210 - MarsSat4,61604.742,70964.980,9360.238,
Contact STARLINK-32210 - MarsSat4,72948.562,82312.393,9363.831,
Contact STARLINK-32210 - MarsSat4,84292.559,86400.000,2107.441,
Contact STARLINK-30549 - STARLINK-6241,78739.511,85847.457,7107.946,
Contact STARLINK-30549 - STARLINK-30486,0.000,610.164,610.164,
Contact STARLINK-30549 - STARLINK-30486,13934.413,14763.618,829.205,
Contact STARLINK-30549 - STARLINK-30486,28264.429,28858.413,593.984,
Contact STARLINK-30549 - STARLINK-5565,17326.188,72903.526,55577.338,
Contact STARLINK-30549 - STARLINK-1227,13977.857,14520.596,542.740,
Contact STARLINK-30549 - STARLINK-1227,25199.769,28871.105,3671.335,
Contact STARLINK-30549 - STARLINK-1227,39303.006,40302.984,999.979,
Contact STARLINK-30549 - STARLINK-1227,53447.852,54550.820,1102.967,
Contact STARLINK-30549 - STARLINK-1227,67651.078,68738.899,1087.821,
Contact STARLINK-30549 - STARLINK-1227,79044.501,82890.111,3845.610,
Contact STARLINK-30549 - STARLINK-5093,4064.552,11029.601,6965.050,
Contact STARLINK-30549 - STARLINK-5093,21484.155,22168.334,684.179,
Contact STARLINK-30549 - STARLINK-2556,0.000,78277.617,78277.617,
Contact STARLINK-30549 - STARLINK-1073,39131.971,39634.997,503.026,
Contact STARLINK-30549 - STARLINK-1073,50380.919,51112.623,731.705,
Contact STARLINK-30549 - STARLINK-1073,64496.378,65405.120,908.742,
Contact STARLINK-30549 - STARLINK-1073,78663.007,79644.934,981.927,
Contact STARLINK-30549 - STARLINK-31979,0.000,86400.000,86400.000,
Contact STARLINK-30549 - STARLINK-30754,0.000,3973.970,3973.970,
Contact STARLINK-30549 - STARLINK-30754,13983.503,21008.798,7025.294,
Contact STARLINK-30549 - STARLINK-30754,28280.905,29466.474,1185.569,
Contact STARLINK-30549 - STARLINK-30754,42677.430,43493.384,815.955,
Contact STARLINK-30549 - STARLINK-3832,7106.223,7859.841,753.618,
Contact STARLINK-30549 - STARLINK-3832,21234.833,22107.640,872.807,
Contact STARLINK-30549 - STARLINK-3832,35397.841,36321.296,923.455,
Contact STARLINK-30549 - STARLINK-3832,46743.679,50515.638,3771.960,
Contact STARLINK-30549 - STARLINK-3832,60945.835,61850.522,904.687,
Contact STARLINK-30549 - STARLINK-3832,75180.159,75992.875,812.716,
Contact STARLINK-30549 - STARLINK-4569,17864.903,18417.964,553.062,
Contact STARLINK-30549 - STARLINK-4569,32104.595,32638.117,533.523,
Contact STARLINK-30549 - STARLINK-4569,46354.213,46848.422,494.209,
Contact STARLINK-30549 - STARLINK-4569,71972.463,72457.920,485.457,
Contact STARLINK-30549 - STARLINK-4569,86204.666,86400.000,195.334,
Contact STARLINK-30549 - STARLINK-1776,7035.895,7876.809,840.914,
Contact STARLINK-30549 - STARLINK-1776,21157.591,22079.820,922.229,
Contact STARLINK-30549 - STARLINK-1776,35304.873,36257.418,952.546,
Contact STARLINK-30549 - STARLINK-1776,46632.007,50424.806,3792.798,
Contact STARLINK-30549 - STARLINK-1776,60802.974,61743.583,940.609,
Contact STARLINK-30549 - STARLINK-1776,74998.343,75872.869,874.526,
Contact STARLINK-30549 - STARLINK-1776,86365.442,86400.000,34.558,
Contact STARLINK-30549 - STARLINK-6199,53193.773,86400.000,33206.227,
Contact STARLINK-30549 - STARLINK-4328,3367.626,3669.161,301.536,
Contact STARLINK-30549 - STARLINK-4328,43031.047,43690.768,659.720,
Contact STARLINK-30549 - STARLINK-4328,57232.519,57948.326,715.807,
Contact STARLINK-30549 - STARLINK-4328,71436.759,72201.640,764.880,
Contact STARLINK-30549 - STARLINK-4328,85662.419,86400.000,737.581,
Contact STARLINK-30549 - STARLINK-5737,0.000,34.272,34.272,
Contact STARLINK-30549 - STARLINK-5737,10565.138,11315.606,750.468,
Contact STARLINK-30549 - STARLINK-5737,24996.195,25305.901,309.707,
Contact STARLINK-30549 - STARLINK-3506,35817.648,36383.178,565.530,
Contact STARLINK-30549 - STARLINK-3506,49926.438,50632.588,706.151,
Contact STARLINK-30549 - STARLINK-3506,64058.207,64859.680,801.474,
Contact STARLINK-30549 - STARLINK-3506,75377.010,76227.460,850.450,
Contact STARLINK-30549 - STARLINK-11136 [DTC],6601.367,7511.004,909.637,
Contact STARLINK-30549 - STARLINK-5628,57508.217,58203.407,695.190,
Contact STARLINK-30549 - STARLINK-5628,71511.428,72651.557,1140.129,
Contact STARLINK-30549 - STARLINK-5628,85655.315,86400.000,744.685,
Contact STARLINK-30549 - STARLINK-5231,3316.170,3768.871,452.701,
Contact STARLINK-30549 - STARLINK-11092 [DTC],71342.696,72240.641,897.945,
Contact STARLINK-30549 - STARLINK-11092 [DTC],76328.299,86400.000,10071.701,
Contact STARLINK-30549 - STARLINK-4522,0.000,86400.000,86400.000,
Contact STARLINK-30549 - MoonARTEMIS1,1076.174,9636.962,8560.787,
Contact STARLINK-30549 - MoonARTEMIS1,11765.318,20912.163,9146.845,
Contact STARLINK-30549 - MoonARTEMIS1,23052.616,32183.810,9131.193,
Contact STARLINK-30549 - MoonARTEMIS1,34332.713,37818.899,3486.186,
Contact STARLINK-30549 - MoonARTEMIS1,39971.185,49088.009,9116.823,
Contact STARLINK-30549 - MoonARTEMIS1,51245.857,60355.919,9110.062,
Contact STARLINK-30549 - MoonARTEMIS1,62518.103,71622.715,9104.612,
Contact STARLINK-30549 - MoonARTEMIS1,73788.313,77255.671,3467.358,
Contact STARLINK-30549 - MoonARTEMIS1,79422.707,86400.000,6977.293,
Contact STARLINK-30549 - MoonARTEMIS2,448.109,9615.735,9167.626,
Contact STARLINK-30549 - MoonARTEMIS2,11731.250,20888.449,9157.199,
Contact STARLINK-30549 - MoonARTEMIS2,23017.003,32167.874,9150.871,
Contact STARLINK-30549 - MoonARTEMIS2,34892.076,37807.259,2915.183,
Contact STARLINK-30549 - MoonARTEMIS2,39955.297,49070.209,9114.912,
Contact STARLINK-30549 - MoonARTEMIS2,51225.971,60333.959,9107.989,
Contact STARLINK-30549 - MoonARTEMIS2,62495.918,71599.161,9103.243,
Contact STARLINK-30549 - MoonARTEMIS2,73766.152,77232.305,3466.153,
Contact STARLINK-30549 - MoonARTEMIS2,79401.427,86400.000,6998.573,
Contact STARLINK-30549 - MoonIOAGEO,468.371,3748.257,3279.886,
Contact STARLINK-30549 - MoonIOAGEO,11760.536,20904.028,9143.492,
Contact STARLINK-30549 - MoonIOAGEO,23038.417,32167.267,9128.850,
Contact STARLINK-30549 - MoonIOAGEO,34305.972,37800.682,3494.709,
Contact STARLINK-30549 - MoonIOAGEO,39943.700,47797.274,7853.574,
Contact STARLINK-30549 - MoonIOAGEO,51930.466,60346.089,8415.623,
Contact STARLINK-30549 - MoonIOAGEO,62508.478,71610.800,9102.322,
Contact STARLINK-30549 - MoonIOAGEO,73775.424,77242.959,3467.534,
Contact STARLINK-30549 - MoonIOAGEO,79409.216,86400.000,6990.784,
Contact STARLINK-30549 - MoonIOAGNO,467.907,9639.469,9171.562,
Contact STARLINK-30549 - MoonIOAGNO,11756.655,20883.849,9127.194,
Contact STARLINK-30549 - MoonIOAGNO,23012.829,32149.423,9136.594,
Contact STARLINK-30549 - MoonIOAGNO,34293.154,37787.785,3494.631,
Contact STARLINK-30549 - MoonIOAGNO,39937.634,49073.512,9135.878,
Contact STARLINK-30549 - MoonIOAGNO,51232.337,60330.474,9098.138,
Contact STARLINK-30549 - MoonIOAGNO,62486.213,71590.723,9104.511,
Contact STARLINK-30549 - MoonIOAGNO,73756.495,77227.379,3470.884,
Contact STARLINK-30549 - MoonIOAGNO,79396.942,86400.000,7003.058,
Contact STARLINK-30549 - MoonIOAGNO 0001,453.146,9611.881,9158.735,
Contact STARLINK-30549 - MoonIOAGNO 0001,11735.248,20890.365,9155.117,
Contact STARLINK-30549 - MoonIOAGNO 0001,23028.375,32175.609,9147.234,
Contact STARLINK-30549 - MoonIOAGNO 0001,34310.673,37794.467,3483.795,
Contact STARLINK-30549 - MoonIOAGNO 0001,39934.879,49052.079,9117.200,
Contact STARLINK-30549 - MoonIOAGNO 0001,51205.803,60326.976,9121.173,
Contact STARLINK-30549 - MoonIOAGNO 0001,62490.594,71613.828,9123.234,
Contact STARLINK-30549 - MoonIOAGNO 0001,73783.361,77247.136,3463.775,
Contact STARLINK-30549 - MoonIOAGNO 0001,79407.936,86400.000,6992.064,
Contact STARLINK-30549 - MoonIOAGSO,477.221,7994.104,7516.883,
Contact STARLINK-30549 - MoonIOAGSO,11753.540,20915.824,9162.284,
Contact STARLINK-30549 - MoonIOAGSO,23046.994,32187.664,9140.670,
Contact STARLINK-30549 - MoonIOAGSO,34323.488,37818.862,3495.374,
Contact STARLINK-30549 - MoonIOAGSO,39958.220,49073.638,9115.418,
Contact STARLINK-30549 - MoonIOAGSO,51223.166,60351.125,9127.959,
Contact STARLINK-30549 - MoonIOAGSO,62514.278,71628.471,9114.193,
Contact STARLINK-30549 - MoonIOAGSO,73791.857,77261.962,3470.105,
Contact STARLINK-30549 - MoonIOAGSO,79426.308,86400.000,6973.692,
Contact STARLINK-30549 - MoonIOAGSO 0001,486.528,9652.194,9165.666,
Contact STARLINK-30549 - MoonIOAGSO 0001,11765.948,20912.155,9146.207,
Contact STARLINK-30549 - MoonIOAGSO 0001,23036.472,30038.857,7002.385,
Contact STARLINK-30549 - MoonIOAGSO 0001,34312.927,37811.635,3498.708,
Contact STARLINK-30549 - MoonIOAGSO 0001,39961.000,49090.458,9129.458,
Contact STARLINK-30549 - MoonIOAGSO 0001,51241.123,60355.277,9114.154,
Contact STARLINK-30549 - MoonIOAGSO 0001,62510.166,71610.386,9100.220,
Contact STARLINK-30549 - MoonIOAGSO 0001,73772.967,77245.608,3472.641,
Contact STARLINK-30549 - MoonIOAGSO 0001,79419.494,86400.000,6980.506,
Contact STARLINK-30549 - MoonLRO,470.239,9635.793,9165.554,
Contact STARLINK-30549 - MoonLRO,13905.849,15264.956,1359.106,
Contact STARLINK-30549 - MoonLRO,28670.221,31489.916,2819.695,
Contact STARLINK-30549 - MoonLRO,34371.378,37808.647,3437.269,
Contact STARLINK-30549 - MoonLRO,41206.276,43439.816,2233.540,
Contact STARLINK-30549 - MoonLRO,56865.369,58792.855,1927.486,
Contact STARLINK-30549 - MoonLRO,62499.302,65640.486,3141.184,
Contact STARLINK-30549 - MoonLRO,75359.577,77246.320,1886.744,
Contact STARLINK-30549 - MoonLRO,82211.895,82877.508,665.613,
Contact STARLINK-30549 - MarsSat1,0.000,6853.505,6853.505,
Contact STARLINK-30549 - MarsSat1,8386.090,23750.139,15364.049,
Contact STARLINK-30549 - MarsSat1,25308.501,35014.523,9706.022,
Contact STARLINK-30549 - MarsSat1,36589.542,46278.870,9689.328,
Contact STARLINK-30549 - MarsSat1,47870.190,57543.158,9672.968,
Contact STARLINK-30549 - MarsSat1,59150.442,74439.442,15289.000,
Contact STARLINK-30549 - MarsSat1,76069.984,85703.538,9633.554,
Contact STARLINK-30549 - MarsSat2,0.000,6853.712,6853.712,
Contact STARLINK-30549 - MarsSat2,8386.210,23750.330,15364.120,
Contact STARLINK-30549 - MarsSat2,25308.849,35014.652,9705.803,
Contact STARLINK-30549 - MarsSat2,36589.971,46278.911,9688.940,
Contact STARLINK-30549 - MarsSat2,47870.600,57543.115,9672.515,
Contact STARLINK-30549 - MarsSat2,59150.751,74439.330,15288.580,
Contact STARLINK-30549 - MarsSat2,76070.111,85703.422,9633.311,
Contact STARLINK-30549 - MarsSat3,0.000,6853.648,6853.648,
Contact STARLINK-30549 - MarsSat3,8386.151,23750.198,15364.047,
Contact STARLINK-30549 - MarsSat3,25308.731,35014.482,9705.751,
Contact STARLINK-30549 - MarsSat3,36589.775,46278.737,9688.963,
Contact STARLINK-30549 - MarsSat3,47870.310,57543.004,9672.693,
Contact STARLINK-30549 - MarsSat3,59150.389,74439.461,15289.072,
Contact STARLINK-30549 - MarsSat3,76069.859,85703.646,9633.788,
Contact STARLINK-30549 - MarsSat4,0.000,6853.477,6853.477,
Contact STARLINK-30549 - MarsSat4,8386.033,23750.249,15364.216,
Contact STARLINK-30549 - MarsSat4,25308.603,35014.545,9705.942,
Contact STARLINK-30549 - MarsSat4,36589.738,46278.797,9689.059,
Contact STARLINK-30549 - MarsSat4,47870.257,57543.168,9672.911,
Contact STARLINK-30549 - MarsSat4,59150.525,74439.332,15288.807,
Contact STARLINK-30549 - MarsSat4,76069.873,85703.540,9633.667,
Contact STARLINK-1463 - STARLINK-30486,3440.957,7471.718,4030.761,
Contact STARLINK-1463 - STARLINK-30486,17800.421,21886.726,4086.305,
Contact STARLINK-1463 - STARLINK-30486,32177.229,36308.651,4131.422,
Contact STARLINK-1463 - STARLINK-30486,46547.906,50713.124,4165.219,
Contact STARLINK-1463 - STARLINK-30486,60935.368,65123.937,4188.569,
Contact STARLINK-1463 - STARLINK-30486,75317.179,79517.625,4200.446,
Contact STARLINK-1463 - STARLINK-31530,71503.810,72581.983,1078.173,
Contact STARLINK-1463 - STARLINK-31530,79811.169,86400.000,6588.831,
Contact STARLINK-1463 - STARLINK-1227,3441.513,4191.411,749.898,
Contact STARLINK-1463 - STARLINK-1227,17852.733,18536.235,683.502,
Contact STARLINK-1463 - STARLINK-1227,32278.877,32866.771,587.894,
Contact STARLINK-1463 - STARLINK-1227,46707.143,47194.646,487.504,
Contact STARLINK-1463 - STARLINK-1227,61165.788,61492.917,327.129,
Contact STARLINK-1463 - STARLINK-5093,10546.774,11320.084,773.310,
Contact STARLINK-1463 - STARLINK-5093,24973.143,25730.287,757.144,
Contact STARLINK-1463 - STARLINK-5093,39394.861,40145.797,750.936,
Contact STARLINK-1463 - STARLINK-5093,53822.705,54554.728,732.023,
Contact STARLINK-1463 - STARLINK-5093,68246.038,68968.780,722.742,
Contact STARLINK-1463 - STARLINK-5093,82675.552,83376.249,700.697,
Contact STARLINK-1463 - STARLINK-5591,0.000,58.736,58.736,
Contact STARLINK-1463 - STARLINK-5591,10779.150,14485.899,3706.749,
Contact STARLINK-1463 - STARLINK-5591,28088.066,28921.545,833.479,
Contact STARLINK-1463 - STARLINK-5591,42516.764,43348.656,831.892,
Contact STARLINK-1463 - STARLINK-5591,56936.595,57784.168,847.573,
Contact STARLINK-1463 - STARLINK-5591,71365.459,72211.216,845.757,
Contact STARLINK-1463 - STARLINK-5591,85785.552,86400.000,614.448,
Contact STARLINK-1463 - STARLINK-5829,0.000,220.069,220.069,
Contact STARLINK-1463 - STARLINK-5829,13805.196,14635.275,830.079,
Contact STARLINK-1463 - STARLINK-5829,28216.479,29058.092,841.613,
Contact STARLINK-1463 - STARLINK-5829,42636.147,43472.585,836.437,
Contact STARLINK-1463 - STARLINK-5829,57048.473,57894.528,846.054,
Contact STARLINK-1463 - STARLINK-5829,71469.171,72308.174,839.003,
Contact STARLINK-1463 - STARLINK-5829,85882.654,86400.000,517.346,
Contact STARLINK-1463 - STARLINK-3325,0.000,86400.000,86400.000,
Contact STARLINK-1463 - STARLINK-31939,85909.983,86400.000,490.017,
Contact STARLINK-1463 - STARLINK-2424,17240.499,24848.125,7607.626,
Contact STARLINK-1463 - STARLINK-2424,25479.446,86400.000,60920.554,
Contact STARLINK-1463 - STARLINK-30754,6703.106,7726.624,1023.517,
Contact STARLINK-1463 - STARLINK-30754,21104.701,22113.348,1008.647,
Contact STARLINK-1463 - STARLINK-30754,35507.181,36499.180,991.999,
Contact STARLINK-1463 - STARLINK-30754,49914.563,50880.297,965.734,
Contact STARLINK-1463 - STARLINK-30754,64322.557,65260.684,938.126,
Contact STARLINK-1463 - STARLINK-30754,78736.014,79635.913,899.898,
Contact STARLINK-1463 - STARLINK-5453,10417.128,11185.445,768.317,
Contact STARLINK-1463 - STARLINK-5453,24753.081,25581.646,828.566,
Contact STARLINK-1463 - STARLINK-5453,39091.833,39974.397,882.565,
Contact STARLINK-1463 - STARLINK-5453,53441.501,54356.794,915.293,
Contact STARLINK-1463 - STARLINK-5453,67794.412,68735.503,941.091,
Contact STARLINK-1463 - STARLINK-5453,82157.128,83104.795,947.668,
Contact STARLINK-1463 - STARLINK-31082,10539.480,11305.004,765.525,
Contact STARLINK-1463 - STARLINK-31082,24894.044,25725.553,831.508,
Contact STARLINK-1463 - STARLINK-31082,39248.658,40145.579,896.921,
Contact STARLINK-1463 - STARLINK-31082,53613.516,54555.799,942.283,
Contact STARLINK-1463 - STARLINK-31082,67978.223,68965.820,987.597,
Contact STARLINK-1463 - STARLINK-31082,82351.949,83367.139,1015.191,
Contact STARLINK-1463 - STARLINK-5737,0.000,86400.000,86400.000,
Contact STARLINK-1463 - STARLINK-11136 [DTC],80656.720,86400.000,5743.280,
Contact STARLINK-1463 - STARLINK-5231,35933.394,36246.637,313.243,
Contact STARLINK-1463 - STARLINK-5231,50181.439,50731.109,549.670,
Contact STARLINK-1463 - STARLINK-5231,64461.318,65184.786,723.468,
Contact STARLINK-1463 - STARLINK-5231,78771.897,79606.653,834.756,
Contact STARLINK-1463 - STARLINK-11092 [DTC],27991.062,28862.661,871.599,
Contact STARLINK-1463 - STARLINK-11092 [DTC],39213.128,40163.839,950.711,
Contact STARLINK-1463 - STARLINK-11092 [DTC],53535.860,54001.106,465.247,
Contact STARLINK-1463 - STARLINK-11072 [DTC],53706.380,54290.794,584.413,
Contact STARLINK-1463 - STARLINK-11072 [DTC],67646.382,68480.464,834.082,
Contact STARLINK-1463 - STARLINK-11072 [DTC],78945.666,79684.456,738.791,
Contact STARLINK-1463 - MoonARTEMIS1,939.189,10010.038,9070.849,
Contact STARLINK-1463 - MoonARTEMIS1,11958.304,27438.114,15479.810,
Contact STARLINK-1463 - MoonARTEMIS1,29366.120,39040.759,9674.639,
Contact STARLINK-1463 - MoonARTEMIS1,40961.707,56432.550,15470.843,
Contact STARLINK-1463 - MoonARTEMIS1,58347.896,68020.968,9673.072,
Contact STARLINK-1463 - MoonARTEMIS1,69935.216,73813.596,3878.380,
Contact STARLINK-1463 - MoonARTEMIS1,75728.031,85395.939,9667.908,
Contact STARLINK-1463 - MoonARTEMIS2,325.792,9952.637,9626.844,
Contact STARLINK-1463 - MoonARTEMIS2,11914.718,21557.427,9642.709,
Contact STARLINK-1463 - MoonARTEMIS2,23509.076,27365.131,3856.055,
Contact STARLINK-1463 - MoonARTEMIS2,29311.323,39003.873,9692.550,
Contact STARLINK-1463 - MoonARTEMIS2,40936.032,56392.543,15456.511,
Contact STARLINK-1463 - MoonARTEMIS2,58326.754,67982.060,9655.305,
Contact STARLINK-1463 - MoonARTEMIS2,69918.248,73776.965,3858.716,
Contact STARLINK-1463 - MoonARTEMIS2,75714.067,85367.352,9653.285,
Contact STARLINK-1463 - MoonIOAGEO,334.586,3646.164,3311.578,
Contact STARLINK-1463 - MoonIOAGEO,11950.872,27390.744,15439.872,
Contact STARLINK-1463 - MoonIOAGEO,29323.572,38968.745,9645.173,
Contact STARLINK-1463 - MoonIOAGEO,40902.951,47934.474,7031.523,
Contact STARLINK-1463 - MoonIOAGEO,52523.140,56405.387,3882.246,
Contact STARLINK-1463 - MoonIOAGEO,58333.064,67998.298,9665.234,
Contact STARLINK-1463 - MoonIOAGEO,69918.900,73781.305,3862.405,
Contact STARLINK-1463 - MoonIOAGEO,75701.708,85367.594,9665.886,
Contact STARLINK-1463 - MoonIOAGNO,363.302,9997.087,9633.785,
Contact STARLINK-1463 - MoonIOAGNO,11931.756,21572.026,9640.271,
Contact STARLINK-1463 - MoonIOAGNO,23529.375,27375.013,3845.638,
Contact STARLINK-1463 - MoonIOAGNO,29331.886,38987.798,9655.913,
Contact STARLINK-1463 - MoonIOAGNO,40934.318,56380.115,15445.797,
Contact STARLINK-1463 - MoonIOAGNO,58305.685,67966.372,9660.687,
Contact STARLINK-1463 - MoonIOAGNO,69910.040,73769.771,3859.731,
Contact STARLINK-1463 - MoonIOAGNO,75714.050,85383.841,9669.790,
Contact STARLINK-1463 - MoonIOAGNO 0001,346.167,9983.479,9637.312,
Contact STARLINK-1463 - MoonIOAGNO 0001,11948.788,21596.778,9647.990,
Contact STARLINK-1463 - MoonIOAGNO 0001,23545.117,27401.821,3856.704,
Contact STARLINK-1463 - MoonIOAGNO 0001,29335.396,38971.013,9635.616,
Contact STARLINK-1463 - MoonIOAGNO 0001,40914.520,56378.531,15464.011,
Contact STARLINK-1463 - MoonIOAGNO 0001,58323.612,67994.552,9670.941,
Contact STARLINK-1463 - MoonIOAGNO 0001,69924.098,73797.649,3873.552,
Contact STARLINK-1463 - MoonIOAGNO 0001,75710.674,85363.159,9652.485,
Contact STARLINK-1463 - MoonIOAGSO,322.380,8094.529,7772.150,
Contact STARLINK-1463 - MoonIOAGSO,11946.103,21588.034,9641.931,
Contact STARLINK-1463 - MoonIOAGSO,23510.757,27381.341,3870.584,
Contact STARLINK-1463 - MoonIOAGSO,29299.013,38973.502,9674.489,
Contact STARLINK-1463 - MoonIOAGSO,40891.928,56396.267,15504.339,
Contact STARLINK-1463 - MoonIOAGSO,58319.049,67987.914,9668.865,
Contact STARLINK-1463 - MoonIOAGSO,69891.288,73781.795,3890.507,
Contact STARLINK-1463 - MoonIOAGSO,75683.791,85372.759,9688.968,
Contact STARLINK-1463 - MoonIOAGSO 0001,329.452,9976.551,9647.099,
Contact STARLINK-1463 - MoonIOAGSO 0001,11906.723,21573.514,9666.791,
Contact STARLINK-1463 - MoonIOAGSO 0001,23507.443,27378.805,3871.361,
Contact STARLINK-1463 - MoonIOAGSO 0001,30869.707,38994.354,8124.647,
Contact STARLINK-1463 - MoonIOAGSO 0001,40912.628,56376.839,15464.212,
Contact STARLINK-1463 - MoonIOAGSO 0001,58284.311,67973.916,9689.605,
Contact STARLINK-1463 - MoonIOAGSO 0001,69895.715,73782.427,3886.712,
Contact STARLINK-1463 - MoonIOAGSO 0001,75718.537,85392.700,9674.163,
Contact STARLINK-1463 - MoonLRO,350.633,9990.985,9640.352,
Contact STARLINK-1463 - MoonLRO,13887.075,15790.157,1903.083,
Contact STARLINK-1463 - MoonLRO,35126.880,38294.022,3167.142,
Contact STARLINK-1463 - MoonLRO,41225.750,44790.167,3564.416,
Contact STARLINK-1463 - MoonLRO,48039.466,50589.651,2550.186,
Contact STARLINK-1463 - MoonLRO,64112.788,65609.397,1496.609,
Contact STARLINK-1463 - MoonLRO,69914.471,72437.242,2522.771,
Contact STARLINK-1463 - MoonLRO,75714.447,85388.095,9673.648,
Contact STARLINK-1463 - MarsSat1,0.000,6421.559,6421.559,
Contact STARLINK-1463 - MarsSat1,8450.774,17977.426,9526.652,
Contact STARLINK-1463 - MarsSat1,20002.542,23755.401,3752.859,
Contact STARLINK-1463 - MarsSat1,25778.426,35311.457,9533.031,
Contact STARLINK-1463 - MarsSat1,37330.213,52645.867,15315.654,
Contact STARLINK-1463 - MarsSat1,54657.978,64202.368,9544.390,
Contact STARLINK-1463 - MarsSat1,66209.890,81537.400,15327.510,
Contact STARLINK-1463 - MarsSat1,83537.821,86400.000,2862.179,
Contact STARLINK-1463 - MarsSat2,0.000,6421.525,6421.525,
Contact STARLINK-1463 - MarsSat2,8450.706,17977.472,9526.766,
Contact STARLINK-1463 - MarsSat2,20002.531,23755.494,3752.963,
Contact STARLINK-1463 - MarsSat2,25778.452,35311.633,9533.182,
Contact STARLINK-1463 - MarsSat2,37330.309,52646.088,15315.780,
Contact STARLINK-1463 - MarsSat2,54658.132,64202.558,9544.426,
Contact STARLINK-1463 - MarsSat2,66210.039,81537.518,15327.479,
Contact STARLINK-1463 - MarsSat2,83537.934,86400.000,2862.066,
Contact STARLINK-1463 - MarsSat3,0.000,6421.521,6421.521,
Contact STARLINK-1463 - MarsSat3,8450.722,17977.474,9526.752,
Contact STARLINK-1463 - MarsSat3,20002.562,23755.492,3752.929,
Contact STARLINK-1463 - MarsSat3,25778.486,35311.607,9533.120,
Contact STARLINK-1463 - MarsSat3,37330.334,52645.970,15315.636,
Contact STARLINK-1463 - MarsSat3,54658.083,64202.353,9544.270,
Contact STARLINK-1463 - MarsSat3,66209.892,81537.300,15327.408,
Contact STARLINK-1463 - MarsSat3,83537.726,86400.000,2862.274,
Contact STARLINK-1463 - MarsSat4,0.000,6421.544,6421.544,
Contact STARLINK-1463 - MarsSat4,8450.771,17977.386,9526.614,
Contact STARLINK-1463 - MarsSat4,20002.498,23755.387,3752.889,
Contact STARLINK-1463 - MarsSat4,25778.404,35311.559,9533.155,
Contact STARLINK-1463 - MarsSat4,37330.288,52645.902,15315.613,
Contact STARLINK-1463 - MarsSat4,54657.999,64202.423,9544.424,
Contact STARLINK-1463 - MarsSat4,66209.943,81537.329,15327.387,
Contact STARLINK-1463 - MarsSat4,83537.776,86400.000,2862.224,
Contact STARLINK-6241 - STARLINK-31530,0.000,13984.703,13984.703,
Contact STARLINK-6241 - STARLINK-31530,14896.545,22062.958,7166.413,
Contact STARLINK-6241 - STARLINK-1073,599.611,7566.957,6967.346,
Contact STARLINK-6241 - STARLINK-1073,17795.772,21924.444,4128.672,
Contact STARLINK-6241 - STARLINK-1073,32134.950,36297.575,4162.625,
Contact STARLINK-6241 - STARLINK-1073,46458.269,53534.641,7076.372,
Contact STARLINK-6241 - STARLINK-1073,60798.579,67890.320,7091.741,
Contact STARLINK-6241 - STARLINK-1073,75123.432,82260.982,7137.549,
Contact STARLINK-6241 - STARLINK-32088,340.860,10476.193,10135.333,
Contact STARLINK-6241 - STARLINK-32088,11479.840,24649.113,13169.273,
Contact STARLINK-6241 - STARLINK-32088,25695.979,32987.877,7291.898,
Contact STARLINK-6241 - STARLINK-32088,43189.443,43946.355,756.913,
Contact STARLINK-6241 - STARLINK-31979,72492.892,86400.000,13907.108,
Contact STARLINK-6241 - STARLINK-31939,0.000,38982.897,38982.897,
Contact STARLINK-6241 - STARLINK-3832,28785.390,29448.969,663.579,
Contact STARLINK-6241 - STARLINK-3832,43094.056,43804.346,710.289,
Contact STARLINK-6241 - STARLINK-3832,57401.810,58159.988,758.178,
Contact STARLINK-6241 - STARLINK-3832,71715.015,72510.783,795.768,
Contact STARLINK-6241 - STARLINK-3832,86027.262,86400.000,372.738,
Contact STARLINK-6241 - STARLINK-1776,28762.730,29320.846,558.116,
Contact STARLINK-6241 - STARLINK-1776,43013.327,43681.200,667.873,
Contact STARLINK-6241 - STARLINK-1776,57272.320,58032.063,759.743,
Contact STARLINK-6241 - STARLINK-1776,71542.175,72372.882,830.707,
Contact STARLINK-6241 - STARLINK-1776,85817.130,86400.000,582.870,
Contact STARLINK-6241 - STARLINK-6199,0.000,86400.000,86400.000,
Contact STARLINK-6241 - STARLINK-4328,10573.721,11301.349,727.629,
Contact STARLINK-6241 - STARLINK-4328,24947.141,25675.518,728.377,
Contact STARLINK-6241 - STARLINK-4328,39324.597,40045.992,721.395,
Contact STARLINK-6241 - STARLINK-4328,53698.219,54419.942,721.724,
Contact STARLINK-6241 - STARLINK-4328,68075.623,68790.446,714.823,
Contact STARLINK-6241 - STARLINK-4328,82449.457,83164.171,714.714,
Contact STARLINK-6241 - STARLINK-2214,6483.196,7405.456,922.259,
Contact STARLINK-6241 - STARLINK-3506,3118.542,4148.025,1029.483,
Contact STARLINK-6241 - STARLINK-3506,17416.280,18494.538,1078.258,
Contact STARLINK-6241 - STARLINK-3506,31727.472,32827.985,1100.513,
Contact STARLINK-6241 - STARLINK-3506,40308.790,47166.168,6857.379,
Contact STARLINK-6241 - STARLINK-3506,57484.910,61491.610,4006.701,
Contact STARLINK-6241 - STARLINK-3506,71807.185,75821.644,4014.459,
Contact STARLINK-6241 - STARLINK-3506,86124.653,86400.000,275.347,
Contact STARLINK-6241 - STARLINK-11136 [DTC],25003.525,25818.968,815.442,
Contact STARLINK-6241 - STARLINK-11136 [DTC],38956.574,39948.671,992.098,
Contact STARLINK-6241 - STARLINK-11136 [DTC],50320.165,51053.322,733.157,
Contact STARLINK-6241 - STARLINK-31325,0.000,18587.260,18587.260,
Contact STARLINK-6241 - STARLINK-5628,0.000,2946.522,2946.522,
Contact STARLINK-6241 - STARLINK-5628,10381.153,17316.670,6935.516,
Contact STARLINK-6241 - STARLINK-5628,24748.113,31691.927,6943.814,
Contact STARLINK-6241 - STARLINK-5628,39120.762,40312.334,1191.572,
Contact STARLINK-6241 - STARLINK-5628,53488.853,54686.728,1197.875,
Contact STARLINK-6241 - STARLINK-5628,67862.549,69055.003,1192.454,
Contact STARLINK-6241 - STARLINK-5628,82231.770,83428.322,1196.552,
Contact STARLINK-6241 - STARLINK-11072 [DTC],0.000,13325.912,13325.912,
Contact STARLINK-6241 - STARLINK-5176,3062.173,10315.918,7253.745,
Contact STARLINK-6241 - STARLINK-5176,17381.471,24654.291,7272.820,
Contact STARLINK-6241 - STARLINK-5176,31720.272,38973.225,7252.953,
Contact STARLINK-6241 - STARLINK-5176,40314.182,53301.881,12987.699,
Contact STARLINK-6241 - STARLINK-5176,54661.018,61884.801,7223.783,
Contact STARLINK-6241 - STARLINK-5176,68997.863,76205.782,7207.919,
Contact STARLINK-6241 - STARLINK-5176,83354.866,86400.000,3045.134,
Contact STARLINK-6241 - STARLINK-2042,0.000,39766.584,39766.584,
Contact STARLINK-6241 - MoonARTEMIS1,3939.013,13309.157,9370.144,
Contact STARLINK-6241 - MoonARTEMIS1,15454.508,24826.811,9372.303,
Contact STARLINK-6241 - MoonARTEMIS1,26961.008,30583.812,3622.804,
Contact STARLINK-6241 - MoonARTEMIS1,32712.665,42095.737,9383.072,
Contact STARLINK-6241 - MoonARTEMIS1,44213.935,53605.675,9391.740,
Contact STARLINK-6241 - MoonARTEMIS1,55713.110,59360.043,3646.933,
Contact STARLINK-6241 - MoonARTEMIS1,61462.036,70867.683,9405.647,
Contact STARLINK-6241 - MoonARTEMIS1,72958.659,82373.830,9415.171,
Contact STARLINK-6241 - MoonARTEMIS1,84453.592,86400.000,1946.408,
Contact STARLINK-6241 - MoonARTEMIS2,0.000,1765.264,1765.264,
Contact STARLINK-6241 - MoonARTEMIS2,3921.365,13274.466,9353.101,
Contact STARLINK-6241 - MoonARTEMIS2,15426.006,24789.241,9363.234,
Contact STARLINK-6241 - MoonARTEMIS2,26934.708,30551.481,3616.774,
Contact STARLINK-6241 - MoonARTEMIS2,34879.018,42074.110,7195.092,
Contact STARLINK-6241 - MoonARTEMIS2,44198.185,53578.133,9379.948,
Contact STARLINK-6241 - MoonARTEMIS2,55692.689,59330.572,3637.883,
Contact STARLINK-6241 - MoonARTEMIS2,61440.091,70837.011,9396.921,
Contact STARLINK-6241 - MoonARTEMIS2,72935.456,82345.825,9410.368,
Contact STARLINK-6241 - MoonARTEMIS2,84431.688,86400.000,1968.312,
Contact STARLINK-6241 - MoonIOAGEO,0.000,1786.015,1786.015,
Contact STARLINK-6241 - MoonIOAGEO,9695.656,13303.885,3608.229,
Contact STARLINK-6241 - MoonIOAGEO,15448.906,24807.844,9358.938,
Contact STARLINK-6241 - MoonIOAGEO,26945.597,30555.691,3610.093,
Contact STARLINK-6241 - MoonIOAGEO,32692.214,42062.015,9369.801,
Contact STARLINK-6241 - MoonIOAGEO,44193.354,47790.645,3597.291,
Contact STARLINK-6241 - MoonIOAGEO,55701.239,59345.521,3644.282,
Contact STARLINK-6241 - MoonIOAGEO,61452.389,70849.551,9397.162,
Contact STARLINK-6241 - MoonIOAGEO,72946.579,82352.911,9406.332,
Contact STARLINK-6241 - MoonIOAGEO,84443.262,86400.000,1956.738,
Contact STARLINK-6241 - MoonIOAGNO,0.000,1785.733,1785.733,
Contact STARLINK-6241 - MoonIOAGNO,3939.623,13292.961,9353.339,
Contact STARLINK-6241 - MoonIOAGNO,15434.728,24784.017,9349.288,
Contact STARLINK-6241 - MoonIOAGNO,26923.487,30539.312,3615.825,
Contact STARLINK-6241 - MoonIOAGNO,32675.172,42060.889,9385.717,
Contact STARLINK-6241 - MoonIOAGNO,44188.456,53586.414,9397.958,
Contact STARLINK-6241 - MoonIOAGNO,55697.941,59323.310,3625.369,
Contact STARLINK-6241 - MoonIOAGNO,61432.555,70826.170,9393.615,
Contact STARLINK-6241 - MoonIOAGNO,72924.446,82349.803,9425.357,
Contact STARLINK-6241 - MoonIOAGNO,84433.160,86400.000,1966.840,
Contact STARLINK-6241 - MoonIOAGNO 0001,0.000,1769.494,1769.494,
Contact STARLINK-6241 - MoonIOAGNO 0001,3920.856,13280.033,9359.176,
Contact STARLINK-6241 - MoonIOAGNO 0001,15426.916,24803.773,9376.857,
Contact STARLINK-6241 - MoonIOAGNO 0001,26945.207,30566.576,3621.370,
Contact STARLINK-6241 - MoonIOAGNO 0001,32700.471,42050.146,9349.675,
Contact STARLINK-6241 - MoonIOAGNO 0001,44176.566,53560.105,9383.539,
Contact STARLINK-6241 - MoonIOAGNO 0001,55676.714,59321.407,3644.693,
Contact STARLINK-6241 - MoonIOAGNO 0001,61432.240,70853.044,9420.805,
Contact STARLINK-6241 - MoonIOAGNO 0001,72952.690,82346.668,9393.978,
Contact STARLINK-6241 - MoonIOAGNO 0001,84429.791,86400.000,1970.209,
Contact STARLINK-6241 - MoonIOAGSO,0.000,1792.055,1792.055,
Contact STARLINK-6241 - MoonIOAGSO,3943.350,13299.067,9355.718,
Contact STARLINK-6241 - MoonIOAGSO,15449.872,24817.239,9367.367,
Contact STARLINK-6241 - MoonIOAGSO,26960.992,30570.894,3609.902,
Contact STARLINK-6241 - MoonIOAGSO,32710.884,42073.044,9362.160,
Contact STARLINK-6241 - MoonIOAGSO,44202.791,51992.383,7789.593,
Contact STARLINK-6241 - MoonIOAGSO,55697.026,59344.128,3647.102,
Contact STARLINK-6241 - MoonIOAGSO,61459.244,70860.598,9401.354,
Contact STARLINK-6241 - MoonIOAGSO,72965.784,82367.587,9401.803,
Contact STARLINK-6241 - MoonIOAGSO,84458.569,86400.000,1941.431,
Contact STARLINK-6241 - MoonIOAGSO 0001,0.000,1801.469,1801.469,
Contact STARLINK-6241 - MoonIOAGSO 0001,3956.424,13306.710,9350.286,
Contact STARLINK-6241 - MoonIOAGSO 0001,15455.604,24805.456,9349.852,
Contact STARLINK-6241 - MoonIOAGSO 0001,26945.162,29892.982,2947.819,
Contact STARLINK-6241 - MoonIOAGSO 0001,32692.325,42080.405,9388.079,
Contact STARLINK-6241 - MoonIOAGSO 0001,44211.937,53590.493,9378.556,
Contact STARLINK-6241 - MoonIOAGSO 0001,55712.942,59342.655,3629.713,
Contact STARLINK-6241 - MoonIOAGSO 0001,61459.049,70845.077,9386.028,
Contact STARLINK-6241 - MoonIOAGSO 0001,72943.939,82373.403,9429.464,
Contact STARLINK-6241 - MoonIOAGSO 0001,84461.852,86400.000,1938.148,
Contact STARLINK-6241 - MoonLRO,7089.766,10976.077,3886.311,
Contact STARLINK-6241 - MoonLRO,21190.337,24661.192,3470.854,
Contact STARLINK-6241 - MoonLRO,27541.988,30562.639,3020.651,
Contact STARLINK-6241 - MoonLRO,34390.042,36314.185,1924.143,
Contact STARLINK-6241 - MoonLRO,49947.139,51968.789,2021.650,
Contact STARLINK-6241 - MoonLRO,55693.656,58810.006,3116.350,
Contact STARLINK-6241 - MoonLRO,61686.749,65096.081,3409.332,
Contact STARLINK-6241 - MoonLRO,75379.942,79263.453,3883.511,
Contact STARLINK-6241 - MarsSat1,824.288,10260.352,9436.064,
Contact STARLINK-6241 - MarsSat1,12321.729,16007.279,3685.550,
Contact STARLINK-6241 - MarsSat1,18070.408,27501.149,9430.741,
Contact STARLINK-6241 - MarsSat1,29567.701,38995.053,9427.352,
Contact STARLINK-6241 - MarsSat1,41064.928,44742.018,3677.090,
Contact STARLINK-6241 - MarsSat1,46813.520,56235.968,9422.448,
Contact STARLINK-6241 - MarsSat1,58310.651,67729.926,9419.275,
Contact STARLINK-6241 - MarsSat1,69807.692,84970.850,15163.158,
Contact STARLINK-6241 - MarsSat2,824.348,10260.467,9436.119,
Contact STARLINK-6241 - MarsSat2,12321.849,16007.410,3685.561,
Contact STARLINK-6241 - MarsSat2,18070.556,27501.295,9430.739,
Contact STARLINK-6241 - MarsSat2,29567.886,38995.182,9427.296,
Contact STARLINK-6241 - MarsSat2,41065.111,44742.128,3677.017,
Contact STARLINK-6241 - MarsSat2,46813.685,56236.026,9422.340,
Contact STARLINK-6241 - MarsSat2,58310.759,67729.933,9419.174,
Contact STARLINK-6241 - MarsSat2,69807.738,84970.818,15163.080,
Contact STARLINK-6241 - MarsSat3,824.313,10260.424,9436.111,
Contact STARLINK-6241 - MarsSat3,12321.803,16007.354,3685.551,
Contact STARLINK-6241 - MarsSat3,18070.497,27501.208,9430.711,
Contact STARLINK-6241 - MarsSat3,29567.793,38995.065,9427.273,
Contact STARLINK-6241 - MarsSat3,41064.978,44742.000,3677.023,
Contact STARLINK-6241 - MarsSat3,46813.535,56235.900,9422.366,
Contact STARLINK-6241 - MarsSat3,58310.596,67729.868,9419.272,
Contact STARLINK-6241 - MarsSat3,69807.627,84970.882,15163.255,
Contact STARLINK-6241 - MarsSat4,824.272,10260.326,9436.054,
Contact STARLINK-6241 - MarsSat4,12321.696,16007.263,3685.567,
Contact STARLINK-6241 - MarsSat4,18070.393,27501.222,9430.829,
Contact STARLINK-6241 - MarsSat4,29567.789,38995.079,9427.290,
Contact STARLINK-6241 - MarsSat4,41064.975,44742.012,3677.037,
Contact STARLINK-6241 - MarsSat4,46813.531,56235.986,9422.455,
Contact STARLINK-6241 - MarsSat4,58310.684,67729.900,9419.217,
Contact STARLINK-6241 - MarsSat4,69807.664,84970.809,15163.144,
Contact STARLINK-30486 - STARLINK-5565,10513.839,11323.470,809.632,
Contact STARLINK-30486 - STARLINK-5565,24877.566,25715.049,837.483,
Contact STARLINK-30486 - STARLINK-5565,39250.738,40097.982,847.244,
Contact STARLINK-30486 - STARLINK-5565,53616.231,54487.784,871.553,
Contact STARLINK-30486 - STARLINK-5565,67990.603,68869.440,878.837,
Contact STARLINK-30486 - STARLINK-5565,82357.683,83257.647,899.964,
Contact STARLINK-30486 - STARLINK-5093,0.000,88.222,88.222,
Contact STARLINK-30486 - STARLINK-5093,14066.768,14469.117,402.349,
Contact STARLINK-30486 - STARLINK-5093,28463.180,28835.220,372.040,
Contact STARLINK-30486 - STARLINK-5093,42843.453,43216.824,373.371,
Contact STARLINK-30486 - STARLINK-2556,0.000,131.540,131.540,
Contact STARLINK-30486 - STARLINK-2556,10691.645,14440.777,3749.132,
Contact STARLINK-30486 - STARLINK-2556,25039.911,25882.998,843.087,
Contact STARLINK-30486 - STARLINK-2556,39400.041,40178.554,778.514,
Contact STARLINK-30486 - STARLINK-2556,53754.290,54479.651,725.361,
Contact STARLINK-30486 - STARLINK-2556,68122.852,68766.805,643.953,
Contact STARLINK-30486 - STARLINK-2556,82485.985,83058.934,572.948,
Contact STARLINK-30486 - STARLINK-3325,6558.130,7496.473,938.343,
Contact STARLINK-30486 - STARLINK-3325,20874.422,21838.058,963.635,
Contact STARLINK-30486 - STARLINK-3325,32325.614,36185.308,3859.695,
Contact STARLINK-30486 - STARLINK-3325,46637.544,50523.083,3885.539,
Contact STARLINK-30486 - STARLINK-3325,60959.066,64866.290,3907.224,
Contact STARLINK-30486 - STARLINK-3325,75274.979,79200.341,3925.363,
Contact STARLINK-30486 - STARLINK-31979,0.000,392.315,392.315,
Contact STARLINK-30486 - STARLINK-31979,13770.660,14534.114,763.454,
Contact STARLINK-30486 - STARLINK-2424,3704.444,14277.671,10573.226,
Contact STARLINK-30486 - STARLINK-2424,15128.755,28616.109,13487.354,
Contact STARLINK-30486 - STARLINK-2424,29410.770,42955.020,13544.249,
Contact STARLINK-30486 - STARLINK-2424,43730.276,57260.321,13530.045,
Contact STARLINK-30486 - STARLINK-2424,58045.165,71565.439,13520.273,
Contact STARLINK-30486 - STARLINK-2424,72398.981,85838.328,13439.347,
Contact STARLINK-30486 - STARLINK-30754,0.000,86400.000,86400.000,
Contact STARLINK-30486 - STARLINK-5737,375.904,13747.546,13371.642,
Contact STARLINK-30486 - STARLINK-5737,14748.132,28076.620,13328.488,
Contact STARLINK-30486 - STARLINK-5737,29095.904,39552.700,10456.796,
Contact STARLINK-30486 - STARLINK-5737,43468.197,53913.968,10445.771,
Contact STARLINK-30486 - STARLINK-5737,57815.886,68242.882,10426.995,
Contact STARLINK-30486 - STARLINK-5737,72188.257,82604.235,10415.978,
Contact STARLINK-30486 - STARLINK-11136 [DTC],78980.191,79444.542,464.351,
Contact STARLINK-30486 - STARLINK-5231,53028.672,57068.742,4040.070,
Contact STARLINK-30486 - STARLINK-5231,58423.670,86400.000,27976.330,
Contact STARLINK-30486 - STARLINK-11092 [DTC],42852.014,43616.169,764.154,
Contact STARLINK-30486 - STARLINK-11092 [DTC],53956.854,57781.377,3824.522,
Contact STARLINK-30486 - STARLINK-11092 [DTC],68103.698,68908.007,804.308,
Contact STARLINK-30486 - STARLINK-11072 [DTC],68379.184,68935.480,556.296,
Contact STARLINK-30486 - STARLINK-11072 [DTC],76363.056,83461.472,7098.416,
Contact STARLINK-30486 - STARLINK-5503,0.000,3172.719,3172.719,
Contact STARLINK-30486 - STARLINK-5503,3624.722,17354.179,13729.457,
Contact STARLINK-30486 - STARLINK-5503,18141.051,28747.806,10606.754,
Contact STARLINK-30486 - STARLINK-5503,32654.677,43027.533,10372.856,
Contact STARLINK-30486 - STARLINK-5503,47119.718,54433.276,7313.558,
Contact STARLINK-30486 - STARLINK-5503,64499.813,68656.327,4156.514,
Contact STARLINK-30486 - STARLINK-5503,79022.362,82933.129,3910.768,
Contact STARLINK-30486 - STARLINK-4522,0.000,154.748,154.748,
Contact STARLINK-30486 - STARLINK-4522,13964.972,14425.498,460.526,
Contact STARLINK-30486 - MoonARTEMIS1,948.076,10374.704,9426.628,
Contact STARLINK-30486 - MoonARTEMIS1,12372.435,16150.390,3777.955,
Contact STARLINK-30486 - MoonARTEMIS1,18150.812,27688.133,9537.320,
Contact STARLINK-30486 - MoonARTEMIS1,29695.060,39216.640,9521.580,
Contact STARLINK-30486 - MoonARTEMIS1,41230.086,44978.670,3748.583,
Contact STARLINK-30486 - MoonARTEMIS1,46995.277,56499.439,9504.162,
Contact STARLINK-30486 - MoonARTEMIS1,58522.116,68016.746,9494.630,
Contact STARLINK-30486 - MoonARTEMIS1,70045.113,73774.356,3729.243,
Contact STARLINK-30486 - MoonARTEMIS1,75805.415,85287.979,9482.564,
Contact STARLINK-30486 - MoonARTEMIS2,774.747,10331.593,9556.846,
Contact STARLINK-30486 - MoonARTEMIS2,12311.885,16097.954,3786.069,
Contact STARLINK-30486 - MoonARTEMIS2,18082.433,27635.185,9552.753,
Contact STARLINK-30486 - MoonARTEMIS2,29632.833,39192.330,9559.498,
Contact STARLINK-30486 - MoonARTEMIS2,41200.113,44957.184,3757.071,
Contact STARLINK-30486 - MoonARTEMIS2,46965.973,56481.255,9515.282,
Contact STARLINK-30486 - MoonARTEMIS2,58494.184,68003.216,9509.032,
Contact STARLINK-30486 - MoonARTEMIS2,70021.542,73763.813,3742.271,
Contact STARLINK-30486 - MoonARTEMIS2,75785.211,85284.442,9499.231,
Contact STARLINK-30486 - MoonIOAGEO,799.450,3658.298,2858.848,
Contact STARLINK-30486 - MoonIOAGEO,12362.951,16140.440,3777.488,
Contact STARLINK-30486 - MoonIOAGEO,18134.514,27652.748,9518.234,
Contact STARLINK-30486 - MoonIOAGEO,29646.003,39163.750,9517.748,
Contact STARLINK-30486 - MoonIOAGEO,41167.628,44933.683,3766.054,
Contact STARLINK-30486 - MoonIOAGEO,52727.543,56484.184,3756.641,
Contact STARLINK-30486 - MoonIOAGEO,58505.160,68005.868,9500.708,
Contact STARLINK-30486 - MoonIOAGEO,70026.860,73755.883,3729.023,
Contact STARLINK-30486 - MoonIOAGEO,75778.634,85270.028,9491.394,
Contact STARLINK-30486 - MoonIOAGNO,819.550,10358.257,9538.707,
Contact STARLINK-30486 - MoonIOAGNO,12342.342,16114.451,3772.109,
Contact STARLINK-30486 - MoonIOAGNO,18098.526,27655.631,9557.105,
Contact STARLINK-30486 - MoonIOAGNO,29640.081,39193.331,9553.251,
Contact STARLINK-30486 - MoonIOAGNO,41189.436,44957.791,3768.355,
Contact STARLINK-30486 - MoonIOAGNO,46962.599,56464.339,9501.740,
Contact STARLINK-30486 - MoonIOAGNO,58475.386,67998.275,9522.889,
Contact STARLINK-30486 - MoonIOAGNO,70010.084,73766.176,3756.092,
Contact STARLINK-30486 - MoonIOAGNO,75782.359,85296.323,9513.964,
Contact STARLINK-30486 - MoonIOAGNO 0001,794.407,10365.938,9571.531,
Contact STARLINK-30486 - MoonIOAGNO 0001,12341.589,16135.731,3794.142,
Contact STARLINK-30486 - MoonIOAGNO 0001,18117.183,27663.544,9546.361,
Contact STARLINK-30486 - MoonIOAGNO 0001,29660.777,39173.779,9513.003,
Contact STARLINK-30486 - MoonIOAGNO 0001,41169.616,44943.383,3773.767,
Contact STARLINK-30486 - MoonIOAGNO 0001,46939.430,56481.007,9541.576,
Contact STARLINK-30486 - MoonIOAGNO 0001,58486.108,68009.051,9522.944,
Contact STARLINK-30486 - MoonIOAGNO 0001,70030.929,73763.738,3732.809,
Contact STARLINK-30486 - MoonIOAGNO 0001,75789.136,85282.039,9492.903,
Contact STARLINK-30486 - MoonIOAGSO,797.569,8048.623,7251.054,
Contact STARLINK-30486 - MoonIOAGSO,12353.859,16122.003,3768.144,
Contact STARLINK-30486 - MoonIOAGSO,18117.521,27629.466,9511.945,
Contact STARLINK-30486 - MoonIOAGSO,29638.738,39153.589,9514.851,
Contact STARLINK-30486 - MoonIOAGSO,41167.665,44923.384,3755.719,
Contact STARLINK-30486 - MoonIOAGSO,46938.268,56477.571,9539.304,
Contact STARLINK-30486 - MoonIOAGSO,58493.616,67979.139,9485.523,
Contact STARLINK-30486 - MoonIOAGSO,70011.205,73735.082,3723.877,
Contact STARLINK-30486 - MoonIOAGSO,75771.820,85259.951,9488.131,
Contact STARLINK-30486 - MoonIOAGSO 0001,809.107,10331.752,9522.645,
Contact STARLINK-30486 - MoonIOAGSO 0001,12333.454,16095.834,3762.380,
Contact STARLINK-30486 - MoonIOAGSO 0001,18098.778,27641.768,9542.990,
Contact STARLINK-30486 - MoonIOAGSO 0001,31024.902,39176.239,8151.337,
Contact STARLINK-30486 - MoonIOAGSO 0001,41185.819,44928.021,3742.202,
Contact STARLINK-30486 - MoonIOAGSO 0001,46945.223,56443.774,9498.551,
Contact STARLINK-30486 - MoonIOAGSO 0001,58469.192,67978.835,9509.642,
Contact STARLINK-30486 - MoonIOAGSO 0001,70008.045,73759.592,3751.546,
Contact STARLINK-30486 - MoonIOAGSO 0001,75792.828,85274.992,9482.164,
Contact STARLINK-30486 - MoonLRO,811.510,10355.306,9543.796,
Contact STARLINK-30486 - MoonLRO,13914.397,16121.987,2207.590,
Contact STARLINK-30486 - MoonLRO,20734.708,21889.652,1154.944,
Contact STARLINK-30486 - MoonLRO,35418.370,38301.434,2883.065,
Contact STARLINK-30486 - MoonLRO,41219.655,44941.171,3721.516,
Contact STARLINK-30486 - MoonLRO,48061.248,50705.936,2644.688,
Contact STARLINK-30486 - MoonLRO,64254.733,65634.643,1379.910,
Contact STARLINK-30486 - MoonLRO,70022.296,72454.520,2432.223,
Contact STARLINK-30486 - MoonLRO,75789.051,85281.930,9492.879,
Contact STARLINK-30486 - MarsSat1,0.000,6793.849,6793.849,
Contact STARLINK-30486 - MarsSat1,8801.012,12542.815,3741.802,
Contact STARLINK-30486 - MarsSat1,14550.123,24040.691,9490.568,
Contact STARLINK-30486 - MarsSat1,26048.360,35538.523,9490.164,
Contact STARLINK-30486 - MarsSat1,37546.646,41287.434,3740.787,
Contact STARLINK-30486 - MarsSat1,43295.815,52785.248,9489.433,
Contact STARLINK-30486 - MarsSat1,54794.200,64283.039,9488.839,
Contact STARLINK-30486 - MarsSat1,66292.623,70031.914,3739.291,
Contact STARLINK-30486 - MarsSat1,72041.837,81529.599,9487.762,
Contact STARLINK-30486 - MarsSat1,83540.244,86400.000,2859.756,
Contact STARLINK-30486 - MarsSat2,0.000,6793.861,6793.861,
Contact STARLINK-30486 - MarsSat2,8801.094,12542.872,3741.777,
Contact STARLINK-30486 - MarsSat2,14550.248,24040.846,9490.598,
Contact STARLINK-30486 - MarsSat2,26048.567,35538.756,9490.189,
Contact STARLINK-30486 - MarsSat2,37546.898,41287.686,3740.788,
Contact STARLINK-30486 - MarsSat2,43296.068,52785.496,9489.427,
Contact STARLINK-30486 - MarsSat2,54794.415,64283.235,9488.820,
Contact STARLINK-30486 - MarsSat2,66292.767,70032.077,3739.310,
Contact STARLINK-30486 - MarsSat2,72041.945,81529.706,9487.761,
Contact STARLINK-30486 - MarsSat2,83540.301,86400.000,2859.699,
Contact STARLINK-30486 - MarsSat3,0.000,6793.841,6793.841,
Contact STARLINK-30486 - MarsSat3,8801.058,12542.852,3741.795,
Contact STARLINK-30486 - MarsSat3,14550.204,24040.812,9490.608,
Contact STARLINK-30486 - MarsSat3,26048.492,35538.686,9490.193,
Contact STARLINK-30486 - MarsSat3,37546.776,41287.589,3740.812,
Contact STARLINK-30486 - MarsSat3,43295.918,52785.328,9489.410,
Contact STARLINK-30486 - MarsSat3,54794.209,64282.999,9488.790,
Contact STARLINK-30486 - MarsSat3,66292.544,70031.830,3739.286,
Contact STARLINK-30486 - MarsSat3,72041.747,81529.507,9487.760,
Contact STARLINK-30486 - MarsSat3,83540.194,86400.000,2859.806,
Contact STARLINK-30486 - MarsSat4,0.000,6793.824,6793.824,
Contact STARLINK-30486 - MarsSat4,8800.978,12542.780,3741.802,
Contact STARLINK-30486 - MarsSat4,14550.082,24040.705,9490.623,
Contact STARLINK-30486 - MarsSat4,26048.432,35538.645,9490.213,
Contact STARLINK-30486 - MarsSat4,37546.756,41287.547,3740.791,
Contact STARLINK-30486 - MarsSat4,43295.890,52785.281,9489.391,
Contact STARLINK-30486 - MarsSat4,54794.233,64283.093,9488.860,
Contact STARLINK-30486 - MarsSat4,66292.648,70031.937,3739.288,
Contact STARLINK-30486 - MarsSat4,72041.811,81529.508,9487.697,
Contact STARLINK-30486 - MarsSat4,83540.134,86400.000,2859.866,
Contact STARLINK-5565 - STARLINK-1227,10177.582,11291.243,1113.661,
Contact STARLINK-5565 - STARLINK-1227,24576.650,25618.081,1041.431,
Contact STARLINK-5565 - STARLINK-1227,38996.790,39919.312,922.521,
Contact STARLINK-5565 - STARLINK-1227,53409.218,54232.709,823.491,
Contact STARLINK-5565 - STARLINK-1227,67851.344,68512.118,660.774,
Contact STARLINK-5565 - STARLINK-2556,0.000,86400.000,86400.000,
Contact STARLINK-5565 - STARLINK-31979,452.492,64398.556,63946.063,
Contact STARLINK-5565 - STARLINK-30754,0.000,3096.289,3096.289,
Contact STARLINK-5565 - STARLINK-30754,10384.401,17493.407,7109.006,
Contact STARLINK-5565 - STARLINK-30754,24733.845,31907.260,7173.415,
Contact STARLINK-5565 - STARLINK-30754,39095.729,46298.549,7202.820,
Contact STARLINK-5565 - STARLINK-30754,53451.460,60706.235,7254.775,
Contact STARLINK-5565 - STARLINK-30754,67818.508,75092.059,7273.551,
Contact STARLINK-5565 - STARLINK-30754,82180.009,86400.000,4219.991,
Contact STARLINK-5565 - STARLINK-3832,6541.479,7369.452,827.973,
Contact STARLINK-5565 - STARLINK-3832,20897.477,21718.030,820.553,
Contact STARLINK-5565 - STARLINK-3832,32384.348,36062.494,3678.145,
Contact STARLINK-5565 - STARLINK-3832,46746.096,50408.720,3662.624,
Contact STARLINK-5565 - STARLINK-3832,61105.291,61883.485,778.194,
Contact STARLINK-5565 - STARLINK-3832,75470.179,76223.632,753.452,
Contact STARLINK-5565 - STARLINK-4569,3065.936,3698.633,632.696,
Contact STARLINK-5565 - STARLINK-4569,17463.031,18085.909,622.878,
Contact STARLINK-5565 - STARLINK-4569,31847.392,32485.616,638.224,
Contact STARLINK-5565 - STARLINK-4569,46244.321,46873.033,628.713,
Contact STARLINK-5565 - STARLINK-4569,60628.467,61272.954,644.487,
Contact STARLINK-5565 - STARLINK-4569,75025.226,75660.516,635.290,
Contact STARLINK-5565 - STARLINK-1776,6520.474,7363.619,843.145,
Contact STARLINK-5565 - STARLINK-1776,17982.833,21688.303,3705.470,
Contact STARLINK-5565 - STARLINK-1776,32312.307,36005.746,3693.439,
Contact STARLINK-5565 - STARLINK-1776,46649.822,47458.087,808.266,
Contact STARLINK-5565 - STARLINK-1776,60986.673,61772.182,785.508,
Contact STARLINK-5565 - STARLINK-1776,75332.942,76077.483,744.542,
Contact STARLINK-5565 - STARLINK-4328,0.000,553.421,553.421,
Contact STARLINK-5565 - STARLINK-4328,14193.122,14947.983,754.861,
Contact STARLINK-5565 - STARLINK-4328,28589.622,29334.503,744.881,
Contact STARLINK-5565 - STARLINK-4328,42976.967,43729.089,752.122,
Contact STARLINK-5565 - STARLINK-4328,57373.441,58115.603,742.162,
Contact STARLINK-5565 - STARLINK-4328,71760.705,72510.219,749.514,
Contact STARLINK-5565 - STARLINK-4328,86157.145,86400.000,242.855,
Contact STARLINK-5565 - STARLINK-5737,35999.278,36622.137,622.859,
Contact STARLINK-5565 - STARLINK-5737,50364.333,51008.649,644.316,
Contact STARLINK-5565 - STARLINK-5737,64730.217,65393.806,663.589,
Contact STARLINK-5565 - STARLINK-5737,79095.893,79779.656,683.763,
Contact STARLINK-5565 - STARLINK-3506,6943.525,7356.880,413.354,
Contact STARLINK-5565 - STARLINK-3506,21352.782,21632.937,280.155,
Contact STARLINK-5565 - STARLINK-11136 [DTC],3418.421,4212.572,794.152,
Contact STARLINK-5565 - STARLINK-11136 [DTC],17439.967,18318.590,878.624,
Contact STARLINK-5565 - STARLINK-5231,42859.915,43231.220,371.305,
Contact STARLINK-5565 - STARLINK-5231,57143.846,57647.508,503.662,
Contact STARLINK-5565 - STARLINK-5231,71429.858,72060.720,630.862,
Contact STARLINK-5565 - STARLINK-5231,85742.023,86400.000,657.977,
Contact STARLINK-5565 - STARLINK-11092 [DTC],56000.104,84851.892,28851.787,
Contact STARLINK-5565 - STARLINK-11072 [DTC],71718.600,72062.956,344.357,
Contact STARLINK-5565 - STARLINK-11072 [DTC],79562.071,86400.000,6837.929,
Contact STARLINK-5565 - STARLINK-4522,0.000,86400.000,86400.000,
Contact STARLINK-5565 - MoonARTEMIS1,5328.678,8933.801,3605.123,
Contact STARLINK-5565 - MoonARTEMIS1,11088.084,20453.534,9365.450,
Contact STARLINK-5565 - MoonARTEMIS1,22605.227,31973.085,9367.859,
Contact STARLINK-5565 - MoonARTEMIS1,34121.057,37732.780,3611.723,
Contact STARLINK-5565 - MoonARTEMIS1,39878.646,49251.973,9373.327,
Contact STARLINK-5565 - MoonARTEMIS1,51393.296,60770.818,9377.523,
Contact STARLINK-5565 - MoonARTEMIS1,62907.298,66530.063,3622.766,
Contact STARLINK-5565 - MoonARTEMIS1,68664.052,78048.039,9383.987,
Contact STARLINK-5565 - MoonARTEMIS1,80176.986,86400.000,6223.014,
Contact STARLINK-5565 - MoonARTEMIS2,0.000,3164.853,3164.853,
Contact STARLINK-5565 - MoonARTEMIS2,5319.163,8923.735,3604.572,
Contact STARLINK-5565 - MoonARTEMIS2,11078.569,20443.262,9364.693,
Contact STARLINK-5565 - MoonARTEMIS2,22598.240,31967.001,9368.761,
Contact STARLINK-5565 - MoonARTEMIS2,34887.561,37726.994,2839.433,
Contact STARLINK-5565 - MoonARTEMIS2,39875.359,49239.127,9363.769,
Contact STARLINK-5565 - MoonARTEMIS2,51385.104,60753.126,9368.022,
Contact STARLINK-5565 - MoonARTEMIS2,62895.786,66510.743,3614.957,
Contact STARLINK-5565 - MoonARTEMIS2,68651.341,78027.138,9375.797,
Contact STARLINK-5565 - MoonARTEMIS2,80162.768,86400.000,6237.232,
Contact STARLINK-5565 - MoonIOAGEO,0.000,3176.373,3176.373,
Contact STARLINK-5565 - MoonIOAGEO,11087.130,20449.781,9362.651,
Contact STARLINK-5565 - MoonIOAGEO,22602.732,31966.934,9364.202,
Contact STARLINK-5565 - MoonIOAGEO,34119.601,37726.214,3606.613,
Contact STARLINK-5565 - MoonIOAGEO,39877.654,47866.466,7988.812,
Contact STARLINK-5565 - MoonIOAGEO,51901.950,60763.232,8861.282,
Contact STARLINK-5565 - MoonIOAGEO,62902.862,66521.818,3618.956,
Contact STARLINK-5565 - MoonIOAGEO,68660.128,78040.052,9379.924,
Contact STARLINK-5565 - MoonIOAGEO,80176.078,86400.000,6223.922,
Contact STARLINK-5565 - MoonIOAGNO,0.000,3168.492,3168.492,
Contact STARLINK-5565 - MoonIOAGNO,5325.659,8937.352,3611.694,
Contact STARLINK-5565 - MoonIOAGNO,11092.182,20436.628,9344.446,
Contact STARLINK-5565 - MoonIOAGNO,22587.662,31948.189,9360.526,
Contact STARLINK-5565 - MoonIOAGNO,34099.963,37709.547,3609.584,
Contact STARLINK-5565 - MoonIOAGNO,39860.826,49243.028,9382.202,
Contact STARLINK-5565 - MoonIOAGNO,51392.800,60752.352,9359.552,
Contact STARLINK-5565 - MoonIOAGNO,62892.913,66504.424,3611.512,
Contact STARLINK-5565 - MoonIOAGNO,68643.995,78022.276,9378.281,
Contact STARLINK-5565 - MoonIOAGNO,80156.506,86400.000,6243.494,
Contact STARLINK-5565 - MoonIOAGNO 0001,0.000,3158.093,3158.093,
Contact STARLINK-5565 - MoonIOAGNO 0001,5310.158,8914.372,3604.214,
Contact STARLINK-5565 - MoonIOAGNO 0001,11067.903,20437.582,9369.679,
Contact STARLINK-5565 - MoonIOAGNO 0001,22592.740,31972.672,9379.931,
Contact STARLINK-5565 - MoonIOAGNO 0001,34121.196,37719.252,3598.056,
Contact STARLINK-5565 - MoonIOAGNO 0001,39866.414,49224.813,9358.399,
Contact STARLINK-5565 - MoonIOAGNO 0001,51371.734,60747.015,9375.281,
Contact STARLINK-5565 - MoonIOAGNO 0001,62890.442,66513.473,3623.032,
Contact STARLINK-5565 - MoonIOAGNO 0001,68654.735,78040.707,9385.972,
Contact STARLINK-5565 - MoonIOAGNO 0001,80170.109,86400.000,6229.891,
Contact STARLINK-5565 - MoonIOAGSO,0.000,3183.619,3183.619,
Contact STARLINK-5565 - MoonIOAGSO,5332.728,8000.520,2667.792,
Contact STARLINK-5565 - MoonIOAGSO,11082.459,20464.225,9381.765,
Contact STARLINK-5565 - MoonIOAGSO,22620.374,31987.842,9367.468,
Contact STARLINK-5565 - MoonIOAGSO,34139.626,37744.212,3604.586,
Contact STARLINK-5565 - MoonIOAGSO,39893.570,49246.513,9352.943,
Contact STARLINK-5565 - MoonIOAGSO,51389.111,60772.086,9382.976,
Contact STARLINK-5565 - MoonIOAGSO,62918.021,66539.148,3621.127,
Contact STARLINK-5565 - MoonIOAGSO,68681.362,78060.513,9379.151,
Contact STARLINK-5565 - MoonIOAGSO,80195.024,86400.000,6204.976,
Contact STARLINK-5565 - MoonIOAGSO 0001,0.000,3194.027,3194.027,
Contact STARLINK-5565 - MoonIOAGSO 0001,5348.999,8954.335,3605.336,
Contact STARLINK-5565 - MoonIOAGSO 0001,11107.940,20464.447,9356.507,
Contact STARLINK-5565 - MoonIOAGSO 0001,22614.875,30028.777,7413.902,
Contact STARLINK-5565 - MoonIOAGSO 0001,34116.458,37732.739,3616.281,
Contact STARLINK-5565 - MoonIOAGSO 0001,39887.287,49263.905,9376.618,
Contact STARLINK-5565 - MoonIOAGSO 0001,51412.458,60779.207,9366.749,
Contact STARLINK-5565 - MoonIOAGSO 0001,62921.190,66531.784,3610.595,
Contact STARLINK-5565 - MoonIOAGSO 0001,68669.316,78041.102,9371.787,
Contact STARLINK-5565 - MoonIOAGSO 0001,80178.449,86400.000,6221.551,
Contact STARLINK-5565 - MoonLRO,7069.268,8933.296,1864.028,
Contact STARLINK-5565 - MoonLRO,13920.624,14688.013,767.389,
Contact STARLINK-5565 - MoonLRO,28357.442,31494.332,3136.890,
Contact STARLINK-5565 - MoonLRO,34367.528,37730.645,3363.117,
Contact STARLINK-5565 - MoonLRO,41207.931,43486.557,2278.627,
Contact STARLINK-5565 - MoonLRO,57149.459,58786.722,1637.263,
Contact STARLINK-5565 - MoonLRO,62901.949,65639.718,2737.768,
Contact STARLINK-5565 - MoonLRO,68656.930,78044.273,9387.342,
Contact STARLINK-5565 - MoonLRO,82198.493,83799.732,1601.239,
Contact STARLINK-5565 - MarsSat1,0.000,6237.584,6237.584,
Contact STARLINK-5565 - MarsSat1,8177.495,17755.690,9578.195,
Contact STARLINK-5565 - MarsSat1,19700.443,23514.767,3814.324,
Contact STARLINK-5565 - MarsSat1,25461.902,35032.963,9571.061,
Contact STARLINK-5565 - MarsSat1,36984.797,46551.197,9566.399,
Contact STARLINK-5565 - MarsSat1,48507.663,52310.323,3802.660,
Contact STARLINK-5565 - MarsSat1,54269.079,63828.586,9559.507,
Contact STARLINK-5565 - MarsSat1,65791.865,75346.865,9555.000,
Contact STARLINK-5565 - MarsSat1,77314.575,81106.015,3791.441,
Contact STARLINK-5565 - MarsSat1,83075.898,86400.000,3324.102,
Contact STARLINK-5565 - MarsSat2,0.000,6237.694,6237.694,
Contact STARLINK-5565 - MarsSat2,8177.622,17755.775,9578.153,
Contact STARLINK-5565 - MarsSat2,19700.601,23514.829,3814.228,
Contact STARLINK-5565 - MarsSat2,25462.065,35032.966,9570.901,
Contact STARLINK-5565 - MarsSat2,36984.942,46551.143,9566.200,
Contact STARLINK-5565 - MarsSat2,48507.757,52310.246,3802.489,
Contact STARLINK-5565 - MarsSat2,54269.142,63828.483,9559.341,
Contact STARLINK-5565 - MarsSat2,65791.868,75346.761,9554.892,
Contact STARLINK-5565 - MarsSat2,77314.538,81105.915,3791.376,
Contact STARLINK-5565 - MarsSat2,83075.854,86400.000,3324.146,
Contact STARLINK-5565 - MarsSat3,0.000,6237.666,6237.666,
Contact STARLINK-5565 - MarsSat3,8177.576,17755.723,9578.146,
Contact STARLINK-5565 - MarsSat3,19700.526,23514.766,3814.240,
Contact STARLINK-5565 - MarsSat3,25461.971,35032.891,9570.920,
Contact STARLINK-5565 - MarsSat3,36984.815,46551.082,9566.267,
Contact STARLINK-5565 - MarsSat3,48507.612,52310.207,3802.596,
Contact STARLINK-5565 - MarsSat3,54269.002,63828.531,9559.529,
Contact STARLINK-5565 - MarsSat3,65791.793,75346.911,9555.118,
Contact STARLINK-5565 - MarsSat3,77314.576,81106.090,3791.514,
Contact STARLINK-5565 - MarsSat3,83075.933,86400.000,3324.067,
Contact STARLINK-5565 - MarsSat4,0.000,6237.577,6237.577,
Contact STARLINK-5565 - MarsSat4,8177.468,17755.714,9578.246,
Contact STARLINK-5565 - MarsSat4,19700.462,23514.826,3814.364,
Contact STARLINK-5565 - MarsSat4,25461.980,35032.939,9570.958,
Contact STARLINK-5565 - MarsSat4,36984.836,46551.133,9566.297,
Contact STARLINK-5565 - MarsSat4,48507.641,52310.297,3802.656,
Contact STARLINK-5565 - MarsSat4,54269.088,63828.550,9559.462,
Contact STARLINK-5565 - MarsSat4,65791.846,75346.808,9554.961,
Contact STARLINK-5565 - MarsSat4,77314.492,81105.993,3791.502,
Contact STARLINK-5565 - MarsSat4,83075.838,86400.000,3324.162,
Contact STARLINK-31530 - STARLINK-5591,57309.078,58217.610,908.532,
Contact STARLINK-31530 - STARLINK-5591,71209.484,78469.876,7260.393,
Contact STARLINK-31530 - STARLINK-5591,79666.211,86400.000,6733.789,
Contact STARLINK-31530 - STARLINK-32088,17958.426,18382.028,423.602,
Contact STARLINK-31530 - STARLINK-32088,31946.070,32402.898,456.828,
Contact STARLINK-31530 - STARLINK-32088,43133.433,43622.106,488.673,
Contact STARLINK-31530 - STARLINK-32088,57114.798,57648.678,533.880,
Contact STARLINK-31530 - STARLINK-32088,68304.574,68865.480,560.906,
Contact STARLINK-31530 - STARLINK-32088,82296.821,82881.720,584.899,
Contact STARLINK-31530 - STARLINK-5829,71747.787,78495.182,6747.395,
Contact STARLINK-31530 - STARLINK-5829,85841.168,86400.000,558.832,
Contact STARLINK-31530 - STARLINK-3325,65409.108,86400.000,20990.892,
Contact STARLINK-31530 - STARLINK-5850,39524.758,43204.818,3680.060,
Contact STARLINK-31530 - STARLINK-5850,53570.470,54653.122,1082.652,
Contact STARLINK-31530 - STARLINK-5850,67720.874,68866.085,1145.211,
Contact STARLINK-31530 - STARLINK-5850,79119.665,82967.312,3847.647,
Contact STARLINK-31530 - STARLINK-31939,0.000,86400.000,86400.000,
Contact STARLINK-31530 - STARLINK-2424,71986.557,72674.188,687.631,
Contact STARLINK-31530 - STARLINK-2424,85983.631,86400.000,416.369,
Contact STARLINK-31530 - STARLINK-31082,68055.290,68779.622,724.332,
Contact STARLINK-31530 - STARLINK-31082,76260.811,86292.545,10031.734,
Contact STARLINK-31530 - STARLINK-4569,0.000,286.277,286.277,
Contact STARLINK-31530 - STARLINK-4569,13814.824,14512.239,697.414,
Contact STARLINK-31530 - STARLINK-4569,25161.615,25885.086,723.471,
Contact STARLINK-31530 - STARLINK-4569,39354.271,40092.806,738.535,
Contact STARLINK-31530 - STARLINK-4569,53554.441,54291.151,736.711,
Contact STARLINK-31530 - STARLINK-4569,67764.661,68481.340,716.679,
Contact STARLINK-31530 - STARLINK-4569,79139.147,79826.521,687.374,
Contact STARLINK-31530 - STARLINK-6199,0.000,3149.828,3149.828,
Contact STARLINK-31530 - STARLINK-4328,10496.133,11243.870,747.736,
Contact STARLINK-31530 - STARLINK-4328,24768.473,25370.434,601.960,
Contact STARLINK-31530 - STARLINK-2214,0.000,66194.347,66194.347,
Contact STARLINK-31530 - STARLINK-5737,86272.839,86400.000,127.161,
Contact STARLINK-31530 - STARLINK-11136 [DTC],74768.740,75843.517,1074.776,
Contact STARLINK-31530 - STARLINK-11136 [DTC],85692.794,86400.000,707.206,
Contact STARLINK-31530 - STARLINK-31325,528.929,10572.647,10043.718,
Contact STARLINK-31530 - STARLINK-31325,14547.467,24692.556,10145.090,
Contact STARLINK-31530 - STARLINK-31325,25779.698,33136.070,7356.372,
Contact STARLINK-31530 - STARLINK-31325,39844.526,50000.164,10155.638,
Contact STARLINK-31530 - STARLINK-31325,51126.724,64024.447,12897.723,
Contact STARLINK-31530 - STARLINK-31325,65266.016,75216.898,9950.882,
Contact STARLINK-31530 - STARLINK-31325,82265.395,83591.492,1326.097,
Contact STARLINK-31530 - STARLINK-5628,0.000,568.540,568.540,
Contact STARLINK-31530 - STARLINK-5628,10622.143,14407.040,3784.897,
Contact STARLINK-31530 - STARLINK-5231,64609.835,64989.881,380.047,
Contact STARLINK-31530 - STARLINK-5231,78598.031,79312.228,714.198,
Contact STARLINK-31530 - STARLINK-11072 [DTC],6486.953,7598.072,1111.119,
Contact STARLINK-31530 - STARLINK-11072 [DTC],17597.762,18668.615,1070.853,
Contact STARLINK-31530 - STARLINK-11072 [DTC],28777.179,32403.600,3626.421,
Contact STARLINK-31530 - STARLINK-11072 [DTC],42934.954,43245.478,310.524,
Contact STARLINK-31530 - STARLINK-5176,6478.204,7203.520,725.315,
Contact STARLINK-31530 - STARLINK-5176,17932.088,18398.627,466.539,
Contact STARLINK-31530 - STARLINK-2042,6351.420,13800.866,7449.447,
Contact STARLINK-31530 - STARLINK-2042,14683.069,39274.798,24591.729,
Contact STARLINK-31530 - STARLINK-2042,40197.647,47592.475,7394.827,
Contact STARLINK-31530 - STARLINK-2042,60691.268,61216.426,525.158,
Contact STARLINK-31530 - STARLINK-5503,49843.219,50585.051,741.831,
Contact STARLINK-31530 - STARLINK-5503,61054.301,64946.343,3892.042,
Contact STARLINK-31530 - STARLINK-5503,75184.076,76337.837,1153.761,
Contact STARLINK-31530 - STARLINK-6319,14418.303,64213.404,49795.101,
Contact STARLINK-31530 - MoonARTEMIS1,3712.247,12868.452,9156.205,
Contact STARLINK-31530 - MoonARTEMIS1,14983.931,24108.607,9124.675,
Contact STARLINK-31530 - MoonARTEMIS1,26235.919,35342.942,9107.023,
Contact STARLINK-31530 - MoonARTEMIS1,37479.548,46573.947,9094.399,
Contact STARLINK-31530 - MoonARTEMIS1,48718.141,52188.515,3470.373,
Contact STARLINK-31530 - MoonARTEMIS1,54336.015,63416.094,9080.079,
Contact STARLINK-31530 - MoonARTEMIS1,65569.430,74641.790,9072.359,
Contact STARLINK-31530 - MoonARTEMIS1,76800.130,85865.627,9065.498,
Contact STARLINK-31530 - MoonARTEMIS2,0.000,1597.613,1597.613,
Contact STARLINK-31530 - MoonARTEMIS2,3685.990,12832.944,9146.954,
Contact STARLINK-31530 - MoonARTEMIS2,14934.989,24072.146,9137.157,
Contact STARLINK-31530 - MoonARTEMIS2,26188.468,33012.074,6823.605,
Contact STARLINK-31530 - MoonARTEMIS2,37457.259,46552.249,9094.990,
Contact STARLINK-31530 - MoonARTEMIS2,48693.873,52164.366,3470.492,
Contact STARLINK-31530 - MoonARTEMIS2,54310.422,63389.186,9078.763,
Contact STARLINK-31530 - MoonARTEMIS2,65543.107,74615.107,9072.001,
Contact STARLINK-31530 - MoonARTEMIS2,76775.793,85842.236,9066.443,
Contact STARLINK-31530 - MoonIOAGEO,0.000,1620.807,1620.807,
Contact STARLINK-31530 - MoonIOAGEO,9346.761,12863.490,3516.729,
Contact STARLINK-31530 - MoonIOAGEO,14975.028,24091.759,9116.731,
Contact STARLINK-31530 - MoonIOAGEO,26209.632,35313.193,9103.560,
Contact STARLINK-31530 - MoonIOAGEO,37438.065,46548.788,9110.723,
Contact STARLINK-31530 - MoonIOAGEO,54316.694,63404.181,9087.487,
Contact STARLINK-31530 - MoonIOAGEO,65557.344,74624.926,9067.582,
Contact STARLINK-31530 - MoonIOAGEO,76780.964,85853.230,9072.266,
Contact STARLINK-31530 - MoonIOAGNO,0.000,1619.531,1619.531,
Contact STARLINK-31530 - MoonIOAGNO,3721.154,12854.634,9133.480,
Contact STARLINK-31530 - MoonIOAGNO,14951.830,24066.417,9114.586,
Contact STARLINK-31530 - MoonIOAGNO,26185.650,35301.977,9116.327,
Contact STARLINK-31530 - MoonIOAGNO,37436.340,46549.148,9112.807,
Contact STARLINK-31530 - MoonIOAGNO,48694.118,52173.601,3479.483,
Contact STARLINK-31530 - MoonIOAGNO,54314.222,63379.304,9065.082,
Contact STARLINK-31530 - MoonIOAGNO,65528.995,74607.990,9078.994,
Contact STARLINK-31530 - MoonIOAGNO,76769.324,85850.380,9081.056,
Contact STARLINK-31530 - MoonIOAGNO 0001,0.000,1602.099,1602.099,
Contact STARLINK-31530 - MoonIOAGNO 0001,3696.477,12837.551,9141.074,
Contact STARLINK-31530 - MoonIOAGNO 0001,14950.148,24085.016,9134.868,
Contact STARLINK-31530 - MoonIOAGNO 0001,26210.398,35314.975,9104.576,
Contact STARLINK-31530 - MoonIOAGNO 0001,37436.525,46529.369,9092.844,
Contact STARLINK-31530 - MoonIOAGNO 0001,48669.073,52145.615,3476.543,
Contact STARLINK-31530 - MoonIOAGNO 0001,54291.954,63387.648,9095.693,
Contact STARLINK-31530 - MoonIOAGNO 0001,65544.615,74635.176,9090.560,
Contact STARLINK-31530 - MoonIOAGNO 0001,76788.441,85840.242,9051.801,
Contact STARLINK-31530 - MoonIOAGSO,0.000,1628.454,1628.454,
Contact STARLINK-31530 - MoonIOAGSO,3712.999,12857.896,9144.897,
Contact STARLINK-31530 - MoonIOAGSO,14969.448,24102.881,9133.433,
Contact STARLINK-31530 - MoonIOAGSO,26215.018,35331.872,9116.853,
Contact STARLINK-31530 - MoonIOAGSO,37451.821,46552.464,9100.644,
Contact STARLINK-31530 - MoonIOAGSO,48685.754,51828.177,3142.423,
Contact STARLINK-31530 - MoonIOAGSO,54309.275,63409.787,9100.512,
Contact STARLINK-31530 - MoonIOAGSO,65560.268,74641.533,9081.265,
Contact STARLINK-31530 - MoonIOAGSO,76794.856,85863.991,9069.134,
Contact STARLINK-31530 - MoonIOAGSO 0001,0.000,1638.884,1638.884,
Contact STARLINK-31530 - MoonIOAGSO 0001,3724.680,12869.588,9144.908,
Contact STARLINK-31530 - MoonIOAGSO 0001,14964.815,24091.105,9126.291,
Contact STARLINK-31530 - MoonIOAGSO 0001,26202.359,35323.315,9120.956,
Contact STARLINK-31530 - MoonIOAGSO 0001,37456.725,46565.480,9108.755,
Contact STARLINK-31530 - MoonIOAGSO 0001,48699.387,52180.484,3481.097,
Contact STARLINK-31530 - MoonIOAGSO 0001,54316.976,63403.743,9086.767,
Contact STARLINK-31530 - MoonIOAGSO 0001,65548.499,74624.301,9075.801,
Contact STARLINK-31530 - MoonIOAGSO 0001,76788.386,85871.799,9083.413,
Contact STARLINK-31530 - MoonLRO,7087.541,10976.145,3888.604,
Contact STARLINK-31530 - MoonLRO,20715.976,24092.657,3376.681,
Contact STARLINK-31530 - MoonLRO,27547.260,29705.068,2157.809,
Contact STARLINK-31530 - MoonLRO,43069.880,45132.399,2062.519,
Contact STARLINK-31530 - MoonLRO,48687.400,51978.193,3290.794,
Contact STARLINK-31530 - MoonLRO,54859.473,57785.525,2926.052,
Contact STARLINK-31530 - MoonLRO,71170.993,72438.710,1267.717,
Contact STARLINK-31530 - MoonLRO,76786.408,85863.123,9076.715,
Contact STARLINK-31530 - MarsSat1,176.557,9781.079,9604.522,
Contact STARLINK-31530 - MarsSat1,11411.119,21009.484,9598.364,
Contact STARLINK-31530 - MarsSat1,22645.628,32237.590,9591.962,
Contact STARLINK-31530 - MarsSat1,33880.126,49079.233,15199.107,
Contact STARLINK-31530 - MarsSat1,50731.913,60306.628,9574.714,
Contact STARLINK-31530 - MarsSat1,61966.441,71533.689,9567.248,
Contact STARLINK-31530 - MarsSat1,73200.893,82760.392,9559.499,
Contact STARLINK-31530 - MarsSat1,84435.196,86400.000,1964.804,
Contact STARLINK-31530 - MarsSat2,176.501,9781.281,9604.780,
Contact STARLINK-31530 - MarsSat2,11411.192,21009.760,9598.568,
Contact STARLINK-31530 - MarsSat2,22645.863,32237.891,9592.029,
Contact STARLINK-31530 - MarsSat2,33880.492,49079.449,15198.957,
Contact STARLINK-31530 - MarsSat2,50732.319,60306.739,9574.420,
Contact STARLINK-31530 - MarsSat2,61966.766,71533.706,9566.940,
Contact STARLINK-31530 - MarsSat2,73201.108,82760.357,9559.249,
Contact STARLINK-31530 - MarsSat2,84435.330,86400.000,1964.670,
Contact STARLINK-31530 - MarsSat3,176.462,9781.204,9604.742,
Contact STARLINK-31530 - MarsSat3,11411.163,21009.637,9598.474,
Contact STARLINK-31530 - MarsSat3,22645.812,32237.706,9591.893,
Contact STARLINK-31530 - MarsSat3,33880.384,49079.191,15198.807,
Contact STARLINK-31530 - MarsSat3,50732.061,60306.503,9574.441,
Contact STARLINK-31530 - MarsSat3,61966.401,71533.605,9567.204,
Contact STARLINK-31530 - MarsSat3,73200.741,82760.415,9559.674,
Contact STARLINK-31530 - MarsSat3,84435.085,86400.000,1964.915,
Contact STARLINK-31530 - MarsSat4,176.506,9781.026,9604.520,
Contact STARLINK-31530 - MarsSat4,11411.068,21009.527,9598.459,
Contact STARLINK-31530 - MarsSat4,22645.620,32237.727,9592.108,
Contact STARLINK-31530 - MarsSat4,33880.315,49079.220,15198.905,
Contact STARLINK-31530 - MarsSat4,50731.977,60306.668,9574.690,
Contact STARLINK-31530 - MarsSat4,61966.530,71533.605,9567.074,
Contact STARLINK-31530 - MarsSat4,73200.870,82760.270,9559.400,
Contact STARLINK-31530 - MarsSat4,84435.024,86400.000,1964.976,
Contact STARLINK-1227 - STARLINK-2556,0.000,108.092,108.092,
Contact STARLINK-1227 - STARLINK-2556,10545.476,14450.541,3905.066,
Contact STARLINK-1227 - STARLINK-2556,24829.609,25914.824,1085.215,
Contact STARLINK-1227 - STARLINK-2556,39133.316,40233.975,1100.659,
Contact STARLINK-1227 - STARLINK-2556,53419.758,54573.025,1153.267,
Contact STARLINK-1227 - STARLINK-2556,67724.633,68890.944,1166.312,
Contact STARLINK-1227 - STARLINK-2556,76294.187,83227.928,6933.741,
Contact STARLINK-1227 - STARLINK-1073,324.832,86400.000,86075.168,
Contact STARLINK-1227 - STARLINK-31979,0.000,28.098,28.098,
Contact STARLINK-1227 - STARLINK-31979,13646.279,14482.715,836.436,
Contact STARLINK-1227 - STARLINK-31979,24911.156,31665.032,6753.876,
Contact STARLINK-1227 - STARLINK-31979,39050.609,40218.289,1167.681,
Contact STARLINK-1227 - STARLINK-31979,47549.483,54450.451,6900.968,
Contact STARLINK-1227 - STARLINK-31979,64613.658,68618.747,4005.090,
Contact STARLINK-1227 - STARLINK-31979,78897.346,79921.227,1023.881,
Contact STARLINK-1227 - STARLINK-2424,21527.461,21622.180,94.719,
Contact STARLINK-1227 - STARLINK-2424,35720.708,36035.316,314.608,
Contact STARLINK-1227 - STARLINK-3832,3387.310,3619.229,231.920,
Contact STARLINK-1227 - STARLINK-1776,3191.189,3772.040,580.851,
Contact STARLINK-1227 - STARLINK-1776,17531.185,18008.651,477.466,
Contact STARLINK-1227 - STARLINK-6199,10304.634,11092.540,787.906,
Contact STARLINK-1227 - STARLINK-6199,24611.475,25450.948,839.473,
Contact STARLINK-1227 - STARLINK-6199,38935.631,39792.445,856.814,
Contact STARLINK-1227 - STARLINK-6199,50388.893,54148.820,3759.927,
Contact STARLINK-1227 - STARLINK-6199,64698.440,68489.310,3790.869,
Contact STARLINK-1227 - STARLINK-6199,79023.920,82844.006,3820.086,
Contact STARLINK-1227 - STARLINK-5737,3466.351,7420.542,3954.191,
Contact STARLINK-1227 - STARLINK-5737,17810.554,21740.301,3929.746,
Contact STARLINK-1227 - STARLINK-5737,32165.495,36069.915,3904.420,
Contact STARLINK-1227 - STARLINK-5737,46511.168,47528.745,1017.577,
Contact STARLINK-1227 - STARLINK-5737,60867.954,61846.002,978.048,
Contact STARLINK-1227 - STARLINK-5737,75215.165,76173.393,958.228,
Contact STARLINK-1227 - STARLINK-11136 [DTC],0.000,745.676,745.676,
Contact STARLINK-1227 - STARLINK-11136 [DTC],14147.670,14614.901,467.231,
Contact STARLINK-1227 - STARLINK-11092 [DTC],68202.457,68607.438,404.981,
Contact STARLINK-1227 - STARLINK-11092 [DTC],76211.825,85944.610,9732.785,
Contact STARLINK-1227 - STARLINK-4522,0.000,266.143,266.143,
Contact STARLINK-1227 - STARLINK-4522,10727.926,14586.743,3858.817,
Contact STARLINK-1227 - STARLINK-4522,25014.671,28895.051,3880.380,
Contact STARLINK-1227 - STARLINK-4522,39312.689,43213.009,3900.320,
Contact STARLINK-1227 - STARLINK-4522,53601.943,54662.165,1060.223,
Contact STARLINK-1227 - STARLINK-4522,67902.209,68967.286,1065.077,
Contact STARLINK-1227 - STARLINK-4522,82193.867,83281.746,1087.879,
Contact STARLINK-1227 - MoonARTEMIS1,5030.560,20822.401,15791.841,
Contact STARLINK-1227 - MoonARTEMIS1,22288.185,32390.373,10102.189,
Contact STARLINK-1227 - MoonARTEMIS1,33784.765,49724.474,15939.709,
Contact STARLINK-1227 - MoonARTEMIS1,51027.174,78583.333,27556.158,
Contact STARLINK-1227 - MoonARTEMIS1,79761.755,86400.000,6638.245,
Contact STARLINK-1227 - MoonARTEMIS2,0.000,3377.066,3377.066,
Contact STARLINK-1227 - MoonARTEMIS2,4997.328,20697.486,15700.158,
Contact STARLINK-1227 - MoonARTEMIS2,22229.457,32285.349,10055.892,
Contact STARLINK-1227 - MoonARTEMIS2,34899.840,49665.518,14765.678,
Contact STARLINK-1227 - MoonARTEMIS2,50974.612,78561.018,27586.406,
Contact STARLINK-1227 - MoonARTEMIS2,79687.632,86400.000,6712.368,
Contact STARLINK-1227 - MoonIOAGEO,0.000,3427.842,3427.842,
Contact STARLINK-1227 - MoonIOAGEO,7809.406,20781.525,12972.119,
Contact STARLINK-1227 - MoonIOAGEO,22265.036,32279.541,10014.506,
Contact STARLINK-1227 - MoonIOAGEO,33735.576,47855.622,14120.046,
Contact STARLINK-1227 - MoonIOAGEO,52021.201,78520.327,26499.126,
Contact STARLINK-1227 - MoonIOAGEO,79715.419,86400.000,6684.581,
Contact STARLINK-1227 - MoonIOAGNO,0.000,3455.953,3455.953,
Contact STARLINK-1227 - MoonIOAGNO,5031.284,20725.415,15694.130,
Contact STARLINK-1227 - MoonIOAGNO,22214.644,32298.851,10084.206,
Contact STARLINK-1227 - MoonIOAGNO,33694.472,49662.716,15968.243,
Contact STARLINK-1227 - MoonIOAGNO,50992.236,61182.070,10189.834,
Contact STARLINK-1227 - MoonIOAGNO,62428.820,78582.685,16153.865,
Contact STARLINK-1227 - MoonIOAGNO,79671.384,86400.000,6728.616,
Contact STARLINK-1227 - MoonIOAGNO 0001,0.000,3414.443,3414.443,
Contact STARLINK-1227 - MoonIOAGNO 0001,4989.819,20766.958,15777.139,
Contact STARLINK-1227 - MoonIOAGNO 0001,22237.536,32304.251,10066.716,
Contact STARLINK-1227 - MoonIOAGNO 0001,33748.261,49632.407,15884.147,
Contact STARLINK-1227 - MoonIOAGNO 0001,50919.581,78537.626,27618.045,
Contact STARLINK-1227 - MoonIOAGNO 0001,79708.431,86400.000,6691.569,
Contact STARLINK-1227 - MoonIOAGSO,0.000,3416.688,3416.688,
Contact STARLINK-1227 - MoonIOAGSO,5036.059,20744.057,15707.998,
Contact STARLINK-1227 - MoonIOAGSO,22290.305,32266.294,9975.989,
Contact STARLINK-1227 - MoonIOAGSO,33779.074,49616.541,15837.467,
Contact STARLINK-1227 - MoonIOAGSO,50971.723,61196.789,10225.066,
Contact STARLINK-1227 - MoonIOAGSO,62511.511,78486.521,15975.010,
Contact STARLINK-1227 - MoonIOAGSO,79768.139,86400.000,6631.861,
Contact STARLINK-1227 - MoonIOAGSO 0001,0.000,3425.265,3425.265,
Contact STARLINK-1227 - MoonIOAGSO 0001,5066.174,9184.621,4118.448,
Contact STARLINK-1227 - MoonIOAGSO 0001,10806.809,20719.118,9912.309,
Contact STARLINK-1227 - MoonIOAGSO 0001,22273.051,30019.577,7746.526,
Contact STARLINK-1227 - MoonIOAGSO 0001,33740.940,49600.748,15859.808,
Contact STARLINK-1227 - MoonIOAGSO 0001,51021.497,61145.825,10124.328,
Contact STARLINK-1227 - MoonIOAGSO 0001,62501.337,78571.412,16070.075,
Contact STARLINK-1227 - MoonIOAGSO 0001,79753.031,86400.000,6646.969,
Contact STARLINK-1227 - MoonLRO,7085.389,14978.642,7893.253,
Contact STARLINK-1227 - MoonLRO,27990.850,31484.861,3494.010,
Contact STARLINK-1227 - MoonLRO,34377.530,38076.958,3699.427,
Contact STARLINK-1227 - MoonLRO,41229.462,43856.586,2627.124,
Contact STARLINK-1227 - MoonLRO,56727.558,58807.518,2079.959,
Contact STARLINK-1227 - MoonLRO,62466.113,65636.171,3170.058,
Contact STARLINK-1227 - MoonLRO,68519.469,78548.076,10028.607,
Contact STARLINK-1227 - MoonLRO,82213.179,84339.608,2126.430,
Contact STARLINK-1227 - MarsSat1,1968.602,5655.813,3687.211,
Contact STARLINK-1227 - MarsSat1,7701.569,17124.874,9423.304,
Contact STARLINK-1227 - MarsSat1,19167.543,28594.042,9426.499,
Contact STARLINK-1227 - MarsSat1,30633.590,34328.676,3695.086,
Contact STARLINK-1227 - MarsSat1,36366.646,45798.055,9431.410,
Contact STARLINK-1227 - MarsSat1,47832.824,57267.577,9434.753,
Contact STARLINK-1227 - MarsSat1,59299.080,63002.384,3703.303,
Contact STARLINK-1227 - MarsSat1,65032.231,74472.069,9439.839,
Contact STARLINK-1227 - MarsSat1,76498.564,85941.829,9443.265,
Contact STARLINK-1227 - MarsSat2,1968.688,5655.891,3687.203,
Contact STARLINK-1227 - MarsSat2,7701.679,17125.021,9423.342,
Contact STARLINK-1227 - MarsSat2,19167.692,28594.244,9426.552,
Contact STARLINK-1227 - MarsSat2,30633.754,34328.892,3695.139,
Contact STARLINK-1227 - MarsSat2,36366.804,45798.263,9431.459,
Contact STARLINK-1227 - MarsSat2,47832.944,57267.733,9434.788,
Contact STARLINK-1227 - MarsSat2,59299.142,63002.505,3703.363,
Contact STARLINK-1227 - MarsSat2,65032.263,74472.127,9439.864,
Contact STARLINK-1227 - MarsSat2,76498.551,85941.852,9443.300,
Contact STARLINK-1227 - MarsSat3,1968.654,5655.855,3687.201,
Contact STARLINK-1227 - MarsSat3,7701.638,17124.966,9423.327,
Contact STARLINK-1227 - MarsSat3,19167.625,28594.154,9426.528,
Contact STARLINK-1227 - MarsSat3,30633.651,34328.780,3695.128,
Contact STARLINK-1227 - MarsSat3,36366.683,45798.103,9431.419,
Contact STARLINK-1227 - MarsSat3,47832.798,57267.539,9434.742,
Contact STARLINK-1227 - MarsSat3,59299.004,63002.314,3703.310,
Contact STARLINK-1227 - MarsSat3,65032.156,74472.002,9439.846,
Contact STARLINK-1227 - MarsSat3,76498.546,85941.819,9443.273,
Contact STARLINK-1227 - MarsSat4,1968.590,5655.787,3687.198,
Contact STARLINK-1227 - MarsSat4,7701.544,17124.847,9423.303,
Contact STARLINK-1227 - MarsSat4,19167.550,28594.134,9426.584,
Contact STARLINK-1227 - MarsSat4,30633.668,34328.774,3695.106,
Contact STARLINK-1227 - MarsSat4,36366.698,45798.088,9431.390,
Contact STARLINK-1227 - MarsSat4,47832.813,57267.616,9434.803,
Contact STARLINK-1227 - MarsSat4,59299.105,63002.415,3703.310,
Contact STARLINK-1227 - MarsSat4,65032.226,74472.009,9439.783,
Contact STARLINK-1227 - MarsSat4,76498.484,85941.751,9443.267,
Contact STARLINK-5093 - STARLINK-5591,0.000,6841.934,6841.934,
Contact STARLINK-5093 - STARLINK-5591,13954.703,21171.291,7216.588,
Contact STARLINK-5093 - STARLINK-5591,28502.868,32585.596,4082.728,
Contact STARLINK-5093 - STARLINK-5591,43142.793,43984.326,841.534,
Contact STARLINK-5093 - STARLINK-32088,75507.450,76065.749,558.299,
Contact STARLINK-5093 - STARLINK-3325,68390.744,68848.976,458.232,
Contact STARLINK-5093 - STARLINK-3325,82712.012,83235.644,523.632,
Contact STARLINK-5093 - STARLINK-5850,3144.281,4111.465,967.184,
Contact STARLINK-5093 - STARLINK-5850,17531.312,18498.528,967.216,
Contact STARLINK-5093 - STARLINK-5850,31906.423,32899.593,993.170,
Contact STARLINK-5093 - STARLINK-5850,46294.805,47285.048,990.243,
Contact STARLINK-5093 - STARLINK-5850,60671.465,61684.000,1012.535,
Contact STARLINK-5093 - STARLINK-5850,75061.012,76068.042,1007.030,
Contact STARLINK-5093 - STARLINK-2424,0.000,266.957,266.957,
Contact STARLINK-5093 - STARLINK-2424,13854.708,14611.136,756.428,
Contact STARLINK-5093 - STARLINK-2424,28197.388,28954.305,756.916,
Contact STARLINK-5093 - STARLINK-2424,42539.274,43297.576,758.301,
Contact STARLINK-5093 - STARLINK-2424,56881.557,57641.106,759.548,
Contact STARLINK-5093 - STARLINK-2424,68355.364,69115.655,760.290,
Contact STARLINK-5093 - STARLINK-2424,82698.470,83457.597,759.127,
Contact STARLINK-5093 - STARLINK-3832,35964.371,36555.817,591.446,
Contact STARLINK-5093 - STARLINK-3832,50313.706,50914.759,601.054,
Contact STARLINK-5093 - STARLINK-3832,64672.771,65263.651,590.880,
Contact STARLINK-5093 - STARLINK-3832,79021.813,79622.862,601.049,
Contact STARLINK-5093 - STARLINK-5453,0.000,7124.145,7124.145,
Contact STARLINK-5093 - STARLINK-5453,10833.386,21523.085,10689.699,
Contact STARLINK-5093 - STARLINK-5453,22314.235,35852.149,13537.914,
Contact STARLINK-5093 - STARLINK-5453,36696.594,50197.294,13500.700,
Contact STARLINK-5093 - STARLINK-5453,51089.904,64485.224,13395.321,
Contact STARLINK-5093 - STARLINK-5453,65511.698,78793.226,13281.528,
Contact STARLINK-5093 - STARLINK-5453,85718.966,86400.000,681.034,
Contact STARLINK-5093 - STARLINK-31082,0.000,6719.964,6719.964,
Contact STARLINK-5093 - STARLINK-31082,13826.538,21149.987,7323.449,
Contact STARLINK-5093 - STARLINK-31082,28178.014,35551.661,7373.648,
Contact STARLINK-5093 - STARLINK-31082,42544.028,49971.827,7427.799,
Contact STARLINK-5093 - STARLINK-31082,56905.190,64362.631,7457.441,
Contact STARLINK-5093 - STARLINK-31082,71280.962,78772.405,7491.443,
Contact STARLINK-5093 - STARLINK-31082,79901.308,86400.000,6498.692,
Contact STARLINK-5093 - STARLINK-4569,3560.575,4289.303,728.728,
Contact STARLINK-5093 - STARLINK-4569,17960.783,18668.894,708.112,
Contact STARLINK-5093 - STARLINK-4569,32346.490,33063.454,716.964,
Contact STARLINK-5093 - STARLINK-4569,46746.863,47442.863,696.000,
Contact STARLINK-5093 - STARLINK-4569,61132.609,61837.365,704.756,
Contact STARLINK-5093 - STARLINK-4569,75533.156,76216.584,683.428,
Contact STARLINK-5093 - STARLINK-1776,21563.091,22199.083,635.993,
Contact STARLINK-5093 - STARLINK-1776,35899.158,36517.786,618.628,
Contact STARLINK-5093 - STARLINK-1776,50225.724,50846.115,620.392,
Contact STARLINK-5093 - STARLINK-1776,64562.360,65164.186,601.826,
Contact STARLINK-5093 - STARLINK-1776,78888.189,79493.126,604.937,
Contact STARLINK-5093 - STARLINK-4328,3355.899,4083.489,727.590,
Contact STARLINK-5093 - STARLINK-4328,17749.978,18468.101,718.123,
Contact STARLINK-5093 - STARLINK-4328,32134.350,32862.324,727.973,
Contact STARLINK-5093 - STARLINK-4328,46528.393,47246.966,718.572,
Contact STARLINK-5093 - STARLINK-4328,60912.777,61641.146,728.369,
Contact STARLINK-5093 - STARLINK-4328,75306.783,76025.817,719.034,
Contact STARLINK-5093 - STARLINK-5737,10655.252,11405.062,749.810,
Contact STARLINK-5093 - STARLINK-5737,25033.795,25782.007,748.212,
Contact STARLINK-5093 - STARLINK-5737,39411.036,40161.061,750.025,
Contact STARLINK-5093 - STARLINK-5737,53789.808,54537.762,747.953,
Contact STARLINK-5093 - STARLINK-5737,68166.782,68917.078,750.296,
Contact STARLINK-5093 - STARLINK-5737,82545.794,83293.527,747.733,
Contact STARLINK-5093 - STARLINK-11136 [DTC],6980.937,7628.456,647.518,
Contact STARLINK-5093 - STARLINK-5231,0.000,3727.299,3727.299,
Contact STARLINK-5093 - STARLINK-5231,14362.880,18048.979,3686.099,
Contact STARLINK-5093 - STARLINK-5231,28749.452,29509.626,760.174,
Contact STARLINK-5093 - STARLINK-5231,43124.388,43840.061,715.673,
Contact STARLINK-5093 - STARLINK-5231,57517.501,58152.709,635.208,
Contact STARLINK-5093 - STARLINK-5231,71898.255,72477.147,578.892,
Contact STARLINK-5093 - STARLINK-5231,86300.853,86400.000,99.147,
Contact STARLINK-5093 - STARLINK-11092 [DTC],28231.618,29271.367,1039.749,
Contact STARLINK-5093 - STARLINK-11092 [DTC],36201.676,46597.093,10395.417,
Contact STARLINK-5093 - STARLINK-11092 [DTC],53489.922,54569.696,1079.774,
Contact STARLINK-5093 - STARLINK-11072 [DTC],46186.710,47318.701,1131.990,
Contact STARLINK-5093 - STARLINK-11072 [DTC],54443.369,64197.716,9754.347,
Contact STARLINK-5093 - STARLINK-11072 [DTC],71954.325,72092.240,137.915,
Contact STARLINK-5093 - STARLINK-5503,0.000,488.533,488.533,
Contact STARLINK-5093 - STARLINK-5503,14079.519,14885.490,805.971,
Contact STARLINK-5093 - STARLINK-5503,28477.426,29277.240,799.814,
Contact STARLINK-5093 - STARLINK-5503,42869.652,43674.009,804.357,
Contact STARLINK-5093 - STARLINK-5503,57267.546,58065.763,798.217,
Contact STARLINK-5093 - STARLINK-5503,71659.966,72462.341,802.375,
Contact STARLINK-5093 - STARLINK-5503,86057.858,86400.000,342.142,
Contact STARLINK-5093 - STARLINK-4522,7161.122,7489.773,328.651,
Contact STARLINK-5093 - MoonARTEMIS1,1192.890,10178.842,8985.953,
Contact STARLINK-5093 - MoonARTEMIS1,12303.000,15926.704,3623.704,
Contact STARLINK-5093 - MoonARTEMIS1,18047.085,27426.517,9379.432,
Contact STARLINK-5093 - MoonARTEMIS1,29539.693,38928.819,9389.126,
Contact STARLINK-5093 - MoonARTEMIS1,41035.495,56184.597,15149.102,
Contact STARLINK-5093 - MoonARTEMIS1,58282.795,67689.281,9406.486,
Contact STARLINK-5093 - MoonARTEMIS1,69782.690,79194.171,9411.481,
Contact STARLINK-5093 - MoonARTEMIS1,81283.537,84946.510,3662.973,
Contact STARLINK-5093 - MoonARTEMIS2,822.705,10186.265,9363.561,
Contact STARLINK-5093 - MoonARTEMIS2,12321.673,15937.796,3616.122,
Contact STARLINK-5093 - MoonARTEMIS2,18070.606,27440.459,9369.853,
Contact STARLINK-5093 - MoonARTEMIS2,29565.367,38933.639,9368.272,
Contact STARLINK-5093 - MoonARTEMIS2,41047.112,56180.390,15133.278,
Contact STARLINK-5093 - MoonARTEMIS2,58289.431,67680.900,9391.469,
Contact STARLINK-5093 - MoonARTEMIS2,69785.931,79182.367,9396.436,
Contact STARLINK-5093 - MoonARTEMIS2,81282.617,84933.406,3650.789,
Contact STARLINK-5093 - MoonIOAGEO,821.508,3857.282,3035.774,
Contact STARLINK-5093 - MoonIOAGEO,12305.987,15928.675,3622.688,
Contact STARLINK-5093 - MoonIOAGEO,18052.547,27435.598,9383.051,
Contact STARLINK-5093 - MoonIOAGEO,29560.943,38944.988,9384.044,
Contact STARLINK-5093 - MoonIOAGEO,41064.414,44694.168,3629.755,
Contact STARLINK-5093 - MoonIOAGEO,52547.175,56186.138,3638.963,
Contact STARLINK-5093 - MoonIOAGEO,58288.730,67687.568,9398.838,
Contact STARLINK-5093 - MoonIOAGEO,69789.695,79198.890,9409.195,
Contact STARLINK-5093 - MoonIOAGEO,81298.162,84950.960,3652.797,
Contact STARLINK-5093 - MoonIOAGNO,802.167,10187.654,9385.488,
Contact STARLINK-5093 - MoonIOAGNO,12318.066,15933.730,3615.663,
Contact STARLINK-5093 - MoonIOAGNO,18060.415,27422.348,9361.933,
Contact STARLINK-5093 - MoonIOAGNO,29546.466,38922.586,9376.120,
Contact STARLINK-5093 - MoonIOAGNO,41040.946,56193.633,15152.687,
Contact STARLINK-5093 - MoonIOAGNO,58301.169,67679.607,9378.437,
Contact STARLINK-5093 - MoonIOAGNO,69784.711,79177.234,9392.522,
Contact STARLINK-5093 - MoonIOAGNO,81274.547,84930.470,3655.923,
Contact STARLINK-5093 - MoonIOAGNO 0001,808.524,10167.973,9359.449,
Contact STARLINK-5093 - MoonIOAGNO 0001,12298.394,15918.688,3620.294,
Contact STARLINK-5093 - MoonIOAGNO 0001,18046.811,27431.094,9384.283,
Contact STARLINK-5093 - MoonIOAGNO 0001,29555.333,38934.473,9379.140,
Contact STARLINK-5093 - MoonIOAGNO 0001,41052.361,56174.155,15121.794,
Contact STARLINK-5093 - MoonIOAGNO 0001,58284.674,67682.549,9397.874,
Contact STARLINK-5093 - MoonIOAGNO 0001,69784.806,79193.982,9409.176,
Contact STARLINK-5093 - MoonIOAGNO 0001,81289.023,84935.851,3646.828,
Contact STARLINK-5093 - MoonIOAGSO,832.580,8066.617,7234.038,
Contact STARLINK-5093 - MoonIOAGSO,12308.075,15939.526,3631.451,
Contact STARLINK-5093 - MoonIOAGSO,18070.461,27459.419,9388.958,
Contact STARLINK-5093 - MoonIOAGSO,29582.594,38961.067,9378.473,
Contact STARLINK-5093 - MoonIOAGSO,41076.904,44705.038,3628.134,
Contact STARLINK-5093 - MoonIOAGSO,46816.335,56187.029,9370.695,
Contact STARLINK-5093 - MoonIOAGSO,58298.598,67712.175,9413.577,
Contact STARLINK-5093 - MoonIOAGSO,69814.418,84965.181,15150.763,
Contact STARLINK-5093 - MoonIOAGSO 0001,832.680,10208.747,9376.067,
Contact STARLINK-5093 - MoonIOAGSO 0001,12338.144,15958.383,3620.239,
Contact STARLINK-5093 - MoonIOAGSO 0001,18084.389,27443.115,9358.725,
Contact STARLINK-5093 - MoonIOAGSO 0001,30885.848,38945.952,8060.104,
Contact STARLINK-5093 - MoonIOAGSO 0001,41065.883,44707.292,3641.409,
Contact STARLINK-5093 - MoonIOAGSO 0001,46822.891,56215.721,9392.831,
Contact STARLINK-5093 - MoonIOAGSO 0001,58323.538,67705.954,9382.417,
Contact STARLINK-5093 - MoonIOAGSO 0001,69804.273,79193.284,9389.011,
Contact STARLINK-5093 - MoonIOAGSO 0001,81290.252,84957.478,3667.226,
Contact STARLINK-5093 - MoonLRO,812.098,10188.149,9376.051,
Contact STARLINK-5093 - MoonLRO,13893.426,15935.538,2042.112,
Contact STARLINK-5093 - MoonLRO,20745.241,21682.487,937.246,
Contact STARLINK-5093 - MoonLRO,35303.845,38320.093,3016.248,
Contact STARLINK-5093 - MoonLRO,41200.608,44693.550,3492.942,
Contact STARLINK-5093 - MoonLRO,48033.833,50441.693,2407.860,
Contact STARLINK-5093 - MoonLRO,64047.214,65611.729,1564.515,
Contact STARLINK-5093 - MoonLRO,69790.817,79198.184,9407.367,
Contact STARLINK-5093 - MoonLRO,82174.362,84947.284,2772.922,
Contact STARLINK-5093 - MarsSat1,0.000,1893.571,1893.571,
Contact STARLINK-5093 - MarsSat1,3984.689,13411.124,9426.434,
Contact STARLINK-5093 - MarsSat1,15501.966,24928.700,9426.734,
Contact STARLINK-5093 - MarsSat1,27019.261,30687.492,3668.231,
Contact STARLINK-5093 - MarsSat1,32777.913,42205.071,9427.158,
Contact STARLINK-5093 - MarsSat1,44295.215,53722.628,9427.413,
Contact STARLINK-5093 - MarsSat1,55812.503,59481.397,3668.894,
Contact STARLINK-5093 - MarsSat1,61571.138,70998.918,9427.781,
Contact STARLINK-5093 - MarsSat1,73088.394,82516.437,9428.043,
Contact STARLINK-5093 - MarsSat1,84605.642,86400.000,1794.358,
Contact STARLINK-5093 - MarsSat2,0.000,1893.653,1893.653,
Contact STARLINK-5093 - MarsSat2,3984.779,13411.173,9426.394,
Contact STARLINK-5093 - MarsSat2,15502.036,24928.692,9426.656,
Contact STARLINK-5093 - MarsSat2,27019.289,30687.452,3668.164,
Contact STARLINK-5093 - MarsSat2,32777.914,42204.975,9427.060,
Contact STARLINK-5093 - MarsSat2,44295.165,53722.500,9427.335,
Contact STARLINK-5093 - MarsSat2,55812.416,59481.265,3668.849,
Contact STARLINK-5093 - MarsSat2,61571.042,70998.798,9427.756,
Contact STARLINK-5093 - MarsSat2,73088.297,82516.337,9428.041,
Contact STARLINK-5093 - MarsSat2,84605.554,86400.000,1794.446,
Contact STARLINK-5093 - MarsSat3,0.000,1893.645,1893.645,
Contact STARLINK-5093 - MarsSat3,3984.761,13411.149,9426.388,
Contact STARLINK-5093 - MarsSat3,15501.999,24928.657,9426.658,
Contact STARLINK-5093 - MarsSat3,27019.235,30687.417,3668.182,
Contact STARLINK-5093 - MarsSat3,32777.857,42204.955,9427.099,
Contact STARLINK-5093 - MarsSat3,44295.117,53722.530,9427.413,
Contact STARLINK-5093 - MarsSat3,55812.413,59481.333,3668.921,
Contact STARLINK-5093 - MarsSat3,61571.079,70998.953,9427.874,
Contact STARLINK-5093 - MarsSat3,73088.424,82516.519,9428.095,
Contact STARLINK-5093 - MarsSat3,84605.717,86400.000,1794.283,
Contact STARLINK-5093 - MarsSat4,0.000,1893.583,1893.583,
Contact STARLINK-5093 - MarsSat4,3984.690,13411.131,9426.441,
Contact STARLINK-5093 - MarsSat4,15501.973,24928.730,9426.757,
Contact STARLINK-5093 - MarsSat4,27019.294,30687.474,3668.180,
Contact STARLINK-5093 - MarsSat4,32777.903,42204.995,9427.092,
Contact STARLINK-5093 - MarsSat4,44295.155,53722.608,9427.453,
Contact STARLINK-5093 - MarsSat4,55812.495,59481.371,3668.876,
Contact STARLINK-5093 - MarsSat4,61571.114,70998.872,9427.758,
Contact STARLINK-5093 - MarsSat4,73088.343,82516.463,9428.120,
Contact STARLINK-5093 - MarsSat4,84605.665,86400.000,1794.335,
Contact STARLINK-2556 - STARLINK-31979,0.000,69364.300,69364.300,
Contact STARLINK-2556 - STARLINK-30754,0.000,6614.465,6614.465,
Contact STARLINK-2556 - STARLINK-30754,7625.410,20900.611,13275.201,
Contact STARLINK-2556 - STARLINK-30754,22015.083,29450.526,7435.443,
Contact STARLINK-2556 - STARLINK-30754,36396.423,43729.142,7332.718,
Contact STARLINK-2556 - STARLINK-30754,50796.908,57978.169,7181.261,
Contact STARLINK-2556 - STARLINK-30754,68076.567,72246.131,4169.564,
Contact STARLINK-2556 - STARLINK-30754,82474.547,86400.000,3925.453,
Contact STARLINK-2556 - STARLINK-3832,6695.925,7510.373,814.448,
Contact STARLINK-2556 - STARLINK-3832,20996.509,21816.002,819.493,
Contact STARLINK-2556 - STARLINK-3832,35300.452,36118.708,818.256,
Contact STARLINK-2556 - STARLINK-3832,46742.258,50424.281,3682.024,
Contact STARLINK-2556 - STARLINK-3832,61042.866,61867.575,824.709,
Contact STARLINK-2556 - STARLINK-3832,75346.758,76170.270,823.512,
Contact STARLINK-2556 - STARLINK-4569,3350.695,3838.796,488.101,
Contact STARLINK-2556 - STARLINK-4569,17721.343,18157.939,436.596,
Contact STARLINK-2556 - STARLINK-4569,32078.066,32491.318,413.252,
Contact STARLINK-2556 - STARLINK-4569,46455.501,46803.722,348.220,
Contact STARLINK-2556 - STARLINK-1776,6638.217,7515.264,877.047,
Contact STARLINK-2556 - STARLINK-1776,20920.160,21786.635,866.476,
Contact STARLINK-2556 - STARLINK-1776,32347.831,36053.607,3705.776,
Contact STARLINK-2556 - STARLINK-1776,46635.318,47467.832,832.514,
Contact STARLINK-2556 - STARLINK-1776,60919.613,61736.593,816.980,
Contact STARLINK-2556 - STARLINK-1776,75209.211,76000.506,791.295,
Contact STARLINK-2556 - STARLINK-4328,14363.400,14983.592,620.192,
Contact STARLINK-2556 - STARLINK-4328,28708.502,29326.941,618.439,
Contact STARLINK-2556 - STARLINK-4328,43043.407,43679.433,636.027,
Contact STARLINK-2556 - STARLINK-4328,57388.883,58022.311,633.428,
Contact STARLINK-2556 - STARLINK-4328,71724.490,72374.035,649.544,
Contact STARLINK-2556 - STARLINK-4328,86070.255,86400.000,329.745,
Contact STARLINK-2556 - STARLINK-5737,10211.108,10918.038,706.929,
Contact STARLINK-2556 - STARLINK-5737,24563.156,25217.381,654.225,
Contact STARLINK-2556 - STARLINK-5737,64765.253,65239.551,474.298,
Contact STARLINK-2556 - STARLINK-5737,79133.478,79523.042,389.564,
Contact STARLINK-2556 - STARLINK-11136 [DTC],3379.932,4388.525,1008.593,
Contact STARLINK-2556 - STARLINK-11136 [DTC],17521.777,18277.888,756.111,
Contact STARLINK-2556 - STARLINK-11092 [DTC],57194.983,86400.000,29205.017,
Contact STARLINK-2556 - STARLINK-11072 [DTC],82678.314,86400.000,3721.686,
Contact STARLINK-2556 - STARLINK-4522,0.000,86400.000,86400.000,
Contact STARLINK-2556 - MoonARTEMIS1,5627.947,9195.654,3567.707,
Contact STARLINK-2556 - MoonARTEMIS1,11360.152,20654.482,9294.331,
Contact STARLINK-2556 - MoonARTEMIS1,22816.460,32109.688,9293.229,
Contact STARLINK-2556 - MoonARTEMIS1,34268.361,37836.581,3568.219,
Contact STARLINK-2556 - MoonARTEMIS1,39993.334,49289.344,9296.010,
Contact STARLINK-2556 - MoonARTEMIS1,51441.827,60740.953,9299.126,
Contact STARLINK-2556 - MoonARTEMIS1,62888.702,66466.348,3577.646,
Contact STARLINK-2556 - MoonARTEMIS1,68611.590,77916.260,9304.670,
Contact STARLINK-2556 - MoonARTEMIS1,80056.273,86400.000,6343.727,
Contact STARLINK-2556 - MoonARTEMIS2,0.000,3448.725,3448.725,
Contact STARLINK-2556 - MoonARTEMIS2,5610.760,9174.764,3564.004,
Contact STARLINK-2556 - MoonARTEMIS2,11337.725,20629.440,9291.715,
Contact STARLINK-2556 - MoonARTEMIS2,22793.498,32091.684,9298.186,
Contact STARLINK-2556 - MoonARTEMIS2,34892.346,37823.623,2931.278,
Contact STARLINK-2556 - MoonARTEMIS2,39982.514,49270.124,9287.610,
Contact STARLINK-2556 - MoonARTEMIS2,51426.267,60717.327,9291.060,
Contact STARLINK-2556 - MoonARTEMIS2,62870.115,66441.546,3571.431,
Contact STARLINK-2556 - MoonARTEMIS2,68592.231,77891.297,9299.066,
Contact STARLINK-2556 - MoonARTEMIS2,80036.877,86400.000,6363.123,
Contact STARLINK-2556 - MoonIOAGEO,0.000,3466.357,3466.357,
Contact STARLINK-2556 - MoonIOAGEO,11357.213,20646.047,9288.834,
Contact STARLINK-2556 - MoonIOAGEO,22807.497,32091.191,9283.693,
Contact STARLINK-2556 - MoonIOAGEO,34252.346,37815.773,3563.427,
Contact STARLINK-2556 - MoonIOAGEO,39976.885,47847.441,7870.555,
Contact STARLINK-2556 - MoonIOAGEO,51939.855,60730.289,8790.434,
Contact STARLINK-2556 - MoonIOAGEO,62880.869,66454.962,3574.092,
Contact STARLINK-2556 - MoonIOAGEO,68603.182,77901.356,9298.174,
Contact STARLINK-2556 - MoonIOAGEO,80047.422,86400.000,6352.578,
Contact STARLINK-2556 - MoonIOAGNO,0.000,3463.218,3463.218,
Contact STARLINK-2556 - MoonIOAGNO,5628.702,9197.757,3569.056,
Contact STARLINK-2556 - MoonIOAGNO,11358.201,20626.200,9267.999,
Contact STARLINK-2556 - MoonIOAGNO,22786.446,32074.621,9288.175,
Contact STARLINK-2556 - MoonIOAGNO,34236.306,37804.543,3568.237,
Contact STARLINK-2556 - MoonIOAGNO,39966.007,49273.759,9307.752,
Contact STARLINK-2556 - MoonIOAGNO,51433.667,60712.283,9278.617,
Contact STARLINK-2556 - MoonIOAGNO,62862.877,66432.149,3569.272,
Contact STARLINK-2556 - MoonIOAGNO,68581.940,77887.094,9305.154,
Contact STARLINK-2556 - MoonIOAGNO,80031.867,86400.000,6368.133,
Contact STARLINK-2556 - MoonIOAGNO 0001,0.000,3447.287,3447.287,
Contact STARLINK-2556 - MoonIOAGNO 0001,5608.024,9172.207,3564.183,
Contact STARLINK-2556 - MoonIOAGNO 0001,11334.808,20632.498,9297.690,
Contact STARLINK-2556 - MoonIOAGNO 0001,22797.235,32099.773,9302.537,
Contact STARLINK-2556 - MoonIOAGNO 0001,34255.665,37810.129,3554.464,
Contact STARLINK-2556 - MoonIOAGNO 0001,39966.759,49251.567,9284.808,
Contact STARLINK-2556 - MoonIOAGNO 0001,51408.662,60710.890,9302.228,
Contact STARLINK-2556 - MoonIOAGNO 0001,62865.006,66445.595,3580.589,
Contact STARLINK-2556 - MoonIOAGNO 0001,68597.842,77904.118,9306.276,
Contact STARLINK-2556 - MoonIOAGNO 0001,80043.257,86400.000,6356.743,
Contact STARLINK-2556 - MoonIOAGSO,0.000,3471.129,3471.129,
Contact STARLINK-2556 - MoonIOAGSO,5628.907,7989.677,2360.770,
Contact STARLINK-2556 - MoonIOAGSO,11351.118,20655.677,9304.558,
Contact STARLINK-2556 - MoonIOAGSO,22820.056,32109.969,9289.912,
Contact STARLINK-2556 - MoonIOAGSO,34271.066,37832.848,3561.781,
Contact STARLINK-2556 - MoonIOAGSO,39992.117,49271.970,9279.853,
Contact STARLINK-2556 - MoonIOAGSO,51426.321,60734.784,9308.463,
Contact STARLINK-2556 - MoonIOAGSO,62891.083,66466.718,3575.635,
Contact STARLINK-2556 - MoonIOAGSO,68619.765,77919.862,9300.096,
Contact STARLINK-2556 - MoonIOAGSO,80065.961,86400.000,6334.039,
Contact STARLINK-2556 - MoonIOAGSO 0001,0.000,3482.775,3482.775,
Contact STARLINK-2556 - MoonIOAGSO 0001,5644.698,9208.582,3563.884,
Contact STARLINK-2556 - MoonIOAGSO 0001,11369.788,20652.124,9282.336,
Contact STARLINK-2556 - MoonIOAGSO 0001,22811.743,30048.292,7236.549,
Contact STARLINK-2556 - MoonIOAGSO 0001,34254.948,37827.339,3572.390,
Contact STARLINK-2556 - MoonIOAGSO 0001,39991.147,49288.347,9297.200,
Contact STARLINK-2556 - MoonIOAGSO 0001,51447.080,60736.455,9289.374,
Contact STARLINK-2556 - MoonIOAGSO 0001,62889.530,66457.108,3567.579,
Contact STARLINK-2556 - MoonIOAGSO 0001,68606.287,77907.387,9301.100,
Contact STARLINK-2556 - MoonIOAGSO 0001,80055.662,86400.000,6344.338,
Contact STARLINK-2556 - MoonLRO,7062.728,9192.690,2129.962,
Contact STARLINK-2556 - MoonLRO,13916.320,14914.175,997.855,
Contact STARLINK-2556 - MoonLRO,28527.063,31492.571,2965.508,
Contact STARLINK-2556 - MoonLRO,34369.289,37824.262,3454.973,
Contact STARLINK-2556 - MoonLRO,41207.347,43547.689,2340.342,
Contact STARLINK-2556 - MoonLRO,57155.467,58788.310,1632.843,
Contact STARLINK-2556 - MoonLRO,62875.469,65639.563,2764.094,
Contact STARLINK-2556 - MoonLRO,68597.975,77908.419,9310.443,
Contact STARLINK-2556 - MoonLRO,82203.080,83631.602,1428.523,
Contact STARLINK-2556 - MarsSat1,0.000,6324.544,6324.544,
Contact STARLINK-2556 - MarsSat1,8262.840,17769.032,9506.192,
Contact STARLINK-2556 - MarsSat1,19714.137,23491.286,3777.149,
Contact STARLINK-2556 - MarsSat1,25439.724,34935.815,9496.091,
Contact STARLINK-2556 - MarsSat1,36890.797,46380.369,9489.571,
Contact STARLINK-2556 - MarsSat1,48341.745,52102.650,3760.905,
Contact STARLINK-2556 - MarsSat1,54067.169,63547.210,9480.042,
Contact STARLINK-2556 - MarsSat1,65517.902,74991.758,9473.857,
Contact STARLINK-2556 - MarsSat1,76968.459,86400.000,9431.541,
Contact STARLINK-2556 - MarsSat2,0.000,6324.667,6324.667,
Contact STARLINK-2556 - MarsSat2,8262.956,17769.165,9506.208,
Contact STARLINK-2556 - MarsSat2,19714.318,23491.413,3777.096,
Contact STARLINK-2556 - MarsSat2,25439.928,34935.912,9495.984,
Contact STARLINK-2556 - MarsSat2,36891.013,46380.414,9489.400,
Contact STARLINK-2556 - MarsSat2,48341.923,52102.667,3760.743,
Contact STARLINK-2556 - MarsSat2,54067.315,63547.178,9479.863,
Contact STARLINK-2556 - MarsSat2,65517.974,74991.698,9473.724,
Contact STARLINK-2556 - MarsSat2,76968.473,86400.000,9431.527,
Contact STARLINK-2556 - MarsSat3,0.000,6324.628,6324.628,
Contact STARLINK-2556 - MarsSat3,8262.910,17769.099,9506.189,
Contact STARLINK-2556 - MarsSat3,19714.244,23491.332,3777.088,
Contact STARLINK-2556 - MarsSat3,25439.834,34935.803,9495.969,
Contact STARLINK-2556 - MarsSat3,36890.875,46380.296,9489.422,
Contact STARLINK-2556 - MarsSat3,48341.746,52102.559,3760.813,
Contact STARLINK-2556 - MarsSat3,54067.128,63547.136,9480.008,
Contact STARLINK-2556 - MarsSat3,65517.819,74991.766,9473.947,
Contact STARLINK-2556 - MarsSat3,76968.423,86400.000,9431.577,
Contact STARLINK-2556 - MarsSat4,0.000,6324.526,6324.526,
Contact STARLINK-2556 - MarsSat4,8262.806,17769.041,9506.235,
Contact STARLINK-2556 - MarsSat4,19714.139,23491.352,3777.213,
Contact STARLINK-2556 - MarsSat4,25439.805,34935.838,9496.034,
Contact STARLINK-2556 - MarsSat4,36890.878,46380.330,9489.452,
Contact STARLINK-2556 - MarsSat4,48341.749,52102.634,3760.885,
Contact STARLINK-2556 - MarsSat4,54067.188,63547.195,9480.007,
Contact STARLINK-2556 - MarsSat4,65517.905,74991.686,9473.781,
Contact STARLINK-2556 - MarsSat4,76968.371,86400.000,9431.629,
Contact STARLINK-5591 - STARLINK-32088,64459.817,65478.708,1018.891,
Contact STARLINK-5591 - STARLINK-32088,78476.031,79863.243,1387.212,
Contact STARLINK-5591 - STARLINK-5829,0.000,86400.000,86400.000,
Contact STARLINK-5591 - STARLINK-3325,0.000,390.157,390.157,
Contact STARLINK-5591 - STARLINK-3325,13768.162,14767.224,999.061,
Contact STARLINK-5591 - STARLINK-3325,28110.958,29148.868,1037.910,
Contact STARLINK-5591 - STARLINK-3325,39594.242,43512.801,3918.559,
Contact STARLINK-5591 - STARLINK-3325,53959.816,57881.163,3921.347,
Contact STARLINK-5591 - STARLINK-3325,68321.213,72231.453,3910.239,
Contact STARLINK-5591 - STARLINK-3325,82700.805,86400.000,3699.195,
Contact STARLINK-5591 - STARLINK-5850,466.543,7825.070,7358.528,
Contact STARLINK-5591 - STARLINK-5850,14859.184,22224.137,7364.953,
Contact STARLINK-5591 - STARLINK-5850,29263.608,36600.859,7337.251,
Contact STARLINK-5591 - STARLINK-5850,43664.329,50991.832,7327.503,
Contact STARLINK-5591 - STARLINK-5850,58076.614,65361.015,7284.401,
Contact STARLINK-5591 - STARLINK-5850,72484.471,79744.776,7260.305,
Contact STARLINK-5591 - STARLINK-31939,71341.459,86400.000,15058.541,
Contact STARLINK-5591 - STARLINK-2424,0.000,604.111,604.111,
Contact STARLINK-5591 - STARLINK-2424,14189.119,14939.355,750.236,
Contact STARLINK-5591 - STARLINK-2424,28557.696,29274.945,717.249,
Contact STARLINK-5591 - STARLINK-2424,42934.028,43603.222,669.194,
Contact STARLINK-5591 - STARLINK-2424,57308.240,57933.095,624.854,
Contact STARLINK-5591 - STARLINK-2424,71692.406,72253.606,561.200,
Contact STARLINK-5591 - STARLINK-2424,86073.066,86400.000,326.934,
Contact STARLINK-5591 - STARLINK-5453,0.000,38968.418,38968.418,
Contact STARLINK-5591 - STARLINK-31082,0.000,82113.693,82113.693,
Contact STARLINK-5591 - STARLINK-31082,83253.025,86400.000,3146.975,
Contact STARLINK-5591 - STARLINK-4569,6907.588,7643.878,736.289,
Contact STARLINK-5591 - STARLINK-4569,21314.425,22044.275,729.850,
Contact STARLINK-5591 - STARLINK-4569,35733.140,36432.347,699.207,
Contact STARLINK-5591 - STARLINK-4569,50141.608,50831.135,689.527,
Contact STARLINK-5591 - STARLINK-4569,64562.543,65217.012,654.469,
Contact STARLINK-5591 - STARLINK-4569,78972.912,79613.922,641.010,
Contact STARLINK-5591 - STARLINK-4328,6568.421,7316.513,748.092,
Contact STARLINK-5591 - STARLINK-4328,20967.389,21721.996,754.607,
Contact STARLINK-5591 - STARLINK-4328,35371.980,36122.597,750.617,
Contact STARLINK-5591 - STARLINK-4328,49771.216,50527.807,756.591,
Contact STARLINK-5591 - STARLINK-4328,64175.804,64928.383,752.579,
Contact STARLINK-5591 - STARLINK-4328,78575.341,79333.291,757.950,
Contact STARLINK-5591 - STARLINK-11136 [DTC],71985.079,72657.325,672.245,
Contact STARLINK-5591 - STARLINK-11136 [DTC],85979.407,86400.000,420.593,
Contact STARLINK-5591 - STARLINK-31325,57912.677,86400.000,28487.323,
Contact STARLINK-5591 - STARLINK-5231,3535.984,4044.188,508.205,
Contact STARLINK-5591 - STARLINK-11092 [DTC],11109.554,37941.195,26831.642,
Contact STARLINK-5591 - STARLINK-11072 [DTC],32521.374,53755.455,21234.081,
Contact STARLINK-5591 - STARLINK-5503,2918.177,3733.513,815.336,
Contact STARLINK-5591 - STARLINK-5503,17327.165,18131.269,804.103,
Contact STARLINK-5591 - STARLINK-5503,31735.240,32530.497,795.257,
Contact STARLINK-5591 - STARLINK-5503,46144.371,46928.112,783.741,
Contact STARLINK-5591 - STARLINK-5503,60552.916,61326.921,774.005,
Contact STARLINK-5591 - STARLINK-5503,74962.185,75724.402,762.216,
Contact STARLINK-5591 - MoonARTEMIS1,1589.577,5233.849,3644.272,
Contact STARLINK-5591 - MoonARTEMIS1,7352.707,16779.731,9427.025,
Contact STARLINK-5591 - MoonARTEMIS1,18880.107,28323.522,9443.414,
Contact STARLINK-5591 - MoonARTEMIS1,30407.602,34095.007,3687.405,
Contact STARLINK-5591 - MoonARTEMIS1,36171.230,45637.387,9466.157,
Contact STARLINK-5591 - MoonARTEMIS1,47698.197,57179.043,9480.846,
Contact STARLINK-5591 - MoonARTEMIS1,59224.728,62949.583,3724.855,
Contact STARLINK-5591 - MoonARTEMIS1,64987.804,74489.964,9502.160,
Contact STARLINK-5591 - MoonARTEMIS1,76513.481,86029.074,9515.594,
Contact STARLINK-5591 - MoonARTEMIS2,1581.720,5220.330,3638.610,
Contact STARLINK-5591 - MoonARTEMIS2,7347.501,16761.662,9414.161,
Contact STARLINK-5591 - MoonARTEMIS2,18879.294,28307.551,9428.257,
Contact STARLINK-5591 - MoonARTEMIS2,30411.397,33019.667,2608.270,
Contact STARLINK-5591 - MoonARTEMIS2,36174.241,45621.727,9447.485,
Contact STARLINK-5591 - MoonARTEMIS2,47694.877,57156.944,9462.067,
Contact STARLINK-5591 - MoonARTEMIS2,59217.378,62925.247,3707.869,
Contact STARLINK-5591 - MoonARTEMIS2,64978.792,74463.272,9484.480,
Contact STARLINK-5591 - MoonARTEMIS2,76501.665,86003.299,9501.634,
Contact STARLINK-5591 - MoonIOAGEO,1590.196,3815.351,2225.155,
Contact STARLINK-5591 - MoonIOAGEO,7852.882,16775.500,8922.618,
Contact STARLINK-5591 - MoonIOAGEO,18879.678,28312.363,9432.685,
Contact STARLINK-5591 - MoonIOAGEO,30411.836,34081.234,3669.398,
Contact STARLINK-5591 - MoonIOAGEO,36177.780,45623.449,9445.669,
Contact STARLINK-5591 - MoonIOAGEO,53462.598,57168.328,3705.730,
Contact STARLINK-5591 - MoonIOAGEO,59222.650,62938.964,3716.314,
Contact STARLINK-5591 - MoonIOAGEO,64985.039,74476.689,9491.649,
Contact STARLINK-5591 - MoonIOAGEO,76516.041,86019.801,9503.760,
Contact STARLINK-5591 - MoonIOAGNO,1577.447,5232.489,3655.042,
Contact STARLINK-5591 - MoonIOAGNO,7352.923,16763.823,9410.900,
Contact STARLINK-5591 - MoonIOAGNO,18872.530,28291.717,9419.187,
Contact STARLINK-5591 - MoonIOAGNO,30391.054,34062.754,3671.700,
Contact STARLINK-5591 - MoonIOAGNO,36155.295,45616.640,9461.344,
Contact STARLINK-5591 - MoonIOAGNO,47694.138,57161.621,9467.483,
Contact STARLINK-5591 - MoonIOAGNO,59222.665,62919.185,3696.520,
Contact STARLINK-5591 - MoonIOAGNO,64975.688,74455.138,9479.450,
Contact STARLINK-5591 - MoonIOAGNO,76492.995,86009.704,9516.709,
Contact STARLINK-5591 - MoonIOAGNO 0001,1572.943,5214.399,3641.456,
Contact STARLINK-5591 - MoonIOAGNO 0001,7334.153,16756.746,9422.593,
Contact STARLINK-5591 - MoonIOAGNO 0001,18866.207,28314.337,9448.129,
Contact STARLINK-5591 - MoonIOAGNO 0001,30413.254,34084.700,3671.446,
Contact STARLINK-5591 - MoonIOAGNO 0001,36173.143,45603.214,9430.071,
Contact STARLINK-5591 - MoonIOAGNO 0001,47683.455,57144.781,9461.327,
Contact STARLINK-5591 - MoonIOAGNO 0001,59208.114,62921.821,3713.707,
Contact STARLINK-5591 - MoonIOAGNO 0001,64975.263,74485.741,9510.478,
Contact STARLINK-5591 - MoonIOAGNO 0001,76517.945,86001.816,9483.871,
Contact STARLINK-5591 - MoonIOAGSO,1600.850,5238.054,3637.204,
Contact STARLINK-5591 - MoonIOAGSO,9396.278,16782.189,7385.911,
Contact STARLINK-5591 - MoonIOAGSO,18895.355,28333.305,9437.950,
Contact STARLINK-5591 - MoonIOAGSO,30435.072,34102.723,3667.651,
Contact STARLINK-5591 - MoonIOAGSO,36198.025,45631.721,9433.696,
Contact STARLINK-5591 - MoonIOAGSO,47709.707,57167.892,9458.185,
Contact STARLINK-5591 - MoonIOAGSO,59233.001,62950.766,3717.765,
Contact STARLINK-5591 - MoonIOAGSO,65007.751,74499.711,9491.960,
Contact STARLINK-5591 - MoonIOAGSO,76540.327,86034.048,9493.722,
Contact STARLINK-5591 - MoonIOAGSO 0001,1607.549,5254.134,3646.584,
Contact STARLINK-5591 - MoonIOAGSO 0001,7376.456,16790.419,9413.964,
Contact STARLINK-5591 - MoonIOAGSO 0001,18901.518,28313.485,9411.967,
Contact STARLINK-5591 - MoonIOAGSO 0001,30811.277,34081.596,3270.318,
Contact STARLINK-5591 - MoonIOAGSO 0001,36176.895,45642.365,9465.470,
Contact STARLINK-5591 - MoonIOAGSO 0001,47724.293,57184.114,9459.822,
Contact STARLINK-5591 - MoonIOAGSO 0001,59251.025,62949.935,3698.911,
Contact STARLINK-5591 - MoonIOAGSO 0001,65007.193,74473.646,9466.453,
Contact STARLINK-5591 - MoonIOAGSO 0001,76506.948,86039.639,9532.691,
Contact STARLINK-5591 - MoonLRO,1586.405,4172.701,2586.295,
Contact STARLINK-5591 - MoonLRO,7348.954,16777.298,9428.344,
Contact STARLINK-5591 - MoonLRO,20731.199,22542.821,1811.622,
Contact STARLINK-5591 - MoonLRO,41933.734,45153.359,3219.625,
Contact STARLINK-5591 - MoonLRO,48026.051,51399.360,3373.308,
Contact STARLINK-5591 - MoonLRO,70752.817,72447.181,1694.364,
Contact STARLINK-5591 - MoonLRO,76509.670,86027.672,9518.002,
Contact STARLINK-5591 - MarsSat1,0.000,2437.299,2437.299,
Contact STARLINK-5591 - MarsSat1,4516.302,13974.731,9458.429,
Contact STARLINK-5591 - MarsSat1,16055.614,19743.464,3687.850,
Contact STARLINK-5591 - MarsSat1,21825.266,31280.962,9455.696,
Contact STARLINK-5591 - MarsSat1,33364.571,42818.500,9453.928,
Contact STARLINK-5591 - MarsSat1,44903.876,48587.279,3683.403,
Contact STARLINK-5591 - MarsSat1,50673.525,60124.849,9451.325,
Contact STARLINK-5591 - MarsSat1,62212.804,71662.430,9449.625,
Contact STARLINK-5591 - MarsSat1,73752.048,77431.224,3679.175,
Contact STARLINK-5591 - MarsSat1,79521.655,86400.000,6878.345,
Contact STARLINK-5591 - MarsSat2,0.000,2437.393,2437.393,
Contact STARLINK-5591 - MarsSat2,4516.399,13974.827,9458.429,
Contact STARLINK-5591 - MarsSat2,16055.731,19743.552,3687.821,
Contact STARLINK-5591 - MarsSat2,21825.386,31281.020,9455.634,
Contact STARLINK-5591 - MarsSat2,33364.676,42818.512,9453.837,
Contact STARLINK-5591 - MarsSat2,44903.941,48587.268,3683.328,
Contact STARLINK-5591 - MarsSat2,50673.565,60124.801,9451.237,
Contact STARLINK-5591 - MarsSat2,62212.796,71662.362,9449.565,
Contact STARLINK-5591 - MarsSat2,73752.008,77431.153,3679.145,
Contact STARLINK-5591 - MarsSat2,79521.607,86400.000,6878.393,
Contact STARLINK-5591 - MarsSat3,0.000,2437.371,2437.371,
Contact STARLINK-5591 - MarsSat3,4516.368,13974.786,9458.418,
Contact STARLINK-5591 - MarsSat3,16055.679,19743.499,3687.820,
Contact STARLINK-5591 - MarsSat3,21825.320,31280.946,9455.626,
Contact STARLINK-5591 - MarsSat3,33364.582,42818.432,9453.850,
Contact STARLINK-5591 - MarsSat3,44903.833,48587.195,3683.363,
Contact STARLINK-5591 - MarsSat3,50673.459,60124.776,9451.317,
Contact STARLINK-5591 - MarsSat3,62212.734,71662.429,9449.694,
Contact STARLINK-5591 - MarsSat3,73752.041,77431.259,3679.218,
Contact STARLINK-5591 - MarsSat3,79521.680,86400.000,6878.320,
Contact STARLINK-5591 - MarsSat4,0.000,2437.298,2437.298,
Contact STARLINK-5591 - MarsSat4,4516.289,13974.723,9458.434,
Contact STARLINK-5591 - MarsSat4,16055.605,19743.493,3687.888,
Contact STARLINK-5591 - MarsSat4,21825.308,31280.988,9455.679,
Contact STARLINK-5591 - MarsSat4,33364.610,42818.460,9453.850,
Contact STARLINK-5591 - MarsSat4,44903.853,48587.240,3683.387,
Contact STARLINK-5591 - MarsSat4,50673.506,60124.844,9451.338,
Contact STARLINK-5591 - MarsSat4,62212.802,71662.376,9449.574,
Contact STARLINK-5591 - MarsSat4,73751.988,77431.171,3679.183,
Contact STARLINK-5591 - MarsSat4,79521.594,86400.000,6878.406,
Contact STARLINK-1073 - STARLINK-32088,0.000,24342.632,24342.632,
Contact STARLINK-1073 - STARLINK-31979,50165.522,51006.971,841.449,
Contact STARLINK-1073 - STARLINK-31979,64299.051,65300.111,1001.060,
Contact STARLINK-1073 - STARLINK-31979,78484.505,79539.702,1055.197,
Contact STARLINK-1073 - STARLINK-31939,6615.378,7548.154,932.776,
Contact STARLINK-1073 - STARLINK-3832,0.000,6566.828,6566.828,
Contact STARLINK-1073 - STARLINK-3832,13894.588,20866.016,6971.428,
Contact STARLINK-1073 - STARLINK-3832,28223.125,29458.526,1235.401,
Contact STARLINK-1073 - STARLINK-3832,42568.266,43755.474,1187.208,
Contact STARLINK-1073 - STARLINK-3832,56899.065,58068.614,1169.549,
Contact STARLINK-1073 - STARLINK-3832,65510.998,72362.550,6851.553,
Contact STARLINK-1073 - STARLINK-3832,82720.398,86400.000,3679.602,
Contact STARLINK-1073 - STARLINK-1776,0.000,6509.328,6509.328,
Contact STARLINK-1073 - STARLINK-1776,13888.851,15064.500,1175.650,
Contact STARLINK-1073 - STARLINK-1776,28206.222,29337.500,1131.279,
Contact STARLINK-1073 - STARLINK-1776,42545.224,43587.239,1042.015,
Contact STARLINK-1073 - STARLINK-1776,56877.675,57845.243,967.568,
Contact STARLINK-1073 - STARLINK-1776,68356.362,72075.745,3719.384,
Contact STARLINK-1073 - STARLINK-1776,82725.440,83457.930,732.489,
Contact STARLINK-1073 - STARLINK-6199,6783.851,13685.677,6901.827,
Contact STARLINK-1073 - STARLINK-6199,21126.768,22285.821,1159.053,
Contact STARLINK-1073 - STARLINK-6199,35460.745,36631.271,1170.526,
Contact STARLINK-1073 - STARLINK-6199,49803.719,50967.755,1164.037,
Contact STARLINK-1073 - STARLINK-6199,64137.763,65313.128,1175.365,
Contact STARLINK-1073 - STARLINK-6199,78480.793,79649.540,1168.746,
Contact STARLINK-1073 - STARLINK-3506,0.000,50293.061,50293.061,
Contact STARLINK-1073 - STARLINK-3506,50810.505,64394.735,13584.231,
Contact STARLINK-1073 - STARLINK-3506,65386.436,78476.806,13090.371,
Contact STARLINK-1073 - STARLINK-3506,85679.793,86400.000,720.207,
Contact STARLINK-1073 - STARLINK-11136 [DTC],0.000,353.717,353.717,
Contact STARLINK-1073 - STARLINK-11136 [DTC],10738.608,11555.183,816.574,
Contact STARLINK-1073 - STARLINK-11136 [DTC],24999.638,25369.483,369.845,
Contact STARLINK-1073 - STARLINK-11072 [DTC],0.000,4387.636,4387.636,
Contact STARLINK-1073 - STARLINK-5176,0.000,86400.000,86400.000,
Contact STARLINK-1073 - STARLINK-4522,10528.516,11043.691,515.175,
Contact STARLINK-1073 - STARLINK-4522,24800.534,25391.919,591.385,
Contact STARLINK-1073 - STARLINK-4522,39085.261,39726.729,641.468,
Contact STARLINK-1073 - STARLINK-4522,53365.314,54066.863,701.549,
Contact STARLINK-1073 - STARLINK-4522,64794.470,65533.574,739.105,
Contact STARLINK-1073 - STARLINK-4522,79086.586,79860.975,774.389,
Contact STARLINK-1073 - MoonARTEMIS1,4634.660,20490.466,15855.807,
Contact STARLINK-1073 - MoonARTEMIS1,21992.832,32044.115,10051.283,
Contact STARLINK-1073 - MoonARTEMIS1,33540.817,49348.528,15807.711,
Contact STARLINK-1073 - MoonARTEMIS1,50849.349,60873.494,10024.144,
Contact STARLINK-1073 - MoonARTEMIS1,62381.792,78149.420,15767.627,
Contact STARLINK-1073 - MoonARTEMIS1,79672.053,86400.000,6727.947,
Contact STARLINK-1073 - MoonARTEMIS2,0.000,3060.719,3060.719,
Contact STARLINK-1073 - MoonARTEMIS2,4584.653,20392.933,15808.281,
Contact STARLINK-1073 - MoonARTEMIS2,21888.337,31966.582,10078.244,
Contact STARLINK-1073 - MoonARTEMIS2,34891.215,49319.660,14428.444,
Contact STARLINK-1073 - MoonARTEMIS2,50789.293,60854.964,10065.671,
Contact STARLINK-1073 - MoonARTEMIS2,62319.080,78149.220,15830.140,
Contact STARLINK-1073 - MoonARTEMIS2,79621.537,86400.000,6778.463,
Contact STARLINK-1073 - MoonIOAGEO,0.000,3099.225,3099.225,
Contact STARLINK-1073 - MoonIOAGEO,10419.376,20461.318,10041.941,
Contact STARLINK-1073 - MoonIOAGEO,21954.110,31964.637,10010.527,
Contact STARLINK-1073 - MoonIOAGEO,33451.365,47771.023,14319.659,
Contact STARLINK-1073 - MoonIOAGEO,51991.685,60862.417,8870.732,
Contact STARLINK-1073 - MoonIOAGEO,62353.551,78118.489,15764.938,
Contact STARLINK-1073 - MoonIOAGEO,79617.849,86400.000,6782.151,
Contact STARLINK-1073 - MoonIOAGNO,0.000,3136.550,3136.550,
Contact STARLINK-1073 - MoonIOAGNO,4647.924,20426.591,15778.667,
Contact STARLINK-1073 - MoonIOAGNO,21889.888,32000.353,10110.465,
Contact STARLINK-1073 - MoonIOAGNO,33431.859,49315.075,15883.216,
Contact STARLINK-1073 - MoonIOAGNO,50796.908,60831.913,10035.005,
Contact STARLINK-1073 - MoonIOAGNO,62283.947,78165.094,15881.147,
Contact STARLINK-1073 - MoonIOAGNO,79620.444,86400.000,6779.556,
Contact STARLINK-1073 - MoonIOAGNO 0001,0.000,3107.367,3107.367,
Contact STARLINK-1073 - MoonIOAGNO 0001,4595.658,20461.908,15866.249,
Contact STARLINK-1073 - MoonIOAGNO 0001,21926.815,31980.032,10053.217,
Contact STARLINK-1073 - MoonIOAGNO 0001,33471.185,49312.168,15840.983,
Contact STARLINK-1073 - MoonIOAGNO 0001,50735.410,60865.304,10129.894,
Contact STARLINK-1073 - MoonIOAGNO 0001,62309.389,78127.669,15818.279,
Contact STARLINK-1073 - MoonIOAGNO 0001,79622.983,86400.000,6777.017,
Contact STARLINK-1073 - MoonIOAGSO,0.000,3080.907,3080.907,
Contact STARLINK-1073 - MoonIOAGSO,4636.123,20413.683,15777.560,
Contact STARLINK-1073 - MoonIOAGSO,21954.953,31931.874,9976.921,
Contact STARLINK-1073 - MoonIOAGSO,33478.169,49277.819,15799.650,
Contact STARLINK-1073 - MoonIOAGSO,52611.620,60824.890,8213.270,
Contact STARLINK-1073 - MoonIOAGSO,62341.017,78083.521,15742.503,
Contact STARLINK-1073 - MoonIOAGSO,79636.016,86400.000,6763.984,
Contact STARLINK-1073 - MoonIOAGSO 0001,0.000,3079.805,3079.805,
Contact STARLINK-1073 - MoonIOAGSO 0001,4661.464,20390.416,15728.952,
Contact STARLINK-1073 - MoonIOAGSO 0001,21932.630,29932.488,7999.859,
Contact STARLINK-1073 - MoonIOAGSO 0001,33473.269,49251.821,15778.552,
Contact STARLINK-1073 - MoonIOAGSO 0001,50789.008,60784.121,9995.113,
Contact STARLINK-1073 - MoonIOAGSO 0001,62314.424,78146.884,15832.460,
Contact STARLINK-1073 - MoonIOAGSO 0001,79661.046,86400.000,6738.954,
Contact STARLINK-1073 - MoonLRO,7088.849,17828.874,10740.024,
Contact STARLINK-1073 - MoonLRO,27695.706,31469.220,3773.513,
Contact STARLINK-1073 - MoonLRO,34393.887,37747.610,3353.723,
Contact STARLINK-1073 - MoonLRO,41237.386,43523.594,2286.209,
Contact STARLINK-1073 - MoonLRO,56551.177,58808.563,2257.387,
Contact STARLINK-1073 - MoonLRO,62319.723,65622.088,3302.365,
Contact STARLINK-1073 - MoonLRO,68533.808,78131.738,9597.930,
Contact STARLINK-1073 - MoonLRO,82207.040,83904.114,1697.074,
Contact STARLINK-1073 - MarsSat1,1322.243,16591.398,15269.155,
Contact STARLINK-1073 - MarsSat1,18541.531,28074.661,9533.130,
Contact STARLINK-1073 - MarsSat1,30021.206,39558.054,9536.848,
Contact STARLINK-1073 - MarsSat1,41501.028,45299.806,3798.777,
Contact STARLINK-1073 - MarsSat1,47240.997,56783.417,9542.420,
Contact STARLINK-1073 - MarsSat1,58721.036,68267.141,9546.105,
Contact STARLINK-1073 - MarsSat1,70201.190,74009.032,3807.842,
Contact STARLINK-1073 - MarsSat1,75941.301,85492.847,9551.545,
Contact STARLINK-1073 - MarsSat2,1322.329,16591.544,15269.215,
Contact STARLINK-1073 - MarsSat2,18541.706,28074.895,9533.190,
Contact STARLINK-1073 - MarsSat2,30021.413,39558.332,9536.919,
Contact STARLINK-1073 - MarsSat2,41501.225,45300.083,3798.858,
Contact STARLINK-1073 - MarsSat2,47241.171,56783.647,9542.477,
Contact STARLINK-1073 - MarsSat2,58721.144,68267.294,9546.150,
Contact STARLINK-1073 - MarsSat2,70201.228,74009.148,3807.920,
Contact STARLINK-1073 - MarsSat2,75941.313,85492.913,9551.601,
Contact STARLINK-1073 - MarsSat3,1322.289,16591.496,15269.206,
Contact STARLINK-1073 - MarsSat3,18541.632,28074.811,9533.179,
Contact STARLINK-1073 - MarsSat3,30021.298,39558.193,9536.896,
Contact STARLINK-1073 - MarsSat3,41501.065,45299.912,3798.847,
Contact STARLINK-1073 - MarsSat3,47240.993,56783.414,9542.421,
Contact STARLINK-1073 - MarsSat3,58720.959,68267.047,9546.088,
Contact STARLINK-1073 - MarsSat3,70201.116,74008.933,3807.816,
Contact STARLINK-1073 - MarsSat3,75941.260,85492.797,9551.537,
Contact STARLINK-1073 - MarsSat4,1322.227,16591.356,15269.129,
Contact STARLINK-1073 - MarsSat4,18541.525,28074.759,9533.234,
Contact STARLINK-1073 - MarsSat4,30021.305,39558.167,9536.862,
Contact STARLINK-1073 - MarsSat4,41501.067,45299.875,3798.808,
Contact STARLINK-1073 - MarsSat4,47240.998,56783.465,9542.467,
Contact STARLINK-1073 - MarsSat4,58721.072,68267.155,9546.083,
Contact STARLINK-1073 - MarsSat4,70201.147,74008.986,3807.838,
Contact STARLINK-1073 - MarsSat4,75941.212,85492.733,9551.521,
Contact STARLINK-32088 - STARLINK-5829,50280.732,50959.037,678.305,
Contact STARLINK-32088 - STARLINK-5829,64341.365,65291.939,950.574,
Contact STARLINK-32088 - STARLINK-5829,78501.846,79523.484,1021.638,
Contact STARLINK-32088 - STARLINK-5850,65343.905,86400.000,21056.095,
Contact STARLINK-32088 - STARLINK-31939,773.406,7450.021,6676.616,
Contact STARLINK-32088 - STARLINK-31939,17575.771,18654.732,1078.961,
Contact STARLINK-32088 - STARLINK-31939,25981.001,32655.959,6674.958,
Contact STARLINK-32088 - STARLINK-31939,42783.803,43860.315,1076.512,
Contact STARLINK-32088 - STARLINK-31939,51181.438,57869.905,6688.467,
Contact STARLINK-32088 - STARLINK-31939,67984.726,69073.874,1089.148,
Contact STARLINK-32088 - STARLINK-31939,76390.319,83074.280,6683.961,
Contact STARLINK-32088 - STARLINK-3832,0.000,6598.019,6598.019,
Contact STARLINK-32088 - STARLINK-3832,13788.485,15050.384,1261.900,
Contact STARLINK-32088 - STARLINK-3832,28070.254,29058.081,987.827,
Contact STARLINK-32088 - STARLINK-4569,68007.703,68680.221,672.518,
Contact STARLINK-32088 - STARLINK-4569,76319.224,83175.861,6856.637,
Contact STARLINK-32088 - STARLINK-1776,0.000,6492.857,6492.857,
Contact STARLINK-32088 - STARLINK-1776,13803.281,14926.499,1123.219,
Contact STARLINK-32088 - STARLINK-1776,25184.514,28940.159,3755.645,
Contact STARLINK-32088 - STARLINK-1776,39496.303,40069.433,573.130,
Contact STARLINK-32088 - STARLINK-6199,6567.237,7834.377,1267.140,
Contact STARLINK-32088 - STARLINK-6199,15119.293,21877.245,6757.953,
Contact STARLINK-32088 - STARLINK-6199,32399.083,32986.747,587.664,
Contact STARLINK-32088 - STARLINK-4328,64456.504,65145.443,688.940,
Contact STARLINK-32088 - STARLINK-4328,78552.419,79430.016,877.598,
Contact STARLINK-32088 - STARLINK-2214,31866.620,32495.872,629.252,
Contact STARLINK-32088 - STARLINK-2214,43078.200,43910.196,831.997,
Contact STARLINK-32088 - STARLINK-2214,57150.900,58118.735,967.835,
Contact STARLINK-32088 - STARLINK-2214,71283.271,72267.238,983.967,
Contact STARLINK-32088 - STARLINK-2214,82625.810,83549.447,923.637,
Contact STARLINK-32088 - STARLINK-3506,0.000,35475.563,35475.563,
Contact STARLINK-32088 - STARLINK-3506,42692.968,43428.321,735.352,
Contact STARLINK-32088 - STARLINK-11136 [DTC],0.000,316.538,316.538,
Contact STARLINK-32088 - STARLINK-11136 [DTC],10606.858,11450.169,843.311,
Contact STARLINK-32088 - STARLINK-11136 [DTC],24471.916,25331.296,859.380,
Contact STARLINK-32088 - STARLINK-11136 [DTC],35588.983,36411.008,822.026,
Contact STARLINK-32088 - STARLINK-11136 [DTC],46731.501,47465.490,733.989,
Contact STARLINK-32088 - STARLINK-11136 [DTC],60703.499,61240.069,536.570,
Contact STARLINK-32088 - STARLINK-11136 [DTC],71976.882,72164.536,187.654,
Contact STARLINK-32088 - STARLINK-31325,17176.093,18070.469,894.375,
Contact STARLINK-32088 - STARLINK-31325,28148.718,35350.952,7202.234,
Contact STARLINK-32088 - STARLINK-31325,36422.986,86400.000,49977.014,
Contact STARLINK-32088 - STARLINK-5628,21523.108,25202.945,3679.838,
Contact STARLINK-32088 - STARLINK-5628,35561.469,36655.790,1094.321,
Contact STARLINK-32088 - STARLINK-5628,49728.470,50852.721,1124.252,
Contact STARLINK-32088 - STARLINK-5628,61159.986,64910.268,3750.282,
Contact STARLINK-32088 - STARLINK-11072 [DTC],0.000,14945.632,14945.632,
Contact STARLINK-32088 - STARLINK-5176,0.000,47241.567,47241.567,
Contact STARLINK-32088 - STARLINK-2042,14330.794,18154.024,3823.230,
Contact STARLINK-32088 - STARLINK-2042,28175.036,35404.111,7229.075,
Contact STARLINK-32088 - STARLINK-2042,36583.348,43912.016,7328.667,
Contact STARLINK-32088 - STARLINK-2042,50738.963,60735.185,9996.222,
Contact STARLINK-32088 - STARLINK-2042,67991.252,69060.495,1069.243,
Contact STARLINK-32088 - STARLINK-6319,28678.110,29358.416,680.305,
Contact STARLINK-32088 - STARLINK-6319,42502.925,43869.289,1366.365,
Contact STARLINK-32088 - STARLINK-6319,50905.951,60959.278,10053.327,
Contact STARLINK-32088 - STARLINK-6319,67963.400,74964.497,7001.097,
Contact STARLINK-32088 - STARLINK-6319,82453.224,83235.314,782.090,
Contact STARLINK-32088 - MoonARTEMIS1,4494.718,13896.415,9401.697,
Contact STARLINK-32088 - MoonARTEMIS1,15772.750,25173.863,9401.113,
Contact STARLINK-32088 - MoonARTEMIS1,27031.077,30807.324,3776.246,
Contact STARLINK-32088 - MoonARTEMIS1,32657.315,42067.741,9410.426,
Contact STARLINK-32088 - MoonARTEMIS1,43906.183,53321.672,9415.489,
Contact STARLINK-32088 - MoonARTEMIS1,55151.431,64570.566,9419.135,
Contact STARLINK-32088 - MoonARTEMIS1,66393.749,70193.414,3799.665,
Contact STARLINK-32088 - MoonARTEMIS1,72013.910,81436.405,9422.495,
Contact STARLINK-32088 - MoonARTEMIS1,83252.363,86400.000,3147.637,
Contact STARLINK-32088 - MoonARTEMIS2,0.000,2560.783,2560.783,
Contact STARLINK-32088 - MoonARTEMIS2,4459.720,13820.428,9360.708,
Contact STARLINK-32088 - MoonARTEMIS2,15703.659,25089.506,9385.847,
Contact STARLINK-32088 - MoonARTEMIS2,26959.620,30733.083,3773.463,
Contact STARLINK-32088 - MoonARTEMIS2,34872.486,42029.472,7156.986,
Contact STARLINK-32088 - MoonARTEMIS2,43867.366,53285.228,9417.861,
Contact STARLINK-32088 - MoonARTEMIS2,55107.358,64538.832,9431.474,
Contact STARLINK-32088 - MoonARTEMIS2,66349.053,81419.218,15070.165,
Contact STARLINK-32088 - MoonARTEMIS2,83217.475,86400.000,3182.525,
Contact STARLINK-32088 - MoonIOAGEO,0.000,2594.956,2594.956,
Contact STARLINK-32088 - MoonIOAGEO,10130.502,13884.058,3753.556,
Contact STARLINK-32088 - MoonIOAGEO,15758.867,25130.189,9371.322,
Contact STARLINK-32088 - MoonIOAGEO,26987.489,30740.872,3753.382,
Contact STARLINK-32088 - MoonIOAGEO,32596.285,41989.534,9393.249,
Contact STARLINK-32088 - MoonIOAGEO,43840.952,47634.375,3793.422,
Contact STARLINK-32088 - MoonIOAGEO,55118.684,64554.453,9435.769,
Contact STARLINK-32088 - MoonIOAGEO,66371.780,81399.306,15027.526,
Contact STARLINK-32088 - MoonIOAGEO,83216.296,86400.000,3183.704,
Contact STARLINK-32088 - MoonIOAGNO,0.000,2618.275,2618.275,
Contact STARLINK-32088 - MoonIOAGNO,4505.468,13849.317,9343.849,
Contact STARLINK-32088 - MoonIOAGNO,15723.194,25108.249,9385.055,
Contact STARLINK-32088 - MoonIOAGNO,26954.160,30746.214,3792.054,
Contact STARLINK-32088 - MoonIOAGNO,32581.858,42022.975,9441.117,
Contact STARLINK-32088 - MoonIOAGNO,43851.560,53276.316,9424.756,
Contact STARLINK-32088 - MoonIOAGNO,55104.772,64520.465,9415.692,
Contact STARLINK-32088 - MoonIOAGNO,66324.148,81432.911,15108.763,
Contact STARLINK-32088 - MoonIOAGNO,83226.395,86400.000,3173.605,
Contact STARLINK-32088 - MoonIOAGNO 0001,0.000,2588.896,2588.896,
Contact STARLINK-32088 - MoonIOAGNO 0001,4470.253,13862.948,9392.695,
Contact STARLINK-32088 - MoonIOAGNO 0001,15723.680,25136.118,9412.438,
Contact STARLINK-32088 - MoonIOAGNO 0001,26992.831,30760.118,3767.287,
Contact STARLINK-32088 - MoonIOAGNO 0001,32613.684,41995.726,9382.042,
Contact STARLINK-32088 - MoonIOAGNO 0001,43823.574,53270.998,9447.423,
Contact STARLINK-32088 - MoonIOAGNO 0001,55079.617,64546.151,9466.534,
Contact STARLINK-32088 - MoonIOAGNO 0001,66355.608,81410.511,15054.903,
Contact STARLINK-32088 - MoonIOAGNO 0001,83211.190,86400.000,3188.810,
Contact STARLINK-32088 - MoonIOAGSO,0.000,2587.279,2587.279,
Contact STARLINK-32088 - MoonIOAGSO,4495.206,13869.393,9374.187,
Contact STARLINK-32088 - MoonIOAGSO,15751.681,25107.240,9355.558,
Contact STARLINK-32088 - MoonIOAGSO,26995.103,30728.923,3733.820,
Contact STARLINK-32088 - MoonIOAGSO,32613.035,41984.262,9371.226,
Contact STARLINK-32088 - MoonIOAGSO,43848.689,51861.214,8012.526,
Contact STARLINK-32088 - MoonIOAGSO,55108.337,64522.705,9414.368,
Contact STARLINK-32088 - MoonIOAGSO,66366.841,81389.358,15022.517,
Contact STARLINK-32088 - MoonIOAGSO,83229.349,86400.000,3170.651,
Contact STARLINK-32088 - MoonIOAGSO 0001,0.000,2594.638,2594.638,
Contact STARLINK-32088 - MoonIOAGSO 0001,4511.639,13839.740,9328.101,
Contact STARLINK-32088 - MoonIOAGSO 0001,15744.224,25102.267,9358.043,
Contact STARLINK-32088 - MoonIOAGSO 0001,26977.808,29868.960,2891.152,
Contact STARLINK-32088 - MoonIOAGSO 0001,32607.284,42004.771,9397.487,
Contact STARLINK-32088 - MoonIOAGSO 0001,43866.866,53245.465,9378.599,
Contact STARLINK-32088 - MoonIOAGSO 0001,55106.429,64503.438,9397.009,
Contact STARLINK-32088 - MoonIOAGSO 0001,66346.516,81425.047,15078.530,
Contact STARLINK-32088 - MoonIOAGSO 0001,83250.872,86400.000,3149.128,
Contact STARLINK-32088 - MoonLRO,7085.912,10985.164,3899.252,
Contact STARLINK-32088 - MoonLRO,21359.108,24648.916,3289.808,
Contact STARLINK-32088 - MoonLRO,27556.395,30749.834,3193.439,
Contact STARLINK-32088 - MoonLRO,34404.934,36380.970,1976.036,
Contact STARLINK-32088 - MoonLRO,49478.205,51975.561,2497.356,
Contact STARLINK-32088 - MoonLRO,55100.839,58785.946,3685.107,
Contact STARLINK-32088 - MoonLRO,71987.035,79297.501,7310.466,
Contact STARLINK-32088 - MarsSat1,1281.579,10399.289,9117.710,
Contact STARLINK-32088 - MarsSat1,12488.685,16003.834,3515.149,
Contact STARLINK-32088 - MarsSat1,18092.266,27212.989,9120.724,
Contact STARLINK-32088 - MarsSat1,29299.498,38422.254,9122.755,
Contact STARLINK-32088 - MarsSat1,40506.844,49631.641,9124.797,
Contact STARLINK-32088 - MarsSat1,51714.309,60841.142,9126.833,
Contact STARLINK-32088 - MarsSat1,62921.878,66445.926,3524.048,
Contact STARLINK-32088 - MarsSat1,68525.693,77655.539,9129.846,
Contact STARLINK-32088 - MarsSat1,79733.371,86400.000,6666.629,
Contact STARLINK-32088 - MarsSat2,1281.641,10399.378,9117.737,
Contact STARLINK-32088 - MarsSat2,12488.805,16003.960,3515.156,
Contact STARLINK-32088 - MarsSat2,18092.414,27213.183,9120.769,
Contact STARLINK-32088 - MarsSat2,29299.686,38422.480,9122.794,
Contact STARLINK-32088 - MarsSat2,40507.035,49631.853,9124.817,
Contact STARLINK-32088 - MarsSat2,51714.463,60841.299,9126.836,
Contact STARLINK-32088 - MarsSat2,62921.972,66446.050,3524.079,
Contact STARLINK-32088 - MarsSat2,68525.756,77655.606,9129.850,
Contact STARLINK-32088 - MarsSat2,79733.388,86400.000,6666.612,
Contact STARLINK-32088 - MarsSat3,1281.606,10399.342,9117.735,
Contact STARLINK-32088 - MarsSat3,12488.759,16003.916,3515.157,
Contact STARLINK-32088 - MarsSat3,18092.355,27213.109,9120.753,
Contact STARLINK-32088 - MarsSat3,29299.593,38422.363,9122.770,
Contact STARLINK-32088 - MarsSat3,40506.902,49631.686,9124.784,
Contact STARLINK-32088 - MarsSat3,51714.296,60841.097,9126.801,
Contact STARLINK-32088 - MarsSat3,62921.807,66445.852,3524.045,
Contact STARLINK-32088 - MarsSat3,68525.620,77655.472,9129.852,
Contact STARLINK-32088 - MarsSat3,79733.343,86400.000,6666.657,
Contact STARLINK-32088 - MarsSat4,1281.562,10399.256,9117.693,
Contact STARLINK-32088 - MarsSat4,12488.652,16003.800,3515.148,
Contact STARLINK-32088 - MarsSat4,18092.251,27213.067,9120.816,
Contact STARLINK-32088 - MarsSat4,29299.587,38422.347,9122.759,
Contact STARLINK-32088 - MarsSat4,40506.898,49631.665,9124.767,
Contact STARLINK-32088 - MarsSat4,51714.316,60841.187,9126.871,
Contact STARLINK-32088 - MarsSat4,62921.901,66445.945,3524.044,
Contact STARLINK-32088 - MarsSat4,68525.678,77655.463,9129.785,
Contact STARLINK-32088 - MarsSat4,79733.280,86400.000,6666.720,
Contact STARLINK-5829 - STARLINK-3325,0.000,504.353,504.353,
Contact STARLINK-5829 - STARLINK-3325,14081.423,14870.540,789.117,
Contact STARLINK-5829 - STARLINK-3325,28411.168,29245.616,834.448,
Contact STARLINK-5829 - STARLINK-3325,42753.018,43608.690,855.673,
Contact STARLINK-5829 - STARLINK-3325,57086.232,57980.444,894.212,
Contact STARLINK-5829 - STARLINK-3325,71431.765,72339.911,908.146,
Contact STARLINK-5829 - STARLINK-3325,85768.936,86400.000,631.064,
Contact STARLINK-5829 - STARLINK-5850,3476.918,7455.203,3978.285,
Contact STARLINK-5829 - STARLINK-5850,17875.925,21838.789,3962.863,
Contact STARLINK-5829 - STARLINK-5850,32265.975,36210.806,3944.831,
Contact STARLINK-5829 - STARLINK-5850,46664.986,50593.983,3928.997,
Contact STARLINK-5829 - STARLINK-5850,61054.862,64965.779,3910.916,
Contact STARLINK-5829 - STARLINK-5850,75453.809,79348.633,3894.823,
Contact STARLINK-5829 - STARLINK-31939,74875.082,75781.013,905.931,
Contact STARLINK-5829 - STARLINK-31939,85901.478,86400.000,498.522,
Contact STARLINK-5829 - STARLINK-2424,0.000,666.063,666.063,
Contact STARLINK-5829 - STARLINK-2424,14263.192,15004.559,741.368,
Contact STARLINK-5829 - STARLINK-2424,28604.021,29346.402,742.382,
Contact STARLINK-5829 - STARLINK-2424,42949.241,43684.041,734.799,
Contact STARLINK-5829 - STARLINK-2424,57289.870,58026.024,736.154,
Contact STARLINK-5829 - STARLINK-2424,71635.938,72362.759,726.821,
Contact STARLINK-5829 - STARLINK-2424,85976.470,86400.000,423.530,
Contact STARLINK-5829 - STARLINK-3832,10532.374,11116.880,584.505,
Contact STARLINK-5829 - STARLINK-3832,24888.754,25466.252,577.498,
Contact STARLINK-5829 - STARLINK-3832,39234.167,39825.828,591.661,
Contact STARLINK-5829 - STARLINK-3832,53590.797,54174.919,584.123,
Contact STARLINK-5829 - STARLINK-3832,67936.458,68534.247,597.789,
Contact STARLINK-5829 - STARLINK-3832,82293.290,82883.106,589.816,
Contact STARLINK-5829 - STARLINK-5453,3077.837,4213.942,1136.105,
Contact STARLINK-5829 - STARLINK-5453,17595.915,18404.368,808.453,
Contact STARLINK-5829 - STARLINK-5453,32196.777,32535.727,338.950,
Contact STARLINK-5829 - STARLINK-31082,0.000,4266.027,4266.027,
Contact STARLINK-5829 - STARLINK-31082,11375.403,18602.611,7227.208,
Contact STARLINK-5829 - STARLINK-31082,25805.961,32953.035,7147.074,
Contact STARLINK-5829 - STARLINK-31082,40230.963,47283.470,7052.507,
Contact STARLINK-5829 - STARLINK-31082,54666.360,61626.717,6960.357,
Contact STARLINK-5829 - STARLINK-31082,69099.529,75949.493,6849.964,
Contact STARLINK-5829 - STARLINK-1776,10525.470,11114.785,589.315,
Contact STARLINK-5829 - STARLINK-1776,24858.646,25434.227,575.581,
Contact STARLINK-5829 - STARLINK-1776,39180.280,39764.300,584.019,
Contact STARLINK-5829 - STARLINK-1776,53513.054,54084.018,570.963,
Contact STARLINK-5829 - STARLINK-1776,67834.075,68414.624,580.549,
Contact STARLINK-5829 - STARLINK-4328,6633.303,7366.868,733.565,
Contact STARLINK-5829 - STARLINK-4328,21018.329,21757.603,739.274,
Contact STARLINK-5829 - STARLINK-4328,35408.938,36142.987,734.050,
Contact STARLINK-5829 - STARLINK-4328,49793.993,50533.662,739.669,
Contact STARLINK-5829 - STARLINK-4328,64184.550,64919.083,734.533,
Contact STARLINK-5829 - STARLINK-4328,78569.637,79309.698,740.061,
Contact STARLINK-5829 - STARLINK-5737,0.000,241.649,241.649,
Contact STARLINK-5829 - STARLINK-5737,13999.948,14615.618,615.671,
Contact STARLINK-5829 - STARLINK-5737,28372.907,28995.659,622.752,
Contact STARLINK-5829 - STARLINK-5737,42752.562,43369.266,616.703,
Contact STARLINK-5829 - STARLINK-5737,57125.485,57749.335,623.850,
Contact STARLINK-5829 - STARLINK-5737,71505.493,72122.570,617.077,
Contact STARLINK-5829 - STARLINK-5737,85878.406,86400.000,521.594,
Contact STARLINK-5829 - STARLINK-3506,25119.034,25412.442,293.408,
Contact STARLINK-5829 - STARLINK-3506,39406.414,39811.788,405.374,
Contact STARLINK-5829 - STARLINK-3506,53722.385,54183.881,461.496,
Contact STARLINK-5829 - STARLINK-3506,68028.804,68564.025,535.221,
Contact STARLINK-5829 - STARLINK-3506,82354.087,82926.650,572.563,
Contact STARLINK-5829 - STARLINK-11136 [DTC],86159.390,86400.000,240.610,
Contact STARLINK-5829 - STARLINK-31325,49818.380,50603.203,784.823,
Contact STARLINK-5829 - STARLINK-31325,61013.349,65141.230,4127.881,
Contact STARLINK-5829 - STARLINK-31325,72298.785,82417.807,10119.021,
Contact STARLINK-5829 - STARLINK-11092 [DTC],11659.594,24557.738,12898.144,
Contact STARLINK-5829 - STARLINK-11092 [DTC],25212.633,35388.214,10175.581,
Contact STARLINK-5829 - STARLINK-11072 [DTC],35173.492,36594.572,1421.081,
Contact STARLINK-5829 - STARLINK-11072 [DTC],46486.657,50442.121,3955.464,
Contact STARLINK-5829 - STARLINK-5503,3008.631,3732.176,723.544,
Contact STARLINK-5829 - STARLINK-5503,17399.627,18127.584,727.956,
Contact STARLINK-5829 - STARLINK-5503,31790.139,32523.781,733.641,
Contact STARLINK-5829 - STARLINK-5503,46181.251,46919.074,737.823,
Contact STARLINK-5829 - STARLINK-5503,60572.072,61314.945,742.873,
Contact STARLINK-5829 - STARLINK-5503,74963.295,75710.132,746.837,
Contact STARLINK-5829 - MoonARTEMIS1,1624.099,5237.521,3613.422,
Contact STARLINK-5829 - MoonARTEMIS1,7365.450,16727.845,9362.395,
Contact STARLINK-5829 - MoonARTEMIS1,18848.852,28225.666,9376.814,
Contact STARLINK-5829 - MoonARTEMIS1,30339.607,33975.554,3635.947,
Contact STARLINK-5829 - MoonARTEMIS1,36086.222,45476.472,9390.250,
Contact STARLINK-5829 - MoonARTEMIS1,47581.099,56978.389,9397.290,
Contact STARLINK-5829 - MoonARTEMIS1,59077.637,62729.586,3651.949,
Contact STARLINK-5829 - MoonARTEMIS1,64826.400,74232.223,9405.824,
Contact STARLINK-5829 - MoonARTEMIS1,76324.709,85734.755,9410.046,
Contact STARLINK-5829 - MoonARTEMIS2,1628.260,5238.545,3610.286,
Contact STARLINK-5829 - MoonARTEMIS2,7376.764,16739.353,9362.590,
Contact STARLINK-5829 - MoonARTEMIS2,18872.756,28239.660,9366.904,
Contact STARLINK-5829 - MoonARTEMIS2,30364.780,33026.500,2661.720,
Contact STARLINK-5829 - MoonARTEMIS2,36101.987,45477.079,9375.092,
Contact STARLINK-5829 - MoonARTEMIS2,47590.412,56973.912,9383.500,
Contact STARLINK-5829 - MoonARTEMIS2,59083.997,62722.961,3638.964,
Contact STARLINK-5829 - MoonARTEMIS2,64831.133,74221.833,9390.699,
Contact STARLINK-5829 - MoonARTEMIS2,76325.610,85721.547,9395.937,
Contact STARLINK-5829 - MoonIOAGEO,1626.193,3828.303,2202.109,
Contact STARLINK-5829 - MoonIOAGEO,7786.769,16729.946,8943.177,
Contact STARLINK-5829 - MoonIOAGEO,18854.957,28235.558,9380.601,
Contact STARLINK-5829 - MoonIOAGEO,30361.988,33990.283,3628.295,
Contact STARLINK-5829 - MoonIOAGEO,36114.791,45489.506,9374.715,
Contact STARLINK-5829 - MoonIOAGEO,53341.705,56979.233,3637.528,
Contact STARLINK-5829 - MoonIOAGEO,59082.809,62727.280,3644.471,
Contact STARLINK-5829 - MoonIOAGEO,64830.012,74234.429,9404.417,
Contact STARLINK-5829 - MoonIOAGEO,76337.885,85738.856,9400.972,
Contact STARLINK-5829 - MoonIOAGNO,1608.313,5230.105,3621.792,
Contact STARLINK-5829 - MoonIOAGNO,7364.341,16733.887,9369.546,
Contact STARLINK-5829 - MoonIOAGNO,18861.562,28221.112,9359.550,
Contact STARLINK-5829 - MoonIOAGNO,30345.991,33969.058,3623.067,
Contact STARLINK-5829 - MoonIOAGNO,36091.290,45474.325,9383.036,
Contact STARLINK-5829 - MoonIOAGNO,47590.244,56986.017,9395.773,
Contact STARLINK-5829 - MoonIOAGNO,59094.770,62726.682,3631.912,
Contact STARLINK-5829 - MoonIOAGNO,64834.921,74217.090,9382.169,
Contact STARLINK-5829 - MoonIOAGNO,76319.597,85719.156,9399.559,
Contact STARLINK-5829 - MoonIOAGNO 0001,1613.142,5223.226,3610.084,
Contact STARLINK-5829 - MoonIOAGNO 0001,7356.205,16720.363,9364.158,
Contact STARLINK-5829 - MoonIOAGNO 0001,18849.194,28231.818,9382.625,
Contact STARLINK-5829 - MoonIOAGNO 0001,30357.241,33989.505,3632.264,
Contact STARLINK-5829 - MoonIOAGNO 0001,36109.019,45473.193,9364.174,
Contact STARLINK-5829 - MoonIOAGNO 0001,47590.618,56967.850,9377.232,
Contact STARLINK-5829 - MoonIOAGNO 0001,59079.096,62719.571,3640.475,
Contact STARLINK-5829 - MoonIOAGNO 0001,64826.725,74235.448,9408.723,
Contact STARLINK-5829 - MoonIOAGNO 0001,76335.570,85722.983,9387.413,
Contact STARLINK-5829 - MoonIOAGSO,1636.776,5244.664,3607.888,
Contact STARLINK-5829 - MoonIOAGSO,9381.869,16742.910,7361.040,
Contact STARLINK-5829 - MoonIOAGSO,18874.348,28259.144,9384.797,
Contact STARLINK-5829 - MoonIOAGSO,30382.981,34010.389,3627.408,
Contact STARLINK-5829 - MoonIOAGSO,36130.683,45499.497,9368.814,
Contact STARLINK-5829 - MoonIOAGSO,47611.272,56982.635,9371.363,
Contact STARLINK-5829 - MoonIOAGSO,59095.063,62746.073,3651.010,
Contact STARLINK-5829 - MoonIOAGSO,64853.585,74258.148,9404.563,
Contact STARLINK-5829 - MoonIOAGSO,76357.081,85752.238,9395.158,
Contact STARLINK-5829 - MoonIOAGSO 0001,1639.297,5259.254,3619.957,
Contact STARLINK-5829 - MoonIOAGSO 0001,7392.483,16759.296,9366.813,
Contact STARLINK-5829 - MoonIOAGSO 0001,18885.874,28240.195,9354.321,
Contact STARLINK-5829 - MoonIOAGSO 0001,30854.541,33980.836,3126.295,
Contact STARLINK-5829 - MoonIOAGSO 0001,36105.190,45504.170,9398.979,
Contact STARLINK-5829 - MoonIOAGSO 0001,47620.473,57009.159,9388.686,
Contact STARLINK-5829 - MoonIOAGSO 0001,59117.737,62755.088,3637.351,
Contact STARLINK-5829 - MoonIOAGSO 0001,64859.390,74229.620,9370.230,
Contact STARLINK-5829 - MoonIOAGSO 0001,76324.812,85746.946,9422.134,
Contact STARLINK-5829 - MoonLRO,1619.522,4168.926,2549.404,
Contact STARLINK-5829 - MoonLRO,7365.093,16739.783,9374.690,
Contact STARLINK-5829 - MoonLRO,20729.191,22485.510,1756.319,
Contact STARLINK-5829 - MoonLRO,41849.207,45151.068,3301.862,
Contact STARLINK-5829 - MoonLRO,48028.408,51238.747,3210.339,
Contact STARLINK-5829 - MoonLRO,70585.762,72448.034,1862.272,
Contact STARLINK-5829 - MoonLRO,76328.440,85736.916,9408.476,
Contact STARLINK-5829 - MarsSat1,0.000,2701.228,2701.228,
Contact STARLINK-5829 - MarsSat1,4791.328,14216.564,9425.235,
Contact STARLINK-5829 - MarsSat1,16306.383,19974.241,3667.858,
Contact STARLINK-5829 - MarsSat1,22063.917,31489.604,9425.687,
Contact STARLINK-5829 - MarsSat1,33578.994,43004.961,9425.966,
Contact STARLINK-5829 - MarsSat1,45094.070,48762.631,3668.561,
Contact STARLINK-5829 - MarsSat1,50851.602,60277.949,9426.348,
Contact STARLINK-5829 - MarsSat1,62366.649,71793.246,9426.598,
Contact STARLINK-5829 - MarsSat1,73881.674,77550.892,3669.218,
Contact STARLINK-5829 - MarsSat1,79639.183,86400.000,6760.817,
Contact STARLINK-5829 - MarsSat2,0.000,2701.308,2701.308,
Contact STARLINK-5829 - MarsSat2,4791.418,14216.610,9425.192,
Contact STARLINK-5829 - MarsSat2,16306.451,19974.260,3667.809,
Contact STARLINK-5829 - MarsSat2,22063.965,31489.560,9425.594,
Contact STARLINK-5829 - MarsSat2,33578.992,43004.861,9425.869,
Contact STARLINK-5829 - MarsSat2,45094.016,48762.512,3668.496,
Contact STARLINK-5829 - MarsSat2,50851.528,60277.817,9426.289,
Contact STARLINK-5829 - MarsSat2,62366.552,71793.127,9426.575,
Contact STARLINK-5829 - MarsSat2,73881.578,77550.783,3669.206,
Contact STARLINK-5829 - MarsSat2,79639.091,86400.000,6760.909,
Contact STARLINK-5829 - MarsSat3,0.000,2701.299,2701.299,
Contact STARLINK-5829 - MarsSat3,4791.398,14216.585,9425.186,
Contact STARLINK-5829 - MarsSat3,16306.412,19974.228,3667.816,
Contact STARLINK-5829 - MarsSat3,22063.918,31489.525,9425.607,
Contact STARLINK-5829 - MarsSat3,33578.934,43004.844,9425.910,
Contact STARLINK-5829 - MarsSat3,45093.970,48762.516,3668.547,
Contact STARLINK-5829 - MarsSat3,50851.500,60277.893,9426.393,
Contact STARLINK-5829 - MarsSat3,62366.595,71793.287,9426.692,
Contact STARLINK-5829 - MarsSat3,73881.710,77550.964,3669.253,
Contact STARLINK-5829 - MarsSat3,79639.247,86400.000,6760.753,
Contact STARLINK-5829 - MarsSat4,0.000,2701.237,2701.237,
Contact STARLINK-5829 - MarsSat4,4791.327,14216.574,9425.247,
Contact STARLINK-5829 - MarsSat4,16306.395,19974.280,3667.885,
Contact STARLINK-5829 - MarsSat4,22063.963,31489.579,9425.616,
Contact STARLINK-5829 - MarsSat4,33578.979,43004.885,9425.906,
Contact STARLINK-5829 - MarsSat4,45094.010,48762.577,3668.567,
Contact STARLINK-5829 - MarsSat4,50851.568,60277.920,9426.353,
Contact STARLINK-5829 - MarsSat4,62366.621,71793.202,9426.580,
Contact STARLINK-5829 - MarsSat4,73881.625,77550.874,3669.249,
Contact STARLINK-5829 - MarsSat4,79639.160,86400.000,6760.840,
Contact STARLINK-3325 - STARLINK-5850,10634.719,11282.712,647.992,
Contact STARLINK-3325 - STARLINK-5850,25000.686,25582.283,581.598,
Contact STARLINK-3325 - STARLINK-5850,39370.505,39877.508,507.003,
Contact STARLINK-3325 - STARLINK-5850,53750.179,54163.424,413.246,
Contact STARLINK-3325 - STARLINK-5850,68142.218,68436.404,294.186,
Contact STARLINK-3325 - STARLINK-31939,71789.012,72340.137,551.126,
Contact STARLINK-3325 - STARLINK-31939,85585.240,86400.000,814.760,
Contact STARLINK-3325 - STARLINK-2424,33.447,10465.879,10432.432,
Contact STARLINK-3325 - STARLINK-2424,11464.005,24774.315,13310.310,
Contact STARLINK-3325 - STARLINK-2424,25761.851,39059.545,13297.694,
Contact STARLINK-3325 - STARLINK-2424,40042.863,53366.033,13323.170,
Contact STARLINK-3325 - STARLINK-2424,54342.429,67649.431,13307.003,
Contact STARLINK-3325 - STARLINK-2424,68625.344,79084.306,10458.962,
Contact STARLINK-3325 - STARLINK-2424,82926.708,86400.000,3473.292,
Contact STARLINK-3325 - STARLINK-30754,35897.111,36138.386,241.274,
Contact STARLINK-3325 - STARLINK-30754,50157.923,50536.129,378.206,
Contact STARLINK-3325 - STARLINK-30754,64440.660,64911.093,470.433,
Contact STARLINK-3325 - STARLINK-30754,78729.623,79280.644,551.022,
Contact STARLINK-3325 - STARLINK-5453,10478.594,11433.486,954.891,
Contact STARLINK-3325 - STARLINK-5453,24783.834,25730.308,946.474,
Contact STARLINK-3325 - STARLINK-5453,39082.044,40034.473,952.429,
Contact STARLINK-3325 - STARLINK-5453,53387.280,54331.279,943.999,
Contact STARLINK-3325 - STARLINK-5453,67685.508,68635.414,949.906,
Contact STARLINK-3325 - STARLINK-5453,79126.897,82932.203,3805.306,
Contact STARLINK-3325 - STARLINK-31082,0.000,154.472,154.472,
Contact STARLINK-3325 - STARLINK-31082,10471.147,17348.191,6877.044,
Contact STARLINK-3325 - STARLINK-31082,24792.640,31670.347,6877.707,
Contact STARLINK-3325 - STARLINK-31082,39107.667,40270.113,1162.446,
Contact STARLINK-3325 - STARLINK-31082,53431.768,54590.190,1158.423,
Contact STARLINK-3325 - STARLINK-31082,67749.465,68917.712,1168.247,
Contact STARLINK-3325 - STARLINK-31082,82076.157,83235.212,1159.055,
Contact STARLINK-3325 - STARLINK-5737,3216.108,4049.339,833.231,
Contact STARLINK-3325 - STARLINK-5737,17452.198,18466.651,1014.453,
Contact STARLINK-3325 - STARLINK-5737,31725.664,32848.337,1122.673,
Contact STARLINK-3325 - STARLINK-5737,40272.994,47246.565,6973.570,
Contact STARLINK-3325 - STARLINK-5737,54555.217,61617.756,7062.539,
Contact STARLINK-3325 - STARLINK-5737,68819.333,78870.095,10050.762,
Contact STARLINK-3325 - STARLINK-5737,83109.557,86400.000,3290.443,
Contact STARLINK-3325 - STARLINK-11136 [DTC],83078.900,86400.000,3321.100,
Contact STARLINK-3325 - STARLINK-31325,82763.134,83290.247,527.113,
Contact STARLINK-3325 - STARLINK-5231,7072.699,10839.817,3767.118,
Contact STARLINK-3325 - STARLINK-5231,21375.810,22281.383,905.572,
Contact STARLINK-3325 - STARLINK-5231,35675.278,36585.272,909.994,
Contact STARLINK-3325 - STARLINK-5231,49978.390,50885.279,906.890,
Contact STARLINK-3325 - STARLINK-5231,64277.854,65189.155,911.301,
Contact STARLINK-3325 - STARLINK-5231,78580.965,79489.149,908.184,
Contact STARLINK-3325 - STARLINK-11092 [DTC],13951.528,15004.999,1053.471,
Contact STARLINK-3325 - STARLINK-11092 [DTC],22307.367,29033.323,6725.956,
Contact STARLINK-3325 - STARLINK-11092 [DTC],39407.808,39997.035,589.227,
Contact STARLINK-3325 - STARLINK-11072 [DTC],53533.094,54377.771,844.677,
Contact STARLINK-3325 - STARLINK-11072 [DTC],64760.112,65555.073,794.961,
Contact STARLINK-3325 - STARLINK-11072 [DTC],78972.379,79351.399,379.020,
Contact STARLINK-3325 - STARLINK-5503,653.036,7773.760,7120.724,
Contact STARLINK-3325 - STARLINK-5503,15042.643,22066.564,7023.921,
Contact STARLINK-3325 - STARLINK-5503,29425.369,36366.745,6941.376,
Contact STARLINK-3325 - STARLINK-5503,46708.729,50637.104,3928.375,
Contact STARLINK-3325 - STARLINK-5503,61137.006,64913.946,3776.940,
Contact STARLINK-3325 - STARLINK-5503,75561.862,76313.007,751.145,
Contact STARLINK-3325 - MoonARTEMIS1,1264.190,16793.499,15529.309,
Contact STARLINK-3325 - MoonARTEMIS1,18581.838,28291.942,9710.104,
Contact STARLINK-3325 - MoonARTEMIS1,30100.190,45518.324,15418.134,
Contact STARLINK-3325 - MoonARTEMIS1,47355.811,56993.929,9638.118,
Contact STARLINK-3325 - MoonARTEMIS1,58850.036,74198.106,15348.070,
Contact STARLINK-3325 - MoonARTEMIS1,76080.819,85662.315,9581.495,
Contact STARLINK-3325 - MoonARTEMIS2,1231.602,16716.672,15485.070,
Contact STARLINK-3325 - MoonARTEMIS2,18495.661,28223.842,9728.181,
Contact STARLINK-3325 - MoonARTEMIS2,30020.910,45480.823,15459.913,
Contact STARLINK-3325 - MoonARTEMIS2,47317.993,56951.468,9633.475,
Contact STARLINK-3325 - MoonARTEMIS2,58812.952,74156.960,15344.008,
Contact STARLINK-3325 - MoonARTEMIS2,76051.127,85627.850,9576.723,
Contact STARLINK-3325 - MoonIOAGEO,1256.246,3690.182,2433.935,
Contact STARLINK-3325 - MoonIOAGEO,7955.618,16777.391,8821.773,
Contact STARLINK-3325 - MoonIOAGEO,18560.207,28245.031,9684.824,
Contact STARLINK-3325 - MoonIOAGEO,30035.012,45466.124,15431.112,
Contact STARLINK-3325 - MoonIOAGEO,53064.075,56969.661,3905.586,
Contact STARLINK-3325 - MoonIOAGEO,58828.324,74169.762,15341.438,
Contact STARLINK-3325 - MoonIOAGEO,76045.773,85640.762,9594.989,
Contact STARLINK-3325 - MoonIOAGNO,1289.865,16735.382,15445.516,
Contact STARLINK-3325 - MoonIOAGNO,18517.890,28215.479,9697.589,
Contact STARLINK-3325 - MoonIOAGNO,30035.221,45472.247,15437.026,
Contact STARLINK-3325 - MoonIOAGNO,47314.200,56947.098,9632.898,
Contact STARLINK-3325 - MoonIOAGNO,58789.367,74146.305,15356.938,
Contact STARLINK-3325 - MoonIOAGNO,76046.336,85641.050,9594.714,
Contact STARLINK-3325 - MoonIOAGNO 0001,1261.430,16742.590,15481.160,
Contact STARLINK-3325 - MoonIOAGNO 0001,18544.738,28256.904,9712.166,
Contact STARLINK-3325 - MoonIOAGNO 0001,30054.236,45442.139,15387.903,
Contact STARLINK-3325 - MoonIOAGNO 0001,47285.884,56932.488,9646.605,
Contact STARLINK-3325 - MoonIOAGNO 0001,58802.805,74186.025,15383.219,
Contact STARLINK-3325 - MoonIOAGNO 0001,76059.515,85624.583,9565.067,
Contact STARLINK-3325 - MoonIOAGSO,1244.556,16770.961,15526.405,
Contact STARLINK-3325 - MoonIOAGSO,18531.828,28260.604,9728.776,
Contact STARLINK-3325 - MoonIOAGSO,30019.085,45471.985,15452.900,
Contact STARLINK-3325 - MoonIOAGSO,47282.306,56963.083,9680.777,
Contact STARLINK-3325 - MoonIOAGSO,58813.537,74190.090,15376.553,
Contact STARLINK-3325 - MoonIOAGSO,76043.190,85655.372,9612.182,
Contact STARLINK-3325 - MoonIOAGSO 0001,1254.710,16762.666,15507.956,
Contact STARLINK-3325 - MoonIOAGSO 0001,18504.088,28240.230,9736.142,
Contact STARLINK-3325 - MoonIOAGSO 0001,30847.478,45490.647,14643.169,
Contact STARLINK-3325 - MoonIOAGSO 0001,47289.292,56966.465,9677.174,
Contact STARLINK-3325 - MoonIOAGSO 0001,58782.984,73934.214,15151.230,
Contact STARLINK-3325 - MoonIOAGSO 0001,76063.653,85668.946,9605.293,
Contact STARLINK-3325 - MoonLRO,1273.845,16762.817,15488.972,
Contact STARLINK-3325 - MoonLRO,20715.625,22502.374,1786.748,
Contact STARLINK-3325 - MoonLRO,35796.439,38292.643,2496.205,
Contact STARLINK-3325 - MoonLRO,41549.703,45141.739,3592.036,
Contact STARLINK-3325 - MoonLRO,48036.825,51220.566,3183.741,
Contact STARLINK-3325 - MoonLRO,64557.610,65605.279,1047.670,
Contact STARLINK-3325 - MoonLRO,70308.767,72438.629,2129.862,
Contact STARLINK-3325 - MoonLRO,76058.408,85657.506,9599.098,
Contact STARLINK-3325 - MarsSat1,0.000,13020.105,13020.105,
Contact STARLINK-3325 - MarsSat1,14715.311,24480.030,9764.719,
Contact STARLINK-3325 - MarsSat1,26162.834,35940.304,9777.469,
Contact STARLINK-3325 - MarsSat1,37610.387,41670.590,4060.202,
Contact STARLINK-3325 - MarsSat1,43334.186,53131.477,9797.291,
Contact STARLINK-3325 - MarsSat1,54781.846,64592.772,9810.926,
Contact STARLINK-3325 - MarsSat1,66229.599,81785.368,15555.769,
Contact STARLINK-3325 - MarsSat1,83401.366,86400.000,2998.634,
Contact STARLINK-3325 - MarsSat2,0.000,13020.200,13020.200,
Contact STARLINK-3325 - MarsSat2,14715.220,24480.273,9765.053,
Contact STARLINK-3325 - MarsSat2,26162.832,35940.662,9777.830,
Contact STARLINK-3325 - MarsSat2,37610.485,41670.977,4060.492,
Contact STARLINK-3325 - MarsSat2,43334.328,53131.852,9797.524,
Contact STARLINK-3325 - MarsSat2,54782.046,64593.060,9811.014,
Contact STARLINK-3325 - MarsSat2,66229.809,81785.513,15555.704,
Contact STARLINK-3325 - MarsSat2,83401.540,86400.000,2998.460,
Contact STARLINK-3325 - MarsSat3,0.000,13020.169,13020.169,
Contact STARLINK-3325 - MarsSat3,14715.270,24480.215,9764.946,
Contact STARLINK-3325 - MarsSat3,26162.903,35940.541,9777.638,
Contact STARLINK-3325 - MarsSat3,37610.553,41670.811,4060.258,
Contact STARLINK-3325 - MarsSat3,43334.377,53131.576,9797.199,
Contact STARLINK-3325 - MarsSat3,54782.012,64592.690,9810.678,
Contact STARLINK-3325 - MarsSat3,66229.621,81785.240,15555.620,
Contact STARLINK-3325 - MarsSat3,83401.220,86400.000,2998.780,
Contact STARLINK-3325 - MarsSat4,0.000,13020.053,13020.053,
Contact STARLINK-3325 - MarsSat4,14715.295,24480.067,9764.772,
Contact STARLINK-3325 - MarsSat4,26162.788,35940.486,9777.698,
Contact STARLINK-3325 - MarsSat4,37610.485,41670.752,4060.267,
Contact STARLINK-3325 - MarsSat4,43334.308,53131.526,9797.218,
Contact STARLINK-3325 - MarsSat4,54781.872,64592.847,9810.975,
Contact STARLINK-3325 - MarsSat4,66229.680,81785.206,15555.527,
Contact STARLINK-3325 - MarsSat4,83401.319,86400.000,2998.681,
Contact STARLINK-5850 - STARLINK-31939,53943.213,54170.110,226.897,
Contact STARLINK-5850 - STARLINK-31939,67768.135,68714.230,946.095,
Contact STARLINK-5850 - STARLINK-31939,79009.165,83008.228,3999.063,
Contact STARLINK-5850 - STARLINK-5453,0.000,24894.393,24894.393,
Contact STARLINK-5850 - STARLINK-5453,31791.796,39059.809,7268.013,
Contact STARLINK-5850 - STARLINK-5453,46338.817,47509.106,1170.289,
Contact STARLINK-5850 - STARLINK-5453,60897.237,61627.580,730.343,
Contact STARLINK-5850 - STARLINK-31082,251.315,14063.853,13812.538,
Contact STARLINK-5850 - STARLINK-31082,14657.700,28375.307,13717.607,
Contact STARLINK-5850 - STARLINK-31082,29075.846,42660.260,13584.415,
Contact STARLINK-5850 - STARLINK-31082,43468.621,56978.497,13509.877,
Contact STARLINK-5850 - STARLINK-31082,57880.907,71267.515,13386.608,
Contact STARLINK-5850 - STARLINK-31082,72268.597,82711.615,10443.019,
Contact STARLINK-5850 - STARLINK-4569,4007.551,11174.326,7166.775,
Contact STARLINK-5850 - STARLINK-4569,18391.733,25564.999,7173.267,
Contact STARLINK-5850 - STARLINK-4569,32758.413,42837.207,10078.793,
Contact STARLINK-5850 - STARLINK-4569,50009.353,57232.839,7223.486,
Contact STARLINK-5850 - STARLINK-4569,64394.602,71624.574,7229.973,
Contact STARLINK-5850 - STARLINK-4569,78761.727,86019.914,7258.186,
Contact STARLINK-5850 - STARLINK-4328,3577.786,7400.567,3822.780,
Contact STARLINK-5850 - STARLINK-4328,17957.453,21785.439,3827.985,
Contact STARLINK-5850 - STARLINK-4328,32327.882,36160.877,3832.996,
Contact STARLINK-5850 - STARLINK-4328,46707.650,50546.001,3838.351,
Contact STARLINK-5850 - STARLINK-4328,61078.018,64921.562,3843.544,
Contact STARLINK-5850 - STARLINK-4328,75457.900,79306.935,3849.035,
Contact STARLINK-5850 - STARLINK-2214,0.000,35.918,35.918,
Contact STARLINK-5850 - STARLINK-2214,13986.175,14439.504,453.328,
Contact STARLINK-5850 - STARLINK-2214,28251.413,28829.694,578.281,
Contact STARLINK-5850 - STARLINK-2214,53965.464,54693.749,728.285,
Contact STARLINK-5850 - STARLINK-2214,68255.561,69058.916,803.356,
Contact STARLINK-5850 - STARLINK-2214,82556.013,83412.671,856.658,
Contact STARLINK-5850 - STARLINK-11136 [DTC],46261.532,46820.489,558.957,
Contact STARLINK-5850 - STARLINK-11136 [DTC],57337.532,58220.422,882.891,
Contact STARLINK-5850 - STARLINK-11136 [DTC],71394.885,72253.723,858.838,
Contact STARLINK-5850 - STARLINK-31325,53380.985,54058.795,677.810,
Contact STARLINK-5850 - STARLINK-31325,61482.916,86400.000,24917.084,
Contact STARLINK-5850 - STARLINK-11092 [DTC],10004.393,11101.955,1097.561,
Contact STARLINK-5850 - STARLINK-11092 [DTC],21075.170,28026.505,6951.335,
Contact STARLINK-5850 - STARLINK-11092 [DTC],35467.523,36151.562,684.039,
Contact STARLINK-5850 - STARLINK-11072 [DTC],34652.664,58957.096,24304.431,
Contact STARLINK-5850 - MoonARTEMIS1,2104.482,6060.941,3956.459,
Contact STARLINK-5850 - MoonARTEMIS1,7884.776,17660.068,9775.291,
Contact STARLINK-5850 - MoonARTEMIS1,19446.343,23447.482,4001.139,
Contact STARLINK-5850 - MoonARTEMIS1,25221.290,35012.294,9791.005,
Contact STARLINK-5850 - MoonARTEMIS1,36766.195,46568.327,9802.131,
Contact STARLINK-5850 - MoonARTEMIS1,48306.813,52343.883,4037.070,
Contact STARLINK-5850 - MoonARTEMIS1,54075.918,63890.977,9815.059,
Contact STARLINK-5850 - MoonARTEMIS1,65612.073,75433.529,9821.456,
Contact STARLINK-5850 - MoonARTEMIS1,77145.665,81203.390,4057.725,
Contact STARLINK-5850 - MoonARTEMIS1,82911.535,86400.000,3488.465,
Contact STARLINK-5850 - MoonARTEMIS2,0.000,6013.897,6013.897,
Contact STARLINK-5850 - MoonARTEMIS2,7835.575,17573.773,9738.197,
Contact STARLINK-5850 - MoonARTEMIS2,19374.546,33017.071,13642.525,
Contact STARLINK-5850 - MoonARTEMIS2,36728.102,46528.944,9800.842,
Contact STARLINK-5850 - MoonARTEMIS2,48264.160,52305.528,4041.368,
Contact STARLINK-5850 - MoonARTEMIS2,54030.029,63857.657,9827.628,
Contact STARLINK-5850 - MoonARTEMIS2,65563.827,75409.852,9846.025,
Contact STARLINK-5850 - MoonARTEMIS2,77101.432,81186.007,4084.575,
Contact STARLINK-5850 - MoonARTEMIS2,82871.816,86400.000,3528.184,
Contact STARLINK-5850 - MoonIOAGEO,0.000,3851.347,3851.347,
Contact STARLINK-5850 - MoonIOAGEO,7933.745,17640.464,9706.719,
Contact STARLINK-5850 - MoonIOAGEO,19425.787,34929.669,15503.883,
Contact STARLINK-5850 - MoonIOAGEO,36698.798,46499.236,9800.438,
Contact STARLINK-5850 - MoonIOAGEO,54039.364,63874.452,9835.088,
Contact STARLINK-5850 - MoonIOAGEO,65589.500,75397.039,9807.539,
Contact STARLINK-5850 - MoonIOAGEO,77105.875,81163.872,4057.997,
Contact STARLINK-5850 - MoonIOAGEO,82873.811,86400.000,3526.189,
Contact STARLINK-5850 - MoonIOAGNO,0.000,6075.119,6075.119,
Contact STARLINK-5850 - MoonIOAGNO,7887.091,17596.779,9709.688,
Contact STARLINK-5850 - MoonIOAGNO,19381.093,34954.538,15573.445,
Contact STARLINK-5850 - MoonIOAGNO,36692.760,46527.204,9834.445,
Contact STARLINK-5850 - MoonIOAGNO,48262.820,52299.444,4036.624,
Contact STARLINK-5850 - MoonIOAGNO,54035.862,63837.212,9801.350,
Contact STARLINK-5850 - MoonIOAGNO,65537.312,75413.360,9876.048,
Contact STARLINK-5850 - MoonIOAGNO,77091.768,81200.569,4108.801,
Contact STARLINK-5850 - MoonIOAGNO,82878.980,86400.000,3521.020,
Contact STARLINK-5850 - MoonIOAGNO 0001,0.000,6048.049,6048.049,
Contact STARLINK-5850 - MoonIOAGNO 0001,7844.671,17622.807,9778.136,
Contact STARLINK-5850 - MoonIOAGNO 0001,19396.703,34940.028,15543.324,
Contact STARLINK-5850 - MoonIOAGNO 0001,36698.511,46500.150,9801.639,
Contact STARLINK-5850 - MoonIOAGNO 0001,48220.789,63864.600,15643.811,
Contact STARLINK-5850 - MoonIOAGNO 0001,65567.427,75410.159,9842.733,
Contact STARLINK-5850 - MoonIOAGNO 0001,77118.656,81176.175,4057.518,
Contact STARLINK-5850 - MoonIOAGNO 0001,82866.573,86400.000,3533.427,
Contact STARLINK-5850 - MoonIOAGSO,0.000,6047.346,6047.346,
Contact STARLINK-5850 - MoonIOAGSO,9408.216,17615.478,8207.261,
Contact STARLINK-5850 - MoonIOAGSO,19424.508,34923.542,15499.034,
Contact STARLINK-5850 - MoonIOAGSO,36720.956,46487.364,9766.407,
Contact STARLINK-5850 - MoonIOAGSO,48248.620,51854.886,3606.266,
Contact STARLINK-5850 - MoonIOAGSO,54026.047,63840.482,9814.435,
Contact STARLINK-5850 - MoonIOAGSO,65587.781,75376.413,9788.633,
Contact STARLINK-5850 - MoonIOAGSO,77124.075,81151.986,4027.911,
Contact STARLINK-5850 - MoonIOAGSO,82891.264,86400.000,3508.736,
Contact STARLINK-5850 - MoonIOAGSO 0001,0.000,6043.403,6043.403,
Contact STARLINK-5850 - MoonIOAGSO 0001,7888.998,17589.699,9700.700,
Contact STARLINK-5850 - MoonIOAGSO 0001,19412.132,34961.009,15548.877,
Contact STARLINK-5850 - MoonIOAGSO 0001,36726.743,46493.018,9766.276,
Contact STARLINK-5850 - MoonIOAGSO 0001,48269.692,52262.708,3993.016,
Contact STARLINK-5850 - MoonIOAGSO 0001,54035.731,63817.613,9781.882,
Contact STARLINK-5850 - MoonIOAGSO 0001,65566.564,75417.495,9850.931,
Contact STARLINK-5850 - MoonIOAGSO 0001,77126.454,81191.410,4064.956,
Contact STARLINK-5850 - MoonIOAGSO 0001,82911.115,86400.000,3488.885,
Contact STARLINK-5850 - MoonLRO,2109.407,4171.727,2062.320,
Contact STARLINK-5850 - MoonLRO,7871.451,17614.444,9742.993,
Contact STARLINK-5850 - MoonLRO,20737.694,23392.808,2655.114,
Contact STARLINK-5850 - MoonLRO,27576.982,29172.928,1595.947,
Contact STARLINK-5850 - MoonLRO,42483.202,45146.775,2663.573,
Contact STARLINK-5850 - MoonLRO,48251.662,51960.303,3708.641,
Contact STARLINK-5850 - MoonLRO,54878.261,58068.084,3189.823,
Contact STARLINK-5850 - MoonLRO,71350.697,72458.863,1108.167,
Contact STARLINK-5850 - MoonLRO,77121.120,79298.238,2177.118,
Contact STARLINK-5850 - MarsSat1,0.000,2535.923,2535.923,
Contact STARLINK-5850 - MarsSat1,4600.234,14038.774,9438.540,
Contact STARLINK-5850 - MarsSat1,16100.866,19790.228,3689.362,
Contact STARLINK-5850 - MarsSat1,21851.212,31293.212,9442.000,
Contact STARLINK-5850 - MarsSat1,33351.982,42796.321,9444.339,
Contact STARLINK-5850 - MarsSat1,44852.870,48547.925,3695.055,
Contact STARLINK-5850 - MarsSat1,50603.358,60051.224,9447.866,
Contact STARLINK-5850 - MarsSat1,62104.410,71554.616,9450.205,
Contact STARLINK-5850 - MarsSat1,73605.541,77306.335,3700.794,
Contact STARLINK-5850 - MarsSat1,79356.128,86400.000,7043.872,
Contact STARLINK-5850 - MarsSat2,0.000,2535.966,2535.966,
Contact STARLINK-5850 - MarsSat2,4600.316,14038.890,9438.574,
Contact STARLINK-5850 - MarsSat2,16101.007,19790.382,3689.375,
Contact STARLINK-5850 - MarsSat2,21851.378,31293.427,9442.048,
Contact STARLINK-5850 - MarsSat2,33352.176,42796.551,9444.375,
Contact STARLINK-5850 - MarsSat2,44853.048,48548.143,3695.095,
Contact STARLINK-5850 - MarsSat2,50603.514,60051.388,9447.875,
Contact STARLINK-5850 - MarsSat2,62104.504,71554.712,9450.208,
Contact STARLINK-5850 - MarsSat2,73605.575,77306.403,3700.829,
Contact STARLINK-5850 - MarsSat2,79356.141,86400.000,7043.859,
Contact STARLINK-5850 - MarsSat3,0.000,2535.933,2535.933,
Contact STARLINK-5850 - MarsSat3,4600.280,14038.849,9438.568,
Contact STARLINK-5850 - MarsSat3,16100.952,19790.328,3689.377,
Contact STARLINK-5850 - MarsSat3,21851.307,31293.336,9442.028,
Contact STARLINK-5850 - MarsSat3,33352.065,42796.411,9444.346,
Contact STARLINK-5850 - MarsSat3,44852.898,48547.977,3695.080,
Contact STARLINK-5850 - MarsSat3,50603.348,60051.183,9447.836,
Contact STARLINK-5850 - MarsSat3,62104.339,71554.533,9450.194,
Contact STARLINK-5850 - MarsSat3,73605.485,77306.266,3700.781,
Contact STARLINK-5850 - MarsSat3,79356.101,86400.000,7043.899,
Contact STARLINK-5850 - MarsSat4,0.000,2535.901,2535.901,
Contact STARLINK-5850 - MarsSat4,4600.212,14038.737,9438.525,
Contact STARLINK-5850 - MarsSat4,16100.840,19790.215,3689.376,
Contact STARLINK-5850 - MarsSat4,21851.242,31293.314,9442.073,
Contact STARLINK-5850 - MarsSat4,33352.069,42796.389,9444.320,
Contact STARLINK-5850 - MarsSat4,44852.892,48547.953,3695.061,
Contact STARLINK-5850 - MarsSat4,50603.361,60051.270,9447.909,
Contact STARLINK-5850 - MarsSat4,62104.437,71554.592,9450.155,
Contact STARLINK-5850 - MarsSat4,73605.482,77306.259,3700.778,
Contact STARLINK-5850 - MarsSat4,79356.037,86400.000,7043.963,
Contact STARLINK-31979 - STARLINK-30754,0.000,6683.369,6683.369,
Contact STARLINK-31979 - STARLINK-30754,13742.525,15167.385,1424.861,
Contact STARLINK-31979 - STARLINK-30754,28149.422,29198.842,1049.420,
Contact STARLINK-31979 - STARLINK-3832,6891.366,7694.955,803.588,
Contact STARLINK-31979 - STARLINK-3832,21051.323,21930.652,879.329,
Contact STARLINK-31979 - STARLINK-3832,32395.668,36142.028,3746.360,
Contact STARLINK-31979 - STARLINK-3832,46595.251,47499.396,904.145,
Contact STARLINK-31979 - STARLINK-3832,60809.373,61680.948,871.575,
Contact STARLINK-31979 - STARLINK-3832,75047.159,75839.219,792.061,
Contact STARLINK-31979 - STARLINK-4569,3470.075,4040.022,569.946,
Contact STARLINK-31979 - STARLINK-4569,17743.682,18245.386,501.704,
Contact STARLINK-31979 - STARLINK-4569,32004.493,32463.754,459.261,
Contact STARLINK-31979 - STARLINK-4569,71933.613,72276.623,343.010,
Contact STARLINK-31979 - STARLINK-4569,86181.262,86400.000,218.738,
Contact STARLINK-31979 - STARLINK-1776,6830.806,7702.452,871.646,
Contact STARLINK-31979 - STARLINK-1776,20981.028,21896.124,915.095,
Contact STARLINK-31979 - STARLINK-1776,32312.342,36072.283,3759.940,
Contact STARLINK-31979 - STARLINK-1776,46489.718,47406.812,917.094,
Contact STARLINK-31979 - STARLINK-1776,60673.744,61566.679,892.936,
Contact STARLINK-31979 - STARLINK-1776,74875.002,75709.393,834.390,
Contact STARLINK-31979 - STARLINK-1776,86243.422,86400.000,156.578,
Contact STARLINK-31979 - STARLINK-6199,42535.558,86400.000,43864.442,
Contact STARLINK-31979 - STARLINK-4328,3110.379,3618.365,507.986,
Contact STARLINK-31979 - STARLINK-4328,28681.867,29307.409,625.541,
Contact STARLINK-31979 - STARLINK-4328,42889.211,43576.922,687.711,
Contact STARLINK-31979 - STARLINK-4328,57113.487,57830.565,717.079,
Contact STARLINK-31979 - STARLINK-4328,71335.644,72085.020,749.376,
Contact STARLINK-31979 - STARLINK-4328,82722.005,83480.369,758.364,
Contact STARLINK-31979 - STARLINK-5737,10436.065,11047.203,611.139,
Contact STARLINK-31979 - STARLINK-3506,21537.710,21944.656,406.946,
Contact STARLINK-31979 - STARLINK-3506,35629.774,36231.025,601.251,
Contact STARLINK-31979 - STARLINK-3506,49755.290,50482.726,727.435,
Contact STARLINK-31979 - STARLINK-3506,61069.418,61870.626,801.208,
Contact STARLINK-31979 - STARLINK-3506,75225.703,76092.024,866.320,
Contact STARLINK-31979 - STARLINK-11136 [DTC],772.672,7383.795,6611.123,
Contact STARLINK-31979 - STARLINK-11136 [DTC],17612.784,18405.207,792.423,
Contact STARLINK-31979 - STARLINK-5628,57244.371,58117.592,873.221,
Contact STARLINK-31979 - STARLINK-5628,71349.701,72482.676,1132.976,
Contact STARLINK-31979 - STARLINK-5628,79861.979,86400.000,6538.021,
Contact STARLINK-31979 - STARLINK-11092 [DTC],81396.274,86400.000,5003.726,
Contact STARLINK-31979 - STARLINK-5176,75502.426,76165.041,662.615,
Contact STARLINK-31979 - STARLINK-4522,0.000,72736.555,72736.555,
Contact STARLINK-31979 - MoonARTEMIS1,1096.759,9370.444,8273.686,
Contact STARLINK-31979 - MoonARTEMIS1,11529.014,20660.425,9131.411,
Contact STARLINK-31979 - MoonARTEMIS1,22825.035,31947.062,9122.026,
Contact STARLINK-31979 - MoonARTEMIS1,34115.363,37589.701,3474.339,
Contact STARLINK-31979 - MoonARTEMIS1,39759.278,48873.992,9114.715,
Contact STARLINK-31979 - MoonARTEMIS1,51045.291,60157.168,9111.877,
Contact STARLINK-31979 - MoonARTEMIS1,62329.338,71439.291,9109.954,
Contact STARLINK-31979 - MoonARTEMIS1,73611.693,77079.931,3468.238,
Contact STARLINK-31979 - MoonARTEMIS1,84892.409,86400.000,1507.591,
Contact STARLINK-31979 - MoonARTEMIS2,208.700,9350.453,9141.753,
Contact STARLINK-31979 - MoonARTEMIS2,11501.146,20637.468,9136.321,
Contact STARLINK-31979 - MoonARTEMIS2,22795.983,31930.997,9135.014,
Contact STARLINK-31979 - MoonARTEMIS2,34890.332,37578.279,2687.947,
Contact STARLINK-31979 - MoonARTEMIS2,39746.099,48856.529,9110.429,
Contact STARLINK-31979 - MoonARTEMIS2,51027.843,60135.480,9107.636,
Contact STARLINK-31979 - MoonARTEMIS2,62309.253,71415.899,9106.646,
Contact STARLINK-31979 - MoonARTEMIS2,73591.085,77056.669,3465.584,
Contact STARLINK-31979 - MoonARTEMIS2,84873.441,86400.000,1526.559,
Contact STARLINK-31979 - MoonIOAGEO,226.313,3725.578,3499.264,
Contact STARLINK-31979 - MoonIOAGEO,11525.227,20652.706,9127.479,
Contact STARLINK-31979 - MoonIOAGEO,22813.696,31930.879,9117.183,
Contact STARLINK-31979 - MoonIOAGEO,34094.218,37571.643,3477.424,
Contact STARLINK-31979 - MoonIOAGEO,39737.385,47816.221,8078.836,
Contact STARLINK-31979 - MoonIOAGEO,51925.081,60147.371,8222.290,
Contact STARLINK-31979 - MoonIOAGEO,62320.690,71427.371,9106.681,
Contact STARLINK-31979 - MoonIOAGEO,73600.736,77067.029,3466.292,
Contact STARLINK-31979 - MoonIOAGEO,84883.651,86400.000,1516.349,
Contact STARLINK-31979 - MoonIOAGNO,223.034,9372.863,9149.829,
Contact STARLINK-31979 - MoonIOAGNO,11524.060,20633.573,9109.513,
Contact STARLINK-31979 - MoonIOAGNO,22790.612,31913.687,9123.075,
Contact STARLINK-31979 - MoonIOAGNO,34079.849,37559.211,3479.362,
Contact STARLINK-31979 - MoonIOAGNO,39728.927,48859.215,9130.288,
Contact STARLINK-31979 - MoonIOAGNO,51033.983,60132.210,9098.227,
Contact STARLINK-31979 - MoonIOAGNO,62301.209,71407.501,9106.292,
Contact STARLINK-31979 - MoonIOAGNO,73581.603,77051.689,3470.087,
Contact STARLINK-31979 - MoonIOAGNO,84875.477,86400.000,1524.523,
Contact STARLINK-31979 - MoonIOAGNO 0001,211.485,9346.856,9135.371,
Contact STARLINK-31979 - MoonIOAGNO 0001,11501.655,20639.233,9137.577,
Contact STARLINK-31979 - MoonIOAGNO 0001,22803.412,31939.105,9135.693,
Contact STARLINK-31979 - MoonIOAGNO 0001,34098.735,37566.244,3467.509,
Contact STARLINK-31979 - MoonIOAGNO 0001,45366.423,48838.748,3472.326,
Contact STARLINK-31979 - MoonIOAGNO 0001,51009.029,60128.366,9119.337,
Contact STARLINK-31979 - MoonIOAGNO 0001,62303.559,71430.014,9126.455,
Contact STARLINK-31979 - MoonIOAGNO 0001,73607.480,77071.732,3464.252,
Contact STARLINK-31979 - MoonIOAGNO 0001,84871.264,86400.000,1528.736,
Contact STARLINK-31979 - MoonIOAGSO,236.026,7985.359,7749.333,
Contact STARLINK-31979 - MoonIOAGSO,11518.699,20663.416,9144.717,
Contact STARLINK-31979 - MoonIOAGSO,22823.961,31950.242,9126.281,
Contact STARLINK-31979 - MoonIOAGSO,34112.062,37589.183,3477.122,
Contact STARLINK-31979 - MoonIOAGSO,39752.247,48859.838,9107.591,
Contact STARLINK-31979 - MoonIOAGSO,51026.613,60151.757,9125.144,
Contact STARLINK-31979 - MoonIOAGSO,62327.894,71444.321,9116.427,
Contact STARLINK-31979 - MoonIOAGSO,73618.140,77085.574,3467.433,
Contact STARLINK-31979 - MoonIOAGSO,84896.537,86400.000,1503.463,
Contact STARLINK-31979 - MoonIOAGSO 0001,243.682,9384.856,9141.174,
Contact STARLINK-31979 - MoonIOAGSO 0001,11534.214,20660.366,9126.152,
Contact STARLINK-31979 - MoonIOAGSO 0001,22814.811,30015.294,7200.483,
Contact STARLINK-31979 - MoonIOAGSO 0001,34098.465,37581.916,3483.451,
Contact STARLINK-31979 - MoonIOAGSO 0001,39752.736,48875.663,9122.927,
Contact STARLINK-31979 - MoonIOAGSO 0001,51045.242,60155.958,9110.716,
Contact STARLINK-31979 - MoonIOAGSO 0001,62325.799,71426.986,9101.187,
Contact STARLINK-31979 - MoonIOAGSO 0001,73598.126,77069.428,3471.302,
Contact STARLINK-31979 - MoonIOAGSO 0001,84900.248,86400.000,1499.752,
Contact STARLINK-31979 - MoonLRO,226.930,9368.504,9141.573,
Contact STARLINK-31979 - MoonLRO,13912.589,15005.502,1092.912,
Contact STARLINK-31979 - MoonLRO,28451.151,31492.416,3041.265,
Contact STARLINK-31979 - MoonLRO,34369.246,37579.157,3209.911,
Contact STARLINK-31979 - MoonLRO,41211.816,43217.373,2005.557,
Contact STARLINK-31979 - MoonLRO,56672.792,58798.774,2125.982,
Contact STARLINK-31979 - MoonLRO,62312.567,65640.514,3327.947,
Contact STARLINK-31979 - MoonLRO,75365.025,77069.769,1704.744,
Contact STARLINK-31979 - MarsSat1,0.000,6570.948,6570.948,
Contact STARLINK-31979 - MarsSat1,8330.640,17849.492,9518.852,
Contact STARLINK-31979 - MarsSat1,19620.826,23488.767,3867.941,
Contact STARLINK-31979 - MarsSat1,25265.801,34767.325,9501.524,
Contact STARLINK-31979 - MarsSat1,36555.544,46045.885,9490.341,
Contact STARLINK-31979 - MarsSat1,47845.035,57324.429,9479.395,
Contact STARLINK-31979 - MarsSat1,59134.267,74242.182,15107.915,
Contact STARLINK-31979 - MarsSat1,76067.561,85520.639,9453.078,
Contact STARLINK-31979 - MarsSat2,0.000,6571.105,6571.105,
Contact STARLINK-31979 - MarsSat2,8330.767,17849.655,9518.887,
Contact STARLINK-31979 - MarsSat2,19621.056,23488.919,3867.863,
Contact STARLINK-31979 - MarsSat2,25266.072,34767.432,9501.361,
Contact STARLINK-31979 - MarsSat2,36555.853,46045.926,9490.073,
Contact STARLINK-31979 - MarsSat2,47845.312,57324.404,9479.093,
Contact STARLINK-31979 - MarsSat2,59134.459,74242.099,15107.640,
Contact STARLINK-31979 - MarsSat2,76067.619,85520.550,9452.931,
Contact STARLINK-31979 - MarsSat3,0.000,6571.056,6571.056,
Contact STARLINK-31979 - MarsSat3,8330.713,17849.572,9518.859,
Contact STARLINK-31979 - MarsSat3,19620.971,23488.818,3867.847,
Contact STARLINK-31979 - MarsSat3,25265.962,34767.300,9501.337,
Contact STARLINK-31979 - MarsSat3,36555.684,46045.787,9490.103,
Contact STARLINK-31979 - MarsSat3,47845.082,57324.310,9479.228,
Contact STARLINK-31979 - MarsSat3,59134.199,74242.191,15107.993,
Contact STARLINK-31979 - MarsSat3,76067.486,85520.721,9453.236,
Contact STARLINK-31979 - MarsSat4,0.000,6570.926,6570.926,
Contact STARLINK-31979 - MarsSat4,8330.595,17849.507,9518.912,
Contact STARLINK-31979 - MarsSat4,19620.813,23488.851,3868.037,
Contact STARLINK-31979 - MarsSat4,25265.894,34767.348,9501.454,
Contact STARLINK-31979 - MarsSat4,36555.674,46045.831,9490.157,
Contact STARLINK-31979 - MarsSat4,47845.063,57324.439,9479.376,
Contact STARLINK-31979 - MarsSat4,59134.322,74242.095,15107.772,
Contact STARLINK-31979 - MarsSat4,76067.463,85520.634,9453.171,
Contact STARLINK-31939 - STARLINK-2424,86296.291,86400.000,103.709,
Contact STARLINK-31939 - STARLINK-3832,3549.009,3659.307,110.298,
Contact STARLINK-31939 - STARLINK-4569,0.000,275.700,275.700,
Contact STARLINK-31939 - STARLINK-4569,14040.972,14496.696,455.724,
Contact STARLINK-31939 - STARLINK-4569,39546.710,40106.441,559.731,
Contact STARLINK-31939 - STARLINK-4569,53712.295,54336.941,624.646,
Contact STARLINK-31939 - STARLINK-4569,67881.435,68564.990,683.554,
Contact STARLINK-31939 - STARLINK-6199,0.000,19997.714,19997.714,
Contact STARLINK-31939 - STARLINK-4328,0.000,55.534,55.534,
Contact STARLINK-31939 - STARLINK-4328,10665.633,11409.100,743.467,
Contact STARLINK-31939 - STARLINK-4328,24876.678,25592.442,715.764,
Contact STARLINK-31939 - STARLINK-4328,39103.853,39760.810,656.957,
Contact STARLINK-31939 - STARLINK-4328,64722.458,65253.624,531.166,
Contact STARLINK-31939 - STARLINK-4328,78957.111,79414.814,457.702,
Contact STARLINK-31939 - STARLINK-2214,15024.245,78739.160,63714.915,
Contact STARLINK-31939 - STARLINK-3506,3461.941,4269.930,807.988,
Contact STARLINK-31939 - STARLINK-3506,17673.159,18354.006,680.847,
Contact STARLINK-31939 - STARLINK-11136 [DTC],50175.470,50766.933,591.463,
Contact STARLINK-31939 - STARLINK-11136 [DTC],61142.058,64816.946,3674.888,
Contact STARLINK-31939 - STARLINK-11136 [DTC],74932.921,75980.922,1048.001,
Contact STARLINK-31939 - STARLINK-11136 [DTC],86023.478,86400.000,376.522,
Contact STARLINK-31939 - STARLINK-31325,17430.201,18616.672,1186.471,
Contact STARLINK-31939 - STARLINK-31325,25728.696,35804.907,10076.210,
Contact STARLINK-31939 - STARLINK-31325,36801.356,50091.830,13290.474,
Contact STARLINK-31939 - STARLINK-31325,50643.597,86400.000,35756.403,
Contact STARLINK-31939 - STARLINK-5628,0.000,475.019,475.019,
Contact STARLINK-31939 - STARLINK-5628,10672.657,14643.467,3970.811,
Contact STARLINK-31939 - STARLINK-5628,24995.175,25878.064,882.889,
Contact STARLINK-31939 - STARLINK-11072 [DTC],6463.053,7467.238,1004.185,
Contact STARLINK-31939 - STARLINK-11072 [DTC],17908.104,18205.706,297.602,
Contact STARLINK-31939 - STARLINK-5176,3499.978,7342.390,3842.412,
Contact STARLINK-31939 - STARLINK-5176,17658.156,18654.437,996.281,
Contact STARLINK-31939 - STARLINK-5176,31880.369,32740.431,860.062,
Contact STARLINK-31939 - STARLINK-2042,14840.488,78172.877,63332.390,
Contact STARLINK-31939 - STARLINK-5503,75392.150,76199.233,807.083,
Contact STARLINK-31939 - STARLINK-6319,25393.252,80839.741,55446.489,
Contact STARLINK-31939 - MoonARTEMIS1,4197.085,13270.249,9073.165,
Contact STARLINK-31939 - MoonARTEMIS1,15436.616,24494.513,9057.896,
Contact STARLINK-31939 - MoonARTEMIS1,26665.759,35716.264,9050.505,
Contact STARLINK-31939 - MoonARTEMIS1,37890.543,41326.548,3436.005,
Contact STARLINK-31939 - MoonARTEMIS1,43501.869,52546.196,9044.327,
Contact STARLINK-31939 - MoonARTEMIS1,54722.890,63764.754,9041.864,
Contact STARLINK-31939 - MoonARTEMIS1,65942.081,74982.232,9040.152,
Contact STARLINK-31939 - MoonARTEMIS1,77159.635,86198.458,9038.823,
Contact STARLINK-31939 - MoonARTEMIS2,0.000,2027.324,2027.324,
Contact STARLINK-31939 - MoonARTEMIS2,4178.492,13248.216,9069.724,
Contact STARLINK-31939 - MoonARTEMIS2,15407.195,24472.502,9065.307,
Contact STARLINK-31939 - MoonARTEMIS2,26639.157,33014.434,6375.277,
Contact STARLINK-31939 - MoonARTEMIS2,37877.911,41313.224,3435.313,
Contact STARLINK-31939 - MoonARTEMIS2,43487.341,52527.179,9039.838,
Contact STARLINK-31939 - MoonARTEMIS2,54704.458,63742.365,9037.907,
Contact STARLINK-31939 - MoonARTEMIS2,65921.711,74958.977,9037.266,
Contact STARLINK-31939 - MoonARTEMIS2,77139.411,86177.050,9037.639,
Contact STARLINK-31939 - MoonIOAGEO,0.000,2044.241,2044.241,
Contact STARLINK-31939 - MoonIOAGEO,9815.967,13267.119,3451.152,
Contact STARLINK-31939 - MoonIOAGEO,15430.954,24483.783,9052.828,
Contact STARLINK-31939 - MoonIOAGEO,26650.703,35698.562,9047.860,
Contact STARLINK-31939 - MoonIOAGEO,37868.617,41308.777,3440.160,
Contact STARLINK-31939 - MoonIOAGEO,43481.677,46920.952,3439.276,
Contact STARLINK-31939 - MoonIOAGEO,54711.362,63754.977,9043.615,
Contact STARLINK-31939 - MoonIOAGEO,65933.259,74969.544,9036.285,
Contact STARLINK-31939 - MoonIOAGEO,77148.259,86189.754,9041.495,
Contact STARLINK-31939 - MoonIOAGNO,0.000,2038.612,2038.612,
Contact STARLINK-31939 - MoonIOAGNO,4198.683,13262.232,9063.549,
Contact STARLINK-31939 - MoonIOAGNO,15416.389,24463.344,9046.955,
Contact STARLINK-31939 - MoonIOAGNO,26629.176,35684.565,9055.389,
Contact STARLINK-31939 - MoonIOAGNO,37858.314,41299.972,3441.658,
Contact STARLINK-31939 - MoonIOAGNO,43476.873,52537.260,9060.387,
Contact STARLINK-31939 - MoonIOAGNO,54711.610,63735.164,9023.554,
Contact STARLINK-31939 - MoonIOAGNO,65911.349,74952.409,9041.060,
Contact STARLINK-31939 - MoonIOAGNO,77132.427,86183.524,9051.097,
Contact STARLINK-31939 - MoonIOAGNO 0001,0.000,2026.054,2026.054,
Contact STARLINK-31939 - MoonIOAGNO 0001,4178.915,13245.542,9066.628,
Contact STARLINK-31939 - MoonIOAGNO 0001,15409.286,24477.845,9068.559,
Contact STARLINK-31939 - MoonIOAGNO 0001,26649.778,35697.843,9048.065,
Contact STARLINK-31939 - MoonIOAGNO 0001,37863.377,41296.431,3433.054,
Contact STARLINK-31939 - MoonIOAGNO 0001,43467.044,52511.643,9044.599,
Contact STARLINK-31939 - MoonIOAGNO 0001,54688.808,63741.013,9052.205,
Contact STARLINK-31939 - MoonIOAGNO 0001,65922.434,74977.920,9055.486,
Contact STARLINK-31939 - MoonIOAGNO 0001,77152.583,86175.414,9022.831,
Contact STARLINK-31939 - MoonIOAGSO,0.000,2052.163,2052.163,
Contact STARLINK-31939 - MoonIOAGSO,4200.733,13264.605,9063.872,
Contact STARLINK-31939 - MoonIOAGSO,15431.479,24498.804,9067.326,
Contact STARLINK-31939 - MoonIOAGSO,26664.862,35717.133,9052.271,
Contact STARLINK-31939 - MoonIOAGSO,37884.999,41322.359,3437.360,
Contact STARLINK-31939 - MoonIOAGSO,43491.562,51854.694,8363.132,
Contact STARLINK-31939 - MoonIOAGSO,54705.640,63764.447,9058.807,
Contact STARLINK-31939 - MoonIOAGSO,65944.625,74987.885,9043.260,
Contact STARLINK-31939 - MoonIOAGSO,77166.227,86200.694,9034.467,
Contact STARLINK-31939 - MoonIOAGSO 0001,0.000,2061.255,2061.255,
Contact STARLINK-31939 - MoonIOAGSO 0001,4214.146,13280.078,9065.932,
Contact STARLINK-31939 - MoonIOAGSO 0001,15436.546,24488.052,9051.506,
Contact STARLINK-31939 - MoonIOAGSO 0001,26650.086,35704.899,9054.813,
Contact STARLINK-31939 - MoonIOAGSO 0001,37881.406,41323.830,3442.424,
Contact STARLINK-31939 - MoonIOAGSO 0001,43499.033,52547.926,9048.893,
Contact STARLINK-31939 - MoonIOAGSO 0001,54722.617,63760.777,9038.161,
Contact STARLINK-31939 - MoonIOAGSO 0001,65935.799,74967.816,9032.017,
Contact STARLINK-31939 - MoonIOAGSO 0001,77150.732,86206.509,9055.777,
Contact STARLINK-31939 - MoonLRO,7089.428,10971.245,3881.817,
Contact STARLINK-31939 - MoonLRO,21033.797,24487.099,3453.302,
Contact STARLINK-31939 - MoonLRO,27542.758,30094.619,2551.861,
Contact STARLINK-31939 - MoonLRO,49094.019,51980.260,2886.241,
Contact STARLINK-31939 - MoonLRO,54857.381,58145.535,3288.154,
Contact STARLINK-31939 - MoonLRO,71544.465,72434.238,889.772,
Contact STARLINK-31939 - MoonLRO,77151.191,86130.667,8979.476,
Contact STARLINK-31939 - MarsSat1,1032.237,10477.119,9444.882,
Contact STARLINK-31939 - MarsSat1,12258.321,27298.958,15040.637,
Contact STARLINK-31939 - MarsSat1,29096.790,38513.496,9416.705,
Contact STARLINK-31939 - MarsSat1,40322.072,49728.005,9405.933,
Contact STARLINK-31939 - MarsSat1,51547.087,60942.468,9395.381,
Contact STARLINK-31939 - MarsSat1,62771.819,77764.048,14992.229,
Contact STARLINK-31939 - MarsSat1,79608.315,86400.000,6791.685,
Contact STARLINK-31939 - MarsSat2,1032.301,10477.281,9444.979,
Contact STARLINK-31939 - MarsSat2,12258.484,27299.100,15040.616,
Contact STARLINK-31939 - MarsSat2,29097.078,38513.586,9416.508,
Contact STARLINK-31939 - MarsSat2,40322.374,49728.028,9405.654,
Contact STARLINK-31939 - MarsSat2,51547.336,60942.430,9395.094,
Contact STARLINK-31939 - MarsSat2,62771.975,77763.963,14991.988,
Contact STARLINK-31939 - MarsSat2,79608.353,86400.000,6791.647,
Contact STARLINK-31939 - MarsSat3,1032.250,10477.222,9444.972,
Contact STARLINK-31939 - MarsSat3,12258.422,27298.987,15040.565,
Contact STARLINK-31939 - MarsSat3,29096.951,38513.447,9416.497,
Contact STARLINK-31939 - MarsSat3,40322.186,49727.895,9405.709,
Contact STARLINK-31939 - MarsSat3,51547.093,60942.362,9395.269,
Contact STARLINK-31939 - MarsSat3,62771.726,77764.085,14992.359,
Contact STARLINK-31939 - MarsSat3,79608.265,86400.000,6791.735,
Contact STARLINK-31939 - MarsSat4,1032.207,10477.092,9444.885,
Contact STARLINK-31939 - MarsSat4,12258.269,27299.043,15040.774,
Contact STARLINK-31939 - MarsSat4,29096.923,38513.486,9416.563,
Contact STARLINK-31939 - MarsSat4,40322.171,49727.963,9405.793,
Contact STARLINK-31939 - MarsSat4,51547.104,60942.465,9395.361,
Contact STARLINK-31939 - MarsSat4,62771.860,77763.962,14992.102,
Contact STARLINK-31939 - MarsSat4,79608.191,86400.000,6791.809,
Contact STARLINK-2424 - STARLINK-30754,10201.312,11186.881,985.570,
Contact STARLINK-2424 - STARLINK-30754,24497.485,25528.660,1031.175,
Contact STARLINK-2424 - STARLINK-30754,35940.223,39859.439,3919.216,
Contact STARLINK-2424 - STARLINK-30754,50250.583,54193.484,3942.902,
Contact STARLINK-2424 - STARLINK-30754,64557.406,68516.895,3959.489,
Contact STARLINK-2424 - STARLINK-30754,78875.029,82843.403,3968.374,
Contact STARLINK-2424 - STARLINK-5453,0.000,321.292,321.292,
Contact STARLINK-2424 - STARLINK-5453,13818.434,14609.897,791.463,
Contact STARLINK-2424 - STARLINK-5453,28114.947,28895.694,780.748,
Contact STARLINK-2424 - STARLINK-5453,39551.277,40325.291,774.014,
Contact STARLINK-2424 - STARLINK-5453,53845.640,54613.448,767.807,
Contact STARLINK-2424 - STARLINK-5453,68142.424,68898.860,756.437,
Contact STARLINK-2424 - STARLINK-5453,82437.056,83186.684,749.628,
Contact STARLINK-2424 - STARLINK-31082,0.000,508.854,508.854,
Contact STARLINK-2424 - STARLINK-31082,13947.425,14805.386,857.961,
Contact STARLINK-2424 - STARLINK-31082,28278.823,29098.755,819.932,
Contact STARLINK-2424 - STARLINK-31082,42612.003,43390.450,778.448,
Contact STARLINK-2424 - STARLINK-31082,56948.457,57678.667,730.210,
Contact STARLINK-2424 - STARLINK-31082,82761.539,83390.181,628.642,
Contact STARLINK-2424 - STARLINK-5737,4213.230,86400.000,82186.770,
Contact STARLINK-2424 - STARLINK-11136 [DTC],83616.733,86400.000,2783.267,
Contact STARLINK-2424 - STARLINK-5231,10492.319,11078.837,586.518,
Contact STARLINK-2424 - STARLINK-5231,24793.936,25361.505,567.569,
Contact STARLINK-2424 - STARLINK-5231,39131.566,39606.509,474.943,
Contact STARLINK-2424 - STARLINK-11092 [DTC],28486.585,29271.127,784.542,
Contact STARLINK-2424 - STARLINK-11092 [DTC],42485.385,43294.859,809.474,
Contact STARLINK-2424 - STARLINK-11092 [DTC],53768.293,54430.354,662.061,
Contact STARLINK-2424 - STARLINK-11072 [DTC],67959.610,68678.277,718.667,
Contact STARLINK-2424 - STARLINK-11072 [DTC],79086.863,79940.978,854.115,
Contact STARLINK-2424 - STARLINK-5503,0.000,54432.399,54432.399,
Contact STARLINK-2424 - MoonARTEMIS1,1197.362,10520.590,9323.228,
Contact STARLINK-2424 - MoonARTEMIS1,12676.225,16260.635,3584.410,
Contact STARLINK-2424 - MoonARTEMIS1,18411.914,27731.486,9319.572,
Contact STARLINK-2424 - MoonARTEMIS1,29876.387,39196.202,9319.815,
Contact STARLINK-2424 - MoonARTEMIS1,41335.912,44927.089,3591.178,
Contact STARLINK-2424 - MoonARTEMIS1,47064.470,56386.660,9322.190,
Contact STARLINK-2424 - MoonARTEMIS1,58519.812,67843.834,9324.022,
Contact STARLINK-2424 - MoonARTEMIS1,69973.311,73571.660,3598.349,
Contact STARLINK-2424 - MoonARTEMIS1,75699.526,85026.047,9326.521,
Contact STARLINK-2424 - MoonARTEMIS2,1185.317,10486.109,9300.792,
Contact STARLINK-2424 - MoonARTEMIS2,12643.667,16217.716,3574.049,
Contact STARLINK-2424 - MoonARTEMIS2,18373.784,27686.008,9312.224,
Contact STARLINK-2424 - MoonARTEMIS2,29839.157,39173.655,9334.498,
Contact STARLINK-2424 - MoonARTEMIS2,41319.456,44905.951,3586.495,
Contact STARLINK-2424 - MoonARTEMIS2,47049.993,56366.390,9316.397,
Contact STARLINK-2424 - MoonARTEMIS2,58508.260,67826.035,9317.775,
Contact STARLINK-2424 - MoonARTEMIS2,69965.598,73555.947,3590.349,
Contact STARLINK-2424 - MoonARTEMIS2,75694.206,85016.207,9322.001,
Contact STARLINK-2424 - MoonIOAGEO,1193.349,3698.065,2504.717,
Contact STARLINK-2424 - MoonIOAGEO,12670.700,16252.150,3581.449,
Contact STARLINK-2424 - MoonIOAGEO,18402.727,27700.715,9297.988,
Contact STARLINK-2424 - MoonIOAGEO,29846.094,39149.001,9302.907,
Contact STARLINK-2424 - MoonIOAGEO,41296.405,44885.758,3589.353,
Contact STARLINK-2424 - MoonIOAGEO,52773.485,56370.721,3597.236,
Contact STARLINK-2424 - MoonIOAGEO,58511.213,67831.658,9320.445,
Contact STARLINK-2424 - MoonIOAGEO,69963.788,73552.085,3588.297,
Contact STARLINK-2424 - MoonIOAGEO,75683.306,85006.404,9323.098,
Contact STARLINK-2424 - MoonIOAGNO,1213.582,10506.790,9293.208,
Contact STARLINK-2424 - MoonIOAGNO,12654.952,16230.797,3575.845,
Contact STARLINK-2424 - MoonIOAGNO,18386.157,27701.159,9315.001,
Contact STARLINK-2424 - MoonIOAGNO,29854.939,39171.799,9316.859,
Contact STARLINK-2424 - MoonIOAGNO,41319.802,44905.221,3585.419,
Contact STARLINK-2424 - MoonIOAGNO,47048.662,56352.754,9304.093,
Contact STARLINK-2424 - MoonIOAGNO,58493.336,67819.012,9325.676,
Contact STARLINK-2424 - MoonIOAGNO,69961.511,73555.386,3593.875,
Contact STARLINK-2424 - MoonIOAGNO,75695.605,85027.855,9332.250,
Contact STARLINK-2424 - MoonIOAGNO 0001,1201.689,10512.498,9310.809,
Contact STARLINK-2424 - MoonIOAGNO 0001,12669.577,16247.116,3577.539,
Contact STARLINK-2424 - MoonIOAGNO 0001,18401.431,27709.670,9308.239,
Contact STARLINK-2424 - MoonIOAGNO 0001,29854.160,39156.124,9301.965,
Contact STARLINK-2424 - MoonIOAGNO 0001,41305.991,44891.151,3585.160,
Contact STARLINK-2424 - MoonIOAGNO 0001,47040.526,56363.230,9322.705,
Contact STARLINK-2424 - MoonIOAGNO 0001,58507.778,67832.545,9324.767,
Contact STARLINK-2424 - MoonIOAGNO 0001,69967.818,73561.060,3593.243,
Contact STARLINK-2424 - MoonIOAGNO 0001,75688.152,85013.242,9325.090,
Contact STARLINK-2424 - MoonIOAGSO,1184.321,8102.313,6917.991,
Contact STARLINK-2424 - MoonIOAGSO,12665.885,16237.326,3571.441,
Contact STARLINK-2424 - MoonIOAGSO,18383.874,27683.167,9299.293,
Contact STARLINK-2424 - MoonIOAGSO,29827.888,39142.462,9314.574,
Contact STARLINK-2424 - MoonIOAGSO,41287.339,44878.315,3590.976,
Contact STARLINK-2424 - MoonIOAGSO,47024.646,56364.756,9340.110,
Contact STARLINK-2424 - MoonIOAGSO,58500.525,67811.303,9310.778,
Contact STARLINK-2424 - MoonIOAGSO,69941.371,73537.861,3596.490,
Contact STARLINK-2424 - MoonIOAGSO,75667.001,85001.005,9334.004,
Contact STARLINK-2424 - MoonIOAGSO 0001,1187.269,10486.333,9299.065,
Contact STARLINK-2424 - MoonIOAGSO 0001,12637.227,16216.817,3579.590,
Contact STARLINK-2424 - MoonIOAGSO 0001,18368.036,27692.052,9324.016,
Contact STARLINK-2424 - MoonIOAGSO 0001,30965.618,39161.177,8195.560,
Contact STARLINK-2424 - MoonIOAGSO 0001,41300.876,44883.707,3582.832,
Contact STARLINK-2424 - MoonIOAGSO 0001,47021.921,56338.059,9316.138,
Contact STARLINK-2424 - MoonIOAGSO 0001,58475.185,67807.732,9332.547,
Contact STARLINK-2424 - MoonIOAGSO 0001,69947.374,73553.578,3606.205,
Contact STARLINK-2424 - MoonIOAGSO 0001,75695.489,85016.689,9321.200,
Contact STARLINK-2424 - MoonLRO,1203.478,10504.879,9301.402,
Contact STARLINK-2424 - MoonLRO,13904.577,16237.016,2332.439,
Contact STARLINK-2424 - MoonLRO,20720.158,21970.328,1250.170,
Contact STARLINK-2424 - MoonLRO,35580.901,38289.321,2708.420,
Contact STARLINK-2424 - MoonLRO,41311.645,44893.110,3581.465,
Contact STARLINK-2424 - MoonLRO,48053.579,50625.882,2572.303,
Contact STARLINK-2424 - MoonLRO,64227.870,65620.718,1392.848,
Contact STARLINK-2424 - MoonLRO,69961.064,72438.447,2477.383,
Contact STARLINK-2424 - MoonLRO,75692.656,85020.072,9327.416,
Contact STARLINK-2424 - MarsSat1,0.000,7150.837,7150.837,
Contact STARLINK-2424 - MarsSat1,9281.021,12867.467,3586.446,
Contact STARLINK-2424 - MarsSat1,14997.863,24300.698,9302.834,
Contact STARLINK-2424 - MarsSat1,26431.480,35733.909,9302.429,
Contact STARLINK-2424 - MarsSat1,37865.030,41450.516,3585.486,
Contact STARLINK-2424 - MarsSat1,43581.787,52883.742,9301.955,
Contact STARLINK-2424 - MarsSat1,55015.274,64316.984,9301.710,
Contact STARLINK-2424 - MarsSat1,66448.717,70033.605,3584.887,
Contact STARLINK-2424 - MarsSat1,72165.417,81466.832,9301.415,
Contact STARLINK-2424 - MarsSat1,83598.754,86400.000,2801.246,
Contact STARLINK-2424 - MarsSat2,0.000,7150.795,7150.795,
Contact STARLINK-2424 - MarsSat2,9280.995,12867.453,3586.458,
Contact STARLINK-2424 - MarsSat2,14997.868,24300.753,9302.885,
Contact STARLINK-2424 - MarsSat2,26431.557,35734.032,9302.475,
Contact STARLINK-2424 - MarsSat2,37865.169,41450.663,3585.494,
Contact STARLINK-2424 - MarsSat2,43581.946,52883.909,9301.963,
Contact STARLINK-2424 - MarsSat2,55015.443,64317.135,9301.692,
Contact STARLINK-2424 - MarsSat2,66448.863,70033.740,3584.876,
Contact STARLINK-2424 - MarsSat2,72165.545,81466.934,9301.389,
Contact STARLINK-2424 - MarsSat2,83598.851,86400.000,2801.149,
Contact STARLINK-2424 - MarsSat3,0.000,7150.798,7150.798,
Contact STARLINK-2424 - MarsSat3,9280.998,12867.462,3586.464,
Contact STARLINK-2424 - MarsSat3,14997.876,24300.765,9302.889,
Contact STARLINK-2424 - MarsSat3,26431.563,35734.028,9302.465,
Contact STARLINK-2424 - MarsSat3,37865.155,41450.643,3585.488,
Contact STARLINK-2424 - MarsSat3,43581.914,52883.836,9301.922,
Contact STARLINK-2424 - MarsSat3,55015.352,64316.984,9301.632,
Contact STARLINK-2424 - MarsSat3,66448.697,70033.558,3584.861,
Contact STARLINK-2424 - MarsSat3,72165.356,81466.749,9301.393,
Contact STARLINK-2424 - MarsSat3,83598.673,86400.000,2801.327,
Contact STARLINK-2424 - MarsSat4,0.000,7150.828,7150.828,
Contact STARLINK-2424 - MarsSat4,9281.010,12867.452,3586.442,
Contact STARLINK-2424 - MarsSat4,14997.840,24300.681,9302.841,
Contact STARLINK-2424 - MarsSat4,26431.488,35733.986,9302.499,
Contact STARLINK-2424 - MarsSat4,37865.116,41450.603,3585.487,
Contact STARLINK-2424 - MarsSat4,43581.870,52883.769,9301.899,
Contact STARLINK-2424 - MarsSat4,55015.298,64317.029,9301.732,
Contact STARLINK-2424 - MarsSat4,66448.763,70033.643,3584.880,
Contact STARLINK-2424 - MarsSat4,72165.445,81466.790,9301.346,
Contact STARLINK-2424 - MarsSat4,83598.693,86400.000,2801.307,
Contact STARLINK-30754 - STARLINK-5737,6853.310,13808.560,6955.250,
Contact STARLINK-30754 - STARLINK-5737,21210.889,28156.240,6945.350,
Contact STARLINK-30754 - STARLINK-5737,35560.878,42512.018,6951.141,
Contact STARLINK-30754 - STARLINK-5737,49918.481,51118.974,1200.493,
Contact STARLINK-30754 - STARLINK-5737,64268.503,65474.721,1206.218,
Contact STARLINK-30754 - STARLINK-5737,78626.130,79822.311,1196.182,
Contact STARLINK-30754 - STARLINK-5231,28593.656,29270.978,677.322,
Contact STARLINK-30754 - STARLINK-5231,42677.018,43841.582,1164.564,
Contact STARLINK-30754 - STARLINK-5231,56859.951,64120.655,7260.704,
Contact STARLINK-30754 - STARLINK-5231,65337.157,78634.525,13297.369,
Contact STARLINK-30754 - STARLINK-5231,79519.428,86400.000,6880.572,
Contact STARLINK-30754 - STARLINK-11092 [DTC],51180.062,64168.775,12988.713,
Contact STARLINK-30754 - STARLINK-11092 [DTC],64978.681,72269.333,7290.652,
Contact STARLINK-30754 - STARLINK-11072 [DTC],68299.121,86400.000,18100.879,
Contact STARLINK-30754 - STARLINK-5503,10578.486,11353.551,775.065,
Contact STARLINK-30754 - STARLINK-5503,24969.646,25700.969,731.323,
Contact STARLINK-30754 - STARLINK-5503,39380.488,40028.967,648.479,
Contact STARLINK-30754 - STARLINK-5503,53777.354,54370.686,593.332,
Contact STARLINK-30754 - STARLINK-5503,68200.054,68686.879,486.825,
Contact STARLINK-30754 - STARLINK-5503,82608.740,83016.785,408.045,
Contact STARLINK-30754 - STARLINK-4522,0.000,6490.118,6490.118,
Contact STARLINK-30754 - STARLINK-4522,13965.520,15064.305,1098.785,
Contact STARLINK-30754 - STARLINK-4522,28335.756,29330.751,994.995,
Contact STARLINK-30754 - STARLINK-4522,42701.334,43603.510,902.176,
Contact STARLINK-30754 - STARLINK-4522,57091.324,57850.432,759.108,
Contact STARLINK-30754 - STARLINK-4522,71480.897,72099.081,618.183,
Contact STARLINK-30754 - MoonARTEMIS1,982.431,9833.517,8851.085,
Contact STARLINK-30754 - MoonARTEMIS1,11744.798,21397.940,9653.142,
Contact STARLINK-30754 - MoonARTEMIS1,23265.473,27174.941,3909.468,
Contact STARLINK-30754 - MoonARTEMIS1,29023.517,38724.070,9700.553,
Contact STARLINK-30754 - MoonARTEMIS1,40537.247,50268.974,9731.727,
Contact STARLINK-30754 - MoonARTEMIS1,52048.854,56040.260,3991.406,
Contact STARLINK-30754 - MoonARTEMIS1,57804.040,67580.902,9776.862,
Contact STARLINK-30754 - MoonARTEMIS1,69313.290,79119.275,9805.986,
Contact STARLINK-30754 - MoonARTEMIS1,80820.949,84887.757,4066.809,
Contact STARLINK-30754 - MoonARTEMIS2,196.794,9774.365,9577.571,
Contact STARLINK-30754 - MoonARTEMIS2,11705.465,21317.947,9612.482,
Contact STARLINK-30754 - MoonARTEMIS2,23220.332,27096.334,3876.002,
Contact STARLINK-30754 - MoonARTEMIS2,28982.678,38682.072,9699.394,
Contact STARLINK-30754 - MoonARTEMIS2,40512.537,50223.413,9710.876,
Contact STARLINK-30754 - MoonARTEMIS2,52015.227,55993.243,3978.016,
Contact STARLINK-30754 - MoonARTEMIS2,57766.887,67535.508,9768.621,
Contact STARLINK-30754 - MoonARTEMIS2,69272.157,79082.254,9810.097,
Contact STARLINK-30754 - MoonARTEMIS2,80780.643,84857.457,4076.813,
Contact STARLINK-30754 - MoonIOAGEO,219.541,3687.865,3468.324,
Contact STARLINK-30754 - MoonIOAGEO,11739.094,21369.702,9630.608,
Contact STARLINK-30754 - MoonIOAGEO,23246.386,27124.989,3878.603,
Contact STARLINK-30754 - MoonIOAGEO,28993.927,38643.954,9650.027,
Contact STARLINK-30754 - MoonIOAGEO,40496.978,47937.976,7440.997,
Contact STARLINK-30754 - MoonIOAGEO,52021.434,56006.729,3985.296,
Contact STARLINK-30754 - MoonIOAGEO,57784.240,67554.649,9770.409,
Contact STARLINK-30754 - MoonIOAGEO,69292.556,79071.917,9779.361,
Contact STARLINK-30754 - MoonIOAGEO,80794.116,84848.681,4054.565,
Contact STARLINK-30754 - MoonIOAGNO,214.338,9824.283,9609.945,
Contact STARLINK-30754 - MoonIOAGNO,11736.112,21329.294,9593.182,
Contact STARLINK-30754 - MoonIOAGNO,23211.665,27101.622,3889.957,
Contact STARLINK-30754 - MoonIOAGNO,28963.952,38661.359,9697.408,
Contact STARLINK-30754 - MoonIOAGNO,40486.437,50226.152,9739.714,
Contact STARLINK-30754 - MoonIOAGNO,52027.895,55979.177,3951.282,
Contact STARLINK-30754 - MoonIOAGNO,57763.168,67515.904,9752.736,
Contact STARLINK-30754 - MoonIOAGNO,69251.242,79088.665,9837.423,
Contact STARLINK-30754 - MoonIOAGNO,80775.703,84879.520,4103.818,
Contact STARLINK-30754 - MoonIOAGNO 0001,199.462,9798.716,9599.254,
Contact STARLINK-30754 - MoonIOAGNO 0001,11705.394,21355.582,9650.188,
Contact STARLINK-30754 - MoonIOAGNO 0001,23232.431,27135.010,3902.578,
Contact STARLINK-30754 - MoonIOAGNO 0001,29002.206,38644.963,9642.757,
Contact STARLINK-30754 - MoonIOAGNO 0001,40481.392,50192.494,9711.101,
Contact STARLINK-30754 - MoonIOAGNO 0001,51983.415,55975.766,3992.351,
Contact STARLINK-30754 - MoonIOAGNO 0001,57745.081,67549.608,9804.527,
Contact STARLINK-30754 - MoonIOAGNO 0001,69287.214,79080.529,9793.315,
Contact STARLINK-30754 - MoonIOAGNO 0001,80786.460,84851.389,4064.929,
Contact STARLINK-30754 - MoonIOAGSO,232.515,8048.878,7816.363,
Contact STARLINK-30754 - MoonIOAGSO,11730.208,21356.832,9626.625,
Contact STARLINK-30754 - MoonIOAGSO,23260.935,27120.983,3860.048,
Contact STARLINK-30754 - MoonIOAGSO,29016.684,38652.491,9635.807,
Contact STARLINK-30754 - MoonIOAGSO,40518.069,50201.879,9683.809,
Contact STARLINK-30754 - MoonIOAGSO,52010.893,55996.210,3985.316,
Contact STARLINK-30754 - MoonIOAGSO,57782.953,67535.095,9752.142,
Contact STARLINK-30754 - MoonIOAGSO,69313.493,79073.586,9760.093,
Contact STARLINK-30754 - MoonIOAGSO,80822.632,84848.977,4026.345,
Contact STARLINK-30754 - MoonIOAGSO 0001,242.537,9811.977,9569.440,
Contact STARLINK-30754 - MoonIOAGSO 0001,11750.552,21341.664,9591.112,
Contact STARLINK-30754 - MoonIOAGSO 0001,23246.474,27112.749,3866.275,
Contact STARLINK-30754 - MoonIOAGSO 0001,31022.396,38673.205,7650.809,
Contact STARLINK-30754 - MoonIOAGSO 0001,40523.166,50205.136,9681.970,
Contact STARLINK-30754 - MoonIOAGSO 0001,52039.950,55972.551,3932.600,
Contact STARLINK-30754 - MoonIOAGSO 0001,57792.295,67519.536,9727.241,
Contact STARLINK-30754 - MoonIOAGSO 0001,69288.536,79106.947,9818.411,
Contact STARLINK-30754 - MoonIOAGSO 0001,80820.176,84876.807,4056.631,
Contact STARLINK-30754 - MoonLRO,222.799,9816.918,9594.119,
Contact STARLINK-30754 - MoonLRO,13915.425,15583.198,1667.773,
Contact STARLINK-30754 - MoonLRO,34744.706,38312.868,3568.161,
Contact STARLINK-30754 - MoonLRO,41207.973,44440.379,3232.406,
Contact STARLINK-30754 - MoonLRO,63531.224,65636.219,2104.994,
Contact STARLINK-30754 - MoonLRO,69283.081,79095.873,9812.792,
Contact STARLINK-30754 - MoonLRO,82197.091,84876.125,2679.034,
Contact STARLINK-30754 - MarsSat1,0.000,6492.490,6492.490,
Contact STARLINK-30754 - MarsSat1,8609.470,17986.903,9377.433,
Contact STARLINK-30754 - MarsSat1,20102.635,23734.142,3631.507,
Contact STARLINK-30754 - MarsSat1,25849.233,35228.698,9379.466,
Contact STARLINK-30754 - MarsSat1,37342.471,46723.372,9380.902,
Contact STARLINK-30754 - MarsSat1,48835.771,52470.752,3634.982,
Contact STARLINK-30754 - MarsSat1,54582.441,63965.587,9383.145,
Contact STARLINK-30754 - MarsSat1,66075.811,75460.496,9384.685,
Contact STARLINK-30754 - MarsSat1,77569.200,81207.973,3638.773,
Contact STARLINK-30754 - MarsSat1,83315.897,86400.000,3084.103,
Contact STARLINK-30754 - MarsSat2,0.000,6492.571,6492.571,
Contact STARLINK-30754 - MarsSat2,8609.568,17987.041,9377.472,
Contact STARLINK-30754 - MarsSat2,20102.778,23734.303,3631.525,
Contact STARLINK-30754 - MarsSat2,25849.391,35228.883,9379.493,
Contact STARLINK-30754 - MarsSat2,37342.633,46723.540,9380.908,
Contact STARLINK-30754 - MarsSat2,48835.901,52470.898,3634.997,
Contact STARLINK-30754 - MarsSat2,54582.546,63965.674,9383.128,
Contact STARLINK-30754 - MarsSat2,66075.858,75460.531,9384.673,
Contact STARLINK-30754 - MarsSat2,77569.203,81207.990,3638.787,
Contact STARLINK-30754 - MarsSat2,83315.888,86400.000,3084.112,
Contact STARLINK-30754 - MarsSat3,0.000,6492.537,6492.537,
Contact STARLINK-30754 - MarsSat3,8609.531,17986.987,9377.457,
Contact STARLINK-30754 - MarsSat3,20102.717,23734.234,3631.517,
Contact STARLINK-30754 - MarsSat3,25849.313,35228.777,9379.464,
Contact STARLINK-30754 - MarsSat3,37342.519,46723.396,9380.877,
Contact STARLINK-30754 - MarsSat3,48835.759,52470.740,3634.981,
Contact STARLINK-30754 - MarsSat3,54582.398,63965.519,9383.121,
Contact STARLINK-30754 - MarsSat3,66075.743,75460.448,9384.704,
Contact STARLINK-30754 - MarsSat3,77569.177,81207.950,3638.773,
Contact STARLINK-30754 - MarsSat3,83315.904,86400.000,3084.096,
Contact STARLINK-30754 - MarsSat4,0.000,6492.466,6492.466,
Contact STARLINK-30754 - MarsSat4,8609.444,17986.888,9377.444,
Contact STARLINK-30754 - MarsSat4,20102.645,23734.189,3631.544,
Contact STARLINK-30754 - MarsSat4,25849.301,35228.777,9379.476,
Contact STARLINK-30754 - MarsSat4,37342.525,46723.389,9380.863,
Contact STARLINK-30754 - MarsSat4,48835.768,52470.763,3634.995,
Contact STARLINK-30754 - MarsSat4,54582.458,63965.605,9383.147,
Contact STARLINK-30754 - MarsSat4,66075.807,75460.432,9384.626,
Contact STARLINK-30754 - MarsSat4,77569.124,81207.886,3638.762,
Contact STARLINK-30754 - MarsSat4,83315.827,86400.000,3084.173,
Contact STARLINK-3832 - STARLINK-1776,0.000,86400.000,86400.000,
Contact STARLINK-3832 - STARLINK-6199,3435.588,4082.934,647.347,
Contact STARLINK-3832 - STARLINK-6199,17740.311,18425.296,684.985,
Contact STARLINK-3832 - STARLINK-6199,32042.639,32770.791,728.151,
Contact STARLINK-3832 - STARLINK-6199,46350.553,47109.949,759.396,
Contact STARLINK-3832 - STARLINK-6199,60655.966,61452.310,796.344,
Contact STARLINK-3832 - STARLINK-6199,74966.456,75788.880,822.424,
Contact STARLINK-3832 - STARLINK-3506,0.000,86400.000,86400.000,
Contact STARLINK-3832 - STARLINK-11136 [DTC],0.000,3143.972,3143.972,
Contact STARLINK-3832 - STARLINK-11136 [DTC],3842.514,11248.905,7406.392,
Contact STARLINK-3832 - STARLINK-11092 [DTC],75343.084,76045.918,702.834,
Contact STARLINK-3832 - STARLINK-11072 [DTC],0.000,653.320,653.320,
Contact STARLINK-3832 - STARLINK-5176,0.000,677.326,677.326,
Contact STARLINK-3832 - STARLINK-5176,7811.984,14972.317,7160.333,
Contact STARLINK-3832 - STARLINK-5176,22109.238,29283.531,7174.293,
Contact STARLINK-3832 - STARLINK-5176,36420.551,46447.211,10026.660,
Contact STARLINK-3832 - STARLINK-5176,53585.725,60742.160,7156.435,
Contact STARLINK-3832 - STARLINK-5176,67883.055,75053.272,7170.218,
Contact STARLINK-3832 - STARLINK-5176,82194.403,86400.000,4205.597,
Contact STARLINK-3832 - STARLINK-4522,6776.587,7764.214,987.628,
Contact STARLINK-3832 - STARLINK-4522,21066.365,22062.547,996.182,
Contact STARLINK-3832 - STARLINK-4522,35363.589,36353.436,989.847,
Contact STARLINK-3832 - STARLINK-4522,46798.673,50651.193,3852.520,
Contact STARLINK-3832 - STARLINK-4522,61089.232,64941.573,3852.341,
Contact STARLINK-3832 - STARLINK-4522,75387.094,79238.758,3851.663,
Contact STARLINK-3832 - MoonARTEMIS1,5001.466,14333.929,9332.463,
Contact STARLINK-3832 - MoonARTEMIS1,16501.079,20078.389,3577.310,
Contact STARLINK-3832 - MoonARTEMIS1,22243.644,31561.199,9317.556,
Contact STARLINK-3832 - MoonARTEMIS1,33723.452,43039.303,9315.851,
Contact STARLINK-3832 - MoonARTEMIS1,45198.961,48777.152,3578.191,
Contact STARLINK-3832 - MoonARTEMIS1,50935.606,60251.005,9315.399,
Contact STARLINK-3832 - MoonARTEMIS1,62407.218,71722.846,9315.628,
Contact STARLINK-3832 - MoonARTEMIS1,73877.082,77458.141,3581.059,
Contact STARLINK-3832 - MoonARTEMIS1,79611.524,86400.000,6788.476,
Contact STARLINK-3832 - MoonARTEMIS2,0.000,2819.958,2819.958,
Contact STARLINK-3832 - MoonARTEMIS2,4986.658,14297.240,9310.582,
Contact STARLINK-3832 - MoonARTEMIS2,16464.014,20037.136,3573.122,
Contact STARLINK-3832 - MoonARTEMIS2,22203.903,31524.538,9320.635,
Contact STARLINK-3832 - MoonARTEMIS2,34889.894,43020.667,8130.774,
Contact STARLINK-3832 - MoonARTEMIS2,45184.233,48759.346,3575.113,
Contact STARLINK-3832 - MoonARTEMIS2,50922.376,60234.945,9312.568,
Contact STARLINK-3832 - MoonARTEMIS2,62397.146,71710.153,9313.006,
Contact STARLINK-3832 - MoonARTEMIS2,73871.279,77447.831,3576.551,
Contact STARLINK-3832 - MoonARTEMIS2,79608.279,86400.000,6791.721,
Contact STARLINK-3832 - MoonIOAGEO,0.000,2833.023,2833.023,
Contact STARLINK-3832 - MoonIOAGEO,10750.191,14327.756,3577.565,
Contact STARLINK-3832 - MoonIOAGEO,16493.619,20066.171,3572.552,
Contact STARLINK-3832 - MoonIOAGEO,22228.999,31525.405,9296.405,
Contact STARLINK-3832 - MoonIOAGEO,33687.045,42999.336,9312.291,
Contact STARLINK-3832 - MoonIOAGEO,45164.996,47750.676,2585.680,
Contact STARLINK-3832 - MoonIOAGEO,51972.711,60242.009,8269.298,
Contact STARLINK-3832 - MoonIOAGEO,62401.926,71708.120,9306.194,
Contact STARLINK-3832 - MoonIOAGEO,73863.453,77437.562,3574.109,
Contact STARLINK-3832 - MoonIOAGEO,79593.825,86400.000,6806.175,
Contact STARLINK-3832 - MoonIOAGNO,0.000,2849.819,2849.819,
Contact STARLINK-3832 - MoonIOAGNO,5013.683,14309.068,9295.386,
Contact STARLINK-3832 - MoonIOAGNO,16475.359,20050.908,3575.549,
Contact STARLINK-3832 - MoonIOAGNO,22218.217,31537.777,9319.560,
Contact STARLINK-3832 - MoonIOAGNO,33703.843,43020.809,9316.966,
Contact STARLINK-3832 - MoonIOAGNO,45183.620,48758.386,3574.766,
Contact STARLINK-3832 - MoonIOAGNO,50917.505,60222.301,9304.796,
Contact STARLINK-3832 - MoonIOAGNO,62385.675,71708.850,9323.175,
Contact STARLINK-3832 - MoonIOAGNO,73871.040,77452.251,3581.211,
Contact STARLINK-3832 - MoonIOAGNO,79612.728,86400.000,6787.272,
Contact STARLINK-3832 - MoonIOAGNO 0001,0.000,2839.273,2839.273,
Contact STARLINK-3832 - MoonIOAGNO 0001,5006.661,14324.938,9318.277,
Contact STARLINK-3832 - MoonIOAGNO 0001,16491.109,20065.639,3574.529,
Contact STARLINK-3832 - MoonIOAGNO 0001,22230.507,31533.307,9302.801,
Contact STARLINK-3832 - MoonIOAGNO 0001,33691.905,43007.358,9315.453,
Contact STARLINK-3832 - MoonIOAGNO 0001,45173.262,48750.958,3577.696,
Contact STARLINK-3832 - MoonIOAGNO 0001,50916.123,60236.644,9320.522,
Contact STARLINK-3832 - MoonIOAGNO 0001,62398.717,71714.821,9316.105,
Contact STARLINK-3832 - MoonIOAGNO 0001,73869.261,77442.699,3573.438,
Contact STARLINK-3832 - MoonIOAGNO 0001,79599.958,86400.000,6800.042,
Contact STARLINK-3832 - MoonIOAGSO,0.000,2824.243,2824.243,
Contact STARLINK-3832 - MoonIOAGSO,4993.573,14317.968,9324.395,
Contact STARLINK-3832 - MoonIOAGSO,16478.962,20045.759,3566.797,
Contact STARLINK-3832 - MoonIOAGSO,22207.136,31511.321,9304.184,
Contact STARLINK-3832 - MoonIOAGSO,33674.011,42991.600,9317.589,
Contact STARLINK-3832 - MoonIOAGSO,45156.638,48739.657,3583.019,
Contact STARLINK-3832 - MoonIOAGSO,52446.542,60227.123,7780.580,
Contact STARLINK-3832 - MoonIOAGSO,62383.093,71690.147,9307.055,
Contact STARLINK-3832 - MoonIOAGSO,73845.745,77426.436,3580.691,
Contact STARLINK-3832 - MoonIOAGSO,79582.346,86400.000,6817.654,
Contact STARLINK-3832 - MoonIOAGSO 0001,0.000,2822.588,2822.588,
Contact STARLINK-3832 - MoonIOAGSO 0001,4985.883,14293.542,9307.659,
Contact STARLINK-3832 - MoonIOAGSO 0001,16458.792,20034.709,3575.917,
Contact STARLINK-3832 - MoonIOAGSO 0001,22201.361,29999.443,7798.082,
Contact STARLINK-3832 - MoonIOAGSO 0001,33702.456,43000.513,9298.057,
Contact STARLINK-3832 - MoonIOAGSO 0001,45159.672,48732.550,3572.878,
Contact STARLINK-3832 - MoonIOAGSO 0001,50891.990,60206.929,9314.939,
Contact STARLINK-3832 - MoonIOAGSO 0001,62367.645,71700.493,9332.848,
Contact STARLINK-3832 - MoonIOAGSO 0001,73866.336,77453.801,3587.464,
Contact STARLINK-3832 - MoonIOAGSO 0001,79608.325,86400.000,6791.675,
Contact STARLINK-3832 - MoonLRO,7066.318,10997.318,3930.999,
Contact STARLINK-3832 - MoonLRO,27960.425,31461.020,3500.595,
Contact STARLINK-3832 - MoonLRO,34400.590,37269.283,2868.693,
Contact STARLINK-3832 - MoonLRO,56651.157,58783.717,2132.559,
Contact STARLINK-3832 - MoonLRO,62391.737,65607.847,3216.110,
Contact STARLINK-3832 - MoonLRO,75365.368,77447.540,2082.172,
Contact STARLINK-3832 - MoonLRO,82182.134,83189.428,1007.294,
Contact STARLINK-3832 - MarsSat1,1614.757,5229.781,3615.024,
Contact STARLINK-3832 - MarsSat1,7341.138,16681.078,9339.940,
Contact STARLINK-3832 - MarsSat1,18793.822,28132.336,9338.513,
Contact STARLINK-3832 - MarsSat1,30246.426,39583.583,9337.157,
Contact STARLINK-3832 - MarsSat1,41698.979,45309.210,3610.232,
Contact STARLINK-3832 - MarsSat1,47425.242,56760.477,9335.235,
Contact STARLINK-3832 - MarsSat1,58877.746,68211.754,9334.008,
Contact STARLINK-3832 - MarsSat1,70330.204,73937.389,3607.186,
Contact STARLINK-3832 - MarsSat1,76056.407,85388.637,9332.230,
Contact STARLINK-3832 - MarsSat2,1614.707,5229.729,3615.021,
Contact STARLINK-3832 - MarsSat2,7341.113,16681.085,9339.972,
Contact STARLINK-3832 - MarsSat2,18793.869,28132.417,9338.548,
Contact STARLINK-3832 - MarsSat2,30246.549,39583.726,9337.177,
Contact STARLINK-3832 - MarsSat2,41699.155,45309.371,3610.217,
Contact STARLINK-3832 - MarsSat2,47425.429,56760.645,9335.216,
Contact STARLINK-3832 - MarsSat2,58877.923,68211.897,9333.974,
Contact STARLINK-3832 - MarsSat2,70330.343,73937.515,3607.171,
Contact STARLINK-3832 - MarsSat2,76056.526,85388.733,9332.207,
Contact STARLINK-3832 - MarsSat3,1614.698,5229.730,3615.032,
Contact STARLINK-3832 - MarsSat3,7341.110,16681.097,9339.987,
Contact STARLINK-3832 - MarsSat3,18793.870,28132.427,9338.556,
Contact STARLINK-3832 - MarsSat3,30246.540,39583.713,9337.173,
Contact STARLINK-3832 - MarsSat3,41699.113,45309.337,3610.224,
Contact STARLINK-3832 - MarsSat3,47425.362,56760.546,9335.184,
Contact STARLINK-3832 - MarsSat3,58877.787,68211.721,9333.934,
Contact STARLINK-3832 - MarsSat3,70330.146,73937.319,3607.173,
Contact STARLINK-3832 - MarsSat3,76056.325,85388.556,9332.232,
Contact STARLINK-3832 - MarsSat4,1614.736,5229.770,3615.034,
Contact STARLINK-3832 - MarsSat4,7341.124,16681.048,9339.925,
Contact STARLINK-3832 - MarsSat4,18793.786,28132.357,9338.571,
Contact STARLINK-3832 - MarsSat4,30246.481,39583.673,9337.192,
Contact STARLINK-3832 - MarsSat4,41699.072,45309.288,3610.216,
Contact STARLINK-3832 - MarsSat4,47425.307,56760.504,9335.197,
Contact STARLINK-3832 - MarsSat4,58877.784,68211.798,9334.014,
Contact STARLINK-3832 - MarsSat4,70330.236,73937.410,3607.174,
Contact STARLINK-3832 - MarsSat4,76056.402,85388.566,9332.164,
Contact STARLINK-5453 - STARLINK-31082,0.000,86400.000,86400.000,
Contact STARLINK-5453 - STARLINK-4569,6641.066,7650.447,1009.380,
Contact STARLINK-5453 - STARLINK-4569,20979.947,22002.669,1022.721,
Contact STARLINK-5453 - STARLINK-4569,35334.402,36339.579,1005.176,
Contact STARLINK-5453 - STARLINK-4569,49679.452,50685.782,1006.330,
Contact STARLINK-5453 - STARLINK-4569,61163.109,65015.822,3852.713,
Contact STARLINK-5453 - STARLINK-4569,75527.891,79355.102,3827.211,
Contact STARLINK-5453 - STARLINK-4328,3456.549,4212.193,755.644,
Contact STARLINK-5453 - STARLINK-4328,17806.565,18548.761,742.195,
Contact STARLINK-5453 - STARLINK-4328,32148.366,32893.360,744.994,
Contact STARLINK-5453 - STARLINK-4328,46499.552,47228.754,729.203,
Contact STARLINK-5453 - STARLINK-4328,60842.106,61572.633,730.527,
Contact STARLINK-5453 - STARLINK-4328,75194.616,75906.701,712.084,
Contact STARLINK-5453 - STARLINK-5737,68219.462,68407.838,188.376,
Contact STARLINK-5453 - STARLINK-5737,82462.002,82815.752,353.750,
Contact STARLINK-5453 - STARLINK-11136 [DTC],82563.584,83221.575,657.991,
Contact STARLINK-5453 - STARLINK-5231,2885.200,10089.050,7203.850,
Contact STARLINK-5453 - STARLINK-5231,11474.394,18657.025,7182.631,
Contact STARLINK-5453 - STARLINK-5231,25763.522,32969.974,7206.453,
Contact STARLINK-5453 - STARLINK-5231,40072.236,47258.216,7185.979,
Contact STARLINK-5453 - STARLINK-5231,54361.411,64418.918,10057.508,
Contact STARLINK-5453 - STARLINK-5231,71520.137,78731.775,7211.638,
Contact STARLINK-5453 - STARLINK-5231,85828.754,86400.000,571.246,
Contact STARLINK-5453 - STARLINK-11092 [DTC],21437.233,53310.486,31873.253,
Contact STARLINK-5453 - STARLINK-11072 [DTC],45876.912,76462.671,30585.759,
Contact STARLINK-5453 - STARLINK-5503,0.000,649.662,649.662,
Contact STARLINK-5453 - STARLINK-5503,13982.965,15017.340,1034.376,
Contact STARLINK-5453 - STARLINK-5503,28310.712,29371.946,1061.234,
Contact STARLINK-5453 - STARLINK-5503,42636.963,43728.960,1091.997,
Contact STARLINK-5453 - STARLINK-5503,56974.874,58073.478,1098.604,
Contact STARLINK-5453 - STARLINK-5503,71311.169,72420.334,1109.165,
Contact STARLINK-5453 - STARLINK-5503,79920.676,86400.000,6479.324,
Contact STARLINK-5453 - MoonARTEMIS1,1289.060,10743.891,9454.831,
Contact STARLINK-5453 - MoonARTEMIS1,12737.817,16488.692,3750.875,
Contact STARLINK-5453 - MoonARTEMIS1,18461.854,27971.877,9510.023,
Contact STARLINK-5453 - MoonARTEMIS1,29907.387,39451.332,9543.945,
Contact STARLINK-5453 - MoonARTEMIS1,41350.733,45190.296,3839.563,
Contact STARLINK-5453 - MoonARTEMIS1,47071.758,56667.202,9595.444,
Contact STARLINK-5453 - MoonARTEMIS1,58512.622,68143.021,9630.399,
Contact STARLINK-5453 - MoonARTEMIS1,69951.872,73880.547,3928.675,
Contact STARLINK-5453 - MoonARTEMIS1,75670.824,85354.785,9683.961,
Contact STARLINK-5453 - MoonARTEMIS2,1272.868,10700.153,9427.285,
Contact STARLINK-5453 - MoonARTEMIS2,12719.052,16436.580,3717.528,
Contact STARLINK-5453 - MoonARTEMIS2,18442.956,27918.573,9475.617,
Contact STARLINK-5453 - MoonARTEMIS2,29894.232,39420.106,9525.874,
Contact STARLINK-5453 - MoonARTEMIS2,41340.426,45154.996,3814.569,
Contact STARLINK-5453 - MoonARTEMIS2,47057.573,56624.251,9566.678,
Contact STARLINK-5453 - MoonARTEMIS2,58492.165,68097.101,9604.936,
Contact STARLINK-5453 - MoonARTEMIS2,69927.147,73835.324,3908.176,
Contact STARLINK-5453 - MoonARTEMIS2,75644.741,85315.983,9671.242,
Contact STARLINK-5453 - MoonIOAGEO,1288.462,3804.581,2516.119,
Contact STARLINK-5453 - MoonIOAGEO,12734.928,16477.488,3742.559,
Contact STARLINK-5453 - MoonIOAGEO,18456.671,27935.357,9478.686,
Contact STARLINK-5453 - MoonIOAGEO,29897.802,39396.537,9498.735,
Contact STARLINK-5453 - MoonIOAGEO,41340.222,45140.082,3799.859,
Contact STARLINK-5453 - MoonIOAGEO,52783.380,56640.976,3857.596,
Contact STARLINK-5453 - MoonIOAGEO,58503.679,68118.045,9614.366,
Contact STARLINK-5453 - MoonIOAGEO,69942.720,73846.346,3903.626,
Contact STARLINK-5453 - MoonIOAGEO,75662.600,85323.787,9661.187,
Contact STARLINK-5453 - MoonIOAGNO,1278.068,10736.676,9458.607,
Contact STARLINK-5453 - MoonIOAGNO,12734.645,16449.011,3714.366,
Contact STARLINK-5453 - MoonIOAGNO,18439.898,27910.471,9470.573,
Contact STARLINK-5453 - MoonIOAGNO,29871.563,39396.772,9525.210,
Contact STARLINK-5453 - MoonIOAGNO,41321.725,45146.471,3824.746,
Contact STARLINK-5453 - MoonIOAGNO,47054.022,56619.142,9565.121,
Contact STARLINK-5453 - MoonIOAGNO,58495.262,68078.780,9583.518,
Contact STARLINK-5453 - MoonIOAGNO,69913.485,73824.131,3910.646,
Contact STARLINK-5453 - MoonIOAGNO,75631.508,85333.892,9702.384,
Contact STARLINK-5453 - MoonIOAGNO 0001,1267.989,10709.058,9441.069,
Contact STARLINK-5453 - MoonIOAGNO 0001,12709.167,16450.391,3741.224,
Contact STARLINK-5453 - MoonIOAGNO 0001,18435.928,27943.233,9507.306,
Contact STARLINK-5453 - MoonIOAGNO 0001,29902.773,39389.091,9486.318,
Contact STARLINK-5453 - MoonIOAGNO 0001,41322.084,45120.361,3798.277,
Contact STARLINK-5453 - MoonIOAGNO 0001,47035.209,56605.547,9570.337,
Contact STARLINK-5453 - MoonIOAGNO 0001,58476.604,68111.610,9635.007,
Contact STARLINK-5453 - MoonIOAGNO 0001,69938.053,73864.426,3926.374,
Contact STARLINK-5453 - MoonIOAGNO 0001,75671.159,85311.529,9640.370,
Contact STARLINK-5453 - MoonIOAGSO,1300.157,8150.163,6850.006,
Contact STARLINK-5453 - MoonIOAGSO,12732.109,16474.166,3742.057,
Contact STARLINK-5453 - MoonIOAGSO,18469.703,27947.691,9477.989,
Contact STARLINK-5453 - MoonIOAGSO,29924.254,39412.979,9488.725,
Contact STARLINK-5453 - MoonIOAGSO,41359.679,45145.249,3785.569,
Contact STARLINK-5453 - MoonIOAGSO,47070.000,56633.188,9563.188,
Contact STARLINK-5453 - MoonIOAGSO,58510.595,68120.983,9610.388,
Contact STARLINK-5453 - MoonIOAGSO,69973.685,73859.347,3885.662,
Contact STARLINK-5453 - MoonIOAGSO,75695.297,85335.698,9640.401,
Contact STARLINK-5453 - MoonIOAGSO 0001,1309.224,10740.789,9431.565,
Contact STARLINK-5453 - MoonIOAGSO 0001,12756.284,16471.225,3714.941,
Contact STARLINK-5453 - MoonIOAGSO 0001,18473.628,27931.613,9457.984,
Contact STARLINK-5453 - MoonIOAGSO 0001,30833.231,39421.175,8587.944,
Contact STARLINK-5453 - MoonIOAGSO 0001,41359.201,45160.470,3801.269,
Contact STARLINK-5453 - MoonIOAGSO 0001,47088.079,56631.767,9543.688,
Contact STARLINK-5453 - MoonIOAGSO 0001,58529.516,68102.592,9573.076,
Contact STARLINK-5453 - MoonIOAGSO 0001,69949.441,73846.015,3896.573,
Contact STARLINK-5453 - MoonIOAGSO 0001,75654.885,85355.609,9700.723,
Contact STARLINK-5453 - MoonLRO,1285.468,10734.998,9449.530,
Contact STARLINK-5453 - MoonLRO,13890.677,16467.470,2576.794,
Contact STARLINK-5453 - MoonLRO,20744.444,22198.559,1454.115,
Contact STARLINK-5453 - MoonLRO,35616.200,38321.114,2704.914,
Contact STARLINK-5453 - MoonLRO,41334.870,45144.902,3810.032,
Contact STARLINK-5453 - MoonLRO,48034.643,50890.433,2855.790,
Contact STARLINK-5453 - MoonLRO,64227.180,65616.246,1389.066,
Contact STARLINK-5453 - MoonLRO,69940.244,72468.744,2528.500,
Contact STARLINK-5453 - MoonLRO,75655.915,85346.418,9690.502,
Contact STARLINK-5453 - MarsSat1,0.000,1933.968,1933.968,
Contact STARLINK-5453 - MarsSat1,4064.560,13379.258,9314.699,
Contact STARLINK-5453 - MarsSat1,15509.922,24824.604,9314.682,
Contact STARLINK-5453 - MarsSat1,26955.277,30547.303,3592.026,
Contact STARLINK-5453 - MarsSat1,32677.958,41992.759,9314.801,
Contact STARLINK-5453 - MarsSat1,44123.328,53438.286,9314.958,
Contact STARLINK-5453 - MarsSat1,55568.702,59161.072,3592.370,
Contact STARLINK-5453 - MarsSat1,61291.385,70606.678,9315.293,
Contact STARLINK-5453 - MarsSat1,72736.733,82052.316,9315.583,
Contact STARLINK-5453 - MarsSat1,84182.049,86400.000,2217.951,
Contact STARLINK-5453 - MarsSat2,0.000,1934.045,1934.045,
Contact STARLINK-5453 - MarsSat2,4064.644,13379.371,9314.727,
Contact STARLINK-5453 - MarsSat2,15510.041,24824.739,9314.698,
Contact STARLINK-5453 - MarsSat2,26955.414,30547.440,3592.026,
Contact STARLINK-5453 - MarsSat2,32678.092,41992.876,9314.783,
Contact STARLINK-5453 - MarsSat2,44123.435,53438.360,9314.925,
Contact STARLINK-5453 - MarsSat2,55568.761,59161.121,3592.359,
Contact STARLINK-5453 - MarsSat2,61291.419,70606.681,9315.262,
Contact STARLINK-5453 - MarsSat2,72736.725,82052.294,9315.569,
Contact STARLINK-5453 - MarsSat2,84182.019,86400.000,2217.981,
Contact STARLINK-5453 - MarsSat3,0.000,1934.015,1934.015,
Contact STARLINK-5453 - MarsSat3,4064.613,13379.327,9314.714,
Contact STARLINK-5453 - MarsSat3,15509.991,24824.667,9314.675,
Contact STARLINK-5453 - MarsSat3,26955.335,30547.352,3592.017,
Contact STARLINK-5453 - MarsSat3,32677.999,41992.761,9314.762,
Contact STARLINK-5453 - MarsSat3,44123.317,53438.236,9314.919,
Contact STARLINK-5453 - MarsSat3,55568.642,59161.007,3592.365,
Contact STARLINK-5453 - MarsSat3,61291.317,70606.634,9315.317,
Contact STARLINK-5453 - MarsSat3,72736.703,82052.330,9315.627,
Contact STARLINK-5453 - MarsSat3,84182.075,86400.000,2217.925,
Contact STARLINK-5453 - MarsSat4,0.000,1933.958,1933.958,
Contact STARLINK-5453 - MarsSat4,4064.545,13379.235,9314.690,
Contact STARLINK-5453 - MarsSat4,15509.904,24824.663,9314.759,
Contact STARLINK-5453 - MarsSat4,26955.344,30547.369,3592.024,
Contact STARLINK-5453 - MarsSat4,32678.016,41992.769,9314.753,
Contact STARLINK-5453 - MarsSat4,44123.326,53438.291,9314.965,
Contact STARLINK-5453 - MarsSat4,55568.717,59161.092,3592.375,
Contact STARLINK-5453 - MarsSat4,61291.398,70606.638,9315.240,
Contact STARLINK-5453 - MarsSat4,72736.681,82052.252,9315.571,
Contact STARLINK-5453 - MarsSat4,84182.002,86400.000,2217.998,
Contact STARLINK-31082 - STARLINK-4569,6815.223,7752.823,937.600,
Contact STARLINK-31082 - STARLINK-4569,21176.984,22127.213,950.229,
Contact STARLINK-31082 - STARLINK-4569,35548.665,36491.218,942.552,
Contact STARLINK-31082 - STARLINK-4569,49911.018,50865.163,954.145,
Contact STARLINK-31082 - STARLINK-4569,64283.590,65228.501,944.912,
Contact STARLINK-31082 - STARLINK-4569,78646.653,79601.890,955.237,
Contact STARLINK-31082 - STARLINK-4328,3598.769,4280.689,681.921,
Contact STARLINK-31082 - STARLINK-4328,17968.461,18642.493,674.032,
Contact STARLINK-31082 - STARLINK-4328,32330.763,33011.567,680.805,
Contact STARLINK-31082 - STARLINK-4328,46700.786,47373.020,672.234,
Contact STARLINK-31082 - STARLINK-4328,61063.132,61742.053,678.921,
Contact STARLINK-31082 - STARLINK-4328,75433.508,76103.137,669.629,
Contact STARLINK-31082 - STARLINK-11136 [DTC],71649.975,72108.325,458.350,
Contact STARLINK-31082 - STARLINK-11136 [DTC],82678.089,83541.375,863.285,
Contact STARLINK-31082 - STARLINK-5231,3211.066,10269.135,7058.069,
Contact STARLINK-31082 - STARLINK-5231,17571.977,24549.174,6977.197,
Contact STARLINK-31082 - STARLINK-5231,31916.900,33131.094,1214.194,
Contact STARLINK-31082 - STARLINK-5231,46285.841,47404.574,1118.733,
Contact STARLINK-31082 - STARLINK-5231,60637.589,61695.054,1057.465,
Contact STARLINK-31082 - STARLINK-5231,75017.263,75957.780,940.517,
Contact STARLINK-31082 - STARLINK-11092 [DTC],15699.324,47232.210,31532.886,
Contact STARLINK-31082 - STARLINK-11072 [DTC],39488.586,68413.131,28924.546,
Contact STARLINK-31082 - STARLINK-5503,0.000,3753.763,3753.763,
Contact STARLINK-31082 - STARLINK-5503,14145.101,18123.988,3978.888,
Contact STARLINK-31082 - STARLINK-5503,28500.863,32498.557,3997.694,
Contact STARLINK-31082 - STARLINK-5503,42852.794,49742.817,6890.023,
Contact STARLINK-31082 - STARLINK-5503,57211.242,64108.793,6897.551,
Contact STARLINK-31082 - STARLINK-5503,71565.902,78478.929,6913.027,
Contact STARLINK-31082 - STARLINK-5503,85927.038,86400.000,472.962,
Contact STARLINK-31082 - MoonARTEMIS1,1501.806,5133.206,3631.400,
Contact STARLINK-31082 - MoonARTEMIS1,7249.568,16655.963,9406.395,
Contact STARLINK-31082 - MoonARTEMIS1,18748.324,28167.217,9418.892,
Contact STARLINK-31082 - MoonARTEMIS1,30240.200,45427.110,15186.910,
Contact STARLINK-31082 - MoonARTEMIS1,47472.616,56931.083,9458.467,
Contact STARLINK-31082 - MoonARTEMIS1,58958.491,74184.131,15225.640,
Contact STARLINK-31082 - MoonARTEMIS1,76184.264,85684.276,9500.012,
Contact STARLINK-31082 - MoonARTEMIS2,1482.773,5108.055,3625.282,
Contact STARLINK-31082 - MoonARTEMIS2,7227.533,16611.234,9383.702,
Contact STARLINK-31082 - MoonARTEMIS2,18719.165,28123.228,9404.063,
Contact STARLINK-31082 - MoonARTEMIS2,30216.920,45398.800,15181.880,
Contact STARLINK-31082 - MoonARTEMIS2,47454.235,56897.181,9442.946,
Contact STARLINK-31082 - MoonARTEMIS2,58935.266,68397.809,9462.543,
Contact STARLINK-31082 - MoonARTEMIS2,70417.146,74149.241,3732.095,
Contact STARLINK-31082 - MoonARTEMIS2,76158.480,85654.638,9496.158,
Contact STARLINK-31082 - MoonIOAGEO,1500.487,3787.357,2286.870,
Contact STARLINK-31082 - MoonIOAGEO,7922.894,16646.305,8723.411,
Contact STARLINK-31082 - MoonIOAGEO,18740.466,28136.699,9396.233,
Contact STARLINK-31082 - MoonIOAGEO,30221.482,45387.636,15166.153,
Contact STARLINK-31082 - MoonIOAGEO,53201.380,56911.070,3709.690,
Contact STARLINK-31082 - MoonIOAGEO,58947.378,74158.145,15210.767,
Contact STARLINK-31082 - MoonIOAGEO,76170.411,85662.453,9492.041,
Contact STARLINK-31082 - MoonIOAGNO,1496.298,5138.942,3642.645,
Contact STARLINK-31082 - MoonIOAGNO,7251.196,16621.565,9370.369,
Contact STARLINK-31082 - MoonIOAGNO,18719.362,28115.911,9396.548,
Contact STARLINK-31082 - MoonIOAGNO,30200.096,45392.381,15192.286,
Contact STARLINK-31082 - MoonIOAGNO,47451.943,56892.849,9440.906,
Contact STARLINK-31082 - MoonIOAGNO,58932.152,68383.654,9451.502,
Contact STARLINK-31082 - MoonIOAGNO,70403.988,74140.738,3736.750,
Contact STARLINK-31082 - MoonIOAGNO,76148.377,85668.316,9519.939,
Contact STARLINK-31082 - MoonIOAGNO 0001,1482.705,5114.217,3631.512,
Contact STARLINK-31082 - MoonIOAGNO 0001,7225.037,16623.304,9398.267,
Contact STARLINK-31082 - MoonIOAGNO 0001,18721.063,28143.828,9422.765,
Contact STARLINK-31082 - MoonIOAGNO 0001,30229.395,45370.604,15141.209,
Contact STARLINK-31082 - MoonIOAGNO 0001,47430.872,56882.562,9451.690,
Contact STARLINK-31082 - MoonIOAGNO 0001,58922.197,74172.327,15250.130,
Contact STARLINK-31082 - MoonIOAGNO 0001,76178.789,85651.274,9472.484,
Contact STARLINK-31082 - MoonIOAGSO,1508.915,5133.424,3624.508,
Contact STARLINK-31082 - MoonIOAGSO,9423.132,16643.791,7220.658,
Contact STARLINK-31082 - MoonIOAGSO,18747.646,28147.832,9400.186,
Contact STARLINK-31082 - MoonIOAGSO,30241.177,45391.695,15150.517,
Contact STARLINK-31082 - MoonIOAGSO,47457.375,56905.350,9447.976,
Contact STARLINK-31082 - MoonIOAGSO,58950.723,74170.343,15219.621,
Contact STARLINK-31082 - MoonIOAGSO,76193.551,85672.099,9478.548,
Contact STARLINK-31082 - MoonIOAGSO 0001,1518.589,5146.308,3627.719,
Contact STARLINK-31082 - MoonIOAGSO 0001,7264.187,16641.162,9376.975,
Contact STARLINK-31082 - MoonIOAGSO 0001,18746.489,28133.850,9387.361,
Contact STARLINK-31082 - MoonIOAGSO 0001,30811.510,45404.458,14592.948,
Contact STARLINK-31082 - MoonIOAGSO 0001,47473.687,56904.972,9431.284,
Contact STARLINK-31082 - MoonIOAGSO 0001,58958.197,73892.378,14934.182,
Contact STARLINK-31082 - MoonIOAGSO 0001,76169.646,85686.567,9516.921,
Contact STARLINK-31082 - MoonLRO,1500.712,4173.944,2673.232,
Contact STARLINK-31082 - MoonLRO,7243.105,16638.328,9395.223,
Contact STARLINK-31082 - MoonLRO,20738.757,22385.631,1646.875,
Contact STARLINK-31082 - MoonLRO,35965.862,38316.320,2350.459,
Contact STARLINK-31082 - MoonLRO,41706.536,45148.299,3441.763,
Contact STARLINK-31082 - MoonLRO,48030.913,51149.922,3119.009,
Contact STARLINK-31082 - MoonLRO,64690.681,65608.752,918.071,
Contact STARLINK-31082 - MoonLRO,70430.089,72461.215,2031.126,
Contact STARLINK-31082 - MoonLRO,76169.226,85678.871,9509.645,
Contact STARLINK-31082 - MarsSat1,0.000,2058.010,2058.010,
Contact STARLINK-31082 - MarsSat1,4169.662,13539.126,9369.463,
Contact STARLINK-31082 - MarsSat1,15652.443,25020.273,9367.831,
Contact STARLINK-31082 - MarsSat1,27135.172,30760.865,3625.694,
Contact STARLINK-31082 - MarsSat1,32876.524,42242.091,9365.566,
Contact STARLINK-31082 - MarsSat1,44359.214,53723.368,9364.154,
Contact STARLINK-31082 - MarsSat1,55841.878,59464.022,3622.144,
Contact STARLINK-31082 - MarsSat1,61583.195,70945.346,9362.151,
Contact STARLINK-31082 - MarsSat1,73065.782,82426.680,9360.898,
Contact STARLINK-31082 - MarsSat1,84548.297,86400.000,1851.703,
Contact STARLINK-31082 - MarsSat2,0.000,2058.087,2058.087,
Contact STARLINK-31082 - MarsSat2,4169.739,13539.243,9369.504,
Contact STARLINK-31082 - MarsSat2,15652.570,25020.417,9367.847,
Contact STARLINK-31082 - MarsSat2,27135.334,30761.012,3625.679,
Contact STARLINK-31082 - MarsSat2,32876.692,42242.220,9365.528,
Contact STARLINK-31082 - MarsSat2,44359.364,53723.453,9364.089,
Contact STARLINK-31082 - MarsSat2,55841.979,59464.079,3622.101,
Contact STARLINK-31082 - MarsSat2,61583.266,70945.355,9362.089,
Contact STARLINK-31082 - MarsSat2,73065.801,82426.662,9360.860,
Contact STARLINK-31082 - MarsSat2,84548.288,86400.000,1851.712,
Contact STARLINK-31082 - MarsSat3,0.000,2058.056,2058.056,
Contact STARLINK-31082 - MarsSat3,4169.706,13539.197,9369.491,
Contact STARLINK-31082 - MarsSat3,15652.520,25020.343,9367.823,
Contact STARLINK-31082 - MarsSat3,27135.253,30760.921,3625.668,
Contact STARLINK-31082 - MarsSat3,32876.593,42242.099,9365.506,
Contact STARLINK-31082 - MarsSat3,44359.232,53723.320,9364.089,
Contact STARLINK-31082 - MarsSat3,55841.832,59463.957,3622.125,
Contact STARLINK-31082 - MarsSat3,61583.130,70945.300,9362.171,
Contact STARLINK-31082 - MarsSat3,73065.737,82426.691,9360.954,
Contact STARLINK-31082 - MarsSat3,84548.307,86400.000,1851.693,
Contact STARLINK-31082 - MarsSat4,0.000,2057.998,2057.998,
Contact STARLINK-31082 - MarsSat4,4169.644,13539.101,9369.457,
Contact STARLINK-31082 - MarsSat4,15652.419,25020.335,9367.917,
Contact STARLINK-31082 - MarsSat4,27135.246,30760.935,3625.690,
Contact STARLINK-31082 - MarsSat4,32876.600,42242.105,9365.505,
Contact STARLINK-31082 - MarsSat4,44359.231,53723.377,9364.146,
Contact STARLINK-31082 - MarsSat4,55841.901,59464.044,3622.143,
Contact STARLINK-31082 - MarsSat4,61583.216,70945.305,9362.088,
Contact STARLINK-31082 - MarsSat4,73065.731,82426.613,9360.882,
Contact STARLINK-31082 - MarsSat4,84548.237,86400.000,1851.763,
Contact STARLINK-4569 - STARLINK-6199,14399.468,14759.474,360.006,
Contact STARLINK-4569 - STARLINK-6199,28778.221,29113.802,335.582,
Contact STARLINK-4569 - STARLINK-6199,43144.095,43480.889,336.794,
Contact STARLINK-4569 - STARLINK-6199,57523.745,57834.334,310.589,
Contact STARLINK-4569 - STARLINK-6199,71890.380,72200.673,310.293,
Contact STARLINK-4569 - STARLINK-6199,86271.178,86400.000,128.822,
Contact STARLINK-4569 - STARLINK-4328,2892.372,4115.244,1222.872,
Contact STARLINK-4569 - STARLINK-4328,11534.823,18484.603,6949.780,
Contact STARLINK-4569 - STARLINK-4328,25905.936,32877.309,6971.373,
Contact STARLINK-4569 - STARLINK-4328,40301.781,47246.592,6944.811,
Contact STARLINK-4569 - STARLINK-4328,54672.873,61639.320,6966.447,
Contact STARLINK-4569 - STARLINK-4328,69068.720,76008.525,6939.806,
Contact STARLINK-4569 - STARLINK-4328,83439.790,86400.000,2960.210,
Contact STARLINK-4569 - STARLINK-2214,0.000,44.507,44.507,
Contact STARLINK-4569 - STARLINK-2214,10760.330,11516.938,756.608,
Contact STARLINK-4569 - STARLINK-2214,25098.730,25859.104,760.374,
Contact STARLINK-4569 - STARLINK-2214,39441.198,40197.843,756.645,
Contact STARLINK-4569 - STARLINK-2214,53780.128,54539.420,759.291,
Contact STARLINK-4569 - STARLINK-2214,68122.119,68878.549,756.430,
Contact STARLINK-4569 - STARLINK-2214,82461.572,83219.545,757.974,
Contact STARLINK-4569 - STARLINK-11136 [DTC],17678.347,18227.089,548.741,
Contact STARLINK-4569 - STARLINK-11136 [DTC],31611.931,32419.490,807.559,
Contact STARLINK-4569 - STARLINK-11136 [DTC],42865.540,43665.088,799.549,
Contact STARLINK-4569 - STARLINK-31325,53656.397,54079.798,423.401,
Contact STARLINK-4569 - STARLINK-31325,67794.751,68467.614,672.863,
Contact STARLINK-4569 - STARLINK-31325,79141.320,82801.960,3660.640,
Contact STARLINK-4569 - STARLINK-5628,0.000,3625.444,3625.444,
Contact STARLINK-4569 - STARLINK-5628,14170.390,18004.714,3834.324,
Contact STARLINK-4569 - STARLINK-5628,28571.142,29513.051,941.908,
Contact STARLINK-4569 - STARLINK-5628,42959.435,43904.527,945.092,
Contact STARLINK-4569 - STARLINK-5628,57360.009,58283.798,923.789,
Contact STARLINK-4569 - STARLINK-5628,71748.106,72675.148,927.043,
Contact STARLINK-4569 - STARLINK-5628,86148.505,86400.000,251.495,
Contact STARLINK-4569 - STARLINK-5231,6988.783,7505.432,516.649,
Contact STARLINK-4569 - STARLINK-11092 [DTC],10289.264,10881.861,592.597,
Contact STARLINK-4569 - STARLINK-11092 [DTC],21478.240,22195.434,717.194,
Contact STARLINK-4569 - STARLINK-11092 [DTC],35530.276,36269.464,739.188,
Contact STARLINK-4569 - STARLINK-11092 [DTC],61009.911,61421.260,411.349,
Contact STARLINK-4569 - STARLINK-11072 [DTC],49927.472,50921.657,994.185,
Contact STARLINK-4569 - STARLINK-11072 [DTC],61197.520,64873.864,3676.343,
Contact STARLINK-4569 - STARLINK-6319,10631.555,11209.211,577.656,
Contact STARLINK-4569 - STARLINK-6319,25007.935,25579.138,571.203,
Contact STARLINK-4569 - STARLINK-6319,39380.429,39953.449,573.020,
Contact STARLINK-4569 - STARLINK-6319,53756.924,54323.348,566.424,
Contact STARLINK-4569 - STARLINK-6319,68128.953,68698.211,569.259,
Contact STARLINK-4569 - STARLINK-6319,82505.536,83068.119,562.583,
Contact STARLINK-4569 - STARLINK-4522,3364.729,3949.348,584.619,
Contact STARLINK-4569 - STARLINK-4522,17709.094,18275.884,566.791,
Contact STARLINK-4569 - STARLINK-4522,32040.851,32614.911,574.060,
Contact STARLINK-4569 - STARLINK-4522,46385.423,46941.225,555.802,
Contact STARLINK-4569 - STARLINK-4522,60717.278,61280.105,562.827,
Contact STARLINK-4569 - STARLINK-4522,75061.915,75606.340,544.425,
Contact STARLINK-4569 - MoonARTEMIS1,3367.227,13061.405,9694.178,
Contact STARLINK-4569 - MoonARTEMIS1,14922.563,24555.191,9632.628,
Contact STARLINK-4569 - MoonARTEMIS1,26457.945,41806.315,15348.369,
Contact STARLINK-4569 - MoonARTEMIS1,43749.372,53310.539,9561.167,
Contact STARLINK-4569 - MoonARTEMIS1,55273.119,70570.244,15297.126,
Contact STARLINK-4569 - MoonARTEMIS1,72555.662,82078.674,9523.012,
Contact STARLINK-4569 - MoonARTEMIS1,84076.433,86400.000,2323.567,
Contact STARLINK-4569 - MoonARTEMIS2,0.000,13099.672,13099.672,
Contact STARLINK-4569 - MoonARTEMIS2,14898.650,24589.877,9691.227,
Contact STARLINK-4569 - MoonARTEMIS2,26432.693,41822.671,15389.979,
Contact STARLINK-4569 - MoonARTEMIS2,43746.351,53332.538,9586.187,
Contact STARLINK-4569 - MoonARTEMIS2,55277.625,70595.571,15317.945,
Contact STARLINK-4569 - MoonARTEMIS2,72568.257,82102.773,9534.516,
Contact STARLINK-4569 - MoonARTEMIS2,84092.498,86400.000,2307.502,
Contact STARLINK-4569 - MoonIOAGEO,0.000,3816.448,3816.448,
Contact STARLINK-4569 - MoonIOAGEO,9144.967,13067.103,3922.136,
Contact STARLINK-4569 - MoonIOAGEO,14918.541,24570.624,9652.083,
Contact STARLINK-4569 - MoonIOAGEO,26443.684,41829.893,15386.209,
Contact STARLINK-4569 - MoonIOAGEO,43728.094,47577.336,3849.242,
Contact STARLINK-4569 - MoonIOAGEO,55269.782,70581.772,15311.990,
Contact STARLINK-4569 - MoonIOAGEO,72554.810,82089.768,9534.958,
Contact STARLINK-4569 - MoonIOAGEO,84071.718,86400.000,2328.282,
Contact STARLINK-4569 - MoonIOAGNO,0.000,13075.208,13075.208,
Contact STARLINK-4569 - MoonIOAGNO,14905.141,24603.045,9697.904,
Contact STARLINK-4569 - MoonIOAGNO,26458.494,41841.441,15382.947,
Contact STARLINK-4569 - MoonIOAGNO,43752.951,53319.485,9566.533,
Contact STARLINK-4569 - MoonIOAGNO,55259.396,70609.217,15349.822,
Contact STARLINK-4569 - MoonIOAGNO,72573.734,82105.671,9531.937,
Contact STARLINK-4569 - MoonIOAGNO,84095.958,86400.000,2304.042,
Contact STARLINK-4569 - MoonIOAGNO 0001,0.000,13101.214,13101.214,
Contact STARLINK-4569 - MoonIOAGNO 0001,14931.142,24580.082,9648.940,
Contact STARLINK-4569 - MoonIOAGNO 0001,26451.541,41848.336,15396.795,
Contact STARLINK-4569 - MoonIOAGNO 0001,43749.052,53355.095,9606.043,
Contact STARLINK-4569 - MoonIOAGNO 0001,55285.755,70582.530,15296.776,
Contact STARLINK-4569 - MoonIOAGNO 0001,72555.697,82100.369,9544.672,
Contact STARLINK-4569 - MoonIOAGNO 0001,84088.481,86400.000,2311.519,
Contact STARLINK-4569 - MoonIOAGSO,0.000,13071.594,13071.594,
Contact STARLINK-4569 - MoonIOAGSO,14905.747,24549.862,9644.115,
Contact STARLINK-4569 - MoonIOAGSO,26409.434,41811.426,15401.992,
Contact STARLINK-4569 - MoonIOAGSO,43712.164,53333.610,9621.446,
Contact STARLINK-4569 - MoonIOAGSO,55271.726,70559.190,15287.464,
Contact STARLINK-4569 - MoonIOAGSO,72525.071,82068.605,9543.534,
Contact STARLINK-4569 - MoonIOAGSO,84053.748,86400.000,2346.252,
Contact STARLINK-4569 - MoonIOAGSO 0001,0.000,13050.454,13050.454,
Contact STARLINK-4569 - MoonIOAGSO 0001,14870.772,24567.200,9696.428,
Contact STARLINK-4569 - MoonIOAGSO 0001,26426.816,41806.895,15380.079,
Contact STARLINK-4569 - MoonIOAGSO 0001,43714.291,53304.338,9590.047,
Contact STARLINK-4569 - MoonIOAGSO 0001,55232.142,70581.387,15349.245,
Contact STARLINK-4569 - MoonIOAGSO 0001,72552.582,82073.994,9521.412,
Contact STARLINK-4569 - MoonIOAGSO 0001,84065.663,86400.000,2334.337,
Contact STARLINK-4569 - MoonLRO,3366.534,10989.182,7622.649,
Contact STARLINK-4569 - MoonLRO,20749.370,24567.090,3817.719,
Contact STARLINK-4569 - MoonLRO,27577.453,30319.279,2741.826,
Contact STARLINK-4569 - MoonLRO,34384.217,36075.503,1691.286,
Contact STARLINK-4569 - MoonLRO,49503.285,51948.814,2445.529,
Contact STARLINK-4569 - MoonLRO,55270.256,58768.901,3498.645,
Contact STARLINK-4569 - MoonLRO,61728.068,64825.167,3097.098,
Contact STARLINK-4569 - MoonLRO,75346.021,79299.557,3953.537,
Contact STARLINK-4569 - MarsSat1,0.000,86400.000,86400.000,
Contact STARLINK-4569 - MarsSat2,0.000,86400.000,86400.000,
Contact STARLINK-4569 - MarsSat3,0.000,86400.000,86400.000,
Contact STARLINK-4569 - MarsSat4,0.000,86400.000,86400.000,
Contact STARLINK-1776 - STARLINK-6199,3550.621,3911.203,360.582,
Contact STARLINK-1776 - STARLINK-6199,17764.751,18290.805,526.054,
Contact STARLINK-1776 - STARLINK-6199,31996.318,32654.183,657.866,
Contact STARLINK-1776 - STARLINK-6199,46246.549,46997.521,750.972,
Contact STARLINK-1776 - STARLINK-6199,60500.652,61338.104,837.452,
Contact STARLINK-1776 - STARLINK-6199,71911.136,75665.520,3754.384,
Contact STARLINK-1776 - STARLINK-6199,86182.113,86400.000,217.887,
Contact STARLINK-1776 - STARLINK-3506,0.000,46774.509,46774.509,
Contact STARLINK-1776 - STARLINK-3506,47019.040,60984.873,13965.833,
Contact STARLINK-1776 - STARLINK-3506,61323.301,75238.318,13915.017,
Contact STARLINK-1776 - STARLINK-3506,75634.146,86400.000,10765.854,
Contact STARLINK-1776 - STARLINK-11136 [DTC],0.000,13866.217,13866.217,
Contact STARLINK-1776 - STARLINK-11092 [DTC],75212.734,75875.837,663.102,
Contact STARLINK-1776 - STARLINK-11092 [DTC],86341.606,86400.000,58.394,
Contact STARLINK-1776 - STARLINK-11072 [DTC],0.000,585.228,585.228,
Contact STARLINK-1776 - STARLINK-5176,0.000,569.270,569.270,
Contact STARLINK-1776 - STARLINK-5176,7868.910,14848.749,6979.839,
Contact STARLINK-1776 - STARLINK-5176,22131.062,29140.626,7009.564,
Contact STARLINK-1776 - STARLINK-5176,39256.961,46278.577,7021.616,
Contact STARLINK-1776 - STARLINK-5176,53537.802,60549.964,7012.162,
Contact STARLINK-1776 - STARLINK-5176,67808.065,69123.474,1315.410,
Contact STARLINK-1776 - STARLINK-5176,82093.877,83390.723,1296.846,
Contact STARLINK-1776 - STARLINK-4522,6734.481,7754.640,1020.159,
Contact STARLINK-1776 - STARLINK-4522,20997.366,22027.218,1029.853,
Contact STARLINK-1776 - STARLINK-4522,35268.555,36291.087,1022.532,
Contact STARLINK-1776 - STARLINK-4522,46682.707,50562.591,3879.884,
Contact STARLINK-1776 - STARLINK-4522,60946.855,64825.389,3878.534,
Contact STARLINK-1776 - STARLINK-4522,75219.398,76238.506,1019.108,
Contact STARLINK-1776 - MoonARTEMIS1,5048.142,14346.046,9297.903,
Contact STARLINK-1776 - MoonARTEMIS1,16504.995,20070.712,3565.717,
Contact STARLINK-1776 - MoonARTEMIS1,22226.432,31513.684,9287.253,
Contact STARLINK-1776 - MoonARTEMIS1,33664.200,42951.730,9287.530,
Contact STARLINK-1776 - MoonARTEMIS1,45097.846,48669.484,3571.638,
Contact STARLINK-1776 - MoonARTEMIS1,50813.604,60103.022,9289.418,
Contact STARLINK-1776 - MoonARTEMIS1,62243.507,71534.380,9290.873,
Contact STARLINK-1776 - MoonARTEMIS1,73671.718,77249.365,3577.647,
Contact STARLINK-1776 - MoonARTEMIS1,79385.346,86400.000,7014.654,
Contact STARLINK-1776 - MoonARTEMIS2,0.000,2869.715,2869.715,
Contact STARLINK-1776 - MoonARTEMIS2,5033.770,14306.425,9272.655,
Contact STARLINK-1776 - MoonARTEMIS2,16468.387,20026.208,3557.820,
Contact STARLINK-1776 - MoonARTEMIS2,22186.942,31474.115,9287.173,
Contact STARLINK-1776 - MoonARTEMIS2,34891.038,42931.079,8040.041,
Contact STARLINK-1776 - MoonARTEMIS2,45082.955,48649.392,3566.438,
Contact STARLINK-1776 - MoonARTEMIS2,50800.198,60084.242,9284.044,
Contact STARLINK-1776 - MoonARTEMIS2,62233.189,71518.806,9285.617,
Contact STARLINK-1776 - MoonARTEMIS2,73665.616,77236.215,3570.599,
Contact STARLINK-1776 - MoonARTEMIS2,79381.798,86400.000,7018.202,
Contact STARLINK-1776 - MoonIOAGEO,0.000,2884.401,2884.401,
Contact STARLINK-1776 - MoonIOAGEO,10775.396,14339.341,3563.945,
Contact STARLINK-1776 - MoonIOAGEO,16497.600,20057.481,3559.881,
Contact STARLINK-1776 - MoonIOAGEO,22211.865,31475.303,9263.439,
Contact STARLINK-1776 - MoonIOAGEO,33627.669,42908.519,9280.850,
Contact STARLINK-1776 - MoonIOAGEO,45063.274,47743.878,2680.605,
Contact STARLINK-1776 - MoonIOAGEO,51972.324,60092.604,8120.280,
Contact STARLINK-1776 - MoonIOAGEO,62238.043,71518.151,9280.108,
Contact STARLINK-1776 - MoonIOAGEO,73657.907,77226.804,3568.896,
Contact STARLINK-1776 - MoonIOAGEO,79367.102,86400.000,7032.898,
Contact STARLINK-1776 - MoonIOAGNO,0.000,2901.250,2901.250,
Contact STARLINK-1776 - MoonIOAGNO,5060.169,14319.400,9259.231,
Contact STARLINK-1776 - MoonIOAGNO,16479.622,20040.149,3560.527,
Contact STARLINK-1776 - MoonIOAGNO,22201.464,31486.419,9284.954,
Contact STARLINK-1776 - MoonIOAGNO,33644.837,42930.200,9285.363,
Contact STARLINK-1776 - MoonIOAGNO,45082.436,48648.600,3566.164,
Contact STARLINK-1776 - MoonIOAGNO,50795.349,60070.620,9275.272,
Contact STARLINK-1776 - MoonIOAGNO,62221.339,71516.257,9294.918,
Contact STARLINK-1776 - MoonIOAGNO,73665.169,77239.949,3574.780,
Contact STARLINK-1776 - MoonIOAGNO,79386.190,86400.000,7013.810,
Contact STARLINK-1776 - MoonIOAGNO 0001,0.000,2889.397,2889.397,
Contact STARLINK-1776 - MoonIOAGNO 0001,5053.833,14334.722,9280.889,
Contact STARLINK-1776 - MoonIOAGNO 0001,16495.567,20055.681,3560.115,
Contact STARLINK-1776 - MoonIOAGNO 0001,22213.614,31484.247,9270.633,
Contact STARLINK-1776 - MoonIOAGNO 0001,33632.492,42915.529,9283.037,
Contact STARLINK-1776 - MoonIOAGNO 0001,45071.976,48638.819,3566.843,
Contact STARLINK-1776 - MoonIOAGNO 0001,50793.900,60085.058,9291.158,
Contact STARLINK-1776 - MoonIOAGNO 0001,62234.741,71525.185,9290.444,
Contact STARLINK-1776 - MoonIOAGNO 0001,73663.943,77232.603,3568.660,
Contact STARLINK-1776 - MoonIOAGNO 0001,79373.179,86400.000,7026.821,
Contact STARLINK-1776 - MoonIOAGSO,0.000,2875.825,2875.825,
Contact STARLINK-1776 - MoonIOAGSO,5040.104,14329.206,9289.102,
Contact STARLINK-1776 - MoonIOAGSO,16482.738,20037.174,3554.436,
Contact STARLINK-1776 - MoonIOAGSO,22189.518,31462.264,9272.746,
Contact STARLINK-1776 - MoonIOAGSO,33614.002,42901.533,9287.530,
Contact STARLINK-1776 - MoonIOAGSO,45054.651,48628.938,3574.286,
Contact STARLINK-1776 - MoonIOAGSO,52389.858,60077.911,7688.053,
Contact STARLINK-1776 - MoonIOAGSO,62218.957,71500.989,9282.032,
Contact STARLINK-1776 - MoonIOAGSO,73639.416,77216.934,3577.518,
Contact STARLINK-1776 - MoonIOAGSO,79355.074,86400.000,7044.926,
Contact STARLINK-1776 - MoonIOAGSO 0001,0.000,2874.774,2874.774,
Contact STARLINK-1776 - MoonIOAGSO 0001,5031.759,14304.929,9273.170,
Contact STARLINK-1776 - MoonIOAGSO 0001,16462.297,20025.544,3563.246,
Contact STARLINK-1776 - MoonIOAGSO 0001,22183.831,30012.025,7828.194,
Contact STARLINK-1776 - MoonIOAGSO 0001,33643.182,42911.490,9268.308,
Contact STARLINK-1776 - MoonIOAGSO 0001,45057.874,48623.388,3565.515,
Contact STARLINK-1776 - MoonIOAGSO 0001,50769.043,60056.977,9287.934,
Contact STARLINK-1776 - MoonIOAGSO 0001,62202.719,71509.200,9306.482,
Contact STARLINK-1776 - MoonIOAGSO 0001,73659.739,77243.760,3584.021,
Contact STARLINK-1776 - MoonIOAGSO 0001,79382.279,86400.000,7017.721,
Contact STARLINK-1776 - MoonLRO,7064.724,10997.148,3932.425,
Contact STARLINK-1776 - MoonLRO,27922.236,31462.736,3540.500,
Contact STARLINK-1776 - MoonLRO,34398.600,37199.670,2801.069,
Contact STARLINK-1776 - MoonLRO,56508.183,58780.473,2272.290,
Contact STARLINK-1776 - MoonLRO,62227.674,65609.883,3382.209,
Contact STARLINK-1776 - MoonLRO,75360.141,77237.679,1877.538,
Contact STARLINK-1776 - MoonLRO,82181.091,82959.020,777.929,
Contact STARLINK-1776 - MarsSat1,1692.032,5266.978,3574.946,
Contact STARLINK-1776 - MarsSat1,7396.857,16675.916,9279.059,
Contact STARLINK-1776 - MarsSat1,18806.416,28084.798,9278.382,
Contact STARLINK-1776 - MarsSat1,30215.872,39493.651,9277.779,
Contact STARLINK-1776 - MarsSat1,41625.254,45198.075,3572.821,
Contact STARLINK-1776 - MarsSat1,47329.923,56606.921,9276.999,
Contact STARLINK-1776 - MarsSat1,58739.220,68015.760,9276.540,
Contact STARLINK-1776 - MarsSat1,70148.451,73720.169,3571.718,
Contact STARLINK-1776 - MarsSat1,75853.034,85128.954,9275.920,
Contact STARLINK-1776 - MarsSat2,1691.976,5266.928,3574.951,
Contact STARLINK-1776 - MarsSat2,7396.824,16675.923,9279.099,
Contact STARLINK-1776 - MarsSat2,18806.447,28084.877,9278.430,
Contact STARLINK-1776 - MarsSat2,30215.976,39493.791,9277.815,
Contact STARLINK-1776 - MarsSat2,41625.411,45198.233,3572.822,
Contact STARLINK-1776 - MarsSat2,47330.093,56607.087,9276.994,
Contact STARLINK-1776 - MarsSat2,58739.387,68015.901,9276.514,
Contact STARLINK-1776 - MarsSat2,70148.586,73720.293,3571.707,
Contact STARLINK-1776 - MarsSat2,75853.151,85129.048,9275.897,
Contact STARLINK-1776 - MarsSat3,1691.971,5266.929,3574.958,
Contact STARLINK-1776 - MarsSat3,7396.824,16675.934,9279.110,
Contact STARLINK-1776 - MarsSat3,18806.455,28084.886,9278.432,
Contact STARLINK-1776 - MarsSat3,30215.976,39493.778,9277.802,
Contact STARLINK-1776 - MarsSat3,41625.383,45198.199,3572.817,
Contact STARLINK-1776 - MarsSat3,47330.041,56606.990,9276.949,
Contact STARLINK-1776 - MarsSat3,58739.267,68015.728,9276.461,
Contact STARLINK-1776 - MarsSat3,70148.401,73720.102,3571.701,
Contact STARLINK-1776 - MarsSat3,75852.957,85128.874,9275.917,
Contact STARLINK-1776 - MarsSat4,1692.013,5266.968,3574.954,
Contact STARLINK-1776 - MarsSat4,7396.846,16675.887,9279.041,
Contact STARLINK-1776 - MarsSat4,18806.380,28084.818,9278.438,
Contact STARLINK-1776 - MarsSat4,30215.918,39493.739,9277.821,
Contact STARLINK-1776 - MarsSat4,41625.343,45198.152,3572.809,
Contact STARLINK-1776 - MarsSat4,47329.987,56606.947,9276.960,
Contact STARLINK-1776 - MarsSat4,58739.254,68015.803,9276.549,
Contact STARLINK-1776 - MarsSat4,70148.487,73720.190,3571.703,
Contact STARLINK-1776 - MarsSat4,75853.038,85128.884,9275.847,
Contact STARLINK-6199 - STARLINK-4328,0.000,164.325,164.325,
Contact STARLINK-6199 - STARLINK-4328,13738.459,14534.206,795.748,
Contact STARLINK-6199 - STARLINK-4328,28108.235,28896.973,788.738,
Contact STARLINK-6199 - STARLINK-4328,42470.246,43266.479,796.233,
Contact STARLINK-6199 - STARLINK-4328,53963.018,57629.152,3666.133,
Contact STARLINK-6199 - STARLINK-4328,68332.726,69121.909,789.183,
Contact STARLINK-6199 - STARLINK-4328,82695.060,83490.949,795.889,
Contact STARLINK-6199 - STARLINK-3506,3574.227,7428.513,3854.285,
Contact STARLINK-6199 - STARLINK-3506,17880.765,21746.303,3865.538,
Contact STARLINK-6199 - STARLINK-3506,32192.736,36065.705,3872.969,
Contact STARLINK-6199 - STARLINK-3506,46502.897,47518.582,1015.685,
Contact STARLINK-6199 - STARLINK-3506,60818.302,61831.441,1013.139,
Contact STARLINK-6199 - STARLINK-3506,75132.077,76145.769,1013.692,
Contact STARLINK-6199 - STARLINK-11136 [DTC],14261.695,14919.308,657.613,
Contact STARLINK-6199 - STARLINK-11136 [DTC],22433.123,29254.799,6821.676,
Contact STARLINK-6199 - STARLINK-11136 [DTC],39302.330,40373.546,1071.216,
Contact STARLINK-6199 - STARLINK-5628,0.000,588.770,588.770,
Contact STARLINK-6199 - STARLINK-5628,7924.338,14976.947,7052.608,
Contact STARLINK-6199 - STARLINK-5628,22274.619,29350.754,7076.135,
Contact STARLINK-6199 - STARLINK-5628,36616.554,43734.367,7117.813,
Contact STARLINK-6199 - STARLINK-5628,50971.049,58103.871,7132.823,
Contact STARLINK-6199 - STARLINK-5628,65317.531,72482.981,7165.449,
Contact STARLINK-6199 - STARLINK-5628,79676.328,86400.000,6723.672,
Contact STARLINK-6199 - STARLINK-11092 [DTC],80019.068,86400.000,6380.932,
Contact STARLINK-6199 - STARLINK-5176,6564.123,7649.515,1085.392,
Contact STARLINK-6199 - STARLINK-5176,20900.196,21956.956,1056.759,
Contact STARLINK-6199 - STARLINK-5176,32366.525,36272.152,3905.627,
Contact STARLINK-6199 - STARLINK-5176,46696.132,50576.485,3880.353,
Contact STARLINK-6199 - STARLINK-5176,61036.560,64888.817,3852.256,
Contact STARLINK-6199 - STARLINK-5176,75369.107,76333.713,964.606,
Contact STARLINK-6199 - MoonARTEMIS1,4448.365,13815.270,9366.905,
Contact STARLINK-6199 - MoonARTEMIS1,15965.551,19564.836,3599.285,
Contact STARLINK-6199 - MoonARTEMIS1,21717.769,31060.066,9342.297,
Contact STARLINK-6199 - MoonARTEMIS1,33216.866,42552.245,9335.379,
Contact STARLINK-6199 - MoonARTEMIS1,44711.505,48297.531,3586.025,
Contact STARLINK-6199 - MoonARTEMIS1,50457.623,59786.795,9329.172,
Contact STARLINK-6199 - MoonARTEMIS1,61947.923,71274.483,9326.560,
Contact STARLINK-6199 - MoonARTEMIS1,73435.974,82760.593,9324.619,
Contact STARLINK-6199 - MoonARTEMIS1,84921.941,86400.000,1478.059,
Contact STARLINK-6199 - MoonARTEMIS2,0.000,2291.576,2291.576,
Contact STARLINK-6199 - MoonARTEMIS2,4426.156,13784.529,9358.373,
Contact STARLINK-6199 - MoonARTEMIS2,15927.311,19532.442,3605.131,
Contact STARLINK-6199 - MoonARTEMIS2,21679.226,31034.792,9355.566,
Contact STARLINK-6199 - MoonARTEMIS2,34881.083,42534.192,7653.109,
Contact STARLINK-6199 - MoonARTEMIS2,44692.582,48276.513,3583.931,
Contact STARLINK-6199 - MoonARTEMIS2,50436.683,59761.687,9325.004,
Contact STARLINK-6199 - MoonARTEMIS2,61924.563,71248.260,9323.697,
Contact STARLINK-6199 - MoonARTEMIS2,73412.728,82736.402,9323.674,
Contact STARLINK-6199 - MoonARTEMIS2,84901.412,86400.000,1498.588,
Contact STARLINK-6199 - MoonIOAGEO,0.000,2312.087,2312.087,
Contact STARLINK-6199 - MoonIOAGEO,10205.910,13810.457,3604.548,
Contact STARLINK-6199 - MoonIOAGEO,15957.907,19555.342,3597.435,
Contact STARLINK-6199 - MoonIOAGEO,21704.250,31037.048,9332.797,
Contact STARLINK-6199 - MoonIOAGEO,33188.150,42526.403,9338.253,
Contact STARLINK-6199 - MoonIOAGEO,44684.196,47796.889,3112.694,
Contact STARLINK-6199 - MoonIOAGEO,51906.277,59774.982,7868.706,
Contact STARLINK-6199 - MoonIOAGEO,61937.576,71259.834,9322.257,
Contact STARLINK-6199 - MoonIOAGEO,73421.746,82745.487,9323.741,
Contact STARLINK-6199 - MoonIOAGEO,84909.790,86400.000,1490.210,
Contact STARLINK-6199 - MoonIOAGNO,0.000,2310.053,2310.053,
Contact STARLINK-6199 - MoonIOAGNO,4453.268,13799.894,9346.625,
Contact STARLINK-6199 - MoonIOAGNO,15937.672,19532.964,3595.292,
Contact STARLINK-6199 - MoonIOAGNO,21678.205,31020.310,9342.104,
Contact STARLINK-6199 - MoonIOAGNO,33175.391,42522.504,9347.113,
Contact STARLINK-6199 - MoonIOAGNO,44684.181,48277.627,3593.446,
Contact STARLINK-6199 - MoonIOAGNO,50441.139,59756.373,9315.233,
Contact STARLINK-6199 - MoonIOAGNO,61914.430,71238.973,9324.543,
Contact STARLINK-6199 - MoonIOAGNO,73402.742,82739.205,9336.463,
Contact STARLINK-6199 - MoonIOAGNO,84905.293,86400.000,1494.707,
Contact STARLINK-6199 - MoonIOAGNO 0001,0.000,2293.705,2293.705,
Contact STARLINK-6199 - MoonIOAGNO 0001,4430.726,13787.234,9356.508,
Contact STARLINK-6199 - MoonIOAGNO 0001,15935.398,19538.946,3603.547,
Contact STARLINK-6199 - MoonIOAGNO 0001,21691.420,31047.022,9355.602,
Contact STARLINK-6199 - MoonIOAGNO 0001,33196.481,42513.033,9316.552,
Contact STARLINK-6199 - MoonIOAGNO 0001,44668.862,48255.896,3587.035,
Contact STARLINK-6199 - MoonIOAGNO 0001,50415.471,59753.774,9338.303,
Contact STARLINK-6199 - MoonIOAGNO 0001,61918.406,71263.205,9344.800,
Contact STARLINK-6199 - MoonIOAGNO 0001,73429.727,82737.616,9307.889,
Contact STARLINK-6199 - MoonIOAGNO 0001,84898.488,86400.000,1501.512,
Contact STARLINK-6199 - MoonIOAGSO,0.000,2318.284,2318.284,
Contact STARLINK-6199 - MoonIOAGSO,4450.068,13807.477,9357.409,
Contact STARLINK-6199 - MoonIOAGSO,15956.520,19561.161,3604.641,
Contact STARLINK-6199 - MoonIOAGSO,21709.181,31054.466,9345.285,
Contact STARLINK-6199 - MoonIOAGSO,33204.019,42537.534,9333.516,
Contact STARLINK-6199 - MoonIOAGSO,44690.838,48276.576,3585.738,
Contact STARLINK-6199 - MoonIOAGSO,52541.630,59776.410,7234.780,
Contact STARLINK-6199 - MoonIOAGSO,61941.127,71273.919,9332.792,
Contact STARLINK-6199 - MoonIOAGSO,73436.605,82760.058,9323.453,
Contact STARLINK-6199 - MoonIOAGSO,84921.782,86400.000,1478.218,
Contact STARLINK-6199 - MoonIOAGSO 0001,0.000,2328.640,2328.640,
Contact STARLINK-6199 - MoonIOAGSO 0001,4462.921,13817.252,9354.331,
Contact STARLINK-6199 - MoonIOAGSO 0001,15956.131,19557.985,3601.854,
Contact STARLINK-6199 - MoonIOAGSO 0001,21700.206,29907.872,8207.666,
Contact STARLINK-6199 - MoonIOAGSO 0001,33192.909,42543.694,9350.786,
Contact STARLINK-6199 - MoonIOAGSO 0001,44701.615,48291.120,3589.505,
Contact STARLINK-6199 - MoonIOAGSO 0001,50448.927,59777.827,9328.900,
Contact STARLINK-6199 - MoonIOAGSO 0001,61936.630,71257.747,9321.117,
Contact STARLINK-6199 - MoonIOAGSO 0001,73419.225,82762.254,9343.029,
Contact STARLINK-6199 - MoonIOAGSO 0001,84928.381,86400.000,1471.619,
Contact STARLINK-6199 - MoonLRO,7083.318,10966.699,3883.381,
Contact STARLINK-6199 - MoonLRO,27542.734,31044.500,3501.766,
Contact STARLINK-6199 - MoonLRO,34376.228,36787.558,2411.330,
Contact STARLINK-6199 - MoonLRO,56181.670,58804.930,2623.261,
Contact STARLINK-6199 - MoonLRO,61926.719,65518.019,3591.300,
Contact STARLINK-6199 - MoonLRO,75367.482,79263.195,3895.713,
Contact STARLINK-6199 - MarsSat1,1092.880,16544.456,15451.576,
Contact STARLINK-6199 - MarsSat1,18331.746,28027.402,9695.656,
Contact STARLINK-6199 - MarsSat1,29823.981,39510.253,9686.273,
Contact STARLINK-6199 - MarsSat1,41315.998,45251.643,3935.645,
Contact STARLINK-6199 - MarsSat1,47061.932,56734.342,9672.411,
Contact STARLINK-6199 - MarsSat1,58553.639,68216.915,9663.276,
Contact STARLINK-6199 - MarsSat1,70045.099,73958.148,3913.049,
Contact STARLINK-6199 - MarsSat1,75790.722,85440.509,9649.787,
Contact STARLINK-6199 - MarsSat2,1092.909,16544.641,15451.733,
Contact STARLINK-6199 - MarsSat2,18331.942,28027.597,9695.654,
Contact STARLINK-6199 - MarsSat2,29824.272,39510.413,9686.141,
Contact STARLINK-6199 - MarsSat2,41316.321,45251.773,3935.451,
Contact STARLINK-6199 - MarsSat2,47062.241,56734.397,9672.156,
Contact STARLINK-6199 - MarsSat2,58553.875,68216.903,9663.027,
Contact STARLINK-6199 - MarsSat2,70045.238,73958.113,3912.875,
Contact STARLINK-6199 - MarsSat2,75790.819,85440.452,9649.633,
Contact STARLINK-6199 - MarsSat3,1092.863,16544.560,15451.697,
Contact STARLINK-6199 - MarsSat3,18331.878,28027.472,9695.595,
Contact STARLINK-6199 - MarsSat3,29824.161,39510.251,9686.091,
Contact STARLINK-6199 - MarsSat3,41316.143,45251.600,3935.457,
Contact STARLINK-6199 - MarsSat3,47062.026,56734.240,9672.214,
Contact STARLINK-6199 - MarsSat3,58553.603,68216.844,9663.241,
Contact STARLINK-6199 - MarsSat3,70044.990,73958.124,3913.134,
Contact STARLINK-6199 - MarsSat3,75790.626,85440.565,9649.939,
Contact STARLINK-6199 - MarsSat4,1092.846,16544.441,15451.595,
Contact STARLINK-6199 - MarsSat4,18331.706,28027.502,9695.796,
Contact STARLINK-6199 - MarsSat4,29824.115,39510.274,9686.159,
Contact STARLINK-6199 - MarsSat4,41316.112,45251.622,3935.510,
Contact STARLINK-6199 - MarsSat4,47061.988,56734.366,9672.378,
Contact STARLINK-6199 - MarsSat4,58553.701,68216.869,9663.169,
Contact STARLINK-6199 - MarsSat4,70045.086,73958.061,3912.974,
Contact STARLINK-6199 - MarsSat4,75790.639,85440.470,9649.831,
Contact STARLINK-4328 - STARLINK-2214,10519.483,10928.151,408.668,
Contact STARLINK-4328 - STARLINK-2214,24887.438,25241.751,354.313,
Contact STARLINK-4328 - STARLINK-11136 [DTC],28052.074,29206.063,1153.989,
Contact STARLINK-4328 - STARLINK-11136 [DTC],39219.961,46039.234,6819.273,
Contact STARLINK-4328 - STARLINK-11136 [DTC],53749.229,54102.159,352.930,
Contact STARLINK-4328 - STARLINK-31325,10254.366,10948.374,694.008,
Contact STARLINK-4328 - STARLINK-31325,24499.326,25224.424,725.097,
Contact STARLINK-4328 - STARLINK-31325,35897.901,36642.829,744.928,
Contact STARLINK-4328 - STARLINK-31325,50148.433,50913.707,765.274,
Contact STARLINK-4328 - STARLINK-31325,64406.530,65176.540,770.010,
Contact STARLINK-4328 - STARLINK-31325,78665.949,79438.458,772.509,
Contact STARLINK-4328 - STARLINK-5628,0.000,3156.060,3156.060,
Contact STARLINK-4328 - STARLINK-5628,10287.683,17534.047,7246.364,
Contact STARLINK-4328 - STARLINK-5628,24694.835,31929.059,7234.224,
Contact STARLINK-4328 - STARLINK-5628,39101.155,46306.944,7205.789,
Contact STARLINK-4328 - STARLINK-5628,53507.369,60701.353,7193.984,
Contact STARLINK-4328 - STARLINK-5628,67913.815,75079.158,7165.343,
Contact STARLINK-4328 - STARLINK-5628,82319.100,86400.000,4080.900,
Contact STARLINK-4328 - STARLINK-5231,3148.219,3964.927,816.709,
Contact STARLINK-4328 - STARLINK-5231,17538.836,18266.688,727.852,
Contact STARLINK-4328 - STARLINK-5231,31921.859,32576.044,654.185,
Contact STARLINK-4328 - STARLINK-5231,46336.693,46853.928,517.235,
Contact STARLINK-4328 - STARLINK-11092 [DTC],7067.568,7687.797,620.229,
Contact STARLINK-4328 - STARLINK-11092 [DTC],21163.272,21720.976,557.705,
Contact STARLINK-4328 - STARLINK-11092 [DTC],46523.084,46994.053,470.968,
Contact STARLINK-4328 - STARLINK-11092 [DTC],71805.011,72344.514,539.503,
Contact STARLINK-4328 - STARLINK-11092 [DTC],85842.958,86400.000,557.042,
Contact STARLINK-4328 - STARLINK-11072 [DTC],21592.519,22125.403,532.883,
Contact STARLINK-4328 - STARLINK-11072 [DTC],35566.654,36245.331,678.678,
Contact STARLINK-4328 - STARLINK-11072 [DTC],46782.868,47503.535,720.667,
Contact STARLINK-4328 - STARLINK-11072 [DTC],60854.169,61525.356,671.187,
Contact STARLINK-4328 - STARLINK-2042,10239.766,10992.879,753.113,
Contact STARLINK-4328 - STARLINK-2042,24586.452,25341.316,754.864,
Contact STARLINK-4328 - STARLINK-2042,38933.928,39688.757,754.829,
Contact STARLINK-4328 - STARLINK-2042,53280.948,54036.834,755.886,
Contact STARLINK-4328 - STARLINK-2042,64758.708,65515.054,756.346,
Contact STARLINK-4328 - STARLINK-2042,79105.530,79863.065,757.536,
Contact STARLINK-4328 - STARLINK-6319,10090.919,10857.663,766.744,
Contact STARLINK-4328 - STARLINK-6319,21588.156,25230.709,3642.553,
Contact STARLINK-4328 - STARLINK-6319,35959.336,39602.888,3643.552,
Contact STARLINK-4328 - STARLINK-6319,50331.198,51100.968,769.770,
Contact STARLINK-4328 - STARLINK-6319,64702.515,65473.754,771.238,
Contact STARLINK-4328 - STARLINK-6319,79074.182,79846.140,771.958,
Contact STARLINK-4328 - STARLINK-4522,28740.431,29382.226,641.795,
Contact STARLINK-4328 - STARLINK-4522,43054.711,43737.529,682.817,
Contact STARLINK-4328 - STARLINK-4522,57382.540,58080.628,698.088,
Contact STARLINK-4328 - STARLINK-4522,71700.991,72431.631,730.640,
Contact STARLINK-4328 - STARLINK-4522,86031.940,86400.000,368.060,
Contact STARLINK-4328 - MoonARTEMIS1,2951.447,6575.665,3624.217,
Contact STARLINK-4328 - MoonARTEMIS1,8710.676,12339.610,3628.934,
Contact STARLINK-4328 - MoonARTEMIS1,14467.737,23863.015,9395.278,
Contact STARLINK-4328 - MoonARTEMIS1,25980.479,35384.367,9403.888,
Contact STARLINK-4328 - MoonARTEMIS1,37492.643,41144.622,3651.978,
Contact STARLINK-4328 - MoonARTEMIS1,43248.655,52664.557,9415.902,
Contact STARLINK-4328 - MoonARTEMIS1,54760.696,64183.934,9423.238,
Contact STARLINK-4328 - MoonARTEMIS1,66272.946,69943.480,3670.534,
Contact STARLINK-4328 - MoonARTEMIS1,72029.229,81462.461,9433.233,
Contact STARLINK-4328 - MoonARTEMIS1,83542.370,86400.000,2857.630,
Contact STARLINK-4328 - MoonARTEMIS2,0.000,6574.747,6574.747,
Contact STARLINK-4328 - MoonARTEMIS2,8715.866,12333.467,3617.601,
Contact STARLINK-4328 - MoonARTEMIS2,14471.833,23851.288,9379.455,
Contact STARLINK-4328 - MoonARTEMIS2,25982.358,33021.729,7039.371,
Contact STARLINK-4328 - MoonARTEMIS2,37494.589,41139.921,3645.332,
Contact STARLINK-4328 - MoonARTEMIS2,43254.817,52664.260,9409.444,
Contact STARLINK-4328 - MoonARTEMIS2,54773.026,64187.042,9414.017,
Contact STARLINK-4328 - MoonARTEMIS2,66289.511,69948.216,3658.705,
Contact STARLINK-4328 - MoonARTEMIS2,72047.254,81470.337,9423.084,
Contact STARLINK-4328 - MoonARTEMIS2,83561.802,86400.000,2838.198,
Contact STARLINK-4328 - MoonIOAGEO,0.000,3829.767,3829.767,
Contact STARLINK-4328 - MoonIOAGEO,8709.713,12338.493,3628.780,
Contact STARLINK-4328 - MoonIOAGEO,14468.391,23857.221,9388.831,
Contact STARLINK-4328 - MoonIOAGEO,25981.647,35368.786,9387.140,
Contact STARLINK-4328 - MoonIOAGEO,37491.869,41128.440,3636.571,
Contact STARLINK-4328 - MoonIOAGEO,43248.435,46892.067,3643.632,
Contact STARLINK-4328 - MoonIOAGEO,54764.748,64184.180,9419.432,
Contact STARLINK-4328 - MoonIOAGEO,66279.601,69941.196,3661.595,
Contact STARLINK-4328 - MoonIOAGEO,72035.073,81454.320,9419.246,
Contact STARLINK-4328 - MoonIOAGEO,83545.061,86400.000,2854.939,
Contact STARLINK-4328 - MoonIOAGNO,0.000,6578.512,6578.512,
Contact STARLINK-4328 - MoonIOAGNO,8706.929,12330.091,3623.162,
Contact STARLINK-4328 - MoonIOAGNO,14468.138,23866.726,9398.588,
Contact STARLINK-4328 - MoonIOAGNO,25997.902,35391.601,9393.699,
Contact STARLINK-4328 - MoonIOAGNO,37511.608,41149.759,3638.151,
Contact STARLINK-4328 - MoonIOAGNO,43263.175,52653.562,9390.387,
Contact STARLINK-4328 - MoonIOAGNO,54759.867,64186.464,9426.597,
Contact STARLINK-4328 - MoonIOAGNO,66293.943,69952.890,3658.947,
Contact STARLINK-4328 - MoonIOAGNO,72053.928,81477.771,9423.843,
Contact STARLINK-4328 - MoonIOAGNO,83562.890,86400.000,2837.110,
Contact STARLINK-4328 - MoonIOAGNO 0001,0.000,6590.905,6590.905,
Contact STARLINK-4328 - MoonIOAGNO 0001,8728.300,12352.047,3623.747,
Contact STARLINK-4328 - MoonIOAGNO 0001,14484.597,23865.108,9380.512,
Contact STARLINK-4328 - MoonIOAGNO 0001,25986.283,35372.226,9385.944,
Contact STARLINK-4328 - MoonIOAGNO 0001,37499.200,41142.004,3642.804,
Contact STARLINK-4328 - MoonIOAGNO 0001,43265.158,52672.354,9407.196,
Contact STARLINK-4328 - MoonIOAGNO 0001,54783.759,64191.535,9407.775,
Contact STARLINK-4328 - MoonIOAGNO 0001,66287.926,69945.762,3657.836,
Contact STARLINK-4328 - MoonIOAGNO 0001,72033.886,81464.256,9430.370,
Contact STARLINK-4328 - MoonIOAGNO 0001,83558.660,86400.000,2841.340,
Contact STARLINK-4328 - MoonIOAGSO,0.000,6571.137,6571.137,
Contact STARLINK-4328 - MoonIOAGSO,9454.866,12338.390,2883.524,
Contact STARLINK-4328 - MoonIOAGSO,14464.383,23834.232,9369.849,
Contact STARLINK-4328 - MoonIOAGSO,25959.508,35349.627,9390.119,
Contact STARLINK-4328 - MoonIOAGSO,37472.989,41113.939,3640.951,
Contact STARLINK-4328 - MoonIOAGSO,43235.698,52659.609,9423.910,
Contact STARLINK-4328 - MoonIOAGSO,54769.299,64162.323,9393.024,
Contact STARLINK-4328 - MoonIOAGSO,66258.990,69915.862,3656.872,
Contact STARLINK-4328 - MoonIOAGSO,72011.174,81436.916,9425.742,
Contact STARLINK-4328 - MoonIOAGSO,83527.956,86400.000,2872.044,
Contact STARLINK-4328 - MoonIOAGSO 0001,0.000,6551.327,6551.327,
Contact STARLINK-4328 - MoonIOAGSO 0001,8686.833,12309.918,3623.085,
Contact STARLINK-4328 - MoonIOAGSO 0001,14444.773,23840.334,9395.561,
Contact STARLINK-4328 - MoonIOAGSO 0001,25972.864,35375.153,9402.289,
Contact STARLINK-4328 - MoonIOAGSO 0001,37488.342,41121.672,3633.331,
Contact STARLINK-4328 - MoonIOAGSO 0001,43234.318,52630.557,9396.240,
Contact STARLINK-4328 - MoonIOAGSO 0001,54741.186,64157.826,9416.640,
Contact STARLINK-4328 - MoonIOAGSO 0001,66264.408,69929.791,3665.383,
Contact STARLINK-4328 - MoonIOAGSO 0001,72033.147,81456.138,9422.991,
Contact STARLINK-4328 - MoonIOAGSO 0001,83534.951,86400.000,2865.049,
Contact STARLINK-4328 - MoonLRO,2949.306,4168.527,1219.221,
Contact STARLINK-4328 - MoonLRO,8710.653,10973.628,2262.974,
Contact STARLINK-4328 - MoonLRO,20751.537,23849.790,3098.253,
Contact STARLINK-4328 - MoonLRO,27564.434,29613.272,2048.838,
Contact STARLINK-4328 - MoonLRO,49011.283,51939.946,2928.662,
Contact STARLINK-4328 - MoonLRO,54898.396,58412.011,3513.615,
Contact STARLINK-4328 - MoonLRO,75342.752,79287.516,3944.764,
Contact STARLINK-4328 - MarsSat1,0.000,3538.986,3538.986,
Contact STARLINK-4328 - MarsSat1,5611.999,9291.974,3679.976,
Contact STARLINK-4328 - MarsSat1,11364.826,20797.937,9433.112,
Contact STARLINK-4328 - MarsSat1,22870.459,32303.877,9433.418,
Contact STARLINK-4328 - MarsSat1,34376.071,38056.839,3680.768,
Contact STARLINK-4328 - MarsSat1,40128.874,49562.756,9433.881,
Contact STARLINK-4328 - MarsSat1,51634.486,61068.676,9434.190,
Contact STARLINK-4328 - MarsSat1,63140.113,66821.640,3681.527,
Contact STARLINK-4328 - MarsSat1,68892.931,78327.579,9434.648,
Contact STARLINK-4328 - MarsSat1,80398.572,86400.000,6001.428,
Contact STARLINK-4328 - MarsSat2,0.000,3538.888,3538.888,
Contact STARLINK-4328 - MarsSat2,5611.909,9291.872,3679.963,
Contact STARLINK-4328 - MarsSat2,11364.745,20797.841,9433.096,
Contact STARLINK-4328 - MarsSat2,22870.415,32303.810,9433.395,
Contact STARLINK-4328 - MarsSat2,34376.080,38056.793,3680.713,
Contact STARLINK-4328 - MarsSat2,40128.911,49562.758,9433.847,
Contact STARLINK-4328 - MarsSat2,51634.566,61068.719,9434.153,
Contact STARLINK-4328 - MarsSat2,63140.214,66821.697,3681.484,
Contact STARLINK-4328 - MarsSat2,68893.034,78327.649,9434.615,
Contact STARLINK-4328 - MarsSat2,80398.666,86400.000,6001.334,
Contact STARLINK-4328 - MarsSat3,0.000,3538.914,3538.914,
Contact STARLINK-4328 - MarsSat3,5611.930,9291.907,3679.977,
Contact STARLINK-4328 - MarsSat3,11364.775,20797.900,9433.125,
Contact STARLINK-4328 - MarsSat3,22870.464,32303.891,9433.427,
Contact STARLINK-4328 - MarsSat3,34376.138,38056.881,3680.743,
Contact STARLINK-4328 - MarsSat3,40128.965,49562.839,9433.874,
Contact STARLINK-4328 - MarsSat3,51634.589,61068.748,9434.159,
Contact STARLINK-4328 - MarsSat3,63140.161,66821.680,3681.519,
Contact STARLINK-4328 - MarsSat3,68892.932,78327.542,9434.610,
Contact STARLINK-4328 - MarsSat3,80398.503,86400.000,6001.497,
Contact STARLINK-4328 - MarsSat4,0.000,3538.991,3538.991,
Contact STARLINK-4328 - MarsSat4,5612.002,9291.990,3679.989,
Contact STARLINK-4328 - MarsSat4,11364.831,20797.899,9433.068,
Contact STARLINK-4328 - MarsSat4,22870.411,32303.852,9433.441,
Contact STARLINK-4328 - MarsSat4,34376.094,38056.852,3680.757,
Contact STARLINK-4328 - MarsSat4,40128.929,49562.789,9433.860,
Contact STARLINK-4328 - MarsSat4,51634.515,61068.683,9434.168,
Contact STARLINK-4328 - MarsSat4,63140.144,66821.677,3681.532,
Contact STARLINK-4328 - MarsSat4,68892.981,78327.634,9434.653,
Contact STARLINK-4328 - MarsSat4,80398.588,86400.000,6001.412,
Contact STARLINK-2214 - STARLINK-11136 [DTC],50358.442,56943.054,6584.612,
Contact STARLINK-2214 - STARLINK-11136 [DTC],58343.910,65566.096,7222.187,
Contact STARLINK-2214 - STARLINK-11136 [DTC],72257.490,82016.209,9758.719,
Contact STARLINK-2214 - STARLINK-31325,3058.498,10190.310,7131.812,
Contact STARLINK-2214 - STARLINK-31325,11553.353,18742.322,7188.968,
Contact STARLINK-2214 - STARLINK-31325,25756.419,32942.863,7186.444,
Contact STARLINK-2214 - STARLINK-31325,39986.506,49944.070,9957.564,
Contact STARLINK-2214 - STARLINK-31325,57117.922,64081.485,6963.564,
Contact STARLINK-2214 - STARLINK-31325,71442.943,72530.681,1087.738,
Contact STARLINK-2214 - STARLINK-31325,85801.254,86400.000,598.746,
Contact STARLINK-2214 - STARLINK-11092 [DTC],3254.608,4016.771,762.163,
Contact STARLINK-2214 - STARLINK-11072 [DTC],3584.100,4330.500,746.401,
Contact STARLINK-2214 - STARLINK-11072 [DTC],17424.567,18476.992,1052.425,
Contact STARLINK-2214 - STARLINK-11072 [DTC],28712.150,29578.166,866.015,
Contact STARLINK-2214 - STARLINK-5176,3585.332,3896.850,311.518,
Contact STARLINK-2214 - STARLINK-5176,17882.235,18193.864,311.628,
Contact STARLINK-2214 - STARLINK-5176,32197.038,32473.800,276.761,
Contact STARLINK-2214 - STARLINK-2042,116.635,10584.317,10467.682,
Contact STARLINK-2214 - STARLINK-2042,14425.777,24894.893,10469.116,
Contact STARLINK-2214 - STARLINK-2042,25866.900,39182.220,13315.320,
Contact STARLINK-2214 - STARLINK-2042,40160.594,53491.556,13330.962,
Contact STARLINK-2214 - STARLINK-2042,54471.264,67777.758,13306.494,
Contact STARLINK-2214 - STARLINK-2042,68766.062,82085.874,13319.812,
Contact STARLINK-2214 - STARLINK-2042,83077.829,86400.000,3322.171,
Contact STARLINK-2214 - STARLINK-5503,50261.267,50692.774,431.508,
Contact STARLINK-2214 - STARLINK-5503,64507.633,65122.407,614.774,
Contact STARLINK-2214 - STARLINK-5503,78789.005,79517.509,728.505,
Contact STARLINK-2214 - STARLINK-6319,0.000,86400.000,86400.000,
Contact STARLINK-2214 - MoonARTEMIS1,3131.266,6902.119,3770.853,
Contact STARLINK-2214 - MoonARTEMIS1,8886.181,12632.559,3746.378,
Contact STARLINK-2214 - MoonARTEMIS1,14634.436,24085.924,9451.488,
Contact STARLINK-2214 - MoonARTEMIS1,26113.948,35534.899,9420.951,
Contact STARLINK-2214 - MoonARTEMIS1,37582.700,41258.388,3675.688,
Contact STARLINK-2214 - MoonARTEMIS1,43314.563,52703.871,9389.308,
Contact STARLINK-2214 - MoonARTEMIS1,54774.598,64147.670,9373.071,
Contact STARLINK-2214 - MoonARTEMIS1,66230.693,75589.909,9359.216,
Contact STARLINK-2214 - MoonARTEMIS1,77683.536,81310.416,3626.880,
Contact STARLINK-2214 - MoonARTEMIS1,83408.860,86400.000,2991.140,
Contact STARLINK-2214 - MoonARTEMIS2,0.000,6877.139,6877.139,
Contact STARLINK-2214 - MoonARTEMIS2,8838.367,12602.575,3764.209,
Contact STARLINK-2214 - MoonARTEMIS2,14577.393,24056.558,9479.165,
Contact STARLINK-2214 - MoonARTEMIS2,26059.348,33009.170,6949.822,
Contact STARLINK-2214 - MoonARTEMIS2,37557.807,41242.039,3684.233,
Contact STARLINK-2214 - MoonARTEMIS2,43289.350,52681.046,9391.697,
Contact STARLINK-2214 - MoonARTEMIS2,54746.286,64121.389,9375.103,
Contact STARLINK-2214 - MoonARTEMIS2,66201.915,75563.255,9361.340,
Contact STARLINK-2214 - MoonARTEMIS2,77657.317,81284.747,3627.430,
Contact STARLINK-2214 - MoonARTEMIS2,83385.023,86400.000,3014.977,
Contact STARLINK-2214 - MoonIOAGEO,0.000,3818.400,3818.400,
Contact STARLINK-2214 - MoonIOAGEO,8881.020,12628.743,3747.723,
Contact STARLINK-2214 - MoonIOAGEO,14624.439,24072.373,9447.935,
Contact STARLINK-2214 - MoonIOAGEO,26084.254,35512.356,9428.102,
Contact STARLINK-2214 - MoonIOAGEO,37535.995,41236.072,3700.077,
Contact STARLINK-2214 - MoonIOAGEO,43272.024,46962.288,3690.264,
Contact STARLINK-2214 - MoonIOAGEO,54754.158,64136.222,9382.064,
Contact STARLINK-2214 - MoonIOAGEO,66217.239,75575.297,9358.057,
Contact STARLINK-2214 - MoonIOAGEO,77662.780,81296.903,3634.123,
Contact STARLINK-2214 - MoonIOAGEO,83390.674,86400.000,3009.326,
Contact STARLINK-2214 - MoonIOAGNO,0.000,6904.162,6904.162,
Contact STARLINK-2214 - MoonIOAGNO,8884.575,12624.544,3739.969,
Contact STARLINK-2214 - MoonIOAGNO,14598.639,24046.070,9447.432,
Contact STARLINK-2214 - MoonIOAGNO,26056.490,35495.244,9438.754,
Contact STARLINK-2214 - MoonIOAGNO,37534.191,41225.646,3691.455,
Contact STARLINK-2214 - MoonIOAGNO,43276.265,52693.246,9416.981,
Contact STARLINK-2214 - MoonIOAGNO,54749.240,64112.460,9363.220,
Contact STARLINK-2214 - MoonIOAGNO,66186.443,75556.195,9369.751,
Contact STARLINK-2214 - MoonIOAGNO,77651.325,81284.190,3632.865,
Contact STARLINK-2214 - MoonIOAGNO,83388.176,86400.000,3011.824,
Contact STARLINK-2214 - MoonIOAGNO 0001,0.000,6874.003,6874.003,
Contact STARLINK-2214 - MoonIOAGNO 0001,8852.878,12600.188,3747.311,
Contact STARLINK-2214 - MoonIOAGNO 0001,14595.387,24063.822,9468.435,
Contact STARLINK-2214 - MoonIOAGNO 0001,26084.690,35512.225,9427.536,
Contact STARLINK-2214 - MoonIOAGNO 0001,37534.016,41221.118,3687.102,
Contact STARLINK-2214 - MoonIOAGNO 0001,43258.818,52662.431,9403.612,
Contact STARLINK-2214 - MoonIOAGNO 0001,54726.375,64120.617,9394.242,
Contact STARLINK-2214 - MoonIOAGNO 0001,66205.056,75584.471,9379.414,
Contact STARLINK-2214 - MoonIOAGNO 0001,77668.093,81289.857,3621.763,
Contact STARLINK-2214 - MoonIOAGNO 0001,83382.642,86400.000,3017.358,
Contact STARLINK-2214 - MoonIOAGSO,0.000,6899.827,6899.827,
Contact STARLINK-2214 - MoonIOAGSO,9278.512,12623.431,3344.919,
Contact STARLINK-2214 - MoonIOAGSO,14617.615,24090.604,9472.989,
Contact STARLINK-2214 - MoonIOAGSO,26090.168,35535.685,9445.517,
Contact STARLINK-2214 - MoonIOAGSO,37551.673,41252.981,3701.309,
Contact STARLINK-2214 - MoonIOAGSO,43280.512,51835.381,8554.869,
Contact STARLINK-2214 - MoonIOAGSO,54746.543,64147.924,9401.381,
Contact STARLINK-2214 - MoonIOAGSO,66221.786,75596.764,9374.979,
Contact STARLINK-2214 - MoonIOAGSO,77678.802,81316.049,3637.248,
Contact STARLINK-2214 - MoonIOAGSO,83404.366,86400.000,2995.634,
Contact STARLINK-2214 - MoonIOAGSO 0001,0.000,6923.941,6923.941,
Contact STARLINK-2214 - MoonIOAGSO 0001,8879.868,12645.404,3765.535,
Contact STARLINK-2214 - MoonIOAGSO 0001,14612.500,24077.751,9465.250,
Contact STARLINK-2214 - MoonIOAGSO 0001,26075.623,35520.058,9444.435,
Contact STARLINK-2214 - MoonIOAGSO 0001,37557.317,41254.729,3697.412,
Contact STARLINK-2214 - MoonIOAGSO 0001,43293.160,52705.960,9412.800,
Contact STARLINK-2214 - MoonIOAGSO 0001,54754.187,64142.715,9388.528,
Contact STARLINK-2214 - MoonIOAGSO 0001,66208.247,75574.148,9365.901,
Contact STARLINK-2214 - MoonIOAGSO 0001,77673.757,81310.570,3636.813,
Contact STARLINK-2214 - MoonIOAGSO 0001,83412.028,86400.000,2987.972,
Contact STARLINK-2214 - MoonLRO,3140.461,4136.687,996.226,
Contact STARLINK-2214 - MoonLRO,8874.011,10982.278,2108.267,
Contact STARLINK-2214 - MoonLRO,20712.940,24075.903,3362.964,
Contact STARLINK-2214 - MoonLRO,27545.887,29795.243,2249.356,
Contact STARLINK-2214 - MoonLRO,49011.799,51976.397,2964.598,
Contact STARLINK-2214 - MoonLRO,54861.202,58414.309,3553.107,
Contact STARLINK-2214 - MoonLRO,71944.036,72431.613,487.576,
Contact STARLINK-2214 - MoonLRO,77672.421,79271.498,1599.077,
Contact STARLINK-2214 - MarsSat1,0.000,21224.640,21224.640,
Contact STARLINK-2214 - MarsSat1,21989.002,49841.925,27852.922,
Contact STARLINK-2214 - MarsSat1,50661.531,78454.365,27792.834,
Contact STARLINK-2214 - MarsSat1,79335.628,86400.000,7064.372,
Contact STARLINK-2214 - MarsSat2,0.000,21225.162,21225.162,
Contact STARLINK-2214 - MarsSat2,21989.199,49841.957,27852.758,
Contact STARLINK-2214 - MarsSat2,50662.392,78454.083,27791.692,
Contact STARLINK-2214 - MarsSat2,79336.115,86400.000,7063.885,
Contact STARLINK-2214 - MarsSat3,0.000,21224.851,21224.851,
Contact STARLINK-2214 - MarsSat3,21989.275,49841.557,27852.282,
Contact STARLINK-2214 - MarsSat3,50662.050,78454.514,27792.465,
Contact STARLINK-2214 - MarsSat3,79335.243,86400.000,7064.757,
Contact STARLINK-2214 - MarsSat4,0.000,21224.841,21224.841,
Contact STARLINK-2214 - MarsSat4,21988.822,49841.786,27852.964,
Contact STARLINK-2214 - MarsSat4,50661.733,78454.127,27792.395,
Contact STARLINK-2214 - MarsSat4,79335.477,86400.000,7064.523,
Contact STARLINK-5737 - STARLINK-11092 [DTC],39495.604,40224.498,728.894,
Contact STARLINK-5737 - STARLINK-11092 [DTC],53451.759,54351.719,899.960,
Contact STARLINK-5737 - STARLINK-11092 [DTC],64758.594,65511.053,752.459,
Contact STARLINK-5737 - STARLINK-11072 [DTC],78905.925,79751.394,845.469,
Contact STARLINK-5737 - MoonARTEMIS1,944.421,9847.105,8902.684,
Contact STARLINK-5737 - MoonARTEMIS1,12014.364,21381.850,9367.486,
Contact STARLINK-5737 - MoonARTEMIS1,23543.934,27144.726,3600.792,
Contact STARLINK-5737 - MoonARTEMIS1,29305.086,38665.907,9360.821,
Contact STARLINK-5737 - MoonARTEMIS1,40823.402,50182.934,9359.532,
Contact STARLINK-5737 - MoonARTEMIS1,52338.039,55940.276,3602.237,
Contact STARLINK-5737 - MoonARTEMIS1,58094.326,67453.049,9358.723,
Contact STARLINK-5737 - MoonARTEMIS1,69605.257,78963.650,9358.392,
Contact STARLINK-5737 - MoonARTEMIS1,81114.436,84718.279,3603.843,
Contact STARLINK-5737 - MoonARTEMIS2,459.412,9811.432,9352.020,
Contact STARLINK-5737 - MoonARTEMIS2,11976.834,21333.059,9356.224,
Contact STARLINK-5737 - MoonARTEMIS2,23497.872,27096.888,3599.016,
Contact STARLINK-5737 - MoonARTEMIS2,29262.011,38642.229,9380.218,
Contact STARLINK-5737 - MoonARTEMIS2,40803.625,50160.947,9357.322,
Contact STARLINK-5737 - MoonARTEMIS2,52320.846,55918.665,3597.818,
Contact STARLINK-5737 - MoonARTEMIS2,58078.300,67433.753,9355.453,
Contact STARLINK-5737 - MoonARTEMIS2,69592.769,78949.093,9356.323,
Contact STARLINK-5737 - MoonARTEMIS2,81107.228,84706.970,3599.742,
Contact STARLINK-5737 - MoonIOAGEO,470.105,3648.997,3178.892,
Contact STARLINK-5737 - MoonIOAGEO,12008.244,21365.012,9356.768,
Contact STARLINK-5737 - MoonIOAGEO,23524.196,27114.282,3590.086,
Contact STARLINK-5737 - MoonIOAGEO,29272.027,38617.437,9345.410,
Contact STARLINK-5737 - MoonIOAGEO,40778.771,47905.727,7126.956,
Contact STARLINK-5737 - MoonIOAGEO,52315.179,55922.957,3607.778,
Contact STARLINK-5737 - MoonIOAGEO,58082.994,67440.777,9357.783,
Contact STARLINK-5737 - MoonIOAGEO,69593.892,78939.384,9345.493,
Contact STARLINK-5737 - MoonIOAGEO,81093.518,84698.082,3604.565,
Contact STARLINK-5737 - MoonIOAGNO,490.929,9837.137,9346.208,
Contact STARLINK-5737 - MoonIOAGNO,11993.368,21347.038,9353.671,
Contact STARLINK-5737 - MoonIOAGNO,23512.079,27110.822,3598.743,
Contact STARLINK-5737 - MoonIOAGNO,29275.572,38638.592,9363.020,
Contact STARLINK-5737 - MoonIOAGNO,40801.025,50159.875,9358.850,
Contact STARLINK-5737 - MoonIOAGNO,52314.891,55906.331,3591.440,
Contact STARLINK-5737 - MoonIOAGNO,58062.945,67425.618,9362.673,
Contact STARLINK-5737 - MoonIOAGNO,69586.294,78954.064,9367.770,
Contact STARLINK-5737 - MoonIOAGNO,81112.600,84718.196,3605.596,
Contact STARLINK-5737 - MoonIOAGNO 0001,475.721,9837.137,9361.417,
Contact STARLINK-5737 - MoonIOAGNO 0001,12002.776,21363.088,9360.313,
Contact STARLINK-5737 - MoonIOAGNO 0001,23525.837,27122.453,3596.617,
Contact STARLINK-5737 - MoonIOAGNO 0001,29281.452,38623.558,9342.106,
Contact STARLINK-5737 - MoonIOAGNO 0001,40786.059,50149.645,9363.586,
Contact STARLINK-5737 - MoonIOAGNO 0001,52312.257,55913.851,3601.595,
Contact STARLINK-5737 - MoonIOAGNO 0001,58075.319,67440.316,9364.997,
Contact STARLINK-5737 - MoonIOAGNO 0001,69597.101,78944.980,9347.879,
Contact STARLINK-5737 - MoonIOAGNO 0001,81100.283,84703.773,3603.490,
Contact STARLINK-5737 - MoonIOAGSO,462.922,8048.345,7585.423,
Contact STARLINK-5737 - MoonIOAGSO,12003.616,21345.251,9341.635,
Contact STARLINK-5737 - MoonIOAGSO,23503.526,27098.031,3594.505,
Contact STARLINK-5737 - MoonIOAGSO,29256.442,38612.607,9356.165,
Contact STARLINK-5737 - MoonIOAGSO,40772.379,50144.728,9372.349,
Contact STARLINK-5737 - MoonIOAGSO,52464.648,55917.735,3453.087,
Contact STARLINK-5737 - MoonIOAGSO,58073.585,67422.044,9348.459,
Contact STARLINK-5737 - MoonIOAGSO,69574.277,78933.547,9359.270,
Contact STARLINK-5737 - MoonIOAGSO,81086.235,84694.014,3607.778,
Contact STARLINK-5737 - MoonIOAGSO 0001,469.411,9816.003,9346.592,
Contact STARLINK-5737 - MoonIOAGSO 0001,11977.174,21335.970,9358.796,
Contact STARLINK-5737 - MoonIOAGSO 0001,23499.511,27103.222,3603.711,
Contact STARLINK-5737 - MoonIOAGSO 0001,30948.205,38631.763,7683.558,
Contact STARLINK-5737 - MoonIOAGSO 0001,40787.806,50136.464,9348.658,
Contact STARLINK-5737 - MoonIOAGSO 0001,52292.004,55892.883,3600.880,
Contact STARLINK-5737 - MoonIOAGSO 0001,58048.861,67416.543,9367.682,
Contact STARLINK-5737 - MoonIOAGSO 0001,69575.988,78957.777,9381.789,
Contact STARLINK-5737 - MoonIOAGSO 0001,81109.307,84709.985,3600.678,
Contact STARLINK-5737 - MoonLRO,481.995,9833.090,9351.094,
Contact STARLINK-5737 - MoonLRO,13897.633,15593.979,1696.346,
Contact STARLINK-5737 - MoonLRO,35035.412,38293.045,3257.633,
Contact STARLINK-5737 - MoonLRO,41227.217,44390.479,3163.263,
Contact STARLINK-5737 - MoonLRO,63829.309,65617.257,1787.949,
Contact STARLINK-5737 - MoonLRO,69590.424,78950.928,9360.504,
Contact STARLINK-5737 - MoonLRO,82195.777,84712.410,2516.633,
Contact STARLINK-5737 - MarsSat1,0.000,6434.371,6434.371,
Contact STARLINK-5737 - MarsSat1,8562.801,17924.377,9361.576,
Contact STARLINK-5737 - MarsSat1,20053.226,23669.369,3616.143,
Contact STARLINK-5737 - MarsSat1,25798.411,35159.351,9360.940,
Contact STARLINK-5737 - MarsSat1,37288.744,46649.353,9360.609,
Contact STARLINK-5737 - MarsSat1,48779.049,52394.367,3615.317,
Contact STARLINK-5737 - MarsSat1,54524.194,63884.413,9360.219,
Contact STARLINK-5737 - MarsSat1,66014.458,75374.465,9360.007,
Contact STARLINK-5737 - MarsSat1,77504.667,81119.485,3614.818,
Contact STARLINK-5737 - MarsSat1,83249.742,86400.000,3150.258,
Contact STARLINK-5737 - MarsSat2,0.000,6434.342,6434.342,
Contact STARLINK-5737 - MarsSat2,8562.790,17924.417,9361.627,
Contact STARLINK-5737 - MarsSat2,20053.288,23669.448,3616.160,
Contact STARLINK-5737 - MarsSat2,25798.512,35159.501,9360.988,
Contact STARLINK-5737 - MarsSat2,37288.910,46649.540,9360.630,
Contact STARLINK-5737 - MarsSat2,48779.240,52394.554,3615.314,
Contact STARLINK-5737 - MarsSat2,54524.381,63884.575,9360.194,
Contact STARLINK-5737 - MarsSat2,66014.613,75374.585,9359.973,
Contact STARLINK-5737 - MarsSat2,77504.779,81119.587,3614.808,
Contact STARLINK-5737 - MarsSat2,83249.838,86400.000,3150.162,
Contact STARLINK-5737 - MarsSat3,0.000,6434.338,6434.338,
Contact STARLINK-5737 - MarsSat3,8562.785,17924.418,9361.633,
Contact STARLINK-5737 - MarsSat3,20053.286,23669.447,3616.161,
Contact STARLINK-5737 - MarsSat3,25798.505,35159.479,9360.975,
Contact STARLINK-5737 - MarsSat3,37288.877,46649.474,9360.597,
Contact STARLINK-5737 - MarsSat3,48779.159,52394.457,3615.298,
Contact STARLINK-5737 - MarsSat3,54524.266,63884.405,9360.138,
Contact STARLINK-5737 - MarsSat3,66014.429,75374.385,9359.956,
Contact STARLINK-5737 - MarsSat3,77504.583,81119.401,3614.817,
Contact STARLINK-5737 - MarsSat3,83249.662,86400.000,3150.338,
Contact STARLINK-5737 - MarsSat4,0.000,6434.358,6434.358,
Contact STARLINK-5737 - MarsSat4,8562.786,17924.342,9361.556,
Contact STARLINK-5737 - MarsSat4,20053.192,23669.356,3616.164,
Contact STARLINK-5737 - MarsSat4,25798.424,35159.437,9361.013,
Contact STARLINK-5737 - MarsSat4,37288.839,46649.423,9360.584,
Contact STARLINK-5737 - MarsSat4,48779.103,52394.397,3615.294,
Contact STARLINK-5737 - MarsSat4,54524.220,63884.460,9360.240,
Contact STARLINK-5737 - MarsSat4,66014.503,75374.463,9359.961,
Contact STARLINK-5737 - MarsSat4,77504.646,81119.432,3614.786,
Contact STARLINK-5737 - MarsSat4,83249.671,86400.000,3150.329,
Contact STARLINK-3506 - STARLINK-11136 [DTC],0.000,77.114,77.114,
Contact STARLINK-3506 - STARLINK-11136 [DTC],10256.982,11246.572,989.590,
Contact STARLINK-3506 - STARLINK-31325,2986.659,3610.978,624.319,
Contact STARLINK-3506 - STARLINK-5628,78827.884,79215.843,387.960,
Contact STARLINK-3506 - STARLINK-11072 [DTC],0.000,3900.888,3900.888,
Contact STARLINK-3506 - STARLINK-11072 [DTC],14149.283,14809.681,660.397,
Contact STARLINK-3506 - STARLINK-5176,0.000,86400.000,86400.000,
Contact STARLINK-3506 - STARLINK-2042,28683.891,29305.168,621.278,
Contact STARLINK-3506 - STARLINK-2042,42975.284,43608.468,633.185,
Contact STARLINK-3506 - STARLINK-2042,57252.351,57925.709,673.358,
Contact STARLINK-3506 - STARLINK-2042,71544.537,72228.147,683.610,
Contact STARLINK-3506 - STARLINK-2042,85823.247,86400.000,576.753,
Contact STARLINK-3506 - STARLINK-4522,7180.533,7880.664,700.131,
Contact STARLINK-3506 - STARLINK-4522,21463.102,22166.926,703.824,
Contact STARLINK-3506 - STARLINK-4522,35747.272,36452.136,704.865,
Contact STARLINK-3506 - STARLINK-4522,50029.848,50738.334,708.486,
Contact STARLINK-3506 - STARLINK-4522,64313.981,65023.522,709.541,
Contact STARLINK-3506 - STARLINK-4522,78596.563,79309.655,713.091,
Contact STARLINK-3506 - MoonARTEMIS1,4925.193,20162.925,15237.732,
Contact STARLINK-3506 - MoonARTEMIS1,22182.912,31631.148,9448.236,
Contact STARLINK-3506 - MoonARTEMIS1,33662.926,43093.415,9430.489,
Contact STARLINK-3506 - MoonARTEMIS1,45135.316,48823.036,3687.720,
Contact STARLINK-3506 - MoonARTEMIS1,50869.503,60280.009,9410.506,
Contact STARLINK-3506 - MoonARTEMIS1,62334.787,71734.613,9399.826,
Contact STARLINK-3506 - MoonARTEMIS1,73796.763,77461.228,3664.465,
Contact STARLINK-3506 - MoonARTEMIS1,79526.765,86400.000,6873.235,
Contact STARLINK-3506 - MoonARTEMIS2,0.000,2920.618,2920.618,
Contact STARLINK-3506 - MoonARTEMIS2,4896.029,14387.414,9491.386,
Contact STARLINK-3506 - MoonARTEMIS2,16376.824,20121.421,3744.597,
Contact STARLINK-3506 - MoonARTEMIS2,22119.074,31595.341,9476.268,
Contact STARLINK-3506 - MoonARTEMIS2,34882.963,43077.762,8194.800,
Contact STARLINK-3506 - MoonARTEMIS2,45110.943,48809.579,3698.636,
Contact STARLINK-3506 - MoonARTEMIS2,50846.441,60270.497,9424.056,
Contact STARLINK-3506 - MoonARTEMIS2,62315.265,71729.797,9414.533,
Contact STARLINK-3506 - MoonARTEMIS2,73782.938,77459.059,3676.122,
Contact STARLINK-3506 - MoonARTEMIS2,79516.523,86400.000,6883.477,
Contact STARLINK-3506 - MoonIOAGEO,0.000,2933.290,2933.290,
Contact STARLINK-3506 - MoonIOAGEO,10680.257,20150.885,9470.627,
Contact STARLINK-3506 - MoonIOAGEO,22159.725,31595.745,9436.020,
Contact STARLINK-3506 - MoonIOAGEO,33608.645,43055.487,9446.842,
Contact STARLINK-3506 - MoonIOAGEO,45085.662,47729.347,2643.685,
Contact STARLINK-3506 - MoonIOAGEO,51937.560,60273.944,8336.384,
Contact STARLINK-3506 - MoonIOAGEO,62325.260,71723.535,9398.276,
Contact STARLINK-3506 - MoonIOAGEO,73776.907,77444.689,3667.782,
Contact STARLINK-3506 - MoonIOAGEO,79502.179,86400.000,6897.821,
Contact STARLINK-3506 - MoonIOAGNO,0.000,2954.356,2954.356,
Contact STARLINK-3506 - MoonIOAGNO,4942.049,14399.009,9456.960,
Contact STARLINK-3506 - MoonIOAGNO,16394.605,20138.680,3744.075,
Contact STARLINK-3506 - MoonIOAGNO,22134.935,31615.630,9480.695,
Contact STARLINK-3506 - MoonIOAGNO,33622.921,43081.589,9458.668,
Contact STARLINK-3506 - MoonIOAGNO,45107.599,48807.921,3700.322,
Contact STARLINK-3506 - MoonIOAGNO,50843.055,60258.589,9415.534,
Contact STARLINK-3506 - MoonIOAGNO,62298.522,71732.229,9433.708,
Contact STARLINK-3506 - MoonIOAGNO,73779.952,77466.107,3686.155,
Contact STARLINK-3506 - MoonIOAGNO,79520.773,86400.000,6879.227,
Contact STARLINK-3506 - MoonIOAGNO 0001,0.000,2945.246,2945.246,
Contact STARLINK-3506 - MoonIOAGNO 0001,4921.516,20154.658,15233.143,
Contact STARLINK-3506 - MoonIOAGNO 0001,22156.144,31602.175,9446.031,
Contact STARLINK-3506 - MoonIOAGNO 0001,33617.419,43069.289,9451.869,
Contact STARLINK-3506 - MoonIOAGNO 0001,45088.926,48807.029,3718.104,
Contact STARLINK-3506 - MoonIOAGNO 0001,50831.525,60275.422,9443.897,
Contact STARLINK-3506 - MoonIOAGNO 0001,62315.554,71729.427,9413.873,
Contact STARLINK-3506 - MoonIOAGNO 0001,73786.197,77448.642,3662.444,
Contact STARLINK-3506 - MoonIOAGNO 0001,79508.788,86400.000,6891.212,
Contact STARLINK-3506 - MoonIOAGSO,0.000,2921.251,2921.251,
Contact STARLINK-3506 - MoonIOAGSO,4916.686,20124.581,15207.895,
Contact STARLINK-3506 - MoonIOAGSO,22137.189,31574.437,9437.248,
Contact STARLINK-3506 - MoonIOAGSO,33600.661,43043.369,9442.709,
Contact STARLINK-3506 - MoonIOAGSO,45078.365,48787.406,3709.041,
Contact STARLINK-3506 - MoonIOAGSO,52583.233,60256.396,7673.163,
Contact STARLINK-3506 - MoonIOAGSO,62305.085,71698.587,9393.502,
Contact STARLINK-3506 - MoonIOAGSO,73761.338,77426.289,3664.951,
Contact STARLINK-3506 - MoonIOAGSO,79493.912,86400.000,6906.088,
Contact STARLINK-3506 - MoonIOAGSO 0001,0.000,2916.569,2916.569,
Contact STARLINK-3506 - MoonIOAGSO 0001,4915.154,14375.715,9460.561,
Contact STARLINK-3506 - MoonIOAGSO 0001,16385.292,20112.625,3727.333,
Contact STARLINK-3506 - MoonIOAGSO 0001,22126.043,29919.123,7793.081,
Contact STARLINK-3506 - MoonIOAGSO 0001,33629.112,43051.340,9422.228,
Contact STARLINK-3506 - MoonIOAGSO 0001,45086.461,48774.284,3687.823,
Contact STARLINK-3506 - MoonIOAGSO 0001,50816.290,60233.760,9417.469,
Contact STARLINK-3506 - MoonIOAGSO 0001,62285.578,71716.098,9430.520,
Contact STARLINK-3506 - MoonIOAGSO 0001,73779.107,77460.159,3681.052,
Contact STARLINK-3506 - MoonIOAGSO 0001,79522.139,86400.000,6877.861,
Contact STARLINK-3506 - MoonLRO,7078.365,14409.255,7330.890,
Contact STARLINK-3506 - MoonLRO,27885.420,31458.592,3573.172,
Contact STARLINK-3506 - MoonLRO,34404.054,37331.586,2927.532,
Contact STARLINK-3506 - MoonLRO,56572.224,58794.079,2221.855,
Contact STARLINK-3506 - MoonLRO,62310.129,65607.386,3297.257,
Contact STARLINK-3506 - MoonLRO,75376.488,77453.361,2076.873,
Contact STARLINK-3506 - MoonLRO,82188.361,83187.465,999.105,
Contact STARLINK-3506 - MarsSat1,1331.943,16582.509,15250.566,
Contact STARLINK-3506 - MarsSat1,18496.975,28023.592,9526.617,
Contact STARLINK-3506 - MarsSat1,29940.285,39464.580,9524.295,
Contact STARLINK-3506 - MarsSat1,41383.600,45185.047,3801.447,
Contact STARLINK-3506 - MarsSat1,47105.265,56625.932,9520.668,
Contact STARLINK-3506 - MarsSat1,58548.598,68066.734,9518.136,
Contact STARLINK-3506 - MarsSat1,69991.904,73787.091,3795.188,
Contact STARLINK-3506 - MarsSat1,75713.531,85227.695,9514.164,
Contact STARLINK-3506 - MarsSat2,1331.968,16582.569,15250.601,
Contact STARLINK-3506 - MarsSat2,18497.143,28023.759,9526.616,
Contact STARLINK-3506 - MarsSat2,29940.541,39464.824,9524.283,
Contact STARLINK-3506 - MarsSat2,41383.893,45185.310,3801.417,
Contact STARLINK-3506 - MarsSat2,47105.551,56626.185,9520.635,
Contact STARLINK-3506 - MarsSat2,58548.828,68066.934,9518.106,
Contact STARLINK-3506 - MarsSat2,69992.053,73787.261,3795.208,
Contact STARLINK-3506 - MarsSat2,75713.643,85227.817,9514.174,
Contact STARLINK-3506 - MarsSat3,1331.929,16582.564,15250.635,
Contact STARLINK-3506 - MarsSat3,18497.090,28023.740,9526.650,
Contact STARLINK-3506 - MarsSat3,29940.448,39464.764,9524.316,
Contact STARLINK-3506 - MarsSat3,41383.741,45185.217,3801.475,
Contact STARLINK-3506 - MarsSat3,47105.366,56626.006,9520.640,
Contact STARLINK-3506 - MarsSat3,58548.581,68066.671,9518.090,
Contact STARLINK-3506 - MarsSat3,69991.803,73786.987,3795.184,
Contact STARLINK-3506 - MarsSat3,75713.431,85227.594,9514.162,
Contact STARLINK-3506 - MarsSat4,1331.913,16582.464,15250.550,
Contact STARLINK-3506 - MarsSat4,18496.940,28023.648,9526.708,
Contact STARLINK-3506 - MarsSat4,29940.403,39464.713,9524.310,
Contact STARLINK-3506 - MarsSat4,41383.709,45185.154,3801.445,
Contact STARLINK-3506 - MarsSat4,47105.323,56625.976,9520.653,
Contact STARLINK-3506 - MarsSat4,58548.655,68066.786,9518.131,
Contact STARLINK-3506 - MarsSat4,69991.904,73787.100,3795.196,
Contact STARLINK-3506 - MarsSat4,75713.468,85227.585,9514.117,
Contact STARLINK-11136 [DTC] - STARLINK-31325,35874.895,36255.486,380.591,
Contact STARLINK-11136 [DTC] - STARLINK-31325,60718.448,61595.404,876.955,
Contact STARLINK-11136 [DTC] - STARLINK-31325,71871.563,72744.992,873.429,
Contact STARLINK-11136 [DTC] - STARLINK-31325,85895.124,86400.000,504.876,
Contact STARLINK-11136 [DTC] - STARLINK-5628,18725.112,47721.427,28996.315,
Contact STARLINK-11136 [DTC] - STARLINK-5231,67970.785,68661.866,691.081,
Contact STARLINK-11136 [DTC] - STARLINK-5231,79083.333,79977.919,894.586,
Contact STARLINK-11136 [DTC] - STARLINK-5176,0.000,46.713,46.713,
Contact STARLINK-11136 [DTC] - STARLINK-5176,10456.831,11332.294,875.462,
Contact STARLINK-11136 [DTC] - STARLINK-5176,24528.942,25298.273,769.331,
Contact STARLINK-11136 [DTC] - STARLINK-5176,35926.476,36333.762,407.286,
Contact STARLINK-11136 [DTC] - STARLINK-2042,49918.668,50785.882,867.214,
Contact STARLINK-11136 [DTC] - STARLINK-2042,61127.038,64804.056,3677.018,
Contact STARLINK-11136 [DTC] - STARLINK-2042,75302.365,75879.545,577.180,
Contact STARLINK-11136 [DTC] - STARLINK-5503,64783.136,71783.867,7000.730,
Contact STARLINK-11136 [DTC] - STARLINK-5503,72853.634,85747.691,12894.057,
Contact STARLINK-11136 [DTC] - STARLINK-6319,49851.068,50706.149,855.080,
Contact STARLINK-11136 [DTC] - STARLINK-6319,60975.633,64849.213,3873.581,
Contact STARLINK-11136 [DTC] - STARLINK-6319,75174.141,75922.254,748.113,
Contact STARLINK-11136 [DTC] - STARLINK-4522,631.560,10329.901,9698.342,
Contact STARLINK-11136 [DTC] - STARLINK-4522,17494.546,18610.774,1116.228,
Contact STARLINK-11136 [DTC] - MoonARTEMIS1,4903.555,13973.962,9070.407,
Contact STARLINK-11136 [DTC] - MoonARTEMIS1,15987.088,25043.981,9056.892,
Contact STARLINK-11136 [DTC] - MoonARTEMIS1,27049.511,30574.410,3524.898,
Contact STARLINK-11136 [DTC] - MoonARTEMIS1,32577.673,41629.522,9051.848,
Contact STARLINK-11136 [DTC] - MoonARTEMIS1,43630.118,52678.836,9048.718,
Contact STARLINK-11136 [DTC] - MoonARTEMIS1,54678.650,63723.543,9044.893,
Contact STARLINK-11136 [DTC] - MoonARTEMIS1,65724.084,74764.265,9040.181,
Contact STARLINK-11136 [DTC] - MoonARTEMIS1,76766.895,85801.378,9034.483,
Contact STARLINK-11136 [DTC] - MoonARTEMIS2,0.000,2852.022,2852.022,
Contact STARLINK-11136 [DTC] - MoonARTEMIS2,4881.977,13907.378,9025.401,
Contact STARLINK-11136 [DTC] - MoonARTEMIS2,15931.346,24970.385,9039.039,
Contact STARLINK-11136 [DTC] - MoonARTEMIS2,26988.279,30509.482,3521.203,
Contact STARLINK-11136 [DTC] - MoonARTEMIS2,34874.935,41593.871,6718.936,
Contact STARLINK-11136 [DTC] - MoonARTEMIS2,43602.856,52640.373,9037.517,
Contact STARLINK-11136 [DTC] - MoonARTEMIS2,54652.885,63684.652,9031.766,
Contact STARLINK-11136 [DTC] - MoonARTEMIS2,65701.008,74728.926,9027.917,
Contact STARLINK-11136 [DTC] - MoonARTEMIS2,76749.028,85773.652,9024.624,
Contact STARLINK-11136 [DTC] - MoonIOAGEO,0.000,2882.766,2882.766,
Contact STARLINK-11136 [DTC] - MoonIOAGEO,10443.055,13962.936,3519.881,
Contact STARLINK-11136 [DTC] - MoonIOAGEO,15975.984,25006.246,9030.262,
Contact STARLINK-11136 [DTC] - MoonIOAGEO,27011.438,30517.744,3506.306,
Contact STARLINK-11136 [DTC] - MoonIOAGEO,32522.838,41561.799,9038.962,
Contact STARLINK-11136 [DTC] - MoonIOAGEO,43571.542,47099.994,3528.451,
Contact STARLINK-11136 [DTC] - MoonIOAGEO,54652.876,63705.236,9052.360,
Contact STARLINK-11136 [DTC] - MoonIOAGEO,65711.455,74731.927,9020.472,
Contact STARLINK-11136 [DTC] - MoonIOAGEO,76737.394,85775.433,9038.039,
Contact STARLINK-11136 [DTC] - MoonIOAGNO,0.000,2901.318,2901.318,
Contact STARLINK-11136 [DTC] - MoonIOAGNO,4921.007,13932.847,9011.840,
Contact STARLINK-11136 [DTC] - MoonIOAGNO,15947.763,24981.697,9033.934,
Contact STARLINK-11136 [DTC] - MoonIOAGNO,27007.650,30513.374,3505.724,
Contact STARLINK-11136 [DTC] - MoonIOAGNO,32538.784,41581.278,9042.494,
Contact STARLINK-11136 [DTC] - MoonIOAGNO,43599.174,52642.845,9043.670,
Contact STARLINK-11136 [DTC] - MoonIOAGNO,54638.016,63665.920,9027.904,
Contact STARLINK-11136 [DTC] - MoonIOAGNO,65685.388,74723.266,9037.878,
Contact STARLINK-11136 [DTC] - MoonIOAGNO,76749.025,85790.236,9041.211,
Contact STARLINK-11136 [DTC] - MoonIOAGNO 0001,0.000,2875.691,2875.691,
Contact STARLINK-11136 [DTC] - MoonIOAGNO 0001,4908.645,13940.805,9032.160,
Contact STARLINK-11136 [DTC] - MoonIOAGNO 0001,15968.390,25008.433,9040.044,
Contact STARLINK-11136 [DTC] - MoonIOAGNO 0001,27021.125,30535.641,3514.517,
Contact STARLINK-11136 [DTC] - MoonIOAGNO 0001,32532.988,41560.000,9027.012,
Contact STARLINK-11136 [DTC] - MoonIOAGNO 0001,43579.370,52619.052,9039.682,
Contact STARLINK-11136 [DTC] - MoonIOAGNO 0001,54642.505,63686.837,9044.332,
Contact STARLINK-11136 [DTC] - MoonIOAGNO 0001,65705.278,74748.131,9042.853,
Contact STARLINK-11136 [DTC] - MoonIOAGNO 0001,76746.184,85769.678,9023.493,
Contact STARLINK-11136 [DTC] - MoonIOAGSO,0.000,2876.194,2876.194,
Contact STARLINK-11136 [DTC] - MoonIOAGSO,4893.141,13950.721,9057.579,
Contact STARLINK-11136 [DTC] - MoonIOAGSO,15957.523,24993.496,9035.973,
Contact STARLINK-11136 [DTC] - MoonIOAGSO,26986.383,30515.657,3529.274,
Contact STARLINK-11136 [DTC] - MoonIOAGSO,32507.103,41565.034,9057.932,
Contact STARLINK-11136 [DTC] - MoonIOAGSO,43562.693,51928.035,8365.343,
Contact STARLINK-11136 [DTC] - MoonIOAGSO,54648.515,63692.200,9043.686,
Contact STARLINK-11136 [DTC] - MoonIOAGSO,65685.129,74735.227,9050.098,
Contact STARLINK-11136 [DTC] - MoonIOAGSO,76726.102,85780.492,9054.390,
Contact STARLINK-11136 [DTC] - MoonIOAGSO 0001,0.000,2882.923,2882.923,
Contact STARLINK-11136 [DTC] - MoonIOAGSO 0001,4884.384,13928.874,9044.491,
Contact STARLINK-11136 [DTC] - MoonIOAGSO 0001,15928.288,24985.033,9056.745,
Contact STARLINK-11136 [DTC] - MoonIOAGSO 0001,26994.642,29913.141,2918.499,
Contact STARLINK-11136 [DTC] - MoonIOAGSO 0001,32541.351,41582.794,9041.442,
Contact STARLINK-11136 [DTC] - MoonIOAGSO 0001,43575.519,52626.276,9050.757,
Contact STARLINK-11136 [DTC] - MoonIOAGSO 0001,54614.839,63673.941,9059.103,
Contact STARLINK-11136 [DTC] - MoonIOAGSO 0001,65671.496,74738.423,9066.927,
Contact STARLINK-11136 [DTC] - MoonIOAGSO 0001,76758.478,85799.196,9040.718,
Contact STARLINK-11136 [DTC] - MoonLRO,7055.780,10986.463,3930.683,
Contact STARLINK-11136 [DTC] - MoonLRO,21485.269,24639.944,3154.675,
Contact STARLINK-11136 [DTC] - MoonLRO,27560.655,30526.405,2965.750,
Contact STARLINK-11136 [DTC] - MoonLRO,34374.816,36052.575,1677.759,
Contact STARLINK-11136 [DTC] - MoonLRO,49115.806,51954.200,2838.395,
Contact STARLINK-11136 [DTC] - MoonLRO,54880.693,58162.210,3281.517,
Contact STARLINK-11136 [DTC] - MoonLRO,71221.871,72439.119,1217.248,
Contact STARLINK-11136 [DTC] - MoonLRO,76751.670,85794.472,9042.802,
Contact STARLINK-11136 [DTC] - MarsSat1,1557.469,10501.986,8944.518,
Contact STARLINK-11136 [DTC] - MarsSat1,12566.982,16008.753,3441.771,
Contact STARLINK-11136 [DTC] - MarsSat1,23576.479,27022.360,3445.881,
Contact STARLINK-11136 [DTC] - MarsSat1,29081.226,38036.094,8954.868,
Contact STARLINK-11136 [DTC] - MarsSat1,40090.734,49049.985,8959.250,
Contact STARLINK-11136 [DTC] - MarsSat1,51100.278,60064.039,8963.761,
Contact STARLINK-11136 [DTC] - MarsSat1,62109.863,71078.242,8968.379,
Contact STARLINK-11136 [DTC] - MarsSat1,73119.483,82092.568,8973.085,
Contact STARLINK-11136 [DTC] - MarsSat1,84129.116,86400.000,2270.884,
Contact STARLINK-11136 [DTC] - MarsSat2,1557.384,10501.977,8944.593,
Contact STARLINK-11136 [DTC] - MarsSat2,12566.934,16008.783,3441.849,
Contact STARLINK-11136 [DTC] - MarsSat2,23576.494,27022.477,3445.983,
Contact STARLINK-11136 [DTC] - MarsSat2,29081.277,38036.284,8955.007,
Contact STARLINK-11136 [DTC] - MarsSat2,40090.849,49050.205,8959.355,
Contact STARLINK-11136 [DTC] - MarsSat2,51100.430,60064.244,8963.813,
Contact STARLINK-11136 [DTC] - MarsSat2,62110.020,71078.403,8968.382,
Contact STARLINK-11136 [DTC] - MarsSat2,73119.620,82092.685,8973.065,
Contact STARLINK-11136 [DTC] - MarsSat2,84129.229,86400.000,2270.771,
Contact STARLINK-11136 [DTC] - MarsSat3,1557.389,10501.977,8944.588,
Contact STARLINK-11136 [DTC] - MarsSat3,12566.955,16008.785,3441.830,
Contact STARLINK-11136 [DTC] - MarsSat3,23576.526,27022.471,3445.945,
Contact STARLINK-11136 [DTC] - MarsSat3,29081.309,38036.248,8954.938,
Contact STARLINK-11136 [DTC] - MarsSat3,40090.865,49050.112,8959.246,
Contact STARLINK-11136 [DTC] - MarsSat3,51100.400,60064.069,8963.669,
Contact STARLINK-11136 [DTC] - MarsSat3,62109.905,71078.166,8968.261,
Contact STARLINK-11136 [DTC] - MarsSat3,73119.422,82092.470,8973.048,
Contact STARLINK-11136 [DTC] - MarsSat3,84129.020,86400.000,2270.980,
Contact STARLINK-11136 [DTC] - MarsSat4,1557.453,10501.968,8944.515,
Contact STARLINK-11136 [DTC] - MarsSat4,12566.973,16008.719,3441.746,
Contact STARLINK-11136 [DTC] - MarsSat4,23576.440,27022.387,3445.946,
Contact STARLINK-11136 [DTC] - MarsSat4,29081.238,38036.203,8954.965,
Contact STARLINK-11136 [DTC] - MarsSat4,40090.821,49050.045,8959.223,
Contact STARLINK-11136 [DTC] - MarsSat4,51100.320,60064.088,8963.769,
Contact STARLINK-11136 [DTC] - MarsSat4,62109.906,71078.273,8968.366,
Contact STARLINK-11136 [DTC] - MarsSat4,73119.525,82092.492,8972.967,
Contact STARLINK-11136 [DTC] - MarsSat4,84129.062,86400.000,2270.938,
Contact STARLINK-31325 - STARLINK-5628,7182.093,11068.084,3885.991,
Contact STARLINK-31325 - STARLINK-5628,21508.868,25247.015,3738.147,
Contact STARLINK-31325 - STARLINK-5628,35890.370,36546.974,656.604,
Contact STARLINK-31325 - STARLINK-11092 [DTC],0.000,449.879,449.879,
Contact STARLINK-31325 - STARLINK-11072 [DTC],0.000,35510.214,35510.214,
Contact STARLINK-31325 - STARLINK-5176,0.000,4184.968,4184.968,
Contact STARLINK-31325 - STARLINK-5176,11459.165,18186.278,6727.113,
Contact STARLINK-31325 - STARLINK-2042,0.000,69107.822,69107.822,
Contact STARLINK-31325 - STARLINK-6319,0.000,78280.775,78280.775,
Contact STARLINK-31325 - MoonARTEMIS1,3471.387,7027.085,3555.698,
Contact STARLINK-31325 - MoonARTEMIS1,9140.087,12706.739,3566.652,
Contact STARLINK-31325 - MoonARTEMIS1,14806.867,24055.519,9248.652,
Contact STARLINK-31325 - MoonARTEMIS1,26134.794,35398.963,9264.169,
Contact STARLINK-31325 - MoonARTEMIS1,37459.105,46739.699,9280.595,
Contact STARLINK-31325 - MoonARTEMIS1,48781.218,52409.354,3628.136,
Contact STARLINK-31325 - MoonARTEMIS1,54441.627,63747.503,9305.876,
Contact STARLINK-31325 - MoonARTEMIS1,65761.295,75084.230,9322.934,
Contact STARLINK-31325 - MoonARTEMIS1,77079.444,86400.000,9320.556,
Contact STARLINK-31325 - MoonARTEMIS2,0.000,6996.049,6996.049,
Contact STARLINK-31325 - MoonARTEMIS2,9115.241,12664.663,3549.422,
Contact STARLINK-31325 - MoonARTEMIS2,14777.878,24007.330,9229.452,
Contact STARLINK-31325 - MoonARTEMIS2,26106.731,33026.296,6919.565,
Contact STARLINK-31325 - MoonARTEMIS2,37445.044,46709.750,9264.706,
Contact STARLINK-31325 - MoonARTEMIS2,48761.434,52376.391,3614.957,
Contact STARLINK-31325 - MoonARTEMIS2,54419.204,63711.189,9291.984,
Contact STARLINK-31325 - MoonARTEMIS2,65735.407,75048.887,9313.480,
Contact STARLINK-31325 - MoonARTEMIS2,77052.751,86390.023,9337.273,
Contact STARLINK-31325 - MoonIOAGEO,0.000,3829.722,3829.722,
Contact STARLINK-31325 - MoonIOAGEO,9137.708,12700.600,3562.892,
Contact STARLINK-31325 - MoonIOAGEO,14801.414,24032.904,9231.489,
Contact STARLINK-31325 - MoonIOAGEO,26119.511,35354.946,9235.435,
Contact STARLINK-31325 - MoonIOAGEO,37435.324,46700.611,9265.288,
Contact STARLINK-31325 - MoonIOAGEO,54427.442,63730.888,9303.446,
Contact STARLINK-31325 - MoonIOAGEO,65750.068,75056.366,9306.297,
Contact STARLINK-31325 - MoonIOAGEO,77064.584,86398.409,9333.825,
Contact STARLINK-31325 - MoonIOAGNO,0.000,7030.507,7030.507,
Contact STARLINK-31325 - MoonIOAGNO,9141.634,12688.843,3547.209,
Contact STARLINK-31325 - MoonIOAGNO,14788.805,24005.439,9216.634,
Contact STARLINK-31325 - MoonIOAGNO,26095.042,35349.030,9253.989,
Contact STARLINK-31325 - MoonIOAGNO,37421.488,46706.578,9285.090,
Contact STARLINK-31325 - MoonIOAGNO,48762.763,52384.410,3621.647,
Contact STARLINK-31325 - MoonIOAGNO,54429.133,63695.814,9266.680,
Contact STARLINK-31325 - MoonIOAGNO,65722.664,75041.675,9319.012,
Contact STARLINK-31325 - MoonIOAGNO,77043.335,86400.000,9356.665,
Contact STARLINK-31325 - MoonIOAGNO 0001,0.000,7003.190,7003.190,
Contact STARLINK-31325 - MoonIOAGNO 0001,9112.866,12674.595,3561.729,
Contact STARLINK-31325 - MoonIOAGNO 0001,14777.339,24026.948,9249.609,
Contact STARLINK-31325 - MoonIOAGNO 0001,26116.509,35358.257,9241.749,
Contact STARLINK-31325 - MoonIOAGNO 0001,37429.973,46681.563,9251.590,
Contact STARLINK-31325 - MoonIOAGNO 0001,48737.807,52354.076,3616.269,
Contact STARLINK-31325 - MoonIOAGNO 0001,54399.754,63711.436,9311.682,
Contact STARLINK-31325 - MoonIOAGNO 0001,65735.741,75071.013,9335.272,
Contact STARLINK-31325 - MoonIOAGNO 0001,77070.482,86386.267,9315.785,
Contact STARLINK-31325 - MoonIOAGSO,0.000,7020.351,7020.351,
Contact STARLINK-31325 - MoonIOAGSO,9275.790,12693.533,3417.744,
Contact STARLINK-31325 - MoonIOAGSO,14801.596,24037.959,9236.362,
Contact STARLINK-31325 - MoonIOAGSO,26135.932,35370.814,9234.881,
Contact STARLINK-31325 - MoonIOAGSO,37454.855,46701.416,9246.560,
Contact STARLINK-31325 - MoonIOAGSO,48762.834,51836.053,3073.218,
Contact STARLINK-31325 - MoonIOAGSO,54419.942,63729.014,9309.071,
Contact STARLINK-31325 - MoonIOAGSO,65764.554,75068.849,9304.295,
Contact STARLINK-31325 - MoonIOAGSO,77087.959,86400.000,9312.041,
Contact STARLINK-31325 - MoonIOAGSO 0001,0.000,7033.728,7033.728,
Contact STARLINK-31325 - MoonIOAGSO 0001,9151.591,12698.630,3547.039,
Contact STARLINK-31325 - MoonIOAGSO 0001,14810.262,24026.200,9215.938,
Contact STARLINK-31325 - MoonIOAGSO 0001,26120.016,35370.275,9250.258,
Contact STARLINK-31325 - MoonIOAGSO 0001,37448.621,46715.030,9266.409,
Contact STARLINK-31325 - MoonIOAGSO 0001,48781.819,52382.955,3601.135,
Contact STARLINK-31325 - MoonIOAGSO 0001,54442.191,63716.651,9274.461,
Contact STARLINK-31325 - MoonIOAGSO 0001,65753.950,75060.777,9306.826,
Contact STARLINK-31325 - MoonIOAGSO 0001,77067.323,86400.000,9332.677,
Contact STARLINK-31325 - MoonLRO,3478.152,4139.926,661.774,
Contact STARLINK-31325 - MoonLRO,9135.639,10991.399,1855.759,
Contact STARLINK-31325 - MoonLRO,20711.657,24031.066,3319.409,
Contact STARLINK-31325 - MoonLRO,27558.360,29696.934,2138.574,
Contact STARLINK-31325 - MoonLRO,43101.602,45142.275,2040.674,
Contact STARLINK-31325 - MoonLRO,48758.380,51978.674,3220.294,
Contact STARLINK-31325 - MoonLRO,54859.584,58050.098,3190.514,
Contact STARLINK-31325 - MoonLRO,71411.705,72442.464,1030.758,
Contact STARLINK-31325 - MoonLRO,77067.842,86126.639,9058.796,
Contact STARLINK-31325 - MarsSat1,445.178,9629.179,9184.001,
Contact STARLINK-31325 - MarsSat1,11761.328,20944.162,9182.835,
Contact STARLINK-31325 - MarsSat1,23077.436,32259.199,9181.763,
Contact STARLINK-31325 - MarsSat1,34393.525,37916.741,3523.216,
Contact STARLINK-31325 - MarsSat1,40051.568,49231.873,9180.305,
Contact STARLINK-31325 - MarsSat1,51367.647,60547.058,9179.411,
Contact STARLINK-31325 - MarsSat1,62683.706,71862.278,9178.572,
Contact STARLINK-31325 - MarsSat1,73999.725,77519.896,3520.171,
Contact STARLINK-31325 - MarsSat1,79657.714,86400.000,6742.286,
Contact STARLINK-31325 - MarsSat2,445.238,9629.280,9184.042,
Contact STARLINK-31325 - MarsSat2,11761.436,20944.298,9182.862,
Contact STARLINK-31325 - MarsSat2,23077.584,32259.346,9181.762,
Contact STARLINK-31325 - MarsSat2,34393.686,37916.882,3523.196,
Contact STARLINK-31325 - MarsSat2,40051.722,49231.980,9180.259,
Contact STARLINK-31325 - MarsSat2,51367.763,60547.115,9179.352,
Contact STARLINK-31325 - MarsSat2,62683.768,71862.288,9178.520,
Contact STARLINK-31325 - MarsSat2,73999.739,77519.890,3520.151,
Contact STARLINK-31325 - MarsSat2,79657.712,86400.000,6742.288,
Contact STARLINK-31325 - MarsSat3,445.207,9629.242,9184.035,
Contact STARLINK-31325 - MarsSat3,11761.395,20944.236,9182.841,
Contact STARLINK-31325 - MarsSat3,23077.516,32259.253,9181.736,
Contact STARLINK-31325 - MarsSat3,34393.585,37916.774,3523.188,
Contact STARLINK-31325 - MarsSat3,40051.604,49231.850,9180.245,
Contact STARLINK-31325 - MarsSat3,51367.623,60546.994,9179.371,
Contact STARLINK-31325 - MarsSat3,62683.641,71862.235,9178.594,
Contact STARLINK-31325 - MarsSat3,73999.686,77519.881,3520.194,
Contact STARLINK-31325 - MarsSat3,79657.703,86400.000,6742.297,
Contact STARLINK-31325 - MarsSat4,445.166,9629.153,9183.988,
Contact STARLINK-31325 - MarsSat4,11761.299,20944.185,9182.886,
Contact STARLINK-31325 - MarsSat4,23077.479,32259.265,9181.787,
Contact STARLINK-31325 - MarsSat4,34393.593,37916.782,3523.189,
Contact STARLINK-31325 - MarsSat4,40051.607,49231.866,9180.259,
Contact STARLINK-31325 - MarsSat4,51367.647,60547.078,9179.431,
Contact STARLINK-31325 - MarsSat4,62683.722,71862.233,9178.511,
Contact STARLINK-31325 - MarsSat4,73999.669,77519.825,3520.156,
Contact STARLINK-31325 - MarsSat4,79657.638,86400.000,6742.362,
Contact STARLINK-5628 - STARLINK-11092 [DTC],85908.969,86400.000,491.031,
Contact STARLINK-5628 - STARLINK-11072 [DTC],10072.531,10967.023,894.492,
Contact STARLINK-5628 - STARLINK-11072 [DTC],21357.597,22145.154,787.557,
Contact STARLINK-5628 - STARLINK-5176,35924.514,36512.981,588.467,
Contact STARLINK-5628 - STARLINK-5176,50200.068,50924.396,724.328,
Contact STARLINK-5628 - STARLINK-5176,64498.187,65311.622,813.436,
Contact STARLINK-5628 - STARLINK-5176,78795.572,79701.087,905.515,
Contact STARLINK-5628 - STARLINK-2042,10234.635,11108.691,874.056,
Contact STARLINK-5628 - STARLINK-2042,24607.130,25428.631,821.501,
Contact STARLINK-5628 - STARLINK-2042,38990.179,39737.762,747.583,
Contact STARLINK-5628 - STARLINK-2042,53373.739,54046.730,672.991,
Contact STARLINK-5628 - STARLINK-4522,86339.375,86400.000,60.625,
Contact STARLINK-5628 - MoonARTEMIS1,3565.255,13069.504,9504.250,
Contact STARLINK-5628 - MoonARTEMIS1,15146.878,24638.561,9491.684,
Contact STARLINK-5628 - MoonARTEMIS1,26708.590,30418.749,3710.159,
Contact STARLINK-5628 - MoonARTEMIS1,32486.271,41973.988,9487.716,
Contact STARLINK-5628 - MoonARTEMIS1,44037.781,53524.209,9486.428,
Contact STARLINK-5628 - MoonARTEMIS1,55585.545,59297.819,3712.274,
Contact STARLINK-5628 - MoonARTEMIS1,61358.324,70842.453,9484.128,
Contact STARLINK-5628 - MoonARTEMIS1,72902.046,82383.981,9481.935,
Contact STARLINK-5628 - MoonARTEMIS1,84443.750,86400.000,1956.250,
Contact STARLINK-5628 - MoonARTEMIS2,0.000,13014.642,13014.642,
Contact STARLINK-5628 - MoonARTEMIS2,15098.250,24575.681,9477.431,
Contact STARLINK-5628 - MoonARTEMIS2,26655.000,30362.780,3707.781,
Contact STARLINK-5628 - MoonARTEMIS2,34874.610,41943.850,7069.240,
Contact STARLINK-5628 - MoonARTEMIS2,44014.496,53492.335,9477.839,
Contact STARLINK-5628 - MoonARTEMIS2,55563.825,59265.771,3701.946,
Contact STARLINK-5628 - MoonARTEMIS2,61337.795,70812.706,9474.911,
Contact STARLINK-5628 - MoonARTEMIS2,72885.623,82360.246,9474.624,
Contact STARLINK-5628 - MoonARTEMIS2,84433.797,86400.000,1966.203,
Contact STARLINK-5628 - MoonIOAGEO,0.000,3905.097,3905.097,
Contact STARLINK-5628 - MoonIOAGEO,9354.081,13060.993,3706.912,
Contact STARLINK-5628 - MoonIOAGEO,15137.815,24607.596,9469.780,
Contact STARLINK-5628 - MoonIOAGEO,26676.491,30370.524,3694.033,
Contact STARLINK-5628 - MoonIOAGEO,32439.104,41915.898,9476.794,
Contact STARLINK-5628 - MoonIOAGEO,43988.364,47703.883,3715.518,
Contact STARLINK-5628 - MoonIOAGEO,55565.883,59280.422,3714.539,
Contact STARLINK-5628 - MoonIOAGEO,61347.794,70820.140,9472.346,
Contact STARLINK-5628 - MoonIOAGEO,72882.167,82354.938,9472.772,
Contact STARLINK-5628 - MoonIOAGEO,84421.019,86400.000,1978.981,
Contact STARLINK-5628 - MoonIOAGNO,0.000,13038.441,13038.441,
Contact STARLINK-5628 - MoonIOAGNO,15113.176,24587.374,9474.198,
Contact STARLINK-5628 - MoonIOAGNO,26671.057,30368.927,3697.870,
Contact STARLINK-5628 - MoonIOAGNO,32451.778,41935.201,9483.423,
Contact STARLINK-5628 - MoonIOAGNO,44011.328,53490.452,9479.124,
Contact STARLINK-5628 - MoonIOAGNO,55548.794,59249.753,3700.959,
Contact STARLINK-5628 - MoonIOAGNO,61320.722,70803.613,9482.891,
Contact STARLINK-5628 - MoonIOAGNO,72880.864,82369.096,9488.232,
Contact STARLINK-5628 - MoonIOAGNO,84443.731,86400.000,1956.269,
Contact STARLINK-5628 - MoonIOAGNO 0001,0.000,13044.057,13044.057,
Contact STARLINK-5628 - MoonIOAGNO 0001,15129.822,24609.145,9479.323,
Contact STARLINK-5628 - MoonIOAGNO 0001,26684.166,30385.418,3701.252,
Contact STARLINK-5628 - MoonIOAGNO 0001,32448.271,41916.072,9467.800,
Contact STARLINK-5628 - MoonIOAGNO 0001,43994.252,53477.112,9482.860,
Contact STARLINK-5628 - MoonIOAGNO 0001,55555.995,59260.322,3704.326,
Contact STARLINK-5628 - MoonIOAGNO 0001,61336.862,70826.812,9489.950,
Contact STARLINK-5628 - MoonIOAGNO 0001,72891.546,82356.844,9465.298,
Contact STARLINK-5628 - MoonIOAGNO 0001,84427.878,86400.000,1972.122,
Contact STARLINK-5628 - MoonIOAGSO,0.000,13051.668,13051.668,
Contact STARLINK-5628 - MoonIOAGSO,15124.362,24593.430,9469.068,
Contact STARLINK-5628 - MoonIOAGSO,26655.687,30365.490,3709.803,
Contact STARLINK-5628 - MoonIOAGSO,32426.581,41916.153,9489.572,
Contact STARLINK-5628 - MoonIOAGSO,43980.994,52075.227,8094.234,
Contact STARLINK-5628 - MoonIOAGSO,55561.200,59268.922,3707.722,
Contact STARLINK-5628 - MoonIOAGSO,61329.320,70812.120,9482.801,
Contact STARLINK-5628 - MoonIOAGSO,72866.014,82358.917,9492.903,
Contact STARLINK-5628 - MoonIOAGSO,84416.130,86400.000,1983.870,
Contact STARLINK-5628 - MoonIOAGSO 0001,0.000,13030.664,13030.664,
Contact STARLINK-5628 - MoonIOAGSO 0001,15098.082,24586.831,9488.750,
Contact STARLINK-5628 - MoonIOAGSO 0001,26660.620,29897.458,3236.838,
Contact STARLINK-5628 - MoonIOAGSO 0001,32454.523,41931.352,9476.829,
Contact STARLINK-5628 - MoonIOAGSO 0001,43990.930,53474.928,9483.998,
Contact STARLINK-5628 - MoonIOAGSO 0001,55531.542,59249.169,3717.627,
Contact STARLINK-5628 - MoonIOAGSO 0001,61307.520,70807.648,9500.128,
Contact STARLINK-5628 - MoonIOAGSO 0001,72878.621,82378.146,9499.526,
Contact STARLINK-5628 - MoonIOAGSO 0001,84435.898,86400.000,1964.102,
Contact STARLINK-5628 - MoonLRO,3569.270,10976.529,7407.258,
Contact STARLINK-5628 - MoonLRO,20899.693,24600.114,3700.421,
Contact STARLINK-5628 - MoonLRO,27558.947,30377.084,2818.137,
Contact STARLINK-5628 - MoonLRO,34378.967,36154.180,1775.213,
Contact STARLINK-5628 - MoonLRO,49778.081,51949.779,2171.698,
Contact STARLINK-5628 - MoonLRO,55555.769,58786.585,3230.816,
Contact STARLINK-5628 - MoonLRO,61709.191,65041.181,3331.990,
Contact STARLINK-5628 - MoonLRO,75354.939,79281.368,3926.429,
Contact STARLINK-5628 - MarsSat1,116.861,9551.529,9434.668,
Contact STARLINK-5628 - MarsSat1,11632.682,21070.034,9437.352,
Contact STARLINK-5628 - MarsSat1,23148.479,26829.318,3680.839,
Contact STARLINK-5628 - MarsSat1,28906.375,38347.967,9441.592,
Contact STARLINK-5628 - MarsSat1,40422.184,49866.751,9444.567,
Contact STARLINK-5628 - MarsSat1,51938.031,55626.195,3688.164,
Contact STARLINK-5628 - MarsSat1,57695.972,67145.179,9449.207,
Contact STARLINK-5628 - MarsSat1,69211.878,78664.263,9452.385,
Contact STARLINK-5628 - MarsSat1,80727.796,84423.833,3696.037,
Contact STARLINK-5628 - MarsSat2,116.791,9551.527,9434.736,
Contact STARLINK-5628 - MarsSat2,11632.659,21070.117,9437.457,
Contact STARLINK-5628 - MarsSat2,23148.529,26829.443,3680.914,
Contact STARLINK-5628 - MarsSat2,28906.465,38348.161,9441.697,
Contact STARLINK-5628 - MarsSat2,40422.336,49866.967,9444.630,
Contact STARLINK-5628 - MarsSat2,51938.211,55626.403,3688.193,
Contact STARLINK-5628 - MarsSat2,57696.149,67145.345,9449.196,
Contact STARLINK-5628 - MarsSat2,69212.027,78664.379,9452.351,
Contact STARLINK-5628 - MarsSat2,80727.910,84423.931,3696.021,
Contact STARLINK-5628 - MarsSat3,116.786,9551.521,9434.735,
Contact STARLINK-5628 - MarsSat3,11632.668,21070.110,9437.442,
Contact STARLINK-5628 - MarsSat3,23148.543,26829.428,3680.886,
Contact STARLINK-5628 - MarsSat3,28906.474,38348.113,9441.639,
Contact STARLINK-5628 - MarsSat3,40422.321,49866.860,9444.540,
Contact STARLINK-5628 - MarsSat3,51938.140,55626.259,3688.119,
Contact STARLINK-5628 - MarsSat3,57696.038,67145.131,9449.093,
Contact STARLINK-5628 - MarsSat3,69211.835,78664.170,9452.335,
Contact STARLINK-5628 - MarsSat3,80727.704,84423.751,3696.047,
Contact STARLINK-5628 - MarsSat4,116.838,9551.510,9434.672,
Contact STARLINK-5628 - MarsSat4,11632.669,21070.003,9437.335,
Contact STARLINK-5628 - MarsSat4,23148.450,26829.349,3680.898,
Contact STARLINK-5628 - MarsSat4,28906.405,38348.074,9441.669,
Contact STARLINK-5628 - MarsSat4,40422.278,49866.799,9444.521,
Contact STARLINK-5628 - MarsSat4,51938.066,55626.228,3688.161,
Contact STARLINK-5628 - MarsSat4,57696.003,67145.222,9449.219,
Contact STARLINK-5628 - MarsSat4,69211.923,78664.219,9452.296,
Contact STARLINK-5628 - MarsSat4,80727.760,84423.741,3695.981,
Contact STARLINK-5231 - STARLINK-11092 [DTC],32098.030,32967.267,869.237,
Contact STARLINK-5231 - STARLINK-11092 [DTC],46036.716,47056.401,1019.685,
Contact STARLINK-5231 - STARLINK-11092 [DTC],57364.890,58152.317,787.427,
Contact STARLINK-5231 - STARLINK-11072 [DTC],57500.138,64436.101,6935.964,
Contact STARLINK-5231 - STARLINK-11072 [DTC],65476.133,78462.827,12986.694,
Contact STARLINK-5231 - STARLINK-11072 [DTC],79566.593,86400.000,6833.407,
Contact STARLINK-5231 - STARLINK-5503,0.000,3268.426,3268.426,
Contact STARLINK-5231 - STARLINK-5503,4268.771,17686.245,13417.474,
Contact STARLINK-5231 - STARLINK-5503,18515.400,32125.192,13609.792,
Contact STARLINK-5231 - STARLINK-5503,32784.271,46509.447,13725.176,
Contact STARLINK-5231 - STARLINK-5503,47065.991,60902.280,13836.289,
Contact STARLINK-5231 - STARLINK-5503,61379.281,75219.000,13839.719,
Contact STARLINK-5231 - STARLINK-5503,75729.295,86400.000,10670.705,
Contact STARLINK-5231 - MoonARTEMIS1,1550.948,5618.818,4067.869,
Contact STARLINK-5231 - MoonARTEMIS1,7321.860,17152.420,9830.560,
Contact STARLINK-5231 - MoonARTEMIS1,18867.994,28654.792,9786.798,
Contact STARLINK-5231 - MoonARTEMIS1,30386.839,34401.040,4014.201,
Contact STARLINK-5231 - MoonARTEMIS1,36141.407,45887.175,9745.768,
Contact STARLINK-5231 - MoonARTEMIS1,47643.889,57367.129,9723.240,
Contact STARLINK-5231 - MoonARTEMIS1,59139.492,63105.347,3965.855,
Contact STARLINK-5231 - MoonARTEMIS1,64885.192,74579.055,9693.864,
Contact STARLINK-5231 - MoonARTEMIS1,76373.042,86050.122,9677.080,
Contact STARLINK-5231 - MoonARTEMIS2,1503.588,5587.477,4083.889,
Contact STARLINK-5231 - MoonARTEMIS2,7256.715,17088.642,9831.927,
Contact STARLINK-5231 - MoonARTEMIS2,18769.733,28594.284,9824.551,
Contact STARLINK-5231 - MoonARTEMIS2,30301.319,32992.484,2691.165,
Contact STARLINK-5231 - MoonARTEMIS2,36091.516,45866.898,9775.382,
Contact STARLINK-5231 - MoonARTEMIS2,47600.371,57353.812,9753.441,
Contact STARLINK-5231 - MoonARTEMIS2,59097.163,63095.665,3998.501,
Contact STARLINK-5231 - MoonARTEMIS2,64845.318,74577.183,9731.864,
Contact STARLINK-5231 - MoonARTEMIS2,76341.837,86056.138,9714.301,
Contact STARLINK-5231 - MoonIOAGEO,1544.742,3753.985,2209.243,
Contact STARLINK-5231 - MoonIOAGEO,7971.784,17139.545,9167.761,
Contact STARLINK-5231 - MoonIOAGEO,18842.631,28610.357,9767.726,
Contact STARLINK-5231 - MoonIOAGEO,30315.083,34342.387,4027.304,
Contact STARLINK-5231 - MoonIOAGEO,36053.337,45839.522,9786.184,
Contact STARLINK-5231 - MoonIOAGEO,53349.919,57354.766,4004.848,
Contact STARLINK-5231 - MoonIOAGEO,59115.992,63099.477,3983.485,
Contact STARLINK-5231 - MoonIOAGEO,64866.146,74560.911,9694.765,
Contact STARLINK-5231 - MoonIOAGEO,76334.450,86034.412,9699.962,
Contact STARLINK-5231 - MoonIOAGNO,1564.572,5637.336,4072.764,
Contact STARLINK-5231 - MoonIOAGNO,7327.050,17110.635,9783.585,
Contact STARLINK-5231 - MoonIOAGNO,18788.343,28627.150,9838.807,
Contact STARLINK-5231 - MoonIOAGNO,30301.409,34380.344,4078.935,
Contact STARLINK-5231 - MoonIOAGNO,36065.961,45869.704,9803.744,
Contact STARLINK-5231 - MoonIOAGNO,47596.405,57331.680,9735.275,
Contact STARLINK-5231 - MoonIOAGNO,59071.140,63084.983,4013.843,
Contact STARLINK-5231 - MoonIOAGNO,64819.338,74585.471,9766.133,
Contact STARLINK-5231 - MoonIOAGNO,76337.362,86068.242,9730.881,
Contact STARLINK-5231 - MoonIOAGNO 0001,1526.333,5630.102,4103.769,
Contact STARLINK-5231 - MoonIOAGNO 0001,7283.975,17141.274,9857.299,
Contact STARLINK-5231 - MoonIOAGNO 0001,18813.692,28624.460,9810.768,
Contact STARLINK-5231 - MoonIOAGNO 0001,30337.901,34350.030,4012.129,
Contact STARLINK-5231 - MoonIOAGNO 0001,36060.387,45859.382,9798.996,
Contact STARLINK-5231 - MoonIOAGNO 0001,47559.084,57360.494,9801.410,
Contact STARLINK-5231 - MoonIOAGNO 0001,59084.581,63103.634,4019.053,
Contact STARLINK-5231 - MoonIOAGNO 0001,64848.726,74565.982,9717.255,
Contact STARLINK-5231 - MoonIOAGNO 0001,76348.436,86055.871,9707.435,
Contact STARLINK-5231 - MoonIOAGSO,1546.161,5603.761,4057.601,
Contact STARLINK-5231 - MoonIOAGSO,9448.719,17109.398,7660.679,
Contact STARLINK-5231 - MoonIOAGSO,18824.682,28574.612,9749.930,
Contact STARLINK-5231 - MoonIOAGSO,30315.870,34316.952,4001.082,
Contact STARLINK-5231 - MoonIOAGSO,36062.504,45823.309,9760.805,
Contact STARLINK-5231 - MoonIOAGSO,47567.276,57343.083,9775.807,
Contact STARLINK-5231 - MoonIOAGSO,59100.234,63065.336,3965.102,
Contact STARLINK-5231 - MoonIOAGSO,64844.208,74528.653,9684.445,
Contact STARLINK-5231 - MoonIOAGSO,76331.317,86017.171,9685.854,
Contact STARLINK-5231 - MoonIOAGSO 0001,1563.330,5583.907,4020.577,
Contact STARLINK-5231 - MoonIOAGSO 0001,7308.906,17076.535,9767.629,
Contact STARLINK-5231 - MoonIOAGSO 0001,18802.729,28603.339,9800.610,
Contact STARLINK-5231 - MoonIOAGSO 0001,30967.156,34368.402,3401.246,
Contact STARLINK-5231 - MoonIOAGSO 0001,36087.589,45820.870,9733.281,
Contact STARLINK-5231 - MoonIOAGSO 0001,47579.432,57297.787,9718.356,
Contact STARLINK-5231 - MoonIOAGSO 0001,59071.327,63046.095,3974.768,
Contact STARLINK-5231 - MoonIOAGSO 0001,64822.166,74572.826,9750.660,
Contact STARLINK-5231 - MoonIOAGSO 0001,76356.789,86029.688,9672.899,
Contact STARLINK-5231 - MoonLRO,1556.835,4168.517,2611.682,
Contact STARLINK-5231 - MoonLRO,7308.639,17112.089,9803.450,
Contact STARLINK-5231 - MoonLRO,20747.635,22863.919,2116.284,
Contact STARLINK-5231 - MoonLRO,41829.731,45126.782,3297.051,
Contact STARLINK-5231 - MoonLRO,48053.489,51588.992,3535.503,
Contact STARLINK-5231 - MoonLRO,70597.770,72466.815,1869.045,
Contact STARLINK-5231 - MoonLRO,76349.943,86043.474,9693.532,
Contact STARLINK-5231 - MarsSat1,0.000,1877.663,1877.663,
Contact STARLINK-5231 - MarsSat1,3775.628,13332.263,9556.636,
Contact STARLINK-5231 - MarsSat1,15227.811,24786.860,9559.050,
Contact STARLINK-5231 - MarsSat1,26680.109,30514.170,3834.061,
Contact STARLINK-5231 - MarsSat1,32406.312,41968.835,9562.523,
Contact STARLINK-5231 - MarsSat1,43858.840,53423.569,9564.729,
Contact STARLINK-5231 - MarsSat1,55311.522,70605.742,15294.220,
Contact STARLINK-5231 - MarsSat1,72490.770,82060.502,9569.731,
Contact STARLINK-5231 - MarsSat1,83943.700,86400.000,2456.300,
Contact STARLINK-5231 - MarsSat2,0.000,1877.663,1877.663,
Contact STARLINK-5231 - MarsSat2,3775.721,13332.361,9556.639,
Contact STARLINK-5231 - MarsSat2,15227.982,24787.068,9559.086,
Contact STARLINK-5231 - MarsSat2,26680.345,30514.425,3834.080,
Contact STARLINK-5231 - MarsSat2,32406.564,41969.141,9562.576,
Contact STARLINK-5231 - MarsSat2,43859.083,53423.856,9564.774,
Contact STARLINK-5231 - MarsSat2,55311.705,70605.920,15294.214,
Contact STARLINK-5231 - MarsSat2,72490.834,82060.614,9569.780,
Contact STARLINK-5231 - MarsSat2,83943.716,86400.000,2456.284,
Contact STARLINK-5231 - MarsSat3,0.000,1877.630,1877.630,
Contact STARLINK-5231 - MarsSat3,3775.677,13332.328,9556.651,
Contact STARLINK-5231 - MarsSat3,15227.917,24787.012,9559.096,
Contact STARLINK-5231 - MarsSat3,26680.237,30514.348,3834.111,
Contact STARLINK-5231 - MarsSat3,32406.431,41969.003,9562.571,
Contact STARLINK-5231 - MarsSat3,43858.895,53423.639,9564.743,
Contact STARLINK-5231 - MarsSat3,55311.480,70605.636,15294.155,
Contact STARLINK-5231 - MarsSat3,72490.687,82060.404,9569.717,
Contact STARLINK-5231 - MarsSat3,83943.687,86400.000,2456.313,
Contact STARLINK-5231 - MarsSat4,0.000,1877.632,1877.632,
Contact STARLINK-5231 - MarsSat4,3775.601,13332.219,9556.617,
Contact STARLINK-5231 - MarsSat4,15227.772,24786.903,9559.131,
Contact STARLINK-5231 - MarsSat4,26680.209,30514.289,3834.080,
Contact STARLINK-5231 - MarsSat4,32406.430,41968.958,9562.528,
Contact STARLINK-5231 - MarsSat4,43858.884,53423.606,9564.722,
Contact STARLINK-5231 - MarsSat4,55311.556,70605.752,15294.196,
Contact STARLINK-5231 - MarsSat4,72490.711,82060.381,9569.670,
Contact STARLINK-5231 - MarsSat4,83943.590,86400.000,2456.410,
Contact STARLINK-11092 [DTC] - STARLINK-2042,0.000,4162.129,4162.129,
Contact STARLINK-11092 [DTC] - STARLINK-5503,17652.591,18349.256,696.665,
Contact STARLINK-11092 [DTC] - STARLINK-5503,28797.800,32510.762,3712.962,
Contact STARLINK-11092 [DTC] - STARLINK-5503,42925.769,43681.316,755.547,
Contact STARLINK-11092 [DTC] - STARLINK-6319,0.000,12457.515,12457.515,
Contact STARLINK-11092 [DTC] - STARLINK-4522,60139.226,86400.000,26260.774,
Contact STARLINK-11092 [DTC] - MoonARTEMIS1,2782.604,6094.139,3311.535,
Contact STARLINK-11092 [DTC] - MoonARTEMIS1,8293.434,17118.799,8825.365,
Contact STARLINK-11092 [DTC] - MoonARTEMIS1,19312.886,28138.565,8825.679,
Contact STARLINK-11092 [DTC] - MoonARTEMIS1,30327.748,39156.322,8828.574,
Contact STARLINK-11092 [DTC] - MoonARTEMIS1,41340.355,44664.692,3324.337,
Contact STARLINK-11092 [DTC] - MoonARTEMIS1,52351.395,55680.610,3329.215,
Contact STARLINK-11092 [DTC] - MoonARTEMIS1,63361.154,66695.521,3334.367,
Contact STARLINK-11092 [DTC] - MoonARTEMIS1,68865.587,77709.384,8843.797,
Contact STARLINK-11092 [DTC] - MoonARTEMIS1,79873.537,86400.000,6526.463,
Contact STARLINK-11092 [DTC] - MoonARTEMIS2,0.000,6076.609,6076.609,
Contact STARLINK-11092 [DTC] - MoonARTEMIS2,8275.169,17093.915,8818.746,
Contact STARLINK-11092 [DTC] - MoonARTEMIS2,19291.503,28115.977,8824.474,
Contact STARLINK-11092 [DTC] - MoonARTEMIS2,30311.865,39142.715,8830.850,
Contact STARLINK-11092 [DTC] - MoonARTEMIS2,41329.784,44648.016,3318.232,
Contact STARLINK-11092 [DTC] - MoonARTEMIS2,52336.321,55658.754,3322.432,
Contact STARLINK-11092 [DTC] - MoonARTEMIS2,63343.195,66670.877,3327.682,
Contact STARLINK-11092 [DTC] - MoonARTEMIS2,68846.842,77684.587,8837.745,
Contact STARLINK-11092 [DTC] - MoonARTEMIS2,79854.579,86400.000,6545.421,
Contact STARLINK-11092 [DTC] - MoonIOAGEO,0.000,3794.565,3794.565,
Contact STARLINK-11092 [DTC] - MoonIOAGEO,8292.213,17113.054,8820.840,
Contact STARLINK-11092 [DTC] - MoonIOAGEO,19306.839,28123.083,8816.244,
Contact STARLINK-11092 [DTC] - MoonIOAGEO,30315.062,39135.166,8820.104,
Contact STARLINK-11092 [DTC] - MoonIOAGEO,41325.831,44645.121,3319.290,
Contact STARLINK-11092 [DTC] - MoonIOAGEO,52341.385,55668.270,3326.885,
Contact STARLINK-11092 [DTC] - MoonIOAGEO,63353.631,66684.104,3330.473,
Contact STARLINK-11092 [DTC] - MoonIOAGEO,68857.500,77694.380,8836.881,
Contact STARLINK-11092 [DTC] - MoonIOAGEO,79865.140,86400.000,6534.860,
Contact STARLINK-11092 [DTC] - MoonIOAGNO,0.000,6095.487,6095.487,
Contact STARLINK-11092 [DTC] - MoonIOAGNO,8295.163,17097.614,8802.451,
Contact STARLINK-11092 [DTC] - MoonIOAGNO,19289.602,28104.114,8814.512,
Contact STARLINK-11092 [DTC] - MoonIOAGNO,30296.454,39125.855,8829.401,
Contact STARLINK-11092 [DTC] - MoonIOAGNO,41315.949,44641.151,3325.202,
Contact STARLINK-11092 [DTC] - MoonIOAGNO,52345.258,55664.395,3319.137,
Contact STARLINK-11092 [DTC] - MoonIOAGNO,63335.939,66661.478,3325.538,
Contact STARLINK-11092 [DTC] - MoonIOAGNO,68836.861,77680.267,8843.406,
Contact STARLINK-11092 [DTC] - MoonIOAGNO,79849.369,86400.000,6550.631,
Contact STARLINK-11092 [DTC] - MoonIOAGNO 0001,0.000,6074.816,6074.816,
Contact STARLINK-11092 [DTC] - MoonIOAGNO 0001,8271.199,17094.894,8823.695,
Contact STARLINK-11092 [DTC] - MoonIOAGNO 0001,19291.292,28126.061,8834.770,
Contact STARLINK-11092 [DTC] - MoonIOAGNO 0001,30321.067,39127.155,8806.088,
Contact STARLINK-11092 [DTC] - MoonIOAGNO 0001,41313.656,44628.804,3315.148,
Contact STARLINK-11092 [DTC] - MoonIOAGNO 0001,52319.910,55645.642,3325.731,
Contact STARLINK-11092 [DTC] - MoonIOAGNO 0001,63338.892,66675.388,3336.497,
Contact STARLINK-11092 [DTC] - MoonIOAGNO 0001,68852.770,77697.792,8845.023,
Contact STARLINK-11092 [DTC] - MoonIOAGNO 0001,79861.385,86400.000,6538.615,
Contact STARLINK-11092 [DTC] - MoonIOAGSO,0.000,6094.388,6094.388,
Contact STARLINK-11092 [DTC] - MoonIOAGSO,9309.817,17117.053,7807.236,
Contact STARLINK-11092 [DTC] - MoonIOAGSO,19315.388,28139.364,8823.975,
Contact STARLINK-11092 [DTC] - MoonIOAGSO,30333.132,39150.537,8817.405,
Contact STARLINK-11092 [DTC] - MoonIOAGSO,41339.254,44653.040,3313.786,
Contact STARLINK-11092 [DTC] - MoonIOAGSO,52335.981,55663.703,3327.722,
Contact STARLINK-11092 [DTC] - MoonIOAGSO,63364.648,66695.584,3330.935,
Contact STARLINK-11092 [DTC] - MoonIOAGSO,68874.328,77712.489,8838.161,
Contact STARLINK-11092 [DTC] - MoonIOAGSO,79883.599,86400.000,6516.401,
Contact STARLINK-11092 [DTC] - MoonIOAGSO 0001,0.000,6109.851,6109.851,
Contact STARLINK-11092 [DTC] - MoonIOAGSO 0001,8307.083,17120.594,8813.511,
Contact STARLINK-11092 [DTC] - MoonIOAGSO 0001,19314.492,28123.138,8808.646,
Contact STARLINK-11092 [DTC] - MoonIOAGSO 0001,30811.364,39148.563,8337.199,
Contact STARLINK-11092 [DTC] - MoonIOAGSO 0001,41340.826,44661.588,3320.762,
Contact STARLINK-11092 [DTC] - MoonIOAGSO 0001,52357.574,55677.975,3320.401,
Contact STARLINK-11092 [DTC] - MoonIOAGSO 0001,63362.388,66685.657,3323.269,
Contact STARLINK-11092 [DTC] - MoonIOAGSO 0001,68860.648,77699.972,8839.324,
Contact STARLINK-11092 [DTC] - MoonIOAGSO 0001,79872.555,86400.000,6527.445,
Contact STARLINK-11092 [DTC] - MoonLRO,2786.416,4149.632,1363.216,
Contact STARLINK-11092 [DTC] - MoonLRO,8288.365,17112.597,8824.232,
Contact STARLINK-11092 [DTC] - MoonLRO,20725.695,22616.083,1890.389,
Contact STARLINK-11092 [DTC] - MoonLRO,35820.655,38319.128,2498.473,
Contact STARLINK-11092 [DTC] - MoonLRO,41324.341,44651.589,3327.247,
Contact STARLINK-11092 [DTC] - MoonLRO,63350.390,65635.405,2285.015,
Contact STARLINK-11092 [DTC] - MoonLRO,68852.557,77700.704,8848.147,
Contact STARLINK-11092 [DTC] - MoonLRO,82209.293,83205.243,995.950,
Contact STARLINK-11092 [DTC] - MarsSat1,0.000,3307.743,3307.743,
Contact STARLINK-11092 [DTC] - MarsSat1,5366.347,8812.038,3445.691,
Contact STARLINK-11092 [DTC] - MarsSat1,16379.298,19820.639,3441.341,
Contact STARLINK-11092 [DTC] - MarsSat1,21885.733,30829.266,8943.533,
Contact STARLINK-11092 [DTC] - MarsSat1,32898.537,41837.921,8939.384,
Contact STARLINK-11092 [DTC] - MarsSat1,43911.264,52846.596,8935.332,
Contact STARLINK-11092 [DTC] - MarsSat1,54923.911,63855.277,8931.366,
Contact STARLINK-11092 [DTC] - MarsSat1,65936.461,74863.953,8927.492,
Contact STARLINK-11092 [DTC] - MarsSat1,76948.895,85872.621,8923.727,
Contact STARLINK-11092 [DTC] - MarsSat2,0.000,3307.845,3307.845,
Contact STARLINK-11092 [DTC] - MarsSat2,5366.442,8812.152,3445.711,
Contact STARLINK-11092 [DTC] - MarsSat2,16379.442,19820.765,3441.322,
Contact STARLINK-11092 [DTC] - MarsSat2,21885.896,30829.379,8943.483,
Contact STARLINK-11092 [DTC] - MarsSat2,32898.715,41837.999,8939.284,
Contact STARLINK-11092 [DTC] - MarsSat2,43911.419,52846.626,8935.206,
Contact STARLINK-11092 [DTC] - MarsSat2,54924.014,63855.262,8931.248,
Contact STARLINK-11092 [DTC] - MarsSat2,65936.504,74863.909,8927.405,
Contact STARLINK-11092 [DTC] - MarsSat2,76948.893,85872.568,8923.675,
Contact STARLINK-11092 [DTC] - MarsSat3,0.000,3307.814,3307.814,
Contact STARLINK-11092 [DTC] - MarsSat3,5366.404,8812.112,3445.709,
Contact STARLINK-11092 [DTC] - MarsSat3,16379.384,19820.700,3441.315,
Contact STARLINK-11092 [DTC] - MarsSat3,21885.823,30829.287,8943.464,
Contact STARLINK-11092 [DTC] - MarsSat3,32898.606,41837.887,8939.282,
Contact STARLINK-11092 [DTC] - MarsSat3,43911.277,52846.520,8935.242,
Contact STARLINK-11092 [DTC] - MarsSat3,54923.860,63855.209,8931.350,
Contact STARLINK-11092 [DTC] - MarsSat3,65936.389,74863.952,8927.562,
Contact STARLINK-11092 [DTC] - MarsSat3,76948.872,85872.673,8923.801,
Contact STARLINK-11092 [DTC] - MarsSat4,0.000,3307.734,3307.734,
Contact STARLINK-11092 [DTC] - MarsSat4,5366.324,8812.016,3445.692,
Contact STARLINK-11092 [DTC] - MarsSat4,16379.277,19820.664,3441.387,
Contact STARLINK-11092 [DTC] - MarsSat4,21885.768,30829.320,8943.552,
Contact STARLINK-11092 [DTC] - MarsSat4,32898.616,41837.907,8939.291,
Contact STARLINK-11092 [DTC] - MarsSat4,43911.279,52846.589,8935.310,
Contact STARLINK-11092 [DTC] - MarsSat4,54923.930,63855.265,8931.335,
Contact STARLINK-11092 [DTC] - MarsSat4,65936.455,74863.886,8927.432,
Contact STARLINK-11092 [DTC] - MarsSat4,76948.817,85872.609,8923.792,
Contact STARLINK-11072 [DTC] - STARLINK-5176,0.000,15309.420,15309.420,
Contact STARLINK-11072 [DTC] - STARLINK-2042,68.431,29207.517,29139.087,
Contact STARLINK-11072 [DTC] - STARLINK-5503,57069.941,58004.805,934.864,
Contact STARLINK-11072 [DTC] - STARLINK-5503,68263.161,72050.447,3787.286,
Contact STARLINK-11072 [DTC] - STARLINK-5503,82653.609,82952.107,298.498,
Contact STARLINK-11072 [DTC] - STARLINK-6319,11372.639,35109.543,23736.905,
Contact STARLINK-11072 [DTC] - STARLINK-4522,85789.235,86400.000,610.765,
Contact STARLINK-11072 [DTC] - MoonARTEMIS1,3787.051,12804.705,9017.654,
Contact STARLINK-11072 [DTC] - MoonARTEMIS1,14785.988,23839.215,9053.227,
Contact STARLINK-11072 [DTC] - MoonARTEMIS1,25779.751,34868.384,9088.632,
Contact STARLINK-11072 [DTC] - MoonARTEMIS1,36770.948,45895.320,9124.372,
Contact STARLINK-11072 [DTC] - MoonARTEMIS1,47760.528,56921.073,9160.545,
Contact STARLINK-11072 [DTC] - MoonARTEMIS1,58748.784,67946.063,9197.280,
Contact STARLINK-11072 [DTC] - MoonARTEMIS1,69735.718,78970.408,9234.690,
Contact STARLINK-11072 [DTC] - MoonARTEMIS1,80721.072,86400.000,5678.928,
Contact STARLINK-11072 [DTC] - MoonARTEMIS2,0.000,1734.551,1734.551,
Contact STARLINK-11072 [DTC] - MoonARTEMIS2,3769.049,12749.048,8979.999,
Contact STARLINK-11072 [DTC] - MoonARTEMIS2,14759.652,23772.816,9013.164,
Contact STARLINK-11072 [DTC] - MoonARTEMIS2,25754.496,33027.624,7273.128,
Contact STARLINK-11072 [DTC] - MoonARTEMIS2,36758.228,45853.376,9095.148,
Contact STARLINK-11072 [DTC] - MoonARTEMIS2,47739.485,56871.697,9132.212,
Contact STARLINK-11072 [DTC] - MoonARTEMIS2,58720.348,67894.385,9174.038,
Contact STARLINK-11072 [DTC] - MoonARTEMIS2,69702.351,78923.024,9220.672,
Contact STARLINK-11072 [DTC] - MoonARTEMIS2,80685.713,86400.000,5714.287,
Contact STARLINK-11072 [DTC] - MoonIOAGEO,0.000,1763.515,1763.515,
Contact STARLINK-11072 [DTC] - MoonIOAGEO,9285.098,12796.314,3511.216,
Contact STARLINK-11072 [DTC] - MoonIOAGEO,14780.859,23808.430,9027.571,
Contact STARLINK-11072 [DTC] - MoonIOAGEO,25766.555,34805.784,9039.229,
Contact STARLINK-11072 [DTC] - MoonIOAGEO,36750.818,45835.254,9084.436,
Contact STARLINK-11072 [DTC] - MoonIOAGEO,53239.565,56890.617,3651.052,
Contact STARLINK-11072 [DTC] - MoonIOAGEO,58735.507,67917.425,9181.917,
Contact STARLINK-11072 [DTC] - MoonIOAGEO,69721.267,78923.207,9201.939,
Contact STARLINK-11072 [DTC] - MoonIOAGEO,80706.299,86400.000,5693.701,
Contact STARLINK-11072 [DTC] - MoonIOAGNO,0.000,1768.856,1768.856,
Contact STARLINK-11072 [DTC] - MoonIOAGNO,3783.278,12779.263,8995.985,
Contact STARLINK-11072 [DTC] - MoonIOAGNO,14770.048,23773.000,9002.953,
Contact STARLINK-11072 [DTC] - MoonIOAGNO,25737.183,34800.497,9063.315,
Contact STARLINK-11072 [DTC] - MoonIOAGNO,36727.412,45846.530,9119.117,
Contact STARLINK-11072 [DTC] - MoonIOAGNO,47737.693,56861.500,9123.807,
Contact STARLINK-11072 [DTC] - MoonIOAGNO,58720.048,67873.292,9153.244,
Contact STARLINK-11072 [DTC] - MoonIOAGNO,69684.864,78924.570,9239.706,
Contact STARLINK-11072 [DTC] - MoonIOAGNO,80676.906,86400.000,5723.094,
Contact STARLINK-11072 [DTC] - MoonIOAGNO 0001,0.000,1744.775,1744.775,
Contact STARLINK-11072 [DTC] - MoonIOAGNO 0001,3762.983,12764.267,9001.284,
Contact STARLINK-11072 [DTC] - MoonIOAGNO 0001,14752.639,23800.775,9048.136,
Contact STARLINK-11072 [DTC] - MoonIOAGNO 0001,25760.230,34812.960,9052.730,
Contact STARLINK-11072 [DTC] - MoonIOAGNO 0001,36744.985,45814.448,9069.463,
Contact STARLINK-11072 [DTC] - MoonIOAGNO 0001,47711.144,56852.237,9141.093,
Contact STARLINK-11072 [DTC] - MoonIOAGNO 0001,58702.143,67910.341,9208.198,
Contact STARLINK-11072 [DTC] - MoonIOAGNO 0001,69715.989,78929.624,9213.635,
Contact STARLINK-11072 [DTC] - MoonIOAGNO 0001,80695.364,86400.000,5704.636,
Contact STARLINK-11072 [DTC] - MoonIOAGSO,0.000,1768.560,1768.560,
Contact STARLINK-11072 [DTC] - MoonIOAGSO,3794.635,12787.069,8992.434,
Contact STARLINK-11072 [DTC] - MoonIOAGSO,14783.428,23810.724,9027.295,
Contact STARLINK-11072 [DTC] - MoonIOAGSO,25790.644,34823.316,9032.672,
Contact STARLINK-11072 [DTC] - MoonIOAGSO,36777.651,45836.908,9059.257,
Contact STARLINK-11072 [DTC] - MoonIOAGSO,47748.067,56880.936,9132.869,
Contact STARLINK-11072 [DTC] - MoonIOAGSO,58741.925,67913.352,9171.427,
Contact STARLINK-11072 [DTC] - MoonIOAGSO,69752.551,78938.049,9185.498,
Contact STARLINK-11072 [DTC] - MoonIOAGSO,80739.151,86400.000,5660.849,
Contact STARLINK-11072 [DTC] - MoonIOAGSO 0001,0.000,1780.707,1780.707,
Contact STARLINK-11072 [DTC] - MoonIOAGSO 0001,3811.496,12789.276,8977.781,
Contact STARLINK-11072 [DTC] - MoonIOAGSO 0001,14798.793,23796.365,8997.571,
Contact STARLINK-11072 [DTC] - MoonIOAGSO 0001,25771.152,34826.114,9054.962,
Contact STARLINK-11072 [DTC] - MoonIOAGSO 0001,36762.184,45853.707,9091.523,
Contact STARLINK-11072 [DTC] - MoonIOAGSO 0001,47770.822,56871.528,9100.705,
Contact STARLINK-11072 [DTC] - MoonIOAGSO 0001,58757.586,67893.983,9136.396,
Contact STARLINK-11072 [DTC] - MoonIOAGSO 0001,69725.636,78956.356,9230.720,
Contact STARLINK-11072 [DTC] - MoonIOAGSO 0001,80723.206,86400.000,5676.794,
Contact STARLINK-11072 [DTC] - MoonLRO,7086.780,10991.431,3904.650,
Contact STARLINK-11072 [DTC] - MoonLRO,20712.759,23803.789,3091.030,
Contact STARLINK-11072 [DTC] - MoonLRO,27569.061,29309.134,1740.073,
Contact STARLINK-11072 [DTC] - MoonLRO,42243.669,45150.831,2907.162,
Contact STARLINK-11072 [DTC] - MoonLRO,48029.191,51361.581,3332.390,
Contact STARLINK-11072 [DTC] - MoonLRO,64230.538,65621.925,1391.386,
Contact STARLINK-11072 [DTC] - MoonLRO,69716.023,78948.165,9232.141,
Contact STARLINK-11072 [DTC] - MoonLRO,82195.875,84468.678,2272.803,
Contact STARLINK-11072 [DTC] - MarsSat1,933.201,9753.814,8820.612,
Contact STARLINK-11072 [DTC] - MarsSat1,11918.140,20739.564,8821.424,
Contact STARLINK-11072 [DTC] - MarsSat1,22903.089,31725.388,8822.299,
Contact STARLINK-11072 [DTC] - MarsSat1,33888.066,42711.299,8823.233,
Contact STARLINK-11072 [DTC] - MarsSat1,44873.076,53697.294,8824.218,
Contact STARLINK-11072 [DTC] - MarsSat1,55858.112,59190.319,3332.206,
Contact STARLINK-11072 [DTC] - MarsSat1,66843.161,70176.413,3333.251,
Contact STARLINK-11072 [DTC] - MarsSat1,72335.686,81162.553,8826.867,
Contact STARLINK-11072 [DTC] - MarsSat1,83320.730,86400.000,3079.270,
Contact STARLINK-11072 [DTC] - MarsSat2,933.273,9753.912,8820.639,
Contact STARLINK-11072 [DTC] - MarsSat2,11918.246,20739.696,8821.449,
Contact STARLINK-11072 [DTC] - MarsSat2,22903.219,31725.534,8822.315,
Contact STARLINK-11072 [DTC] - MarsSat2,33888.196,42711.430,8823.234,
Contact STARLINK-11072 [DTC] - MarsSat2,44873.179,53697.384,8824.205,
Contact STARLINK-11072 [DTC] - MarsSat2,55858.171,59190.384,3332.214,
Contact STARLINK-11072 [DTC] - MarsSat2,66843.174,70176.432,3333.258,
Contact STARLINK-11072 [DTC] - MarsSat2,72335.680,81162.543,8826.863,
Contact STARLINK-11072 [DTC] - MarsSat2,83320.703,86400.000,3079.297,
Contact STARLINK-11072 [DTC] - MarsSat3,933.245,9753.875,8820.630,
Contact STARLINK-11072 [DTC] - MarsSat3,11918.205,20739.636,8821.431,
Contact STARLINK-11072 [DTC] - MarsSat3,22903.154,31725.445,8822.291,
Contact STARLINK-11072 [DTC] - MarsSat3,33888.102,42711.311,8823.210,
Contact STARLINK-11072 [DTC] - MarsSat3,44873.062,53697.252,8824.190,
Contact STARLINK-11072 [DTC] - MarsSat3,55858.053,59190.259,3332.205,
Contact STARLINK-11072 [DTC] - MarsSat3,66843.105,70176.362,3333.257,
Contact STARLINK-11072 [DTC] - MarsSat3,72335.653,81162.553,8826.900,
Contact STARLINK-11072 [DTC] - MarsSat3,83320.752,86400.000,3079.248,
Contact STARLINK-11072 [DTC] - MarsSat4,933.194,9753.789,8820.595,
Contact STARLINK-11072 [DTC] - MarsSat4,11918.116,20739.583,8821.467,
Contact STARLINK-11072 [DTC] - MarsSat4,22903.134,31725.456,8822.322,
Contact STARLINK-11072 [DTC] - MarsSat4,33888.118,42711.315,8823.197,
Contact STARLINK-11072 [DTC] - MarsSat4,44873.071,53697.303,8824.232,
Contact STARLINK-11072 [DTC] - MarsSat4,55858.129,59190.342,3332.214,
Contact STARLINK-11072 [DTC] - MarsSat4,66843.144,70176.379,3333.235,
Contact STARLINK-11072 [DTC] - MarsSat4,72335.636,81162.481,8826.845,
Contact STARLINK-11072 [DTC] - MarsSat4,83320.677,86400.000,3079.323,
Contact STARLINK-5176 - STARLINK-2042,2870.666,3919.812,1049.146,
Contact STARLINK-5176 - STARLINK-2042,14310.891,18238.900,3928.009,
Contact STARLINK-5176 - STARLINK-2042,28602.492,32538.666,3936.175,
Contact STARLINK-5176 - STARLINK-2042,42911.633,46857.469,3945.837,
Contact STARLINK-5176 - STARLINK-2042,57203.492,58304.810,1101.319,
Contact STARLINK-5176 - STARLINK-2042,71512.618,72604.526,1091.909,
Contact STARLINK-5176 - STARLINK-2042,85804.723,86400.000,595.277,
Contact STARLINK-5176 - STARLINK-6319,71884.150,72447.916,563.767,
Contact STARLINK-5176 - STARLINK-6319,86137.980,86400.000,262.020,
Contact STARLINK-5176 - MoonARTEMIS1,4241.782,14242.253,10000.470,
Contact STARLINK-5176 - MoonARTEMIS1,15799.606,31528.171,15728.565,
Contact STARLINK-5176 - MoonARTEMIS1,33087.232,43032.326,9945.093,
Contact STARLINK-5176 - MoonARTEMIS1,44599.682,60272.022,15672.340,
Contact STARLINK-5176 - MoonARTEMIS1,61856.431,71757.469,9901.039,
Contact STARLINK-5176 - MoonARTEMIS1,73354.453,86400.000,13045.547,
Contact STARLINK-5176 - MoonARTEMIS2,0.000,2641.371,2641.371,
Contact STARLINK-5176 - MoonARTEMIS2,4192.153,14160.429,9968.276,
Contact STARLINK-5176 - MoonARTEMIS2,15699.524,31455.794,15756.270,
Contact STARLINK-5176 - MoonARTEMIS2,34880.344,43001.787,8121.443,
Contact STARLINK-5176 - MoonARTEMIS2,44546.265,60255.699,15709.435,
Contact STARLINK-5176 - MoonARTEMIS2,61799.274,71751.722,9952.448,
Contact STARLINK-5176 - MoonARTEMIS2,73303.975,86400.000,13096.025,
Contact STARLINK-5176 - MoonIOAGEO,0.000,2674.369,2674.369,
Contact STARLINK-5176 - MoonIOAGEO,10016.010,14229.162,4213.152,
Contact STARLINK-5176 - MoonIOAGEO,15779.602,31457.927,15678.325,
Contact STARLINK-5176 - MoonIOAGEO,32998.247,42958.927,9960.680,
Contact STARLINK-5176 - MoonIOAGEO,44509.580,47719.654,3210.074,
Contact STARLINK-5176 - MoonIOAGEO,51927.377,60261.571,8334.193,
Contact STARLINK-5176 - MoonIOAGEO,61830.178,71739.166,9908.988,
Contact STARLINK-5176 - MoonIOAGEO,73311.618,86400.000,13088.382,
Contact STARLINK-5176 - MoonIOAGNO,0.000,2712.562,2712.562,
Contact STARLINK-5176 - MoonIOAGNO,4257.755,14187.931,9930.175,
Contact STARLINK-5176 - MoonIOAGNO,15727.957,31490.449,15762.492,
Contact STARLINK-5176 - MoonIOAGNO,32983.065,43007.747,10024.682,
Contact STARLINK-5176 - MoonIOAGNO,44528.689,60233.550,15704.861,
Contact STARLINK-5176 - MoonIOAGNO,61765.988,71757.585,9991.597,
Contact STARLINK-5176 - MoonIOAGNO,73285.163,86400.000,13114.837,
Contact STARLINK-5176 - MoonIOAGNO 0001,0.000,2685.633,2685.633,
Contact STARLINK-5176 - MoonIOAGNO 0001,4207.488,14224.525,10017.037,
Contact STARLINK-5176 - MoonIOAGNO 0001,15729.981,31472.842,15742.861,
Contact STARLINK-5176 - MoonIOAGNO 0001,33020.303,42982.571,9962.268,
Contact STARLINK-5176 - MoonIOAGNO 0001,44486.446,60265.255,15778.809,
Contact STARLINK-5176 - MoonIOAGNO 0001,61789.453,71749.311,9959.858,
Contact STARLINK-5176 - MoonIOAGNO 0001,73333.399,86400.000,13066.601,
Contact STARLINK-5176 - MoonIOAGSO,0.000,2656.233,2656.233,
Contact STARLINK-5176 - MoonIOAGSO,4243.214,14208.160,9964.945,
Contact STARLINK-5176 - MoonIOAGSO,15768.173,31424.118,15655.945,
Contact STARLINK-5176 - MoonIOAGSO,33018.697,42938.685,9919.988,
Contact STARLINK-5176 - MoonIOAGSO,44515.349,60229.848,15714.499,
Contact STARLINK-5176 - MoonIOAGSO,61814.206,71694.061,9879.855,
Contact STARLINK-5176 - MoonIOAGSO,73313.532,86400.000,13086.468,
Contact STARLINK-5176 - MoonIOAGSO 0001,0.000,2656.085,2656.085,
Contact STARLINK-5176 - MoonIOAGSO 0001,4265.686,14155.037,9889.351,
Contact STARLINK-5176 - MoonIOAGSO 0001,15755.673,29884.409,14128.736,
Contact STARLINK-5176 - MoonIOAGSO 0001,33018.783,42955.162,9936.379,
Contact STARLINK-5176 - MoonIOAGSO 0001,44539.893,60189.019,15649.126,
Contact STARLINK-5176 - MoonIOAGSO 0001,61786.997,71726.092,9939.095,
Contact STARLINK-5176 - MoonIOAGSO 0001,73307.277,86400.000,13092.723,
Contact STARLINK-5176 - MoonLRO,7083.995,10990.120,3906.125,
Contact STARLINK-5176 - MoonLRO,21502.549,24650.515,3147.966,
Contact STARLINK-5176 - MoonLRO,27553.675,31459.621,3905.946,
Contact STARLINK-5176 - MoonLRO,34403.651,37221.618,2817.967,
Contact STARLINK-5176 - MoonLRO,48045.334,51978.941,3933.608,
Contact STARLINK-5176 - MoonLRO,56040.879,58800.779,2759.901,
Contact STARLINK-5176 - MoonLRO,61797.183,65609.899,3812.717,
Contact STARLINK-5176 - MoonLRO,75382.189,83240.229,7858.040,
Contact STARLINK-5176 - MarsSat1,880.775,10394.254,9513.478,
Contact STARLINK-5176 - MarsSat1,12332.247,16121.755,3789.508,
Contact STARLINK-5176 - MarsSat1,18058.022,27576.816,9518.795,
Contact STARLINK-5176 - MarsSat1,29509.669,39031.989,9522.320,
Contact STARLINK-5176 - MarsSat1,40961.466,56214.990,15253.524,
Contact STARLINK-5176 - MarsSat1,58139.444,67670.455,9531.011,
Contact STARLINK-5176 - MarsSat1,69591.582,79125.971,9534.389,
Contact STARLINK-5176 - MarsSat1,81043.810,84853.737,3809.927,
Contact STARLINK-5176 - MarsSat2,880.859,10394.344,9513.485,
Contact STARLINK-5176 - MarsSat2,12332.394,16121.895,3789.501,
Contact STARLINK-5176 - MarsSat2,18058.199,27577.050,9518.851,
Contact STARLINK-5176 - MarsSat2,29509.885,39032.275,9522.390,
Contact STARLINK-5176 - MarsSat2,40961.676,56215.236,15253.560,
Contact STARLINK-5176 - MarsSat2,58139.566,67670.623,9531.056,
Contact STARLINK-5176 - MarsSat2,69591.632,79126.069,9534.437,
Contact STARLINK-5176 - MarsSat2,81043.810,84853.814,3810.003,
Contact STARLINK-5176 - MarsSat3,880.818,10394.306,9513.489,
Contact STARLINK-5176 - MarsSat3,12332.338,16121.849,3789.512,
Contact STARLINK-5176 - MarsSat3,18058.126,27576.971,9518.845,
Contact STARLINK-5176 - MarsSat3,29509.769,39032.141,9522.371,
Contact STARLINK-5176 - MarsSat3,40961.513,56215.001,15253.487,
Contact STARLINK-5176 - MarsSat3,58139.371,67670.362,9530.992,
Contact STARLINK-5176 - MarsSat3,69591.501,79125.881,9534.379,
Contact STARLINK-5176 - MarsSat3,81043.797,84853.676,3809.880,
Contact STARLINK-5176 - MarsSat4,880.759,10394.215,9513.455,
Contact STARLINK-5176 - MarsSat4,12332.209,16121.711,3789.502,
Contact STARLINK-5176 - MarsSat4,18058.008,27576.909,9518.900,
Contact STARLINK-5176 - MarsSat4,29509.772,39032.111,9522.339,
Contact STARLINK-5176 - MarsSat4,40961.514,56215.037,15253.523,
Contact STARLINK-5176 - MarsSat4,58139.482,67670.478,9530.996,
Contact STARLINK-5176 - MarsSat4,69591.546,79125.872,9534.325,
Contact STARLINK-5176 - MarsSat4,81043.701,84853.615,3809.914,
Contact STARLINK-2042 - STARLINK-6319,0.000,86400.000,86400.000,
Contact STARLINK-2042 - MoonARTEMIS1,3306.545,6895.875,3589.330,
Contact STARLINK-2042 - MoonARTEMIS1,9037.383,12634.045,3596.663,
Contact STARLINK-2042 - MoonARTEMIS1,14767.260,24103.988,9336.728,
Contact STARLINK-2042 - MoonARTEMIS1,26223.058,35570.542,9347.485,
Contact STARLINK-2042 - MoonARTEMIS1,37676.136,41303.094,3626.958,
Contact STARLINK-2042 - MoonARTEMIS1,43401.984,52767.126,9365.142,
Contact STARLINK-2042 - MoonARTEMIS1,54852.561,64229.924,9377.363,
Contact STARLINK-2042 - MoonARTEMIS1,66301.789,69960.873,3659.084,
Contact STARLINK-2042 - MoonARTEMIS1,72025.904,81421.773,9395.868,
Contact STARLINK-2042 - MoonARTEMIS1,83473.028,86400.000,2926.972,
Contact STARLINK-2042 - MoonARTEMIS2,0.000,6873.749,6873.749,
Contact STARLINK-2042 - MoonARTEMIS2,9019.860,12605.300,3585.440,
Contact STARLINK-2042 - MoonARTEMIS2,14747.904,24072.352,9324.447,
Contact STARLINK-2042 - MoonARTEMIS2,26206.207,33020.444,6814.238,
Contact STARLINK-2042 - MoonARTEMIS2,37668.140,41284.272,3616.132,
Contact STARLINK-2042 - MoonARTEMIS2,43391.196,52741.622,9350.425,
Contact STARLINK-2042 - MoonARTEMIS2,54836.805,64200.462,9363.657,
Contact STARLINK-2042 - MoonARTEMIS2,66282.909,69930.696,3647.787,
Contact STARLINK-2042 - MoonARTEMIS2,72006.157,81392.972,9386.815,
Contact STARLINK-2042 - MoonARTEMIS2,83453.043,86400.000,2946.957,
Contact STARLINK-2042 - MoonIOAGEO,0.000,3805.933,3805.933,
Contact STARLINK-2042 - MoonIOAGEO,9035.989,12630.074,3594.086,
Contact STARLINK-2042 - MoonIOAGEO,14763.617,24088.992,9325.375,
Contact STARLINK-2042 - MoonIOAGEO,26214.161,35542.895,9328.734,
Contact STARLINK-2042 - MoonIOAGEO,37663.875,41274.761,3610.886,
Contact STARLINK-2042 - MoonIOAGEO,43390.454,47010.688,3620.234,
Contact STARLINK-2042 - MoonIOAGEO,54844.298,64216.685,9372.387,
Contact STARLINK-2042 - MoonIOAGEO,66294.123,69944.631,3650.508,
Contact STARLINK-2042 - MoonIOAGEO,72017.953,81402.459,9384.506,
Contact STARLINK-2042 - MoonIOAGEO,83467.038,86400.000,2932.962,
Contact STARLINK-2042 - MoonIOAGNO,0.000,6898.038,6898.038,
Contact STARLINK-2042 - MoonIOAGNO,9039.862,12624.382,3584.520,
Contact STARLINK-2042 - MoonIOAGNO,14755.806,24065.578,9309.772,
Contact STARLINK-2042 - MoonIOAGNO,26192.935,35530.892,9337.958,
Contact STARLINK-2042 - MoonIOAGNO,37647.761,41269.225,3621.464,
Contact STARLINK-2042 - MoonIOAGNO,43380.223,52751.895,9371.672,
Contact STARLINK-2042 - MoonIOAGNO,54846.986,64189.549,9342.562,
Contact STARLINK-2042 - MoonIOAGNO,66273.589,81394.129,15120.540,
Contact STARLINK-2042 - MoonIOAGNO,83450.720,86400.000,2949.280,
Contact STARLINK-2042 - MoonIOAGNO 0001,0.000,6873.618,6873.618,
Contact STARLINK-2042 - MoonIOAGNO 0001,9013.717,12606.387,3592.671,
Contact STARLINK-2042 - MoonIOAGNO 0001,14742.718,24082.266,9339.548,
Contact STARLINK-2042 - MoonIOAGNO 0001,26210.504,35543.609,9333.105,
Contact STARLINK-2042 - MoonIOAGNO 0001,37657.333,41262.684,3605.350,
Contact STARLINK-2042 - MoonIOAGNO 0001,43373.641,52722.912,9349.271,
Contact STARLINK-2042 - MoonIOAGNO 0001,54821.278,64200.501,9379.222,
Contact STARLINK-2042 - MoonIOAGNO 0001,66283.329,69944.499,3661.169,
Contact STARLINK-2042 - MoonIOAGNO 0001,72019.958,81396.619,9376.660,
Contact STARLINK-2042 - MoonIOAGNO 0001,83453.680,86400.000,2946.320,
Contact STARLINK-2042 - MoonIOAGSO,0.000,6892.842,6892.842,
Contact STARLINK-2042 - MoonIOAGSO,9270.203,12624.991,3354.789,
Contact STARLINK-2042 - MoonIOAGSO,14765.655,24100.895,9335.241,
Contact STARLINK-2042 - MoonIOAGSO,26232.590,35561.403,9328.813,
Contact STARLINK-2042 - MoonIOAGSO,37682.612,41288.362,3605.751,
Contact STARLINK-2042 - MoonIOAGSO,43402.566,51883.217,8480.651,
Contact STARLINK-2042 - MoonIOAGSO,54839.050,64223.650,9384.599,
Contact STARLINK-2042 - MoonIOAGSO,66312.112,69958.444,3646.332,
Contact STARLINK-2042 - MoonIOAGSO,72040.369,81420.087,9379.718,
Contact STARLINK-2042 - MoonIOAGSO,83484.939,86400.000,2915.061,
Contact STARLINK-2042 - MoonIOAGSO 0001,0.000,6909.701,6909.701,
Contact STARLINK-2042 - MoonIOAGSO 0001,9053.178,12638.569,3585.392,
Contact STARLINK-2042 - MoonIOAGSO 0001,14777.741,24089.974,9312.233,
Contact STARLINK-2042 - MoonIOAGSO 0001,26217.280,35552.459,9335.179,
Contact STARLINK-2042 - MoonIOAGSO 0001,37673.410,41292.619,3619.208,
Contact STARLINK-2042 - MoonIOAGSO 0001,43408.184,52759.014,9350.831,
Contact STARLINK-2042 - MoonIOAGSO 0001,54863.162,64215.745,9352.584,
Contact STARLINK-2042 - MoonIOAGSO 0001,66303.360,69942.019,3638.659,
Contact STARLINK-2042 - MoonIOAGSO 0001,72017.582,81420.585,9403.002,
Contact STARLINK-2042 - MoonIOAGSO 0001,83481.428,86400.000,2918.572,
Contact STARLINK-2042 - MoonLRO,3311.914,4138.501,826.587,
Contact STARLINK-2042 - MoonLRO,9034.845,10990.442,1955.597,
Contact STARLINK-2042 - MoonLRO,20709.575,24090.514,3380.939,
Contact STARLINK-2042 - MoonLRO,27551.815,29818.762,2266.947,
Contact STARLINK-2042 - MoonLRO,49114.050,51981.082,2867.032,
Contact STARLINK-2042 - MoonLRO,54857.116,58481.598,3624.482,
Contact STARLINK-2042 - MoonLRO,75384.708,79278.118,3893.410,
Contact STARLINK-2042 - MarsSat1,309.238,9688.825,9379.587,
Contact STARLINK-2042 - MarsSat1,11763.167,21139.653,9376.487,
Contact STARLINK-2042 - MarsSat1,23217.015,26865.082,3648.066,
Contact STARLINK-2042 - MarsSat1,28943.918,38315.971,9372.054,
Contact STARLINK-2042 - MarsSat1,40397.687,49766.899,9369.212,
Contact STARLINK-2042 - MarsSat1,51851.407,66943.330,15091.923,
Contact STARLINK-2042 - MarsSat1,69031.861,78394.291,9362.431,
Contact STARLINK-2042 - MarsSat1,80485.384,86400.000,5914.616,
Contact STARLINK-2042 - MarsSat2,309.309,9688.934,9379.626,
Contact STARLINK-2042 - MarsSat2,11763.285,21139.775,9376.491,
Contact STARLINK-2042 - MarsSat2,23217.169,26865.201,3648.033,
Contact STARLINK-2042 - MarsSat2,28944.078,38316.066,9371.988,
Contact STARLINK-2042 - MarsSat2,40397.834,49766.949,9369.115,
Contact STARLINK-2042 - MarsSat2,51851.510,66943.312,15091.803,
Contact STARLINK-2042 - MarsSat2,69031.879,78394.249,9362.370,
Contact STARLINK-2042 - MarsSat2,80485.368,86400.000,5914.632,
Contact STARLINK-2042 - MarsSat3,309.276,9688.895,9379.619,
Contact STARLINK-2042 - MarsSat3,11763.239,21139.710,9376.471,
Contact STARLINK-2042 - MarsSat3,23217.095,26865.122,3648.027,
Contact STARLINK-2042 - MarsSat3,28943.987,38315.962,9371.974,
Contact STARLINK-2042 - MarsSat3,40397.710,49766.839,9369.128,
Contact STARLINK-2042 - MarsSat3,51851.368,66943.278,15091.910,
Contact STARLINK-2042 - MarsSat3,69031.803,78394.306,9362.503,
Contact STARLINK-2042 - MarsSat3,80485.386,86400.000,5914.614,
Contact STARLINK-2042 - MarsSat4,309.227,9688.803,9379.576,
Contact STARLINK-2042 - MarsSat4,11763.137,21139.689,9376.551,
Contact STARLINK-2042 - MarsSat4,23217.066,26865.146,3648.081,
Contact STARLINK-2042 - MarsSat4,28943.996,38315.982,9371.987,
Contact STARLINK-2042 - MarsSat4,40397.717,49766.877,9369.160,
Contact STARLINK-2042 - MarsSat4,51851.406,66943.302,15091.897,
Contact STARLINK-2042 - MarsSat4,69031.831,78394.225,9362.394,
Contact STARLINK-2042 - MarsSat4,80485.307,86400.000,5914.693,
Contact STARLINK-5503 - MoonARTEMIS1,1531.607,5147.400,3615.793,
Contact STARLINK-5503 - MoonARTEMIS1,7314.924,16716.522,9401.598,
Contact STARLINK-5503 - MoonARTEMIS1,18880.346,28268.074,9387.729,
Contact STARLINK-5503 - MoonARTEMIS1,30431.165,34041.232,3610.067,
Contact STARLINK-5503 - MoonARTEMIS1,36204.108,45584.231,9380.123,
Contact STARLINK-5503 - MoonARTEMIS1,47746.758,57123.962,9377.205,
Contact STARLINK-5503 - MoonARTEMIS1,59286.197,62892.865,3606.668,
Contact STARLINK-5503 - MoonARTEMIS1,65054.977,74429.077,9374.100,
Contact STARLINK-5503 - MoonARTEMIS1,76591.025,85963.572,9372.548,
Contact STARLINK-5503 - MoonARTEMIS2,1514.122,5128.282,3614.160,
Contact STARLINK-5503 - MoonARTEMIS2,7286.685,16673.290,9386.606,
Contact STARLINK-5503 - MoonARTEMIS2,18833.922,28224.062,9390.140,
Contact STARLINK-5503 - MoonARTEMIS2,30388.774,32992.166,2603.392,
Contact STARLINK-5503 - MoonARTEMIS2,36179.304,45564.380,9385.076,
Contact STARLINK-5503 - MoonARTEMIS2,47728.430,57105.480,9377.050,
Contact STARLINK-5503 - MoonARTEMIS2,59270.170,62875.605,3605.436,
Contact STARLINK-5503 - MoonARTEMIS2,65040.649,74415.791,9375.142,
Contact STARLINK-5503 - MoonARTEMIS2,76581.438,85956.213,9374.776,
Contact STARLINK-5503 - MoonIOAGEO,1527.916,3719.468,2191.552,
Contact STARLINK-5503 - MoonIOAGEO,7955.561,16707.683,8752.122,
Contact STARLINK-5503 - MoonIOAGEO,18868.531,28236.846,9368.315,
Contact STARLINK-5503 - MoonIOAGEO,30394.963,33998.819,3603.857,
Contact STARLINK-5503 - MoonIOAGEO,36159.093,45545.982,9386.889,
Contact STARLINK-5503 - MoonIOAGEO,53496.602,57110.390,3613.788,
Contact STARLINK-5503 - MoonIOAGEO,59276.346,62884.246,3607.900,
Contact STARLINK-5503 - MoonIOAGEO,65047.362,74410.191,9362.830,
Contact STARLINK-5503 - MoonIOAGEO,76571.609,85947.240,9375.631,
Contact STARLINK-5503 - MoonIOAGNO,1547.115,5160.088,3612.973,
Contact STARLINK-5503 - MoonIOAGNO,7317.239,16686.454,9369.216,
Contact STARLINK-5503 - MoonIOAGNO,18847.022,28238.851,9391.829,
Contact STARLINK-5503 - MoonIOAGNO,30400.716,34015.204,3614.488,
Contact STARLINK-5503 - MoonIOAGNO,36177.600,45563.933,9386.334,
Contact STARLINK-5503 - MoonIOAGNO,47726.550,57091.743,9365.193,
Contact STARLINK-5503 - MoonIOAGNO,59255.050,62864.401,3609.351,
Contact STARLINK-5503 - MoonIOAGNO,65029.469,74416.651,9387.181,
Contact STARLINK-5503 - MoonIOAGNO,76582.251,85967.706,9385.455,
Contact STARLINK-5503 - MoonIOAGNO 0001,1531.628,5150.427,3618.799,
Contact STARLINK-5503 - MoonIOAGNO 0001,7309.224,16702.740,9393.516,
Contact STARLINK-5503 - MoonIOAGNO 0001,18863.020,28246.156,9383.136,
Contact STARLINK-5503 - MoonIOAGNO 0001,30404.881,34004.712,3599.831,
Contact STARLINK-5503 - MoonIOAGNO 0001,36164.910,45551.018,9386.108,
Contact STARLINK-5503 - MoonIOAGNO 0001,47714.808,57103.641,9388.833,
Contact STARLINK-5503 - MoonIOAGNO 0001,59268.060,62878.782,3610.722,
Contact STARLINK-5503 - MoonIOAGNO 0001,65043.237,74418.131,9374.893,
Contact STARLINK-5503 - MoonIOAGNO 0001,76577.294,85954.299,9377.005,
Contact STARLINK-5503 - MoonIOAGSO,1520.835,5139.916,3619.081,
Contact STARLINK-5503 - MoonIOAGSO,9378.816,16692.158,7313.342,
Contact STARLINK-5503 - MoonIOAGSO,18850.266,28220.303,9370.036,
Contact STARLINK-5503 - MoonIOAGSO,30381.753,33989.175,3607.422,
Contact STARLINK-5503 - MoonIOAGSO,36152.003,45538.421,9386.419,
Contact STARLINK-5503 - MoonIOAGSO,47705.052,57103.016,9397.964,
Contact STARLINK-5503 - MoonIOAGSO,59264.251,62865.553,3601.301,
Contact STARLINK-5503 - MoonIOAGSO,65027.277,74396.872,9369.595,
Contact STARLINK-5503 - MoonIOAGSO,76560.664,85941.222,9380.558,
Contact STARLINK-5503 - MoonIOAGSO 0001,1525.357,5133.048,3607.691,
Contact STARLINK-5503 - MoonIOAGSO 0001,7292.128,16672.946,9380.818,
Contact STARLINK-5503 - MoonIOAGSO 0001,18835.115,28230.731,9395.616,
Contact STARLINK-5503 - MoonIOAGSO 0001,30986.040,34015.634,3029.594,
Contact STARLINK-5503 - MoonIOAGSO 0001,36175.969,45541.799,9365.831,
Contact STARLINK-5503 - MoonIOAGSO 0001,47703.579,57077.717,9374.138,
Contact STARLINK-5503 - MoonIOAGSO 0001,59241.993,62850.897,3608.903,
Contact STARLINK-5503 - MoonIOAGSO 0001,65016.763,74416.344,9399.581,
Contact STARLINK-5503 - MoonIOAGSO 0001,76586.423,85953.716,9367.293,
Contact STARLINK-5503 - MoonLRO,1537.155,4150.665,2613.510,
Contact STARLINK-5503 - MoonLRO,7310.915,16691.984,9381.069,
Contact STARLINK-5503 - MoonLRO,20731.370,22465.847,1734.477,
Contact STARLINK-5503 - MoonLRO,41946.651,45121.691,3175.040,
Contact STARLINK-5503 - MoonLRO,48057.433,51324.246,3266.813,
Contact STARLINK-5503 - MoonLRO,70807.449,72452.639,1645.189,
Contact STARLINK-5503 - MoonLRO,76581.775,85958.139,9376.365,
Contact STARLINK-5503 - MarsSat1,0.000,1747.382,1747.382,
Contact STARLINK-5503 - MarsSat1,3852.515,13264.481,9411.966,
Contact STARLINK-5503 - MarsSat1,15371.018,24781.524,9410.506,
Contact STARLINK-5503 - MarsSat1,26889.438,30540.035,3650.597,
Contact STARLINK-5503 - MarsSat1,32648.627,42057.053,9408.426,
Contact STARLINK-5503 - MarsSat1,44166.982,53574.082,9407.100,
Contact STARLINK-5503 - MarsSat1,55685.314,59332.600,3647.286,
Contact STARLINK-5503 - MarsSat1,61444.468,70849.631,9405.162,
Contact STARLINK-5503 - MarsSat1,72962.734,82366.629,9403.894,
Contact STARLINK-5503 - MarsSat1,84480.918,86400.000,1919.082,
Contact STARLINK-5503 - MarsSat2,0.000,1747.333,1747.333,
Contact STARLINK-5503 - MarsSat2,3852.495,13264.493,9411.998,
Contact STARLINK-5503 - MarsSat2,15371.070,24781.617,9410.547,
Contact STARLINK-5503 - MarsSat2,26889.573,30540.166,3650.593,
Contact STARLINK-5503 - MarsSat2,32648.797,42057.238,9408.441,
Contact STARLINK-5503 - MarsSat2,44167.191,53574.276,9407.084,
Contact STARLINK-5503 - MarsSat2,55685.514,59332.782,3647.268,
Contact STARLINK-5503 - MarsSat2,61444.648,70849.772,9405.123,
Contact STARLINK-5503 - MarsSat2,72962.864,82366.730,9403.866,
Contact STARLINK-5503 - MarsSat2,84481.008,86400.000,1918.992,
Contact STARLINK-5503 - MarsSat3,0.000,1747.323,1747.323,
Contact STARLINK-5503 - MarsSat3,3852.481,13264.493,9412.013,
Contact STARLINK-5503 - MarsSat3,15371.060,24781.614,9410.554,
Contact STARLINK-5503 - MarsSat3,26889.550,30540.154,3650.604,
Contact STARLINK-5503 - MarsSat3,32648.760,42057.190,9408.430,
Contact STARLINK-5503 - MarsSat3,44167.111,53574.166,9407.056,
Contact STARLINK-5503 - MarsSat3,55685.369,59332.635,3647.266,
Contact STARLINK-5503 - MarsSat3,61444.469,70849.566,9405.097,
Contact STARLINK-5503 - MarsSat3,72962.655,82366.544,9403.889,
Contact STARLINK-5503 - MarsSat3,84480.844,86400.000,1919.156,
Contact STARLINK-5503 - MarsSat4,0.000,1747.361,1747.361,
Contact STARLINK-5503 - MarsSat4,3852.496,13264.458,9411.962,
Contact STARLINK-5503 - MarsSat4,15370.985,24781.524,9410.539,
Contact STARLINK-5503 - MarsSat4,26889.476,30540.095,3650.620,
Contact STARLINK-5503 - MarsSat4,32648.715,42057.148,9408.433,
Contact STARLINK-5503 - MarsSat4,44167.067,53574.110,9407.043,
Contact STARLINK-5503 - MarsSat4,55685.346,59332.641,3647.295,
Contact STARLINK-5503 - MarsSat4,61444.517,70849.659,9405.143,
Contact STARLINK-5503 - MarsSat4,72962.740,82366.563,9403.823,
Contact STARLINK-5503 - MarsSat4,84480.832,86400.000,1919.168,
Contact STARLINK-6319 - MoonARTEMIS1,2970.458,6562.783,3592.325,
Contact STARLINK-6319 - MoonARTEMIS1,8728.747,12322.530,3593.783,
Contact STARLINK-6319 - MoonARTEMIS1,14485.401,23833.666,9348.266,
Contact STARLINK-6319 - MoonARTEMIS1,25991.408,35340.374,9348.966,
Contact STARLINK-6319 - MoonARTEMIS1,37492.774,41092.770,3599.996,
Contact STARLINK-6319 - MoonARTEMIS1,43242.350,52596.163,9353.813,
Contact STARLINK-6319 - MoonARTEMIS1,54739.812,64097.989,9358.177,
Contact STARLINK-6319 - MoonARTEMIS1,66235.365,75598.364,9362.999,
Contact STARLINK-6319 - MoonARTEMIS1,77729.178,81347.982,3618.803,
Contact STARLINK-6319 - MoonARTEMIS1,83475.421,86400.000,2924.579,
Contact STARLINK-6319 - MoonARTEMIS2,0.000,6539.616,6539.616,
Contact STARLINK-6319 - MoonARTEMIS2,8703.345,12291.768,3588.423,
Contact STARLINK-6319 - MoonARTEMIS2,14455.416,23799.845,9344.429,
Contact STARLINK-6319 - MoonARTEMIS2,25962.665,33018.178,7055.513,
Contact STARLINK-6319 - MoonARTEMIS2,37479.005,41073.971,3594.966,
Contact STARLINK-6319 - MoonARTEMIS2,43226.674,52571.568,9344.894,
Contact STARLINK-6319 - MoonARTEMIS2,54719.756,64070.212,9350.456,
Contact STARLINK-6319 - MoonARTEMIS2,66213.077,75570.694,9357.617,
Contact STARLINK-6319 - MoonARTEMIS2,77707.057,81321.694,3614.638,
Contact STARLINK-6319 - MoonARTEMIS2,83454.336,86400.000,2945.664,
Contact STARLINK-6319 - MoonIOAGEO,0.000,3817.018,3817.018,
Contact STARLINK-6319 - MoonIOAGEO,8726.452,12318.418,3591.966,
Contact STARLINK-6319 - MoonIOAGEO,14480.034,23818.210,9338.176,
Contact STARLINK-6319 - MoonIOAGEO,25976.013,35311.330,9335.318,
Contact STARLINK-6319 - MoonIOAGEO,37468.772,41063.106,3594.334,
Contact STARLINK-6319 - MoonIOAGEO,43219.837,46819.283,3599.446,
Contact STARLINK-6319 - MoonIOAGEO,54727.013,64085.506,9358.493,
Contact STARLINK-6319 - MoonIOAGEO,66225.538,75579.528,9353.990,
Contact STARLINK-6319 - MoonIOAGEO,77716.059,81329.410,3613.351,
Contact STARLINK-6319 - MoonIOAGEO,83464.156,86400.000,2935.844,
Contact STARLINK-6319 - MoonIOAGNO,0.000,6565.392,6565.392,
Contact STARLINK-6319 - MoonIOAGNO,8729.910,12312.811,3582.901,
Contact STARLINK-6319 - MoonIOAGNO,14467.684,23794.880,9327.196,
Contact STARLINK-6319 - MoonIOAGNO,25953.715,35301.122,9347.407,
Contact STARLINK-6319 - MoonIOAGNO,37458.404,41059.369,3600.965,
Contact STARLINK-6319 - MoonIOAGNO,43215.273,52580.575,9365.302,
Contact STARLINK-6319 - MoonIOAGNO,54726.793,64059.536,9332.744,
Contact STARLINK-6319 - MoonIOAGNO,66201.701,75564.495,9362.794,
Contact STARLINK-6319 - MoonIOAGNO,77700.200,81323.060,3622.860,
Contact STARLINK-6319 - MoonIOAGNO,83454.677,86400.000,2945.323,
Contact STARLINK-6319 - MoonIOAGNO 0001,0.000,6541.513,6541.513,
Contact STARLINK-6319 - MoonIOAGNO 0001,8703.658,12295.023,3591.365,
Contact STARLINK-6319 - MoonIOAGNO 0001,14457.539,23811.346,9353.807,
Contact STARLINK-6319 - MoonIOAGNO 0001,25973.496,35313.084,9339.588,
Contact STARLINK-6319 - MoonIOAGNO 0001,37464.501,41052.620,3588.120,
Contact STARLINK-6319 - MoonIOAGNO 0001,43205.363,52553.562,9348.199,
Contact STARLINK-6319 - MoonIOAGNO 0001,54703.229,64070.202,9366.973,
Contact STARLINK-6319 - MoonIOAGNO 0001,66214.596,75589.751,9375.155,
Contact STARLINK-6319 - MoonIOAGNO 0001,77719.213,81324.727,3605.514,
Contact STARLINK-6319 - MoonIOAGNO 0001,83453.604,86400.000,2946.396,
Contact STARLINK-6319 - MoonIOAGSO,0.000,6560.021,6560.021,
Contact STARLINK-6319 - MoonIOAGSO,9275.012,12312.509,3037.498,
Contact STARLINK-6319 - MoonIOAGSO,14478.691,23827.760,9349.069,
Contact STARLINK-6319 - MoonIOAGSO,25989.057,35328.348,9339.291,
Contact STARLINK-6319 - MoonIOAGSO,37485.467,41075.764,3590.297,
Contact STARLINK-6319 - MoonIOAGSO,43230.159,51849.391,8619.233,
Contact STARLINK-6319 - MoonIOAGSO,54720.943,64090.486,9369.542,
Contact STARLINK-6319 - MoonIOAGSO,66237.017,75595.522,9358.505,
Contact STARLINK-6319 - MoonIOAGSO,77734.742,81344.945,3610.203,
Contact STARLINK-6319 - MoonIOAGSO,83479.414,86400.000,2920.586,
Contact STARLINK-6319 - MoonIOAGSO 0001,0.000,6575.202,6575.202,
Contact STARLINK-6319 - MoonIOAGSO 0001,8737.321,12324.451,3587.130,
Contact STARLINK-6319 - MoonIOAGSO 0001,14485.398,23817.482,9332.084,
Contact STARLINK-6319 - MoonIOAGSO 0001,25975.244,35321.074,9345.830,
Contact STARLINK-6319 - MoonIOAGSO 0001,37481.616,41080.378,3598.762,
Contact STARLINK-6319 - MoonIOAGSO 0001,43237.707,52585.789,9348.082,
Contact STARLINK-6319 - MoonIOAGSO 0001,54737.591,64082.698,9345.107,
Contact STARLINK-6319 - MoonIOAGSO 0001,66226.869,75581.697,9354.828,
Contact STARLINK-6319 - MoonIOAGSO 0001,77721.141,81346.438,3625.297,
Contact STARLINK-6319 - MoonIOAGSO 0001,83481.120,86400.000,2918.880,
Contact STARLINK-6319 - MoonLRO,2975.876,4143.732,1167.857,
Contact STARLINK-6319 - MoonLRO,8722.750,10995.178,2272.427,
Contact STARLINK-6319 - MoonLRO,20711.396,23818.316,3106.920,
Contact STARLINK-6319 - MoonLRO,27556.502,29566.535,2010.033,
Contact STARLINK-6319 - MoonLRO,48970.598,51979.979,3009.381,
Contact STARLINK-6319 - MoonLRO,54858.041,58329.878,3471.837,
Contact STARLINK-6319 - MoonLRO,71975.367,72432.045,456.678,
Contact STARLINK-6319 - MoonLRO,77722.129,79278.797,1556.668,
Contact STARLINK-6319 - MarsSat1,0.000,3560.079,3560.079,
Contact STARLINK-6319 - MarsSat1,5549.869,9305.604,3755.735,
Contact STARLINK-6319 - MarsSat1,11298.116,20796.642,9498.527,
Contact STARLINK-6319 - MarsSat1,22794.487,32287.680,9493.193,
Contact STARLINK-6319 - MarsSat1,34290.726,38033.202,3742.476,
Contact STARLINK-6319 - MarsSat1,40038.804,49524.249,9485.445,
Contact STARLINK-6319 - MarsSat1,51534.880,61015.288,9480.408,
Contact STARLINK-6319 - MarsSat1,63030.833,66760.798,3729.965,
Contact STARLINK-6319 - MarsSat1,68778.755,78251.790,9473.035,
Contact STARLINK-6319 - MarsSat1,80274.471,86400.000,6125.529,
Contact STARLINK-6319 - MarsSat2,0.000,3560.183,3560.183,
Contact STARLINK-6319 - MarsSat2,5549.952,9305.728,3755.775,
Contact STARLINK-6319 - MarsSat2,11298.236,20796.792,9498.556,
Contact STARLINK-6319 - MarsSat2,22794.674,32287.827,9493.153,
Contact STARLINK-6319 - MarsSat2,34290.946,38033.335,3742.389,
Contact STARLINK-6319 - MarsSat2,40039.022,49524.335,9485.313,
Contact STARLINK-6319 - MarsSat2,51535.057,61015.316,9480.258,
Contact STARLINK-6319 - MarsSat2,63030.940,66760.800,3729.859,
Contact STARLINK-6319 - MarsSat2,68778.826,78251.757,9472.931,
Contact STARLINK-6319 - MarsSat2,80274.491,86400.000,6125.509,
Contact STARLINK-6319 - MarsSat3,0.000,3560.146,3560.146,
Contact STARLINK-6319 - MarsSat3,5549.913,9305.683,3755.770,
Contact STARLINK-6319 - MarsSat3,11298.190,20796.718,9498.528,
Contact STARLINK-6319 - MarsSat3,22794.598,32287.719,9493.121,
Contact STARLINK-6319 - MarsSat3,34290.827,38033.212,3742.385,
Contact STARLINK-6319 - MarsSat3,40038.880,49524.197,9485.317,
Contact STARLINK-6319 - MarsSat3,51534.876,61015.207,9480.332,
Contact STARLINK-6319 - MarsSat3,63030.759,66760.733,3729.974,
Contact STARLINK-6319 - MarsSat3,68778.677,78251.795,9473.118,
Contact STARLINK-6319 - MarsSat3,80274.442,86400.000,6125.558,
Contact STARLINK-6319 - MarsSat4,0.000,3560.064,3560.064,
Contact STARLINK-6319 - MarsSat4,5549.841,9305.577,3755.736,
Contact STARLINK-6319 - MarsSat4,11298.078,20796.674,9498.596,
Contact STARLINK-6319 - MarsSat4,22794.527,32287.745,9493.218,
Contact STARLINK-6319 - MarsSat4,34290.824,38033.231,3742.406,
Contact STARLINK-6319 - MarsSat4,40038.873,49524.231,9485.358,
Contact STARLINK-6319 - MarsSat4,51534.890,61015.300,9480.411,
Contact STARLINK-6319 - MarsSat4,63030.860,66760.774,3729.914,
Contact STARLINK-6319 - MarsSat4,68778.739,78251.711,9472.972,
Contact STARLINK-6319 - MarsSat4,80274.375,86400.000,6125.625,
Contact STARLINK-4522 - MoonARTEMIS1,5568.501,9218.928,3650.427,
Contact STARLINK-4522 - MoonARTEMIS1,11307.043,20661.218,9354.175,
Contact STARLINK-4522 - MoonARTEMIS1,22766.688,32099.645,9332.957,
Contact STARLINK-4522 - MoonARTEMIS1,34217.343,37818.075,3600.731,
Contact STARLINK-4522 - MoonARTEMIS1,39940.746,49253.795,9313.048,
Contact STARLINK-4522 - MoonARTEMIS1,51384.806,60688.238,9303.432,
Contact STARLINK-4522 - MoonARTEMIS1,62825.962,66405.015,3579.053,
Contact STARLINK-4522 - MoonARTEMIS1,68545.621,77837.644,9292.023,
Contact STARLINK-4522 - MoonARTEMIS1,79983.264,86400.000,6416.736,
Contact STARLINK-4522 - MoonARTEMIS2,0.000,3478.636,3478.636,
Contact STARLINK-4522 - MoonARTEMIS2,5541.311,9197.217,3655.907,
Contact STARLINK-4522 - MoonARTEMIS2,11268.666,20636.790,9368.124,
Contact STARLINK-4522 - MoonARTEMIS2,22725.684,32083.273,9357.589,
Contact STARLINK-4522 - MoonARTEMIS2,34891.654,37806.178,2914.524,
Contact STARLINK-4522 - MoonARTEMIS2,39922.795,49235.403,9312.608,
Contact STARLINK-4522 - MoonARTEMIS2,51362.946,60665.558,9302.612,
Contact STARLINK-4522 - MoonARTEMIS2,62801.992,66381.219,3579.227,
Contact STARLINK-4522 - MoonARTEMIS2,68521.559,77813.691,9292.132,
Contact STARLINK-4522 - MoonARTEMIS2,79960.929,86400.000,6439.071,
Contact STARLINK-4522 - MoonIOAGEO,0.000,3498.028,3498.028,
Contact STARLINK-4522 - MoonIOAGEO,11301.833,20653.053,9351.220,
Contact STARLINK-4522 - MoonIOAGEO,22750.825,32082.832,9332.007,
Contact STARLINK-4522 - MoonIOAGEO,34186.420,37799.552,3613.132,
Contact STARLINK-4522 - MoonIOAGEO,39908.888,47788.292,7879.403,
Contact STARLINK-4522 - MoonIOAGEO,51940.592,60678.176,8737.584,
Contact STARLINK-4522 - MoonIOAGEO,62815.540,66394.357,3578.817,
Contact STARLINK-4522 - MoonIOAGEO,68533.844,77824.764,9290.920,
Contact STARLINK-4522 - MoonIOAGEO,79968.187,86400.000,6431.813,
Contact STARLINK-4522 - MoonIOAGNO,0.000,3493.428,3493.428,
Contact STARLINK-4522 - MoonIOAGNO,5573.230,9221.795,3648.565,
Contact STARLINK-4522 - MoonIOAGNO,11298.763,20632.259,9333.496,
Contact STARLINK-4522 - MoonIOAGNO,22723.000,32063.971,9340.970,
Contact STARLINK-4522 - MoonIOAGNO,34174.215,37785.868,3611.653,
Contact STARLINK-4522 - MoonIOAGNO,39904.262,49239.271,9335.009,
Contact STARLINK-4522 - MoonIOAGNO,51369.539,60661.554,9292.015,
Contact STARLINK-4522 - MoonIOAGNO,62790.874,66372.357,3581.483,
Contact STARLINK-4522 - MoonIOAGNO,68508.977,77809.131,9300.154,
Contact STARLINK-4522 - MoonIOAGNO,79957.321,86400.000,6442.679,
Contact STARLINK-4522 - MoonIOAGNO 0001,0.000,3475.846,3475.846,
Contact STARLINK-4522 - MoonIOAGNO 0001,5546.519,9192.864,3646.344,
Contact STARLINK-4522 - MoonIOAGNO 0001,11275.071,20638.268,9363.197,
Contact STARLINK-4522 - MoonIOAGNO 0001,22739.702,32091.546,9351.844,
Contact STARLINK-4522 - MoonIOAGNO 0001,34192.145,37792.989,3600.844,
Contact STARLINK-4522 - MoonIOAGNO 0001,39900.351,49216.709,9316.358,
Contact STARLINK-4522 - MoonIOAGNO 0001,51341.576,60658.834,9317.257,
Contact STARLINK-4522 - MoonIOAGNO 0001,62797.192,66384.849,3587.657,
Contact STARLINK-4522 - MoonIOAGNO 0001,68528.726,77827.271,9298.545,
Contact STARLINK-4522 - MoonIOAGNO 0001,79965.847,86400.000,6434.153,
Contact STARLINK-4522 - MoonIOAGSO,0.000,3504.050,3504.050,
Contact STARLINK-4522 - MoonIOAGSO,5566.697,7955.773,2389.076,
Contact STARLINK-4522 - MoonIOAGSO,11293.470,20665.327,9371.857,
Contact STARLINK-4522 - MoonIOAGSO,22757.676,32104.349,9346.673,
Contact STARLINK-4522 - MoonIOAGSO,34203.881,37818.659,3614.778,
Contact STARLINK-4522 - MoonIOAGSO,39923.529,49238.977,9315.448,
Contact STARLINK-4522 - MoonIOAGSO,51359.094,60684.114,9325.020,
Contact STARLINK-4522 - MoonIOAGSO,62820.686,66408.233,3587.547,
Contact STARLINK-4522 - MoonIOAGSO,68545.298,77844.371,9299.074,
Contact STARLINK-4522 - MoonIOAGSO,79985.102,86400.000,6414.898,
Contact STARLINK-4522 - MoonIOAGSO 0001,0.000,3517.708,3517.708,
Contact STARLINK-4522 - MoonIOAGSO 0001,5581.735,9235.924,3654.189,
Contact STARLINK-4522 - MoonIOAGSO 0001,11305.352,20662.210,9356.858,
Contact STARLINK-4522 - MoonIOAGSO 0001,22746.646,30015.085,7268.440,
Contact STARLINK-4522 - MoonIOAGSO 0001,34194.607,37810.840,3616.232,
Contact STARLINK-4522 - MoonIOAGSO 0001,39927.634,49256.885,9329.250,
Contact STARLINK-4522 - MoonIOAGSO 0001,51376.745,60687.803,9311.057,
Contact STARLINK-4522 - MoonIOAGSO 0001,62814.845,66399.127,3584.282,
Contact STARLINK-4522 - MoonIOAGSO 0001,68531.079,77828.989,9297.910,
Contact STARLINK-4522 - MoonIOAGSO 0001,79981.065,86400.000,6418.935,
Contact STARLINK-4522 - MoonLRO,7059.185,9216.470,2157.285,
Contact STARLINK-4522 - MoonLRO,13912.809,14929.326,1016.516,
Contact STARLINK-4522 - MoonLRO,28466.099,31490.822,3024.723,
Contact STARLINK-4522 - MoonLRO,34370.917,37807.747,3436.830,
Contact STARLINK-4522 - MoonLRO,41205.297,43522.404,2317.107,
Contact STARLINK-4522 - MoonLRO,57087.460,58785.658,1698.199,
Contact STARLINK-4522 - MoonLRO,62806.101,65637.625,2831.523,
Contact STARLINK-4522 - MoonLRO,68527.014,77830.605,9303.591,
Contact STARLINK-4522 - MoonLRO,82201.302,83544.452,1343.150,
Contact STARLINK-4522 - MarsSat1,0.000,6430.835,6430.835,
Contact STARLINK-4522 - MarsSat1,7719.078,17861.339,10142.261,
Contact STARLINK-4522 - MarsSat1,19172.963,35007.055,15834.092,
Contact STARLINK-4522 - MarsSat1,36352.642,46437.489,10084.847,
Contact STARLINK-4522 - MarsSat1,47805.111,63583.005,15777.894,
Contact STARLINK-4522 - MarsSat1,64982.847,75013.239,10030.392,
Contact STARLINK-4522 - MarsSat1,76433.935,86400.000,9966.065,
Contact STARLINK-4522 - MarsSat2,0.000,6431.094,6431.094,
Contact STARLINK-4522 - MarsSat2,7719.156,17861.586,10142.429,
Contact STARLINK-4522 - MarsSat2,19173.259,35007.183,15833.925,
Contact STARLINK-4522 - MarsSat2,36353.176,46437.503,10084.327,
Contact STARLINK-4522 - MarsSat2,47805.652,63582.886,15777.234,
Contact STARLINK-4522 - MarsSat2,64983.196,75013.084,10029.888,
Contact STARLINK-4522 - MarsSat2,76434.135,86400.000,9965.865,
Contact STARLINK-4522 - MarsSat3,0.000,6431.017,6431.017,
Contact STARLINK-4522 - MarsSat3,7719.101,17861.455,10142.354,
Contact STARLINK-4522 - MarsSat3,19173.180,35006.982,15833.802,
Contact STARLINK-4522 - MarsSat3,36352.972,46437.306,10084.334,
Contact STARLINK-4522 - MarsSat3,47805.319,63582.870,15777.551,
Contact STARLINK-4522 - MarsSat3,64982.717,75013.282,10030.565,
Contact STARLINK-4522 - MarsSat3,76433.758,86400.000,9966.242,
Contact STARLINK-4522 - MarsSat4,0.000,6430.805,6430.805,
Contact STARLINK-4522 - MarsSat4,7719.015,17861.371,10142.357,
Contact STARLINK-4522 - MarsSat4,19172.888,35007.066,15834.178,
Contact STARLINK-4522 - MarsSat4,36352.904,46437.388,10084.484,
Contact STARLINK-4522 - MarsSat4,47805.225,63582.959,15777.734,
Contact STARLINK-4522 - MarsSat4,64982.932,75013.106,10030.174,
Contact STARLINK-4522 - MarsSat4,76433.813,86400.000,9966.187,
Contact MoonARTEMIS1 - MoonARTEMIS2,0.000,22554.893,22554.893,
Contact MoonARTEMIS1 - MoonARTEMIS2,29935.155,80730.937,50795.782,
Contact MoonARTEMIS1 - MoonIOAGEO,0.000,32974.363,32974.363,
Contact MoonARTEMIS1 - MoonIOAGEO,37623.573,72557.693,34934.121,
Contact MoonARTEMIS1 - MoonIOAGEO,77278.858,86400.000,9121.142,
Contact MoonARTEMIS1 - MoonIOAGNO,0.000,13482.264,13482.264,
Contact MoonARTEMIS1 - MoonIOAGNO,16280.203,54936.469,38656.266,
Contact MoonARTEMIS1 - MoonIOAGNO,58262.580,86400.000,28137.420,
Contact MoonARTEMIS1 - MoonIOAGNO 0001,0.000,33630.082,33630.082,
Contact MoonARTEMIS1 - MoonIOAGNO 0001,37419.698,86400.000,48980.302,
Contact MoonARTEMIS1 - MoonIOAGSO,0.000,5211.478,5211.478,
Contact MoonARTEMIS1 - MoonIOAGSO,9070.363,86400.000,77329.637,
Contact MoonARTEMIS1 - MoonIOAGSO 0001,0.000,86400.000,86400.000,
Contact MoonARTEMIS1 - MoonLRO,0.000,359.130,359.130,
Contact MoonARTEMIS1 - MoonLRO,12836.607,21210.945,8374.338,
Contact MoonARTEMIS1 - MoonLRO,23785.878,27997.927,4212.049,
Contact MoonARTEMIS1 - MoonLRO,30687.911,34800.139,4112.229,
Contact MoonARTEMIS1 - MoonLRO,37556.765,41607.672,4050.907,
Contact MoonARTEMIS1 - MoonLRO,44413.547,48417.534,4003.987,
Contact MoonARTEMIS1 - MoonLRO,51264.858,55228.266,3963.408,
Contact MoonARTEMIS1 - MoonLRO,58113.768,62038.836,3925.068,
Contact MoonARTEMIS1 - MoonLRO,64962.280,82455.156,17492.877,
Contact MoonARTEMIS1 - MoonLRO,85531.697,86400.000,868.303,
Contact MoonARTEMIS1 - MarsSat1,0.000,438.257,438.257,
Contact MoonARTEMIS1 - MarsSat1,3770.317,86400.000,82629.683,
Contact MoonARTEMIS1 - MarsSat2,0.000,438.391,438.391,
Contact MoonARTEMIS1 - MarsSat2,3770.298,86400.000,82629.702,
Contact MoonARTEMIS1 - MarsSat3,0.000,438.499,438.499,
Contact MoonARTEMIS1 - MarsSat3,3770.354,86400.000,82629.646,
Contact MoonARTEMIS1 - MarsSat4,0.000,438.390,438.390,
Contact MoonARTEMIS1 - MarsSat4,3770.371,86400.000,82629.629,
Contact MoonARTEMIS2 - MoonIOAGEO,0.000,8872.453,8872.453,
Contact MoonARTEMIS2 - MoonIOAGEO,14019.749,33647.127,19627.378,
Contact MoonARTEMIS2 - MoonIOAGEO,37884.147,42384.584,4500.437,
Contact MoonARTEMIS2 - MoonIOAGEO,50924.099,86400.000,35475.901,
Contact MoonARTEMIS2 - MoonIOAGNO,0.000,5835.427,5835.427,
Contact MoonARTEMIS2 - MoonIOAGNO,9287.226,86400.000,77112.774,
Contact MoonARTEMIS2 - MoonIOAGNO 0001,0.000,27920.609,27920.609,
Contact MoonARTEMIS2 - MoonIOAGNO 0001,37239.730,86400.000,49160.270,
Contact MoonARTEMIS2 - MoonIOAGSO,0.000,49405.642,49405.642,
Contact MoonARTEMIS2 - MoonIOAGSO,52437.698,86400.000,33962.302,
Contact MoonARTEMIS2 - MoonIOAGSO 0001,0.000,32357.228,32357.228,
Contact MoonARTEMIS2 - MoonIOAGSO 0001,34757.163,86400.000,51642.837,
Contact MoonARTEMIS2 - MoonLRO,25.457,10589.842,10564.385,
Contact MoonARTEMIS2 - MoonLRO,13625.898,17373.745,3747.847,
Contact MoonARTEMIS2 - MoonLRO,20403.745,24062.951,3659.206,
Contact MoonARTEMIS2 - MoonLRO,27068.742,33848.231,6779.489,
Contact MoonARTEMIS2 - MoonLRO,41337.131,44748.615,3411.484,
Contact MoonARTEMIS2 - MoonLRO,48010.584,51592.717,3582.133,
Contact MoonARTEMIS2 - MoonLRO,54780.558,58422.876,3642.318,
Contact MoonARTEMIS2 - MoonLRO,61572.843,78895.830,17322.987,
Contact MoonARTEMIS2 - MoonLRO,81987.431,85717.375,3729.944,
Contact MoonARTEMIS2 - MarsSat1,0.000,31856.305,31856.305,
Contact MoonARTEMIS2 - MarsSat1,34198.948,86400.000,52201.052,
Contact MoonARTEMIS2 - MarsSat2,0.000,31856.796,31856.796,
Contact MoonARTEMIS2 - MarsSat2,34199.215,86400.000,52200.785,
Contact MoonARTEMIS2 - MarsSat3,0.000,31856.624,31856.624,
Contact MoonARTEMIS2 - MarsSat3,34199.118,86400.000,52200.882,
Contact MoonARTEMIS2 - MarsSat4,0.000,31856.544,31856.544,
Contact MoonARTEMIS2 - MarsSat4,34199.081,86400.000,52200.919,
Contact MoonIOAGEO - MoonIOAGNO,0.000,11127.267,11127.267,
Contact MoonIOAGEO - MoonIOAGNO,16521.336,54325.818,37804.483,
Contact MoonIOAGEO - MoonIOAGNO,59718.536,86400.000,26681.464,
Contact MoonIOAGEO - MoonIOAGNO 0001,0.000,86400.000,86400.000,
Contact MoonIOAGEO - MoonIOAGSO,0.000,86400.000,86400.000,
Contact MoonIOAGEO - MoonIOAGSO 0001,0.000,86400.000,86400.000,
Contact MoonIOAGEO - MoonLRO,0.000,345.215,345.215,
Contact MoonIOAGEO - MoonLRO,3825.143,14193.646,10368.504,
Contact MoonIOAGEO - MoonLRO,20933.759,24216.913,3283.155,
Contact MoonIOAGEO - MoonLRO,27851.971,31139.931,3287.960,
Contact MoonIOAGEO - MoonLRO,34874.344,41151.892,6277.548,
Contact MoonIOAGEO - MoonLRO,44748.262,48213.773,3465.511,
Contact MoonIOAGEO - MoonLRO,51652.405,55109.782,3457.376,
Contact MoonIOAGEO - MoonLRO,61690.377,65099.255,3408.879,
Contact MoonIOAGEO - MoonLRO,68777.665,72063.083,3285.419,
Contact MoonIOAGEO - MoonLRO,85656.299,86400.000,743.701,
Contact MoonIOAGEO - MarsSat1,3605.242,42910.272,39305.029,
Contact MoonIOAGEO - MarsSat1,46835.073,86141.674,39306.601,
Contact MoonIOAGEO - MarsSat2,3605.114,42911.909,39306.795,
Contact MoonIOAGEO - MarsSat2,46836.659,86142.191,39305.532,
Contact MoonIOAGEO - MarsSat3,3604.999,42911.158,39306.159,
Contact MoonIOAGEO - MarsSat3,46835.907,86141.284,39305.377,
Contact MoonIOAGEO - MarsSat4,3605.094,42910.900,39305.806,
Contact MoonIOAGEO - MarsSat4,46835.553,86141.020,39305.467,
Contact MoonIOAGNO - MoonIOAGNO 0001,0.000,9482.658,9482.658,
Contact MoonIOAGNO - MoonIOAGNO 0001,12211.950,31081.793,18869.842,
Contact MoonIOAGNO - MoonIOAGNO 0001,33811.086,52680.928,18869.842,
Contact MoonIOAGNO - MoonIOAGNO 0001,55410.221,74280.063,18869.842,
Contact MoonIOAGNO - MoonIOAGNO 0001,77009.356,86400.000,9390.644,
Contact MoonIOAGNO - MoonIOAGSO,0.000,9225.176,9225.176,
Contact MoonIOAGNO - MoonIOAGSO,12032.771,52423.352,40390.581,
Contact MoonIOAGNO - MoonIOAGSO,55230.961,86400.000,31169.039,
Contact MoonIOAGNO - MoonIOAGSO 0001,2331.411,36842.646,34511.236,
Contact MoonIOAGNO - MoonIOAGSO 0001,45528.560,80040.411,34511.850,
Contact MoonIOAGNO - MoonLRO,0.000,1165.947,1165.947,
Contact MoonIOAGNO - MoonLRO,9750.652,16001.110,6250.458,
Contact MoonIOAGNO - MoonLRO,19092.362,22296.757,3204.395,
Contact MoonIOAGNO - MoonLRO,25460.755,35594.218,10133.463,
Contact MoonIOAGNO - MoonLRO,38757.865,42217.337,3459.472,
Contact MoonIOAGNO - MoonLRO,45401.023,48544.801,3143.778,
Contact MoonIOAGNO - MoonLRO,60408.128,63344.652,2936.524,
Contact MoonIOAGNO - MoonLRO,66510.682,69933.384,3422.702,
Contact MoonIOAGNO - MoonLRO,73092.537,76597.751,3505.214,
Contact MoonIOAGNO - MoonLRO,79758.420,83245.785,3487.364,
Contact MoonIOAGNO - MarsSat1,0.000,86400.000,86400.000,
Contact MoonIOAGNO - MarsSat2,0.000,86400.000,86400.000,
Contact MoonIOAGNO - MarsSat3,0.000,86400.000,86400.000,
Contact MoonIOAGNO - MarsSat4,0.000,86400.000,86400.000,
Contact MoonIOAGNO 0001 - MoonIOAGSO,0.000,15243.764,15243.764,
Contact MoonIOAGNO 0001 - MoonIOAGSO,23929.986,58441.528,34511.543,
Contact MoonIOAGNO 0001 - MoonIOAGSO,67127.135,86400.000,19272.865,
Contact MoonIOAGNO 0001 - MoonIOAGSO 0001,0.000,30824.264,30824.264,
Contact MoonIOAGNO 0001 - MoonIOAGSO 0001,33631.866,74022.440,40390.574,
Contact MoonIOAGNO 0001 - MoonIOAGSO 0001,76830.056,86400.000,9569.944,
Contact MoonIOAGNO 0001 - MoonLRO,0.000,1782.341,1782.341,
Contact MoonIOAGNO 0001 - MoonLRO,4944.524,8426.109,3481.585,
Contact MoonIOAGNO 0001 - MoonLRO,11583.575,15091.086,3507.511,
Contact MoonIOAGNO 0001 - MoonLRO,18256.825,27871.172,9614.347,
Contact MoonIOAGNO 0001 - MoonLRO,35142.926,36715.172,1572.246,
Contact MoonIOAGNO 0001 - MoonLRO,45982.259,49429.953,3447.694,
Contact MoonIOAGNO 0001 - MoonLRO,52588.188,56096.333,3508.144,
Contact MoonIOAGNO 0001 - MoonLRO,59258.294,62733.659,3475.365,
Contact MoonIOAGNO 0001 - MoonLRO,65913.520,69161.055,3247.535,
Contact MoonIOAGNO 0001 - MoonLRO,81161.522,83884.210,2722.688,
Contact MoonIOAGNO 0001 - MarsSat1,0.000,86400.000,86400.000,
Contact MoonIOAGNO 0001 - MarsSat2,0.000,86400.000,86400.000,
Contact MoonIOAGNO 0001 - MarsSat3,0.000,86400.000,86400.000,
Contact MoonIOAGNO 0001 - MarsSat4,0.000,86400.000,86400.000,
Contact MoonIOAGSO - MoonIOAGSO 0001,0.000,9482.658,9482.658,
Contact MoonIOAGSO - MoonIOAGSO 0001,12211.950,31081.793,18869.842,
Contact MoonIOAGSO - MoonIOAGSO 0001,33811.086,52680.928,18869.842,
Contact MoonIOAGSO - MoonIOAGSO 0001,55410.221,74280.063,18869.842,
Contact MoonIOAGSO - MoonIOAGSO 0001,77009.356,86400.000,9390.644,
Contact MoonIOAGSO - MoonLRO,3041.753,7087.619,4045.866,
Contact MoonIOAGSO - MoonLRO,14756.870,18346.149,3589.279,
Contact MoonIOAGSO - MoonLRO,22037.156,25687.040,3649.884,
Contact MoonIOAGSO - MoonLRO,29139.492,32862.318,3722.826,
Contact MoonIOAGSO - MoonLRO,36280.618,40084.034,3803.416,
Contact MoonIOAGSO - MoonLRO,43651.533,47609.443,3957.910,
Contact MoonIOAGSO - MoonLRO,52882.840,58906.284,6023.444,
Contact MoonIOAGSO - MoonLRO,62882.803,66506.484,3623.681,
Contact MoonIOAGSO - MoonLRO,70000.913,73700.817,3699.903,
Contact MoonIOAGSO - MoonLRO,77116.043,80890.204,3774.160,
Contact MoonIOAGSO - MoonLRO,84371.922,86400.000,2028.078,
Contact MoonIOAGSO - MarsSat1,0.000,4966.522,4966.522,
Contact MoonIOAGSO - MarsSat1,8714.370,48182.266,39467.896,
Contact MoonIOAGSO - MarsSat1,51922.589,86400.000,34477.411,
Contact MoonIOAGSO - MarsSat2,0.000,4966.015,4966.015,
Contact MoonIOAGSO - MarsSat2,8714.094,48182.887,39468.793,
Contact MoonIOAGSO - MarsSat2,51922.966,86400.000,34477.034,
Contact MoonIOAGSO - MarsSat3,0.000,4966.107,4966.107,
Contact MoonIOAGSO - MarsSat3,8714.171,48182.960,39468.789,
Contact MoonIOAGSO - MarsSat3,51922.970,86400.000,34477.030,
Contact MoonIOAGSO - MarsSat4,0.000,4966.510,4966.510,
Contact MoonIOAGSO - MarsSat4,8714.380,48182.612,39468.231,
Contact MoonIOAGSO - MarsSat4,51922.694,86400.000,34477.306,
Contact MoonIOAGSO 0001 - MoonLRO,1609.480,5271.829,3662.349,
Contact MoonIOAGSO 0001 - MoonLRO,8710.063,12444.494,3734.431,
Contact MoonIOAGSO 0001 - MoonLRO,15870.210,19690.547,3820.337,
Contact MoonIOAGSO 0001 - MoonLRO,23327.520,27327.756,4000.236,
Contact MoonIOAGSO 0001 - MoonLRO,35012.597,38664.810,3652.213,
Contact MoonIOAGSO 0001 - MoonLRO,42462.050,46099.032,3636.982,
Contact MoonIOAGSO 0001 - MoonLRO,49569.931,53281.290,3711.359,
Contact MoonIOAGSO 0001 - MoonLRO,56696.244,60484.407,3788.163,
Contact MoonIOAGSO 0001 - MoonLRO,64002.135,67923.519,3921.384,
Contact MoonIOAGSO 0001 - MoonLRO,72418.149,78892.035,6473.886,
Contact MoonIOAGSO 0001 - MoonLRO,83297.340,86400.000,3102.660,
Contact MoonIOAGSO 0001 - MarsSat1,0.000,26574.422,26574.422,
Contact MoonIOAGSO 0001 - MarsSat1,30318.501,69790.622,39472.121,
Contact MoonIOAGSO 0001 - MarsSat1,73526.900,86400.000,12873.100,
Contact MoonIOAGSO 0001 - MarsSat2,0.000,26574.425,26574.425,
Contact MoonIOAGSO 0001 - MarsSat2,30318.556,69791.339,39472.783,
Contact MoonIOAGSO 0001 - MarsSat2,73527.293,86400.000,12872.707,
Contact MoonIOAGSO 0001 - MarsSat3,0.000,26574.687,26574.687,
Contact MoonIOAGSO 0001 - MarsSat3,30318.723,69790.502,39471.780,
Contact MoonIOAGSO 0001 - MarsSat3,73526.743,86400.000,12873.257,
Contact MoonIOAGSO 0001 - MarsSat4,0.000,26574.272,26574.272,
Contact MoonIOAGSO 0001 - MarsSat4,30318.516,69790.923,39472.407,
Contact MoonIOAGSO 0001 - MarsSat4,73527.064,86400.000,12872.936,
Contact MoonLRO - MarsSat1,0.000,17771.079,17771.079,
Contact MoonLRO - MarsSat1,20477.517,24596.261,4118.745,
Contact MoonLRO - MarsSat1,27303.351,31421.432,4118.082,
Contact MoonLRO - MarsSat1,34129.177,38246.591,4117.414,
Contact MoonLRO - MarsSat1,40955.000,45071.740,4116.741,
Contact MoonLRO - MarsSat1,47780.826,51896.885,4116.059,
Contact MoonLRO - MarsSat1,54606.659,58722.031,4115.373,
Contact MoonLRO - MarsSat1,61432.502,79197.528,17765.026,
Contact MoonLRO - MarsSat1,81910.076,86022.718,4112.642,
Contact MoonLRO - MarsSat2,0.000,17770.882,17770.882,
Contact MoonLRO - MarsSat2,20477.412,24596.064,4118.652,
Contact MoonLRO - MarsSat2,27303.287,31421.249,4117.962,
Contact MoonLRO - MarsSat2,34129.161,38246.437,4117.276,
Contact MoonLRO - MarsSat2,40955.034,45071.628,4116.594,
Contact MoonLRO - MarsSat2,47780.905,51896.821,4115.916,
Contact MoonLRO - MarsSat2,54606.774,58722.015,4115.241,
Contact MoonLRO - MarsSat2,61432.639,79197.603,17764.963,
Contact MoonLRO - MarsSat2,81910.216,86022.799,4112.583,
Contact MoonLRO - MarsSat3,0.000,17770.975,17770.975,
Contact MoonLRO - MarsSat3,20477.491,24596.184,4118.692,
Contact MoonLRO - MarsSat3,27303.383,31421.396,4118.013,
Contact MoonLRO - MarsSat3,34129.266,38246.606,4117.340,
Contact MoonLRO - MarsSat3,40955.136,45071.809,4116.673,
Contact MoonLRO - MarsSat3,47780.986,51896.995,4116.009,
Contact MoonLRO - MarsSat3,54606.811,58722.156,4115.344,
Contact MoonLRO - MarsSat3,61432.605,79197.494,17764.889,
Contact MoonLRO - MarsSat3,81909.967,86022.638,4112.671,
Contact MoonLRO - MarsSat4,0.000,17771.074,17771.074,
Contact MoonLRO - MarsSat4,20477.453,24596.162,4118.709,
Contact MoonLRO - MarsSat4,27303.292,31421.349,4118.057,
Contact MoonLRO - MarsSat4,34129.197,38246.573,4117.375,
Contact MoonLRO - MarsSat4,40955.082,45071.776,4116.695,
Contact MoonLRO - MarsSat4,47780.908,51896.904,4115.996,
Contact MoonLRO - MarsSat4,54606.673,58722.012,4115.339,
Contact MoonLRO - MarsSat4,61432.534,79197.634,17765.099,
Contact MoonLRO - MarsSat4,81910.094,86022.738,4112.645,
Contact MarsSat1 - MarsSat2,0.000,32777.760,32777.760,
Contact MarsSat1 - MarsSat2,40512.036,86400.000,45887.964,
Contact MarsSat1 - MarsSat3,0.000,86400.000,86400.000,
Contact MarsSat1 - MarsSat4,0.000,82483.862,82483.862,
Contact MarsSat1 - MarsSat4,85981.793,86400.000,418.207,
Contact MarsSat2 - MarsSat3,0.000,86400.000,86400.000,
Contact MarsSat2 - MarsSat4,0.000,84094.614,84094.614,
Contact MarsSat3 - MarsSat4,0.000,17078.855,17078.855,
Contact MarsSat3 - MarsSat4,20699.181,54880.904,34181.723,
Contact MarsSat3 - MarsSat4,63652.533,86400.000,22747.467,
Analysis,Time True,Time False,Percent True,Interval Count,
Contact STARLINK-3936 - STARLINK-5281,0.000,86400.000,0.0000%,0,
Contact STARLINK-3936 - STARLINK-11232 [DTC],10177.557,76222.443,11.7796%,2,
Contact STARLINK-3936 - STARLINK-11096 [DTC],13409.825,72990.175,15.5206%,2,
Contact STARLINK-3936 - STARLINK-31013,17727.276,68672.724,20.5177%,7,
Contact STARLINK-3936 - STARLINK-4139,0.000,86400.000,0.0000%,0,
Contact STARLINK-3936 - STARLINK-6178,0.000,86400.000,0.0000%,0,
Contact STARLINK-3936 - STARLINK-1655,0.000,86400.000,0.0000%,0,
Contact STARLINK-3936 - STARLINK-30809,0.000,86400.000,0.0000%,0,
Contact STARLINK-3936 - STARLINK-2358,7941.170,78458.830,9.1912%,6,
Contact STARLINK-3936 - STARLINK-1661,0.000,86400.000,0.0000%,0,
Contact STARLINK-3936 - STARLINK-2462,0.000,86400.000,0.0000%,0,
Contact STARLINK-3936 - STARLINK-2006,0.000,86400.000,0.0000%,0,
Contact STARLINK-3936 - STARLINK-3251,86400.000,0.000,100.0000%,1,
Contact STARLINK-3936 - STARLINK-4108,3530.727,82869.273,4.0865%,6,
Contact STARLINK-3936 - STARLINK-3095,0.000,86400.000,0.0000%,0,
Contact STARLINK-3936 - STARLINK-3045,0.000,86400.000,0.0000%,0,
Contact STARLINK-3936 - STARLINK-30329,14743.398,71656.602,17.0641%,7,
Contact STARLINK-3936 - STARLINK-2018,0.000,86400.000,0.0000%,0,
Contact STARLINK-3936 - STARLINK-31498,3362.482,83037.518,3.8918%,4,
Contact STARLINK-3936 - STARLINK-3550,86400.000,0.000,100.0000%,1,
Contact STARLINK-3936 - STARLINK-30345,7858.911,78541.089,9.0960%,7,
Contact STARLINK-3936 - STARLINK-31116,0.000,86400.000,0.0000%,0,
Contact STARLINK-3936 - STARLINK-1107,5468.578,80931.422,6.3294%,3,
Contact STARLINK-3936 - STARLINK-1351,1086.154,85313.846,1.2571%,2,
Contact STARLINK-3936 - STARLINK-31971,0.000,86400.000,0.0000%,0,
Contact STARLINK-3936 - STARLINK-32134,613.911,85786.089,0.7105%,1,
Contact STARLINK-3936 - STARLINK-31430,638.508,85761.492,0.7390%,1,
Contact STARLINK-3936 - STARLINK-5969,0.000,86400.000,0.0000%,0,
Contact STARLINK-3936 - STARLINK-31085,0.000,86400.000,0.0000%,0,
Contact STARLINK-3936 - STARLINK-2635,0.000,86400.000,0.0000%,0,
Contact STARLINK-3936 - STARLINK-5155,0.000,86400.000,0.0000%,0,
Contact STARLINK-3936 - STARLINK-3295,0.000,86400.000,0.0000%,0,
Contact STARLINK-3936 - STARLINK-30610,10758.256,75641.744,12.4517%,6,
Contact STARLINK-3936 - STARLINK-3050,39685.883,46714.117,45.9327%,3,
Contact STARLINK-3936 - STARLINK-31138,0.000,86400.000,0.0000%,0,
Contact STARLINK-3936 - STARLINK-30255,2285.519,84114.481,2.6453%,4,
Contact STARLINK-3936 - STARLINK-2736,0.000,86400.000,0.0000%,0,
Contact STARLINK-3936 - STARLINK-5960,0.000,86400.000,0.0000%,0,
Contact STARLINK-3936 - STARLINK-4170,0.000,86400.000,0.0000%,0,
Contact STARLINK-3936 - STARLINK-31673,0.000,86400.000,0.0000%,0,
Contact STARLINK-3936 - STARLINK-32223,3039.505,83360.495,3.5179%,4,
Contact STARLINK-3936 - STARLINK-5061,0.000,86400.000,0.0000%,0,
Contact STARLINK-3936 - STARLINK-2127,0.000,86400.000,0.0000%,0,
Contact STARLINK-3936 - STARLINK-30756,0.000,86400.000,0.0000%,0,
Contact STARLINK-3936 - STARLINK-1580,0.000,86400.000,0.0000%,0,
Contact STARLINK-3936 - STARLINK-31812,3784.811,82615.189,4.3806%,1,
Contact STARLINK-3936 - STARLINK-31931,41017.107,45382.893,47.4735%,4,
Contact STARLINK-3936 - STARLINK-2658,86400.000,0.000,100.0000%,1,
Contact STARLINK-3936 - STARLINK-5952,121.238,86278.762,0.1403%,1,
Contact STARLINK-3936 - STARLINK-1323,0.000,86400.000,0.0000%,0,
Contact STARLINK-3936 - STARLINK-3601,7848.890,78551.110,9.0844%,6,
Contact STARLINK-3936 - STARLINK-3603,11124.250,75275.750,12.8753%,6,
Contact STARLINK-3936 - STARLINK-3969,0.000,86400.000,0.0000%,0,
Contact STARLINK-3936 - STARLINK-4201,0.000,86400.000,0.0000%,0,
Contact STARLINK-3936 - STARLINK-31060,0.000,86400.000,0.0000%,0,
Contact STARLINK-3936 - STARLINK-5972,2319.916,84080.084,2.6851%,4,
Contact STARLINK-3936 - STARLINK-2047,2314.068,84085.932,2.6783%,5,
Contact STARLINK-3936 - STARLINK-30145,882.961,85517.039,1.0219%,2,
Contact STARLINK-3936 - STARLINK-32210,0.000,86400.000,0.0000%,0,
Contact STARLINK-3936 - STARLINK-30549,72825.576,13574.424,84.2889%,1,
Contact STARLINK-3936 - STARLINK-1463,0.000,86400.000,0.0000%,0,
Contact STARLINK-3936 - STARLINK-6241,0.000,86400.000,0.0000%,0,
Contact STARLINK-3936 - STARLINK-30486,0.000,86400.000,0.0000%,0,
Contact STARLINK-3936 - STARLINK-5565,38157.616,48242.384,44.1639%,7,
Contact STARLINK-3936 - STARLINK-31530,0.000,86400.000,0.0000%,0,
Contact STARLINK-3936 - STARLINK-1227,11943.986,74456.014,13.8241%,7,
Contact STARLINK-3936 - STARLINK-5093,2623.272,83776.728,3.0362%,4,
Contact STARLINK-3936 - STARLINK-2556,81848.685,4551.315,94.7323%,7,
Contact STARLINK-3936 - STARLINK-5591,0.000,86400.000,0.0000%,0,
Contact STARLINK-3936 - STARLINK-1073,5043.565,81356.435,5.8375%,6,
Contact STARLINK-3936 - STARLINK-32088,173.477,86226.523,0.2008%,1,
Contact STARLINK-3936 - STARLINK-5829,0.000,86400.000,0.0000%,0,
Contact STARLINK-3936 - STARLINK-3325,0.000,86400.000,0.0000%,0,
Contact STARLINK-3936 - STARLINK-5850,0.000,86400.000,0.0000%,0,
Contact STARLINK-3936 - STARLINK-31979,51545.786,34854.214,59.6595%,2,
Contact STARLINK-3936 - STARLINK-31939,0.000,86400.000,0.0000%,0,
Contact STARLINK-3936 - STARLINK-2424,0.000,86400.000,0.0000%,0,
Contact STARLINK-3936 - STARLINK-30754,10173.560,76226.440,11.7750%,7,
Contact STARLINK-3936 - STARLINK-3832,21308.125,65091.875,24.6622%,6,
Contact STARLINK-3936 - STARLINK-5453,0.000,86400.000,0.0000%,0,
Contact STARLINK-3936 - STARLINK-31082,0.000,86400.000,0.0000%,0,
Contact STARLINK-3936 - STARLINK-4569,3583.009,82816.991,4.1470%,6,
Contact STARLINK-3936 - STARLINK-1776,27512.394,58887.606,31.8430%,6,
Contact STARLINK-3936 - STARLINK-6199,0.000,86400.000,0.0000%,0,
Contact STARLINK-3936 - STARLINK-4328,2173.964,84226.036,2.5162%,4,
Contact STARLINK-3936 - STARLINK-2214,0.000,86400.000,0.0000%,0,
Contact STARLINK-3936 - STARLINK-5737,0.000,86400.000,0.0000%,0,
Contact STARLINK-3936 - STARLINK-3506,11043.197,75356.803,12.7815%,6,
Contact STARLINK-3936 - STARLINK-11136 [DTC],21397.897,65002.103,24.7661%,1,
Contact STARLINK-3936 - STARLINK-31325,0.000,86400.000,0.0000%,0,
Contact STARLINK-3936 - STARLINK-5628,0.000,86400.000,0.0000%,0,
Contact STARLINK-3936 - STARLINK-5231,0.000,86400.000,0.0000%,0,
Contact STARLINK-3936 - STARLINK-11092 [DTC],14804.731,71595.269,17.1351%,3,
Contact STARLINK-3936 - STARLINK-11072 [DTC],342.586,86057.414,0.3965%,1,
Contact STARLINK-3936 - STARLINK-5176,2065.126,84334.874,2.3902%,4,
Contact STARLINK-3936 - STARLINK-2042,0.000,86400.000,0.0000%,0,
Contact STARLINK-3936 - STARLINK-5503,0.000,86400.000,0.0000%,0,
Contact STARLINK-3936 - STARLINK-6319,0.000,86400.000,0.0000%,0,
Contact STARLINK-3936 - STARLINK-4522,86400.000,0.000,100.0000%,1,
Contact STARLINK-3936 - MoonARTEMIS1,65324.449,21075.551,75.6070%,9,
Contact STARLINK-3936 - MoonARTEMIS2,68111.034,18288.966,78.8322%,10,
Contact STARLINK-3936 - MoonIOAGEO,62807.014,23592.986,72.6933%,9,
Contact STARLINK-3936 - MoonIOAGNO,68897.964,17502.036,79.7430%,10,
Contact STARLINK-3936 - MoonIOAGNO 0001,68905.382,17494.618,79.7516%,10,
Contact STARLINK-3936 - MoonIOAGSO,67763.229,18636.771,78.4297%,10,
Contact STARLINK-3936 - MoonIOAGSO 0001,66949.285,19450.715,77.4876%,10,
Contact STARLINK-3936 - MoonLRO,27793.427,58606.573,32.1683%,9,
Contact STARLINK-3936 - MarsSat1,83644.730,2755.270,96.8110%,4,
Contact STARLINK-3936 - MarsSat2,83645.260,2754.740,96.8116%,4,
Contact STARLINK-3936 - MarsSat3,83644.095,2755.905,96.8103%,4,
Contact STARLINK-3936 - MarsSat4,83644.390,2755.610,96.8106%,4,
Contact STARLINK-5281 - STARLINK-11232 [DTC],1567.696,84832.304,1.8145%,2,
Contact STARLINK-5281 - STARLINK-11096 [DTC],5924.399,80475.601,6.8569%,3,
Contact STARLINK-5281 - STARLINK-31013,0.000,86400.000,0.0000%,0,
Contact STARLINK-5281 - STARLINK-4139,0.000,86400.000,0.0000%,0,
Contact STARLINK-5281 - STARLINK-6178,37022.910,49377.090,42.8506%,6,
Contact STARLINK-5281 - STARLINK-1655,1642.248,84757.752,1.9007%,2,
Contact STARLINK-5281 - STARLINK-30809,0.000,86400.000,0.0000%,0,
Contact STARLINK-5281 - STARLINK-2358,0.000,86400.000,0.0000%,0,
Contact STARLINK-5281 - STARLINK-1661,86400.000,0.000,100.0000%,1,
Contact STARLINK-5281 - STARLINK-2462,0.000,86400.000,0.0000%,0,
Contact STARLINK-5281 - STARLINK-2006,0.000,86400.000,0.0000%,0,
Contact STARLINK-5281 - STARLINK-3251,0.000,86400.000,0.0000%,0,
Contact STARLINK-5281 - STARLINK-4108,0.000,86400.000,0.0000%,0,
Contact STARLINK-5281 - STARLINK-3095,0.000,86400.000,0.0000%,0,
Contact STARLINK-5281 - STARLINK-3045,0.000,86400.000,0.0000%,0,
Contact STARLINK-5281 - STARLINK-30329,0.000,86400.000,0.0000%,0,
Contact STARLINK-5281 - STARLINK-2018,3712.285,82687.715,4.2966%,5,
Contact STARLINK-5281 - STARLINK-31498,0.000,86400.000,0.0000%,0,
Contact STARLINK-5281 - STARLINK-3550,0.000,86400.000,0.0000%,0,
Contact STARLINK-5281 - STARLINK-30345,0.000,86400.000,0.0000%,0,
Contact STARLINK-5281 - STARLINK-31116,86400.000,0.000,100.0000%,1,
Contact STARLINK-5281 - STARLINK-1107,1470.750,84929.250,1.7023%,2,
Contact STARLINK-5281 - STARLINK-1351,0.000,86400.000,0.0000%,0,
Contact STARLINK-5281 - STARLINK-31971,8953.825,77446.175,10.3632%,3,
Contact STARLINK-5281 - STARLINK-32134,0.000,86400.000,0.0000%,0,
Contact STARLINK-5281 - STARLINK-31430,15534.431,70865.569,17.9797%,4,
Contact STARLINK-5281 - STARLINK-5969,86400.000,0.000,100.0000%,1,
Contact STARLINK-5281 - STARLINK-31085,0.000,86400.000,0.0000%,0,
Contact STARLINK-5281 - STARLINK-2635,0.000,86400.000,0.0000%,0,
Contact STARLINK-5281 - STARLINK-5155,86400.000,0.000,100.0000%,1,
Contact STARLINK-5281 - STARLINK-3295,0.000,86400.000,0.0000%,0,
Contact STARLINK-5281 - STARLINK-30610,0.000,86400.000,0.0000%,0,
Contact STARLINK-5281 - STARLINK-3050,0.000,86400.000,0.0000%,0,
Contact STARLINK-5281 - STARLINK-31138,15178.633,71221.367,17.5679%,6,
Contact STARLINK-5281 - STARLINK-30255,0.000,86400.000,0.0000%,0,
Contact STARLINK-5281 - STARLINK-2736,11635.020,74764.980,13.4665%,6,
Contact STARLINK-5281 - STARLINK-5960,86400.000,0.000,100.0000%,1,
Contact STARLINK-5281 - STARLINK-4170,0.000,86400.000,0.0000%,0,
Contact STARLINK-5281 - STARLINK-31673,12171.456,74228.544,14.0873%,7,
Contact STARLINK-5281 - STARLINK-32223,0.000,86400.000,0.0000%,0,
Contact STARLINK-5281 - STARLINK-5061,0.000,86400.000,0.0000%,0,
Contact STARLINK-5281 - STARLINK-2127,73390.777,13009.223,84.9430%,5,
Contact STARLINK-5281 - STARLINK-30756,86400.000,0.000,100.0000%,1,
Contact STARLINK-5281 - STARLINK-1580,4146.006,82253.994,4.7986%,6,
Contact STARLINK-5281 - STARLINK-31812,2256.290,84143.710,2.6114%,3,
Contact STARLINK-5281 - STARLINK-31931,0.000,86400.000,0.0000%,0,
Contact STARLINK-5281 - STARLINK-2658,0.000,86400.000,0.0000%,0,
Contact STARLINK-5281 - STARLINK-5952,0.000,86400.000,0.0000%,0,
Contact STARLINK-5281 - STARLINK-1323,36862.115,49537.885,42.6645%,6,
Contact STARLINK-5281 - STARLINK-3601,0.000,86400.000,0.0000%,0,
Contact STARLINK-5281 - STARLINK-3603,0.000,86400.000,0.0000%,0,
Contact STARLINK-5281 - STARLINK-3969,11374.933,75025.067,13.1654%,6,
Contact STARLINK-5281 - STARLINK-4201,86400.000,0.000,100.0000%,1,
Contact STARLINK-5281 - STARLINK-31060,27605.407,58794.593,31.9507%,3,
Contact STARLINK-5281 - STARLINK-5972,6627.976,79772.024,7.6713%,6,
Contact STARLINK-5281 - STARLINK-2047,0.000,86400.000,0.0000%,0,
Contact STARLINK-5281 - STARLINK-30145,0.000,86400.000,0.0000%,0,
Contact STARLINK-5281 - STARLINK-32210,86400.000,0.000,100.0000%,1,
Contact STARLINK-5281 - STARLINK-30549,0.000,86400.000,0.0000%,0,
Contact STARLINK-5281 - STARLINK-1463,0.000,86400.000,0.0000%,0,
Contact STARLINK-5281 - STARLINK-6241,0.000,86400.000,0.0000%,0,
Contact STARLINK-5281 - STARLINK-30486,0.000,86400.000,0.0000%,0,
Contact STARLINK-5281 - STARLINK-5565,0.000,86400.000,0.0000%,0,
Contact STARLINK-5281 - STARLINK-31530,5573.548,80826.452,6.4509%,3,
Contact STARLINK-5281 - STARLINK-1227,0.000,86400.000,0.0000%,0,
Contact STARLINK-5281 - STARLINK-5093,6609.653,79790.347,7.6501%,6,
Contact STARLINK-5281 - STARLINK-2556,0.000,86400.000,0.0000%,0,
Contact STARLINK-5281 - STARLINK-5591,33098.258,53301.742,38.3082%,6,
Contact STARLINK-5281 - STARLINK-1073,0.000,86400.000,0.0000%,0,
Contact STARLINK-5281 - STARLINK-32088,4482.610,81917.390,5.1882%,1,
Contact STARLINK-5281 - STARLINK-5829,9776.524,76623.476,11.3154%,5,
Contact STARLINK-5281 - STARLINK-3325,4089.529,82310.471,4.7333%,6,
Contact STARLINK-5281 - STARLINK-5850,86400.000,0.000,100.0000%,1,
Contact STARLINK-5281 - STARLINK-31979,0.000,86400.000,0.0000%,0,
Contact STARLINK-5281 - STARLINK-31939,654.726,85745.274,0.7578%,1,
Contact STARLINK-5281 - STARLINK-2424,0.000,86400.000,0.0000%,0,
Contact STARLINK-5281 - STARLINK-30754,0.000,86400.000,0.0000%,0,
Contact STARLINK-5281 - STARLINK-3832,0.000,86400.000,0.0000%,0,
Contact STARLINK-5281 - STARLINK-5453,85957.044,442.956,99.4873%,3,
Contact STARLINK-5281 - STARLINK-31082,83209.963,3190.037,96.3078%,5,
Contact STARLINK-5281 - STARLINK-4569,58899.099,27500.901,68.1703%,6,
Contact STARLINK-5281 - STARLINK-1776,0.000,86400.000,0.0000%,0,
Contact STARLINK-5281 - STARLINK-6199,0.000,86400.000,0.0000%,0,
Contact STARLINK-5281 - STARLINK-4328,14352.508,72047.492,16.6117%,6,
Contact STARLINK-5281 - STARLINK-2214,803.222,85596.778,0.9297%,3,
Contact STARLINK-5281 - STARLINK-5737,0.000,86400.000,0.0000%,0,
Contact STARLINK-5281 - STARLINK-3506,0.000,86400.000,0.0000%,0,
Contact STARLINK-5281 - STARLINK-11136 [DTC],5133.639,81266.361,5.9417%,3,
Contact STARLINK-5281 - STARLINK-31325,412.331,85987.669,0.4772%,1,
Contact STARLINK-5281 - STARLINK-5628,0.000,86400.000,0.0000%,0,
Contact STARLINK-5281 - STARLINK-5231,0.000,86400.000,0.0000%,0,
Contact STARLINK-5281 - STARLINK-11092 [DTC],8639.789,77760.211,9.9998%,3,
Contact STARLINK-5281 - STARLINK-11072 [DTC],29219.284,57180.716,33.8186%,1,
Contact STARLINK-5281 - STARLINK-5176,0.000,86400.000,0.0000%,0,
Contact STARLINK-5281 - STARLINK-2042,0.000,86400.000,0.0000%,0,
Contact STARLINK-5281 - STARLINK-5503,4948.551,81451.449,5.7275%,3,
Contact STARLINK-5281 - STARLINK-6319,0.000,86400.000,0.0000%,0,
Contact STARLINK-5281 - STARLINK-4522,0.000,86400.000,0.0000%,0,
Contact STARLINK-5281 - MoonARTEMIS1,75827.717,10572.283,87.7636%,7,
Contact STARLINK-5281 - MoonARTEMIS2,75886.090,10513.910,87.8311%,7,
Contact STARLINK-5281 - MoonIOAGEO,71417.107,14982.893,82.6587%,7,
Contact STARLINK-5281 - MoonIOAGNO,78053.661,8346.339,90.3399%,7,
Contact STARLINK-5281 - MoonIOAGNO 0001,78011.041,8388.959,90.2906%,7,
Contact STARLINK-5281 - MoonIOAGSO,75845.445,10554.555,87.7841%,7,
Contact STARLINK-5281 - MoonIOAGSO 0001,77596.376,8803.624,89.8106%,7,
Contact STARLINK-5281 - MoonLRO,37587.211,48812.789,43.5037%,9,
Contact STARLINK-5281 - MarsSat1,70598.290,15801.710,81.7110%,9,
Contact STARLINK-5281 - MarsSat2,70598.639,15801.361,81.7114%,9,
Contact STARLINK-5281 - MarsSat3,70598.341,15801.659,81.7110%,9,
Contact STARLINK-5281 - MarsSat4,70598.348,15801.652,81.7111%,9,
Contact STARLINK-11232 [DTC] - STARLINK-11096 [DTC],5975.502,80424.498,6.9161%,8,
Contact STARLINK-11232 [DTC] - STARLINK-31013,2548.715,83851.285,2.9499%,4,
Contact STARLINK-11232 [DTC] - STARLINK-4139,0.000,86400.000,0.0000%,0,
Contact STARLINK-11232 [DTC] - STARLINK-6178,5472.832,80927.168,6.3343%,3,
Contact STARLINK-11232 [DTC] - STARLINK-1655,2193.022,84206.978,2.5382%,3,
Contact STARLINK-11232 [DTC] - STARLINK-30809,780.146,85619.854,0.9029%,1,
Contact STARLINK-11232 [DTC] - STARLINK-2358,17461.321,68938.679,20.2099%,2,
Contact STARLINK-11232 [DTC] - STARLINK-1661,2700.784,83699.216,3.1259%,4,
Contact STARLINK-11232 [DTC] - STARLINK-2462,3231.244,83168.756,3.7399%,1,
Contact STARLINK-11232 [DTC] - STARLINK-2006,0.000,86400.000,0.0000%,0,
Contact STARLINK-11232 [DTC] - STARLINK-3251,24301.400,62098.600,28.1266%,1,
Contact STARLINK-11232 [DTC] - STARLINK-4108,1146.725,85253.275,1.3272%,2,
Contact STARLINK-11232 [DTC] - STARLINK-3095,3844.258,82555.742,4.4494%,2,
Contact STARLINK-11232 [DTC] - STARLINK-3045,7544.261,78855.739,8.7318%,2,
Contact STARLINK-11232 [DTC] - STARLINK-30329,2111.550,84288.450,2.4439%,3,
Contact STARLINK-11232 [DTC] - STARLINK-2018,2429.991,83970.009,2.8125%,3,
Contact STARLINK-11232 [DTC] - STARLINK-31498,0.000,86400.000,0.0000%,0,
Contact STARLINK-11232 [DTC] - STARLINK-3550,24611.340,61788.660,28.4853%,1,
Contact STARLINK-11232 [DTC] - STARLINK-30345,2634.528,83765.472,3.0492%,4,
Contact STARLINK-11232 [DTC] - STARLINK-31116,1416.525,84983.475,1.6395%,2,
Contact STARLINK-11232 [DTC] - STARLINK-1107,0.000,86400.000,0.0000%,0,
Contact STARLINK-11232 [DTC] - STARLINK-1351,988.436,85411.564,1.1440%,2,
Contact STARLINK-11232 [DTC] - STARLINK-31971,18141.395,68258.605,20.9970%,4,
Contact STARLINK-11232 [DTC] - STARLINK-32134,0.000,86400.000,0.0000%,0,
Contact STARLINK-11232 [DTC] - STARLINK-31430,0.000,86400.000,0.0000%,0,
Contact STARLINK-11232 [DTC] - STARLINK-5969,7960.660,78439.340,9.2137%,3,
Contact STARLINK-11232 [DTC] - STARLINK-31085,761.717,85638.283,0.8816%,1,
Contact STARLINK-11232 [DTC] - STARLINK-2635,0.000,86400.000,0.0000%,0,
Contact STARLINK-11232 [DTC] - STARLINK-5155,1596.503,84803.497,1.8478%,2,
Contact STARLINK-11232 [DTC] - STARLINK-3295,0.000,86400.000,0.0000%,0,
Contact STARLINK-11232 [DTC] - STARLINK-30610,997.568,85402.432,1.1546%,1,
Contact STARLINK-11232 [DTC] - STARLINK-3050,0.000,86400.000,0.0000%,0,
Contact STARLINK-11232 [DTC] - STARLINK-31138,15245.203,71154.797,17.6449%,4,
Contact STARLINK-11232 [DTC] - STARLINK-30255,2445.726,83954.274,2.8307%,3,
Contact STARLINK-11232 [DTC] - STARLINK-2736,5503.171,80896.829,6.3694%,3,
Contact STARLINK-11232 [DTC] - STARLINK-5960,4221.667,82178.333,4.8862%,2,
Contact STARLINK-11232 [DTC] - STARLINK-4170,31834.568,54565.432,36.8456%,1,
Contact STARLINK-11232 [DTC] - STARLINK-31673,22329.274,64070.726,25.8441%,1,
Contact STARLINK-11232 [DTC] - STARLINK-32223,2979.363,83420.637,3.4483%,4,
Contact STARLINK-11232 [DTC] - STARLINK-5061,2370.848,84029.152,2.7440%,3,
Contact STARLINK-11232 [DTC] - STARLINK-2127,2176.901,84223.099,2.5196%,3,
Contact STARLINK-11232 [DTC] - STARLINK-30756,2220.325,84179.675,2.5698%,3,
Contact STARLINK-11232 [DTC] - STARLINK-1580,11720.187,74679.813,13.5650%,3,
Contact STARLINK-11232 [DTC] - STARLINK-31812,43155.035,43244.965,49.9480%,5,
Contact STARLINK-11232 [DTC] - STARLINK-31931,0.000,86400.000,0.0000%,0,
Contact STARLINK-11232 [DTC] - STARLINK-2658,4881.395,81518.605,5.6498%,1,
Contact STARLINK-11232 [DTC] - STARLINK-5952,2607.404,83792.596,3.0178%,3,
Contact STARLINK-11232 [DTC] - STARLINK-1323,5350.137,81049.863,6.1923%,3,
Contact STARLINK-11232 [DTC] - STARLINK-3601,1506.214,84893.786,1.7433%,2,
Contact STARLINK-11232 [DTC] - STARLINK-3603,4977.273,81422.727,5.7607%,3,
Contact STARLINK-11232 [DTC] - STARLINK-3969,11761.436,74638.564,13.6128%,3,
Contact STARLINK-11232 [DTC] - STARLINK-4201,2262.245,84137.755,2.6183%,3,
Contact STARLINK-11232 [DTC] - STARLINK-31060,364.546,86035.454,0.4219%,1,
Contact STARLINK-11232 [DTC] - STARLINK-5972,2135.468,84264.532,2.4716%,3,
Contact STARLINK-11232 [DTC] - STARLINK-2047,2671.594,83728.406,3.0921%,4,
Contact STARLINK-11232 [DTC] - STARLINK-30145,21254.123,65145.877,24.5997%,3,
Contact STARLINK-11232 [DTC] - STARLINK-32210,1529.837,84870.163,1.7706%,2,
Contact STARLINK-11232 [DTC] - STARLINK-30549,0.000,86400.000,0.0000%,0,
Contact STARLINK-11232 [DTC] - STARLINK-1463,27289.931,59110.069,31.5856%,1,
Contact STARLINK-11232 [DTC] - STARLINK-6241,0.000,86400.000,0.0000%,0,
Contact STARLINK-11232 [DTC] - STARLINK-30486,5116.570,81283.430,5.9220%,3,
Contact STARLINK-11232 [DTC] - STARLINK-5565,787.466,85612.534,0.9114%,1,
Contact STARLINK-11232 [DTC] - STARLINK-31530,831.770,85568.230,0.9627%,1,
Contact STARLINK-11232 [DTC] - STARLINK-1227,2370.078,84029.922,2.7431%,4,
Contact STARLINK-11232 [DTC] - STARLINK-5093,2138.415,84261.585,2.4750%,3,
Contact STARLINK-11232 [DTC] - STARLINK-2556,905.228,85494.772,1.0477%,2,
Contact STARLINK-11232 [DTC] - STARLINK-5591,2118.780,84281.220,2.4523%,3,
Contact STARLINK-11232 [DTC] - STARLINK-1073,1918.467,84481.533,2.2204%,3,
Contact STARLINK-11232 [DTC] - STARLINK-32088,0.000,86400.000,0.0000%,0,
Contact STARLINK-11232 [DTC] - STARLINK-5829,2672.659,83727.341,3.0934%,4,
Contact STARLINK-11232 [DTC] - STARLINK-3325,32047.485,54352.515,37.0920%,1,
Contact STARLINK-11232 [DTC] - STARLINK-5850,4546.035,81853.965,5.2616%,2,
Contact STARLINK-11232 [DTC] - STARLINK-31979,0.000,86400.000,0.0000%,0,
Contact STARLINK-11232 [DTC] - STARLINK-31939,0.000,86400.000,0.0000%,0,
Contact STARLINK-11232 [DTC] - STARLINK-2424,26735.365,59664.635,30.9437%,1,
Contact STARLINK-11232 [DTC] - STARLINK-30754,2639.278,83760.722,3.0547%,4,
Contact STARLINK-11232 [DTC] - STARLINK-3832,11327.364,75072.636,13.1104%,2,
Contact STARLINK-11232 [DTC] - STARLINK-5453,2948.635,83451.365,3.4128%,5,
Contact STARLINK-11232 [DTC] - STARLINK-31082,2641.274,83758.726,3.0570%,4,
Contact STARLINK-11232 [DTC] - STARLINK-4569,216.893,86183.107,0.2510%,1,
Contact STARLINK-11232 [DTC] - STARLINK-1776,8067.633,78332.367,9.3375%,1,
Contact STARLINK-11232 [DTC] - STARLINK-6199,0.000,86400.000,0.0000%,0,
Contact STARLINK-11232 [DTC] - STARLINK-4328,0.000,86400.000,0.0000%,0,
Contact STARLINK-11232 [DTC] - STARLINK-2214,16883.085,69516.915,19.5406%,2,
Contact STARLINK-11232 [DTC] - STARLINK-5737,23937.916,62462.084,27.7059%,1,
Contact STARLINK-11232 [DTC] - STARLINK-3506,4238.149,82161.851,4.9053%,2,
Contact STARLINK-11232 [DTC] - STARLINK-11136 [DTC],0.000,86400.000,0.0000%,0,
Contact STARLINK-11232 [DTC] - STARLINK-31325,577.361,85822.639,0.6682%,1,
Contact STARLINK-11232 [DTC] - STARLINK-5628,0.000,86400.000,0.0000%,0,
Contact STARLINK-11232 [DTC] - STARLINK-5231,2441.199,83958.801,2.8255%,3,
Contact STARLINK-11232 [DTC] - STARLINK-11092 [DTC],3550.124,82849.876,4.1089%,6,
Contact STARLINK-11232 [DTC] - STARLINK-11072 [DTC],0.000,86400.000,0.0000%,0,
Contact STARLINK-11232 [DTC] - STARLINK-5176,704.731,85695.269,0.8157%,1,
Contact STARLINK-11232 [DTC] - STARLINK-2042,835.270,85564.730,0.9667%,1,
Contact STARLINK-11232 [DTC] - STARLINK-5503,17910.706,68489.294,20.7300%,3,
Contact STARLINK-11232 [DTC] - STARLINK-6319,1958.058,84441.942,2.2663%,2,
Contact STARLINK-11232 [DTC] - STARLINK-4522,3316.776,83083.224,3.8389%,2,
Contact STARLINK-11232 [DTC] - MoonARTEMIS1,62250.561,24149.439,72.0493%,9,
Contact STARLINK-11232 [DTC] - MoonARTEMIS2,64768.667,21631.333,74.9637%,9,
Contact STARLINK-11232 [DTC] - MoonIOAGEO,65664.532,20735.468,76.0006%,9,
Contact STARLINK-11232 [DTC] - MoonIOAGNO,64766.913,21633.087,74.9617%,9,
Contact STARLINK-11232 [DTC] - MoonIOAGNO 0001,64754.483,21645.517,74.9473%,9,
Contact STARLINK-11232 [DTC] - MoonIOAGSO,69152.164,17247.836,80.0372%,9,
Contact STARLINK-11232 [DTC] - MoonIOAGSO 0001,69751.725,16648.275,80.7312%,9,
Contact STARLINK-11232 [DTC] - MoonLRO,31161.453,55238.547,36.0665%,8,
Contact STARLINK-11232 [DTC] - MarsSat1,63391.911,23008.089,73.3703%,9,
Contact STARLINK-11232 [DTC] - MarsSat2,63392.419,23007.581,73.3709%,9,
Contact STARLINK-11232 [DTC] - MarsSat3,63391.901,23008.099,73.3703%,9,
Contact STARLINK-11232 [DTC] - MarsSat4,63391.875,23008.125,73.3702%,9,
Contact STARLINK-11096 [DTC] - STARLINK-31013,7484.106,78915.894,8.6622%,2,
Contact STARLINK-11096 [DTC] - STARLINK-4139,3929.293,82470.707,4.5478%,1,
Contact STARLINK-11096 [DTC] - STARLINK-6178,29310.253,57089.747,33.9239%,1,
Contact STARLINK-11096 [DTC] - STARLINK-1655,8737.937,77662.063,10.1134%,3,
Contact STARLINK-11096 [DTC] - STARLINK-30809,15033.602,71366.398,17.4000%,1,
Contact STARLINK-11096 [DTC] - STARLINK-2358,288.739,86111.261,0.3342%,1,
Contact STARLINK-11096 [DTC] - STARLINK-1661,15126.650,71273.350,17.5077%,3,
Contact STARLINK-11096 [DTC] - STARLINK-2462,0.000,86400.000,0.0000%,0,
Contact STARLINK-11096 [DTC] - STARLINK-2006,3713.347,82686.653,4.2979%,1,
Contact STARLINK-11096 [DTC] - STARLINK-3251,8948.514,77451.486,10.3571%,3,
Contact STARLINK-11096 [DTC] - STARLINK-4108,0.000,86400.000,0.0000%,0,
Contact STARLINK-11096 [DTC] - STARLINK-3095,0.000,86400.000,0.0000%,0,
Contact STARLINK-11096 [DTC] - STARLINK-3045,7136.114,79263.886,8.2594%,1,
Contact STARLINK-11096 [DTC] - STARLINK-30329,6766.930,79633.070,7.8321%,1,
Contact STARLINK-11096 [DTC] - STARLINK-2018,32571.328,53828.672,37.6983%,1,
Contact STARLINK-11096 [DTC] - STARLINK-31498,0.000,86400.000,0.0000%,0,
Contact STARLINK-11096 [DTC] - STARLINK-3550,4924.466,81475.534,5.6996%,3,
Contact STARLINK-11096 [DTC] - STARLINK-30345,11848.509,74551.491,13.7136%,3,
Contact STARLINK-11096 [DTC] - STARLINK-31116,9517.108,76882.892,11.0152%,4,
Contact STARLINK-11096 [DTC] - STARLINK-1107,0.000,86400.000,0.0000%,0,
Contact STARLINK-11096 [DTC] - STARLINK-1351,0.000,86400.000,0.0000%,0,
Contact STARLINK-11096 [DTC] - STARLINK-31971,4235.136,82164.864,4.9018%,6,
Contact STARLINK-11096 [DTC] - STARLINK-32134,0.000,86400.000,0.0000%,0,
Contact STARLINK-11096 [DTC] - STARLINK-31430,234.173,86165.827,0.2710%,1,
Contact STARLINK-11096 [DTC] - STARLINK-5969,2471.939,83928.061,2.8610%,3,
Contact STARLINK-11096 [DTC] - STARLINK-31085,14728.856,71671.144,17.0473%,1,
Contact STARLINK-11096 [DTC] - STARLINK-2635,3771.410,82628.590,4.3651%,1,
Contact STARLINK-11096 [DTC] - STARLINK-5155,8749.804,77650.196,10.1271%,3,
Contact STARLINK-11096 [DTC] - STARLINK-3295,0.000,86400.000,0.0000%,0,
Contact STARLINK-11096 [DTC] - STARLINK-30610,0.000,86400.000,0.0000%,0,
Contact STARLINK-11096 [DTC] - STARLINK-3050,14428.559,71971.441,16.6997%,2,
Contact STARLINK-11096 [DTC] - STARLINK-31138,40731.072,45668.928,47.1424%,1,
Contact STARLINK-11096 [DTC] - STARLINK-30255,2588.397,83811.603,2.9958%,3,
Contact STARLINK-11096 [DTC] - STARLINK-2736,32563.142,53836.858,37.6888%,1,
Contact STARLINK-11096 [DTC] - STARLINK-5960,2543.159,83856.841,2.9435%,3,
Contact STARLINK-11096 [DTC] - STARLINK-4170,8751.493,77648.507,10.1290%,4,
Contact STARLINK-11096 [DTC] - STARLINK-31673,2186.116,84213.884,2.5302%,3,
Contact STARLINK-11096 [DTC] - STARLINK-32223,0.000,86400.000,0.0000%,0,
Contact STARLINK-11096 [DTC] - STARLINK-5061,8729.892,77670.108,10.1040%,3,
Contact STARLINK-11096 [DTC] - STARLINK-2127,25532.204,60867.796,29.5512%,2,
Contact STARLINK-11096 [DTC] - STARLINK-30756,24241.546,62158.454,28.0573%,3,
Contact STARLINK-11096 [DTC] - STARLINK-1580,21290.911,65109.089,24.6423%,1,
Contact STARLINK-11096 [DTC] - STARLINK-31812,43674.351,42725.649,50.5490%,5,
Contact STARLINK-11096 [DTC] - STARLINK-31931,0.000,86400.000,0.0000%,0,
Contact STARLINK-11096 [DTC] - STARLINK-2658,465.172,85934.828,0.5384%,1,
Contact STARLINK-11096 [DTC] - STARLINK-5952,2515.506,83884.494,2.9115%,3,
Contact STARLINK-11096 [DTC] - STARLINK-1323,33009.276,53390.724,38.2052%,1,
Contact STARLINK-11096 [DTC] - STARLINK-3601,0.000,86400.000,0.0000%,0,
Contact STARLINK-11096 [DTC] - STARLINK-3603,0.000,86400.000,0.0000%,0,
Contact STARLINK-11096 [DTC] - STARLINK-3969,25092.023,61307.977,29.0417%,2,
Contact STARLINK-11096 [DTC] - STARLINK-4201,23007.499,63392.501,26.6290%,2,
Contact STARLINK-11096 [DTC] - STARLINK-31060,4324.837,82075.163,5.0056%,6,
Contact STARLINK-11096 [DTC] - STARLINK-5972,23681.461,62718.539,27.4091%,1,
Contact STARLINK-11096 [DTC] - STARLINK-2047,14186.034,72213.966,16.4190%,2,
Contact STARLINK-11096 [DTC] - STARLINK-30145,2079.607,84320.393,2.4070%,3,
Contact STARLINK-11096 [DTC] - STARLINK-32210,9403.209,76996.791,10.8833%,4,
Contact STARLINK-11096 [DTC] - STARLINK-30549,0.000,86400.000,0.0000%,0,
Contact STARLINK-11096 [DTC] - STARLINK-1463,2310.911,84089.089,2.6747%,3,
Contact STARLINK-11096 [DTC] - STARLINK-6241,0.000,86400.000,0.0000%,0,
Contact STARLINK-11096 [DTC] - STARLINK-30486,2359.441,84040.559,2.7308%,3,
Contact STARLINK-11096 [DTC] - STARLINK-5565,23653.075,62746.925,27.3762%,1,
Contact STARLINK-11096 [DTC] - STARLINK-31530,0.000,86400.000,0.0000%,0,
Contact STARLINK-11096 [DTC] - STARLINK-1227,1121.624,85278.376,1.2982%,1,
Contact STARLINK-11096 [DTC] - STARLINK-5093,23674.792,62725.208,27.4014%,1,
Contact STARLINK-11096 [DTC] - STARLINK-2556,20888.581,65511.419,24.1766%,1,
Contact STARLINK-11096 [DTC] - STARLINK-5591,26559.568,59840.432,30.7402%,1,
Contact STARLINK-11096 [DTC] - STARLINK-1073,0.000,86400.000,0.0000%,0,
Contact STARLINK-11096 [DTC] - STARLINK-32088,0.000,86400.000,0.0000%,0,
Contact STARLINK-11096 [DTC] - STARLINK-5829,12353.341,74046.659,14.2978%,3,
Contact STARLINK-11096 [DTC] - STARLINK-3325,2768.254,83631.746,3.2040%,3,
Contact STARLINK-11096 [DTC] - STARLINK-5850,8200.480,78199.520,9.4913%,2,
Contact STARLINK-11096 [DTC] - STARLINK-31979,0.000,86400.000,0.0000%,0,
Contact STARLINK-11096 [DTC] - STARLINK-31939,0.000,86400.000,0.0000%,0,
Contact STARLINK-11096 [DTC] - STARLINK-2424,2746.298,83653.702,3.1786%,4,
Contact STARLINK-11096 [DTC] - STARLINK-30754,18437.084,67962.916,21.3392%,3,
Contact STARLINK-11096 [DTC] - STARLINK-3832,493.120,85906.880,0.5707%,1,
Contact STARLINK-11096 [DTC] - STARLINK-5453,29380.681,57019.319,34.0054%,1,
Contact STARLINK-11096 [DTC] - STARLINK-31082,27307.608,59092.392,31.6060%,1,
Contact STARLINK-11096 [DTC] - STARLINK-4569,2437.194,83962.806,2.8208%,4,
Contact STARLINK-11096 [DTC] - STARLINK-1776,409.948,85990.052,0.4745%,1,
Contact STARLINK-11096 [DTC] - STARLINK-6199,0.000,86400.000,0.0000%,0,
Contact STARLINK-11096 [DTC] - STARLINK-4328,2481.223,83918.777,2.8718%,5,
Contact STARLINK-11096 [DTC] - STARLINK-2214,10096.881,76303.119,11.6862%,1,
Contact STARLINK-11096 [DTC] - STARLINK-5737,2209.961,84190.039,2.5578%,3,
Contact STARLINK-11096 [DTC] - STARLINK-3506,0.000,86400.000,0.0000%,0,
Contact STARLINK-11096 [DTC] - STARLINK-11136 [DTC],0.000,86400.000,0.0000%,0,
Contact STARLINK-11096 [DTC] - STARLINK-31325,12191.755,74208.245,14.1108%,1,
Contact STARLINK-11096 [DTC] - STARLINK-5628,0.000,86400.000,0.0000%,0,
Contact STARLINK-11096 [DTC] - STARLINK-5231,5257.241,81142.759,6.0848%,3,
Contact STARLINK-11096 [DTC] - STARLINK-11092 [DTC],86400.000,0.000,100.0000%,1,
Contact STARLINK-11096 [DTC] - STARLINK-11072 [DTC],2802.131,83597.869,3.2432%,4,
Contact STARLINK-11096 [DTC] - STARLINK-5176,0.000,86400.000,0.0000%,0,
Contact STARLINK-11096 [DTC] - STARLINK-2042,13526.739,72873.261,15.6559%,1,
Contact STARLINK-11096 [DTC] - STARLINK-5503,2229.336,84170.664,2.5803%,3,
Contact STARLINK-11096 [DTC] - STARLINK-6319,20844.617,65555.383,24.1257%,1,
Contact STARLINK-11096 [DTC] - STARLINK-4522,15200.274,71199.726,17.5929%,1,
Contact STARLINK-11096 [DTC] - MoonARTEMIS1,60287.634,26112.366,69.7774%,9,
Contact STARLINK-11096 [DTC] - MoonARTEMIS2,62443.866,23956.134,72.2730%,9,
Contact STARLINK-11096 [DTC] - MoonIOAGEO,55249.976,31150.024,63.9467%,9,
Contact STARLINK-11096 [DTC] - MoonIOAGNO,63416.293,22983.707,73.3985%,9,
Contact STARLINK-11096 [DTC] - MoonIOAGNO 0001,63434.718,22965.282,73.4198%,9,
Contact STARLINK-11096 [DTC] - MoonIOAGSO,62791.847,23608.153,72.6757%,9,
Contact STARLINK-11096 [DTC] - MoonIOAGSO 0001,63254.498,23145.502,73.2112%,9,
Contact STARLINK-11096 [DTC] - MoonLRO,29921.237,56478.763,34.6311%,8,
Contact STARLINK-11096 [DTC] - MarsSat1,71341.320,15058.680,82.5710%,8,
Contact STARLINK-11096 [DTC] - MarsSat2,71340.858,15059.142,82.5704%,8,
Contact STARLINK-11096 [DTC] - MarsSat3,71341.220,15058.780,82.5709%,8,
Contact STARLINK-11096 [DTC] - MarsSat4,71341.253,15058.747,82.5709%,8,
Contact STARLINK-31013 - STARLINK-4139,0.000,86400.000,0.0000%,0,
Contact STARLINK-31013 - STARLINK-6178,0.000,86400.000,0.0000%,0,
Contact STARLINK-31013 - STARLINK-1655,0.000,86400.000,0.0000%,0,
Contact STARLINK-31013 - STARLINK-30809,0.000,86400.000,0.0000%,0,
Contact STARLINK-31013 - STARLINK-2358,16144.549,70255.451,18.6858%,5,
Contact STARLINK-31013 - STARLINK-1661,0.000,86400.000,0.0000%,0,
Contact STARLINK-31013 - STARLINK-2462,0.000,86400.000,0.0000%,0,
Contact STARLINK-31013 - STARLINK-2006,0.000,86400.000,0.0000%,0,
Contact STARLINK-31013 - STARLINK-3251,6159.087,80240.913,7.1286%,7,
Contact STARLINK-31013 - STARLINK-4108,61351.658,25048.342,71.0089%,4,
Contact STARLINK-31013 - STARLINK-3095,0.000,86400.000,0.0000%,0,
Contact STARLINK-31013 - STARLINK-3045,0.000,86400.000,0.0000%,0,
Contact STARLINK-31013 - STARLINK-30329,86400.000,0.000,100.0000%,1,
Contact STARLINK-31013 - STARLINK-2018,0.000,86400.000,0.0000%,0,
Contact STARLINK-31013 - STARLINK-31498,41856.655,44543.345,48.4452%,1,
Contact STARLINK-31013 - STARLINK-3550,11985.395,74414.605,13.8720%,7,
Contact STARLINK-31013 - STARLINK-30345,86400.000,0.000,100.0000%,1,
Contact STARLINK-31013 - STARLINK-31116,0.000,86400.000,0.0000%,0,
Contact STARLINK-31013 - STARLINK-1107,0.000,86400.000,0.0000%,0,
Contact STARLINK-31013 - STARLINK-1351,25783.308,60616.692,29.8418%,4,
Contact STARLINK-31013 - STARLINK-31971,872.298,85527.702,1.0096%,1,
Contact STARLINK-31013 - STARLINK-32134,7705.877,78694.123,8.9188%,2,
Contact STARLINK-31013 - STARLINK-31430,0.000,86400.000,0.0000%,0,
Contact STARLINK-31013 - STARLINK-5969,0.000,86400.000,0.0000%,0,
Contact STARLINK-31013 - STARLINK-31085,0.000,86400.000,0.0000%,0,
Contact STARLINK-31013 - STARLINK-2635,0.000,86400.000,0.0000%,0,
Contact STARLINK-31013 - STARLINK-5155,0.000,86400.000,0.0000%,0,
Contact STARLINK-31013 - STARLINK-3295,0.000,86400.000,0.0000%,0,
Contact STARLINK-31013 - STARLINK-30610,0.000,86400.000,0.0000%,0,
Contact STARLINK-31013 - STARLINK-3050,5855.129,80544.871,6.7768%,6,
Contact STARLINK-31013 - STARLINK-31138,0.000,86400.000,0.0000%,0,
Contact STARLINK-31013 - STARLINK-30255,86400.000,0.000,100.0000%,1,
Contact STARLINK-31013 - STARLINK-2736,0.000,86400.000,0.0000%,0,
Contact STARLINK-31013 - STARLINK-5960,0.000,86400.000,0.0000%,0,
Contact STARLINK-31013 - STARLINK-4170,14194.439,72205.561,16.4287%,7,
Contact STARLINK-31013 - STARLINK-31673,0.000,86400.000,0.0000%,0,
Contact STARLINK-31013 - STARLINK-32223,46360.709,40039.291,53.6582%,1,
Contact STARLINK-31013 - STARLINK-5061,0.000,86400.000,0.0000%,0,
Contact STARLINK-31013 - STARLINK-2127,0.000,86400.000,0.0000%,0,
Contact STARLINK-31013 - STARLINK-30756,0.000,86400.000,0.0000%,0,
Contact STARLINK-31013 - STARLINK-1580,0.000,86400.000,0.0000%,0,
Contact STARLINK-31013 - STARLINK-31812,4496.897,81903.103,5.2047%,2,
Contact STARLINK-31013 - STARLINK-31931,4589.886,81810.114,5.3124%,2,
Contact STARLINK-31013 - STARLINK-2658,481.962,85918.038,0.5578%,2,
Contact STARLINK-31013 - STARLINK-5952,86400.000,0.000,100.0000%,1,
Contact STARLINK-31013 - STARLINK-1323,0.000,86400.000,0.0000%,0,
Contact STARLINK-31013 - STARLINK-3601,0.000,86400.000,0.0000%,0,
Contact STARLINK-31013 - STARLINK-3603,15043.277,71356.723,17.4112%,2,
Contact STARLINK-31013 - STARLINK-3969,0.000,86400.000,0.0000%,0,
Contact STARLINK-31013 - STARLINK-4201,0.000,86400.000,0.0000%,0,
Contact STARLINK-31013 - STARLINK-31060,18552.655,67847.345,21.4730%,2,
Contact STARLINK-31013 - STARLINK-5972,0.000,86400.000,0.0000%,0,
Contact STARLINK-31013 - STARLINK-2047,0.000,86400.000,0.0000%,0,
Contact STARLINK-31013 - STARLINK-30145,58764.718,27635.282,68.0147%,7,
Contact STARLINK-31013 - STARLINK-32210,0.000,86400.000,0.0000%,0,
Contact STARLINK-31013 - STARLINK-30549,8015.920,78384.080,9.2777%,6,
Contact STARLINK-31013 - STARLINK-1463,4244.281,82155.719,4.9124%,6,
Contact STARLINK-31013 - STARLINK-6241,0.000,86400.000,0.0000%,0,
Contact STARLINK-31013 - STARLINK-30486,25647.657,60752.343,29.6848%,5,
Contact STARLINK-31013 - STARLINK-5565,35737.077,50662.923,41.3624%,6,
Contact STARLINK-31013 - STARLINK-31530,0.000,86400.000,0.0000%,0,
Contact STARLINK-31013 - STARLINK-1227,86400.000,0.000,100.0000%,1,
Contact STARLINK-31013 - STARLINK-5093,0.000,86400.000,0.0000%,0,
Contact STARLINK-31013 - STARLINK-2556,39885.256,46514.744,46.1635%,7,
Contact STARLINK-31013 - STARLINK-5591,0.000,86400.000,0.0000%,0,
Contact STARLINK-31013 - STARLINK-1073,2804.737,83595.263,3.2462%,1,
Contact STARLINK-31013 - STARLINK-32088,0.000,86400.000,0.0000%,0,
Contact STARLINK-31013 - STARLINK-5829,0.000,86400.000,0.0000%,0,
Contact STARLINK-31013 - STARLINK-3325,0.000,86400.000,0.0000%,0,
Contact STARLINK-31013 - STARLINK-5850,0.000,86400.000,0.0000%,0,
Contact STARLINK-31013 - STARLINK-31979,11171.679,75228.321,12.9302%,6,
Contact STARLINK-31013 - STARLINK-31939,0.000,86400.000,0.0000%,0,
Contact STARLINK-31013 - STARLINK-2424,2770.866,83629.134,3.2070%,4,
Contact STARLINK-31013 - STARLINK-30754,2768.214,83631.786,3.2040%,3,
Contact STARLINK-31013 - STARLINK-3832,0.000,86400.000,0.0000%,0,
Contact STARLINK-31013 - STARLINK-5453,0.000,86400.000,0.0000%,0,
Contact STARLINK-31013 - STARLINK-31082,0.000,86400.000,0.0000%,0,
Contact STARLINK-31013 - STARLINK-4569,0.000,86400.000,0.0000%,0,
Contact STARLINK-31013 - STARLINK-1776,464.112,85935.888,0.5372%,1,
Contact STARLINK-31013 - STARLINK-6199,0.000,86400.000,0.0000%,0,
Contact STARLINK-31013 - STARLINK-4328,0.000,86400.000,0.0000%,0,
Contact STARLINK-31013 - STARLINK-2214,0.000,86400.000,0.0000%,0,
Contact STARLINK-31013 - STARLINK-5737,36898.049,49501.951,42.7061%,6,
Contact STARLINK-31013 - STARLINK-3506,0.000,86400.000,0.0000%,0,
Contact STARLINK-31013 - STARLINK-11136 [DTC],740.339,85659.661,0.8569%,1,
Contact STARLINK-31013 - STARLINK-31325,0.000,86400.000,0.0000%,0,
Contact STARLINK-31013 - STARLINK-5628,0.000,86400.000,0.0000%,0,
Contact STARLINK-31013 - STARLINK-5231,0.000,86400.000,0.0000%,0,
Contact STARLINK-31013 - STARLINK-11092 [DTC],8097.833,78302.167,9.3725%,2,
Contact STARLINK-31013 - STARLINK-11072 [DTC],0.000,86400.000,0.0000%,0,
Contact STARLINK-31013 - STARLINK-5176,0.000,86400.000,0.0000%,0,
Contact STARLINK-31013 - STARLINK-2042,0.000,86400.000,0.0000%,0,
Contact STARLINK-31013 - STARLINK-5503,0.000,86400.000,0.0000%,0,
Contact STARLINK-31013 - STARLINK-6319,0.000,86400.000,0.0000%,0,
Contact STARLINK-31013 - STARLINK-4522,18419.960,67980.040,21.3194%,7,
Contact STARLINK-31013 - MoonARTEMIS1,70474.182,15925.818,81.5673%,7,
Contact STARLINK-31013 - MoonARTEMIS2,74066.758,12333.242,85.7254%,8,
Contact STARLINK-31013 - MoonIOAGEO,67655.422,18744.578,78.3049%,7,
Contact STARLINK-31013 - MoonIOAGNO,74141.161,12258.839,85.8115%,8,
Contact STARLINK-31013 - MoonIOAGNO 0001,74147.656,12252.344,85.8190%,8,
Contact STARLINK-31013 - MoonIOAGSO,72507.769,13892.231,83.9210%,8,
Contact STARLINK-31013 - MoonIOAGSO 0001,73879.573,12520.427,85.5088%,8,
Contact STARLINK-31013 - MoonLRO,29293.468,57106.532,33.9045%,9,
Contact STARLINK-31013 - MarsSat1,71976.689,14423.311,83.3064%,8,
Contact STARLINK-31013 - MarsSat2,71976.968,14423.032,83.3067%,8,
Contact STARLINK-31013 - MarsSat3,71976.762,14423.238,83.3064%,8,
Contact STARLINK-31013 - MarsSat4,71976.715,14423.285,83.3064%,8,
Contact STARLINK-4139 - STARLINK-6178,0.000,86400.000,0.0000%,0,
Contact STARLINK-4139 - STARLINK-1655,0.000,86400.000,0.0000%,0,
Contact STARLINK-4139 - STARLINK-30809,86400.000,0.000,100.0000%,1,
Contact STARLINK-4139 - STARLINK-2358,0.000,86400.000,0.0000%,0,
Contact STARLINK-4139 - STARLINK-1661,0.000,86400.000,0.0000%,0,
Contact STARLINK-4139 - STARLINK-2462,14336.336,72063.664,16.5930%,6,
Contact STARLINK-4139 - STARLINK-2006,86400.000,0.000,100.0000%,1,
Contact STARLINK-4139 - STARLINK-3251,0.000,86400.000,0.0000%,0,
Contact STARLINK-4139 - STARLINK-4108,0.000,86400.000,0.0000%,0,
Contact STARLINK-4139 - STARLINK-3095,7652.810,78747.190,8.8574%,6,
Contact STARLINK-4139 - STARLINK-3045,17900.847,68499.153,20.7186%,7,
Contact STARLINK-4139 - STARLINK-30329,0.000,86400.000,0.0000%,0,
Contact STARLINK-4139 - STARLINK-2018,0.000,86400.000,0.0000%,0,
Contact STARLINK-4139 - STARLINK-31498,23553.558,62846.442,27.2611%,1,
Contact STARLINK-4139 - STARLINK-3550,0.000,86400.000,0.0000%,0,
Contact STARLINK-4139 - STARLINK-30345,0.000,86400.000,0.0000%,0,
Contact STARLINK-4139 - STARLINK-31116,0.000,86400.000,0.0000%,0,
Contact STARLINK-4139 - STARLINK-1107,10157.189,76242.811,11.7560%,5,
Contact STARLINK-4139 - STARLINK-1351,0.000,86400.000,0.0000%,0,
Contact STARLINK-4139 - STARLINK-31971,0.000,86400.000,0.0000%,0,
Contact STARLINK-4139 - STARLINK-32134,31781.268,54618.732,36.7839%,4,
Contact STARLINK-4139 - STARLINK-31430,8703.430,77696.570,10.0734%,4,
Contact STARLINK-4139 - STARLINK-5969,0.000,86400.000,0.0000%,0,
Contact STARLINK-4139 - STARLINK-31085,86400.000,0.000,100.0000%,1,
Contact STARLINK-4139 - STARLINK-2635,86400.000,0.000,100.0000%,1,
Contact STARLINK-4139 - STARLINK-5155,0.000,86400.000,0.0000%,0,
Contact STARLINK-4139 - STARLINK-3295,4864.504,81535.496,5.6302%,6,
Contact STARLINK-4139 - STARLINK-30610,49789.437,36610.563,57.6267%,3,
Contact STARLINK-4139 - STARLINK-3050,0.000,86400.000,0.0000%,0,
Contact STARLINK-4139 - STARLINK-31138,0.000,86400.000,0.0000%,0,
Contact STARLINK-4139 - STARLINK-30255,0.000,86400.000,0.0000%,0,
Contact STARLINK-4139 - STARLINK-2736,0.000,86400.000,0.0000%,0,
Contact STARLINK-4139 - STARLINK-5960,0.000,86400.000,0.0000%,0,
Contact STARLINK-4139 - STARLINK-4170,0.000,86400.000,0.0000%,0,
Contact STARLINK-4139 - STARLINK-31673,0.000,86400.000,0.0000%,0,
Contact STARLINK-4139 - STARLINK-32223,581.559,85818.441,0.6731%,1,
Contact STARLINK-4139 - STARLINK-5061,0.000,86400.000,0.0000%,0,
Contact STARLINK-4139 - STARLINK-2127,0.000,86400.000,0.0000%,0,
Contact STARLINK-4139 - STARLINK-30756,0.000,86400.000,0.0000%,0,
Contact STARLINK-4139 - STARLINK-1580,4271.090,82128.910,4.9434%,7,
Contact STARLINK-4139 - STARLINK-31812,0.000,86400.000,0.0000%,0,
Contact STARLINK-4139 - STARLINK-31931,6890.376,79509.624,7.9750%,5,
Contact STARLINK-4139 - STARLINK-2658,2494.776,83905.224,2.8875%,4,
Contact STARLINK-4139 - STARLINK-5952,0.000,86400.000,0.0000%,0,
Contact STARLINK-4139 - STARLINK-1323,0.000,86400.000,0.0000%,0,
Contact STARLINK-4139 - STARLINK-3601,43263.469,43136.531,50.0735%,7,
Contact STARLINK-4139 - STARLINK-3603,0.000,86400.000,0.0000%,0,
Contact STARLINK-4139 - STARLINK-3969,0.000,86400.000,0.0000%,0,
Contact STARLINK-4139 - STARLINK-4201,0.000,86400.000,0.0000%,0,
Contact STARLINK-4139 - STARLINK-31060,0.000,86400.000,0.0000%,0,
Contact STARLINK-4139 - STARLINK-5972,0.000,86400.000,0.0000%,0,
Contact STARLINK-4139 - STARLINK-2047,0.000,86400.000,0.0000%,0,
Contact STARLINK-4139 - STARLINK-30145,0.000,86400.000,0.0000%,0,
Contact STARLINK-4139 - STARLINK-32210,0.000,86400.000,0.0000%,0,
Contact STARLINK-4139 - STARLINK-30549,0.000,86400.000,0.0000%,0,
Contact STARLINK-4139 - STARLINK-1463,0.000,86400.000,0.0000%,0,
Contact STARLINK-4139 - STARLINK-6241,28002.543,58397.457,32.4104%,6,
Contact STARLINK-4139 - STARLINK-30486,0.000,86400.000,0.0000%,0,
Contact STARLINK-4139 - STARLINK-5565,0.000,86400.000,0.0000%,0,
Contact STARLINK-4139 - STARLINK-31530,5870.603,80529.397,6.7947%,3,
Contact STARLINK-4139 - STARLINK-1227,0.000,86400.000,0.0000%,0,
Contact STARLINK-4139 - STARLINK-5093,0.000,86400.000,0.0000%,0,
Contact STARLINK-4139 - STARLINK-2556,0.000,86400.000,0.0000%,0,
Contact STARLINK-4139 - STARLINK-5591,0.000,86400.000,0.0000%,0,
Contact STARLINK-4139 - STARLINK-1073,0.000,86400.000,0.0000%,0,
Contact STARLINK-4139 - STARLINK-32088,63891.412,22508.588,73.9484%,1,
Contact STARLINK-4139 - STARLINK-5829,0.000,86400.000,0.0000%,0,
Contact STARLINK-4139 - STARLINK-3325,0.000,86400.000,0.0000%,0,
Contact STARLINK-4139 - STARLINK-5850,0.000,86400.000,0.0000%,0,
Contact STARLINK-4139 - STARLINK-31979,0.000,86400.000,0.0000%,0,
Contact STARLINK-4139 - STARLINK-31939,11836.204,74563.796,13.6993%,6,
Contact STARLINK-4139 - STARLINK-2424,0.000,86400.000,0.0000%,0,
Contact STARLINK-4139 - STARLINK-30754,0.000,86400.000,0.0000%,0,
Contact STARLINK-4139 - STARLINK-3832,7996.209,78403.791,9.2549%,7,
Contact STARLINK-4139 - STARLINK-5453,0.000,86400.000,0.0000%,0,
Contact STARLINK-4139 - STARLINK-31082,0.000,86400.000,0.0000%,0,
Contact STARLINK-4139 - STARLINK-4569,0.000,86400.000,0.0000%,0,
Contact STARLINK-4139 - STARLINK-1776,5079.011,81320.989,5.8785%,7,
Contact STARLINK-4139 - STARLINK-6199,405.263,85994.737,0.4691%,1,
Contact STARLINK-4139 - STARLINK-4328,0.000,86400.000,0.0000%,0,
Contact STARLINK-4139 - STARLINK-2214,11619.302,74780.698,13.4483%,7,
Contact STARLINK-4139 - STARLINK-5737,0.000,86400.000,0.0000%,0,
Contact STARLINK-4139 - STARLINK-3506,49716.048,36683.952,57.5417%,7,
Contact STARLINK-4139 - STARLINK-11136 [DTC],3009.741,83390.259,3.4835%,5,
Contact STARLINK-4139 - STARLINK-31325,51202.707,35197.293,59.2624%,2,
Contact STARLINK-4139 - STARLINK-5628,11826.567,74573.433,13.6882%,6,
Contact STARLINK-4139 - STARLINK-5231,0.000,86400.000,0.0000%,0,
Contact STARLINK-4139 - STARLINK-11092 [DTC],630.816,85769.184,0.7301%,1,
Contact STARLINK-4139 - STARLINK-11072 [DTC],26523.592,59876.408,30.6986%,1,
Contact STARLINK-4139 - STARLINK-5176,86400.000,0.000,100.0000%,1,
Contact STARLINK-4139 - STARLINK-2042,86400.000,0.000,100.0000%,1,
Contact STARLINK-4139 - STARLINK-5503,0.000,86400.000,0.0000%,0,
Contact STARLINK-4139 - STARLINK-6319,52695.920,33704.080,60.9906%,7,
Contact STARLINK-4139 - STARLINK-4522,0.000,86400.000,0.0000%,0,
Contact STARLINK-4139 - MoonARTEMIS1,74670.368,11729.632,86.4240%,7,
Contact STARLINK-4139 - MoonARTEMIS2,78002.664,8397.336,90.2809%,7,
Contact STARLINK-4139 - MoonIOAGEO,66658.741,19741.259,77.1513%,8,
Contact STARLINK-4139 - MoonIOAGNO,78105.535,8294.465,90.3999%,7,
Contact STARLINK-4139 - MoonIOAGNO 0001,78075.230,8324.770,90.3648%,7,
Contact STARLINK-4139 - MoonIOAGSO,75940.742,10459.258,87.8944%,7,
Contact STARLINK-4139 - MoonIOAGSO 0001,77666.218,8733.782,89.8915%,7,
Contact STARLINK-4139 - MoonLRO,30237.209,56162.791,34.9968%,8,
Contact STARLINK-4139 - MarsSat1,69426.942,16973.058,80.3553%,9,
Contact STARLINK-4139 - MarsSat2,69427.234,16972.766,80.3556%,9,
Contact STARLINK-4139 - MarsSat3,69427.033,16972.967,80.3554%,9,
Contact STARLINK-4139 - MarsSat4,69427.004,16972.996,80.3553%,9,
Contact STARLINK-6178 - STARLINK-1655,29881.544,56518.456,34.5851%,6,
Contact STARLINK-6178 - STARLINK-30809,0.000,86400.000,0.0000%,0,
Contact STARLINK-6178 - STARLINK-2358,0.000,86400.000,0.0000%,0,
Contact STARLINK-6178 - STARLINK-1661,71117.375,15282.625,82.3118%,6,
Contact STARLINK-6178 - STARLINK-2462,0.000,86400.000,0.0000%,0,
Contact STARLINK-6178 - STARLINK-2006,0.000,86400.000,0.0000%,0,
Contact STARLINK-6178 - STARLINK-3251,0.000,86400.000,0.0000%,0,
Contact STARLINK-6178 - STARLINK-4108,0.000,86400.000,0.0000%,0,
Contact STARLINK-6178 - STARLINK-3095,0.000,86400.000,0.0000%,0,
Contact STARLINK-6178 - STARLINK-3045,0.000,86400.000,0.0000%,0,
Contact STARLINK-6178 - STARLINK-30329,0.000,86400.000,0.0000%,0,
Contact STARLINK-6178 - STARLINK-2018,21131.121,65268.879,24.4573%,1,
Contact STARLINK-6178 - STARLINK-31498,0.000,86400.000,0.0000%,0,
Contact STARLINK-6178 - STARLINK-3550,0.000,86400.000,0.0000%,0,
Contact STARLINK-6178 - STARLINK-30345,0.000,86400.000,0.0000%,0,
Contact STARLINK-6178 - STARLINK-31116,14627.140,71772.860,16.9296%,5,
Contact STARLINK-6178 - STARLINK-1107,0.000,86400.000,0.0000%,0,
Contact STARLINK-6178 - STARLINK-1351,0.000,86400.000,0.0000%,0,
Contact STARLINK-6178 - STARLINK-31971,8470.152,77929.848,9.8034%,7,
Contact STARLINK-6178 - STARLINK-32134,0.000,86400.000,0.0000%,0,
Contact STARLINK-6178 - STARLINK-31430,542.127,85857.873,0.6275%,1,
Contact STARLINK-6178 - STARLINK-5969,21149.005,65250.995,24.4780%,6,
Contact STARLINK-6178 - STARLINK-31085,0.000,86400.000,0.0000%,0,
Contact STARLINK-6178 - STARLINK-2635,0.000,86400.000,0.0000%,0,
Contact STARLINK-6178 - STARLINK-5155,30072.182,56327.818,34.8058%,6,
Contact STARLINK-6178 - STARLINK-3295,0.000,86400.000,0.0000%,0,
Contact STARLINK-6178 - STARLINK-30610,0.000,86400.000,0.0000%,0,
Contact STARLINK-6178 - STARLINK-3050,0.000,86400.000,0.0000%,0,
Contact STARLINK-6178 - STARLINK-31138,70537.676,15862.324,81.6408%,1,
Contact STARLINK-6178 - STARLINK-30255,0.000,86400.000,0.0000%,0,
Contact STARLINK-6178 - STARLINK-2736,86400.000,0.000,100.0000%,1,
Contact STARLINK-6178 - STARLINK-5960,1624.808,84775.192,1.8806%,5,
Contact STARLINK-6178 - STARLINK-4170,1466.869,84933.131,1.6978%,2,
Contact STARLINK-6178 - STARLINK-31673,2028.446,84371.554,2.3477%,3,
Contact STARLINK-6178 - STARLINK-32223,560.594,85839.406,0.6488%,1,
Contact STARLINK-6178 - STARLINK-5061,615.629,85784.371,0.7125%,2,
Contact STARLINK-6178 - STARLINK-2127,19569.309,66830.691,22.6497%,5,
Contact STARLINK-6178 - STARLINK-30756,86400.000,0.000,100.0000%,1,
Contact STARLINK-6178 - STARLINK-1580,0.000,86400.000,0.0000%,0,
Contact STARLINK-6178 - STARLINK-31812,46259.010,40140.990,53.5405%,3,
Contact STARLINK-6178 - STARLINK-31931,0.000,86400.000,0.0000%,0,
Contact STARLINK-6178 - STARLINK-2658,0.000,86400.000,0.0000%,0,
Contact STARLINK-6178 - STARLINK-5952,0.000,86400.000,0.0000%,0,
Contact STARLINK-6178 - STARLINK-1323,86400.000,0.000,100.0000%,1,
Contact STARLINK-6178 - STARLINK-3601,0.000,86400.000,0.0000%,0,
Contact STARLINK-6178 - STARLINK-3603,0.000,86400.000,0.0000%,0,
Contact STARLINK-6178 - STARLINK-3969,86400.000,0.000,100.0000%,1,
Contact STARLINK-6178 - STARLINK-4201,66851.198,19548.802,77.3741%,6,
Contact STARLINK-6178 - STARLINK-31060,2532.898,83867.102,2.9316%,3,
Contact STARLINK-6178 - STARLINK-5972,43546.555,42853.445,50.4011%,7,
Contact STARLINK-6178 - STARLINK-2047,0.000,86400.000,0.0000%,0,
Contact STARLINK-6178 - STARLINK-30145,0.000,86400.000,0.0000%,0,
Contact STARLINK-6178 - STARLINK-32210,30206.831,56193.169,34.9616%,6,
Contact STARLINK-6178 - STARLINK-30549,0.000,86400.000,0.0000%,0,
Contact STARLINK-6178 - STARLINK-1463,23974.333,62425.667,27.7481%,7,
Contact STARLINK-6178 - STARLINK-6241,0.000,86400.000,0.0000%,0,
Contact STARLINK-6178 - STARLINK-30486,0.000,86400.000,0.0000%,0,
Contact STARLINK-6178 - STARLINK-5565,0.000,86400.000,0.0000%,0,
Contact STARLINK-6178 - STARLINK-31530,17601.910,68798.090,20.3726%,2,
Contact STARLINK-6178 - STARLINK-1227,0.000,86400.000,0.0000%,0,
Contact STARLINK-6178 - STARLINK-5093,43069.720,43330.280,49.8492%,7,
Contact STARLINK-6178 - STARLINK-2556,0.000,86400.000,0.0000%,0,
Contact STARLINK-6178 - STARLINK-5591,86400.000,0.000,100.0000%,1,
Contact STARLINK-6178 - STARLINK-1073,0.000,86400.000,0.0000%,0,
Contact STARLINK-6178 - STARLINK-32088,0.000,86400.000,0.0000%,0,
Contact STARLINK-6178 - STARLINK-5829,52931.905,33468.095,61.2638%,7,
Contact STARLINK-6178 - STARLINK-3325,37374.321,49025.679,43.2573%,7,
Contact STARLINK-6178 - STARLINK-5850,19070.991,67329.009,22.0729%,6,
Contact STARLINK-6178 - STARLINK-31979,0.000,86400.000,0.0000%,0,
Contact STARLINK-6178 - STARLINK-31939,1925.627,84474.373,2.2287%,1,
Contact STARLINK-6178 - STARLINK-2424,6174.692,80225.308,7.1466%,7,
Contact STARLINK-6178 - STARLINK-30754,0.000,86400.000,0.0000%,0,
Contact STARLINK-6178 - STARLINK-3832,0.000,86400.000,0.0000%,0,
Contact STARLINK-6178 - STARLINK-5453,86400.000,0.000,100.0000%,1,
Contact STARLINK-6178 - STARLINK-31082,86400.000,0.000,100.0000%,1,
Contact STARLINK-6178 - STARLINK-4569,5032.340,81367.660,5.8245%,6,
Contact STARLINK-6178 - STARLINK-1776,0.000,86400.000,0.0000%,0,
Contact STARLINK-6178 - STARLINK-6199,0.000,86400.000,0.0000%,0,
Contact STARLINK-6178 - STARLINK-4328,513.955,85886.045,0.5949%,1,
Contact STARLINK-6178 - STARLINK-2214,0.000,86400.000,0.0000%,0,
Contact STARLINK-6178 - STARLINK-5737,486.955,85913.045,0.5636%,2,
Contact STARLINK-6178 - STARLINK-3506,0.000,86400.000,0.0000%,0,
Contact STARLINK-6178 - STARLINK-11136 [DTC],784.868,85615.132,0.9084%,1,
Contact STARLINK-6178 - STARLINK-31325,0.000,86400.000,0.0000%,0,
Contact STARLINK-6178 - STARLINK-5628,0.000,86400.000,0.0000%,0,
Contact STARLINK-6178 - STARLINK-5231,14921.031,71478.969,17.2697%,6,
Contact STARLINK-6178 - STARLINK-11092 [DTC],30522.364,55877.636,35.3268%,1,
Contact STARLINK-6178 - STARLINK-11072 [DTC],19285.481,67114.519,22.3212%,2,
Contact STARLINK-6178 - STARLINK-5176,0.000,86400.000,0.0000%,0,
Contact STARLINK-6178 - STARLINK-2042,0.000,86400.000,0.0000%,0,
Contact STARLINK-6178 - STARLINK-5503,24179.877,62220.123,27.9860%,7,
Contact STARLINK-6178 - STARLINK-6319,0.000,86400.000,0.0000%,0,
Contact STARLINK-6178 - STARLINK-4522,0.000,86400.000,0.0000%,0,
Contact STARLINK-6178 - MoonARTEMIS1,66955.300,19444.700,77.4946%,9,
Contact STARLINK-6178 - MoonARTEMIS2,66077.942,20322.058,76.4791%,9,
Contact STARLINK-6178 - MoonIOAGEO,59176.405,27223.595,68.4912%,9,
Contact STARLINK-6178 - MoonIOAGNO,66922.699,19477.301,77.4568%,9,
Contact STARLINK-6178 - MoonIOAGNO 0001,66923.988,19476.012,77.4583%,9,
Contact STARLINK-6178 - MoonIOAGSO,64734.501,21665.499,74.9242%,9,
Contact STARLINK-6178 - MoonIOAGSO 0001,66130.369,20269.631,76.5398%,9,
Contact STARLINK-6178 - MoonLRO,34609.626,51790.374,40.0574%,9,
Contact STARLINK-6178 - MarsSat1,68333.937,18066.063,79.0902%,10,
Contact STARLINK-6178 - MarsSat2,68333.459,18066.541,79.0897%,10,
Contact STARLINK-6178 - MarsSat3,68333.794,18066.206,79.0900%,10,
Contact STARLINK-6178 - MarsSat4,68333.854,18066.146,79.0901%,10,
Contact STARLINK-1655 - STARLINK-30809,0.000,86400.000,0.0000%,0,
Contact STARLINK-1655 - STARLINK-2358,0.000,86400.000,0.0000%,0,
Contact STARLINK-1655 - STARLINK-1661,0.000,86400.000,0.0000%,0,
Contact STARLINK-1655 - STARLINK-2462,0.000,86400.000,0.0000%,0,
Contact STARLINK-1655 - STARLINK-2006,0.000,86400.000,0.0000%,0,
Contact STARLINK-1655 - STARLINK-3251,1954.164,84445.836,2.2618%,4,
Contact STARLINK-1655 - STARLINK-4108,0.000,86400.000,0.0000%,0,
Contact STARLINK-1655 - STARLINK-3095,0.000,86400.000,0.0000%,0,
Contact STARLINK-1655 - STARLINK-3045,0.000,86400.000,0.0000%,0,
Contact STARLINK-1655 - STARLINK-30329,0.000,86400.000,0.0000%,0,
Contact STARLINK-1655 - STARLINK-2018,0.000,86400.000,0.0000%,0,
Contact STARLINK-1655 - STARLINK-31498,0.000,86400.000,0.0000%,0,
Contact STARLINK-1655 - STARLINK-3550,0.000,86400.000,0.0000%,0,
Contact STARLINK-1655 - STARLINK-30345,0.000,86400.000,0.0000%,0,
Contact STARLINK-1655 - STARLINK-31116,40430.087,45969.913,46.7941%,1,
Contact STARLINK-1655 - STARLINK-1107,0.000,86400.000,0.0000%,0,
Contact STARLINK-1655 - STARLINK-1351,0.000,86400.000,0.0000%,0,
Contact STARLINK-1655 - STARLINK-31971,18154.770,68245.230,21.0125%,6,
Contact STARLINK-1655 - STARLINK-32134,0.000,86400.000,0.0000%,0,
Contact STARLINK-1655 - STARLINK-31430,444.708,85955.292,0.5147%,1,
Contact STARLINK-1655 - STARLINK-5969,75151.297,11248.703,86.9807%,7,
Contact STARLINK-1655 - STARLINK-31085,0.000,86400.000,0.0000%,0,
Contact STARLINK-1655 - STARLINK-2635,0.000,86400.000,0.0000%,0,
Contact STARLINK-1655 - STARLINK-5155,0.000,86400.000,0.0000%,0,
Contact STARLINK-1655 - STARLINK-3295,0.000,86400.000,0.0000%,0,
Contact STARLINK-1655 - STARLINK-30610,0.000,86400.000,0.0000%,0,
Contact STARLINK-1655 - STARLINK-3050,0.000,86400.000,0.0000%,0,
Contact STARLINK-1655 - STARLINK-31138,11910.918,74489.082,13.7858%,4,
Contact STARLINK-1655 - STARLINK-30255,0.000,86400.000,0.0000%,0,
Contact STARLINK-1655 - STARLINK-2736,17519.236,68880.764,20.2769%,6,
Contact STARLINK-1655 - STARLINK-5960,0.000,86400.000,0.0000%,0,
Contact STARLINK-1655 - STARLINK-4170,3091.377,83308.623,3.5780%,5,
Contact STARLINK-1655 - STARLINK-31673,8672.186,77727.814,10.0373%,7,
Contact STARLINK-1655 - STARLINK-32223,6475.633,79924.367,7.4949%,1,
Contact STARLINK-1655 - STARLINK-5061,86400.000,0.000,100.0000%,1,
Contact STARLINK-1655 - STARLINK-2127,0.000,86400.000,0.0000%,0,
Contact STARLINK-1655 - STARLINK-30756,28112.721,58287.279,32.5379%,1,
Contact STARLINK-1655 - STARLINK-1580,0.000,86400.000,0.0000%,0,
Contact STARLINK-1655 - STARLINK-31812,8115.155,78284.845,9.3925%,6,
Contact STARLINK-1655 - STARLINK-31931,0.000,86400.000,0.0000%,0,
Contact STARLINK-1655 - STARLINK-2658,0.000,86400.000,0.0000%,0,
Contact STARLINK-1655 - STARLINK-5952,651.290,85748.710,0.7538%,1,
Contact STARLINK-1655 - STARLINK-1323,2478.396,83921.604,2.8685%,4,
Contact STARLINK-1655 - STARLINK-3601,0.000,86400.000,0.0000%,0,
Contact STARLINK-1655 - STARLINK-3603,0.000,86400.000,0.0000%,0,
Contact STARLINK-1655 - STARLINK-3969,8275.960,78124.040,9.5787%,6,
Contact STARLINK-1655 - STARLINK-4201,0.000,86400.000,0.0000%,0,
Contact STARLINK-1655 - STARLINK-31060,15948.716,70451.284,18.4592%,4,
Contact STARLINK-1655 - STARLINK-5972,13622.861,72777.139,15.7672%,6,
Contact STARLINK-1655 - STARLINK-2047,86400.000,0.000,100.0000%,1,
Contact STARLINK-1655 - STARLINK-30145,0.000,86400.000,0.0000%,0,
Contact STARLINK-1655 - STARLINK-32210,34806.653,51593.347,40.2855%,1,
Contact STARLINK-1655 - STARLINK-30549,626.732,85773.268,0.7254%,1,
Contact STARLINK-1655 - STARLINK-1463,3352.563,83047.437,3.8803%,4,
Contact STARLINK-1655 - STARLINK-6241,0.000,86400.000,0.0000%,0,
Contact STARLINK-1655 - STARLINK-30486,8651.973,77748.027,10.0139%,3,
Contact STARLINK-1655 - STARLINK-5565,1407.475,84992.525,1.6290%,3,
Contact STARLINK-1655 - STARLINK-31530,215.454,86184.546,0.2494%,1,
Contact STARLINK-1655 - STARLINK-1227,0.000,86400.000,0.0000%,0,
Contact STARLINK-1655 - STARLINK-5093,13917.686,72482.314,16.1084%,7,
Contact STARLINK-1655 - STARLINK-2556,0.000,86400.000,0.0000%,0,
Contact STARLINK-1655 - STARLINK-5591,0.000,86400.000,0.0000%,0,
Contact STARLINK-1655 - STARLINK-1073,0.000,86400.000,0.0000%,0,
Contact STARLINK-1655 - STARLINK-32088,0.000,86400.000,0.0000%,0,
Contact STARLINK-1655 - STARLINK-5829,0.000,86400.000,0.0000%,0,
Contact STARLINK-1655 - STARLINK-3325,11203.234,75196.766,12.9667%,6,
Contact STARLINK-1655 - STARLINK-5850,0.000,86400.000,0.0000%,0,
Contact STARLINK-1655 - STARLINK-31979,0.000,86400.000,0.0000%,0,
Contact STARLINK-1655 - STARLINK-31939,0.000,86400.000,0.0000%,0,
Contact STARLINK-1655 - STARLINK-2424,3643.817,82756.183,4.2174%,5,
Contact STARLINK-1655 - STARLINK-30754,43339.813,43060.187,50.1618%,1,
Contact STARLINK-1655 - STARLINK-3832,0.000,86400.000,0.0000%,0,
Contact STARLINK-1655 - STARLINK-5453,86400.000,0.000,100.0000%,1,
Contact STARLINK-1655 - STARLINK-31082,52773.379,33626.621,61.0803%,6,
Contact STARLINK-1655 - STARLINK-4569,3579.547,82820.453,4.1430%,4,
Contact STARLINK-1655 - STARLINK-1776,0.000,86400.000,0.0000%,0,
Contact STARLINK-1655 - STARLINK-6199,0.000,86400.000,0.0000%,0,
Contact STARLINK-1655 - STARLINK-4328,4352.075,82047.925,5.0371%,6,
Contact STARLINK-1655 - STARLINK-2214,0.000,86400.000,0.0000%,0,
Contact STARLINK-1655 - STARLINK-5737,0.000,86400.000,0.0000%,0,
Contact STARLINK-1655 - STARLINK-3506,0.000,86400.000,0.0000%,0,
Contact STARLINK-1655 - STARLINK-11136 [DTC],1204.395,85195.605,1.3940%,2,
Contact STARLINK-1655 - STARLINK-31325,0.000,86400.000,0.0000%,0,
Contact STARLINK-1655 - STARLINK-5628,0.000,86400.000,0.0000%,0,
Contact STARLINK-1655 - STARLINK-5231,86400.000,0.000,100.0000%,1,
Contact STARLINK-1655 - STARLINK-11092 [DTC],9129.711,77270.289,10.5668%,3,
Contact STARLINK-1655 - STARLINK-11072 [DTC],31567.618,54832.382,36.5366%,1,
Contact STARLINK-1655 - STARLINK-5176,0.000,86400.000,0.0000%,0,
Contact STARLINK-1655 - STARLINK-2042,0.000,86400.000,0.0000%,0,
Contact STARLINK-1655 - STARLINK-5503,37451.851,48948.149,43.3470%,7,
Contact STARLINK-1655 - STARLINK-6319,0.000,86400.000,0.0000%,0,
Contact STARLINK-1655 - STARLINK-4522,0.000,86400.000,0.0000%,0,
Contact STARLINK-1655 - MoonARTEMIS1,78143.336,8256.664,90.4437%,6,
Contact STARLINK-1655 - MoonARTEMIS2,78126.149,8273.851,90.4238%,6,
Contact STARLINK-1655 - MoonIOAGEO,68057.202,18342.798,78.7699%,7,
Contact STARLINK-1655 - MoonIOAGNO,79389.392,7010.608,91.8859%,5,
Contact STARLINK-1655 - MoonIOAGNO 0001,78210.215,8189.785,90.5211%,6,
Contact STARLINK-1655 - MoonIOAGSO,77706.202,8693.798,89.9377%,6,
Contact STARLINK-1655 - MoonIOAGSO 0001,76569.323,9830.677,88.6219%,6,
Contact STARLINK-1655 - MoonLRO,41852.043,44547.957,48.4399%,8,
Contact STARLINK-1655 - MarsSat1,70198.716,16201.284,81.2485%,9,
Contact STARLINK-1655 - MarsSat2,70199.100,16200.900,81.2490%,9,
Contact STARLINK-1655 - MarsSat3,70198.750,16201.250,81.2486%,9,
Contact STARLINK-1655 - MarsSat4,70198.779,16201.221,81.2486%,9,
Contact STARLINK-30809 - STARLINK-2358,0.000,86400.000,0.0000%,0,
Contact STARLINK-30809 - STARLINK-1661,0.000,86400.000,0.0000%,0,
Contact STARLINK-30809 - STARLINK-2462,14507.053,71892.947,16.7906%,6,
Contact STARLINK-30809 - STARLINK-2006,86400.000,0.000,100.0000%,1,
Contact STARLINK-30809 - STARLINK-3251,0.000,86400.000,0.0000%,0,
Contact STARLINK-30809 - STARLINK-4108,0.000,86400.000,0.0000%,0,
Contact STARLINK-30809 - STARLINK-3095,2972.091,83427.909,3.4399%,6,
Contact STARLINK-30809 - STARLINK-3045,24324.977,62075.023,28.1539%,7,
Contact STARLINK-30809 - STARLINK-30329,0.000,86400.000,0.0000%,0,
Contact STARLINK-30809 - STARLINK-2018,33220.321,53179.679,38.4494%,2,
Contact STARLINK-30809 - STARLINK-31498,15819.995,70580.005,18.3102%,1,
Contact STARLINK-30809 - STARLINK-3550,0.000,86400.000,0.0000%,0,
Contact STARLINK-30809 - STARLINK-30345,0.000,86400.000,0.0000%,0,
Contact STARLINK-30809 - STARLINK-31116,296.735,86103.265,0.3434%,1,
Contact STARLINK-30809 - STARLINK-1107,3403.578,82996.422,3.9393%,4,
Contact STARLINK-30809 - STARLINK-1351,0.000,86400.000,0.0000%,0,
Contact STARLINK-30809 - STARLINK-31971,0.000,86400.000,0.0000%,0,
Contact STARLINK-30809 - STARLINK-32134,35094.891,51305.109,40.6191%,1,
Contact STARLINK-30809 - STARLINK-31430,12874.808,73525.192,14.9014%,5,
Contact STARLINK-30809 - STARLINK-5969,0.000,86400.000,0.0000%,0,
Contact STARLINK-30809 - STARLINK-31085,86400.000,0.000,100.0000%,1,
Contact STARLINK-30809 - STARLINK-2635,86400.000,0.000,100.0000%,1,
Contact STARLINK-30809 - STARLINK-5155,0.000,86400.000,0.0000%,0,
Contact STARLINK-30809 - STARLINK-3295,1439.272,84960.728,1.6658%,4,
Contact STARLINK-30809 - STARLINK-30610,0.000,86400.000,0.0000%,0,
Contact STARLINK-30809 - STARLINK-3050,0.000,86400.000,0.0000%,0,
Contact STARLINK-30809 - STARLINK-31138,489.641,85910.359,0.5667%,1,
Contact STARLINK-30809 - STARLINK-30255,0.000,86400.000,0.0000%,0,
Contact STARLINK-30809 - STARLINK-2736,0.000,86400.000,0.0000%,0,
Contact STARLINK-30809 - STARLINK-5960,0.000,86400.000,0.0000%,0,
Contact STARLINK-30809 - STARLINK-4170,0.000,86400.000,0.0000%,0,
Contact STARLINK-30809 - STARLINK-31673,541.387,85858.613,0.6266%,1,
Contact STARLINK-30809 - STARLINK-32223,0.000,86400.000,0.0000%,0,
Contact STARLINK-30809 - STARLINK-5061,0.000,86400.000,0.0000%,0,
Contact STARLINK-30809 - STARLINK-2127,0.000,86400.000,0.0000%,0,
Contact STARLINK-30809 - STARLINK-30756,0.000,86400.000,0.0000%,0,
Contact STARLINK-30809 - STARLINK-1580,24495.368,61904.632,28.3511%,7,
Contact STARLINK-30809 - STARLINK-31812,0.000,86400.000,0.0000%,0,
Contact STARLINK-30809 - STARLINK-31931,1830.625,84569.375,2.1188%,2,
Contact STARLINK-30809 - STARLINK-2658,0.000,86400.000,0.0000%,0,
Contact STARLINK-30809 - STARLINK-5952,0.000,86400.000,0.0000%,0,
Contact STARLINK-30809 - STARLINK-1323,0.000,86400.000,0.0000%,0,
Contact STARLINK-30809 - STARLINK-3601,0.000,86400.000,0.0000%,0,
Contact STARLINK-30809 - STARLINK-3603,0.000,86400.000,0.0000%,0,
Contact STARLINK-30809 - STARLINK-3969,0.000,86400.000,0.0000%,0,
Contact STARLINK-30809 - STARLINK-4201,0.000,86400.000,0.0000%,0,
Contact STARLINK-30809 - STARLINK-31060,0.000,86400.000,0.0000%,0,
Contact STARLINK-30809 - STARLINK-5972,0.000,86400.000,0.0000%,0,
Contact STARLINK-30809 - STARLINK-2047,0.000,86400.000,0.0000%,0,
Contact STARLINK-30809 - STARLINK-30145,0.000,86400.000,0.0000%,0,
Contact STARLINK-30809 - STARLINK-32210,0.000,86400.000,0.0000%,0,
Contact STARLINK-30809 - STARLINK-30549,0.000,86400.000,0.0000%,0,
Contact STARLINK-30809 - STARLINK-1463,0.000,86400.000,0.0000%,0,
Contact STARLINK-30809 - STARLINK-6241,0.000,86400.000,0.0000%,0,
Contact STARLINK-30809 - STARLINK-30486,0.000,86400.000,0.0000%,0,
Contact STARLINK-30809 - STARLINK-5565,0.000,86400.000,0.0000%,0,
Contact STARLINK-30809 - STARLINK-31530,19923.652,66476.348,23.0598%,5,
Contact STARLINK-30809 - STARLINK-1227,0.000,86400.000,0.0000%,0,
Contact STARLINK-30809 - STARLINK-5093,0.000,86400.000,0.0000%,0,
Contact STARLINK-30809 - STARLINK-2556,0.000,86400.000,0.0000%,0,
Contact STARLINK-30809 - STARLINK-5591,0.000,86400.000,0.0000%,0,
Contact STARLINK-30809 - STARLINK-1073,0.000,86400.000,0.0000%,0,
Contact STARLINK-30809 - STARLINK-32088,52341.712,34058.288,60.5807%,1,
Contact STARLINK-30809 - STARLINK-5829,374.744,86025.256,0.4337%,1,
Contact STARLINK-30809 - STARLINK-3325,0.000,86400.000,0.0000%,0,
Contact STARLINK-30809 - STARLINK-5850,0.000,86400.000,0.0000%,0,
Contact STARLINK-30809 - STARLINK-31979,0.000,86400.000,0.0000%,0,
Contact STARLINK-30809 - STARLINK-31939,40732.882,45667.118,47.1445%,5,
Contact STARLINK-30809 - STARLINK-2424,0.000,86400.000,0.0000%,0,
Contact STARLINK-30809 - STARLINK-30754,0.000,86400.000,0.0000%,0,
Contact STARLINK-30809 - STARLINK-3832,0.000,86400.000,0.0000%,0,
Contact STARLINK-30809 - STARLINK-5453,0.000,86400.000,0.0000%,0,
Contact STARLINK-30809 - STARLINK-31082,0.000,86400.000,0.0000%,0,
Contact STARLINK-30809 - STARLINK-4569,0.000,86400.000,0.0000%,0,
Contact STARLINK-30809 - STARLINK-1776,597.338,85802.662,0.6914%,2,
Contact STARLINK-30809 - STARLINK-6199,0.000,86400.000,0.0000%,0,
Contact STARLINK-30809 - STARLINK-4328,3458.534,82941.466,4.0029%,5,
Contact STARLINK-30809 - STARLINK-2214,36855.833,49544.167,42.6572%,7,
Contact STARLINK-30809 - STARLINK-5737,0.000,86400.000,0.0000%,0,
Contact STARLINK-30809 - STARLINK-3506,1964.738,84435.262,2.2740%,3,
Contact STARLINK-30809 - STARLINK-11136 [DTC],2376.298,84023.702,2.7503%,3,
Contact STARLINK-30809 - STARLINK-31325,74926.228,11473.772,86.7202%,1,
Contact STARLINK-30809 - STARLINK-5628,8756.534,77643.466,10.1349%,6,
Contact STARLINK-30809 - STARLINK-5231,0.000,86400.000,0.0000%,0,
Contact STARLINK-30809 - STARLINK-11092 [DTC],6412.219,79987.781,7.4215%,1,
Contact STARLINK-30809 - STARLINK-11072 [DTC],28986.009,57413.991,33.5486%,1,
Contact STARLINK-30809 - STARLINK-5176,22440.939,63959.061,25.9733%,5,
Contact STARLINK-30809 - STARLINK-2042,86400.000,0.000,100.0000%,1,
Contact STARLINK-30809 - STARLINK-5503,0.000,86400.000,0.0000%,0,
Contact STARLINK-30809 - STARLINK-6319,86400.000,0.000,100.0000%,1,
Contact STARLINK-30809 - STARLINK-4522,0.000,86400.000,0.0000%,0,
Contact STARLINK-30809 - MoonARTEMIS1,66254.158,20145.842,76.6831%,10,
Contact STARLINK-30809 - MoonARTEMIS2,66579.496,19820.504,77.0596%,10,
Contact STARLINK-30809 - MoonIOAGEO,60438.356,25961.644,69.9518%,10,
Contact STARLINK-30809 - MoonIOAGNO,69261.217,17138.783,80.1634%,10,
Contact STARLINK-30809 - MoonIOAGNO 0001,69250.963,17149.037,80.1516%,10,
Contact STARLINK-30809 - MoonIOAGSO,67563.025,18836.975,78.1979%,10,
Contact STARLINK-30809 - MoonIOAGSO 0001,69089.930,17310.070,79.9652%,10,
Contact STARLINK-30809 - MoonLRO,19599.621,66800.379,22.6847%,7,
Contact STARLINK-30809 - MarsSat1,69363.329,17036.671,80.2816%,9,
Contact STARLINK-30809 - MarsSat2,69363.357,17036.643,80.2817%,9,
Contact STARLINK-30809 - MarsSat3,69363.327,17036.673,80.2816%,9,
Contact STARLINK-30809 - MarsSat4,69363.375,17036.625,80.2817%,9,
Contact STARLINK-2358 - STARLINK-1661,0.000,86400.000,0.0000%,0,
Contact STARLINK-2358 - STARLINK-2462,0.000,86400.000,0.0000%,0,
Contact STARLINK-2358 - STARLINK-2006,2716.319,83683.681,3.1439%,4,
Contact STARLINK-2358 - STARLINK-3251,24379.444,62020.556,28.2169%,7,
Contact STARLINK-2358 - STARLINK-4108,12005.497,74394.503,13.8953%,7,
Contact STARLINK-2358 - STARLINK-3095,0.000,86400.000,0.0000%,0,
Contact STARLINK-2358 - STARLINK-3045,0.000,86400.000,0.0000%,0,
Contact STARLINK-2358 - STARLINK-30329,29566.436,56833.564,34.2204%,5,
Contact STARLINK-2358 - STARLINK-2018,0.000,86400.000,0.0000%,0,
Contact STARLINK-2358 - STARLINK-31498,14313.551,72086.449,16.5666%,6,
Contact STARLINK-2358 - STARLINK-3550,49653.253,36746.747,57.4690%,7,
Contact STARLINK-2358 - STARLINK-30345,553.255,85846.745,0.6403%,1,
Contact STARLINK-2358 - STARLINK-31116,0.000,86400.000,0.0000%,0,
Contact STARLINK-2358 - STARLINK-1107,9621.495,76778.505,11.1360%,1,
Contact STARLINK-2358 - STARLINK-1351,11745.024,74654.976,13.5938%,7,
Contact STARLINK-2358 - STARLINK-31971,0.000,86400.000,0.0000%,0,
Contact STARLINK-2358 - STARLINK-32134,1631.395,84768.605,1.8882%,3,
Contact STARLINK-2358 - STARLINK-31430,0.000,86400.000,0.0000%,0,
Contact STARLINK-2358 - STARLINK-5969,0.000,86400.000,0.0000%,0,
Contact STARLINK-2358 - STARLINK-31085,0.000,86400.000,0.0000%,0,
Contact STARLINK-2358 - STARLINK-2635,480.508,85919.492,0.5561%,1,
Contact STARLINK-2358 - STARLINK-5155,0.000,86400.000,0.0000%,0,
Contact STARLINK-2358 - STARLINK-3295,0.000,86400.000,0.0000%,0,
Contact STARLINK-2358 - STARLINK-30610,52021.439,34378.561,60.2100%,6,
Contact STARLINK-2358 - STARLINK-3050,5734.627,80665.373,6.6373%,5,
Contact STARLINK-2358 - STARLINK-31138,0.000,86400.000,0.0000%,0,
Contact STARLINK-2358 - STARLINK-30255,3806.783,82593.217,4.4060%,1,
Contact STARLINK-2358 - STARLINK-2736,0.000,86400.000,0.0000%,0,
Contact STARLINK-2358 - STARLINK-5960,0.000,86400.000,0.0000%,0,
Contact STARLINK-2358 - STARLINK-4170,24919.140,61480.860,28.8416%,7,
Contact STARLINK-2358 - STARLINK-31673,0.000,86400.000,0.0000%,0,
Contact STARLINK-2358 - STARLINK-32223,21402.140,64997.860,24.7710%,4,
Contact STARLINK-2358 - STARLINK-5061,0.000,86400.000,0.0000%,0,
Contact STARLINK-2358 - STARLINK-2127,0.000,86400.000,0.0000%,0,
Contact STARLINK-2358 - STARLINK-30756,0.000,86400.000,0.0000%,0,
Contact STARLINK-2358 - STARLINK-1580,0.000,86400.000,0.0000%,0,
Contact STARLINK-2358 - STARLINK-31812,1880.277,84519.723,2.1762%,3,
Contact STARLINK-2358 - STARLINK-31931,4693.405,81706.595,5.4322%,2,
Contact STARLINK-2358 - STARLINK-2658,0.000,86400.000,0.0000%,0,
Contact STARLINK-2358 - STARLINK-5952,0.000,86400.000,0.0000%,0,
Contact STARLINK-2358 - STARLINK-1323,0.000,86400.000,0.0000%,0,
Contact STARLINK-2358 - STARLINK-3601,62496.604,23903.396,72.3340%,7,
Contact STARLINK-2358 - STARLINK-3603,71945.976,14454.024,83.2708%,7,
Contact STARLINK-2358 - STARLINK-3969,0.000,86400.000,0.0000%,0,
Contact STARLINK-2358 - STARLINK-4201,0.000,86400.000,0.0000%,0,
Contact STARLINK-2358 - STARLINK-31060,0.000,86400.000,0.0000%,0,
Contact STARLINK-2358 - STARLINK-5972,2996.453,83403.547,3.4681%,5,
Contact STARLINK-2358 - STARLINK-2047,0.000,86400.000,0.0000%,0,
Contact STARLINK-2358 - STARLINK-30145,76539.191,9860.809,88.5870%,1,
Contact STARLINK-2358 - STARLINK-32210,0.000,86400.000,0.0000%,0,
Contact STARLINK-2358 - STARLINK-30549,6950.245,79449.755,8.0443%,5,
Contact STARLINK-2358 - STARLINK-1463,14122.872,72277.128,16.3459%,3,
Contact STARLINK-2358 - STARLINK-6241,183.650,86216.350,0.2126%,1,
Contact STARLINK-2358 - STARLINK-30486,0.000,86400.000,0.0000%,0,
Contact STARLINK-2358 - STARLINK-5565,4876.536,81523.464,5.6441%,6,
Contact STARLINK-2358 - STARLINK-31530,0.000,86400.000,0.0000%,0,
Contact STARLINK-2358 - STARLINK-1227,7820.455,78579.545,9.0515%,5,
Contact STARLINK-2358 - STARLINK-5093,2423.002,83976.998,2.8044%,4,
Contact STARLINK-2358 - STARLINK-2556,5379.717,81020.283,6.2265%,6,
Contact STARLINK-2358 - STARLINK-5591,0.000,86400.000,0.0000%,0,
Contact STARLINK-2358 - STARLINK-1073,40476.629,45923.371,46.8480%,7,
Contact STARLINK-2358 - STARLINK-32088,671.845,85728.155,0.7776%,1,
Contact STARLINK-2358 - STARLINK-5829,2255.398,84144.602,2.6104%,5,
Contact STARLINK-2358 - STARLINK-3325,0.000,86400.000,0.0000%,0,
Contact STARLINK-2358 - STARLINK-5850,0.000,86400.000,0.0000%,0,
Contact STARLINK-2358 - STARLINK-31979,4701.645,81698.355,5.4417%,6,
Contact STARLINK-2358 - STARLINK-31939,0.000,86400.000,0.0000%,0,
Contact STARLINK-2358 - STARLINK-2424,0.000,86400.000,0.0000%,0,
Contact STARLINK-2358 - STARLINK-30754,286.221,86113.779,0.3313%,1,
Contact STARLINK-2358 - STARLINK-3832,81789.281,4610.719,94.6635%,1,
Contact STARLINK-2358 - STARLINK-5453,0.000,86400.000,0.0000%,0,
Contact STARLINK-2358 - STARLINK-31082,0.000,86400.000,0.0000%,0,
Contact STARLINK-2358 - STARLINK-4569,0.000,86400.000,0.0000%,0,
Contact STARLINK-2358 - STARLINK-1776,86400.000,0.000,100.0000%,1,
Contact STARLINK-2358 - STARLINK-6199,967.016,85432.984,1.1192%,2,
Contact STARLINK-2358 - STARLINK-4328,0.000,86400.000,0.0000%,0,
Contact STARLINK-2358 - STARLINK-2214,0.000,86400.000,0.0000%,0,
Contact STARLINK-2358 - STARLINK-5737,26104.737,60295.263,30.2138%,1,
Contact STARLINK-2358 - STARLINK-3506,71300.460,15099.540,82.5237%,4,
Contact STARLINK-2358 - STARLINK-11136 [DTC],0.000,86400.000,0.0000%,0,
Contact STARLINK-2358 - STARLINK-31325,0.000,86400.000,0.0000%,0,
Contact STARLINK-2358 - STARLINK-5628,0.000,86400.000,0.0000%,0,
Contact STARLINK-2358 - STARLINK-5231,0.000,86400.000,0.0000%,0,
Contact STARLINK-2358 - STARLINK-11092 [DTC],1377.741,85022.259,1.5946%,2,
Contact STARLINK-2358 - STARLINK-11072 [DTC],0.000,86400.000,0.0000%,0,
Contact STARLINK-2358 - STARLINK-5176,17337.948,69062.052,20.0671%,6,
Contact STARLINK-2358 - STARLINK-2042,0.000,86400.000,0.0000%,0,
Contact STARLINK-2358 - STARLINK-5503,0.000,86400.000,0.0000%,0,
Contact STARLINK-2358 - STARLINK-6319,0.000,86400.000,0.0000%,0,
Contact STARLINK-2358 - STARLINK-4522,8103.697,78296.303,9.3793%,6,
Contact STARLINK-2358 - MoonARTEMIS1,63334.361,23065.639,73.3037%,9,
Contact STARLINK-2358 - MoonARTEMIS2,56969.327,29430.673,65.9367%,9,
Contact STARLINK-2358 - MoonIOAGEO,52069.890,34330.110,60.2661%,8,
Contact STARLINK-2358 - MoonIOAGNO,57604.528,28795.472,66.6719%,9,
Contact STARLINK-2358 - MoonIOAGNO 0001,57622.735,28777.265,66.6930%,9,
Contact STARLINK-2358 - MoonIOAGSO,55240.421,31159.579,63.9357%,9,
Contact STARLINK-2358 - MoonIOAGSO 0001,55579.634,30820.366,64.3283%,9,
Contact STARLINK-2358 - MoonLRO,19925.831,66474.169,23.0623%,9,
Contact STARLINK-2358 - MarsSat1,68671.945,17728.055,79.4814%,9,
Contact STARLINK-2358 - MarsSat2,68671.846,17728.154,79.4813%,9,
Contact STARLINK-2358 - MarsSat3,68671.854,17728.146,79.4813%,9,
Contact STARLINK-2358 - MarsSat4,68671.854,17728.146,79.4813%,9,
Contact STARLINK-1661 - STARLINK-2462,0.000,86400.000,0.0000%,0,
Contact STARLINK-1661 - STARLINK-2006,0.000,86400.000,0.0000%,0,
Contact STARLINK-1661 - STARLINK-3251,0.000,86400.000,0.0000%,0,
Contact STARLINK-1661 - STARLINK-4108,0.000,86400.000,0.0000%,0,
Contact STARLINK-1661 - STARLINK-3095,0.000,86400.000,0.0000%,0,
Contact STARLINK-1661 - STARLINK-3045,0.000,86400.000,0.0000%,0,
Contact STARLINK-1661 - STARLINK-30329,0.000,86400.000,0.0000%,0,
Contact STARLINK-1661 - STARLINK-2018,4879.800,81520.200,5.6479%,6,
Contact STARLINK-1661 - STARLINK-31498,0.000,86400.000,0.0000%,0,
Contact STARLINK-1661 - STARLINK-3550,0.000,86400.000,0.0000%,0,
Contact STARLINK-1661 - STARLINK-30345,0.000,86400.000,0.0000%,0,
Contact STARLINK-1661 - STARLINK-31116,86400.000,0.000,100.0000%,1,
Contact STARLINK-1661 - STARLINK-1107,1029.448,85370.552,1.1915%,2,
Contact STARLINK-1661 - STARLINK-1351,0.000,86400.000,0.0000%,0,
Contact STARLINK-1661 - STARLINK-31971,6337.031,80062.969,7.3345%,4,
Contact STARLINK-1661 - STARLINK-32134,0.000,86400.000,0.0000%,0,
Contact STARLINK-1661 - STARLINK-31430,8888.872,77511.128,10.2880%,4,
Contact STARLINK-1661 - STARLINK-5969,59771.899,26628.101,69.1804%,7,
Contact STARLINK-1661 - STARLINK-31085,0.000,86400.000,0.0000%,0,
Contact STARLINK-1661 - STARLINK-2635,0.000,86400.000,0.0000%,0,
Contact STARLINK-1661 - STARLINK-5155,86400.000,0.000,100.0000%,1,
Contact STARLINK-1661 - STARLINK-3295,0.000,86400.000,0.0000%,0,
Contact STARLINK-1661 - STARLINK-30610,0.000,86400.000,0.0000%,0,
Contact STARLINK-1661 - STARLINK-3050,0.000,86400.000,0.0000%,0,
Contact STARLINK-1661 - STARLINK-31138,19251.069,67148.931,22.2813%,7,
Contact STARLINK-1661 - STARLINK-30255,0.000,86400.000,0.0000%,0,
Contact STARLINK-1661 - STARLINK-2736,27016.816,59383.184,31.2695%,6,
Contact STARLINK-1661 - STARLINK-5960,82791.570,3608.430,95.8236%,5,
Contact STARLINK-1661 - STARLINK-4170,0.000,86400.000,0.0000%,0,
Contact STARLINK-1661 - STARLINK-31673,12114.325,74285.675,14.0212%,7,
Contact STARLINK-1661 - STARLINK-32223,0.000,86400.000,0.0000%,0,
Contact STARLINK-1661 - STARLINK-5061,0.000,86400.000,0.0000%,0,
Contact STARLINK-1661 - STARLINK-2127,86400.000,0.000,100.0000%,1,
Contact STARLINK-1661 - STARLINK-30756,86400.000,0.000,100.0000%,1,
Contact STARLINK-1661 - STARLINK-1580,1921.624,84478.376,2.2241%,4,
Contact STARLINK-1661 - STARLINK-31812,3033.607,83366.393,3.5111%,5,
Contact STARLINK-1661 - STARLINK-31931,0.000,86400.000,0.0000%,0,
Contact STARLINK-1661 - STARLINK-2658,0.000,86400.000,0.0000%,0,
Contact STARLINK-1661 - STARLINK-5952,0.000,86400.000,0.0000%,0,
Contact STARLINK-1661 - STARLINK-1323,70969.011,15430.989,82.1401%,6,
Contact STARLINK-1661 - STARLINK-3601,0.000,86400.000,0.0000%,0,
Contact STARLINK-1661 - STARLINK-3603,0.000,86400.000,0.0000%,0,
Contact STARLINK-1661 - STARLINK-3969,15068.795,71331.205,17.4407%,6,
Contact STARLINK-1661 - STARLINK-4201,86400.000,0.000,100.0000%,1,
Contact STARLINK-1661 - STARLINK-31060,17292.543,69107.457,20.0145%,3,
Contact STARLINK-1661 - STARLINK-5972,22201.181,64198.819,25.6958%,7,
Contact STARLINK-1661 - STARLINK-2047,0.000,86400.000,0.0000%,0,
Contact STARLINK-1661 - STARLINK-30145,0.000,86400.000,0.0000%,0,
Contact STARLINK-1661 - STARLINK-32210,86400.000,0.000,100.0000%,1,
Contact STARLINK-1661 - STARLINK-30549,0.000,86400.000,0.0000%,0,
Contact STARLINK-1661 - STARLINK-1463,1360.543,85039.457,1.5747%,3,
Contact STARLINK-1661 - STARLINK-6241,0.000,86400.000,0.0000%,0,
Contact STARLINK-1661 - STARLINK-30486,0.000,86400.000,0.0000%,0,
Contact STARLINK-1661 - STARLINK-5565,0.000,86400.000,0.0000%,0,
Contact STARLINK-1661 - STARLINK-31530,5470.535,80929.465,6.3316%,3,
Contact STARLINK-1661 - STARLINK-1227,0.000,86400.000,0.0000%,0,
Contact STARLINK-1661 - STARLINK-5093,22111.019,64288.981,25.5915%,7,
Contact STARLINK-1661 - STARLINK-2556,0.000,86400.000,0.0000%,0,
Contact STARLINK-1661 - STARLINK-5591,58871.995,27528.005,68.1389%,6,
Contact STARLINK-1661 - STARLINK-1073,0.000,86400.000,0.0000%,0,
Contact STARLINK-1661 - STARLINK-32088,3428.075,82971.925,3.9677%,1,
Contact STARLINK-1661 - STARLINK-5829,20001.089,66398.911,23.1494%,6,
Contact STARLINK-1661 - STARLINK-3325,4954.177,81445.823,5.7340%,6,
Contact STARLINK-1661 - STARLINK-5850,86400.000,0.000,100.0000%,1,
Contact STARLINK-1661 - STARLINK-31979,0.000,86400.000,0.0000%,0,
Contact STARLINK-1661 - STARLINK-31939,0.000,86400.000,0.0000%,0,
Contact STARLINK-1661 - STARLINK-2424,0.000,86400.000,0.0000%,0,
Contact STARLINK-1661 - STARLINK-30754,0.000,86400.000,0.0000%,0,
Contact STARLINK-1661 - STARLINK-3832,0.000,86400.000,0.0000%,0,
Contact STARLINK-1661 - STARLINK-5453,86400.000,0.000,100.0000%,1,
Contact STARLINK-1661 - STARLINK-31082,86400.000,0.000,100.0000%,1,
Contact STARLINK-1661 - STARLINK-4569,30884.717,55515.283,35.7462%,6,
Contact STARLINK-1661 - STARLINK-1776,0.000,86400.000,0.0000%,0,
Contact STARLINK-1661 - STARLINK-6199,0.000,86400.000,0.0000%,0,
Contact STARLINK-1661 - STARLINK-4328,10925.912,75474.088,12.6457%,6,
Contact STARLINK-1661 - STARLINK-2214,0.000,86400.000,0.0000%,0,
Contact STARLINK-1661 - STARLINK-5737,0.000,86400.000,0.0000%,0,
Contact STARLINK-1661 - STARLINK-3506,0.000,86400.000,0.0000%,0,
Contact STARLINK-1661 - STARLINK-11136 [DTC],2215.926,84184.074,2.5647%,3,
Contact STARLINK-1661 - STARLINK-31325,0.000,86400.000,0.0000%,0,
Contact STARLINK-1661 - STARLINK-5628,0.000,86400.000,0.0000%,0,
Contact STARLINK-1661 - STARLINK-5231,0.000,86400.000,0.0000%,0,
Contact STARLINK-1661 - STARLINK-11092 [DTC],17798.750,68601.250,20.6004%,3,
Contact STARLINK-1661 - STARLINK-11072 [DTC],31787.543,54612.457,36.7911%,1,
Contact STARLINK-1661 - STARLINK-5176,0.000,86400.000,0.0000%,0,
Contact STARLINK-1661 - STARLINK-2042,0.000,86400.000,0.0000%,0,
Contact STARLINK-1661 - STARLINK-5503,2808.381,83591.619,3.2504%,4,
Contact STARLINK-1661 - STARLINK-6319,0.000,86400.000,0.0000%,0,
Contact STARLINK-1661 - STARLINK-4522,0.000,86400.000,0.0000%,0,
Contact STARLINK-1661 - MoonARTEMIS1,77245.968,9154.032,89.4051%,6,
Contact STARLINK-1661 - MoonARTEMIS2,77277.909,9122.091,89.4420%,6,
Contact STARLINK-1661 - MoonIOAGEO,70728.805,15671.195,81.8620%,6,
Contact STARLINK-1661 - MoonIOAGNO,79015.670,7384.330,91.4533%,6,
Contact STARLINK-1661 - MoonIOAGNO 0001,78935.825,7464.175,91.3609%,6,
Contact STARLINK-1661 - MoonIOAGSO,75376.137,11023.863,87.2409%,7,
Contact STARLINK-1661 - MoonIOAGSO 0001,78757.664,7642.336,91.1547%,6,
Contact STARLINK-1661 - MoonLRO,44155.580,42244.420,51.1060%,10,
Contact STARLINK-1661 - MarsSat1,67792.583,18607.417,78.4636%,10,
Contact STARLINK-1661 - MarsSat2,67792.929,18607.071,78.4640%,10,
Contact STARLINK-1661 - MarsSat3,67792.664,18607.336,78.4637%,10,
Contact STARLINK-1661 - MarsSat4,67792.610,18607.390,78.4637%,10,
Contact STARLINK-2462 - STARLINK-2006,11063.167,75336.833,12.8046%,6,
Contact STARLINK-2462 - STARLINK-3251,0.000,86400.000,0.0000%,0,
Contact STARLINK-2462 - STARLINK-4108,1622.103,84777.897,1.8774%,3,
Contact STARLINK-2462 - STARLINK-3095,86400.000,0.000,100.0000%,1,
Contact STARLINK-2462 - STARLINK-3045,47975.655,38424.345,55.5274%,5,
Contact STARLINK-2462 - STARLINK-30329,0.000,86400.000,0.0000%,0,
Contact STARLINK-2462 - STARLINK-2018,0.000,86400.000,0.0000%,0,
Contact STARLINK-2462 - STARLINK-31498,5214.025,81185.975,6.0348%,3,
Contact STARLINK-2462 - STARLINK-3550,0.000,86400.000,0.0000%,0,
Contact STARLINK-2462 - STARLINK-30345,0.000,86400.000,0.0000%,0,
Contact STARLINK-2462 - STARLINK-31116,621.653,85778.347,0.7195%,1,
Contact STARLINK-2462 - STARLINK-1107,2961.533,83438.467,3.4277%,3,
Contact STARLINK-2462 - STARLINK-1351,3418.037,82981.963,3.9561%,5,
Contact STARLINK-2462 - STARLINK-31971,156.594,86243.406,0.1812%,1,
Contact STARLINK-2462 - STARLINK-32134,11448.450,74951.550,13.2505%,6,
Contact STARLINK-2462 - STARLINK-31430,7910.556,78489.444,9.1557%,6,
Contact STARLINK-2462 - STARLINK-5969,0.000,86400.000,0.0000%,0,
Contact STARLINK-2462 - STARLINK-31085,23742.932,62657.068,27.4802%,6,
Contact STARLINK-2462 - STARLINK-2635,14180.321,72219.679,16.4124%,6,
Contact STARLINK-2462 - STARLINK-5155,0.000,86400.000,0.0000%,0,
Contact STARLINK-2462 - STARLINK-3295,22525.907,63874.093,26.0717%,2,
Contact STARLINK-2462 - STARLINK-30610,0.000,86400.000,0.0000%,0,
Contact STARLINK-2462 - STARLINK-3050,1211.978,85188.022,1.4028%,2,
Contact STARLINK-2462 - STARLINK-31138,0.000,86400.000,0.0000%,0,
Contact STARLINK-2462 - STARLINK-30255,0.000,86400.000,0.0000%,0,
Contact STARLINK-2462 - STARLINK-2736,0.000,86400.000,0.0000%,0,
Contact STARLINK-2462 - STARLINK-5960,5410.405,80989.595,6.2620%,7,
Contact STARLINK-2462 - STARLINK-4170,0.000,86400.000,0.0000%,0,
Contact STARLINK-2462 - STARLINK-31673,4834.501,81565.499,5.5955%,3,
Contact STARLINK-2462 - STARLINK-32223,0.000,86400.000,0.0000%,0,
Contact STARLINK-2462 - STARLINK-5061,0.000,86400.000,0.0000%,0,
Contact STARLINK-2462 - STARLINK-2127,0.000,86400.000,0.0000%,0,
Contact STARLINK-2462 - STARLINK-30756,0.000,86400.000,0.0000%,0,
Contact STARLINK-2462 - STARLINK-1580,0.000,86400.000,0.0000%,0,
Contact STARLINK-2462 - STARLINK-31812,0.000,86400.000,0.0000%,0,
Contact STARLINK-2462 - STARLINK-31931,8057.471,78342.529,9.3258%,2,
Contact STARLINK-2462 - STARLINK-2658,0.000,86400.000,0.0000%,0,
Contact STARLINK-2462 - STARLINK-5952,0.000,86400.000,0.0000%,0,
Contact STARLINK-2462 - STARLINK-1323,0.000,86400.000,0.0000%,0,
Contact STARLINK-2462 - STARLINK-3601,0.000,86400.000,0.0000%,0,
Contact STARLINK-2462 - STARLINK-3603,0.000,86400.000,0.0000%,0,
Contact STARLINK-2462 - STARLINK-3969,0.000,86400.000,0.0000%,0,
Contact STARLINK-2462 - STARLINK-4201,0.000,86400.000,0.0000%,0,
Contact STARLINK-2462 - STARLINK-31060,1441.559,84958.441,1.6685%,2,
Contact STARLINK-2462 - STARLINK-5972,0.000,86400.000,0.0000%,0,
Contact STARLINK-2462 - STARLINK-2047,0.000,86400.000,0.0000%,0,
Contact STARLINK-2462 - STARLINK-30145,0.000,86400.000,0.0000%,0,
Contact STARLINK-2462 - STARLINK-32210,490.922,85909.078,0.5682%,1,
Contact STARLINK-2462 - STARLINK-30549,0.000,86400.000,0.0000%,0,
Contact STARLINK-2462 - STARLINK-1463,0.000,86400.000,0.0000%,0,
Contact STARLINK-2462 - STARLINK-6241,37572.831,48827.169,43.4871%,6,
Contact STARLINK-2462 - STARLINK-30486,0.000,86400.000,0.0000%,0,
Contact STARLINK-2462 - STARLINK-5565,0.000,86400.000,0.0000%,0,
Contact STARLINK-2462 - STARLINK-31530,28171.108,58228.892,32.6054%,1,
Contact STARLINK-2462 - STARLINK-1227,0.000,86400.000,0.0000%,0,
Contact STARLINK-2462 - STARLINK-5093,0.000,86400.000,0.0000%,0,
Contact STARLINK-2462 - STARLINK-2556,0.000,86400.000,0.0000%,0,
Contact STARLINK-2462 - STARLINK-5591,0.000,86400.000,0.0000%,0,
Contact STARLINK-2462 - STARLINK-1073,467.992,85932.008,0.5417%,3,
Contact STARLINK-2462 - STARLINK-32088,4903.237,81496.763,5.6750%,7,
Contact STARLINK-2462 - STARLINK-5829,0.000,86400.000,0.0000%,0,
Contact STARLINK-2462 - STARLINK-3325,0.000,86400.000,0.0000%,0,
Contact STARLINK-2462 - STARLINK-5850,62.739,86337.261,0.0726%,1,
Contact STARLINK-2462 - STARLINK-31979,1130.289,85269.711,1.3082%,1,
Contact STARLINK-2462 - STARLINK-31939,29577.595,56822.405,34.2333%,3,
Contact STARLINK-2462 - STARLINK-2424,0.000,86400.000,0.0000%,0,
Contact STARLINK-2462 - STARLINK-30754,0.000,86400.000,0.0000%,0,
Contact STARLINK-2462 - STARLINK-3832,0.000,86400.000,0.0000%,0,
Contact STARLINK-2462 - STARLINK-5453,0.000,86400.000,0.0000%,0,
Contact STARLINK-2462 - STARLINK-31082,0.000,86400.000,0.0000%,0,
Contact STARLINK-2462 - STARLINK-4569,4980.485,81419.515,5.7644%,7,
Contact STARLINK-2462 - STARLINK-1776,0.000,86400.000,0.0000%,0,
Contact STARLINK-2462 - STARLINK-6199,39524.883,46875.117,45.7464%,7,
Contact STARLINK-2462 - STARLINK-4328,4730.886,81669.114,5.4756%,7,
Contact STARLINK-2462 - STARLINK-2214,25283.591,61116.409,29.2634%,3,
Contact STARLINK-2462 - STARLINK-5737,0.000,86400.000,0.0000%,0,
Contact STARLINK-2462 - STARLINK-3506,0.000,86400.000,0.0000%,0,
Contact STARLINK-2462 - STARLINK-11136 [DTC],28293.949,58106.051,32.7476%,2,
Contact STARLINK-2462 - STARLINK-31325,6069.124,80330.876,7.0244%,4,
Contact STARLINK-2462 - STARLINK-5628,36629.593,49770.407,42.3954%,6,
Contact STARLINK-2462 - STARLINK-5231,0.000,86400.000,0.0000%,0,
Contact STARLINK-2462 - STARLINK-11092 [DTC],0.000,86400.000,0.0000%,0,
Contact STARLINK-2462 - STARLINK-11072 [DTC],922.244,85477.756,1.0674%,1,
Contact STARLINK-2462 - STARLINK-5176,4176.046,82223.954,4.8334%,6,
Contact STARLINK-2462 - STARLINK-2042,11343.128,75056.872,13.1286%,6,
Contact STARLINK-2462 - STARLINK-5503,0.000,86400.000,0.0000%,0,
Contact STARLINK-2462 - STARLINK-6319,1441.386,84958.614,1.6683%,2,
Contact STARLINK-2462 - STARLINK-4522,0.000,86400.000,0.0000%,0,
Contact STARLINK-2462 - MoonARTEMIS1,71437.490,14962.510,82.6823%,7,
Contact STARLINK-2462 - MoonARTEMIS2,74971.960,11428.040,86.7731%,7,
Contact STARLINK-2462 - MoonIOAGEO,63869.249,22530.751,73.9227%,8,
Contact STARLINK-2462 - MoonIOAGNO,74963.802,11436.198,86.7637%,7,
Contact STARLINK-2462 - MoonIOAGNO 0001,74930.380,11469.620,86.7250%,7,
Contact STARLINK-2462 - MoonIOAGSO,73611.040,12788.960,85.1980%,7,
Contact STARLINK-2462 - MoonIOAGSO 0001,75085.904,11314.096,86.9050%,7,
Contact STARLINK-2462 - MoonLRO,29036.253,57363.747,33.6068%,8,
Contact STARLINK-2462 - MarsSat1,81772.271,4627.729,94.6438%,5,
Contact STARLINK-2462 - MarsSat2,81773.259,4626.741,94.6450%,5,
Contact STARLINK-2462 - MarsSat3,81772.634,4627.366,94.6443%,5,
Contact STARLINK-2462 - MarsSat4,81771.941,4628.059,94.6435%,5,
Contact STARLINK-2006 - STARLINK-3251,0.000,86400.000,0.0000%,0,
Contact STARLINK-2006 - STARLINK-4108,0.000,86400.000,0.0000%,0,
Contact STARLINK-2006 - STARLINK-3095,8150.812,78249.188,9.4338%,6,
Contact STARLINK-2006 - STARLINK-3045,11736.725,74663.275,13.5842%,7,
Contact STARLINK-2006 - STARLINK-30329,0.000,86400.000,0.0000%,0,
Contact STARLINK-2006 - STARLINK-2018,0.000,86400.000,0.0000%,0,
Contact STARLINK-2006 - STARLINK-31498,32064.515,54335.485,37.1117%,1,
Contact STARLINK-2006 - STARLINK-3550,0.000,86400.000,0.0000%,0,
Contact STARLINK-2006 - STARLINK-30345,0.000,86400.000,0.0000%,0,
Contact STARLINK-2006 - STARLINK-31116,0.000,86400.000,0.0000%,0,
Contact STARLINK-2006 - STARLINK-1107,12769.969,73630.031,14.7801%,4,
Contact STARLINK-2006 - STARLINK-1351,0.000,86400.000,0.0000%,0,
Contact STARLINK-2006 - STARLINK-31971,0.000,86400.000,0.0000%,0,
Contact STARLINK-2006 - STARLINK-32134,31505.563,54894.437,36.4648%,5,
Contact STARLINK-2006 - STARLINK-31430,5017.894,81382.106,5.8077%,3,
Contact STARLINK-2006 - STARLINK-5969,0.000,86400.000,0.0000%,0,
Contact STARLINK-2006 - STARLINK-31085,84820.800,1579.200,98.1722%,3,
Contact STARLINK-2006 - STARLINK-2635,86400.000,0.000,100.0000%,1,
Contact STARLINK-2006 - STARLINK-5155,0.000,86400.000,0.0000%,0,
Contact STARLINK-2006 - STARLINK-3295,8328.418,78071.582,9.6394%,6,
Contact STARLINK-2006 - STARLINK-30610,86400.000,0.000,100.0000%,1,
Contact STARLINK-2006 - STARLINK-3050,313.820,86086.180,0.3632%,1,
Contact STARLINK-2006 - STARLINK-31138,0.000,86400.000,0.0000%,0,
Contact STARLINK-2006 - STARLINK-30255,0.000,86400.000,0.0000%,0,
Contact STARLINK-2006 - STARLINK-2736,0.000,86400.000,0.0000%,0,
Contact STARLINK-2006 - STARLINK-5960,0.000,86400.000,0.0000%,0,
Contact STARLINK-2006 - STARLINK-4170,0.000,86400.000,0.0000%,0,
Contact STARLINK-2006 - STARLINK-31673,0.000,86400.000,0.0000%,0,
Contact STARLINK-2006 - STARLINK-32223,6883.440,79516.560,7.9669%,1,
Contact STARLINK-2006 - STARLINK-5061,0.000,86400.000,0.0000%,0,
Contact STARLINK-2006 - STARLINK-2127,0.000,86400.000,0.0000%,0,
Contact STARLINK-2006 - STARLINK-30756,0.000,86400.000,0.0000%,0,
Contact STARLINK-2006 - STARLINK-1580,0.000,86400.000,0.0000%,0,
Contact STARLINK-2006 - STARLINK-31812,0.000,86400.000,0.0000%,0,
Contact STARLINK-2006 - STARLINK-31931,7414.330,78985.670,8.5814%,5,
Contact STARLINK-2006 - STARLINK-2658,7952.199,78447.801,9.2039%,6,
Contact STARLINK-2006 - STARLINK-5952,0.000,86400.000,0.0000%,0,
Contact STARLINK-2006 - STARLINK-1323,0.000,86400.000,0.0000%,0,
Contact STARLINK-2006 - STARLINK-3601,86400.000,0.000,100.0000%,1,
Contact STARLINK-2006 - STARLINK-3603,4620.400,81779.600,5.3477%,7,
Contact STARLINK-2006 - STARLINK-3969,0.000,86400.000,0.0000%,0,
Contact STARLINK-2006 - STARLINK-4201,0.000,86400.000,0.0000%,0,
Contact STARLINK-2006 - STARLINK-31060,0.000,86400.000,0.0000%,0,
Contact STARLINK-2006 - STARLINK-5972,0.000,86400.000,0.0000%,0,
Contact STARLINK-2006 - STARLINK-2047,0.000,86400.000,0.0000%,0,
Contact STARLINK-2006 - STARLINK-30145,0.000,86400.000,0.0000%,0,
Contact STARLINK-2006 - STARLINK-32210,0.000,86400.000,0.0000%,0,
Contact STARLINK-2006 - STARLINK-30549,0.000,86400.000,0.0000%,0,
Contact STARLINK-2006 - STARLINK-1463,0.000,86400.000,0.0000%,0,
Contact STARLINK-2006 - STARLINK-6241,61437.792,24962.208,71.1086%,7,
Contact STARLINK-2006 - STARLINK-30486,0.000,86400.000,0.0000%,0,
Contact STARLINK-2006 - STARLINK-5565,0.000,86400.000,0.0000%,0,
Contact STARLINK-2006 - STARLINK-31530,5177.132,81222.868,5.9921%,3,
Contact STARLINK-2006 - STARLINK-1227,0.000,86400.000,0.0000%,0,
Contact STARLINK-2006 - STARLINK-5093,0.000,86400.000,0.0000%,0,
Contact STARLINK-2006 - STARLINK-2556,0.000,86400.000,0.0000%,0,
Contact STARLINK-2006 - STARLINK-5591,0.000,86400.000,0.0000%,0,
Contact STARLINK-2006 - STARLINK-1073,32538.085,53861.915,37.6598%,1,
Contact STARLINK-2006 - STARLINK-32088,56915.177,29484.823,65.8740%,1,
Contact STARLINK-2006 - STARLINK-5829,0.000,86400.000,0.0000%,0,
Contact STARLINK-2006 - STARLINK-3325,0.000,86400.000,0.0000%,0,
Contact STARLINK-2006 - STARLINK-5850,0.000,86400.000,0.0000%,0,
Contact STARLINK-2006 - STARLINK-31979,0.000,86400.000,0.0000%,0,
Contact STARLINK-2006 - STARLINK-31939,10514.661,75885.339,12.1697%,5,
Contact STARLINK-2006 - STARLINK-2424,0.000,86400.000,0.0000%,0,
Contact STARLINK-2006 - STARLINK-30754,0.000,86400.000,0.0000%,0,
Contact STARLINK-2006 - STARLINK-3832,15777.450,70622.550,18.2609%,7,
Contact STARLINK-2006 - STARLINK-5453,0.000,86400.000,0.0000%,0,
Contact STARLINK-2006 - STARLINK-31082,0.000,86400.000,0.0000%,0,
Contact STARLINK-2006 - STARLINK-4569,0.000,86400.000,0.0000%,0,
Contact STARLINK-2006 - STARLINK-1776,12491.959,73908.041,14.4583%,7,
Contact STARLINK-2006 - STARLINK-6199,4493.531,81906.469,5.2008%,6,
Contact STARLINK-2006 - STARLINK-4328,0.000,86400.000,0.0000%,0,
Contact STARLINK-2006 - STARLINK-2214,3581.324,82818.676,4.1451%,6,
Contact STARLINK-2006 - STARLINK-5737,0.000,86400.000,0.0000%,0,
Contact STARLINK-2006 - STARLINK-3506,86400.000,0.000,100.0000%,1,
Contact STARLINK-2006 - STARLINK-11136 [DTC],2311.178,84088.822,2.6750%,3,
Contact STARLINK-2006 - STARLINK-31325,31532.776,54867.224,36.4963%,4,
Contact STARLINK-2006 - STARLINK-5628,8529.503,77870.497,9.8721%,6,
Contact STARLINK-2006 - STARLINK-5231,0.000,86400.000,0.0000%,0,
Contact STARLINK-2006 - STARLINK-11092 [DTC],0.000,86400.000,0.0000%,0,
Contact STARLINK-2006 - STARLINK-11072 [DTC],21011.363,65388.637,24.3187%,1,
Contact STARLINK-2006 - STARLINK-5176,86400.000,0.000,100.0000%,1,
Contact STARLINK-2006 - STARLINK-2042,58955.800,27444.200,68.2359%,7,
Contact STARLINK-2006 - STARLINK-5503,0.000,86400.000,0.0000%,0,
Contact STARLINK-2006 - STARLINK-6319,20090.596,66309.404,23.2530%,7,
Contact STARLINK-2006 - STARLINK-4522,0.000,86400.000,0.0000%,0,
Contact STARLINK-2006 - MoonARTEMIS1,75783.490,10616.510,87.7124%,6,
Contact STARLINK-2006 - MoonARTEMIS2,76871.608,9528.392,88.9718%,6,
Contact STARLINK-2006 - MoonIOAGEO,68010.014,18389.986,78.7153%,8,
Contact STARLINK-2006 - MoonIOAGNO,79476.705,6923.295,91.9869%,6,
Contact STARLINK-2006 - MoonIOAGNO 0001,79380.456,7019.544,91.8755%,6,
Contact STARLINK-2006 - MoonIOAGSO,77670.975,8729.025,89.8970%,7,
Contact STARLINK-2006 - MoonIOAGSO 0001,76528.058,9871.942,88.5741%,7,
Contact STARLINK-2006 - MoonLRO,33763.893,52636.107,39.0786%,8,
Contact STARLINK-2006 - MarsSat1,67846.463,18553.537,78.5260%,9,
Contact STARLINK-2006 - MarsSat2,67846.893,18553.107,78.5265%,9,
Contact STARLINK-2006 - MarsSat3,67846.581,18553.419,78.5261%,9,
Contact STARLINK-2006 - MarsSat4,67846.452,18553.548,78.5260%,9,
Contact STARLINK-3251 - STARLINK-4108,0.000,86400.000,0.0000%,0,
Contact STARLINK-3251 - STARLINK-3095,0.000,86400.000,0.0000%,0,
Contact STARLINK-3251 - STARLINK-3045,0.000,86400.000,0.0000%,0,
Contact STARLINK-3251 - STARLINK-30329,8801.924,77598.076,10.1874%,7,
Contact STARLINK-3251 - STARLINK-2018,0.000,86400.000,0.0000%,0,
Contact STARLINK-3251 - STARLINK-31498,843.251,85556.749,0.9760%,1,
Contact STARLINK-3251 - STARLINK-3550,86400.000,0.000,100.0000%,1,
Contact STARLINK-3251 - STARLINK-30345,17981.902,68418.098,20.8124%,7,
Contact STARLINK-3251 - STARLINK-31116,0.000,86400.000,0.0000%,0,
Contact STARLINK-3251 - STARLINK-1107,777.593,85622.407,0.9000%,1,
Contact STARLINK-3251 - STARLINK-1351,0.000,86400.000,0.0000%,0,
Contact STARLINK-3251 - STARLINK-31971,0.000,86400.000,0.0000%,0,
Contact STARLINK-3251 - STARLINK-32134,0.000,86400.000,0.0000%,0,
Contact STARLINK-3251 - STARLINK-31430,0.000,86400.000,0.0000%,0,
Contact STARLINK-3251 - STARLINK-5969,0.000,86400.000,0.0000%,0,
Contact STARLINK-3251 - STARLINK-31085,0.000,86400.000,0.0000%,0,
Contact STARLINK-3251 - STARLINK-2635,0.000,86400.000,0.0000%,0,
Contact STARLINK-3251 - STARLINK-5155,0.000,86400.000,0.0000%,0,
Contact STARLINK-3251 - STARLINK-3295,0.000,86400.000,0.0000%,0,
Contact STARLINK-3251 - STARLINK-30610,1020.774,85379.226,1.1815%,3,
Contact STARLINK-3251 - STARLINK-3050,0.000,86400.000,0.0000%,0,
Contact STARLINK-3251 - STARLINK-31138,0.000,86400.000,0.0000%,0,
Contact STARLINK-3251 - STARLINK-30255,11748.144,74651.856,13.5974%,7,
Contact STARLINK-3251 - STARLINK-2736,319.590,86080.410,0.3699%,1,
Contact STARLINK-3251 - STARLINK-5960,0.000,86400.000,0.0000%,0,
Contact STARLINK-3251 - STARLINK-4170,86400.000,0.000,100.0000%,1,
Contact STARLINK-3251 - STARLINK-31673,0.000,86400.000,0.0000%,0,
Contact STARLINK-3251 - STARLINK-32223,4783.940,81616.060,5.5370%,7,
Contact STARLINK-3251 - STARLINK-5061,4162.016,82237.984,4.8171%,6,
Contact STARLINK-3251 - STARLINK-2127,0.000,86400.000,0.0000%,0,
Contact STARLINK-3251 - STARLINK-30756,0.000,86400.000,0.0000%,0,
Contact STARLINK-3251 - STARLINK-1580,0.000,86400.000,0.0000%,0,
Contact STARLINK-3251 - STARLINK-31812,37115.880,49284.120,42.9582%,1,
Contact STARLINK-3251 - STARLINK-31931,11789.999,74610.001,13.6458%,3,
Contact STARLINK-3251 - STARLINK-2658,0.000,86400.000,0.0000%,0,
Contact STARLINK-3251 - STARLINK-5952,7592.359,78807.641,8.7875%,7,
Contact STARLINK-3251 - STARLINK-1323,0.000,86400.000,0.0000%,0,
Contact STARLINK-3251 - STARLINK-3601,2377.594,84022.406,2.7518%,5,
Contact STARLINK-3251 - STARLINK-3603,3674.701,82725.299,4.2531%,6,
Contact STARLINK-3251 - STARLINK-3969,0.000,86400.000,0.0000%,0,
Contact STARLINK-3251 - STARLINK-4201,0.000,86400.000,0.0000%,0,
Contact STARLINK-3251 - STARLINK-31060,1528.603,84871.397,1.7692%,2,
Contact STARLINK-3251 - STARLINK-5972,20463.063,65936.937,23.6841%,6,
Contact STARLINK-3251 - STARLINK-2047,5530.360,80869.640,6.4009%,7,
Contact STARLINK-3251 - STARLINK-30145,24801.826,61598.174,28.7058%,7,
Contact STARLINK-3251 - STARLINK-32210,0.000,86400.000,0.0000%,0,
Contact STARLINK-3251 - STARLINK-30549,26269.259,60130.741,30.4042%,2,
Contact STARLINK-3251 - STARLINK-1463,0.000,86400.000,0.0000%,0,
Contact STARLINK-3251 - STARLINK-6241,0.000,86400.000,0.0000%,0,
Contact STARLINK-3251 - STARLINK-30486,3873.431,82526.569,4.4831%,7,
Contact STARLINK-3251 - STARLINK-5565,1608.510,84791.490,1.8617%,2,
Contact STARLINK-3251 - STARLINK-31530,0.000,86400.000,0.0000%,0,
Contact STARLINK-3251 - STARLINK-1227,5038.120,81361.880,5.8312%,7,
Contact STARLINK-3251 - STARLINK-5093,17645.328,68754.672,20.4228%,6,
Contact STARLINK-3251 - STARLINK-2556,4896.257,81503.743,5.6670%,6,
Contact STARLINK-3251 - STARLINK-5591,0.000,86400.000,0.0000%,0,
Contact STARLINK-3251 - STARLINK-1073,1161.411,85238.589,1.3442%,3,
Contact STARLINK-3251 - STARLINK-32088,0.000,86400.000,0.0000%,0,
Contact STARLINK-3251 - STARLINK-5829,1660.119,84739.881,1.9214%,3,
Contact STARLINK-3251 - STARLINK-3325,0.000,86400.000,0.0000%,0,
Contact STARLINK-3251 - STARLINK-5850,0.000,86400.000,0.0000%,0,
Contact STARLINK-3251 - STARLINK-31979,8265.437,78134.563,9.5665%,2,
Contact STARLINK-3251 - STARLINK-31939,0.000,86400.000,0.0000%,0,
Contact STARLINK-3251 - STARLINK-2424,0.000,86400.000,0.0000%,0,
Contact STARLINK-3251 - STARLINK-30754,12297.655,74102.345,14.2334%,7,
Contact STARLINK-3251 - STARLINK-3832,14780.657,71619.343,17.1072%,6,
Contact STARLINK-3251 - STARLINK-5453,1176.820,85223.180,1.3621%,3,
Contact STARLINK-3251 - STARLINK-31082,0.000,86400.000,0.0000%,0,
Contact STARLINK-3251 - STARLINK-4569,519.801,85880.199,0.6016%,1,
Contact STARLINK-3251 - STARLINK-1776,11798.173,74601.827,13.6553%,6,
Contact STARLINK-3251 - STARLINK-6199,0.000,86400.000,0.0000%,0,
Contact STARLINK-3251 - STARLINK-4328,0.000,86400.000,0.0000%,0,
Contact STARLINK-3251 - STARLINK-2214,0.000,86400.000,0.0000%,0,
Contact STARLINK-3251 - STARLINK-5737,1889.932,84510.068,2.1874%,3,
Contact STARLINK-3251 - STARLINK-3506,2245.018,84154.982,2.5984%,4,
Contact STARLINK-3251 - STARLINK-11136 [DTC],3519.689,82880.311,4.0737%,2,
Contact STARLINK-3251 - STARLINK-31325,0.000,86400.000,0.0000%,0,
Contact STARLINK-3251 - STARLINK-5628,0.000,86400.000,0.0000%,0,
Contact STARLINK-3251 - STARLINK-5231,0.000,86400.000,0.0000%,0,
Contact STARLINK-3251 - STARLINK-11092 [DTC],8212.285,78187.715,9.5050%,2,
Contact STARLINK-3251 - STARLINK-11072 [DTC],903.708,85496.292,1.0460%,2,
Contact STARLINK-3251 - STARLINK-5176,0.000,86400.000,0.0000%,0,
Contact STARLINK-3251 - STARLINK-2042,0.000,86400.000,0.0000%,0,
Contact STARLINK-3251 - STARLINK-5503,0.000,86400.000,0.0000%,0,
Contact STARLINK-3251 - STARLINK-6319,0.000,86400.000,0.0000%,0,
Contact STARLINK-3251 - STARLINK-4522,612.862,85787.138,0.7093%,1,
Contact STARLINK-3251 - MoonARTEMIS1,69985.776,16414.224,81.0021%,9,
Contact STARLINK-3251 - MoonARTEMIS2,71034.049,15365.951,82.2153%,9,
Contact STARLINK-3251 - MoonIOAGEO,62592.052,23807.948,72.4445%,9,
Contact STARLINK-3251 - MoonIOAGNO,70963.089,15436.911,82.1332%,9,
Contact STARLINK-3251 - MoonIOAGNO 0001,70954.539,15445.461,82.1233%,9,
Contact STARLINK-3251 - MoonIOAGSO,69289.803,17110.197,80.1965%,9,
Contact STARLINK-3251 - MoonIOAGSO 0001,69088.161,17311.839,79.9631%,9,
Contact STARLINK-3251 - MoonLRO,31863.388,54536.612,36.8789%,7,
Contact STARLINK-3251 - MarsSat1,80990.844,5409.156,93.7394%,6,
Contact STARLINK-3251 - MarsSat2,80992.434,5407.566,93.7412%,6,
Contact STARLINK-3251 - MarsSat3,80991.228,5408.772,93.7398%,6,
Contact STARLINK-3251 - MarsSat4,80990.430,5409.570,93.7389%,6,
Contact STARLINK-4108 - STARLINK-3095,5637.862,80762.138,6.5253%,6,
Contact STARLINK-4108 - STARLINK-3045,807.015,85592.985,0.9340%,1,
Contact STARLINK-4108 - STARLINK-30329,81623.009,4776.991,94.4711%,2,
Contact STARLINK-4108 - STARLINK-2018,0.000,86400.000,0.0000%,0,
Contact STARLINK-4108 - STARLINK-31498,66560.162,19839.838,77.0372%,1,
Contact STARLINK-4108 - STARLINK-3550,3604.479,82795.521,4.1719%,6,
Contact STARLINK-4108 - STARLINK-30345,0.000,86400.000,0.0000%,0,
Contact STARLINK-4108 - STARLINK-31116,0.000,86400.000,0.0000%,0,
Contact STARLINK-4108 - STARLINK-1107,1552.188,84847.812,1.7965%,2,
Contact STARLINK-4108 - STARLINK-1351,86400.000,0.000,100.0000%,1,
Contact STARLINK-4108 - STARLINK-31971,0.000,86400.000,0.0000%,0,
Contact STARLINK-4108 - STARLINK-32134,42454.860,43945.140,49.1376%,1,
Contact STARLINK-4108 - STARLINK-31430,0.000,86400.000,0.0000%,0,
Contact STARLINK-4108 - STARLINK-5969,0.000,86400.000,0.0000%,0,
Contact STARLINK-4108 - STARLINK-31085,0.000,86400.000,0.0000%,0,
Contact STARLINK-4108 - STARLINK-2635,0.000,86400.000,0.0000%,0,
Contact STARLINK-4108 - STARLINK-5155,0.000,86400.000,0.0000%,0,
Contact STARLINK-4108 - STARLINK-3295,5510.070,80889.930,6.3774%,7,
Contact STARLINK-4108 - STARLINK-30610,31001.458,55398.542,35.8813%,7,
Contact STARLINK-4108 - STARLINK-3050,25290.849,61109.151,29.2718%,5,
Contact STARLINK-4108 - STARLINK-31138,0.000,86400.000,0.0000%,0,
Contact STARLINK-4108 - STARLINK-30255,569.341,85830.659,0.6590%,1,
Contact STARLINK-4108 - STARLINK-2736,0.000,86400.000,0.0000%,0,
Contact STARLINK-4108 - STARLINK-5960,0.000,86400.000,0.0000%,0,
Contact STARLINK-4108 - STARLINK-4170,0.000,86400.000,0.0000%,0,
Contact STARLINK-4108 - STARLINK-31673,0.000,86400.000,0.0000%,0,
Contact STARLINK-4108 - STARLINK-32223,37300.024,49099.976,43.1713%,5,
Contact STARLINK-4108 - STARLINK-5061,0.000,86400.000,0.0000%,0,
Contact STARLINK-4108 - STARLINK-2127,0.000,86400.000,0.0000%,0,
Contact STARLINK-4108 - STARLINK-30756,0.000,86400.000,0.0000%,0,
Contact STARLINK-4108 - STARLINK-1580,0.000,86400.000,0.0000%,0,
Contact STARLINK-4108 - STARLINK-31812,0.000,86400.000,0.0000%,0,
Contact STARLINK-4108 - STARLINK-31931,4770.808,81629.192,5.5218%,6,
Contact STARLINK-4108 - STARLINK-2658,11767.383,74632.617,13.6197%,7,
Contact STARLINK-4108 - STARLINK-5952,0.000,86400.000,0.0000%,0,
Contact STARLINK-4108 - STARLINK-1323,0.000,86400.000,0.0000%,0,
Contact STARLINK-4108 - STARLINK-3601,27636.120,58763.880,31.9863%,7,
Contact STARLINK-4108 - STARLINK-3603,74361.097,12038.903,86.0661%,7,
Contact STARLINK-4108 - STARLINK-3969,0.000,86400.000,0.0000%,0,
Contact STARLINK-4108 - STARLINK-4201,0.000,86400.000,0.0000%,0,
Contact STARLINK-4108 - STARLINK-31060,720.225,85679.775,0.8336%,1,
Contact STARLINK-4108 - STARLINK-5972,0.000,86400.000,0.0000%,0,
Contact STARLINK-4108 - STARLINK-2047,0.000,86400.000,0.0000%,0,
Contact STARLINK-4108 - STARLINK-30145,8036.287,78363.713,9.3013%,6,
Contact STARLINK-4108 - STARLINK-32210,0.000,86400.000,0.0000%,0,
Contact STARLINK-4108 - STARLINK-30549,11826.341,74573.659,13.6879%,3,
Contact STARLINK-4108 - STARLINK-1463,0.000,86400.000,0.0000%,0,
Contact STARLINK-4108 - STARLINK-6241,57353.540,29046.460,66.3814%,3,
Contact STARLINK-4108 - STARLINK-30486,0.000,86400.000,0.0000%,0,
Contact STARLINK-4108 - STARLINK-5565,0.000,86400.000,0.0000%,0,
Contact STARLINK-4108 - STARLINK-31530,0.000,86400.000,0.0000%,0,
Contact STARLINK-4108 - STARLINK-1227,86400.000,0.000,100.0000%,1,
Contact STARLINK-4108 - STARLINK-5093,0.000,86400.000,0.0000%,0,
Contact STARLINK-4108 - STARLINK-2556,0.000,86400.000,0.0000%,0,
Contact STARLINK-4108 - STARLINK-5591,0.000,86400.000,0.0000%,0,
Contact STARLINK-4108 - STARLINK-1073,86400.000,0.000,100.0000%,1,
Contact STARLINK-4108 - STARLINK-32088,9875.186,76524.814,11.4296%,1,
Contact STARLINK-4108 - STARLINK-5829,0.000,86400.000,0.0000%,0,
Contact STARLINK-4108 - STARLINK-3325,0.000,86400.000,0.0000%,0,
Contact STARLINK-4108 - STARLINK-5850,0.000,86400.000,0.0000%,0,
Contact STARLINK-4108 - STARLINK-31979,24960.538,61439.462,28.8895%,4,
Contact STARLINK-4108 - STARLINK-31939,1043.973,85356.027,1.2083%,1,
Contact STARLINK-4108 - STARLINK-2424,0.000,86400.000,0.0000%,0,
Contact STARLINK-4108 - STARLINK-30754,0.000,86400.000,0.0000%,0,
Contact STARLINK-4108 - STARLINK-3832,11764.877,74635.123,13.6168%,7,
Contact STARLINK-4108 - STARLINK-5453,0.000,86400.000,0.0000%,0,
Contact STARLINK-4108 - STARLINK-31082,0.000,86400.000,0.0000%,0,
Contact STARLINK-4108 - STARLINK-4569,0.000,86400.000,0.0000%,0,
Contact STARLINK-4108 - STARLINK-1776,8877.799,77522.201,10.2752%,7,
Contact STARLINK-4108 - STARLINK-6199,65179.223,21220.777,75.4389%,7,
Contact STARLINK-4108 - STARLINK-4328,0.000,86400.000,0.0000%,0,
Contact STARLINK-4108 - STARLINK-2214,0.000,86400.000,0.0000%,0,
Contact STARLINK-4108 - STARLINK-5737,0.000,86400.000,0.0000%,0,
Contact STARLINK-4108 - STARLINK-3506,3923.760,82476.240,4.5414%,6,
Contact STARLINK-4108 - STARLINK-11136 [DTC],1701.142,84698.858,1.9689%,3,
Contact STARLINK-4108 - STARLINK-31325,0.000,86400.000,0.0000%,0,
Contact STARLINK-4108 - STARLINK-5628,1766.419,84633.581,2.0445%,3,
Contact STARLINK-4108 - STARLINK-5231,0.000,86400.000,0.0000%,0,
Contact STARLINK-4108 - STARLINK-11092 [DTC],0.000,86400.000,0.0000%,0,
Contact STARLINK-4108 - STARLINK-11072 [DTC],0.000,86400.000,0.0000%,0,
Contact STARLINK-4108 - STARLINK-5176,0.000,86400.000,0.0000%,0,
Contact STARLINK-4108 - STARLINK-2042,0.000,86400.000,0.0000%,0,
Contact STARLINK-4108 - STARLINK-5503,0.000,86400.000,0.0000%,0,
Contact STARLINK-4108 - STARLINK-6319,0.000,86400.000,0.0000%,0,
Contact STARLINK-4108 - STARLINK-4522,1284.305,85115.695,1.4865%,3,
Contact STARLINK-4108 - MoonARTEMIS1,71222.755,15177.245,82.4337%,7,
Contact STARLINK-4108 - MoonARTEMIS2,71961.966,14438.034,83.2893%,8,
Contact STARLINK-4108 - MoonIOAGEO,63813.551,22586.449,73.8583%,9,
Contact STARLINK-4108 - MoonIOAGNO,73715.823,12684.177,85.3192%,8,
Contact STARLINK-4108 - MoonIOAGNO 0001,73732.554,12667.446,85.3386%,8,
Contact STARLINK-4108 - MoonIOAGSO,73570.639,12829.361,85.1512%,8,
Contact STARLINK-4108 - MoonIOAGSO 0001,70387.593,16012.407,81.4671%,9,
Contact STARLINK-4108 - MoonLRO,26318.420,60081.580,30.4611%,7,
Contact STARLINK-4108 - MarsSat1,66735.771,19664.229,77.2405%,9,
Contact STARLINK-4108 - MarsSat2,66735.829,19664.171,77.2405%,9,
Contact STARLINK-4108 - MarsSat3,66735.785,19664.215,77.2405%,9,
Contact STARLINK-4108 - MarsSat4,66735.796,19664.204,77.2405%,9,
Contact STARLINK-3095 - STARLINK-3045,86351.581,48.419,99.9440%,1,
Contact STARLINK-3095 - STARLINK-30329,214.125,86185.875,0.2478%,1,
Contact STARLINK-3095 - STARLINK-2018,0.000,86400.000,0.0000%,0,
Contact STARLINK-3095 - STARLINK-31498,6402.807,79997.193,7.4107%,4,
Contact STARLINK-3095 - STARLINK-3550,0.000,86400.000,0.0000%,0,
Contact STARLINK-3095 - STARLINK-30345,0.000,86400.000,0.0000%,0,
Contact STARLINK-3095 - STARLINK-31116,0.000,86400.000,0.0000%,0,
Contact STARLINK-3095 - STARLINK-1107,2358.003,84041.997,2.7292%,3,
Contact STARLINK-3095 - STARLINK-1351,6265.751,80134.249,7.2520%,6,
Contact STARLINK-3095 - STARLINK-31971,613.415,85786.585,0.7100%,2,
Contact STARLINK-3095 - STARLINK-32134,27047.464,59352.536,31.3049%,3,
Contact STARLINK-3095 - STARLINK-31430,4760.408,81639.592,5.5097%,7,
Contact STARLINK-3095 - STARLINK-5969,0.000,86400.000,0.0000%,0,
Contact STARLINK-3095 - STARLINK-31085,3068.245,83331.755,3.5512%,4,
Contact STARLINK-3095 - STARLINK-2635,4979.935,81420.065,5.7638%,6,
Contact STARLINK-3095 - STARLINK-5155,0.000,86400.000,0.0000%,0,
Contact STARLINK-3095 - STARLINK-3295,35246.492,51153.508,40.7946%,3,
Contact STARLINK-3095 - STARLINK-30610,4514.121,81885.879,5.2247%,6,
Contact STARLINK-3095 - STARLINK-3050,0.000,86400.000,0.0000%,0,
Contact STARLINK-3095 - STARLINK-31138,0.000,86400.000,0.0000%,0,
Contact STARLINK-3095 - STARLINK-30255,0.000,86400.000,0.0000%,0,
Contact STARLINK-3095 - STARLINK-2736,0.000,86400.000,0.0000%,0,
Contact STARLINK-3095 - STARLINK-5960,3689.023,82710.977,4.2697%,7,
Contact STARLINK-3095 - STARLINK-4170,0.000,86400.000,0.0000%,0,
Contact STARLINK-3095 - STARLINK-31673,5349.235,81050.765,6.1912%,4,
Contact STARLINK-3095 - STARLINK-32223,811.542,85588.458,0.9393%,2,
Contact STARLINK-3095 - STARLINK-5061,0.000,86400.000,0.0000%,0,
Contact STARLINK-3095 - STARLINK-2127,0.000,86400.000,0.0000%,0,
Contact STARLINK-3095 - STARLINK-30756,0.000,86400.000,0.0000%,0,
Contact STARLINK-3095 - STARLINK-1580,0.000,86400.000,0.0000%,0,
Contact STARLINK-3095 - STARLINK-31812,0.000,86400.000,0.0000%,0,
Contact STARLINK-3095 - STARLINK-31931,8251.748,78148.252,9.5506%,3,
Contact STARLINK-3095 - STARLINK-2658,0.000,86400.000,0.0000%,0,
Contact STARLINK-3095 - STARLINK-5952,0.000,86400.000,0.0000%,0,
Contact STARLINK-3095 - STARLINK-1323,0.000,86400.000,0.0000%,0,
Contact STARLINK-3095 - STARLINK-3601,4319.158,82080.842,4.9990%,6,
Contact STARLINK-3095 - STARLINK-3603,3800.713,82599.287,4.3990%,6,
Contact STARLINK-3095 - STARLINK-3969,0.000,86400.000,0.0000%,0,
Contact STARLINK-3095 - STARLINK-4201,0.000,86400.000,0.0000%,0,
Contact STARLINK-3095 - STARLINK-31060,1155.116,85244.884,1.3369%,2,
Contact STARLINK-3095 - STARLINK-5972,0.000,86400.000,0.0000%,0,
Contact STARLINK-3095 - STARLINK-2047,0.000,86400.000,0.0000%,0,
Contact STARLINK-3095 - STARLINK-30145,0.000,86400.000,0.0000%,0,
Contact STARLINK-3095 - STARLINK-32210,0.000,86400.000,0.0000%,0,
Contact STARLINK-3095 - STARLINK-30549,13886.400,72513.600,16.0722%,1,
Contact STARLINK-3095 - STARLINK-1463,0.000,86400.000,0.0000%,0,
Contact STARLINK-3095 - STARLINK-6241,47629.847,38770.153,55.1271%,6,
Contact STARLINK-3095 - STARLINK-30486,0.000,86400.000,0.0000%,0,
Contact STARLINK-3095 - STARLINK-5565,0.000,86400.000,0.0000%,0,
Contact STARLINK-3095 - STARLINK-31530,29431.277,56968.723,34.0640%,1,
Contact STARLINK-3095 - STARLINK-1227,2388.079,84011.921,2.7640%,4,
Contact STARLINK-3095 - STARLINK-5093,0.000,86400.000,0.0000%,0,
Contact STARLINK-3095 - STARLINK-2556,0.000,86400.000,0.0000%,0,
Contact STARLINK-3095 - STARLINK-5591,0.000,86400.000,0.0000%,0,
Contact STARLINK-3095 - STARLINK-1073,4621.412,81778.588,5.3489%,6,
Contact STARLINK-3095 - STARLINK-32088,3285.655,83114.345,3.8028%,4,
Contact STARLINK-3095 - STARLINK-5829,0.000,86400.000,0.0000%,0,
Contact STARLINK-3095 - STARLINK-3325,0.000,86400.000,0.0000%,0,
Contact STARLINK-3095 - STARLINK-5850,0.000,86400.000,0.0000%,0,
Contact STARLINK-3095 - STARLINK-31979,22161.273,64238.727,25.6496%,1,
Contact STARLINK-3095 - STARLINK-31939,36206.202,50193.798,41.9053%,1,
Contact STARLINK-3095 - STARLINK-2424,0.000,86400.000,0.0000%,0,
Contact STARLINK-3095 - STARLINK-30754,0.000,86400.000,0.0000%,0,
Contact STARLINK-3095 - STARLINK-3832,0.000,86400.000,0.0000%,0,
Contact STARLINK-3095 - STARLINK-5453,0.000,86400.000,0.0000%,0,
Contact STARLINK-3095 - STARLINK-31082,0.000,86400.000,0.0000%,0,
Contact STARLINK-3095 - STARLINK-4569,4507.076,81892.924,5.2165%,7,
Contact STARLINK-3095 - STARLINK-1776,0.000,86400.000,0.0000%,0,
Contact STARLINK-3095 - STARLINK-6199,84267.453,2132.547,97.5318%,3,
Contact STARLINK-3095 - STARLINK-4328,3348.071,83051.929,3.8751%,5,
Contact STARLINK-3095 - STARLINK-2214,29380.103,57019.897,34.0047%,1,
Contact STARLINK-3095 - STARLINK-5737,0.000,86400.000,0.0000%,0,
Contact STARLINK-3095 - STARLINK-3506,3210.333,83189.667,3.7157%,5,
Contact STARLINK-3095 - STARLINK-11136 [DTC],11094.216,75305.784,12.8405%,2,
Contact STARLINK-3095 - STARLINK-31325,4726.789,81673.211,5.4708%,2,
Contact STARLINK-3095 - STARLINK-5628,6461.713,79938.287,7.4788%,7,
Contact STARLINK-3095 - STARLINK-5231,0.000,86400.000,0.0000%,0,
Contact STARLINK-3095 - STARLINK-11092 [DTC],576.217,85823.783,0.6669%,1,
Contact STARLINK-3095 - STARLINK-11072 [DTC],1381.872,85018.128,1.5994%,2,
Contact STARLINK-3095 - STARLINK-5176,10877.372,75522.628,12.5896%,6,
Contact STARLINK-3095 - STARLINK-2042,4626.491,81773.509,5.3547%,2,
Contact STARLINK-3095 - STARLINK-5503,0.000,86400.000,0.0000%,0,
Contact STARLINK-3095 - STARLINK-6319,0.000,86400.000,0.0000%,0,
Contact STARLINK-3095 - STARLINK-4522,0.000,86400.000,0.0000%,0,
Contact STARLINK-3095 - MoonARTEMIS1,67115.487,19284.513,77.6800%,9,
Contact STARLINK-3095 - MoonARTEMIS2,67163.563,19236.437,77.7356%,10,
Contact STARLINK-3095 - MoonIOAGEO,57502.326,28897.674,66.5536%,10,
Contact STARLINK-3095 - MoonIOAGNO,69304.420,17095.580,80.2134%,10,
Contact STARLINK-3095 - MoonIOAGNO 0001,69282.420,17117.580,80.1880%,10,
Contact STARLINK-3095 - MoonIOAGSO,67475.118,18924.882,78.0962%,10,
Contact STARLINK-3095 - MoonIOAGSO 0001,68481.368,17918.632,79.2608%,10,
Contact STARLINK-3095 - MoonLRO,25436.209,60963.791,29.4401%,8,
Contact STARLINK-3095 - MarsSat1,86400.000,0.000,100.0000%,1,
Contact STARLINK-3095 - MarsSat2,86400.000,0.000,100.0000%,1,
Contact STARLINK-3095 - MarsSat3,86400.000,0.000,100.0000%,1,
Contact STARLINK-3095 - MarsSat4,86400.000,0.000,100.0000%,1,
Contact STARLINK-3045 - STARLINK-30329,0.000,86400.000,0.0000%,0,
Contact STARLINK-3045 - STARLINK-2018,0.000,86400.000,0.0000%,0,
Contact STARLINK-3045 - STARLINK-31498,8466.526,77933.474,9.7992%,4,
Contact STARLINK-3045 - STARLINK-3550,0.000,86400.000,0.0000%,0,
Contact STARLINK-3045 - STARLINK-30345,0.000,86400.000,0.0000%,0,
Contact STARLINK-3045 - STARLINK-31116,253.516,86146.484,0.2934%,1,
Contact STARLINK-3045 - STARLINK-1107,2893.483,83506.517,3.3489%,4,
Contact STARLINK-3045 - STARLINK-1351,4576.971,81823.029,5.2974%,2,
Contact STARLINK-3045 - STARLINK-31971,754.715,85645.285,0.8735%,1,
Contact STARLINK-3045 - STARLINK-32134,41784.579,44615.421,48.3618%,3,
Contact STARLINK-3045 - STARLINK-31430,4322.665,82077.335,5.0031%,6,
Contact STARLINK-3045 - STARLINK-5969,1422.085,84977.915,1.6459%,4,
Contact STARLINK-3045 - STARLINK-31085,52765.846,33634.154,61.0716%,7,
Contact STARLINK-3045 - STARLINK-2635,20432.709,65967.291,23.6490%,7,
Contact STARLINK-3045 - STARLINK-5155,0.000,86400.000,0.0000%,0,
Contact STARLINK-3045 - STARLINK-3295,0.000,86400.000,0.0000%,0,
Contact STARLINK-3045 - STARLINK-30610,3656.699,82743.301,4.2323%,6,
Contact STARLINK-3045 - STARLINK-3050,0.000,86400.000,0.0000%,0,
Contact STARLINK-3045 - STARLINK-31138,0.000,86400.000,0.0000%,0,
Contact STARLINK-3045 - STARLINK-30255,0.000,86400.000,0.0000%,0,
Contact STARLINK-3045 - STARLINK-2736,0.000,86400.000,0.0000%,0,
Contact STARLINK-3045 - STARLINK-5960,4216.587,82183.413,4.8803%,6,
Contact STARLINK-3045 - STARLINK-4170,0.000,86400.000,0.0000%,0,
Contact STARLINK-3045 - STARLINK-31673,10705.498,75694.502,12.3906%,6,
Contact STARLINK-3045 - STARLINK-32223,619.536,85780.464,0.7171%,1,
Contact STARLINK-3045 - STARLINK-5061,0.000,86400.000,0.0000%,0,
Contact STARLINK-3045 - STARLINK-2127,0.000,86400.000,0.0000%,0,
Contact STARLINK-3045 - STARLINK-30756,0.000,86400.000,0.0000%,0,
Contact STARLINK-3045 - STARLINK-1580,39804.222,46595.778,46.0697%,1,
Contact STARLINK-3045 - STARLINK-31812,0.000,86400.000,0.0000%,0,
Contact STARLINK-3045 - STARLINK-31931,851.233,85548.767,0.9852%,1,
Contact STARLINK-3045 - STARLINK-2658,0.000,86400.000,0.0000%,0,
Contact STARLINK-3045 - STARLINK-5952,0.000,86400.000,0.0000%,0,
Contact STARLINK-3045 - STARLINK-1323,0.000,86400.000,0.0000%,0,
Contact STARLINK-3045 - STARLINK-3601,3859.916,82540.084,4.4675%,6,
Contact STARLINK-3045 - STARLINK-3603,2609.394,83790.606,3.0201%,5,
Contact STARLINK-3045 - STARLINK-3969,0.000,86400.000,0.0000%,0,
Contact STARLINK-3045 - STARLINK-4201,0.000,86400.000,0.0000%,0,
Contact STARLINK-3045 - STARLINK-31060,1309.579,85090.421,1.5157%,3,
Contact STARLINK-3045 - STARLINK-5972,0.000,86400.000,0.0000%,0,
Contact STARLINK-3045 - STARLINK-2047,0.000,86400.000,0.0000%,0,
Contact STARLINK-3045 - STARLINK-30145,0.000,86400.000,0.0000%,0,
Contact STARLINK-3045 - STARLINK-32210,112.200,86287.800,0.1299%,1,
Contact STARLINK-3045 - STARLINK-30549,0.000,86400.000,0.0000%,0,
Contact STARLINK-3045 - STARLINK-1463,0.000,86400.000,0.0000%,0,
Contact STARLINK-3045 - STARLINK-6241,77296.006,9103.994,89.4630%,7,
Contact STARLINK-3045 - STARLINK-30486,0.000,86400.000,0.0000%,0,
Contact STARLINK-3045 - STARLINK-5565,0.000,86400.000,0.0000%,0,
Contact STARLINK-3045 - STARLINK-31530,45249.212,41150.788,52.3718%,2,
Contact STARLINK-3045 - STARLINK-1227,0.000,86400.000,0.0000%,0,
Contact STARLINK-3045 - STARLINK-5093,0.000,86400.000,0.0000%,0,
Contact STARLINK-3045 - STARLINK-2556,0.000,86400.000,0.0000%,0,
Contact STARLINK-3045 - STARLINK-5591,0.000,86400.000,0.0000%,0,
Contact STARLINK-3045 - STARLINK-1073,3567.551,82832.449,4.1291%,6,
Contact STARLINK-3045 - STARLINK-32088,7080.470,79319.530,8.1950%,6,
Contact STARLINK-3045 - STARLINK-5829,0.000,86400.000,0.0000%,0,
Contact STARLINK-3045 - STARLINK-3325,0.000,86400.000,0.0000%,0,
Contact STARLINK-3045 - STARLINK-5850,0.000,86400.000,0.0000%,0,
Contact STARLINK-3045 - STARLINK-31979,0.000,86400.000,0.0000%,0,
Contact STARLINK-3045 - STARLINK-31939,47382.595,39017.405,54.8410%,1,
Contact STARLINK-3045 - STARLINK-2424,0.000,86400.000,0.0000%,0,
Contact STARLINK-3045 - STARLINK-30754,0.000,86400.000,0.0000%,0,
Contact STARLINK-3045 - STARLINK-3832,0.000,86400.000,0.0000%,0,
Contact STARLINK-3045 - STARLINK-5453,0.000,86400.000,0.0000%,0,
Contact STARLINK-3045 - STARLINK-31082,0.000,86400.000,0.0000%,0,
Contact STARLINK-3045 - STARLINK-4569,4165.236,82234.764,4.8209%,6,
Contact STARLINK-3045 - STARLINK-1776,0.000,86400.000,0.0000%,0,
Contact STARLINK-3045 - STARLINK-6199,0.000,86400.000,0.0000%,0,
Contact STARLINK-3045 - STARLINK-4328,3311.772,83088.228,3.8331%,6,
Contact STARLINK-3045 - STARLINK-2214,86400.000,0.000,100.0000%,1,
Contact STARLINK-3045 - STARLINK-5737,0.000,86400.000,0.0000%,0,
Contact STARLINK-3045 - STARLINK-3506,2851.134,83548.866,3.2999%,6,
Contact STARLINK-3045 - STARLINK-11136 [DTC],2198.954,84201.046,2.5451%,2,
Contact STARLINK-3045 - STARLINK-31325,22240.945,64159.055,25.7418%,4,
Contact STARLINK-3045 - STARLINK-5628,0.000,86400.000,0.0000%,0,
Contact STARLINK-3045 - STARLINK-5231,0.000,86400.000,0.0000%,0,
Contact STARLINK-3045 - STARLINK-11092 [DTC],1053.077,85346.923,1.2188%,1,
Contact STARLINK-3045 - STARLINK-11072 [DTC],7734.725,78665.275,8.9522%,2,
Contact STARLINK-3045 - STARLINK-5176,5168.164,81231.836,5.9817%,7,
Contact STARLINK-3045 - STARLINK-2042,70555.072,15844.928,81.6610%,5,
Contact STARLINK-3045 - STARLINK-5503,0.000,86400.000,0.0000%,0,
Contact STARLINK-3045 - STARLINK-6319,77131.497,9268.503,89.2726%,5,
Contact STARLINK-3045 - STARLINK-4522,0.000,86400.000,0.0000%,0,
Contact STARLINK-3045 - MoonARTEMIS1,64161.611,22238.389,74.2611%,10,
Contact STARLINK-3045 - MoonARTEMIS2,64733.754,21666.246,74.9233%,10,
Contact STARLINK-3045 - MoonIOAGEO,58518.280,27881.720,67.7295%,10,
Contact STARLINK-3045 - MoonIOAGNO,67596.498,18803.502,78.2367%,10,
Contact STARLINK-3045 - MoonIOAGNO 0001,67593.395,18806.605,78.2331%,10,
Contact STARLINK-3045 - MoonIOAGSO,66187.252,20212.748,76.6056%,10,
Contact STARLINK-3045 - MoonIOAGSO 0001,67620.127,18779.873,78.2640%,10,
Contact STARLINK-3045 - MoonLRO,18771.016,67628.984,21.7257%,7,
Contact STARLINK-3045 - MarsSat1,81798.692,4601.308,94.6744%,5,
Contact STARLINK-3045 - MarsSat2,81794.483,4605.517,94.6695%,5,
Contact STARLINK-3045 - MarsSat3,81798.054,4601.946,94.6737%,5,
Contact STARLINK-3045 - MarsSat4,81798.059,4601.941,94.6737%,5,
Contact STARLINK-30329 - STARLINK-2018,0.000,86400.000,0.0000%,0,
Contact STARLINK-30329 - STARLINK-31498,47796.990,38603.010,55.3206%,1,
Contact STARLINK-30329 - STARLINK-3550,6451.744,79948.256,7.4673%,7,
Contact STARLINK-30329 - STARLINK-30345,3744.513,82655.487,4.3339%,1,
Contact STARLINK-30329 - STARLINK-31116,0.000,86400.000,0.0000%,0,
Contact STARLINK-30329 - STARLINK-1107,857.692,85542.308,0.9927%,1,
Contact STARLINK-30329 - STARLINK-1351,66710.287,19689.713,77.2110%,5,
Contact STARLINK-30329 - STARLINK-31971,0.000,86400.000,0.0000%,0,
Contact STARLINK-30329 - STARLINK-32134,8060.393,78339.607,9.3292%,2,
Contact STARLINK-30329 - STARLINK-31430,0.000,86400.000,0.0000%,0,
Contact STARLINK-30329 - STARLINK-5969,0.000,86400.000,0.0000%,0,
Contact STARLINK-30329 - STARLINK-31085,0.000,86400.000,0.0000%,0,
Contact STARLINK-30329 - STARLINK-2635,0.000,86400.000,0.0000%,0,
Contact STARLINK-30329 - STARLINK-5155,0.000,86400.000,0.0000%,0,
Contact STARLINK-30329 - STARLINK-3295,0.000,86400.000,0.0000%,0,
Contact STARLINK-30329 - STARLINK-30610,0.000,86400.000,0.0000%,0,
Contact STARLINK-30329 - STARLINK-3050,23068.800,63331.200,26.7000%,6,
Contact STARLINK-30329 - STARLINK-31138,0.000,86400.000,0.0000%,0,
Contact STARLINK-30329 - STARLINK-30255,86400.000,0.000,100.0000%,1,
Contact STARLINK-30329 - STARLINK-2736,0.000,86400.000,0.0000%,0,
Contact STARLINK-30329 - STARLINK-5960,0.000,86400.000,0.0000%,0,
Contact STARLINK-30329 - STARLINK-4170,5468.660,80931.340,6.3295%,7,
Contact STARLINK-30329 - STARLINK-31673,0.000,86400.000,0.0000%,0,
Contact STARLINK-30329 - STARLINK-32223,44663.690,41736.310,51.6941%,1,
Contact STARLINK-30329 - STARLINK-5061,0.000,86400.000,0.0000%,0,
Contact STARLINK-30329 - STARLINK-2127,0.000,86400.000,0.0000%,0,
Contact STARLINK-30329 - STARLINK-30756,0.000,86400.000,0.0000%,0,
Contact STARLINK-30329 - STARLINK-1580,0.000,86400.000,0.0000%,0,
Contact STARLINK-30329 - STARLINK-31812,4507.343,81892.657,5.2168%,2,
Contact STARLINK-30329 - STARLINK-31931,4858.271,81541.729,5.6230%,3,
Contact STARLINK-30329 - STARLINK-2658,38.790,86361.210,0.0449%,1,
Contact STARLINK-30329 - STARLINK-5952,0.000,86400.000,0.0000%,0,
Contact STARLINK-30329 - STARLINK-1323,0.000,86400.000,0.0000%,0,
Contact STARLINK-30329 - STARLINK-3601,8154.055,78245.945,9.4376%,1,
Contact STARLINK-30329 - STARLINK-3603,65584.507,20815.493,75.9080%,1,
Contact STARLINK-30329 - STARLINK-3969,0.000,86400.000,0.0000%,0,
Contact STARLINK-30329 - STARLINK-4201,0.000,86400.000,0.0000%,0,
Contact STARLINK-30329 - STARLINK-31060,22300.598,64099.402,25.8109%,1,
Contact STARLINK-30329 - STARLINK-5972,0.000,86400.000,0.0000%,0,
Contact STARLINK-30329 - STARLINK-2047,0.000,86400.000,0.0000%,0,
Contact STARLINK-30329 - STARLINK-30145,80902.746,5497.254,93.6374%,7,
Contact STARLINK-30329 - STARLINK-32210,0.000,86400.000,0.0000%,0,
Contact STARLINK-30329 - STARLINK-30549,7566.197,78833.803,8.7572%,5,
Contact STARLINK-30329 - STARLINK-1463,3293.609,83106.391,3.8120%,6,
Contact STARLINK-30329 - STARLINK-6241,0.000,86400.000,0.0000%,0,
Contact STARLINK-30329 - STARLINK-30486,0.000,86400.000,0.0000%,0,
Contact STARLINK-30329 - STARLINK-5565,23082.560,63317.440,26.7159%,6,
Contact STARLINK-30329 - STARLINK-31530,0.000,86400.000,0.0000%,0,
Contact STARLINK-30329 - STARLINK-1227,86400.000,0.000,100.0000%,1,
Contact STARLINK-30329 - STARLINK-5093,0.000,86400.000,0.0000%,0,
Contact STARLINK-30329 - STARLINK-2556,21266.985,65133.015,24.6146%,6,
Contact STARLINK-30329 - STARLINK-5591,0.000,86400.000,0.0000%,0,
Contact STARLINK-30329 - STARLINK-1073,86400.000,0.000,100.0000%,1,
Contact STARLINK-30329 - STARLINK-32088,2503.273,83896.727,2.8973%,1,
Contact STARLINK-30329 - STARLINK-5829,0.000,86400.000,0.0000%,0,
Contact STARLINK-30329 - STARLINK-3325,0.000,86400.000,0.0000%,0,
Contact STARLINK-30329 - STARLINK-5850,0.000,86400.000,0.0000%,0,
Contact STARLINK-30329 - STARLINK-31979,8600.129,77799.871,9.9539%,6,
Contact STARLINK-30329 - STARLINK-31939,0.000,86400.000,0.0000%,0,
Contact STARLINK-30329 - STARLINK-2424,0.000,86400.000,0.0000%,0,
Contact STARLINK-30329 - STARLINK-30754,0.000,86400.000,0.0000%,0,
Contact STARLINK-30329 - STARLINK-3832,612.170,85787.830,0.7085%,1,
Contact STARLINK-30329 - STARLINK-5453,0.000,86400.000,0.0000%,0,
Contact STARLINK-30329 - STARLINK-31082,0.000,86400.000,0.0000%,0,
Contact STARLINK-30329 - STARLINK-4569,0.000,86400.000,0.0000%,0,
Contact STARLINK-30329 - STARLINK-1776,841.491,85558.509,0.9739%,1,
Contact STARLINK-30329 - STARLINK-6199,2537.448,83862.552,2.9369%,5,
Contact STARLINK-30329 - STARLINK-4328,0.000,86400.000,0.0000%,0,
Contact STARLINK-30329 - STARLINK-2214,0.000,86400.000,0.0000%,0,
Contact STARLINK-30329 - STARLINK-5737,39258.647,47141.353,45.4382%,6,
Contact STARLINK-30329 - STARLINK-3506,0.000,86400.000,0.0000%,0,
Contact STARLINK-30329 - STARLINK-11136 [DTC],625.966,85774.034,0.7245%,1,
Contact STARLINK-30329 - STARLINK-31325,0.000,86400.000,0.0000%,0,
Contact STARLINK-30329 - STARLINK-5628,0.000,86400.000,0.0000%,0,
Contact STARLINK-30329 - STARLINK-5231,0.000,86400.000,0.0000%,0,
Contact STARLINK-30329 - STARLINK-11092 [DTC],7690.257,78709.743,8.9008%,2,
Contact STARLINK-30329 - STARLINK-11072 [DTC],0.000,86400.000,0.0000%,0,
Contact STARLINK-30329 - STARLINK-5176,0.000,86400.000,0.0000%,0,
Contact STARLINK-30329 - STARLINK-2042,0.000,86400.000,0.0000%,0,
Contact STARLINK-30329 - STARLINK-5503,0.000,86400.000,0.0000%,0,
Contact STARLINK-30329 - STARLINK-6319,0.000,86400.000,0.0000%,0,
Contact STARLINK-30329 - STARLINK-4522,6459.289,79940.711,7.4760%,7,
Contact STARLINK-30329 - MoonARTEMIS1,70211.460,16188.540,81.2633%,7,
Contact STARLINK-30329 - MoonARTEMIS2,71209.176,15190.824,82.4180%,9,
Contact STARLINK-30329 - MoonIOAGEO,65564.723,20835.277,75.8851%,8,
Contact STARLINK-30329 - MoonIOAGNO,72021.040,14378.960,83.3577%,9,
Contact STARLINK-30329 - MoonIOAGNO 0001,72015.726,14384.274,83.3515%,9,
Contact STARLINK-30329 - MoonIOAGSO,70450.102,15949.898,81.5395%,9,
Contact STARLINK-30329 - MoonIOAGSO 0001,69402.739,16997.261,80.3272%,9,
Contact STARLINK-30329 - MoonLRO,28819.068,57580.932,33.3554%,9,
Contact STARLINK-30329 - MarsSat1,68070.111,18329.889,78.7849%,9,
Contact STARLINK-30329 - MarsSat2,68070.326,18329.674,78.7851%,9,
Contact STARLINK-30329 - MarsSat3,68070.187,18329.813,78.7849%,9,
Contact STARLINK-30329 - MarsSat4,68070.151,18329.849,78.7849%,9,
Contact STARLINK-2018 - STARLINK-31498,0.000,86400.000,0.0000%,0,
Contact STARLINK-2018 - STARLINK-3550,0.000,86400.000,0.0000%,0,
Contact STARLINK-2018 - STARLINK-30345,0.000,86400.000,0.0000%,0,
Contact STARLINK-2018 - STARLINK-31116,12440.262,73959.738,14.3985%,5,
Contact STARLINK-2018 - STARLINK-1107,1561.437,84838.563,1.8072%,2,
Contact STARLINK-2018 - STARLINK-1351,0.000,86400.000,0.0000%,0,
Contact STARLINK-2018 - STARLINK-31971,1385.833,85014.167,1.6040%,2,
Contact STARLINK-2018 - STARLINK-32134,1379.813,85020.187,1.5970%,1,
Contact STARLINK-2018 - STARLINK-31430,6012.211,80387.789,6.9586%,4,
Contact STARLINK-2018 - STARLINK-5969,6866.290,79533.710,7.9471%,6,
Contact STARLINK-2018 - STARLINK-31085,200.682,86199.318,0.2323%,1,
Contact STARLINK-2018 - STARLINK-2635,0.000,86400.000,0.0000%,0,
Contact STARLINK-2018 - STARLINK-5155,58556.602,27843.398,67.7738%,7,
Contact STARLINK-2018 - STARLINK-3295,0.000,86400.000,0.0000%,0,
Contact STARLINK-2018 - STARLINK-30610,0.000,86400.000,0.0000%,0,
Contact STARLINK-2018 - STARLINK-3050,0.000,86400.000,0.0000%,0,
Contact STARLINK-2018 - STARLINK-31138,47837.764,38562.236,55.3678%,2,
Contact STARLINK-2018 - STARLINK-30255,0.000,86400.000,0.0000%,0,
Contact STARLINK-2018 - STARLINK-2736,0.000,86400.000,0.0000%,0,
Contact STARLINK-2018 - STARLINK-5960,21678.975,64721.025,25.0914%,6,
Contact STARLINK-2018 - STARLINK-4170,0.000,86400.000,0.0000%,0,
Contact STARLINK-2018 - STARLINK-31673,8407.991,77992.009,9.7315%,7,
Contact STARLINK-2018 - STARLINK-32223,0.000,86400.000,0.0000%,0,
Contact STARLINK-2018 - STARLINK-5061,0.000,86400.000,0.0000%,0,
Contact STARLINK-2018 - STARLINK-2127,86400.000,0.000,100.0000%,1,
Contact STARLINK-2018 - STARLINK-30756,40859.153,45540.847,47.2907%,4,
Contact STARLINK-2018 - STARLINK-1580,82475.488,3924.512,95.4577%,7,
Contact STARLINK-2018 - STARLINK-31812,7539.681,78860.319,8.7265%,2,
Contact STARLINK-2018 - STARLINK-31931,0.000,86400.000,0.0000%,0,
Contact STARLINK-2018 - STARLINK-2658,0.000,86400.000,0.0000%,0,
Contact STARLINK-2018 - STARLINK-5952,0.000,86400.000,0.0000%,0,
Contact STARLINK-2018 - STARLINK-1323,86400.000,0.000,100.0000%,1,
Contact STARLINK-2018 - STARLINK-3601,0.000,86400.000,0.0000%,0,
Contact STARLINK-2018 - STARLINK-3603,0.000,86400.000,0.0000%,0,
Contact STARLINK-2018 - STARLINK-3969,8188.268,78211.732,9.4772%,7,
Contact STARLINK-2018 - STARLINK-4201,77727.703,8672.297,89.9626%,7,
Contact STARLINK-2018 - STARLINK-31060,1517.083,84882.917,1.7559%,2,
Contact STARLINK-2018 - STARLINK-5972,0.000,86400.000,0.0000%,0,
Contact STARLINK-2018 - STARLINK-2047,0.000,86400.000,0.0000%,0,
Contact STARLINK-2018 - STARLINK-30145,0.000,86400.000,0.0000%,0,
Contact STARLINK-2018 - STARLINK-32210,21279.017,65120.983,24.6285%,5,
Contact STARLINK-2018 - STARLINK-30549,0.000,86400.000,0.0000%,0,
Contact STARLINK-2018 - STARLINK-1463,1593.944,84806.056,1.8448%,3,
Contact STARLINK-2018 - STARLINK-6241,0.000,86400.000,0.0000%,0,
Contact STARLINK-2018 - STARLINK-30486,0.000,86400.000,0.0000%,0,
Contact STARLINK-2018 - STARLINK-5565,0.000,86400.000,0.0000%,0,
Contact STARLINK-2018 - STARLINK-31530,41305.454,45094.546,47.8072%,5,
Contact STARLINK-2018 - STARLINK-1227,0.000,86400.000,0.0000%,0,
Contact STARLINK-2018 - STARLINK-5093,0.000,86400.000,0.0000%,0,
Contact STARLINK-2018 - STARLINK-2556,0.000,86400.000,0.0000%,0,
Contact STARLINK-2018 - STARLINK-5591,74664.123,11735.877,86.4168%,1,
Contact STARLINK-2018 - STARLINK-1073,0.000,86400.000,0.0000%,0,
Contact STARLINK-2018 - STARLINK-32088,18154.541,68245.459,21.0122%,3,
Contact STARLINK-2018 - STARLINK-5829,64222.506,22177.494,74.3316%,5,
Contact STARLINK-2018 - STARLINK-3325,11582.679,74817.321,13.4059%,7,
Contact STARLINK-2018 - STARLINK-5850,52278.035,34121.965,60.5070%,6,
Contact STARLINK-2018 - STARLINK-31979,0.000,86400.000,0.0000%,0,
Contact STARLINK-2018 - STARLINK-31939,29519.412,56880.588,34.1660%,1,
Contact STARLINK-2018 - STARLINK-2424,0.000,86400.000,0.0000%,0,
Contact STARLINK-2018 - STARLINK-30754,0.000,86400.000,0.0000%,0,
Contact STARLINK-2018 - STARLINK-3832,0.000,86400.000,0.0000%,0,
Contact STARLINK-2018 - STARLINK-5453,0.000,86400.000,0.0000%,0,
Contact STARLINK-2018 - STARLINK-31082,3278.987,83121.013,3.7951%,2,
Contact STARLINK-2018 - STARLINK-4569,3257.476,83142.524,3.7702%,5,
Contact STARLINK-2018 - STARLINK-1776,0.000,86400.000,0.0000%,0,
Contact STARLINK-2018 - STARLINK-6199,0.000,86400.000,0.0000%,0,
Contact STARLINK-2018 - STARLINK-4328,4478.596,81921.404,5.1836%,6,
Contact STARLINK-2018 - STARLINK-2214,871.473,85528.527,1.0086%,3,
Contact STARLINK-2018 - STARLINK-5737,0.000,86400.000,0.0000%,0,
Contact STARLINK-2018 - STARLINK-3506,0.000,86400.000,0.0000%,0,
Contact STARLINK-2018 - STARLINK-11136 [DTC],1948.710,84451.290,2.2555%,3,
Contact STARLINK-2018 - STARLINK-31325,61921.479,24478.521,71.6684%,1,
Contact STARLINK-2018 - STARLINK-5628,0.000,86400.000,0.0000%,0,
Contact STARLINK-2018 - STARLINK-5231,0.000,86400.000,0.0000%,0,
Contact STARLINK-2018 - STARLINK-11092 [DTC],25581.485,60818.515,29.6082%,1,
Contact STARLINK-2018 - STARLINK-11072 [DTC],24591.074,61808.926,28.4619%,1,
Contact STARLINK-2018 - STARLINK-5176,0.000,86400.000,0.0000%,0,
Contact STARLINK-2018 - STARLINK-2042,0.000,86400.000,0.0000%,0,
Contact STARLINK-2018 - STARLINK-5503,1794.793,84605.207,2.0773%,4,
Contact STARLINK-2018 - STARLINK-6319,60531.632,25868.368,70.0598%,2,
Contact STARLINK-2018 - STARLINK-4522,0.000,86400.000,0.0000%,0,
Contact STARLINK-2018 - MoonARTEMIS1,69058.437,17341.563,79.9287%,8,
Contact STARLINK-2018 - MoonARTEMIS2,67690.157,18709.843,78.3451%,9,
Contact STARLINK-2018 - MoonIOAGEO,61420.966,24979.034,71.0891%,9,
Contact STARLINK-2018 - MoonIOAGNO,69392.680,17007.320,80.3156%,9,
Contact STARLINK-2018 - MoonIOAGNO 0001,69386.693,17013.307,80.3087%,9,
Contact STARLINK-2018 - MoonIOAGSO,68280.605,18119.395,79.0285%,9,
Contact STARLINK-2018 - MoonIOAGSO 0001,71477.472,14922.528,82.7286%,8,
Contact STARLINK-2018 - MoonLRO,31797.543,54602.457,36.8027%,8,
Contact STARLINK-2018 - MarsSat1,67587.798,18812.202,78.2266%,10,
Contact STARLINK-2018 - MarsSat2,67587.539,18812.461,78.2263%,10,
Contact STARLINK-2018 - MarsSat3,67587.726,18812.274,78.2265%,10,
Contact STARLINK-2018 - MarsSat4,67587.768,18812.232,78.2266%,10,
Contact STARLINK-31498 - STARLINK-3550,6041.510,80358.490,6.9925%,4,
Contact STARLINK-31498 - STARLINK-30345,17633.202,68766.798,20.4088%,1,
Contact STARLINK-31498 - STARLINK-31116,0.000,86400.000,0.0000%,0,
Contact STARLINK-31498 - STARLINK-1107,0.000,86400.000,0.0000%,0,
Contact STARLINK-31498 - STARLINK-1351,60714.836,25685.164,70.2718%,1,
Contact STARLINK-31498 - STARLINK-31971,0.000,86400.000,0.0000%,0,
Contact STARLINK-31498 - STARLINK-32134,60554.898,25845.102,70.0867%,8,
Contact STARLINK-31498 - STARLINK-31430,0.000,86400.000,0.0000%,0,
Contact STARLINK-31498 - STARLINK-5969,0.000,86400.000,0.0000%,0,
Contact STARLINK-31498 - STARLINK-31085,17911.444,68488.556,20.7308%,1,
Contact STARLINK-31498 - STARLINK-2635,25456.244,60943.756,29.4632%,1,
Contact STARLINK-31498 - STARLINK-5155,0.000,86400.000,0.0000%,0,
Contact STARLINK-31498 - STARLINK-3295,4234.256,82165.744,4.9008%,5,
Contact STARLINK-31498 - STARLINK-30610,46560.719,39839.281,53.8897%,3,
Contact STARLINK-31498 - STARLINK-3050,12356.563,74043.437,14.3016%,4,
Contact STARLINK-31498 - STARLINK-31138,0.000,86400.000,0.0000%,0,
Contact STARLINK-31498 - STARLINK-30255,22571.538,63828.462,26.1245%,1,
Contact STARLINK-31498 - STARLINK-2736,0.000,86400.000,0.0000%,0,
Contact STARLINK-31498 - STARLINK-5960,0.000,86400.000,0.0000%,0,
Contact STARLINK-31498 - STARLINK-4170,664.030,85735.970,0.7686%,1,
Contact STARLINK-31498 - STARLINK-31673,0.000,86400.000,0.0000%,0,
Contact STARLINK-31498 - STARLINK-32223,2482.891,83917.109,2.8737%,3,
Contact STARLINK-31498 - STARLINK-5061,0.000,86400.000,0.0000%,0,
Contact STARLINK-31498 - STARLINK-2127,0.000,86400.000,0.0000%,0,
Contact STARLINK-31498 - STARLINK-30756,0.000,86400.000,0.0000%,0,
Contact STARLINK-31498 - STARLINK-1580,0.000,86400.000,0.0000%,0,
Contact STARLINK-31498 - STARLINK-31812,0.000,86400.000,0.0000%,0,
Contact STARLINK-31498 - STARLINK-31931,6202.495,80197.505,7.1788%,7,
Contact STARLINK-31498 - STARLINK-2658,4262.087,82137.913,4.9330%,5,
Contact STARLINK-31498 - STARLINK-5952,10168.052,76231.948,11.7686%,2,
Contact STARLINK-31498 - STARLINK-1323,0.000,86400.000,0.0000%,0,
Contact STARLINK-31498 - STARLINK-3601,52565.410,33834.590,60.8396%,3,
Contact STARLINK-31498 - STARLINK-3603,53368.724,33031.276,61.7694%,3,
Contact STARLINK-31498 - STARLINK-3969,0.000,86400.000,0.0000%,0,
Contact STARLINK-31498 - STARLINK-4201,0.000,86400.000,0.0000%,0,
Contact STARLINK-31498 - STARLINK-31060,0.000,86400.000,0.0000%,0,
Contact STARLINK-31498 - STARLINK-5972,0.000,86400.000,0.0000%,0,
Contact STARLINK-31498 - STARLINK-2047,508.751,85891.249,0.5888%,1,
Contact STARLINK-31498 - STARLINK-30145,12246.561,74153.439,14.1743%,4,
Contact STARLINK-31498 - STARLINK-32210,0.000,86400.000,0.0000%,0,
Contact STARLINK-31498 - STARLINK-30549,1170.960,85229.040,1.3553%,2,
Contact STARLINK-31498 - STARLINK-1463,649.998,85750.002,0.7523%,1,
Contact STARLINK-31498 - STARLINK-6241,43580.256,42819.744,50.4401%,3,
Contact STARLINK-31498 - STARLINK-30486,3570.768,82829.232,4.1328%,2,
Contact STARLINK-31498 - STARLINK-5565,17096.763,69303.237,19.7879%,3,
Contact STARLINK-31498 - STARLINK-31530,0.000,86400.000,0.0000%,0,
Contact STARLINK-31498 - STARLINK-1227,48614.201,37785.799,56.2664%,1,
Contact STARLINK-31498 - STARLINK-5093,0.000,86400.000,0.0000%,0,
Contact STARLINK-31498 - STARLINK-2556,14391.288,72008.712,16.6566%,3,
Contact STARLINK-31498 - STARLINK-5591,0.000,86400.000,0.0000%,0,
Contact STARLINK-31498 - STARLINK-1073,55180.760,31219.240,63.8666%,1,
Contact STARLINK-31498 - STARLINK-32088,0.000,86400.000,0.0000%,0,
Contact STARLINK-31498 - STARLINK-5829,0.000,86400.000,0.0000%,0,
Contact STARLINK-31498 - STARLINK-3325,0.000,86400.000,0.0000%,0,
Contact STARLINK-31498 - STARLINK-5850,0.000,86400.000,0.0000%,0,
Contact STARLINK-31498 - STARLINK-31979,9448.195,76951.805,10.9354%,5,
Contact STARLINK-31498 - STARLINK-31939,0.000,86400.000,0.0000%,0,
Contact STARLINK-31498 - STARLINK-2424,0.000,86400.000,0.0000%,0,
Contact STARLINK-31498 - STARLINK-30754,10739.567,75660.433,12.4301%,1,
Contact STARLINK-31498 - STARLINK-3832,11084.769,75315.231,12.8296%,6,
Contact STARLINK-31498 - STARLINK-5453,0.000,86400.000,0.0000%,0,
Contact STARLINK-31498 - STARLINK-31082,0.000,86400.000,0.0000%,0,
Contact STARLINK-31498 - STARLINK-4569,0.000,86400.000,0.0000%,0,
Contact STARLINK-31498 - STARLINK-1776,11142.695,75257.305,12.8966%,6,
Contact STARLINK-31498 - STARLINK-6199,32025.319,54374.681,37.0663%,5,
Contact STARLINK-31498 - STARLINK-4328,0.000,86400.000,0.0000%,0,
Contact STARLINK-31498 - STARLINK-2214,111.646,86288.354,0.1292%,1,
Contact STARLINK-31498 - STARLINK-5737,1701.268,84698.732,1.9691%,2,
Contact STARLINK-31498 - STARLINK-3506,37145.886,49254.114,42.9929%,5,
Contact STARLINK-31498 - STARLINK-11136 [DTC],1205.971,85194.029,1.3958%,2,
Contact STARLINK-31498 - STARLINK-31325,0.000,86400.000,0.0000%,0,
Contact STARLINK-31498 - STARLINK-5628,8385.814,78014.186,9.7058%,3,
Contact STARLINK-31498 - STARLINK-5231,0.000,86400.000,0.0000%,0,
Contact STARLINK-31498 - STARLINK-11092 [DTC],0.000,86400.000,0.0000%,0,
Contact STARLINK-31498 - STARLINK-11072 [DTC],0.000,86400.000,0.0000%,0,
Contact STARLINK-31498 - STARLINK-5176,40385.775,46014.225,46.7428%,1,
Contact STARLINK-31498 - STARLINK-2042,14552.176,71847.824,16.8428%,2,
Contact STARLINK-31498 - STARLINK-5503,0.000,86400.000,0.0000%,0,
Contact STARLINK-31498 - STARLINK-6319,819.515,85580.485,0.9485%,1,
Contact STARLINK-31498 - STARLINK-4522,8852.627,77547.373,10.2461%,4,
Contact STARLINK-31498 - MoonARTEMIS1,65909.027,20490.973,76.2836%,9,
Contact STARLINK-31498 - MoonARTEMIS2,69751.836,16648.164,80.7313%,9,
Contact STARLINK-31498 - MoonIOAGEO,63295.800,23104.200,73.2590%,9,
Contact STARLINK-31498 - MoonIOAGNO,71199.617,15200.383,82.4070%,9,
Contact STARLINK-31498 - MoonIOAGNO 0001,71188.930,15211.070,82.3946%,9,
Contact STARLINK-31498 - MoonIOAGSO,69913.023,16486.977,80.9179%,9,
Contact STARLINK-31498 - MoonIOAGSO 0001,69418.322,16981.678,80.3453%,9,
Contact STARLINK-31498 - MoonLRO,21205.386,65194.614,24.5433%,8,
Contact STARLINK-31498 - MarsSat1,61670.743,24729.257,71.3782%,9,
Contact STARLINK-31498 - MarsSat2,61670.884,24729.116,71.3783%,9,
Contact STARLINK-31498 - MarsSat3,61670.807,24729.193,71.3782%,9,
Contact STARLINK-31498 - MarsSat4,61670.746,24729.254,71.3782%,9,
Contact STARLINK-3550 - STARLINK-30345,4076.454,82323.546,4.7181%,6,
Contact STARLINK-3550 - STARLINK-31116,0.000,86400.000,0.0000%,0,
Contact STARLINK-3550 - STARLINK-1107,5014.910,81385.090,5.8043%,3,
Contact STARLINK-3550 - STARLINK-1351,2308.798,84091.202,2.6722%,5,
Contact STARLINK-3550 - STARLINK-31971,0.000,86400.000,0.0000%,0,
Contact STARLINK-3550 - STARLINK-32134,0.000,86400.000,0.0000%,0,
Contact STARLINK-3550 - STARLINK-31430,0.000,86400.000,0.0000%,0,
Contact STARLINK-3550 - STARLINK-5969,0.000,86400.000,0.0000%,0,
Contact STARLINK-3550 - STARLINK-31085,0.000,86400.000,0.0000%,0,
Contact STARLINK-3550 - STARLINK-2635,0.000,86400.000,0.0000%,0,
Contact STARLINK-3550 - STARLINK-5155,0.000,86400.000,0.0000%,0,
Contact STARLINK-3550 - STARLINK-3295,0.000,86400.000,0.0000%,0,
Contact STARLINK-3550 - STARLINK-30610,5064.836,81335.164,5.8621%,7,
Contact STARLINK-3550 - STARLINK-3050,0.000,86400.000,0.0000%,0,
Contact STARLINK-3550 - STARLINK-31138,0.000,86400.000,0.0000%,0,
Contact STARLINK-3550 - STARLINK-30255,2408.002,83991.998,2.7870%,4,
Contact STARLINK-3550 - STARLINK-2736,0.000,86400.000,0.0000%,0,
Contact STARLINK-3550 - STARLINK-5960,0.000,86400.000,0.0000%,0,
Contact STARLINK-3550 - STARLINK-4170,86400.000,0.000,100.0000%,1,
Contact STARLINK-3550 - STARLINK-31673,0.000,86400.000,0.0000%,0,
Contact STARLINK-3550 - STARLINK-32223,3370.082,83029.918,3.9006%,4,
Contact STARLINK-3550 - STARLINK-5061,0.000,86400.000,0.0000%,0,
Contact STARLINK-3550 - STARLINK-2127,0.000,86400.000,0.0000%,0,
Contact STARLINK-3550 - STARLINK-30756,0.000,86400.000,0.0000%,0,
Contact STARLINK-3550 - STARLINK-1580,0.000,86400.000,0.0000%,0,
Contact STARLINK-3550 - STARLINK-31812,27880.108,58519.892,32.2686%,1,
Contact STARLINK-3550 - STARLINK-31931,31623.993,54776.007,36.6018%,1,
Contact STARLINK-3550 - STARLINK-2658,0.000,86400.000,0.0000%,0,
Contact STARLINK-3550 - STARLINK-5952,0.000,86400.000,0.0000%,0,
Contact STARLINK-3550 - STARLINK-1323,0.000,86400.000,0.0000%,0,
Contact STARLINK-3550 - STARLINK-3601,11269.088,75130.912,13.0429%,7,
Contact STARLINK-3550 - STARLINK-3603,11928.455,74471.545,13.8061%,7,
Contact STARLINK-3550 - STARLINK-3969,0.000,86400.000,0.0000%,0,
Contact STARLINK-3550 - STARLINK-4201,0.000,86400.000,0.0000%,0,
Contact STARLINK-3550 - STARLINK-31060,660.166,85739.834,0.7641%,1,
Contact STARLINK-3550 - STARLINK-5972,10774.939,75625.061,12.4710%,6,
Contact STARLINK-3550 - STARLINK-2047,3341.415,83058.585,3.8674%,6,
Contact STARLINK-3550 - STARLINK-30145,21215.969,65184.031,24.5555%,7,
Contact STARLINK-3550 - STARLINK-32210,0.000,86400.000,0.0000%,0,
Contact STARLINK-3550 - STARLINK-30549,24987.659,61412.341,28.9209%,4,
Contact STARLINK-3550 - STARLINK-1463,0.000,86400.000,0.0000%,0,
Contact STARLINK-3550 - STARLINK-6241,0.000,86400.000,0.0000%,0,
Contact STARLINK-3550 - STARLINK-30486,0.000,86400.000,0.0000%,0,
Contact STARLINK-3550 - STARLINK-5565,4153.164,82246.836,4.8069%,5,
Contact STARLINK-3550 - STARLINK-31530,0.000,86400.000,0.0000%,0,
Contact STARLINK-3550 - STARLINK-1227,11776.502,74623.498,13.6302%,7,
Contact STARLINK-3550 - STARLINK-5093,7958.416,78441.584,9.2111%,6,
Contact STARLINK-3550 - STARLINK-2556,12145.547,74254.453,14.0573%,6,
Contact STARLINK-3550 - STARLINK-5591,0.000,86400.000,0.0000%,0,
Contact STARLINK-3550 - STARLINK-1073,8518.695,77881.305,9.8596%,7,
Contact STARLINK-3550 - STARLINK-32088,249.319,86150.681,0.2886%,1,
Contact STARLINK-3550 - STARLINK-5829,2603.867,83796.133,3.0137%,5,
Contact STARLINK-3550 - STARLINK-3325,0.000,86400.000,0.0000%,0,
Contact STARLINK-3550 - STARLINK-5850,0.000,86400.000,0.0000%,0,
Contact STARLINK-3550 - STARLINK-31979,11765.719,74634.281,13.6177%,3,
Contact STARLINK-3550 - STARLINK-31939,0.000,86400.000,0.0000%,0,
Contact STARLINK-3550 - STARLINK-2424,0.000,86400.000,0.0000%,0,
Contact STARLINK-3550 - STARLINK-30754,4599.624,81800.376,5.3236%,6,
Contact STARLINK-3550 - STARLINK-3832,64835.778,21564.222,75.0414%,7,
Contact STARLINK-3550 - STARLINK-5453,0.000,86400.000,0.0000%,0,
Contact STARLINK-3550 - STARLINK-31082,0.000,86400.000,0.0000%,0,
Contact STARLINK-3550 - STARLINK-4569,0.000,86400.000,0.0000%,0,
Contact STARLINK-3550 - STARLINK-1776,74679.920,11720.080,86.4351%,7,
Contact STARLINK-3550 - STARLINK-6199,0.000,86400.000,0.0000%,0,
Contact STARLINK-3550 - STARLINK-4328,0.000,86400.000,0.0000%,0,
Contact STARLINK-3550 - STARLINK-2214,0.000,86400.000,0.0000%,0,
Contact STARLINK-3550 - STARLINK-5737,0.000,86400.000,0.0000%,0,
Contact STARLINK-3550 - STARLINK-3506,8638.474,77761.526,9.9982%,7,
Contact STARLINK-3550 - STARLINK-11136 [DTC],11301.399,75098.601,13.0803%,1,
Contact STARLINK-3550 - STARLINK-31325,0.000,86400.000,0.0000%,0,
Contact STARLINK-3550 - STARLINK-5628,0.000,86400.000,0.0000%,0,
Contact STARLINK-3550 - STARLINK-5231,0.000,86400.000,0.0000%,0,
Contact STARLINK-3550 - STARLINK-11092 [DTC],2735.432,83664.568,3.1660%,3,
Contact STARLINK-3550 - STARLINK-11072 [DTC],391.495,86008.505,0.4531%,1,
Contact STARLINK-3550 - STARLINK-5176,2884.115,83515.885,3.3381%,5,
Contact STARLINK-3550 - STARLINK-2042,0.000,86400.000,0.0000%,0,
Contact STARLINK-3550 - STARLINK-5503,0.000,86400.000,0.0000%,0,
Contact STARLINK-3550 - STARLINK-6319,0.000,86400.000,0.0000%,0,
Contact STARLINK-3550 - STARLINK-4522,24098.633,62301.367,27.8919%,6,
Contact STARLINK-3550 - MoonARTEMIS1,66371.845,20028.155,76.8193%,9,
Contact STARLINK-3550 - MoonARTEMIS2,68932.583,17467.417,79.7831%,10,
Contact STARLINK-3550 - MoonIOAGEO,63522.122,22877.878,73.5210%,9,
Contact STARLINK-3550 - MoonIOAGNO,69764.856,16635.144,80.7464%,10,
Contact STARLINK-3550 - MoonIOAGNO 0001,69758.069,16641.931,80.7385%,10,
Contact STARLINK-3550 - MoonIOAGSO,68761.791,17638.209,79.5854%,10,
Contact STARLINK-3550 - MoonIOAGSO 0001,67894.900,18505.100,78.5821%,10,
Contact STARLINK-3550 - MoonLRO,28456.448,57943.552,32.9357%,9,
Contact STARLINK-3550 - MarsSat1,71200.571,15199.429,82.4081%,8,
Contact STARLINK-3550 - MarsSat2,71201.653,15198.347,82.4093%,8,
Contact STARLINK-3550 - MarsSat3,71200.754,15199.246,82.4083%,8,
Contact STARLINK-3550 - MarsSat4,71200.533,15199.467,82.4080%,8,
Contact STARLINK-30345 - STARLINK-31116,0.000,86400.000,0.0000%,0,
Contact STARLINK-30345 - STARLINK-1107,0.000,86400.000,0.0000%,0,
Contact STARLINK-30345 - STARLINK-1351,0.000,86400.000,0.0000%,0,
Contact STARLINK-30345 - STARLINK-31971,14823.652,71576.348,17.1570%,3,
Contact STARLINK-30345 - STARLINK-32134,0.000,86400.000,0.0000%,0,
Contact STARLINK-30345 - STARLINK-31430,0.000,86400.000,0.0000%,0,
Contact STARLINK-30345 - STARLINK-5969,0.000,86400.000,0.0000%,0,
Contact STARLINK-30345 - STARLINK-31085,0.000,86400.000,0.0000%,0,
Contact STARLINK-30345 - STARLINK-2635,0.000,86400.000,0.0000%,0,
Contact STARLINK-30345 - STARLINK-5155,0.000,86400.000,0.0000%,0,
Contact STARLINK-30345 - STARLINK-3295,0.000,86400.000,0.0000%,0,
Contact STARLINK-30345 - STARLINK-30610,0.000,86400.000,0.0000%,0,
Contact STARLINK-30345 - STARLINK-3050,3906.033,82493.967,4.5209%,6,
Contact STARLINK-30345 - STARLINK-31138,0.000,86400.000,0.0000%,0,
Contact STARLINK-30345 - STARLINK-30255,86400.000,0.000,100.0000%,1,
Contact STARLINK-30345 - STARLINK-2736,0.000,86400.000,0.0000%,0,
Contact STARLINK-30345 - STARLINK-5960,0.000,86400.000,0.0000%,0,
Contact STARLINK-30345 - STARLINK-4170,6058.416,80341.584,7.0121%,7,
Contact STARLINK-30345 - STARLINK-31673,0.000,86400.000,0.0000%,0,
Contact STARLINK-30345 - STARLINK-32223,45739.318,40660.682,52.9390%,1,
Contact STARLINK-30345 - STARLINK-5061,86400.000,0.000,100.0000%,1,
Contact STARLINK-30345 - STARLINK-2127,0.000,86400.000,0.0000%,0,
Contact STARLINK-30345 - STARLINK-30756,0.000,86400.000,0.0000%,0,
Contact STARLINK-30345 - STARLINK-1580,0.000,86400.000,0.0000%,0,
Contact STARLINK-30345 - STARLINK-31812,6176.667,80223.333,7.1489%,4,
Contact STARLINK-30345 - STARLINK-31931,393.869,86006.131,0.4559%,1,
Contact STARLINK-30345 - STARLINK-2658,0.000,86400.000,0.0000%,0,
Contact STARLINK-30345 - STARLINK-5952,86400.000,0.000,100.0000%,1,
Contact STARLINK-30345 - STARLINK-1323,0.000,86400.000,0.0000%,0,
Contact STARLINK-30345 - STARLINK-3601,0.000,86400.000,0.0000%,0,
Contact STARLINK-30345 - STARLINK-3603,0.000,86400.000,0.0000%,0,
Contact STARLINK-30345 - STARLINK-3969,0.000,86400.000,0.0000%,0,
Contact STARLINK-30345 - STARLINK-4201,0.000,86400.000,0.0000%,0,
Contact STARLINK-30345 - STARLINK-31060,17260.322,69139.678,19.9772%,2,
Contact STARLINK-30345 - STARLINK-5972,0.000,86400.000,0.0000%,0,
Contact STARLINK-30345 - STARLINK-2047,86400.000,0.000,100.0000%,1,
Contact STARLINK-30345 - STARLINK-30145,8359.503,78040.497,9.6754%,6,
Contact STARLINK-30345 - STARLINK-32210,0.000,86400.000,0.0000%,0,
Contact STARLINK-30345 - STARLINK-30549,10594.635,75805.365,12.2623%,5,
Contact STARLINK-30345 - STARLINK-1463,5818.702,80581.298,6.7346%,6,
Contact STARLINK-30345 - STARLINK-6241,0.000,86400.000,0.0000%,0,
Contact STARLINK-30345 - STARLINK-30486,86400.000,0.000,100.0000%,1,
Contact STARLINK-30345 - STARLINK-5565,43055.014,43344.986,49.8322%,7,
Contact STARLINK-30345 - STARLINK-31530,0.000,86400.000,0.0000%,0,
Contact STARLINK-30345 - STARLINK-1227,32850.353,53549.647,38.0212%,1,
Contact STARLINK-30345 - STARLINK-5093,0.000,86400.000,0.0000%,0,
Contact STARLINK-30345 - STARLINK-2556,49815.771,36584.229,57.6571%,7,
Contact STARLINK-30345 - STARLINK-5591,0.000,86400.000,0.0000%,0,
Contact STARLINK-30345 - STARLINK-1073,0.000,86400.000,0.0000%,0,
Contact STARLINK-30345 - STARLINK-32088,0.000,86400.000,0.0000%,0,
Contact STARLINK-30345 - STARLINK-5829,0.000,86400.000,0.0000%,0,
Contact STARLINK-30345 - STARLINK-3325,0.000,86400.000,0.0000%,0,
Contact STARLINK-30345 - STARLINK-5850,0.000,86400.000,0.0000%,0,
Contact STARLINK-30345 - STARLINK-31979,21258.699,65141.301,24.6050%,4,
Contact STARLINK-30345 - STARLINK-31939,0.000,86400.000,0.0000%,0,
Contact STARLINK-30345 - STARLINK-2424,17918.598,68481.402,20.7391%,6,
Contact STARLINK-30345 - STARLINK-30754,86400.000,0.000,100.0000%,1,
Contact STARLINK-30345 - STARLINK-3832,0.000,86400.000,0.0000%,0,
Contact STARLINK-30345 - STARLINK-5453,0.000,86400.000,0.0000%,0,
Contact STARLINK-30345 - STARLINK-31082,0.000,86400.000,0.0000%,0,
Contact STARLINK-30345 - STARLINK-4569,0.000,86400.000,0.0000%,0,
Contact STARLINK-30345 - STARLINK-1776,0.000,86400.000,0.0000%,0,
Contact STARLINK-30345 - STARLINK-6199,0.000,86400.000,0.0000%,0,
Contact STARLINK-30345 - STARLINK-4328,0.000,86400.000,0.0000%,0,
Contact STARLINK-30345 - STARLINK-2214,0.000,86400.000,0.0000%,0,
Contact STARLINK-30345 - STARLINK-5737,25254.716,61145.284,29.2300%,6,
Contact STARLINK-30345 - STARLINK-3506,0.000,86400.000,0.0000%,0,
Contact STARLINK-30345 - STARLINK-11136 [DTC],0.000,86400.000,0.0000%,0,
Contact STARLINK-30345 - STARLINK-31325,0.000,86400.000,0.0000%,0,
Contact STARLINK-30345 - STARLINK-5628,0.000,86400.000,0.0000%,0,
Contact STARLINK-30345 - STARLINK-5231,4121.742,82278.258,4.7705%,2,
Contact STARLINK-30345 - STARLINK-11092 [DTC],11274.892,75125.108,13.0496%,2,
Contact STARLINK-30345 - STARLINK-11072 [DTC],13002.823,73397.177,15.0496%,1,
Contact STARLINK-30345 - STARLINK-5176,0.000,86400.000,0.0000%,0,
Contact STARLINK-30345 - STARLINK-2042,0.000,86400.000,0.0000%,0,
Contact STARLINK-30345 - STARLINK-5503,496.521,85903.479,0.5747%,2,
Contact STARLINK-30345 - STARLINK-6319,0.000,86400.000,0.0000%,0,
Contact STARLINK-30345 - STARLINK-4522,12043.784,74356.216,13.9396%,7,
Contact STARLINK-30345 - MoonARTEMIS1,69979.315,16420.685,80.9946%,9,
Contact STARLINK-30345 - MoonARTEMIS2,70777.103,15622.897,81.9179%,9,
Contact STARLINK-30345 - MoonIOAGEO,62297.141,24102.859,72.1032%,9,
Contact STARLINK-30345 - MoonIOAGNO,70854.002,15545.998,82.0069%,9,
Contact STARLINK-30345 - MoonIOAGNO 0001,70844.247,15555.753,81.9957%,9,
Contact STARLINK-30345 - MoonIOAGSO,68773.699,17626.301,79.5992%,9,
Contact STARLINK-30345 - MoonIOAGSO 0001,68375.518,18024.482,79.1383%,9,
Contact STARLINK-30345 - MoonLRO,32760.328,53639.672,37.9170%,7,
Contact STARLINK-30345 - MarsSat1,67617.076,18782.924,78.2605%,10,
Contact STARLINK-30345 - MarsSat2,67617.327,18782.673,78.2608%,10,
Contact STARLINK-30345 - MarsSat3,67617.143,18782.857,78.2606%,10,
Contact STARLINK-30345 - MarsSat4,67617.108,18782.892,78.2605%,10,
Contact STARLINK-31116 - STARLINK-1107,0.000,86400.000,0.0000%,0,
Contact STARLINK-31116 - STARLINK-1351,0.000,86400.000,0.0000%,0,
Contact STARLINK-31116 - STARLINK-31971,352.249,86047.751,0.4077%,1,
Contact STARLINK-31116 - STARLINK-32134,0.000,86400.000,0.0000%,0,
Contact STARLINK-31116 - STARLINK-31430,2382.675,84017.325,2.7577%,3,
Contact STARLINK-31116 - STARLINK-5969,60676.606,25723.394,70.2276%,1,
Contact STARLINK-31116 - STARLINK-31085,0.000,86400.000,0.0000%,0,
Contact STARLINK-31116 - STARLINK-2635,0.000,86400.000,0.0000%,0,
Contact STARLINK-31116 - STARLINK-5155,70049.900,16350.100,81.0763%,1,
Contact STARLINK-31116 - STARLINK-3295,0.000,86400.000,0.0000%,0,
Contact STARLINK-31116 - STARLINK-30610,0.000,86400.000,0.0000%,0,
Contact STARLINK-31116 - STARLINK-3050,0.000,86400.000,0.0000%,0,
Contact STARLINK-31116 - STARLINK-31138,15314.728,71085.272,17.7254%,7,
Contact STARLINK-31116 - STARLINK-30255,0.000,86400.000,0.0000%,0,
Contact STARLINK-31116 - STARLINK-2736,8238.317,78161.683,9.5351%,6,
Contact STARLINK-31116 - STARLINK-5960,61421.968,24978.032,71.0902%,1,
Contact STARLINK-31116 - STARLINK-4170,0.000,86400.000,0.0000%,0,
Contact STARLINK-31116 - STARLINK-31673,6327.427,80072.573,7.3234%,7,
Contact STARLINK-31116 - STARLINK-32223,0.000,86400.000,0.0000%,0,
Contact STARLINK-31116 - STARLINK-5061,16435.654,69964.346,19.0227%,1,
Contact STARLINK-31116 - STARLINK-2127,43433.159,42966.841,50.2699%,2,
Contact STARLINK-31116 - STARLINK-30756,78258.445,8141.555,90.5769%,1,
Contact STARLINK-31116 - STARLINK-1580,6153.766,80246.234,7.1224%,5,
Contact STARLINK-31116 - STARLINK-31812,1045.572,85354.428,1.2102%,3,
Contact STARLINK-31116 - STARLINK-31931,0.000,86400.000,0.0000%,0,
Contact STARLINK-31116 - STARLINK-2658,0.000,86400.000,0.0000%,0,
Contact STARLINK-31116 - STARLINK-5952,0.000,86400.000,0.0000%,0,
Contact STARLINK-31116 - STARLINK-1323,24249.847,62150.153,28.0670%,6,
Contact STARLINK-31116 - STARLINK-3601,0.000,86400.000,0.0000%,0,
Contact STARLINK-31116 - STARLINK-3603,0.000,86400.000,0.0000%,0,
Contact STARLINK-31116 - STARLINK-3969,7905.186,78494.814,9.1495%,6,
Contact STARLINK-31116 - STARLINK-4201,76180.605,10219.395,88.1720%,1,
Contact STARLINK-31116 - STARLINK-31060,11746.132,74653.868,13.5951%,2,
Contact STARLINK-31116 - STARLINK-5972,8424.399,77975.601,9.7505%,7,
Contact STARLINK-31116 - STARLINK-2047,6396.901,80003.099,7.4038%,1,
Contact STARLINK-31116 - STARLINK-30145,0.000,86400.000,0.0000%,0,
Contact STARLINK-31116 - STARLINK-32210,86400.000,0.000,100.0000%,1,
Contact STARLINK-31116 - STARLINK-30549,0.000,86400.000,0.0000%,0,
Contact STARLINK-31116 - STARLINK-1463,679.510,85720.490,0.7865%,1,
Contact STARLINK-31116 - STARLINK-6241,0.000,86400.000,0.0000%,0,
Contact STARLINK-31116 - STARLINK-30486,0.000,86400.000,0.0000%,0,
Contact STARLINK-31116 - STARLINK-5565,309.598,86090.402,0.3583%,1,
Contact STARLINK-31116 - STARLINK-31530,1919.086,84480.914,2.2212%,3,
Contact STARLINK-31116 - STARLINK-1227,0.000,86400.000,0.0000%,0,
Contact STARLINK-31116 - STARLINK-5093,7727.487,78672.513,8.9439%,6,
Contact STARLINK-31116 - STARLINK-2556,0.000,86400.000,0.0000%,0,
Contact STARLINK-31116 - STARLINK-5591,22159.625,64240.375,25.6477%,4,
Contact STARLINK-31116 - STARLINK-1073,0.000,86400.000,0.0000%,0,
Contact STARLINK-31116 - STARLINK-32088,0.000,86400.000,0.0000%,0,
Contact STARLINK-31116 - STARLINK-5829,2930.719,83469.281,3.3920%,3,
Contact STARLINK-31116 - STARLINK-3325,3302.729,83097.271,3.8226%,5,
Contact STARLINK-31116 - STARLINK-5850,69108.937,17291.063,79.9872%,1,
Contact STARLINK-31116 - STARLINK-31979,0.000,86400.000,0.0000%,0,
Contact STARLINK-31116 - STARLINK-31939,0.000,86400.000,0.0000%,0,
Contact STARLINK-31116 - STARLINK-2424,0.000,86400.000,0.0000%,0,
Contact STARLINK-31116 - STARLINK-30754,96.581,86303.419,0.1118%,1,
Contact STARLINK-31116 - STARLINK-3832,0.000,86400.000,0.0000%,0,
Contact STARLINK-31116 - STARLINK-5453,57212.537,29187.463,66.2182%,3,
Contact STARLINK-31116 - STARLINK-31082,57473.727,28926.273,66.5205%,5,
Contact STARLINK-31116 - STARLINK-4569,36388.725,50011.275,42.1166%,6,
Contact STARLINK-31116 - STARLINK-1776,0.000,86400.000,0.0000%,0,
Contact STARLINK-31116 - STARLINK-6199,0.000,86400.000,0.0000%,0,
Contact STARLINK-31116 - STARLINK-4328,8030.772,78369.228,9.2949%,6,
Contact STARLINK-31116 - STARLINK-2214,1887.905,84512.095,2.1851%,3,
Contact STARLINK-31116 - STARLINK-5737,0.000,86400.000,0.0000%,0,
Contact STARLINK-31116 - STARLINK-3506,0.000,86400.000,0.0000%,0,
Contact STARLINK-31116 - STARLINK-11136 [DTC],2230.568,84169.432,2.5817%,3,
Contact STARLINK-31116 - STARLINK-31325,0.000,86400.000,0.0000%,0,
Contact STARLINK-31116 - STARLINK-5628,1301.253,85098.747,1.5061%,2,
Contact STARLINK-31116 - STARLINK-5231,34648.379,51751.621,40.1023%,1,
Contact STARLINK-31116 - STARLINK-11092 [DTC],8781.044,77618.956,10.1632%,4,
Contact STARLINK-31116 - STARLINK-11072 [DTC],42705.930,43694.070,49.4282%,1,
Contact STARLINK-31116 - STARLINK-5176,0.000,86400.000,0.0000%,0,
Contact STARLINK-31116 - STARLINK-2042,0.000,86400.000,0.0000%,0,
Contact STARLINK-31116 - STARLINK-5503,12270.539,74129.461,14.2020%,3,
Contact STARLINK-31116 - STARLINK-6319,1203.819,85196.181,1.3933%,2,
Contact STARLINK-31116 - STARLINK-4522,0.000,86400.000,0.0000%,0,
Contact STARLINK-31116 - MoonARTEMIS1,74387.862,12012.138,86.0971%,7,
Contact STARLINK-31116 - MoonARTEMIS2,74991.915,11408.085,86.7962%,7,
Contact STARLINK-31116 - MoonIOAGEO,68503.416,17896.584,79.2864%,7,
Contact STARLINK-31116 - MoonIOAGNO,77258.796,9141.204,89.4199%,7,
Contact STARLINK-31116 - MoonIOAGNO 0001,77178.518,9221.482,89.3270%,7,
Contact STARLINK-31116 - MoonIOAGSO,75630.364,10769.636,87.5351%,7,
Contact STARLINK-31116 - MoonIOAGSO 0001,76823.048,9576.952,88.9156%,7,
Contact STARLINK-31116 - MoonLRO,37119.767,49280.233,42.9627%,9,
Contact STARLINK-31116 - MarsSat1,68517.785,17882.215,79.3030%,10,
Contact STARLINK-31116 - MarsSat2,68518.216,17881.784,79.3035%,10,
Contact STARLINK-31116 - MarsSat3,68517.915,17882.085,79.3031%,10,
Contact STARLINK-31116 - MarsSat4,68517.849,17882.151,79.3031%,10,
Contact STARLINK-1107 - STARLINK-1351,2312.615,84087.385,2.6766%,3,
Contact STARLINK-1107 - STARLINK-31971,0.000,86400.000,0.0000%,0,
Contact STARLINK-1107 - STARLINK-32134,5425.530,80974.470,6.2795%,7,
Contact STARLINK-1107 - STARLINK-31430,65185.176,21214.824,75.4458%,1,
Contact STARLINK-1107 - STARLINK-5969,8857.366,77542.634,10.2516%,1,
Contact STARLINK-1107 - STARLINK-31085,4056.979,82343.021,4.6956%,5,
Contact STARLINK-1107 - STARLINK-2635,13267.529,73132.471,15.3559%,5,
Contact STARLINK-1107 - STARLINK-5155,10872.046,75527.954,12.5834%,3,
Contact STARLINK-1107 - STARLINK-3295,10340.799,76059.201,11.9685%,5,
Contact STARLINK-1107 - STARLINK-30610,28955.304,57444.696,33.5131%,2,
Contact STARLINK-1107 - STARLINK-3050,2974.495,83425.505,3.4427%,4,
Contact STARLINK-1107 - STARLINK-31138,0.000,86400.000,0.0000%,0,
Contact STARLINK-1107 - STARLINK-30255,0.000,86400.000,0.0000%,0,
Contact STARLINK-1107 - STARLINK-2736,0.000,86400.000,0.0000%,0,
Contact STARLINK-1107 - STARLINK-5960,28587.467,57812.533,33.0873%,1,
Contact STARLINK-1107 - STARLINK-4170,125.739,86274.261,0.1455%,1,
Contact STARLINK-1107 - STARLINK-31673,0.000,86400.000,0.0000%,0,
Contact STARLINK-1107 - STARLINK-32223,0.000,86400.000,0.0000%,0,
Contact STARLINK-1107 - STARLINK-5061,0.000,86400.000,0.0000%,0,
Contact STARLINK-1107 - STARLINK-2127,5446.608,80953.392,6.3039%,3,
Contact STARLINK-1107 - STARLINK-30756,902.047,85497.953,1.0440%,1,
Contact STARLINK-1107 - STARLINK-1580,600.579,85799.421,0.6951%,1,
Contact STARLINK-1107 - STARLINK-31812,0.000,86400.000,0.0000%,0,
Contact STARLINK-1107 - STARLINK-31931,75132.855,11267.145,86.9593%,7,
Contact STARLINK-1107 - STARLINK-2658,13497.420,72902.580,15.6220%,5,
Contact STARLINK-1107 - STARLINK-5952,0.000,86400.000,0.0000%,0,
Contact STARLINK-1107 - STARLINK-1323,0.000,86400.000,0.0000%,0,
Contact STARLINK-1107 - STARLINK-3601,24740.984,61659.016,28.6354%,2,
Contact STARLINK-1107 - STARLINK-3603,7975.702,78424.298,9.2311%,2,
Contact STARLINK-1107 - STARLINK-3969,0.000,86400.000,0.0000%,0,
Contact STARLINK-1107 - STARLINK-4201,942.695,85457.305,1.0911%,1,
Contact STARLINK-1107 - STARLINK-31060,0.000,86400.000,0.0000%,0,
Contact STARLINK-1107 - STARLINK-5972,2757.232,83642.768,3.1912%,5,
Contact STARLINK-1107 - STARLINK-2047,0.000,86400.000,0.0000%,0,
Contact STARLINK-1107 - STARLINK-30145,3309.937,83090.063,3.8309%,1,
Contact STARLINK-1107 - STARLINK-32210,342.194,86057.806,0.3961%,1,
Contact STARLINK-1107 - STARLINK-30549,476.266,85923.734,0.5512%,1,
Contact STARLINK-1107 - STARLINK-1463,0.000,86400.000,0.0000%,0,
Contact STARLINK-1107 - STARLINK-6241,3149.714,83250.286,3.6455%,4,
Contact STARLINK-1107 - STARLINK-30486,0.000,86400.000,0.0000%,0,
Contact STARLINK-1107 - STARLINK-5565,1104.799,85295.201,1.2787%,2,
Contact STARLINK-1107 - STARLINK-31530,0.000,86400.000,0.0000%,0,
Contact STARLINK-1107 - STARLINK-1227,126.336,86273.664,0.1462%,1,
Contact STARLINK-1107 - STARLINK-5093,2178.593,84221.407,2.5215%,4,
Contact STARLINK-1107 - STARLINK-2556,663.391,85736.609,0.7678%,1,
Contact STARLINK-1107 - STARLINK-5591,1892.700,84507.300,2.1906%,3,
Contact STARLINK-1107 - STARLINK-1073,7882.472,78517.528,9.1232%,2,
Contact STARLINK-1107 - STARLINK-32088,40436.829,45963.171,46.8019%,7,
Contact STARLINK-1107 - STARLINK-5829,2400.782,83999.218,2.7787%,4,
Contact STARLINK-1107 - STARLINK-3325,0.000,86400.000,0.0000%,0,
Contact STARLINK-1107 - STARLINK-5850,13898.189,72501.811,16.0859%,3,
Contact STARLINK-1107 - STARLINK-31979,1206.138,85193.862,1.3960%,2,
Contact STARLINK-1107 - STARLINK-31939,1570.529,84829.471,1.8177%,3,
Contact STARLINK-1107 - STARLINK-2424,0.000,86400.000,0.0000%,0,
Contact STARLINK-1107 - STARLINK-30754,0.000,86400.000,0.0000%,0,
Contact STARLINK-1107 - STARLINK-3832,36638.268,49761.732,42.4054%,1,
Contact STARLINK-1107 - STARLINK-5453,0.000,86400.000,0.0000%,0,
Contact STARLINK-1107 - STARLINK-31082,0.000,86400.000,0.0000%,0,
Contact STARLINK-1107 - STARLINK-4569,21008.486,65391.514,24.3154%,3,
Contact STARLINK-1107 - STARLINK-1776,37257.123,49142.877,43.1217%,1,
Contact STARLINK-1107 - STARLINK-6199,3277.358,83122.642,3.7932%,4,
Contact STARLINK-1107 - STARLINK-4328,21808.208,64591.792,25.2410%,3,
Contact STARLINK-1107 - STARLINK-2214,1471.084,84928.916,1.7026%,2,
Contact STARLINK-1107 - STARLINK-5737,0.000,86400.000,0.0000%,0,
Contact STARLINK-1107 - STARLINK-3506,31969.966,54430.034,37.0023%,1,
Contact STARLINK-1107 - STARLINK-11136 [DTC],4921.036,81478.964,5.6956%,3,
Contact STARLINK-1107 - STARLINK-31325,3428.413,82971.587,3.9681%,4,
Contact STARLINK-1107 - STARLINK-5628,32575.516,53824.484,37.7031%,3,
Contact STARLINK-1107 - STARLINK-5231,0.000,86400.000,0.0000%,0,
Contact STARLINK-1107 - STARLINK-11092 [DTC],0.000,86400.000,0.0000%,0,
Contact STARLINK-1107 - STARLINK-11072 [DTC],511.054,85888.946,0.5915%,1,
Contact STARLINK-1107 - STARLINK-5176,24448.241,61951.759,28.2966%,4,
Contact STARLINK-1107 - STARLINK-2042,4117.233,82282.767,4.7653%,6,
Contact STARLINK-1107 - STARLINK-5503,0.000,86400.000,0.0000%,0,
Contact STARLINK-1107 - STARLINK-6319,2651.578,83748.422,3.0690%,3,
Contact STARLINK-1107 - STARLINK-4522,1622.249,84777.751,1.8776%,2,
Contact STARLINK-1107 - MoonARTEMIS1,63745.515,22654.485,73.7795%,9,
Contact STARLINK-1107 - MoonARTEMIS2,65001.985,21398.015,75.2338%,10,
Contact STARLINK-1107 - MoonIOAGEO,55553.535,30846.465,64.2981%,10,
Contact STARLINK-1107 - MoonIOAGNO,66760.776,19639.224,77.2694%,10,
Contact STARLINK-1107 - MoonIOAGNO 0001,66764.166,19635.834,77.2733%,10,
Contact STARLINK-1107 - MoonIOAGSO,65434.971,20965.029,75.7349%,10,
Contact STARLINK-1107 - MoonIOAGSO 0001,65738.130,20661.870,76.0858%,10,
Contact STARLINK-1107 - MoonLRO,18714.212,67685.788,21.6600%,6,
Contact STARLINK-1107 - MarsSat1,62151.640,24248.360,71.9348%,9,
Contact STARLINK-1107 - MarsSat2,62151.462,24248.538,71.9346%,9,
Contact STARLINK-1107 - MarsSat3,62151.738,24248.262,71.9349%,9,
Contact STARLINK-1107 - MarsSat4,62151.671,24248.329,71.9348%,9,
Contact STARLINK-1351 - STARLINK-31971,0.000,86400.000,0.0000%,0,
Contact STARLINK-1351 - STARLINK-32134,50672.925,35727.075,58.6492%,1,
Contact STARLINK-1351 - STARLINK-31430,0.000,86400.000,0.0000%,0,
Contact STARLINK-1351 - STARLINK-5969,0.000,86400.000,0.0000%,0,
Contact STARLINK-1351 - STARLINK-31085,0.000,86400.000,0.0000%,0,
Contact STARLINK-1351 - STARLINK-2635,0.000,86400.000,0.0000%,0,
Contact STARLINK-1351 - STARLINK-5155,0.000,86400.000,0.0000%,0,
Contact STARLINK-1351 - STARLINK-3295,5788.340,80611.660,6.6995%,7,
Contact STARLINK-1351 - STARLINK-30610,50429.464,35970.536,58.3674%,7,
Contact STARLINK-1351 - STARLINK-3050,15416.901,70983.099,17.8436%,4,
Contact STARLINK-1351 - STARLINK-31138,0.000,86400.000,0.0000%,0,
Contact STARLINK-1351 - STARLINK-30255,0.000,86400.000,0.0000%,0,
Contact STARLINK-1351 - STARLINK-2736,0.000,86400.000,0.0000%,0,
Contact STARLINK-1351 - STARLINK-5960,0.000,86400.000,0.0000%,0,
Contact STARLINK-1351 - STARLINK-4170,0.000,86400.000,0.0000%,0,
Contact STARLINK-1351 - STARLINK-31673,0.000,86400.000,0.0000%,0,
Contact STARLINK-1351 - STARLINK-32223,30521.573,55878.427,35.3259%,4,
Contact STARLINK-1351 - STARLINK-5061,0.000,86400.000,0.0000%,0,
Contact STARLINK-1351 - STARLINK-2127,0.000,86400.000,0.0000%,0,
Contact STARLINK-1351 - STARLINK-30756,0.000,86400.000,0.0000%,0,
Contact STARLINK-1351 - STARLINK-1580,0.000,86400.000,0.0000%,0,
Contact STARLINK-1351 - STARLINK-31812,0.000,86400.000,0.0000%,0,
Contact STARLINK-1351 - STARLINK-31931,4907.985,81492.015,5.6805%,6,
Contact STARLINK-1351 - STARLINK-2658,14562.947,71837.053,16.8553%,7,
Contact STARLINK-1351 - STARLINK-5952,0.000,86400.000,0.0000%,0,
Contact STARLINK-1351 - STARLINK-1323,0.000,86400.000,0.0000%,0,
Contact STARLINK-1351 - STARLINK-3601,49214.438,37185.562,56.9612%,7,
Contact STARLINK-1351 - STARLINK-3603,77519.581,8880.419,89.7217%,7,
Contact STARLINK-1351 - STARLINK-3969,0.000,86400.000,0.0000%,0,
Contact STARLINK-1351 - STARLINK-4201,0.000,86400.000,0.0000%,0,
Contact STARLINK-1351 - STARLINK-31060,587.226,85812.774,0.6797%,1,
Contact STARLINK-1351 - STARLINK-5972,0.000,86400.000,0.0000%,0,
Contact STARLINK-1351 - STARLINK-2047,0.000,86400.000,0.0000%,0,
Contact STARLINK-1351 - STARLINK-30145,4197.181,82202.819,4.8578%,6,
Contact STARLINK-1351 - STARLINK-32210,0.000,86400.000,0.0000%,0,
Contact STARLINK-1351 - STARLINK-30549,11459.904,74940.096,13.2638%,3,
Contact STARLINK-1351 - STARLINK-1463,0.000,86400.000,0.0000%,0,
Contact STARLINK-1351 - STARLINK-6241,86400.000,0.000,100.0000%,1,
Contact STARLINK-1351 - STARLINK-30486,0.000,86400.000,0.0000%,0,
Contact STARLINK-1351 - STARLINK-5565,0.000,86400.000,0.0000%,0,
Contact STARLINK-1351 - STARLINK-31530,0.000,86400.000,0.0000%,0,
Contact STARLINK-1351 - STARLINK-1227,86400.000,0.000,100.0000%,1,
Contact STARLINK-1351 - STARLINK-5093,0.000,86400.000,0.0000%,0,
Contact STARLINK-1351 - STARLINK-2556,0.000,86400.000,0.0000%,0,
Contact STARLINK-1351 - STARLINK-5591,0.000,86400.000,0.0000%,0,
Contact STARLINK-1351 - STARLINK-1073,86400.000,0.000,100.0000%,1,
Contact STARLINK-1351 - STARLINK-32088,17839.738,68560.262,20.6478%,2,
Contact STARLINK-1351 - STARLINK-5829,0.000,86400.000,0.0000%,0,
Contact STARLINK-1351 - STARLINK-3325,0.000,86400.000,0.0000%,0,
Contact STARLINK-1351 - STARLINK-5850,0.000,86400.000,0.0000%,0,
Contact STARLINK-1351 - STARLINK-31979,15700.333,70699.667,18.1717%,3,
Contact STARLINK-1351 - STARLINK-31939,7775.785,78624.215,8.9998%,2,
Contact STARLINK-1351 - STARLINK-2424,0.000,86400.000,0.0000%,0,
Contact STARLINK-1351 - STARLINK-30754,0.000,86400.000,0.0000%,0,
Contact STARLINK-1351 - STARLINK-3832,14929.407,71470.593,17.2794%,7,
Contact STARLINK-1351 - STARLINK-5453,0.000,86400.000,0.0000%,0,
Contact STARLINK-1351 - STARLINK-31082,0.000,86400.000,0.0000%,0,
Contact STARLINK-1351 - STARLINK-4569,0.000,86400.000,0.0000%,0,
Contact STARLINK-1351 - STARLINK-1776,11970.419,74429.581,13.8547%,7,
Contact STARLINK-1351 - STARLINK-6199,74883.335,11516.665,86.6705%,7,
Contact STARLINK-1351 - STARLINK-4328,0.000,86400.000,0.0000%,0,
Contact STARLINK-1351 - STARLINK-2214,0.000,86400.000,0.0000%,0,
Contact STARLINK-1351 - STARLINK-5737,0.000,86400.000,0.0000%,0,
Contact STARLINK-1351 - STARLINK-3506,11943.275,74456.725,13.8232%,7,
Contact STARLINK-1351 - STARLINK-11136 [DTC],2626.518,83773.482,3.0400%,4,
Contact STARLINK-1351 - STARLINK-31325,0.000,86400.000,0.0000%,0,
Contact STARLINK-1351 - STARLINK-5628,3264.180,83135.820,3.7780%,5,
Contact STARLINK-1351 - STARLINK-5231,0.000,86400.000,0.0000%,0,
Contact STARLINK-1351 - STARLINK-11092 [DTC],0.000,86400.000,0.0000%,0,
Contact STARLINK-1351 - STARLINK-11072 [DTC],2784.118,83615.882,3.2224%,1,
Contact STARLINK-1351 - STARLINK-5176,10978.745,75421.255,12.7069%,6,
Contact STARLINK-1351 - STARLINK-2042,0.000,86400.000,0.0000%,0,
Contact STARLINK-1351 - STARLINK-5503,0.000,86400.000,0.0000%,0,
Contact STARLINK-1351 - STARLINK-6319,0.000,86400.000,0.0000%,0,
Contact STARLINK-1351 - STARLINK-4522,0.000,86400.000,0.0000%,0,
Contact STARLINK-1351 - MoonARTEMIS1,71176.883,15223.117,82.3807%,7,
Contact STARLINK-1351 - MoonARTEMIS2,73484.255,12915.745,85.0512%,7,
Contact STARLINK-1351 - MoonIOAGEO,65435.263,20964.737,75.7353%,8,
Contact STARLINK-1351 - MoonIOAGNO,75361.257,11038.743,87.2237%,7,
Contact STARLINK-1351 - MoonIOAGNO 0001,75366.965,11033.035,87.2303%,7,
Contact STARLINK-1351 - MoonIOAGSO,73323.944,13076.056,84.8657%,8,
Contact STARLINK-1351 - MoonIOAGSO 0001,72102.077,14297.923,83.4515%,8,
Contact STARLINK-1351 - MoonLRO,29238.193,57161.807,33.8405%,8,
Contact STARLINK-1351 - MarsSat1,66881.885,19518.115,77.4096%,9,
Contact STARLINK-1351 - MarsSat2,66881.912,19518.088,77.4096%,9,
Contact STARLINK-1351 - MarsSat3,66881.896,19518.104,77.4096%,9,
Contact STARLINK-1351 - MarsSat4,66881.898,19518.102,77.4096%,9,
Contact STARLINK-31971 - STARLINK-32134,0.000,86400.000,0.0000%,0,
Contact STARLINK-31971 - STARLINK-31430,0.000,86400.000,0.0000%,0,
Contact STARLINK-31971 - STARLINK-5969,46326.873,40073.127,53.6191%,1,
Contact STARLINK-31971 - STARLINK-31085,0.000,86400.000,0.0000%,0,
Contact STARLINK-31971 - STARLINK-2635,0.000,86400.000,0.0000%,0,
Contact STARLINK-31971 - STARLINK-5155,1526.371,84873.629,1.7666%,2,
Contact STARLINK-31971 - STARLINK-3295,0.000,86400.000,0.0000%,0,
Contact STARLINK-31971 - STARLINK-30610,0.000,86400.000,0.0000%,0,
Contact STARLINK-31971 - STARLINK-3050,0.000,86400.000,0.0000%,0,
Contact STARLINK-31971 - STARLINK-31138,12503.408,73896.592,14.4715%,7,
Contact STARLINK-31971 - STARLINK-30255,21734.971,64665.029,25.1562%,2,
Contact STARLINK-31971 - STARLINK-2736,4886.449,81513.551,5.6556%,6,
Contact STARLINK-31971 - STARLINK-5960,10777.280,75622.720,12.4737%,2,
Contact STARLINK-31971 - STARLINK-4170,113.383,86286.617,0.1312%,1,
Contact STARLINK-31971 - STARLINK-31673,67347.719,19052.281,77.9487%,2,
Contact STARLINK-31971 - STARLINK-32223,0.000,86400.000,0.0000%,0,
Contact STARLINK-31971 - STARLINK-5061,41158.873,45241.127,47.6376%,5,
Contact STARLINK-31971 - STARLINK-2127,1379.031,85020.969,1.5961%,2,
Contact STARLINK-31971 - STARLINK-30756,12946.274,73453.726,14.9841%,4,
Contact STARLINK-31971 - STARLINK-1580,5573.699,80826.301,6.4510%,3,
Contact STARLINK-31971 - STARLINK-31812,478.407,85921.593,0.5537%,1,
Contact STARLINK-31971 - STARLINK-31931,0.000,86400.000,0.0000%,0,
Contact STARLINK-31971 - STARLINK-2658,0.000,86400.000,0.0000%,0,
Contact STARLINK-31971 - STARLINK-5952,36473.453,49926.547,42.2146%,1,
Contact STARLINK-31971 - STARLINK-1323,11469.740,74930.260,13.2752%,7,
Contact STARLINK-31971 - STARLINK-3601,0.000,86400.000,0.0000%,0,
Contact STARLINK-31971 - STARLINK-3603,0.000,86400.000,0.0000%,0,
Contact STARLINK-31971 - STARLINK-3969,9795.541,76604.459,11.3374%,5,
Contact STARLINK-31971 - STARLINK-4201,2034.539,84365.461,2.3548%,2,
Contact STARLINK-31971 - STARLINK-31060,60185.681,26214.319,69.6594%,1,
Contact STARLINK-31971 - STARLINK-5972,5067.340,81332.660,5.8650%,7,
Contact STARLINK-31971 - STARLINK-2047,15939.964,70460.036,18.4490%,4,
Contact STARLINK-31971 - STARLINK-30145,0.000,86400.000,0.0000%,0,
Contact STARLINK-31971 - STARLINK-32210,843.558,85556.442,0.9763%,1,
Contact STARLINK-31971 - STARLINK-30549,0.000,86400.000,0.0000%,0,
Contact STARLINK-31971 - STARLINK-1463,27405.798,58994.202,31.7197%,3,
Contact STARLINK-31971 - STARLINK-6241,0.000,86400.000,0.0000%,0,
Contact STARLINK-31971 - STARLINK-30486,39979.951,46420.049,46.2731%,2,
Contact STARLINK-31971 - STARLINK-5565,937.425,85462.575,1.0850%,2,
Contact STARLINK-31971 - STARLINK-31530,1007.849,85392.151,1.1665%,3,
Contact STARLINK-31971 - STARLINK-1227,0.000,86400.000,0.0000%,0,
Contact STARLINK-31971 - STARLINK-5093,5066.700,81333.300,5.8642%,7,
Contact STARLINK-31971 - STARLINK-2556,0.000,86400.000,0.0000%,0,
Contact STARLINK-31971 - STARLINK-5591,3229.121,83170.879,3.7374%,4,
Contact STARLINK-31971 - STARLINK-1073,0.000,86400.000,0.0000%,0,
Contact STARLINK-31971 - STARLINK-32088,0.000,86400.000,0.0000%,0,
Contact STARLINK-31971 - STARLINK-5829,4398.635,82001.365,5.0910%,7,
Contact STARLINK-31971 - STARLINK-3325,16208.238,70191.762,18.7595%,5,
Contact STARLINK-31971 - STARLINK-5850,11927.123,74472.877,13.8045%,3,
Contact STARLINK-31971 - STARLINK-31979,0.000,86400.000,0.0000%,0,
Contact STARLINK-31971 - STARLINK-31939,0.000,86400.000,0.0000%,0,
Contact STARLINK-31971 - STARLINK-2424,47252.784,39147.216,54.6907%,1,
Contact STARLINK-31971 - STARLINK-30754,14833.768,71566.232,17.1687%,3,
Contact STARLINK-31971 - STARLINK-3832,0.000,86400.000,0.0000%,0,
Contact STARLINK-31971 - STARLINK-5453,8992.499,77407.501,10.4080%,7,
Contact STARLINK-31971 - STARLINK-31082,8363.507,78036.493,9.6800%,6,
Contact STARLINK-31971 - STARLINK-4569,753.730,85646.270,0.8724%,2,
Contact STARLINK-31971 - STARLINK-1776,0.000,86400.000,0.0000%,0,
Contact STARLINK-31971 - STARLINK-6199,0.000,86400.000,0.0000%,0,
Contact STARLINK-31971 - STARLINK-4328,951.851,85448.149,1.1017%,1,
Contact STARLINK-31971 - STARLINK-2214,2113.466,84286.534,2.4461%,3,
Contact STARLINK-31971 - STARLINK-5737,22086.890,64313.110,25.5635%,1,
Contact STARLINK-31971 - STARLINK-3506,0.000,86400.000,0.0000%,0,
Contact STARLINK-31971 - STARLINK-11136 [DTC],0.000,86400.000,0.0000%,0,
Contact STARLINK-31971 - STARLINK-31325,0.000,86400.000,0.0000%,0,
Contact STARLINK-31971 - STARLINK-5628,0.000,86400.000,0.0000%,0,
Contact STARLINK-31971 - STARLINK-5231,49389.814,37010.186,57.1641%,6,
Contact STARLINK-31971 - STARLINK-11092 [DTC],3153.556,83246.444,3.6499%,4,
Contact STARLINK-31971 - STARLINK-11072 [DTC],5117.998,81282.002,5.9236%,3,
Contact STARLINK-31971 - STARLINK-5176,0.000,86400.000,0.0000%,0,
Contact STARLINK-31971 - STARLINK-2042,0.000,86400.000,0.0000%,0,
Contact STARLINK-31971 - STARLINK-5503,61532.219,24867.781,71.2178%,1,
Contact STARLINK-31971 - STARLINK-6319,715.472,85684.528,0.8281%,1,
Contact STARLINK-31971 - STARLINK-4522,0.000,86400.000,0.0000%,0,
Contact STARLINK-31971 - MoonARTEMIS1,65008.969,21391.031,75.2419%,9,
Contact STARLINK-31971 - MoonARTEMIS2,66314.050,20085.950,76.7524%,9,
Contact STARLINK-31971 - MoonIOAGEO,59704.068,26695.932,69.1019%,9,
Contact STARLINK-31971 - MoonIOAGNO,67532.927,18867.073,78.1631%,9,
Contact STARLINK-31971 - MoonIOAGNO 0001,67528.336,18871.664,78.1578%,9,
Contact STARLINK-31971 - MoonIOAGSO,66261.987,20138.013,76.6921%,9,
Contact STARLINK-31971 - MoonIOAGSO 0001,67248.857,19151.143,77.8343%,9,
Contact STARLINK-31971 - MoonLRO,31450.890,54949.110,36.4015%,8,
Contact STARLINK-31971 - MarsSat1,61611.346,24788.654,71.3094%,10,
Contact STARLINK-31971 - MarsSat2,61611.169,24788.831,71.3092%,10,
Contact STARLINK-31971 - MarsSat3,61611.297,24788.703,71.3094%,10,
Contact STARLINK-31971 - MarsSat4,61611.311,24788.689,71.3094%,10,
Contact STARLINK-32134 - STARLINK-31430,1457.643,84942.357,1.6871%,4,
Contact STARLINK-32134 - STARLINK-5969,0.000,86400.000,0.0000%,0,
Contact STARLINK-32134 - STARLINK-31085,43210.636,43189.364,50.0123%,1,
Contact STARLINK-32134 - STARLINK-2635,22211.868,64188.132,25.7082%,4,
Contact STARLINK-32134 - STARLINK-5155,0.000,86400.000,0.0000%,0,
Contact STARLINK-32134 - STARLINK-3295,9260.227,77139.773,10.7179%,4,
Contact STARLINK-32134 - STARLINK-30610,16391.524,70008.476,18.9717%,5,
Contact STARLINK-32134 - STARLINK-3050,24648.072,61751.928,28.5279%,2,
Contact STARLINK-32134 - STARLINK-31138,0.000,86400.000,0.0000%,0,
Contact STARLINK-32134 - STARLINK-30255,0.000,86400.000,0.0000%,0,
Contact STARLINK-32134 - STARLINK-2736,0.000,86400.000,0.0000%,0,
Contact STARLINK-32134 - STARLINK-5960,767.069,85632.931,0.8878%,1,
Contact STARLINK-32134 - STARLINK-4170,0.000,86400.000,0.0000%,0,
Contact STARLINK-32134 - STARLINK-31673,0.000,86400.000,0.0000%,0,
Contact STARLINK-32134 - STARLINK-32223,0.000,86400.000,0.0000%,0,
Contact STARLINK-32134 - STARLINK-5061,0.000,86400.000,0.0000%,0,
Contact STARLINK-32134 - STARLINK-2127,0.000,86400.000,0.0000%,0,
Contact STARLINK-32134 - STARLINK-30756,0.000,86400.000,0.0000%,0,
Contact STARLINK-32134 - STARLINK-1580,13644.532,72755.468,15.7923%,2,
Contact STARLINK-32134 - STARLINK-31812,0.000,86400.000,0.0000%,0,
Contact STARLINK-32134 - STARLINK-31931,4169.346,82230.654,4.8256%,7,
Contact STARLINK-32134 - STARLINK-2658,5220.746,81179.254,6.0425%,3,
Contact STARLINK-32134 - STARLINK-5952,0.000,86400.000,0.0000%,0,
Contact STARLINK-32134 - STARLINK-1323,0.000,86400.000,0.0000%,0,
Contact STARLINK-32134 - STARLINK-3601,11122.717,75277.283,12.8735%,6,
Contact STARLINK-32134 - STARLINK-3603,12612.426,73787.574,14.5977%,4,
Contact STARLINK-32134 - STARLINK-3969,0.000,86400.000,0.0000%,0,
Contact STARLINK-32134 - STARLINK-4201,0.000,86400.000,0.0000%,0,
Contact STARLINK-32134 - STARLINK-31060,0.000,86400.000,0.0000%,0,
Contact STARLINK-32134 - STARLINK-5972,0.000,86400.000,0.0000%,0,
Contact STARLINK-32134 - STARLINK-2047,0.000,86400.000,0.0000%,0,
Contact STARLINK-32134 - STARLINK-30145,574.810,85825.190,0.6653%,1,
Contact STARLINK-32134 - STARLINK-32210,0.000,86400.000,0.0000%,0,
Contact STARLINK-32134 - STARLINK-30549,0.000,86400.000,0.0000%,0,
Contact STARLINK-32134 - STARLINK-1463,0.000,86400.000,0.0000%,0,
Contact STARLINK-32134 - STARLINK-6241,53774.697,32625.303,62.2392%,1,
Contact STARLINK-32134 - STARLINK-30486,0.000,86400.000,0.0000%,0,
Contact STARLINK-32134 - STARLINK-5565,11015.418,75384.582,12.7493%,1,
Contact STARLINK-32134 - STARLINK-31530,0.000,86400.000,0.0000%,0,
Contact STARLINK-32134 - STARLINK-1227,17069.237,69330.763,19.7561%,3,
Contact STARLINK-32134 - STARLINK-5093,0.000,86400.000,0.0000%,0,
Contact STARLINK-32134 - STARLINK-2556,773.755,85626.245,0.8955%,1,
Contact STARLINK-32134 - STARLINK-5591,0.000,86400.000,0.0000%,0,
Contact STARLINK-32134 - STARLINK-1073,16129.523,70270.477,18.6684%,4,
Contact STARLINK-32134 - STARLINK-32088,4016.765,82383.235,4.6490%,7,
Contact STARLINK-32134 - STARLINK-5829,0.000,86400.000,0.0000%,0,
Contact STARLINK-32134 - STARLINK-3325,0.000,86400.000,0.0000%,0,
Contact STARLINK-32134 - STARLINK-5850,0.000,86400.000,0.0000%,0,
Contact STARLINK-32134 - STARLINK-31979,0.000,86400.000,0.0000%,0,
Contact STARLINK-32134 - STARLINK-31939,22519.560,63880.440,26.0643%,6,
Contact STARLINK-32134 - STARLINK-2424,0.000,86400.000,0.0000%,0,
Contact STARLINK-32134 - STARLINK-30754,0.000,86400.000,0.0000%,0,
Contact STARLINK-32134 - STARLINK-3832,3395.735,83004.265,3.9302%,5,
Contact STARLINK-32134 - STARLINK-5453,0.000,86400.000,0.0000%,0,
Contact STARLINK-32134 - STARLINK-31082,0.000,86400.000,0.0000%,0,
Contact STARLINK-32134 - STARLINK-4569,0.000,86400.000,0.0000%,0,
Contact STARLINK-32134 - STARLINK-1776,2213.038,84186.962,2.5614%,3,
Contact STARLINK-32134 - STARLINK-6199,45872.744,40527.256,53.0935%,1,
Contact STARLINK-32134 - STARLINK-4328,4362.259,82037.741,5.0489%,7,
Contact STARLINK-32134 - STARLINK-2214,24741.492,61658.508,28.6360%,4,
Contact STARLINK-32134 - STARLINK-5737,0.000,86400.000,0.0000%,0,
Contact STARLINK-32134 - STARLINK-3506,7948.655,78451.345,9.1998%,6,
Contact STARLINK-32134 - STARLINK-11136 [DTC],5230.513,81169.487,6.0538%,7,
Contact STARLINK-32134 - STARLINK-31325,638.154,85761.846,0.7386%,1,
Contact STARLINK-32134 - STARLINK-5628,6986.207,79413.793,8.0859%,5,
Contact STARLINK-32134 - STARLINK-5231,0.000,86400.000,0.0000%,0,
Contact STARLINK-32134 - STARLINK-11092 [DTC],0.000,86400.000,0.0000%,0,
Contact STARLINK-32134 - STARLINK-11072 [DTC],0.000,86400.000,0.0000%,0,
Contact STARLINK-32134 - STARLINK-5176,14283.346,72116.654,16.5317%,6,
Contact STARLINK-32134 - STARLINK-2042,43117.376,43282.624,49.9044%,1,
Contact STARLINK-32134 - STARLINK-5503,0.000,86400.000,0.0000%,0,
Contact STARLINK-32134 - STARLINK-6319,34176.655,52223.345,39.5563%,1,
Contact STARLINK-32134 - STARLINK-4522,497.705,85902.295,0.5760%,1,
Contact STARLINK-32134 - MoonARTEMIS1,58852.634,27547.366,68.1165%,9,
Contact STARLINK-32134 - MoonARTEMIS2,53917.032,32482.968,62.4040%,10,
Contact STARLINK-32134 - MoonIOAGEO,44705.901,41694.099,51.7429%,10,
Contact STARLINK-32134 - MoonIOAGNO,55925.010,30474.990,64.7280%,10,
Contact STARLINK-32134 - MoonIOAGNO 0001,61509.451,24890.549,71.1915%,10,
Contact STARLINK-32134 - MoonIOAGSO,60267.891,26132.109,69.7545%,10,
Contact STARLINK-32134 - MoonIOAGSO 0001,55087.408,31312.592,63.7586%,10,
Contact STARLINK-32134 - MoonLRO,16375.276,70024.724,18.9529%,6,
Contact STARLINK-32134 - MarsSat1,67705.111,18694.889,78.3624%,9,
Contact STARLINK-32134 - MarsSat2,67704.742,18695.258,78.3620%,9,
Contact STARLINK-32134 - MarsSat3,67704.978,18695.022,78.3622%,9,
Contact STARLINK-32134 - MarsSat4,67705.073,18694.927,78.3624%,9,
Contact STARLINK-31430 - STARLINK-5969,23036.269,63363.731,26.6623%,1,
Contact STARLINK-31430 - STARLINK-31085,6955.997,79444.003,8.0509%,5,
Contact STARLINK-31430 - STARLINK-2635,11431.342,74968.658,13.2307%,3,
Contact STARLINK-31430 - STARLINK-5155,25045.396,61354.604,28.9877%,5,
Contact STARLINK-31430 - STARLINK-3295,10866.567,75533.433,12.5770%,6,
Contact STARLINK-31430 - STARLINK-30610,6415.530,79984.470,7.4254%,1,
Contact STARLINK-31430 - STARLINK-3050,2214.889,84185.111,2.5635%,3,
Contact STARLINK-31430 - STARLINK-31138,0.000,86400.000,0.0000%,0,
Contact STARLINK-31430 - STARLINK-30255,0.000,86400.000,0.0000%,0,
Contact STARLINK-31430 - STARLINK-2736,0.000,86400.000,0.0000%,0,
Contact STARLINK-31430 - STARLINK-5960,51208.576,35191.424,59.2692%,1,
Contact STARLINK-31430 - STARLINK-4170,0.000,86400.000,0.0000%,0,
Contact STARLINK-31430 - STARLINK-31673,0.000,86400.000,0.0000%,0,
Contact STARLINK-31430 - STARLINK-32223,0.000,86400.000,0.0000%,0,
Contact STARLINK-31430 - STARLINK-5061,0.000,86400.000,0.0000%,0,
Contact STARLINK-31430 - STARLINK-2127,6951.433,79448.567,8.0456%,4,
Contact STARLINK-31430 - STARLINK-30756,5277.039,81122.961,6.1077%,3,
Contact STARLINK-31430 - STARLINK-1580,2402.122,83997.878,2.7802%,4,
Contact STARLINK-31430 - STARLINK-31812,0.000,86400.000,0.0000%,0,
Contact STARLINK-31430 - STARLINK-31931,0.000,86400.000,0.0000%,0,
Contact STARLINK-31430 - STARLINK-2658,9017.870,77382.130,10.4373%,3,
Contact STARLINK-31430 - STARLINK-5952,0.000,86400.000,0.0000%,0,
Contact STARLINK-31430 - STARLINK-1323,605.244,85794.756,0.7005%,1,
Contact STARLINK-31430 - STARLINK-3601,0.000,86400.000,0.0000%,0,
Contact STARLINK-31430 - STARLINK-3603,0.000,86400.000,0.0000%,0,
Contact STARLINK-31430 - STARLINK-3969,0.000,86400.000,0.0000%,0,
Contact STARLINK-31430 - STARLINK-4201,6514.412,79885.588,7.5398%,5,
Contact STARLINK-31430 - STARLINK-31060,0.000,86400.000,0.0000%,0,
Contact STARLINK-31430 - STARLINK-5972,3624.378,82775.622,4.1949%,6,
Contact STARLINK-31430 - STARLINK-2047,0.000,86400.000,0.0000%,0,
Contact STARLINK-31430 - STARLINK-30145,0.000,86400.000,0.0000%,0,
Contact STARLINK-31430 - STARLINK-32210,9320.233,77079.767,10.7873%,4,
Contact STARLINK-31430 - STARLINK-30549,0.000,86400.000,0.0000%,0,
Contact STARLINK-31430 - STARLINK-1463,0.000,86400.000,0.0000%,0,
Contact STARLINK-31430 - STARLINK-6241,5404.294,80995.706,6.2550%,3,
Contact STARLINK-31430 - STARLINK-30486,0.000,86400.000,0.0000%,0,
Contact STARLINK-31430 - STARLINK-5565,0.000,86400.000,0.0000%,0,
Contact STARLINK-31430 - STARLINK-31530,1597.773,84802.227,1.8493%,4,
Contact STARLINK-31430 - STARLINK-1227,0.000,86400.000,0.0000%,0,
Contact STARLINK-31430 - STARLINK-5093,2991.962,83408.038,3.4629%,5,
Contact STARLINK-31430 - STARLINK-2556,0.000,86400.000,0.0000%,0,
Contact STARLINK-31430 - STARLINK-5591,2960.614,83439.386,3.4266%,4,
Contact STARLINK-31430 - STARLINK-1073,0.000,86400.000,0.0000%,0,
Contact STARLINK-31430 - STARLINK-32088,4849.736,81550.264,5.6131%,7,
Contact STARLINK-31430 - STARLINK-5829,4237.100,82162.900,4.9041%,6,
Contact STARLINK-31430 - STARLINK-3325,0.000,86400.000,0.0000%,0,
Contact STARLINK-31430 - STARLINK-5850,30298.911,56101.089,35.0682%,4,
Contact STARLINK-31430 - STARLINK-31979,0.000,86400.000,0.0000%,0,
Contact STARLINK-31430 - STARLINK-31939,5633.425,80766.575,6.5202%,7,
Contact STARLINK-31430 - STARLINK-2424,0.000,86400.000,0.0000%,0,
Contact STARLINK-31430 - STARLINK-30754,0.000,86400.000,0.0000%,0,
Contact STARLINK-31430 - STARLINK-3832,8515.426,77884.574,9.8558%,1,
Contact STARLINK-31430 - STARLINK-5453,753.869,85646.131,0.8725%,2,
Contact STARLINK-31430 - STARLINK-31082,771.857,85628.143,0.8934%,1,
Contact STARLINK-31430 - STARLINK-4569,26385.972,60014.028,30.5393%,5,
Contact STARLINK-31430 - STARLINK-1776,3024.175,83375.825,3.5002%,1,
Contact STARLINK-31430 - STARLINK-6199,2877.506,83522.494,3.3304%,4,
Contact STARLINK-31430 - STARLINK-4328,34680.972,51719.028,40.1400%,4,
Contact STARLINK-31430 - STARLINK-2214,5401.967,80998.033,6.2523%,3,
Contact STARLINK-31430 - STARLINK-5737,0.000,86400.000,0.0000%,0,
Contact STARLINK-31430 - STARLINK-3506,3467.652,82932.348,4.0135%,1,
Contact STARLINK-31430 - STARLINK-11136 [DTC],22209.947,64190.053,25.7060%,5,
Contact STARLINK-31430 - STARLINK-31325,14898.514,71501.486,17.2437%,7,
Contact STARLINK-31430 - STARLINK-5628,34986.747,51413.253,40.4939%,4,
Contact STARLINK-31430 - STARLINK-5231,579.616,85820.384,0.6709%,1,
Contact STARLINK-31430 - STARLINK-11092 [DTC],0.000,86400.000,0.0000%,0,
Contact STARLINK-31430 - STARLINK-11072 [DTC],6017.069,80382.931,6.9642%,4,
Contact STARLINK-31430 - STARLINK-5176,1343.625,85056.375,1.5551%,2,
Contact STARLINK-31430 - STARLINK-2042,4143.793,82256.207,4.7961%,6,
Contact STARLINK-31430 - STARLINK-5503,0.000,86400.000,0.0000%,0,
Contact STARLINK-31430 - STARLINK-6319,7075.493,79324.507,8.1892%,5,
Contact STARLINK-31430 - STARLINK-4522,375.529,86024.471,0.4346%,1,
Contact STARLINK-31430 - MoonARTEMIS1,64639.696,21760.304,74.8145%,9,
Contact STARLINK-31430 - MoonARTEMIS2,64594.384,21805.616,74.7620%,10,
Contact STARLINK-31430 - MoonIOAGEO,50036.009,36363.991,57.9120%,10,
Contact STARLINK-31430 - MoonIOAGNO,66939.231,19460.769,77.4760%,10,
Contact STARLINK-31430 - MoonIOAGNO 0001,66941.790,19458.210,77.4789%,10,
Contact STARLINK-31430 - MoonIOAGSO,60383.021,26016.979,69.8878%,10,
Contact STARLINK-31430 - MoonIOAGSO 0001,66466.627,19933.373,76.9290%,10,
Contact STARLINK-31430 - MoonLRO,19968.884,66431.116,23.1121%,8,
Contact STARLINK-31430 - MarsSat1,68848.113,17551.887,79.6853%,9,
Contact STARLINK-31430 - MarsSat2,68847.865,17552.135,79.6850%,9,
Contact STARLINK-31430 - MarsSat3,68848.141,17551.859,79.6853%,9,
Contact STARLINK-31430 - MarsSat4,68848.155,17551.845,79.6854%,9,
Contact STARLINK-5969 - STARLINK-31085,0.000,86400.000,0.0000%,0,
Contact STARLINK-5969 - STARLINK-2635,0.000,86400.000,0.0000%,0,
Contact STARLINK-5969 - STARLINK-5155,26010.702,60389.298,30.1050%,6,
Contact STARLINK-5969 - STARLINK-3295,0.000,86400.000,0.0000%,0,
Contact STARLINK-5969 - STARLINK-30610,0.000,86400.000,0.0000%,0,
Contact STARLINK-5969 - STARLINK-3050,0.000,86400.000,0.0000%,0,
Contact STARLINK-5969 - STARLINK-31138,8610.433,77789.567,9.9658%,6,
Contact STARLINK-5969 - STARLINK-30255,0.000,86400.000,0.0000%,0,
Contact STARLINK-5969 - STARLINK-2736,10422.673,75977.327,12.0633%,6,
Contact STARLINK-5969 - STARLINK-5960,86400.000,0.000,100.0000%,1,
Contact STARLINK-5969 - STARLINK-4170,0.000,86400.000,0.0000%,0,
Contact STARLINK-5969 - STARLINK-31673,62074.896,24325.104,71.8459%,7,
Contact STARLINK-5969 - STARLINK-32223,159.455,86240.545,0.1846%,1,
Contact STARLINK-5969 - STARLINK-5061,0.000,86400.000,0.0000%,0,
Contact STARLINK-5969 - STARLINK-2127,1860.073,84539.927,2.1529%,3,
Contact STARLINK-5969 - STARLINK-30756,81202.483,5197.517,93.9844%,7,
Contact STARLINK-5969 - STARLINK-1580,8224.628,78175.372,9.5192%,6,
Contact STARLINK-5969 - STARLINK-31812,1734.003,84665.997,2.0069%,2,
Contact STARLINK-5969 - STARLINK-31931,0.000,86400.000,0.0000%,0,
Contact STARLINK-5969 - STARLINK-2658,0.000,86400.000,0.0000%,0,
Contact STARLINK-5969 - STARLINK-5952,0.000,86400.000,0.0000%,0,
Contact STARLINK-5969 - STARLINK-1323,15023.336,71376.664,17.3881%,6,
Contact STARLINK-5969 - STARLINK-3601,0.000,86400.000,0.0000%,0,
Contact STARLINK-5969 - STARLINK-3603,0.000,86400.000,0.0000%,0,
Contact STARLINK-5969 - STARLINK-3969,3919.936,82480.064,4.5370%,5,
Contact STARLINK-5969 - STARLINK-4201,28151.033,58248.967,32.5822%,7,
Contact STARLINK-5969 - STARLINK-31060,33329.619,53070.381,38.5759%,1,
Contact STARLINK-5969 - STARLINK-5972,8096.314,78303.686,9.3707%,7,
Contact STARLINK-5969 - STARLINK-2047,0.000,86400.000,0.0000%,0,
Contact STARLINK-5969 - STARLINK-30145,0.000,86400.000,0.0000%,0,
Contact STARLINK-5969 - STARLINK-32210,60754.365,25645.635,70.3176%,3,
Contact STARLINK-5969 - STARLINK-30549,0.000,86400.000,0.0000%,0,
Contact STARLINK-5969 - STARLINK-1463,0.000,86400.000,0.0000%,0,
Contact STARLINK-5969 - STARLINK-6241,0.000,86400.000,0.0000%,0,
Contact STARLINK-5969 - STARLINK-30486,0.000,86400.000,0.0000%,0,
Contact STARLINK-5969 - STARLINK-5565,0.000,86400.000,0.0000%,0,
Contact STARLINK-5969 - STARLINK-31530,6567.576,79832.424,7.6014%,4,
Contact STARLINK-5969 - STARLINK-1227,0.000,86400.000,0.0000%,0,
Contact STARLINK-5969 - STARLINK-5093,13877.683,72522.317,16.0621%,7,
Contact STARLINK-5969 - STARLINK-2556,0.000,86400.000,0.0000%,0,
Contact STARLINK-5969 - STARLINK-5591,5574.466,80825.534,6.4519%,6,
Contact STARLINK-5969 - STARLINK-1073,0.000,86400.000,0.0000%,0,
Contact STARLINK-5969 - STARLINK-32088,0.000,86400.000,0.0000%,0,
Contact STARLINK-5969 - STARLINK-5829,4379.308,82020.692,5.0686%,6,
Contact STARLINK-5969 - STARLINK-3325,0.000,86400.000,0.0000%,0,
Contact STARLINK-5969 - STARLINK-5850,83471.164,2928.836,96.6101%,7,
Contact STARLINK-5969 - STARLINK-31979,0.000,86400.000,0.0000%,0,
Contact STARLINK-5969 - STARLINK-31939,1583.861,84816.139,1.8332%,2,
Contact STARLINK-5969 - STARLINK-2424,0.000,86400.000,0.0000%,0,
Contact STARLINK-5969 - STARLINK-30754,0.000,86400.000,0.0000%,0,
Contact STARLINK-5969 - STARLINK-3832,0.000,86400.000,0.0000%,0,
Contact STARLINK-5969 - STARLINK-5453,34101.271,52298.729,39.4691%,7,
Contact STARLINK-5969 - STARLINK-31082,40000.995,46399.005,46.2974%,7,
Contact STARLINK-5969 - STARLINK-4569,5344.335,81055.665,6.1856%,6,
Contact STARLINK-5969 - STARLINK-1776,0.000,86400.000,0.0000%,0,
Contact STARLINK-5969 - STARLINK-6199,0.000,86400.000,0.0000%,0,
Contact STARLINK-5969 - STARLINK-4328,8269.895,78130.105,9.5716%,6,
Contact STARLINK-5969 - STARLINK-2214,7277.149,79122.851,8.4226%,6,
Contact STARLINK-5969 - STARLINK-5737,0.000,86400.000,0.0000%,0,
Contact STARLINK-5969 - STARLINK-3506,0.000,86400.000,0.0000%,0,
Contact STARLINK-5969 - STARLINK-11136 [DTC],2856.456,83543.544,3.3061%,3,
Contact STARLINK-5969 - STARLINK-31325,0.000,86400.000,0.0000%,0,
Contact STARLINK-5969 - STARLINK-5628,0.000,86400.000,0.0000%,0,
Contact STARLINK-5969 - STARLINK-5231,86400.000,0.000,100.0000%,1,
Contact STARLINK-5969 - STARLINK-11092 [DTC],2315.931,84084.069,2.6805%,3,
Contact STARLINK-5969 - STARLINK-11072 [DTC],11263.406,75136.594,13.0363%,3,
Contact STARLINK-5969 - STARLINK-5176,0.000,86400.000,0.0000%,0,
Contact STARLINK-5969 - STARLINK-2042,0.000,86400.000,0.0000%,0,
Contact STARLINK-5969 - STARLINK-5503,82604.606,3795.394,95.6072%,2,
Contact STARLINK-5969 - STARLINK-6319,0.000,86400.000,0.0000%,0,
Contact STARLINK-5969 - STARLINK-4522,0.000,86400.000,0.0000%,0,
Contact STARLINK-5969 - MoonARTEMIS1,65549.292,20850.708,75.8672%,10,
Contact STARLINK-5969 - MoonARTEMIS2,68148.235,18251.765,78.8753%,9,
Contact STARLINK-5969 - MoonIOAGEO,61911.608,24488.392,71.6570%,9,
Contact STARLINK-5969 - MoonIOAGNO,69824.776,16575.224,80.8157%,9,
Contact STARLINK-5969 - MoonIOAGNO 0001,67772.311,18627.689,78.4402%,10,
Contact STARLINK-5969 - MoonIOAGSO,68214.499,18185.501,78.9520%,9,
Contact STARLINK-5969 - MoonIOAGSO 0001,69752.298,16647.702,80.7318%,9,
Contact STARLINK-5969 - MoonLRO,27703.073,58696.927,32.0637%,9,
Contact STARLINK-5969 - MarsSat1,72209.394,14190.606,83.5757%,8,
Contact STARLINK-5969 - MarsSat2,72209.198,14190.802,83.5755%,8,
Contact STARLINK-5969 - MarsSat3,72209.372,14190.628,83.5757%,8,
Contact STARLINK-5969 - MarsSat4,72209.417,14190.583,83.5757%,8,
Contact STARLINK-31085 - STARLINK-2635,86400.000,0.000,100.0000%,1,
Contact STARLINK-31085 - STARLINK-5155,0.000,86400.000,0.0000%,0,
Contact STARLINK-31085 - STARLINK-3295,0.000,86400.000,0.0000%,0,
Contact STARLINK-31085 - STARLINK-30610,0.000,86400.000,0.0000%,0,
Contact STARLINK-31085 - STARLINK-3050,0.000,86400.000,0.0000%,0,
Contact STARLINK-31085 - STARLINK-31138,0.000,86400.000,0.0000%,0,
Contact STARLINK-31085 - STARLINK-30255,0.000,86400.000,0.0000%,0,
Contact STARLINK-31085 - STARLINK-2736,0.000,86400.000,0.0000%,0,
Contact STARLINK-31085 - STARLINK-5960,0.000,86400.000,0.0000%,0,
Contact STARLINK-31085 - STARLINK-4170,0.000,86400.000,0.0000%,0,
Contact STARLINK-31085 - STARLINK-31673,1117.649,85282.351,1.2936%,2,
Contact STARLINK-31085 - STARLINK-32223,18.113,86381.887,0.0210%,1,
Contact STARLINK-31085 - STARLINK-5061,0.000,86400.000,0.0000%,0,
Contact STARLINK-31085 - STARLINK-2127,0.000,86400.000,0.0000%,0,
Contact STARLINK-31085 - STARLINK-30756,0.000,86400.000,0.0000%,0,
Contact STARLINK-31085 - STARLINK-1580,30533.561,55866.439,35.3398%,7,
Contact STARLINK-31085 - STARLINK-31812,0.000,86400.000,0.0000%,0,
Contact STARLINK-31085 - STARLINK-31931,1680.120,84719.880,1.9446%,2,
Contact STARLINK-31085 - STARLINK-2658,0.000,86400.000,0.0000%,0,
Contact STARLINK-31085 - STARLINK-5952,0.000,86400.000,0.0000%,0,
Contact STARLINK-31085 - STARLINK-1323,0.000,86400.000,0.0000%,0,
Contact STARLINK-31085 - STARLINK-3601,649.486,85750.514,0.7517%,2,
Contact STARLINK-31085 - STARLINK-3603,0.000,86400.000,0.0000%,0,
Contact STARLINK-31085 - STARLINK-3969,0.000,86400.000,0.0000%,0,
Contact STARLINK-31085 - STARLINK-4201,0.000,86400.000,0.0000%,0,
Contact STARLINK-31085 - STARLINK-31060,0.000,86400.000,0.0000%,0,
Contact STARLINK-31085 - STARLINK-5972,0.000,86400.000,0.0000%,0,
Contact STARLINK-31085 - STARLINK-2047,0.000,86400.000,0.0000%,0,
Contact STARLINK-31085 - STARLINK-30145,0.000,86400.000,0.0000%,0,
Contact STARLINK-31085 - STARLINK-32210,0.000,86400.000,0.0000%,0,
Contact STARLINK-31085 - STARLINK-30549,0.000,86400.000,0.0000%,0,
Contact STARLINK-31085 - STARLINK-1463,0.000,86400.000,0.0000%,0,
Contact STARLINK-31085 - STARLINK-6241,39292.480,47107.520,45.4774%,2,
Contact STARLINK-31085 - STARLINK-30486,0.000,86400.000,0.0000%,0,
Contact STARLINK-31085 - STARLINK-5565,0.000,86400.000,0.0000%,0,
Contact STARLINK-31085 - STARLINK-31530,40503.707,45896.293,46.8793%,4,
Contact STARLINK-31085 - STARLINK-1227,0.000,86400.000,0.0000%,0,
Contact STARLINK-31085 - STARLINK-5093,0.000,86400.000,0.0000%,0,
Contact STARLINK-31085 - STARLINK-2556,0.000,86400.000,0.0000%,0,
Contact STARLINK-31085 - STARLINK-5591,0.000,86400.000,0.0000%,0,
Contact STARLINK-31085 - STARLINK-1073,0.000,86400.000,0.0000%,0,
Contact STARLINK-31085 - STARLINK-32088,38305.574,48094.426,44.3352%,3,
Contact STARLINK-31085 - STARLINK-5829,0.000,86400.000,0.0000%,0,
Contact STARLINK-31085 - STARLINK-3325,0.000,86400.000,0.0000%,0,
Contact STARLINK-31085 - STARLINK-5850,0.000,86400.000,0.0000%,0,
Contact STARLINK-31085 - STARLINK-31979,0.000,86400.000,0.0000%,0,
Contact STARLINK-31085 - STARLINK-31939,53398.547,33001.453,61.8039%,3,
Contact STARLINK-31085 - STARLINK-2424,0.000,86400.000,0.0000%,0,
Contact STARLINK-31085 - STARLINK-30754,0.000,86400.000,0.0000%,0,
Contact STARLINK-31085 - STARLINK-3832,0.000,86400.000,0.0000%,0,
Contact STARLINK-31085 - STARLINK-5453,0.000,86400.000,0.0000%,0,
Contact STARLINK-31085 - STARLINK-31082,0.000,86400.000,0.0000%,0,
Contact STARLINK-31085 - STARLINK-4569,0.000,86400.000,0.0000%,0,
Contact STARLINK-31085 - STARLINK-1776,0.000,86400.000,0.0000%,0,
Contact STARLINK-31085 - STARLINK-6199,0.000,86400.000,0.0000%,0,
Contact STARLINK-31085 - STARLINK-4328,7374.087,79025.913,8.5348%,6,
Contact STARLINK-31085 - STARLINK-2214,52939.662,33460.338,61.2728%,7,
Contact STARLINK-31085 - STARLINK-5737,0.000,86400.000,0.0000%,0,
Contact STARLINK-31085 - STARLINK-3506,2992.331,83407.669,3.4633%,5,
Contact STARLINK-31085 - STARLINK-11136 [DTC],2450.391,83949.609,2.8361%,3,
Contact STARLINK-31085 - STARLINK-31325,68186.715,18213.285,78.9198%,1,
Contact STARLINK-31085 - STARLINK-5628,16986.175,69413.825,19.6599%,6,
Contact STARLINK-31085 - STARLINK-5231,0.000,86400.000,0.0000%,0,
Contact STARLINK-31085 - STARLINK-11092 [DTC],6057.879,80342.121,7.0114%,1,
Contact STARLINK-31085 - STARLINK-11072 [DTC],29206.735,57193.265,33.8041%,1,
Contact STARLINK-31085 - STARLINK-5176,27580.588,58819.412,31.9220%,7,
Contact STARLINK-31085 - STARLINK-2042,86400.000,0.000,100.0000%,1,
Contact STARLINK-31085 - STARLINK-5503,0.000,86400.000,0.0000%,0,
Contact STARLINK-31085 - STARLINK-6319,86400.000,0.000,100.0000%,1,
Contact STARLINK-31085 - STARLINK-4522,0.000,86400.000,0.0000%,0,
Contact STARLINK-31085 - MoonARTEMIS1,64746.914,21653.086,74.9386%,10,
Contact STARLINK-31085 - MoonARTEMIS2,65294.733,21105.267,75.5726%,10,
Contact STARLINK-31085 - MoonIOAGEO,59091.941,27308.059,68.3934%,10,
Contact STARLINK-31085 - MoonIOAGNO,67940.631,18459.369,78.6350%,10,
Contact STARLINK-31085 - MoonIOAGNO 0001,67934.337,18465.663,78.6277%,10,
Contact STARLINK-31085 - MoonIOAGSO,66585.887,19814.113,77.0670%,10,
Contact STARLINK-31085 - MoonIOAGSO 0001,67864.554,18535.446,78.5469%,10,
Contact STARLINK-31085 - MoonLRO,19033.631,67366.369,22.0297%,7,
Contact STARLINK-31085 - MarsSat1,69242.997,17157.003,80.1424%,9,
Contact STARLINK-31085 - MarsSat2,69242.838,17157.162,80.1422%,9,
Contact STARLINK-31085 - MarsSat3,69242.932,17157.068,80.1423%,9,
Contact STARLINK-31085 - MarsSat4,69242.992,17157.008,80.1424%,9,
Contact STARLINK-2635 - STARLINK-5155,0.000,86400.000,0.0000%,0,
Contact STARLINK-2635 - STARLINK-3295,8090.654,78309.346,9.3642%,6,
Contact STARLINK-2635 - STARLINK-30610,57797.247,28602.753,66.8950%,3,
Contact STARLINK-2635 - STARLINK-3050,0.000,86400.000,0.0000%,0,
Contact STARLINK-2635 - STARLINK-31138,0.000,86400.000,0.0000%,0,
Contact STARLINK-2635 - STARLINK-30255,0.000,86400.000,0.0000%,0,
Contact STARLINK-2635 - STARLINK-2736,0.000,86400.000,0.0000%,0,
Contact STARLINK-2635 - STARLINK-5960,0.000,86400.000,0.0000%,0,
Contact STARLINK-2635 - STARLINK-4170,0.000,86400.000,0.0000%,0,
Contact STARLINK-2635 - STARLINK-31673,0.000,86400.000,0.0000%,0,
Contact STARLINK-2635 - STARLINK-32223,819.819,85580.181,0.9489%,1,
Contact STARLINK-2635 - STARLINK-5061,0.000,86400.000,0.0000%,0,
Contact STARLINK-2635 - STARLINK-2127,0.000,86400.000,0.0000%,0,
Contact STARLINK-2635 - STARLINK-30756,0.000,86400.000,0.0000%,0,
Contact STARLINK-2635 - STARLINK-1580,3241.685,83158.315,3.7520%,6,
Contact STARLINK-2635 - STARLINK-31812,0.000,86400.000,0.0000%,0,
Contact STARLINK-2635 - STARLINK-31931,4384.605,82015.395,5.0748%,5,
Contact STARLINK-2635 - STARLINK-2658,4487.873,81912.127,5.1943%,6,
Contact STARLINK-2635 - STARLINK-5952,0.000,86400.000,0.0000%,0,
Contact STARLINK-2635 - STARLINK-1323,0.000,86400.000,0.0000%,0,
Contact STARLINK-2635 - STARLINK-3601,67992.411,18407.589,78.6949%,7,
Contact STARLINK-2635 - STARLINK-3603,0.000,86400.000,0.0000%,0,
Contact STARLINK-2635 - STARLINK-3969,0.000,86400.000,0.0000%,0,
Contact STARLINK-2635 - STARLINK-4201,0.000,86400.000,0.0000%,0,
Contact STARLINK-2635 - STARLINK-31060,0.000,86400.000,0.0000%,0,
Contact STARLINK-2635 - STARLINK-5972,0.000,86400.000,0.0000%,0,
Contact STARLINK-2635 - STARLINK-2047,0.000,86400.000,0.0000%,0,
Contact STARLINK-2635 - STARLINK-30145,0.000,86400.000,0.0000%,0,
Contact STARLINK-2635 - STARLINK-32210,0.000,86400.000,0.0000%,0,
Contact STARLINK-2635 - STARLINK-30549,0.000,86400.000,0.0000%,0,
Contact STARLINK-2635 - STARLINK-1463,0.000,86400.000,0.0000%,0,
Contact STARLINK-2635 - STARLINK-6241,12906.813,73493.187,14.9384%,6,
Contact STARLINK-2635 - STARLINK-30486,0.000,86400.000,0.0000%,0,
Contact STARLINK-2635 - STARLINK-5565,0.000,86400.000,0.0000%,0,
Contact STARLINK-2635 - STARLINK-31530,5638.370,80761.630,6.5259%,3,
Contact STARLINK-2635 - STARLINK-1227,0.000,86400.000,0.0000%,0,
Contact STARLINK-2635 - STARLINK-5093,0.000,86400.000,0.0000%,0,
Contact STARLINK-2635 - STARLINK-2556,0.000,86400.000,0.0000%,0,
Contact STARLINK-2635 - STARLINK-5591,0.000,86400.000,0.0000%,0,
Contact STARLINK-2635 - STARLINK-1073,0.000,86400.000,0.0000%,0,
Contact STARLINK-2635 - STARLINK-32088,61961.546,24438.454,71.7148%,1,
Contact STARLINK-2635 - STARLINK-5829,722.221,85677.779,0.8359%,1,
Contact STARLINK-2635 - STARLINK-3325,0.000,86400.000,0.0000%,0,
Contact STARLINK-2635 - STARLINK-5850,0.000,86400.000,0.0000%,0,
Contact STARLINK-2635 - STARLINK-31979,0.000,86400.000,0.0000%,0,
Contact STARLINK-2635 - STARLINK-31939,13976.691,72423.309,16.1767%,6,
Contact STARLINK-2635 - STARLINK-2424,0.000,86400.000,0.0000%,0,
Contact STARLINK-2635 - STARLINK-30754,0.000,86400.000,0.0000%,0,
Contact STARLINK-2635 - STARLINK-3832,8546.050,77853.950,9.8913%,7,
Contact STARLINK-2635 - STARLINK-5453,0.000,86400.000,0.0000%,0,
Contact STARLINK-2635 - STARLINK-31082,0.000,86400.000,0.0000%,0,
Contact STARLINK-2635 - STARLINK-4569,0.000,86400.000,0.0000%,0,
Contact STARLINK-2635 - STARLINK-1776,5565.823,80834.177,6.4419%,7,
Contact STARLINK-2635 - STARLINK-6199,527.293,85872.707,0.6103%,1,
Contact STARLINK-2635 - STARLINK-4328,0.000,86400.000,0.0000%,0,
Contact STARLINK-2635 - STARLINK-2214,8233.435,78166.565,9.5294%,7,
Contact STARLINK-2635 - STARLINK-5737,0.000,86400.000,0.0000%,0,
Contact STARLINK-2635 - STARLINK-3506,77928.601,8471.399,90.1951%,7,
Contact STARLINK-2635 - STARLINK-11136 [DTC],5042.214,81357.786,5.8359%,3,
Contact STARLINK-2635 - STARLINK-31325,49866.147,36533.853,57.7154%,3,
Contact STARLINK-2635 - STARLINK-5628,6218.814,80181.186,7.1977%,6,
Contact STARLINK-2635 - STARLINK-5231,0.000,86400.000,0.0000%,0,
Contact STARLINK-2635 - STARLINK-11092 [DTC],585.736,85814.264,0.6779%,1,
Contact STARLINK-2635 - STARLINK-11072 [DTC],26497.721,59902.279,30.6687%,1,
Contact STARLINK-2635 - STARLINK-5176,86400.000,0.000,100.0000%,1,
Contact STARLINK-2635 - STARLINK-2042,74402.139,11997.861,86.1136%,7,
Contact STARLINK-2635 - STARLINK-5503,0.000,86400.000,0.0000%,0,
Contact STARLINK-2635 - STARLINK-6319,42699.604,43700.396,49.4208%,7,
Contact STARLINK-2635 - STARLINK-4522,0.000,86400.000,0.0000%,0,
Contact STARLINK-2635 - MoonARTEMIS1,77036.296,9363.704,89.1624%,7,
Contact STARLINK-2635 - MoonARTEMIS2,78316.089,8083.911,90.6436%,7,
Contact STARLINK-2635 - MoonIOAGEO,66584.692,19815.308,77.0656%,8,
Contact STARLINK-2635 - MoonIOAGNO,78432.331,7967.669,90.7782%,7,
Contact STARLINK-2635 - MoonIOAGNO 0001,78433.584,7966.416,90.7796%,7,
Contact STARLINK-2635 - MoonIOAGSO,75925.443,10474.557,87.8767%,7,
Contact STARLINK-2635 - MoonIOAGSO 0001,77917.321,8482.679,90.1821%,7,
Contact STARLINK-2635 - MoonLRO,33781.272,52618.728,39.0987%,8,
Contact STARLINK-2635 - MarsSat1,69963.191,16436.809,80.9759%,9,
Contact STARLINK-2635 - MarsSat2,69963.578,16436.422,80.9764%,9,
Contact STARLINK-2635 - MarsSat3,69963.339,16436.661,80.9761%,9,
Contact STARLINK-2635 - MarsSat4,69963.282,16436.718,80.9760%,9,
Contact STARLINK-5155 - STARLINK-3295,0.000,86400.000,0.0000%,0,
Contact STARLINK-5155 - STARLINK-30610,0.000,86400.000,0.0000%,0,
Contact STARLINK-5155 - STARLINK-3050,0.000,86400.000,0.0000%,0,
Contact STARLINK-5155 - STARLINK-31138,20688.902,65711.098,23.9455%,7,
Contact STARLINK-5155 - STARLINK-30255,0.000,86400.000,0.0000%,0,
Contact STARLINK-5155 - STARLINK-2736,7548.730,78851.270,8.7370%,6,
Contact STARLINK-5155 - STARLINK-5960,86400.000,0.000,100.0000%,1,
Contact STARLINK-5155 - STARLINK-4170,0.000,86400.000,0.0000%,0,
Contact STARLINK-5155 - STARLINK-31673,7574.568,78825.432,8.7669%,6,
Contact STARLINK-5155 - STARLINK-32223,0.000,86400.000,0.0000%,0,
Contact STARLINK-5155 - STARLINK-5061,0.000,86400.000,0.0000%,0,
Contact STARLINK-5155 - STARLINK-2127,86400.000,0.000,100.0000%,1,
Contact STARLINK-5155 - STARLINK-30756,86400.000,0.000,100.0000%,1,
Contact STARLINK-5155 - STARLINK-1580,11469.843,74930.157,13.2753%,7,
Contact STARLINK-5155 - STARLINK-31812,1481.915,84918.085,1.7152%,3,
Contact STARLINK-5155 - STARLINK-31931,0.000,86400.000,0.0000%,0,
Contact STARLINK-5155 - STARLINK-2658,0.000,86400.000,0.0000%,0,
Contact STARLINK-5155 - STARLINK-5952,0.000,86400.000,0.0000%,0,
Contact STARLINK-5155 - STARLINK-1323,37021.569,49378.431,42.8490%,6,
Contact STARLINK-5155 - STARLINK-3601,0.000,86400.000,0.0000%,0,
Contact STARLINK-5155 - STARLINK-3603,0.000,86400.000,0.0000%,0,
Contact STARLINK-5155 - STARLINK-3969,7932.159,78467.841,9.1807%,6,
Contact STARLINK-5155 - STARLINK-4201,86400.000,0.000,100.0000%,1,
Contact STARLINK-5155 - STARLINK-31060,11256.493,75143.507,13.0283%,2,
Contact STARLINK-5155 - STARLINK-5972,12033.904,74366.096,13.9281%,6,
Contact STARLINK-5155 - STARLINK-2047,0.000,86400.000,0.0000%,0,
Contact STARLINK-5155 - STARLINK-30145,0.000,86400.000,0.0000%,0,
Contact STARLINK-5155 - STARLINK-32210,86400.000,0.000,100.0000%,1,
Contact STARLINK-5155 - STARLINK-30549,0.000,86400.000,0.0000%,0,
Contact STARLINK-5155 - STARLINK-1463,0.000,86400.000,0.0000%,0,
Contact STARLINK-5155 - STARLINK-6241,0.000,86400.000,0.0000%,0,
Contact STARLINK-5155 - STARLINK-30486,0.000,86400.000,0.0000%,0,
Contact STARLINK-5155 - STARLINK-5565,0.000,86400.000,0.0000%,0,
Contact STARLINK-5155 - STARLINK-31530,7158.970,79241.030,8.2858%,5,
Contact STARLINK-5155 - STARLINK-1227,0.000,86400.000,0.0000%,0,
Contact STARLINK-5155 - STARLINK-5093,6053.120,80346.880,7.0059%,6,
Contact STARLINK-5155 - STARLINK-2556,0.000,86400.000,0.0000%,0,
Contact STARLINK-5155 - STARLINK-5591,67299.820,19100.180,77.8933%,6,
Contact STARLINK-5155 - STARLINK-1073,0.000,86400.000,0.0000%,0,
Contact STARLINK-5155 - STARLINK-32088,20318.573,66081.427,23.5169%,1,
Contact STARLINK-5155 - STARLINK-5829,23923.406,62476.594,27.6891%,6,
Contact STARLINK-5155 - STARLINK-3325,2775.121,83624.879,3.2119%,5,
Contact STARLINK-5155 - STARLINK-5850,86400.000,0.000,100.0000%,1,
Contact STARLINK-5155 - STARLINK-31979,0.000,86400.000,0.0000%,0,
Contact STARLINK-5155 - STARLINK-31939,4578.300,81821.700,5.2990%,2,
Contact STARLINK-5155 - STARLINK-2424,0.000,86400.000,0.0000%,0,
Contact STARLINK-5155 - STARLINK-30754,0.000,86400.000,0.0000%,0,
Contact STARLINK-5155 - STARLINK-3832,0.000,86400.000,0.0000%,0,
Contact STARLINK-5155 - STARLINK-5453,11031.267,75368.733,12.7677%,6,
Contact STARLINK-5155 - STARLINK-31082,59787.628,26612.372,69.1986%,6,
Contact STARLINK-5155 - STARLINK-4569,36715.866,49684.134,42.4952%,6,
Contact STARLINK-5155 - STARLINK-1776,0.000,86400.000,0.0000%,0,
Contact STARLINK-5155 - STARLINK-6199,0.000,86400.000,0.0000%,0,
Contact STARLINK-5155 - STARLINK-4328,13842.985,72557.015,16.0220%,6,
Contact STARLINK-5155 - STARLINK-2214,3479.712,82920.288,4.0274%,6,
Contact STARLINK-5155 - STARLINK-5737,0.000,86400.000,0.0000%,0,
Contact STARLINK-5155 - STARLINK-3506,0.000,86400.000,0.0000%,0,
Contact STARLINK-5155 - STARLINK-11136 [DTC],2833.853,83566.147,3.2799%,4,
Contact STARLINK-5155 - STARLINK-31325,21476.510,64923.490,24.8571%,3,
Contact STARLINK-5155 - STARLINK-5628,0.000,86400.000,0.0000%,0,
Contact STARLINK-5155 - STARLINK-5231,0.000,86400.000,0.0000%,0,
Contact STARLINK-5155 - STARLINK-11092 [DTC],8709.955,77690.045,10.0810%,3,
Contact STARLINK-5155 - STARLINK-11072 [DTC],29426.425,56973.575,34.0584%,1,
Contact STARLINK-5155 - STARLINK-5176,0.000,86400.000,0.0000%,0,
Contact STARLINK-5155 - STARLINK-2042,0.000,86400.000,0.0000%,0,
Contact STARLINK-5155 - STARLINK-5503,0.000,86400.000,0.0000%,0,
Contact STARLINK-5155 - STARLINK-6319,134.313,86265.687,0.1555%,1,
Contact STARLINK-5155 - STARLINK-4522,0.000,86400.000,0.0000%,0,
Contact STARLINK-5155 - MoonARTEMIS1,76068.041,10331.959,88.0417%,7,
Contact STARLINK-5155 - MoonARTEMIS2,76043.535,10356.465,88.0134%,7,
Contact STARLINK-5155 - MoonIOAGEO,71937.181,14462.819,83.2606%,7,
Contact STARLINK-5155 - MoonIOAGNO,78355.884,8044.116,90.6897%,7,
Contact STARLINK-5155 - MoonIOAGNO 0001,78281.948,8118.052,90.6041%,7,
Contact STARLINK-5155 - MoonIOAGSO,76300.887,10099.113,88.3112%,7,
Contact STARLINK-5155 - MoonIOAGSO 0001,77877.735,8522.265,90.1363%,7,
Contact STARLINK-5155 - MoonLRO,37579.759,48820.241,43.4951%,9,
Contact STARLINK-5155 - MarsSat1,70191.142,16208.858,81.2397%,9,
Contact STARLINK-5155 - MarsSat2,70191.506,16208.494,81.2402%,9,
Contact STARLINK-5155 - MarsSat3,70191.325,16208.675,81.2400%,9,
Contact STARLINK-5155 - MarsSat4,70191.258,16208.742,81.2399%,9,
Contact STARLINK-3295 - STARLINK-30610,7549.735,78850.265,8.7381%,6,
Contact STARLINK-3295 - STARLINK-3050,53533.356,32866.644,61.9599%,7,
Contact STARLINK-3295 - STARLINK-31138,0.000,86400.000,0.0000%,0,
Contact STARLINK-3295 - STARLINK-30255,0.000,86400.000,0.0000%,0,
Contact STARLINK-3295 - STARLINK-2736,0.000,86400.000,0.0000%,0,
Contact STARLINK-3295 - STARLINK-5960,0.000,86400.000,0.0000%,0,
Contact STARLINK-3295 - STARLINK-4170,0.000,86400.000,0.0000%,0,
Contact STARLINK-3295 - STARLINK-31673,0.000,86400.000,0.0000%,0,
Contact STARLINK-3295 - STARLINK-32223,463.580,85936.420,0.5366%,1,
Contact STARLINK-3295 - STARLINK-5061,0.000,86400.000,0.0000%,0,
Contact STARLINK-3295 - STARLINK-2127,0.000,86400.000,0.0000%,0,
Contact STARLINK-3295 - STARLINK-30756,0.000,86400.000,0.0000%,0,
Contact STARLINK-3295 - STARLINK-1580,0.000,86400.000,0.0000%,0,
Contact STARLINK-3295 - STARLINK-31812,0.000,86400.000,0.0000%,0,
Contact STARLINK-3295 - STARLINK-31931,50038.881,36361.119,57.9154%,2,
Contact STARLINK-3295 - STARLINK-2658,86400.000,0.000,100.0000%,1,
Contact STARLINK-3295 - STARLINK-5952,0.000,86400.000,0.0000%,0,
Contact STARLINK-3295 - STARLINK-1323,0.000,86400.000,0.0000%,0,
Contact STARLINK-3295 - STARLINK-3601,3295.017,83104.983,3.8137%,5,
Contact STARLINK-3295 - STARLINK-3603,691.568,85708.432,0.8004%,2,
Contact STARLINK-3295 - STARLINK-3969,0.000,86400.000,0.0000%,0,
Contact STARLINK-3295 - STARLINK-4201,0.000,86400.000,0.0000%,0,
Contact STARLINK-3295 - STARLINK-31060,393.399,86006.601,0.4553%,1,
Contact STARLINK-3295 - STARLINK-5972,0.000,86400.000,0.0000%,0,
Contact STARLINK-3295 - STARLINK-2047,0.000,86400.000,0.0000%,0,
Contact STARLINK-3295 - STARLINK-30145,0.000,86400.000,0.0000%,0,
Contact STARLINK-3295 - STARLINK-32210,0.000,86400.000,0.0000%,0,
Contact STARLINK-3295 - STARLINK-30549,19242.096,67157.904,22.2709%,4,
Contact STARLINK-3295 - STARLINK-1463,0.000,86400.000,0.0000%,0,
Contact STARLINK-3295 - STARLINK-6241,18083.699,68316.301,20.9302%,6,
Contact STARLINK-3295 - STARLINK-30486,0.000,86400.000,0.0000%,0,
Contact STARLINK-3295 - STARLINK-5565,10309.406,76090.594,11.9322%,6,
Contact STARLINK-3295 - STARLINK-31530,0.000,86400.000,0.0000%,0,
Contact STARLINK-3295 - STARLINK-1227,878.875,85521.125,1.0172%,3,
Contact STARLINK-3295 - STARLINK-5093,0.000,86400.000,0.0000%,0,
Contact STARLINK-3295 - STARLINK-2556,0.000,86400.000,0.0000%,0,
Contact STARLINK-3295 - STARLINK-5591,0.000,86400.000,0.0000%,0,
Contact STARLINK-3295 - STARLINK-1073,3321.977,83078.023,3.8449%,5,
Contact STARLINK-3295 - STARLINK-32088,4032.980,82367.020,4.6678%,5,
Contact STARLINK-3295 - STARLINK-5829,0.000,86400.000,0.0000%,0,
Contact STARLINK-3295 - STARLINK-3325,0.000,86400.000,0.0000%,0,
Contact STARLINK-3295 - STARLINK-5850,0.000,86400.000,0.0000%,0,
Contact STARLINK-3295 - STARLINK-31979,23100.719,63299.281,26.7369%,5,
Contact STARLINK-3295 - STARLINK-31939,346.656,86053.344,0.4012%,1,
Contact STARLINK-3295 - STARLINK-2424,0.000,86400.000,0.0000%,0,
Contact STARLINK-3295 - STARLINK-30754,0.000,86400.000,0.0000%,0,
Contact STARLINK-3295 - STARLINK-3832,0.000,86400.000,0.0000%,0,
Contact STARLINK-3295 - STARLINK-5453,0.000,86400.000,0.0000%,0,
Contact STARLINK-3295 - STARLINK-31082,0.000,86400.000,0.0000%,0,
Contact STARLINK-3295 - STARLINK-4569,7905.271,78494.729,9.1496%,7,
Contact STARLINK-3295 - STARLINK-1776,0.000,86400.000,0.0000%,0,
Contact STARLINK-3295 - STARLINK-6199,78668.507,7731.493,91.0515%,7,
Contact STARLINK-3295 - STARLINK-4328,21492.782,64907.218,24.8759%,7,
Contact STARLINK-3295 - STARLINK-2214,0.000,86400.000,0.0000%,0,
Contact STARLINK-3295 - STARLINK-5737,0.000,86400.000,0.0000%,0,
Contact STARLINK-3295 - STARLINK-3506,2920.111,83479.889,3.3798%,5,
Contact STARLINK-3295 - STARLINK-11136 [DTC],32259.709,54140.291,37.3376%,1,
Contact STARLINK-3295 - STARLINK-31325,0.000,86400.000,0.0000%,0,
Contact STARLINK-3295 - STARLINK-5628,86400.000,0.000,100.0000%,1,
Contact STARLINK-3295 - STARLINK-5231,0.000,86400.000,0.0000%,0,
Contact STARLINK-3295 - STARLINK-11092 [DTC],781.316,85618.684,0.9043%,1,
Contact STARLINK-3295 - STARLINK-11072 [DTC],0.000,86400.000,0.0000%,0,
Contact STARLINK-3295 - STARLINK-5176,8186.762,78213.238,9.4754%,6,
Contact STARLINK-3295 - STARLINK-2042,0.000,86400.000,0.0000%,0,
Contact STARLINK-3295 - STARLINK-5503,0.000,86400.000,0.0000%,0,
Contact STARLINK-3295 - STARLINK-6319,0.000,86400.000,0.0000%,0,
Contact STARLINK-3295 - STARLINK-4522,832.269,85567.731,0.9633%,2,
Contact STARLINK-3295 - MoonARTEMIS1,69428.773,16971.227,80.3574%,8,
Contact STARLINK-3295 - MoonARTEMIS2,69596.228,16803.772,80.5512%,9,
Contact STARLINK-3295 - MoonIOAGEO,59765.536,26634.464,69.1731%,9,
Contact STARLINK-3295 - MoonIOAGNO,71686.194,14713.806,82.9701%,9,
Contact STARLINK-3295 - MoonIOAGNO 0001,71660.029,14739.971,82.9398%,9,
Contact STARLINK-3295 - MoonIOAGSO,70071.868,16328.132,81.1017%,9,
Contact STARLINK-3295 - MoonIOAGSO 0001,70829.803,15570.197,81.9789%,9,
Contact STARLINK-3295 - MoonLRO,25598.570,60801.430,29.6280%,8,
Contact STARLINK-3295 - MarsSat1,74585.316,11814.684,86.3256%,8,
Contact STARLINK-3295 - MarsSat2,74586.635,11813.365,86.3271%,8,
Contact STARLINK-3295 - MarsSat3,74585.683,11814.317,86.3260%,8,
Contact STARLINK-3295 - MarsSat4,74585.361,11814.639,86.3256%,8,
Contact STARLINK-30610 - STARLINK-3050,5025.234,81374.766,5.8162%,6,
Contact STARLINK-30610 - STARLINK-31138,0.000,86400.000,0.0000%,0,
Contact STARLINK-30610 - STARLINK-30255,0.000,86400.000,0.0000%,0,
Contact STARLINK-30610 - STARLINK-2736,0.000,86400.000,0.0000%,0,
Contact STARLINK-30610 - STARLINK-5960,0.000,86400.000,0.0000%,0,
Contact STARLINK-30610 - STARLINK-4170,0.000,86400.000,0.0000%,0,
Contact STARLINK-30610 - STARLINK-31673,0.000,86400.000,0.0000%,0,
Contact STARLINK-30610 - STARLINK-32223,27351.518,59048.482,31.6568%,1,
Contact STARLINK-30610 - STARLINK-5061,0.000,86400.000,0.0000%,0,
Contact STARLINK-30610 - STARLINK-2127,0.000,86400.000,0.0000%,0,
Contact STARLINK-30610 - STARLINK-30756,0.000,86400.000,0.0000%,0,
Contact STARLINK-30610 - STARLINK-1580,0.000,86400.000,0.0000%,0,
Contact STARLINK-30610 - STARLINK-31812,0.000,86400.000,0.0000%,0,
Contact STARLINK-30610 - STARLINK-31931,16067.348,70332.652,18.5965%,5,
Contact STARLINK-30610 - STARLINK-2658,17767.072,68632.928,20.5637%,6,
Contact STARLINK-30610 - STARLINK-5952,0.000,86400.000,0.0000%,0,
Contact STARLINK-30610 - STARLINK-1323,0.000,86400.000,0.0000%,0,
Contact STARLINK-30610 - STARLINK-3601,86400.000,0.000,100.0000%,1,
Contact STARLINK-30610 - STARLINK-3603,86400.000,0.000,100.0000%,1,
Contact STARLINK-30610 - STARLINK-3969,0.000,86400.000,0.0000%,0,
Contact STARLINK-30610 - STARLINK-4201,0.000,86400.000,0.0000%,0,
Contact STARLINK-30610 - STARLINK-31060,163.256,86236.744,0.1890%,1,
Contact STARLINK-30610 - STARLINK-5972,0.000,86400.000,0.0000%,0,
Contact STARLINK-30610 - STARLINK-2047,0.000,86400.000,0.0000%,0,
Contact STARLINK-30610 - STARLINK-30145,0.000,86400.000,0.0000%,0,
Contact STARLINK-30610 - STARLINK-32210,0.000,86400.000,0.0000%,0,
Contact STARLINK-30610 - STARLINK-30549,5388.245,81011.755,6.2364%,3,
Contact STARLINK-30610 - STARLINK-1463,0.000,86400.000,0.0000%,0,
Contact STARLINK-30610 - STARLINK-6241,40322.015,46077.985,46.6690%,7,
Contact STARLINK-30610 - STARLINK-30486,0.000,86400.000,0.0000%,0,
Contact STARLINK-30610 - STARLINK-5565,0.000,86400.000,0.0000%,0,
Contact STARLINK-30610 - STARLINK-31530,0.000,86400.000,0.0000%,0,
Contact STARLINK-30610 - STARLINK-1227,0.000,86400.000,0.0000%,0,
Contact STARLINK-30610 - STARLINK-5093,0.000,86400.000,0.0000%,0,
Contact STARLINK-30610 - STARLINK-2556,0.000,86400.000,0.0000%,0,
Contact STARLINK-30610 - STARLINK-5591,0.000,86400.000,0.0000%,0,
Contact STARLINK-30610 - STARLINK-1073,86400.000,0.000,100.0000%,1,
Contact STARLINK-30610 - STARLINK-32088,37917.262,48482.738,43.8857%,1,
Contact STARLINK-30610 - STARLINK-5829,0.000,86400.000,0.0000%,0,
Contact STARLINK-30610 - STARLINK-3325,0.000,86400.000,0.0000%,0,
Contact STARLINK-30610 - STARLINK-5850,0.000,86400.000,0.0000%,0,
Contact STARLINK-30610 - STARLINK-31979,8804.185,77595.815,10.1900%,4,
Contact STARLINK-30610 - STARLINK-31939,5156.190,81243.810,5.9678%,3,
Contact STARLINK-30610 - STARLINK-2424,0.000,86400.000,0.0000%,0,
Contact STARLINK-30610 - STARLINK-30754,0.000,86400.000,0.0000%,0,
Contact STARLINK-30610 - STARLINK-3832,78647.506,7752.494,91.0272%,7,
Contact STARLINK-30610 - STARLINK-5453,0.000,86400.000,0.0000%,0,
Contact STARLINK-30610 - STARLINK-31082,0.000,86400.000,0.0000%,0,
Contact STARLINK-30610 - STARLINK-4569,0.000,86400.000,0.0000%,0,
Contact STARLINK-30610 - STARLINK-1776,59153.301,27246.699,68.4645%,7,
Contact STARLINK-30610 - STARLINK-6199,30171.518,56228.482,34.9207%,6,
Contact STARLINK-30610 - STARLINK-4328,0.000,86400.000,0.0000%,0,
Contact STARLINK-30610 - STARLINK-2214,0.000,86400.000,0.0000%,0,
Contact STARLINK-30610 - STARLINK-5737,0.000,86400.000,0.0000%,0,
Contact STARLINK-30610 - STARLINK-3506,86400.000,0.000,100.0000%,1,
Contact STARLINK-30610 - STARLINK-11136 [DTC],1814.384,84585.616,2.1000%,3,
Contact STARLINK-30610 - STARLINK-31325,3763.179,82636.821,4.3555%,1,
Contact STARLINK-30610 - STARLINK-5628,0.000,86400.000,0.0000%,0,
Contact STARLINK-30610 - STARLINK-5231,0.000,86400.000,0.0000%,0,
Contact STARLINK-30610 - STARLINK-11092 [DTC],0.000,86400.000,0.0000%,0,
Contact STARLINK-30610 - STARLINK-11072 [DTC],7575.072,78824.928,8.7674%,2,
Contact STARLINK-30610 - STARLINK-5176,86400.000,0.000,100.0000%,1,
Contact STARLINK-30610 - STARLINK-2042,492.426,85907.574,0.5699%,1,
Contact STARLINK-30610 - STARLINK-5503,0.000,86400.000,0.0000%,0,
Contact STARLINK-30610 - STARLINK-6319,0.000,86400.000,0.0000%,0,
Contact STARLINK-30610 - STARLINK-4522,2634.196,83765.804,3.0488%,4,
Contact STARLINK-30610 - MoonARTEMIS1,66380.592,20019.408,76.8294%,9,
Contact STARLINK-30610 - MoonARTEMIS2,67669.648,18730.352,78.3214%,10,
Contact STARLINK-30610 - MoonIOAGEO,61005.189,25394.811,70.6079%,10,
Contact STARLINK-30610 - MoonIOAGNO,69190.925,17209.075,80.0821%,10,
Contact STARLINK-30610 - MoonIOAGNO 0001,69192.176,17207.824,80.0835%,10,
Contact STARLINK-30610 - MoonIOAGSO,67123.070,19276.930,77.6887%,10,
Contact STARLINK-30610 - MoonIOAGSO 0001,67387.039,19012.961,77.9943%,10,
Contact STARLINK-30610 - MoonLRO,19710.994,66689.006,22.8137%,7,
Contact STARLINK-30610 - MarsSat1,68212.733,18187.267,78.9499%,9,
Contact STARLINK-30610 - MarsSat2,68212.877,18187.123,78.9501%,9,
Contact STARLINK-30610 - MarsSat3,68212.786,18187.214,78.9500%,9,
Contact STARLINK-30610 - MarsSat4,68212.790,18187.210,78.9500%,9,
Contact STARLINK-3050 - STARLINK-31138,0.000,86400.000,0.0000%,0,
Contact STARLINK-3050 - STARLINK-30255,3700.768,82699.232,4.2833%,6,
Contact STARLINK-3050 - STARLINK-2736,0.000,86400.000,0.0000%,0,
Contact STARLINK-3050 - STARLINK-5960,0.000,86400.000,0.0000%,0,
Contact STARLINK-3050 - STARLINK-4170,0.000,86400.000,0.0000%,0,
Contact STARLINK-3050 - STARLINK-31673,0.000,86400.000,0.0000%,0,
Contact STARLINK-3050 - STARLINK-32223,6418.832,79981.168,7.4292%,5,
Contact STARLINK-3050 - STARLINK-5061,0.000,86400.000,0.0000%,0,
Contact STARLINK-3050 - STARLINK-2127,0.000,86400.000,0.0000%,0,
Contact STARLINK-3050 - STARLINK-30756,0.000,86400.000,0.0000%,0,
Contact STARLINK-3050 - STARLINK-1580,0.000,86400.000,0.0000%,0,
Contact STARLINK-3050 - STARLINK-31812,0.000,86400.000,0.0000%,0,
Contact STARLINK-3050 - STARLINK-31931,6757.894,79642.106,7.8216%,4,
Contact STARLINK-3050 - STARLINK-2658,33891.003,52508.997,39.2257%,7,
Contact STARLINK-3050 - STARLINK-5952,1207.961,85192.039,1.3981%,4,
Contact STARLINK-3050 - STARLINK-1323,0.000,86400.000,0.0000%,0,
Contact STARLINK-3050 - STARLINK-3601,4675.650,81724.350,5.4116%,6,
Contact STARLINK-3050 - STARLINK-3603,5077.715,81322.285,5.8770%,6,
Contact STARLINK-3050 - STARLINK-3969,0.000,86400.000,0.0000%,0,
Contact STARLINK-3050 - STARLINK-4201,0.000,86400.000,0.0000%,0,
Contact STARLINK-3050 - STARLINK-31060,647.961,85752.039,0.7500%,1,
Contact STARLINK-3050 - STARLINK-5972,0.000,86400.000,0.0000%,0,
Contact STARLINK-3050 - STARLINK-2047,0.000,86400.000,0.0000%,0,
Contact STARLINK-3050 - STARLINK-30145,640.964,85759.036,0.7419%,2,
Contact STARLINK-3050 - STARLINK-32210,0.000,86400.000,0.0000%,0,
Contact STARLINK-3050 - STARLINK-30549,53831.810,32568.190,62.3053%,1,
Contact STARLINK-3050 - STARLINK-1463,0.000,86400.000,0.0000%,0,
Contact STARLINK-3050 - STARLINK-6241,0.000,86400.000,0.0000%,0,
Contact STARLINK-3050 - STARLINK-30486,414.563,85985.437,0.4798%,2,
Contact STARLINK-3050 - STARLINK-5565,86400.000,0.000,100.0000%,1,
Contact STARLINK-3050 - STARLINK-31530,0.000,86400.000,0.0000%,0,
Contact STARLINK-3050 - STARLINK-1227,9032.465,77367.535,10.4542%,6,
Contact STARLINK-3050 - STARLINK-5093,0.000,86400.000,0.0000%,0,
Contact STARLINK-3050 - STARLINK-2556,68669.649,17730.351,79.4788%,2,
Contact STARLINK-3050 - STARLINK-5591,0.000,86400.000,0.0000%,0,
Contact STARLINK-3050 - STARLINK-1073,4991.705,81408.295,5.7774%,6,
Contact STARLINK-3050 - STARLINK-32088,1206.723,85193.277,1.3967%,2,
Contact STARLINK-3050 - STARLINK-5829,0.000,86400.000,0.0000%,0,
Contact STARLINK-3050 - STARLINK-3325,0.000,86400.000,0.0000%,0,
Contact STARLINK-3050 - STARLINK-5850,0.000,86400.000,0.0000%,0,
Contact STARLINK-3050 - STARLINK-31979,58639.327,27760.673,67.8696%,1,
Contact STARLINK-3050 - STARLINK-31939,7490.148,78909.852,8.6692%,1,
Contact STARLINK-3050 - STARLINK-2424,0.000,86400.000,0.0000%,0,
Contact STARLINK-3050 - STARLINK-30754,1248.044,85151.956,1.4445%,2,
Contact STARLINK-3050 - STARLINK-3832,4633.054,81766.946,5.3623%,6,
Contact STARLINK-3050 - STARLINK-5453,0.000,86400.000,0.0000%,0,
Contact STARLINK-3050 - STARLINK-31082,0.000,86400.000,0.0000%,0,
Contact STARLINK-3050 - STARLINK-4569,4196.809,82203.191,4.8574%,7,
Contact STARLINK-3050 - STARLINK-1776,3289.980,83110.020,3.8078%,4,
Contact STARLINK-3050 - STARLINK-6199,79141.461,7258.539,91.5989%,2,
Contact STARLINK-3050 - STARLINK-4328,4915.058,81484.942,5.6887%,7,
Contact STARLINK-3050 - STARLINK-2214,0.000,86400.000,0.0000%,0,
Contact STARLINK-3050 - STARLINK-5737,0.000,86400.000,0.0000%,0,
Contact STARLINK-3050 - STARLINK-3506,4857.987,81542.013,5.6227%,6,
Contact STARLINK-3050 - STARLINK-11136 [DTC],5478.589,80921.411,6.3410%,3,
Contact STARLINK-3050 - STARLINK-31325,0.000,86400.000,0.0000%,0,
Contact STARLINK-3050 - STARLINK-5628,23563.877,62836.123,27.2730%,7,
Contact STARLINK-3050 - STARLINK-5231,0.000,86400.000,0.0000%,0,
Contact STARLINK-3050 - STARLINK-11092 [DTC],18640.935,67759.065,21.5752%,1,
Contact STARLINK-3050 - STARLINK-11072 [DTC],860.437,85539.563,0.9959%,1,
Contact STARLINK-3050 - STARLINK-5176,2376.228,84023.772,2.7503%,4,
Contact STARLINK-3050 - STARLINK-2042,0.000,86400.000,0.0000%,0,
Contact STARLINK-3050 - STARLINK-5503,0.000,86400.000,0.0000%,0,
Contact STARLINK-3050 - STARLINK-6319,0.000,86400.000,0.0000%,0,
Contact STARLINK-3050 - STARLINK-4522,65661.883,20738.117,75.9975%,1,
Contact STARLINK-3050 - MoonARTEMIS1,64804.905,21595.095,75.0057%,9,
Contact STARLINK-3050 - MoonARTEMIS2,66504.126,19895.874,76.9724%,10,
Contact STARLINK-3050 - MoonIOAGEO,59907.268,26492.732,69.3371%,10,
Contact STARLINK-3050 - MoonIOAGNO,67672.800,18727.200,78.3250%,10,
Contact STARLINK-3050 - MoonIOAGNO 0001,67675.800,18724.200,78.3285%,10,
Contact STARLINK-3050 - MoonIOAGSO,69811.712,16588.288,80.8006%,9,
Contact STARLINK-3050 - MoonIOAGSO 0001,66020.793,20379.207,76.4130%,10,
Contact STARLINK-3050 - MoonLRO,19303.739,67096.261,22.3423%,7,
Contact STARLINK-3050 - MarsSat1,83075.779,3324.221,96.1525%,5,
Contact STARLINK-3050 - MarsSat2,83071.215,3328.785,96.1472%,5,
Contact STARLINK-3050 - MarsSat3,83075.020,3324.980,96.1516%,5,
Contact STARLINK-3050 - MarsSat4,83075.541,3324.459,96.1522%,5,
Contact STARLINK-31138 - STARLINK-30255,139.395,86260.605,0.1613%,1,
Contact STARLINK-31138 - STARLINK-2736,82774.907,3625.093,95.8043%,1,
Contact STARLINK-31138 - STARLINK-5960,5750.785,80649.215,6.6560%,4,
Contact STARLINK-31138 - STARLINK-4170,1083.012,85316.988,1.2535%,1,
Contact STARLINK-31138 - STARLINK-31673,2441.829,83958.171,2.8262%,4,
Contact STARLINK-31138 - STARLINK-32223,0.000,86400.000,0.0000%,0,
Contact STARLINK-31138 - STARLINK-5061,4551.603,81848.397,5.2681%,3,
Contact STARLINK-31138 - STARLINK-2127,29044.427,57355.573,33.6162%,5,
Contact STARLINK-31138 - STARLINK-30756,37197.763,49202.237,43.0530%,6,
Contact STARLINK-31138 - STARLINK-1580,28959.536,57440.464,33.5180%,1,
Contact STARLINK-31138 - STARLINK-31812,46091.554,40308.446,53.3467%,1,
Contact STARLINK-31138 - STARLINK-31931,0.000,86400.000,0.0000%,0,
Contact STARLINK-31138 - STARLINK-2658,0.000,86400.000,0.0000%,0,
Contact STARLINK-31138 - STARLINK-5952,975.525,85424.475,1.1291%,2,
Contact STARLINK-31138 - STARLINK-1323,86400.000,0.000,100.0000%,1,
Contact STARLINK-31138 - STARLINK-3601,0.000,86400.000,0.0000%,0,
Contact STARLINK-31138 - STARLINK-3603,0.000,86400.000,0.0000%,0,
Contact STARLINK-31138 - STARLINK-3969,85914.803,485.197,99.4384%,2,
Contact STARLINK-31138 - STARLINK-4201,37207.287,49192.713,43.0640%,7,
Contact STARLINK-31138 - STARLINK-31060,6038.220,80361.780,6.9887%,4,
Contact STARLINK-31138 - STARLINK-5972,15549.546,70850.454,17.9972%,4,
Contact STARLINK-31138 - STARLINK-2047,0.000,86400.000,0.0000%,0,
Contact STARLINK-31138 - STARLINK-30145,0.000,86400.000,0.0000%,0,
Contact STARLINK-31138 - STARLINK-32210,12657.409,73742.591,14.6498%,7,
Contact STARLINK-31138 - STARLINK-30549,0.000,86400.000,0.0000%,0,
Contact STARLINK-31138 - STARLINK-1463,16977.404,69422.596,19.6498%,5,
Contact STARLINK-31138 - STARLINK-6241,0.000,86400.000,0.0000%,0,
Contact STARLINK-31138 - STARLINK-30486,1118.247,85281.753,1.2943%,2,
Contact STARLINK-31138 - STARLINK-5565,0.000,86400.000,0.0000%,0,
Contact STARLINK-31138 - STARLINK-31530,0.000,86400.000,0.0000%,0,
Contact STARLINK-31138 - STARLINK-1227,0.000,86400.000,0.0000%,0,
Contact STARLINK-31138 - STARLINK-5093,12264.953,74135.047,14.1955%,3,
Contact STARLINK-31138 - STARLINK-2556,0.000,86400.000,0.0000%,0,
Contact STARLINK-31138 - STARLINK-5591,56834.384,29565.616,65.7805%,3,
Contact STARLINK-31138 - STARLINK-1073,0.000,86400.000,0.0000%,0,
Contact STARLINK-31138 - STARLINK-32088,0.000,86400.000,0.0000%,0,
Contact STARLINK-31138 - STARLINK-5829,27743.555,58656.445,32.1106%,7,
Contact STARLINK-31138 - STARLINK-3325,62337.261,24062.739,72.1496%,7,
Contact STARLINK-31138 - STARLINK-5850,14301.182,72098.818,16.5523%,5,
Contact STARLINK-31138 - STARLINK-31979,0.000,86400.000,0.0000%,0,
Contact STARLINK-31138 - STARLINK-31939,0.000,86400.000,0.0000%,0,
Contact STARLINK-31138 - STARLINK-2424,11834.964,74565.036,13.6979%,7,
Contact STARLINK-31138 - STARLINK-30754,0.000,86400.000,0.0000%,0,
Contact STARLINK-31138 - STARLINK-3832,0.000,86400.000,0.0000%,0,
Contact STARLINK-31138 - STARLINK-5453,41320.812,45079.188,47.8250%,5,
Contact STARLINK-31138 - STARLINK-31082,68158.602,18241.398,78.8873%,2,
Contact STARLINK-31138 - STARLINK-4569,4473.716,81926.284,5.1779%,6,
Contact STARLINK-31138 - STARLINK-1776,0.000,86400.000,0.0000%,0,
Contact STARLINK-31138 - STARLINK-6199,0.000,86400.000,0.0000%,0,
Contact STARLINK-31138 - STARLINK-4328,668.139,85731.861,0.7733%,2,
Contact STARLINK-31138 - STARLINK-2214,0.000,86400.000,0.0000%,0,
Contact STARLINK-31138 - STARLINK-5737,5295.228,81104.772,6.1287%,3,
Contact STARLINK-31138 - STARLINK-3506,0.000,86400.000,0.0000%,0,
Contact STARLINK-31138 - STARLINK-11136 [DTC],0.000,86400.000,0.0000%,0,
Contact STARLINK-31138 - STARLINK-31325,0.000,86400.000,0.0000%,0,
Contact STARLINK-31138 - STARLINK-5628,0.000,86400.000,0.0000%,0,
Contact STARLINK-31138 - STARLINK-5231,7067.366,79332.634,8.1798%,5,
Contact STARLINK-31138 - STARLINK-11092 [DTC],35012.818,51387.182,40.5241%,1,
Contact STARLINK-31138 - STARLINK-11072 [DTC],12251.939,74148.061,14.1805%,3,
Contact STARLINK-31138 - STARLINK-5176,0.000,86400.000,0.0000%,0,
Contact STARLINK-31138 - STARLINK-2042,0.000,86400.000,0.0000%,0,
Contact STARLINK-31138 - STARLINK-5503,11602.290,74797.710,13.4286%,7,
Contact STARLINK-31138 - STARLINK-6319,9829.804,76570.196,11.3771%,1,
Contact STARLINK-31138 - STARLINK-4522,0.000,86400.000,0.0000%,0,
Contact STARLINK-31138 - MoonARTEMIS1,65435.042,20964.958,75.7350%,9,
Contact STARLINK-31138 - MoonARTEMIS2,66595.771,19804.229,77.0784%,9,
Contact STARLINK-31138 - MoonIOAGEO,60021.555,26378.445,69.4694%,9,
Contact STARLINK-31138 - MoonIOAGNO,67829.713,18570.287,78.5066%,9,
Contact STARLINK-31138 - MoonIOAGNO 0001,67820.521,18579.479,78.4960%,9,
Contact STARLINK-31138 - MoonIOAGSO,66602.861,19797.139,77.0866%,9,
Contact STARLINK-31138 - MoonIOAGSO 0001,67772.059,18627.941,78.4399%,9,
Contact STARLINK-31138 - MoonLRO,31520.147,54879.853,36.4817%,8,
Contact STARLINK-31138 - MarsSat1,69639.009,16760.991,80.6007%,10,
Contact STARLINK-31138 - MarsSat2,69638.252,16761.748,80.5998%,10,
Contact STARLINK-31138 - MarsSat3,69638.788,16761.212,80.6004%,10,
Contact STARLINK-31138 - MarsSat4,69638.883,16761.117,80.6006%,10,
Contact STARLINK-30255 - STARLINK-2736,724.622,85675.378,0.8387%,2,
Contact STARLINK-30255 - STARLINK-5960,0.000,86400.000,0.0000%,0,
Contact STARLINK-30255 - STARLINK-4170,17769.686,68630.314,20.5668%,7,
Contact STARLINK-30255 - STARLINK-31673,0.000,86400.000,0.0000%,0,
Contact STARLINK-30255 - STARLINK-32223,45263.248,41136.752,52.3880%,1,
Contact STARLINK-30255 - STARLINK-5061,54384.795,32015.205,62.9454%,2,
Contact STARLINK-30255 - STARLINK-2127,0.000,86400.000,0.0000%,0,
Contact STARLINK-30255 - STARLINK-30756,0.000,86400.000,0.0000%,0,
Contact STARLINK-30255 - STARLINK-1580,0.000,86400.000,0.0000%,0,
Contact STARLINK-30255 - STARLINK-31812,3835.996,82564.004,4.4398%,5,
Contact STARLINK-30255 - STARLINK-31931,0.000,86400.000,0.0000%,0,
Contact STARLINK-30255 - STARLINK-2658,0.000,86400.000,0.0000%,0,
Contact STARLINK-30255 - STARLINK-5952,86400.000,0.000,100.0000%,1,
Contact STARLINK-30255 - STARLINK-1323,0.000,86400.000,0.0000%,0,
Contact STARLINK-30255 - STARLINK-3601,0.000,86400.000,0.0000%,0,
Contact STARLINK-30255 - STARLINK-3603,0.000,86400.000,0.0000%,0,
Contact STARLINK-30255 - STARLINK-3969,0.000,86400.000,0.0000%,0,
Contact STARLINK-30255 - STARLINK-4201,0.000,86400.000,0.0000%,0,
Contact STARLINK-30255 - STARLINK-31060,31881.092,54518.908,36.8994%,1,
Contact STARLINK-30255 - STARLINK-5972,0.000,86400.000,0.0000%,0,
Contact STARLINK-30255 - STARLINK-2047,62272.629,24127.371,72.0748%,3,
Contact STARLINK-30255 - STARLINK-30145,42667.091,43732.909,49.3832%,6,
Contact STARLINK-30255 - STARLINK-32210,0.000,86400.000,0.0000%,0,
Contact STARLINK-30255 - STARLINK-30549,6729.111,79670.889,7.7883%,5,
Contact STARLINK-30255 - STARLINK-1463,24247.432,62152.568,28.0642%,6,
Contact STARLINK-30255 - STARLINK-6241,0.000,86400.000,0.0000%,0,
Contact STARLINK-30255 - STARLINK-30486,86400.000,0.000,100.0000%,1,
Contact STARLINK-30255 - STARLINK-5565,6435.955,79964.045,7.4490%,6,
Contact STARLINK-30255 - STARLINK-31530,0.000,86400.000,0.0000%,0,
Contact STARLINK-30255 - STARLINK-1227,78776.268,7623.732,91.1762%,2,
Contact STARLINK-30255 - STARLINK-5093,0.000,86400.000,0.0000%,0,
Contact STARLINK-30255 - STARLINK-2556,18403.822,67996.178,21.3007%,7,
Contact STARLINK-30255 - STARLINK-5591,0.000,86400.000,0.0000%,0,
Contact STARLINK-30255 - STARLINK-1073,0.000,86400.000,0.0000%,0,
Contact STARLINK-30255 - STARLINK-32088,0.000,86400.000,0.0000%,0,
Contact STARLINK-30255 - STARLINK-5829,0.000,86400.000,0.0000%,0,
Contact STARLINK-30255 - STARLINK-3325,2185.976,84214.024,2.5301%,3,
Contact STARLINK-30255 - STARLINK-5850,0.000,86400.000,0.0000%,0,
Contact STARLINK-30255 - STARLINK-31979,6375.655,80024.345,7.3792%,5,
Contact STARLINK-30255 - STARLINK-31939,0.000,86400.000,0.0000%,0,
Contact STARLINK-30255 - STARLINK-2424,48478.545,37921.455,56.1094%,6,
Contact STARLINK-30255 - STARLINK-30754,86400.000,0.000,100.0000%,1,
Contact STARLINK-30255 - STARLINK-3832,0.000,86400.000,0.0000%,0,
Contact STARLINK-30255 - STARLINK-5453,0.000,86400.000,0.0000%,0,
Contact STARLINK-30255 - STARLINK-31082,0.000,86400.000,0.0000%,0,
Contact STARLINK-30255 - STARLINK-4569,0.000,86400.000,0.0000%,0,
Contact STARLINK-30255 - STARLINK-1776,0.000,86400.000,0.0000%,0,
Contact STARLINK-30255 - STARLINK-6199,0.000,86400.000,0.0000%,0,
Contact STARLINK-30255 - STARLINK-4328,0.000,86400.000,0.0000%,0,
Contact STARLINK-30255 - STARLINK-2214,0.000,86400.000,0.0000%,0,
Contact STARLINK-30255 - STARLINK-5737,69579.173,16820.827,80.5315%,6,
Contact STARLINK-30255 - STARLINK-3506,0.000,86400.000,0.0000%,0,
Contact STARLINK-30255 - STARLINK-11136 [DTC],0.000,86400.000,0.0000%,0,
Contact STARLINK-30255 - STARLINK-31325,0.000,86400.000,0.0000%,0,
Contact STARLINK-30255 - STARLINK-5628,0.000,86400.000,0.0000%,0,
Contact STARLINK-30255 - STARLINK-5231,0.000,86400.000,0.0000%,0,
Contact STARLINK-30255 - STARLINK-11092 [DTC],4839.672,81560.328,5.6015%,2,
Contact STARLINK-30255 - STARLINK-11072 [DTC],9884.076,76515.924,11.4399%,1,
Contact STARLINK-30255 - STARLINK-5176,0.000,86400.000,0.0000%,0,
Contact STARLINK-30255 - STARLINK-2042,0.000,86400.000,0.0000%,0,
Contact STARLINK-30255 - STARLINK-5503,0.000,86400.000,0.0000%,0,
Contact STARLINK-30255 - STARLINK-6319,0.000,86400.000,0.0000%,0,
Contact STARLINK-30255 - STARLINK-4522,10633.257,75766.743,12.3070%,7,
Contact STARLINK-30255 - MoonARTEMIS1,70748.405,15651.595,81.8847%,8,
Contact STARLINK-30255 - MoonARTEMIS2,71554.973,14845.027,82.8183%,8,
Contact STARLINK-30255 - MoonIOAGEO,62737.928,23662.072,72.6133%,8,
Contact STARLINK-30255 - MoonIOAGNO,71575.307,14824.693,82.8418%,8,
Contact STARLINK-30255 - MoonIOAGNO 0001,71590.517,14809.483,82.8594%,8,
Contact STARLINK-30255 - MoonIOAGSO,69467.764,16932.236,80.4025%,8,
Contact STARLINK-30255 - MoonIOAGSO 0001,69469.869,16930.131,80.4049%,8,
Contact STARLINK-30255 - MoonLRO,35413.543,50986.457,40.9879%,6,
Contact STARLINK-30255 - MarsSat1,68349.608,18050.392,79.1083%,10,
Contact STARLINK-30255 - MarsSat2,68349.772,18050.228,79.1085%,10,
Contact STARLINK-30255 - MarsSat3,68349.689,18050.311,79.1084%,10,
Contact STARLINK-30255 - MarsSat4,68349.687,18050.313,79.1084%,10,
Contact STARLINK-2736 - STARLINK-5960,832.041,85567.959,0.9630%,2,
Contact STARLINK-2736 - STARLINK-4170,27271.593,59128.407,31.5643%,6,
Contact STARLINK-2736 - STARLINK-31673,0.000,86400.000,0.0000%,0,
Contact STARLINK-2736 - STARLINK-32223,0.000,86400.000,0.0000%,0,
Contact STARLINK-2736 - STARLINK-5061,3601.768,82798.232,4.1687%,5,
Contact STARLINK-2736 - STARLINK-2127,2335.568,84064.432,2.7032%,3,
Contact STARLINK-2736 - STARLINK-30756,27602.432,58797.568,31.9473%,6,
Contact STARLINK-2736 - STARLINK-1580,0.000,86400.000,0.0000%,0,
Contact STARLINK-2736 - STARLINK-31812,71673.308,14726.692,82.9552%,1,
Contact STARLINK-2736 - STARLINK-31931,0.000,86400.000,0.0000%,0,
Contact STARLINK-2736 - STARLINK-2658,0.000,86400.000,0.0000%,0,
Contact STARLINK-2736 - STARLINK-5952,1935.079,84464.921,2.2397%,3,
Contact STARLINK-2736 - STARLINK-1323,86400.000,0.000,100.0000%,1,
Contact STARLINK-2736 - STARLINK-3601,0.000,86400.000,0.0000%,0,
Contact STARLINK-2736 - STARLINK-3603,0.000,86400.000,0.0000%,0,
Contact STARLINK-2736 - STARLINK-3969,86400.000,0.000,100.0000%,1,
Contact STARLINK-2736 - STARLINK-4201,21311.442,65088.558,24.6660%,6,
Contact STARLINK-2736 - STARLINK-31060,3426.585,82973.415,3.9660%,5,
Contact STARLINK-2736 - STARLINK-5972,36006.073,50393.927,41.6737%,5,
Contact STARLINK-2736 - STARLINK-2047,849.326,85550.674,0.9830%,2,
Contact STARLINK-2736 - STARLINK-30145,1161.079,85238.921,1.3438%,2,
Contact STARLINK-2736 - STARLINK-32210,11313.447,75086.553,13.0943%,6,
Contact STARLINK-2736 - STARLINK-30549,0.000,86400.000,0.0000%,0,
Contact STARLINK-2736 - STARLINK-1463,27325.369,59074.631,31.6266%,7,
Contact STARLINK-2736 - STARLINK-6241,0.000,86400.000,0.0000%,0,
Contact STARLINK-2736 - STARLINK-30486,4062.783,82337.217,4.7023%,7,
Contact STARLINK-2736 - STARLINK-5565,0.000,86400.000,0.0000%,0,
Contact STARLINK-2736 - STARLINK-31530,0.000,86400.000,0.0000%,0,
Contact STARLINK-2736 - STARLINK-1227,0.000,86400.000,0.0000%,0,
Contact STARLINK-2736 - STARLINK-5093,35717.888,50682.112,41.3401%,5,
Contact STARLINK-2736 - STARLINK-2556,0.000,86400.000,0.0000%,0,
Contact STARLINK-2736 - STARLINK-5591,60998.040,25401.960,70.5996%,3,
Contact STARLINK-2736 - STARLINK-1073,0.000,86400.000,0.0000%,0,
Contact STARLINK-2736 - STARLINK-32088,0.000,86400.000,0.0000%,0,
Contact STARLINK-2736 - STARLINK-5829,55298.382,31101.618,64.0028%,7,
Contact STARLINK-2736 - STARLINK-3325,34070.691,52329.309,39.4337%,7,
Contact STARLINK-2736 - STARLINK-5850,6861.248,79538.752,7.9413%,5,
Contact STARLINK-2736 - STARLINK-31979,0.000,86400.000,0.0000%,0,
Contact STARLINK-2736 - STARLINK-31939,0.000,86400.000,0.0000%,0,
Contact STARLINK-2736 - STARLINK-2424,15190.125,71209.875,17.5812%,7,
Contact STARLINK-2736 - STARLINK-30754,0.000,86400.000,0.0000%,0,
Contact STARLINK-2736 - STARLINK-3832,0.000,86400.000,0.0000%,0,
Contact STARLINK-2736 - STARLINK-5453,70937.781,15462.219,82.1039%,6,
Contact STARLINK-2736 - STARLINK-31082,85828.321,571.679,99.3383%,1,
Contact STARLINK-2736 - STARLINK-4569,4489.123,81910.877,5.1957%,6,
Contact STARLINK-2736 - STARLINK-1776,0.000,86400.000,0.0000%,0,
Contact STARLINK-2736 - STARLINK-6199,0.000,86400.000,0.0000%,0,
Contact STARLINK-2736 - STARLINK-4328,306.094,86093.906,0.3543%,1,
Contact STARLINK-2736 - STARLINK-2214,0.000,86400.000,0.0000%,0,
Contact STARLINK-2736 - STARLINK-5737,11448.434,74951.566,13.2505%,7,
Contact STARLINK-2736 - STARLINK-3506,0.000,86400.000,0.0000%,0,
Contact STARLINK-2736 - STARLINK-11136 [DTC],0.000,86400.000,0.0000%,0,
Contact STARLINK-2736 - STARLINK-31325,0.000,86400.000,0.0000%,0,
Contact STARLINK-2736 - STARLINK-5628,0.000,86400.000,0.0000%,0,
Contact STARLINK-2736 - STARLINK-5231,11420.532,74979.468,13.2182%,6,
Contact STARLINK-2736 - STARLINK-11092 [DTC],35007.669,51392.331,40.5181%,1,
Contact STARLINK-2736 - STARLINK-11072 [DTC],14920.031,71479.969,17.2686%,4,
Contact STARLINK-2736 - STARLINK-5176,0.000,86400.000,0.0000%,0,
Contact STARLINK-2736 - STARLINK-2042,0.000,86400.000,0.0000%,0,
Contact STARLINK-2736 - STARLINK-5503,8304.970,78095.030,9.6122%,7,
Contact STARLINK-2736 - STARLINK-6319,0.000,86400.000,0.0000%,0,
Contact STARLINK-2736 - STARLINK-4522,0.000,86400.000,0.0000%,0,
Contact STARLINK-2736 - MoonARTEMIS1,66147.252,20252.748,76.5593%,9,
Contact STARLINK-2736 - MoonARTEMIS2,66169.266,20230.734,76.5848%,9,
Contact STARLINK-2736 - MoonIOAGEO,58421.256,27978.744,67.6172%,9,
Contact STARLINK-2736 - MoonIOAGNO,66152.137,20247.863,76.5650%,9,
Contact STARLINK-2736 - MoonIOAGNO 0001,66156.597,20243.403,76.5701%,9,
Contact STARLINK-2736 - MoonIOAGSO,64219.267,22180.733,74.3279%,9,
Contact STARLINK-2736 - MoonIOAGSO 0001,65616.341,20783.659,75.9448%,9,
Contact STARLINK-2736 - MoonLRO,34808.115,51591.885,40.2872%,9,
Contact STARLINK-2736 - MarsSat1,74535.240,11864.760,86.2676%,8,
Contact STARLINK-2736 - MarsSat2,74534.148,11865.852,86.2664%,8,
Contact STARLINK-2736 - MarsSat3,74534.984,11865.016,86.2673%,8,
Contact STARLINK-2736 - MarsSat4,74535.077,11864.923,86.2675%,8,
Contact STARLINK-5960 - STARLINK-4170,0.000,86400.000,0.0000%,0,
Contact STARLINK-5960 - STARLINK-31673,8783.057,77616.943,10.1656%,3,
Contact STARLINK-5960 - STARLINK-32223,0.000,86400.000,0.0000%,0,
Contact STARLINK-5960 - STARLINK-5061,0.000,86400.000,0.0000%,0,
Contact STARLINK-5960 - STARLINK-2127,71251.602,15148.398,82.4671%,6,
Contact STARLINK-5960 - STARLINK-30756,72404.309,13995.691,83.8013%,7,
Contact STARLINK-5960 - STARLINK-1580,8834.777,77565.223,10.2254%,6,
Contact STARLINK-5960 - STARLINK-31812,0.000,86400.000,0.0000%,0,
Contact STARLINK-5960 - STARLINK-31931,984.241,85415.759,1.1392%,2,
Contact STARLINK-5960 - STARLINK-2658,0.000,86400.000,0.0000%,0,
Contact STARLINK-5960 - STARLINK-5952,0.000,86400.000,0.0000%,0,
Contact STARLINK-5960 - STARLINK-1323,4002.905,82397.095,4.6330%,5,
Contact STARLINK-5960 - STARLINK-3601,0.000,86400.000,0.0000%,0,
Contact STARLINK-5960 - STARLINK-3603,0.000,86400.000,0.0000%,0,
Contact STARLINK-5960 - STARLINK-3969,0.000,86400.000,0.0000%,0,
Contact STARLINK-5960 - STARLINK-4201,78007.150,8392.850,90.2861%,7,
Contact STARLINK-5960 - STARLINK-31060,24705.171,61694.829,28.5939%,1,
Contact STARLINK-5960 - STARLINK-5972,4805.311,81594.689,5.5617%,6,
Contact STARLINK-5960 - STARLINK-2047,0.000,86400.000,0.0000%,0,
Contact STARLINK-5960 - STARLINK-30145,0.000,86400.000,0.0000%,0,
Contact STARLINK-5960 - STARLINK-32210,65586.018,20813.982,75.9097%,2,
Contact STARLINK-5960 - STARLINK-30549,0.000,86400.000,0.0000%,0,
Contact STARLINK-5960 - STARLINK-1463,0.000,86400.000,0.0000%,0,
Contact STARLINK-5960 - STARLINK-6241,0.000,86400.000,0.0000%,0,
Contact STARLINK-5960 - STARLINK-30486,0.000,86400.000,0.0000%,0,
Contact STARLINK-5960 - STARLINK-5565,0.000,86400.000,0.0000%,0,
Contact STARLINK-5960 - STARLINK-31530,7326.206,79073.794,8.4794%,5,
Contact STARLINK-5960 - STARLINK-1227,0.000,86400.000,0.0000%,0,
Contact STARLINK-5960 - STARLINK-5093,4724.032,81675.968,5.4676%,6,
Contact STARLINK-5960 - STARLINK-2556,0.000,86400.000,0.0000%,0,
Contact STARLINK-5960 - STARLINK-5591,12200.483,74199.517,14.1209%,6,
Contact STARLINK-5960 - STARLINK-1073,0.000,86400.000,0.0000%,0,
Contact STARLINK-5960 - STARLINK-32088,27693.661,58706.339,32.0528%,1,
Contact STARLINK-5960 - STARLINK-5829,8246.478,78153.522,9.5445%,6,
Contact STARLINK-5960 - STARLINK-3325,0.000,86400.000,0.0000%,0,
Contact STARLINK-5960 - STARLINK-5850,86400.000,0.000,100.0000%,1,
Contact STARLINK-5960 - STARLINK-31979,0.000,86400.000,0.0000%,0,
Contact STARLINK-5960 - STARLINK-31939,3500.934,82899.066,4.0520%,4,
Contact STARLINK-5960 - STARLINK-2424,0.000,86400.000,0.0000%,0,
Contact STARLINK-5960 - STARLINK-30754,0.000,86400.000,0.0000%,0,
Contact STARLINK-5960 - STARLINK-3832,0.000,86400.000,0.0000%,0,
Contact STARLINK-5960 - STARLINK-5453,1322.000,85078.000,1.5301%,2,
Contact STARLINK-5960 - STARLINK-31082,2769.555,83630.445,3.2055%,4,
Contact STARLINK-5960 - STARLINK-4569,80445.246,5954.754,93.1079%,7,
Contact STARLINK-5960 - STARLINK-1776,0.000,86400.000,0.0000%,0,
Contact STARLINK-5960 - STARLINK-6199,0.000,86400.000,0.0000%,0,
Contact STARLINK-5960 - STARLINK-4328,41913.526,44486.474,48.5110%,6,
Contact STARLINK-5960 - STARLINK-2214,14791.422,71608.578,17.1197%,7,
Contact STARLINK-5960 - STARLINK-5737,0.000,86400.000,0.0000%,0,
Contact STARLINK-5960 - STARLINK-3506,0.000,86400.000,0.0000%,0,
Contact STARLINK-5960 - STARLINK-11136 [DTC],4942.103,81457.897,5.7200%,3,
Contact STARLINK-5960 - STARLINK-31325,27851.229,58548.771,32.2352%,4,
Contact STARLINK-5960 - STARLINK-5628,2196.451,84203.549,2.5422%,4,
Contact STARLINK-5960 - STARLINK-5231,0.000,86400.000,0.0000%,0,
Contact STARLINK-5960 - STARLINK-11092 [DTC],4703.301,81696.699,5.4436%,2,
Contact STARLINK-5960 - STARLINK-11072 [DTC],11153.400,75246.600,12.9090%,2,
Contact STARLINK-5960 - STARLINK-5176,0.000,86400.000,0.0000%,0,
Contact STARLINK-5960 - STARLINK-2042,0.000,86400.000,0.0000%,0,
Contact STARLINK-5960 - STARLINK-5503,0.000,86400.000,0.0000%,0,
Contact STARLINK-5960 - STARLINK-6319,5873.861,80526.139,6.7984%,6,
Contact STARLINK-5960 - STARLINK-4522,0.000,86400.000,0.0000%,0,
Contact STARLINK-5960 - MoonARTEMIS1,71532.716,14867.284,82.7925%,7,
Contact STARLINK-5960 - MoonARTEMIS2,72006.255,14393.745,83.3406%,7,
Contact STARLINK-5960 - MoonIOAGEO,65881.803,20518.197,76.2521%,7,
Contact STARLINK-5960 - MoonIOAGNO,74382.037,12017.963,86.0903%,7,
Contact STARLINK-5960 - MoonIOAGNO 0001,74382.368,12017.632,86.0907%,7,
Contact STARLINK-5960 - MoonIOAGSO,72647.848,13752.152,84.0832%,7,
Contact STARLINK-5960 - MoonIOAGSO 0001,74295.383,12104.617,85.9900%,7,
Contact STARLINK-5960 - MoonLRO,31714.189,54685.811,36.7062%,8,
Contact STARLINK-5960 - MarsSat1,72335.368,14064.632,83.7215%,8,
Contact STARLINK-5960 - MarsSat2,72335.384,14064.616,83.7215%,8,
Contact STARLINK-5960 - MarsSat3,72335.395,14064.605,83.7215%,8,
Contact STARLINK-5960 - MarsSat4,72335.446,14064.554,83.7216%,8,
Contact STARLINK-4170 - STARLINK-31673,0.000,86400.000,0.0000%,0,
Contact STARLINK-4170 - STARLINK-32223,3851.635,82548.365,4.4579%,5,
Contact STARLINK-4170 - STARLINK-5061,7757.260,78642.740,8.9783%,6,
Contact STARLINK-4170 - STARLINK-2127,0.000,86400.000,0.0000%,0,
Contact STARLINK-4170 - STARLINK-30756,0.000,86400.000,0.0000%,0,
Contact STARLINK-4170 - STARLINK-1580,0.000,86400.000,0.0000%,0,
Contact STARLINK-4170 - STARLINK-31812,53519.216,32880.784,61.9435%,1,
Contact STARLINK-4170 - STARLINK-31931,3231.516,83168.484,3.7402%,1,
Contact STARLINK-4170 - STARLINK-2658,0.000,86400.000,0.0000%,0,
Contact STARLINK-4170 - STARLINK-5952,8350.017,78049.983,9.6644%,7,
Contact STARLINK-4170 - STARLINK-1323,234.989,86165.011,0.2720%,2,
Contact STARLINK-4170 - STARLINK-3601,119.424,86280.576,0.1382%,1,
Contact STARLINK-4170 - STARLINK-3603,3374.437,83025.563,3.9056%,6,
Contact STARLINK-4170 - STARLINK-3969,968.919,85431.081,1.1214%,3,
Contact STARLINK-4170 - STARLINK-4201,0.000,86400.000,0.0000%,0,
Contact STARLINK-4170 - STARLINK-31060,4550.507,81849.493,5.2668%,2,
Contact STARLINK-4170 - STARLINK-5972,14329.075,72070.925,16.5846%,6,
Contact STARLINK-4170 - STARLINK-2047,11245.757,75154.243,13.0159%,6,
Contact STARLINK-4170 - STARLINK-30145,49776.522,36623.478,57.6117%,7,
Contact STARLINK-4170 - STARLINK-32210,0.000,86400.000,0.0000%,0,
Contact STARLINK-4170 - STARLINK-30549,1125.155,85274.845,1.3023%,1,
Contact STARLINK-4170 - STARLINK-1463,33072.943,53327.057,38.2789%,2,
Contact STARLINK-4170 - STARLINK-6241,0.000,86400.000,0.0000%,0,
Contact STARLINK-4170 - STARLINK-30486,4107.085,82292.915,4.7536%,6,
Contact STARLINK-4170 - STARLINK-5565,0.000,86400.000,0.0000%,0,
Contact STARLINK-4170 - STARLINK-31530,0.000,86400.000,0.0000%,0,
Contact STARLINK-4170 - STARLINK-1227,3601.936,82798.064,4.1689%,6,
Contact STARLINK-4170 - STARLINK-5093,14293.130,72106.870,16.5430%,6,
Contact STARLINK-4170 - STARLINK-2556,0.000,86400.000,0.0000%,0,
Contact STARLINK-4170 - STARLINK-5591,1790.818,84609.182,2.0727%,3,
Contact STARLINK-4170 - STARLINK-1073,1241.182,85158.818,1.4366%,4,
Contact STARLINK-4170 - STARLINK-32088,0.000,86400.000,0.0000%,0,
Contact STARLINK-4170 - STARLINK-5829,4785.374,81614.626,5.5386%,7,
Contact STARLINK-4170 - STARLINK-3325,0.000,86400.000,0.0000%,0,
Contact STARLINK-4170 - STARLINK-5850,0.000,86400.000,0.0000%,0,
Contact STARLINK-4170 - STARLINK-31979,0.000,86400.000,0.0000%,0,
Contact STARLINK-4170 - STARLINK-31939,0.000,86400.000,0.0000%,0,
Contact STARLINK-4170 - STARLINK-2424,0.000,86400.000,0.0000%,0,
Contact STARLINK-4170 - STARLINK-30754,11931.922,74468.078,13.8101%,6,
Contact STARLINK-4170 - STARLINK-3832,2882.387,83517.613,3.3361%,5,
Contact STARLINK-4170 - STARLINK-5453,4533.737,81866.263,5.2474%,6,
Contact STARLINK-4170 - STARLINK-31082,0.000,86400.000,0.0000%,0,
Contact STARLINK-4170 - STARLINK-4569,0.000,86400.000,0.0000%,0,
Contact STARLINK-4170 - STARLINK-1776,1166.693,85233.307,1.3503%,2,
Contact STARLINK-4170 - STARLINK-6199,0.000,86400.000,0.0000%,0,
Contact STARLINK-4170 - STARLINK-4328,0.000,86400.000,0.0000%,0,
Contact STARLINK-4170 - STARLINK-2214,0.000,86400.000,0.0000%,0,
Contact STARLINK-4170 - STARLINK-5737,28306.045,58093.955,32.7616%,7,
Contact STARLINK-4170 - STARLINK-3506,0.000,86400.000,0.0000%,0,
Contact STARLINK-4170 - STARLINK-11136 [DTC],0.000,86400.000,0.0000%,0,
Contact STARLINK-4170 - STARLINK-31325,0.000,86400.000,0.0000%,0,
Contact STARLINK-4170 - STARLINK-5628,0.000,86400.000,0.0000%,0,
Contact STARLINK-4170 - STARLINK-5231,0.000,86400.000,0.0000%,0,
Contact STARLINK-4170 - STARLINK-11092 [DTC],5886.299,80513.701,6.8128%,3,
Contact STARLINK-4170 - STARLINK-11072 [DTC],1470.813,84929.187,1.7023%,2,
Contact STARLINK-4170 - STARLINK-5176,0.000,86400.000,0.0000%,0,
Contact STARLINK-4170 - STARLINK-2042,0.000,86400.000,0.0000%,0,
Contact STARLINK-4170 - STARLINK-5503,0.000,86400.000,0.0000%,0,
Contact STARLINK-4170 - STARLINK-6319,0.000,86400.000,0.0000%,0,
Contact STARLINK-4170 - STARLINK-4522,0.000,86400.000,0.0000%,0,
Contact STARLINK-4170 - MoonARTEMIS1,68920.564,17479.436,79.7692%,9,
Contact STARLINK-4170 - MoonARTEMIS2,69685.380,16714.620,80.6544%,9,
Contact STARLINK-4170 - MoonIOAGEO,60994.144,25405.856,70.5951%,9,
Contact STARLINK-4170 - MoonIOAGNO,69624.842,16775.158,80.5843%,9,
Contact STARLINK-4170 - MoonIOAGNO 0001,69602.252,16797.748,80.5582%,9,
Contact STARLINK-4170 - MoonIOAGSO,67921.934,18478.066,78.6133%,9,
Contact STARLINK-4170 - MoonIOAGSO 0001,68059.757,18340.243,78.7729%,9,
Contact STARLINK-4170 - MoonLRO,32510.869,53889.131,37.6283%,7,
Contact STARLINK-4170 - MarsSat1,77049.014,9350.986,89.1771%,7,
Contact STARLINK-4170 - MarsSat2,77050.105,9349.895,89.1784%,7,
Contact STARLINK-4170 - MarsSat3,77049.140,9350.860,89.1772%,7,
Contact STARLINK-4170 - MarsSat4,77048.930,9351.070,89.1770%,7,
Contact STARLINK-31673 - STARLINK-32223,0.000,86400.000,0.0000%,0,
Contact STARLINK-31673 - STARLINK-5061,2495.369,83904.631,2.8882%,3,
Contact STARLINK-31673 - STARLINK-2127,5101.215,81298.785,5.9042%,7,
Contact STARLINK-31673 - STARLINK-30756,12304.393,74095.607,14.2412%,7,
Contact STARLINK-31673 - STARLINK-1580,15071.358,71328.642,17.4437%,6,
Contact STARLINK-31673 - STARLINK-31812,0.000,86400.000,0.0000%,0,
Contact STARLINK-31673 - STARLINK-31931,0.000,86400.000,0.0000%,0,
Contact STARLINK-31673 - STARLINK-2658,0.000,86400.000,0.0000%,0,
Contact STARLINK-31673 - STARLINK-5952,460.441,85939.559,0.5329%,1,
Contact STARLINK-31673 - STARLINK-1323,3561.276,82838.724,4.1218%,6,
Contact STARLINK-31673 - STARLINK-3601,0.000,86400.000,0.0000%,0,
Contact STARLINK-31673 - STARLINK-3603,0.000,86400.000,0.0000%,0,
Contact STARLINK-31673 - STARLINK-3969,0.000,86400.000,0.0000%,0,
Contact STARLINK-31673 - STARLINK-4201,8873.109,77526.891,10.2698%,7,
Contact STARLINK-31673 - STARLINK-31060,18523.249,67876.751,21.4389%,3,
Contact STARLINK-31673 - STARLINK-5972,2772.693,83627.307,3.2091%,5,
Contact STARLINK-31673 - STARLINK-2047,1767.963,84632.037,2.0463%,3,
Contact STARLINK-31673 - STARLINK-30145,0.000,86400.000,0.0000%,0,
Contact STARLINK-31673 - STARLINK-32210,9220.680,77179.320,10.6721%,7,
Contact STARLINK-31673 - STARLINK-30549,0.000,86400.000,0.0000%,0,
Contact STARLINK-31673 - STARLINK-1463,0.000,86400.000,0.0000%,0,
Contact STARLINK-31673 - STARLINK-6241,0.000,86400.000,0.0000%,0,
Contact STARLINK-31673 - STARLINK-30486,837.077,85562.923,0.9688%,1,
Contact STARLINK-31673 - STARLINK-5565,0.000,86400.000,0.0000%,0,
Contact STARLINK-31673 - STARLINK-31530,23953.543,62446.457,27.7240%,7,
Contact STARLINK-31673 - STARLINK-1227,0.000,86400.000,0.0000%,0,
Contact STARLINK-31673 - STARLINK-5093,2781.712,83618.288,3.2196%,5,
Contact STARLINK-31673 - STARLINK-2556,0.000,86400.000,0.0000%,0,
Contact STARLINK-31673 - STARLINK-5591,7539.321,78860.679,8.7261%,7,
Contact STARLINK-31673 - STARLINK-1073,0.000,86400.000,0.0000%,0,
Contact STARLINK-31673 - STARLINK-32088,0.000,86400.000,0.0000%,0,
Contact STARLINK-31673 - STARLINK-5829,4207.979,82192.021,4.8703%,7,
Contact STARLINK-31673 - STARLINK-3325,0.000,86400.000,0.0000%,0,
Contact STARLINK-31673 - STARLINK-5850,14159.191,72240.809,16.3880%,6,
Contact STARLINK-31673 - STARLINK-31979,0.000,86400.000,0.0000%,0,
Contact STARLINK-31673 - STARLINK-31939,3850.369,82549.631,4.4564%,6,
Contact STARLINK-31673 - STARLINK-2424,0.000,86400.000,0.0000%,0,
Contact STARLINK-31673 - STARLINK-30754,0.000,86400.000,0.0000%,0,
Contact STARLINK-31673 - STARLINK-3832,0.000,86400.000,0.0000%,0,
Contact STARLINK-31673 - STARLINK-5453,7324.758,79075.242,8.4777%,6,
Contact STARLINK-31673 - STARLINK-31082,4269.833,82130.167,4.9419%,6,
Contact STARLINK-31673 - STARLINK-4569,181.458,86218.542,0.2100%,1,
Contact STARLINK-31673 - STARLINK-1776,0.000,86400.000,0.0000%,0,
Contact STARLINK-31673 - STARLINK-6199,0.000,86400.000,0.0000%,0,
Contact STARLINK-31673 - STARLINK-4328,0.000,86400.000,0.0000%,0,
Contact STARLINK-31673 - STARLINK-2214,27198.827,59201.173,31.4801%,6,
Contact STARLINK-31673 - STARLINK-5737,0.000,86400.000,0.0000%,0,
Contact STARLINK-31673 - STARLINK-3506,0.000,86400.000,0.0000%,0,
Contact STARLINK-31673 - STARLINK-11136 [DTC],27862.584,58537.416,32.2484%,1,
Contact STARLINK-31673 - STARLINK-31325,2267.259,84132.741,2.6241%,5,
Contact STARLINK-31673 - STARLINK-5628,0.000,86400.000,0.0000%,0,
Contact STARLINK-31673 - STARLINK-5231,21371.146,65028.854,24.7351%,7,
Contact STARLINK-31673 - STARLINK-11092 [DTC],1414.268,84985.732,1.6369%,2,
Contact STARLINK-31673 - STARLINK-11072 [DTC],2860.588,83539.412,3.3109%,4,
Contact STARLINK-31673 - STARLINK-5176,0.000,86400.000,0.0000%,0,
Contact STARLINK-31673 - STARLINK-2042,2040.033,84359.967,2.3611%,3,
Contact STARLINK-31673 - STARLINK-5503,61450.515,24949.485,71.1233%,2,
Contact STARLINK-31673 - STARLINK-6319,7636.703,78763.297,8.8388%,6,
Contact STARLINK-31673 - STARLINK-4522,0.000,86400.000,0.0000%,0,
Contact STARLINK-31673 - MoonARTEMIS1,66616.803,19783.197,77.1028%,9,
Contact STARLINK-31673 - MoonARTEMIS2,67446.767,18953.233,78.0634%,9,
Contact STARLINK-31673 - MoonIOAGEO,61112.058,25287.942,70.7315%,9,
Contact STARLINK-31673 - MoonIOAGNO,69023.771,17376.229,79.8886%,9,
Contact STARLINK-31673 - MoonIOAGNO 0001,69018.393,17381.607,79.8824%,9,
Contact STARLINK-31673 - MoonIOAGSO,67896.126,18503.874,78.5835%,9,
Contact STARLINK-31673 - MoonIOAGSO 0001,69075.396,17324.604,79.9484%,9,
Contact STARLINK-31673 - MoonLRO,31947.532,54452.468,36.9763%,8,
Contact STARLINK-31673 - MarsSat1,67254.833,19145.167,77.8412%,10,
Contact STARLINK-31673 - MarsSat2,67254.910,19145.090,77.8413%,10,
Contact STARLINK-31673 - MarsSat3,67254.847,19145.153,77.8413%,10,
Contact STARLINK-31673 - MarsSat4,67254.844,19145.156,77.8413%,10,
Contact STARLINK-32223 - STARLINK-5061,28818.551,57581.449,33.3548%,1,
Contact STARLINK-32223 - STARLINK-2127,0.000,86400.000,0.0000%,0,
Contact STARLINK-32223 - STARLINK-30756,0.000,86400.000,0.0000%,0,
Contact STARLINK-32223 - STARLINK-1580,0.000,86400.000,0.0000%,0,
Contact STARLINK-32223 - STARLINK-31812,380.360,86019.640,0.4402%,1,
Contact STARLINK-32223 - STARLINK-31931,0.000,86400.000,0.0000%,0,
Contact STARLINK-32223 - STARLINK-2658,4248.504,82151.496,4.9173%,2,
Contact STARLINK-32223 - STARLINK-5952,46702.827,39697.173,54.0542%,1,
Contact STARLINK-32223 - STARLINK-1323,0.000,86400.000,0.0000%,0,
Contact STARLINK-32223 - STARLINK-3601,26412.823,59987.177,30.5704%,1,
Contact STARLINK-32223 - STARLINK-3603,39244.191,47155.809,45.4215%,1,
Contact STARLINK-32223 - STARLINK-3969,332.212,86067.788,0.3845%,1,
Contact STARLINK-32223 - STARLINK-4201,0.000,86400.000,0.0000%,0,
Contact STARLINK-32223 - STARLINK-31060,0.000,86400.000,0.0000%,0,
Contact STARLINK-32223 - STARLINK-5972,0.000,86400.000,0.0000%,0,
Contact STARLINK-32223 - STARLINK-2047,31410.726,54989.274,36.3550%,1,
Contact STARLINK-32223 - STARLINK-30145,22679.089,63720.911,26.2489%,4,
Contact STARLINK-32223 - STARLINK-32210,0.000,86400.000,0.0000%,0,
Contact STARLINK-32223 - STARLINK-30549,5825.658,80574.342,6.7427%,7,
Contact STARLINK-32223 - STARLINK-1463,6230.342,80169.658,7.2110%,4,
Contact STARLINK-32223 - STARLINK-6241,4027.367,82372.633,4.6613%,2,
Contact STARLINK-32223 - STARLINK-30486,42194.570,44205.430,48.8363%,1,
Contact STARLINK-32223 - STARLINK-5565,2633.573,83766.427,3.0481%,4,
Contact STARLINK-32223 - STARLINK-31530,0.000,86400.000,0.0000%,0,
Contact STARLINK-32223 - STARLINK-1227,46757.313,39642.687,54.1173%,1,
Contact STARLINK-32223 - STARLINK-5093,473.491,85926.509,0.5480%,1,
Contact STARLINK-32223 - STARLINK-2556,7452.920,78947.080,8.6261%,6,
Contact STARLINK-32223 - STARLINK-5591,0.000,86400.000,0.0000%,0,
Contact STARLINK-32223 - STARLINK-1073,40114.058,46285.942,46.4283%,1,
Contact STARLINK-32223 - STARLINK-32088,0.000,86400.000,0.0000%,0,
Contact STARLINK-32223 - STARLINK-5829,0.000,86400.000,0.0000%,0,
Contact STARLINK-32223 - STARLINK-3325,1579.784,84820.216,1.8285%,2,
Contact STARLINK-32223 - STARLINK-5850,0.000,86400.000,0.0000%,0,
Contact STARLINK-32223 - STARLINK-31979,11415.108,74984.892,13.2119%,7,
Contact STARLINK-32223 - STARLINK-31939,0.000,86400.000,0.0000%,0,
Contact STARLINK-32223 - STARLINK-2424,14896.135,71503.865,17.2409%,3,
Contact STARLINK-32223 - STARLINK-30754,32952.569,53447.431,38.1395%,2,
Contact STARLINK-32223 - STARLINK-3832,5181.921,81218.079,5.9976%,2,
Contact STARLINK-32223 - STARLINK-5453,0.000,86400.000,0.0000%,0,
Contact STARLINK-32223 - STARLINK-31082,0.000,86400.000,0.0000%,0,
Contact STARLINK-32223 - STARLINK-4569,0.000,86400.000,0.0000%,0,
Contact STARLINK-32223 - STARLINK-1776,1076.891,85323.109,1.2464%,1,
Contact STARLINK-32223 - STARLINK-6199,5221.478,81178.522,6.0434%,3,
Contact STARLINK-32223 - STARLINK-4328,0.000,86400.000,0.0000%,0,
Contact STARLINK-32223 - STARLINK-2214,0.000,86400.000,0.0000%,0,
Contact STARLINK-32223 - STARLINK-5737,13303.440,73096.560,15.3975%,4,
Contact STARLINK-32223 - STARLINK-3506,15400.348,70999.652,17.8245%,1,
Contact STARLINK-32223 - STARLINK-11136 [DTC],0.000,86400.000,0.0000%,0,
Contact STARLINK-32223 - STARLINK-31325,0.000,86400.000,0.0000%,0,
Contact STARLINK-32223 - STARLINK-5628,0.000,86400.000,0.0000%,0,
Contact STARLINK-32223 - STARLINK-5231,11921.314,74478.686,13.7978%,1,
Contact STARLINK-32223 - STARLINK-11092 [DTC],0.000,86400.000,0.0000%,0,
Contact STARLINK-32223 - STARLINK-11072 [DTC],0.000,86400.000,0.0000%,0,
Contact STARLINK-32223 - STARLINK-5176,17576.339,68823.661,20.3430%,1,
Contact STARLINK-32223 - STARLINK-2042,160.021,86239.979,0.1852%,1,
Contact STARLINK-32223 - STARLINK-5503,14411.850,71988.150,16.6804%,3,
Contact STARLINK-32223 - STARLINK-6319,0.000,86400.000,0.0000%,0,
Contact STARLINK-32223 - STARLINK-4522,4582.462,81817.538,5.3038%,6,
Contact STARLINK-32223 - MoonARTEMIS1,70419.525,15980.475,81.5041%,9,
Contact STARLINK-32223 - MoonARTEMIS2,70645.859,15754.141,81.7660%,9,
Contact STARLINK-32223 - MoonIOAGEO,61255.584,25144.416,70.8977%,9,
Contact STARLINK-32223 - MoonIOAGNO,70651.325,15748.675,81.7724%,9,
Contact STARLINK-32223 - MoonIOAGNO 0001,70681.843,15718.157,81.8077%,9,
Contact STARLINK-32223 - MoonIOAGSO,67053.688,19346.312,77.6084%,9,
Contact STARLINK-32223 - MoonIOAGSO 0001,68629.550,17770.450,79.4323%,9,
Contact STARLINK-32223 - MoonLRO,34129.543,52270.457,39.5018%,9,
Contact STARLINK-32223 - MarsSat1,69638.404,16761.596,80.6000%,9,
Contact STARLINK-32223 - MarsSat2,69638.696,16761.304,80.6003%,9,
Contact STARLINK-32223 - MarsSat3,69638.501,16761.499,80.6001%,9,
Contact STARLINK-32223 - MarsSat4,69638.427,16761.573,80.6000%,9,
Contact STARLINK-5061 - STARLINK-2127,0.000,86400.000,0.0000%,0,
Contact STARLINK-5061 - STARLINK-30756,0.000,86400.000,0.0000%,0,
Contact STARLINK-5061 - STARLINK-1580,0.000,86400.000,0.0000%,0,
Contact STARLINK-5061 - STARLINK-31812,7488.999,78911.001,8.6678%,5,
Contact STARLINK-5061 - STARLINK-31931,0.000,86400.000,0.0000%,0,
Contact STARLINK-5061 - STARLINK-2658,0.000,86400.000,0.0000%,0,
Contact STARLINK-5061 - STARLINK-5952,86400.000,0.000,100.0000%,1,
Contact STARLINK-5061 - STARLINK-1323,0.000,86400.000,0.0000%,0,
Contact STARLINK-5061 - STARLINK-3601,0.000,86400.000,0.0000%,0,
Contact STARLINK-5061 - STARLINK-3603,0.000,86400.000,0.0000%,0,
Contact STARLINK-5061 - STARLINK-3969,4269.450,82130.550,4.9415%,6,
Contact STARLINK-5061 - STARLINK-4201,0.000,86400.000,0.0000%,0,
Contact STARLINK-5061 - STARLINK-31060,24259.938,62140.062,28.0786%,2,
Contact STARLINK-5061 - STARLINK-5972,2374.948,84025.052,2.7488%,7,
Contact STARLINK-5061 - STARLINK-2047,86400.000,0.000,100.0000%,1,
Contact STARLINK-5061 - STARLINK-30145,0.000,86400.000,0.0000%,0,
Contact STARLINK-5061 - STARLINK-32210,4714.628,81685.372,5.4567%,1,
Contact STARLINK-5061 - STARLINK-30549,5172.661,81227.339,5.9869%,3,
Contact STARLINK-5061 - STARLINK-1463,6114.133,80285.867,7.0765%,6,
Contact STARLINK-5061 - STARLINK-6241,0.000,86400.000,0.0000%,0,
Contact STARLINK-5061 - STARLINK-30486,86400.000,0.000,100.0000%,1,
Contact STARLINK-5061 - STARLINK-5565,14814.962,71585.038,17.1469%,4,
Contact STARLINK-5061 - STARLINK-31530,0.000,86400.000,0.0000%,0,
Contact STARLINK-5061 - STARLINK-1227,0.000,86400.000,0.0000%,0,
Contact STARLINK-5061 - STARLINK-5093,2865.516,83534.484,3.3166%,7,
Contact STARLINK-5061 - STARLINK-2556,2043.707,84356.293,2.3654%,4,
Contact STARLINK-5061 - STARLINK-5591,0.000,86400.000,0.0000%,0,
Contact STARLINK-5061 - STARLINK-1073,0.000,86400.000,0.0000%,0,
Contact STARLINK-5061 - STARLINK-32088,0.000,86400.000,0.0000%,0,
Contact STARLINK-5061 - STARLINK-5829,0.000,86400.000,0.0000%,0,
Contact STARLINK-5061 - STARLINK-3325,5554.029,80845.971,6.4283%,6,
Contact STARLINK-5061 - STARLINK-5850,0.000,86400.000,0.0000%,0,
Contact STARLINK-5061 - STARLINK-31979,4269.770,82130.230,4.9419%,2,
Contact STARLINK-5061 - STARLINK-31939,0.000,86400.000,0.0000%,0,
Contact STARLINK-5061 - STARLINK-2424,27261.924,59138.076,31.5532%,6,
Contact STARLINK-5061 - STARLINK-30754,86400.000,0.000,100.0000%,1,
Contact STARLINK-5061 - STARLINK-3832,0.000,86400.000,0.0000%,0,
Contact STARLINK-5061 - STARLINK-5453,15657.149,70742.851,18.1217%,4,
Contact STARLINK-5061 - STARLINK-31082,0.000,86400.000,0.0000%,0,
Contact STARLINK-5061 - STARLINK-4569,0.000,86400.000,0.0000%,0,
Contact STARLINK-5061 - STARLINK-1776,0.000,86400.000,0.0000%,0,
Contact STARLINK-5061 - STARLINK-6199,0.000,86400.000,0.0000%,0,
Contact STARLINK-5061 - STARLINK-4328,0.000,86400.000,0.0000%,0,
Contact STARLINK-5061 - STARLINK-2214,0.000,86400.000,0.0000%,0,
Contact STARLINK-5061 - STARLINK-5737,4263.056,82136.944,4.9341%,6,
Contact STARLINK-5061 - STARLINK-3506,0.000,86400.000,0.0000%,0,
Contact STARLINK-5061 - STARLINK-11136 [DTC],0.000,86400.000,0.0000%,0,
Contact STARLINK-5061 - STARLINK-31325,0.000,86400.000,0.0000%,0,
Contact STARLINK-5061 - STARLINK-5628,0.000,86400.000,0.0000%,0,
Contact STARLINK-5061 - STARLINK-5231,86400.000,0.000,100.0000%,1,
Contact STARLINK-5061 - STARLINK-11092 [DTC],8130.657,78269.343,9.4105%,2,
Contact STARLINK-5061 - STARLINK-11072 [DTC],21372.338,65027.662,24.7365%,1,
Contact STARLINK-5061 - STARLINK-5176,0.000,86400.000,0.0000%,0,
Contact STARLINK-5061 - STARLINK-2042,0.000,86400.000,0.0000%,0,
Contact STARLINK-5061 - STARLINK-5503,55912.839,30487.161,64.7139%,7,
Contact STARLINK-5061 - STARLINK-6319,0.000,86400.000,0.0000%,0,
Contact STARLINK-5061 - STARLINK-4522,0.000,86400.000,0.0000%,0,
Contact STARLINK-5061 - MoonARTEMIS1,70458.267,15941.733,81.5489%,9,
Contact STARLINK-5061 - MoonARTEMIS2,70718.075,15681.925,81.8496%,9,
Contact STARLINK-5061 - MoonIOAGEO,58040.000,28360.000,67.1759%,9,
Contact STARLINK-5061 - MoonIOAGNO,70795.615,15604.385,81.9394%,9,
Contact STARLINK-5061 - MoonIOAGNO 0001,70779.180,15620.820,81.9203%,9,
Contact STARLINK-5061 - MoonIOAGSO,68039.099,18360.901,78.7490%,9,
Contact STARLINK-5061 - MoonIOAGSO 0001,69044.529,17355.471,79.9126%,9,
Contact STARLINK-5061 - MoonLRO,36850.881,49549.119,42.6515%,9,
Contact STARLINK-5061 - MarsSat1,67937.050,18462.950,78.6308%,10,
Contact STARLINK-5061 - MarsSat2,67937.320,18462.680,78.6312%,10,
Contact STARLINK-5061 - MarsSat3,67937.137,18462.863,78.6309%,10,
Contact STARLINK-5061 - MarsSat4,67937.153,18462.847,78.6310%,10,
Contact STARLINK-2127 - STARLINK-30756,86400.000,0.000,100.0000%,1,
Contact STARLINK-2127 - STARLINK-1580,21786.970,64613.030,25.2164%,7,
Contact STARLINK-2127 - STARLINK-31812,4621.107,81778.893,5.3485%,3,
Contact STARLINK-2127 - STARLINK-31931,0.000,86400.000,0.0000%,0,
Contact STARLINK-2127 - STARLINK-2658,0.000,86400.000,0.0000%,0,
Contact STARLINK-2127 - STARLINK-5952,0.000,86400.000,0.0000%,0,
Contact STARLINK-2127 - STARLINK-1323,67491.646,18908.354,78.1153%,7,
Contact STARLINK-2127 - STARLINK-3601,0.000,86400.000,0.0000%,0,
Contact STARLINK-2127 - STARLINK-3603,0.000,86400.000,0.0000%,0,
Contact STARLINK-2127 - STARLINK-3969,5092.140,81307.860,5.8937%,6,
Contact STARLINK-2127 - STARLINK-4201,86400.000,0.000,100.0000%,1,
Contact STARLINK-2127 - STARLINK-31060,1144.342,85255.658,1.3245%,1,
Contact STARLINK-2127 - STARLINK-5972,2549.523,83850.477,2.9508%,3,
Contact STARLINK-2127 - STARLINK-2047,0.000,86400.000,0.0000%,0,
Contact STARLINK-2127 - STARLINK-30145,0.000,86400.000,0.0000%,0,
Contact STARLINK-2127 - STARLINK-32210,50716.141,35683.859,58.6992%,2,
Contact STARLINK-2127 - STARLINK-30549,0.000,86400.000,0.0000%,0,
Contact STARLINK-2127 - STARLINK-1463,0.000,86400.000,0.0000%,0,
Contact STARLINK-2127 - STARLINK-6241,0.000,86400.000,0.0000%,0,
Contact STARLINK-2127 - STARLINK-30486,0.000,86400.000,0.0000%,0,
Contact STARLINK-2127 - STARLINK-5565,0.000,86400.000,0.0000%,0,
Contact STARLINK-2127 - STARLINK-31530,15856.757,70543.243,18.3527%,4,
Contact STARLINK-2127 - STARLINK-1227,0.000,86400.000,0.0000%,0,
Contact STARLINK-2127 - STARLINK-5093,2266.550,84133.450,2.6233%,3,
Contact STARLINK-2127 - STARLINK-2556,0.000,86400.000,0.0000%,0,
Contact STARLINK-2127 - STARLINK-5591,85932.313,467.687,99.4587%,1,
Contact STARLINK-2127 - STARLINK-1073,0.000,86400.000,0.0000%,0,
Contact STARLINK-2127 - STARLINK-32088,28068.435,58331.565,32.4866%,1,
Contact STARLINK-2127 - STARLINK-5829,50046.889,36353.111,57.9246%,6,
Contact STARLINK-2127 - STARLINK-3325,3575.141,82824.859,4.1379%,6,
Contact STARLINK-2127 - STARLINK-5850,86400.000,0.000,100.0000%,1,
Contact STARLINK-2127 - STARLINK-31979,0.000,86400.000,0.0000%,0,
Contact STARLINK-2127 - STARLINK-31939,8439.583,77960.417,9.7680%,2,
Contact STARLINK-2127 - STARLINK-2424,0.000,86400.000,0.0000%,0,
Contact STARLINK-2127 - STARLINK-30754,0.000,86400.000,0.0000%,0,
Contact STARLINK-2127 - STARLINK-3832,0.000,86400.000,0.0000%,0,
Contact STARLINK-2127 - STARLINK-5453,0.000,86400.000,0.0000%,0,
Contact STARLINK-2127 - STARLINK-31082,31485.752,54914.248,36.4418%,4,
Contact STARLINK-2127 - STARLINK-4569,3375.376,83024.624,3.9067%,4,
Contact STARLINK-2127 - STARLINK-1776,0.000,86400.000,0.0000%,0,
Contact STARLINK-2127 - STARLINK-6199,0.000,86400.000,0.0000%,0,
Contact STARLINK-2127 - STARLINK-4328,4749.677,81650.323,5.4973%,6,
Contact STARLINK-2127 - STARLINK-2214,2950.291,83449.709,3.4147%,5,
Contact STARLINK-2127 - STARLINK-5737,0.000,86400.000,0.0000%,0,
Contact STARLINK-2127 - STARLINK-3506,0.000,86400.000,0.0000%,0,
Contact STARLINK-2127 - STARLINK-11136 [DTC],2696.686,83703.314,3.1212%,4,
Contact STARLINK-2127 - STARLINK-31325,49423.650,36976.350,57.2033%,1,
Contact STARLINK-2127 - STARLINK-5628,318.059,86081.941,0.3681%,1,
Contact STARLINK-2127 - STARLINK-5231,0.000,86400.000,0.0000%,0,
Contact STARLINK-2127 - STARLINK-11092 [DTC],21334.643,65065.357,24.6929%,3,
Contact STARLINK-2127 - STARLINK-11072 [DTC],31076.361,55323.639,35.9680%,1,
Contact STARLINK-2127 - STARLINK-5176,0.000,86400.000,0.0000%,0,
Contact STARLINK-2127 - STARLINK-2042,0.000,86400.000,0.0000%,0,
Contact STARLINK-2127 - STARLINK-5503,0.000,86400.000,0.0000%,0,
Contact STARLINK-2127 - STARLINK-6319,3186.298,83213.702,3.6878%,4,
Contact STARLINK-2127 - STARLINK-4522,0.000,86400.000,0.0000%,0,
Contact STARLINK-2127 - MoonARTEMIS1,73917.324,12482.676,85.5525%,7,
Contact STARLINK-2127 - MoonARTEMIS2,74158.168,12241.832,85.8312%,7,
Contact STARLINK-2127 - MoonIOAGEO,68031.217,18368.783,78.7398%,7,
Contact STARLINK-2127 - MoonIOAGNO,75990.886,10409.114,87.9524%,7,
Contact STARLINK-2127 - MoonIOAGNO 0001,75986.904,10413.096,87.9478%,7,
Contact STARLINK-2127 - MoonIOAGSO,74410.123,11989.877,86.1228%,7,
Contact STARLINK-2127 - MoonIOAGSO 0001,75847.601,10552.399,87.7866%,7,
Contact STARLINK-2127 - MoonLRO,36306.505,50093.495,42.0214%,9,
Contact STARLINK-2127 - MarsSat1,67356.084,19043.916,77.9584%,10,
Contact STARLINK-2127 - MarsSat2,67356.270,19043.730,77.9586%,10,
Contact STARLINK-2127 - MarsSat3,67356.126,19043.874,77.9585%,10,
Contact STARLINK-2127 - MarsSat4,67356.125,19043.875,77.9585%,10,
Contact STARLINK-30756 - STARLINK-1580,2769.879,83630.121,3.2059%,4,
Contact STARLINK-30756 - STARLINK-31812,11745.966,74654.034,13.5949%,4,
Contact STARLINK-30756 - STARLINK-31931,0.000,86400.000,0.0000%,0,
Contact STARLINK-30756 - STARLINK-2658,0.000,86400.000,0.0000%,0,
Contact STARLINK-30756 - STARLINK-5952,0.000,86400.000,0.0000%,0,
Contact STARLINK-30756 - STARLINK-1323,84129.254,2270.746,97.3718%,6,
Contact STARLINK-30756 - STARLINK-3601,0.000,86400.000,0.0000%,0,
Contact STARLINK-30756 - STARLINK-3603,0.000,86400.000,0.0000%,0,
Contact STARLINK-30756 - STARLINK-3969,30173.094,56226.906,34.9226%,6,
Contact STARLINK-30756 - STARLINK-4201,86400.000,0.000,100.0000%,1,
Contact STARLINK-30756 - STARLINK-31060,9137.394,77262.606,10.5757%,3,
Contact STARLINK-30756 - STARLINK-5972,42283.930,44116.070,48.9397%,7,
Contact STARLINK-30756 - STARLINK-2047,0.000,86400.000,0.0000%,0,
Contact STARLINK-30756 - STARLINK-30145,0.000,86400.000,0.0000%,0,
Contact STARLINK-30756 - STARLINK-32210,86400.000,0.000,100.0000%,1,
Contact STARLINK-30756 - STARLINK-30549,0.000,86400.000,0.0000%,0,
Contact STARLINK-30756 - STARLINK-1463,1200.685,85199.315,1.3897%,3,
Contact STARLINK-30756 - STARLINK-6241,0.000,86400.000,0.0000%,0,
Contact STARLINK-30756 - STARLINK-30486,0.000,86400.000,0.0000%,0,
Contact STARLINK-30756 - STARLINK-5565,0.000,86400.000,0.0000%,0,
Contact STARLINK-30756 - STARLINK-31530,8912.650,77487.350,10.3156%,3,
Contact STARLINK-30756 - STARLINK-1227,0.000,86400.000,0.0000%,0,
Contact STARLINK-30756 - STARLINK-5093,42129.806,44270.194,48.7613%,7,
Contact STARLINK-30756 - STARLINK-2556,0.000,86400.000,0.0000%,0,
Contact STARLINK-30756 - STARLINK-5591,74040.043,12359.957,85.6945%,4,
Contact STARLINK-30756 - STARLINK-1073,0.000,86400.000,0.0000%,0,
Contact STARLINK-30756 - STARLINK-32088,8729.171,77670.829,10.1032%,1,
Contact STARLINK-30756 - STARLINK-5829,18248.506,68151.494,21.1210%,6,
Contact STARLINK-30756 - STARLINK-3325,5431.753,80968.247,6.2868%,7,
Contact STARLINK-30756 - STARLINK-5850,86400.000,0.000,100.0000%,1,
Contact STARLINK-30756 - STARLINK-31979,0.000,86400.000,0.0000%,0,
Contact STARLINK-30756 - STARLINK-31939,3857.394,82542.606,4.4646%,1,
Contact STARLINK-30756 - STARLINK-2424,0.000,86400.000,0.0000%,0,
Contact STARLINK-30756 - STARLINK-30754,0.000,86400.000,0.0000%,0,
Contact STARLINK-30756 - STARLINK-3832,0.000,86400.000,0.0000%,0,
Contact STARLINK-30756 - STARLINK-5453,86400.000,0.000,100.0000%,1,
Contact STARLINK-30756 - STARLINK-31082,86400.000,0.000,100.0000%,1,
Contact STARLINK-30756 - STARLINK-4569,30236.960,56163.040,34.9965%,6,
Contact STARLINK-30756 - STARLINK-1776,0.000,86400.000,0.0000%,0,
Contact STARLINK-30756 - STARLINK-6199,0.000,86400.000,0.0000%,0,
Contact STARLINK-30756 - STARLINK-4328,13678.450,72721.550,15.8315%,6,
Contact STARLINK-30756 - STARLINK-2214,0.000,86400.000,0.0000%,0,
Contact STARLINK-30756 - STARLINK-5737,0.000,86400.000,0.0000%,0,
Contact STARLINK-30756 - STARLINK-3506,0.000,86400.000,0.0000%,0,
Contact STARLINK-30756 - STARLINK-11136 [DTC],2271.957,84128.043,2.6296%,3,
Contact STARLINK-30756 - STARLINK-31325,13479.753,72920.247,15.6016%,1,
Contact STARLINK-30756 - STARLINK-5628,0.000,86400.000,0.0000%,0,
Contact STARLINK-30756 - STARLINK-5231,5194.486,81205.514,6.0121%,3,
Contact STARLINK-30756 - STARLINK-11092 [DTC],18186.911,68213.089,21.0497%,3,
Contact STARLINK-30756 - STARLINK-11072 [DTC],28309.440,58090.560,32.7656%,1,
Contact STARLINK-30756 - STARLINK-5176,0.000,86400.000,0.0000%,0,
Contact STARLINK-30756 - STARLINK-2042,0.000,86400.000,0.0000%,0,
Contact STARLINK-30756 - STARLINK-5503,5004.005,81395.995,5.7917%,7,
Contact STARLINK-30756 - STARLINK-6319,0.000,86400.000,0.0000%,0,
Contact STARLINK-30756 - STARLINK-4522,0.000,86400.000,0.0000%,0,
Contact STARLINK-30756 - MoonARTEMIS1,70174.952,16225.048,81.2210%,9,
Contact STARLINK-30756 - MoonARTEMIS2,68639.915,17760.085,79.4443%,9,
Contact STARLINK-30756 - MoonIOAGEO,62067.362,24332.638,71.8372%,9,
Contact STARLINK-30756 - MoonIOAGNO,70113.980,16286.020,81.1504%,9,
Contact STARLINK-30756 - MoonIOAGNO 0001,70102.767,16297.233,81.1375%,9,
Contact STARLINK-30756 - MoonIOAGSO,67918.645,18481.355,78.6095%,9,
Contact STARLINK-30756 - MoonIOAGSO 0001,69554.959,16845.041,80.5034%,9,
Contact STARLINK-30756 - MoonLRO,32264.379,54135.621,37.3430%,7,
Contact STARLINK-30756 - MarsSat1,67390.418,19009.582,77.9982%,10,
Contact STARLINK-30756 - MarsSat2,67390.581,19009.419,77.9984%,10,
Contact STARLINK-30756 - MarsSat3,67390.454,19009.546,77.9982%,10,
Contact STARLINK-30756 - MarsSat4,67390.425,19009.575,77.9982%,10,
Contact STARLINK-1580 - STARLINK-31812,4448.958,81951.042,5.1493%,1,
Contact STARLINK-1580 - STARLINK-31931,0.000,86400.000,0.0000%,0,
Contact STARLINK-1580 - STARLINK-2658,0.000,86400.000,0.0000%,0,
Contact STARLINK-1580 - STARLINK-5952,0.000,86400.000,0.0000%,0,
Contact STARLINK-1580 - STARLINK-1323,0.000,86400.000,0.0000%,0,
Contact STARLINK-1580 - STARLINK-3601,0.000,86400.000,0.0000%,0,
Contact STARLINK-1580 - STARLINK-3603,0.000,86400.000,0.0000%,0,
Contact STARLINK-1580 - STARLINK-3969,0.000,86400.000,0.0000%,0,
Contact STARLINK-1580 - STARLINK-4201,3399.804,83000.196,3.9350%,6,
Contact STARLINK-1580 - STARLINK-31060,2170.602,84229.398,2.5123%,3,
Contact STARLINK-1580 - STARLINK-5972,0.000,86400.000,0.0000%,0,
Contact STARLINK-1580 - STARLINK-2047,0.000,86400.000,0.0000%,0,
Contact STARLINK-1580 - STARLINK-30145,0.000,86400.000,0.0000%,0,
Contact STARLINK-1580 - STARLINK-32210,6131.997,80268.003,7.0972%,5,
Contact STARLINK-1580 - STARLINK-30549,0.000,86400.000,0.0000%,0,
Contact STARLINK-1580 - STARLINK-1463,216.844,86183.156,0.2510%,1,
Contact STARLINK-1580 - STARLINK-6241,0.000,86400.000,0.0000%,0,
Contact STARLINK-1580 - STARLINK-30486,0.000,86400.000,0.0000%,0,
Contact STARLINK-1580 - STARLINK-5565,0.000,86400.000,0.0000%,0,
Contact STARLINK-1580 - STARLINK-31530,65637.845,20762.155,75.9697%,1,
Contact STARLINK-1580 - STARLINK-1227,0.000,86400.000,0.0000%,0,
Contact STARLINK-1580 - STARLINK-5093,0.000,86400.000,0.0000%,0,
Contact STARLINK-1580 - STARLINK-2556,0.000,86400.000,0.0000%,0,
Contact STARLINK-1580 - STARLINK-5591,8352.560,78047.440,9.6673%,3,
Contact STARLINK-1580 - STARLINK-1073,0.000,86400.000,0.0000%,0,
Contact STARLINK-1580 - STARLINK-32088,3324.244,83075.756,3.8475%,4,
Contact STARLINK-1580 - STARLINK-5829,95.421,86304.579,0.1104%,1,
Contact STARLINK-1580 - STARLINK-3325,1995.830,84404.170,2.3100%,3,
Contact STARLINK-1580 - STARLINK-5850,5928.859,80471.141,6.8621%,6,
Contact STARLINK-1580 - STARLINK-31979,0.000,86400.000,0.0000%,0,
Contact STARLINK-1580 - STARLINK-31939,51371.514,35028.486,59.4578%,1,
Contact STARLINK-1580 - STARLINK-2424,1055.140,85344.860,1.2212%,3,
Contact STARLINK-1580 - STARLINK-30754,0.000,86400.000,0.0000%,0,
Contact STARLINK-1580 - STARLINK-3832,0.000,86400.000,0.0000%,0,
Contact STARLINK-1580 - STARLINK-5453,0.000,86400.000,0.0000%,0,
Contact STARLINK-1580 - STARLINK-31082,0.000,86400.000,0.0000%,0,
Contact STARLINK-1580 - STARLINK-4569,4531.680,81868.320,5.2450%,6,
Contact STARLINK-1580 - STARLINK-1776,0.000,86400.000,0.0000%,0,
Contact STARLINK-1580 - STARLINK-6199,0.000,86400.000,0.0000%,0,
Contact STARLINK-1580 - STARLINK-4328,0.000,86400.000,0.0000%,0,
Contact STARLINK-1580 - STARLINK-2214,86400.000,0.000,100.0000%,1,
Contact STARLINK-1580 - STARLINK-5737,0.000,86400.000,0.0000%,0,
Contact STARLINK-1580 - STARLINK-3506,0.000,86400.000,0.0000%,0,
Contact STARLINK-1580 - STARLINK-11136 [DTC],4422.725,81977.275,5.1189%,2,
Contact STARLINK-1580 - STARLINK-31325,59223.057,27176.943,68.5452%,7,
Contact STARLINK-1580 - STARLINK-5628,0.000,86400.000,0.0000%,0,
Contact STARLINK-1580 - STARLINK-5231,0.000,86400.000,0.0000%,0,
Contact STARLINK-1580 - STARLINK-11092 [DTC],15061.958,71338.042,17.4328%,1,
Contact STARLINK-1580 - STARLINK-11072 [DTC],3115.432,83284.568,3.6058%,3,
Contact STARLINK-1580 - STARLINK-5176,0.000,86400.000,0.0000%,0,
Contact STARLINK-1580 - STARLINK-2042,62105.979,24294.021,71.8819%,7,
Contact STARLINK-1580 - STARLINK-5503,10388.107,76011.893,12.0233%,6,
Contact STARLINK-1580 - STARLINK-6319,86400.000,0.000,100.0000%,1,
Contact STARLINK-1580 - STARLINK-4522,0.000,86400.000,0.0000%,0,
Contact STARLINK-1580 - MoonARTEMIS1,64507.444,21892.556,74.6614%,10,
Contact STARLINK-1580 - MoonARTEMIS2,65322.267,21077.733,75.6045%,10,
Contact STARLINK-1580 - MoonIOAGEO,61074.829,25325.171,70.6885%,9,
Contact STARLINK-1580 - MoonIOAGNO,67350.656,19049.344,77.9521%,10,
Contact STARLINK-1580 - MoonIOAGNO 0001,67359.060,19040.940,77.9619%,10,
Contact STARLINK-1580 - MoonIOAGSO,66287.934,20112.066,76.7221%,10,
Contact STARLINK-1580 - MoonIOAGSO 0001,67390.581,19009.419,77.9984%,10,
Contact STARLINK-1580 - MoonLRO,27029.621,59370.379,31.2843%,9,
Contact STARLINK-1580 - MarsSat1,79598.977,6801.023,92.1284%,6,
Contact STARLINK-1580 - MarsSat2,79597.138,6802.862,92.1263%,6,
Contact STARLINK-1580 - MarsSat3,79598.226,6801.774,92.1276%,6,
Contact STARLINK-1580 - MarsSat4,79598.655,6801.345,92.1281%,6,
Contact STARLINK-31812 - STARLINK-31931,0.000,86400.000,0.0000%,0,
Contact STARLINK-31812 - STARLINK-2658,0.000,86400.000,0.0000%,0,
Contact STARLINK-31812 - STARLINK-5952,7556.457,78843.543,8.7459%,6,
Contact STARLINK-31812 - STARLINK-1323,51560.092,34839.908,59.6760%,4,
Contact STARLINK-31812 - STARLINK-3601,0.000,86400.000,0.0000%,0,
Contact STARLINK-31812 - STARLINK-3603,287.142,86112.858,0.3323%,1,
Contact STARLINK-31812 - STARLINK-3969,58157.053,28242.947,67.3114%,1,
Contact STARLINK-31812 - STARLINK-4201,2807.693,83592.307,3.2496%,4,
Contact STARLINK-31812 - STARLINK-31060,3185.425,83214.575,3.6868%,4,
Contact STARLINK-31812 - STARLINK-5972,9700.923,76699.077,11.2279%,4,
Contact STARLINK-31812 - STARLINK-2047,3856.724,82543.276,4.4638%,5,
Contact STARLINK-31812 - STARLINK-30145,15589.432,70810.568,18.0433%,4,
Contact STARLINK-31812 - STARLINK-32210,1306.762,85093.238,1.5125%,3,
Contact STARLINK-31812 - STARLINK-30549,0.000,86400.000,0.0000%,0,
Contact STARLINK-31812 - STARLINK-1463,25997.556,60402.444,30.0898%,4,
Contact STARLINK-31812 - STARLINK-6241,0.000,86400.000,0.0000%,0,
Contact STARLINK-31812 - STARLINK-30486,7631.972,78768.028,8.8333%,6,
Contact STARLINK-31812 - STARLINK-5565,3723.964,82676.036,4.3101%,1,
Contact STARLINK-31812 - STARLINK-31530,0.000,86400.000,0.0000%,0,
Contact STARLINK-31812 - STARLINK-1227,870.413,85529.587,1.0074%,2,
Contact STARLINK-31812 - STARLINK-5093,9694.013,76705.987,11.2199%,4,
Contact STARLINK-31812 - STARLINK-2556,2856.205,83543.795,3.3058%,1,
Contact STARLINK-31812 - STARLINK-5591,15636.279,70763.721,18.0975%,4,
Contact STARLINK-31812 - STARLINK-1073,0.000,86400.000,0.0000%,0,
Contact STARLINK-31812 - STARLINK-32088,0.000,86400.000,0.0000%,0,
Contact STARLINK-31812 - STARLINK-5829,3806.033,82593.967,4.4051%,4,
Contact STARLINK-31812 - STARLINK-3325,45937.780,40462.220,53.1687%,1,
Contact STARLINK-31812 - STARLINK-5850,1595.122,84804.878,1.8462%,2,
Contact STARLINK-31812 - STARLINK-31979,0.000,86400.000,0.0000%,0,
Contact STARLINK-31812 - STARLINK-31939,0.000,86400.000,0.0000%,0,
Contact STARLINK-31812 - STARLINK-2424,16403.855,69996.145,18.9859%,5,
Contact STARLINK-31812 - STARLINK-30754,9215.989,77184.011,10.6667%,4,
Contact STARLINK-31812 - STARLINK-3832,637.358,85762.642,0.7377%,1,
Contact STARLINK-31812 - STARLINK-5453,16882.903,69517.097,19.5404%,5,
Contact STARLINK-31812 - STARLINK-31082,25704.486,60695.514,29.7506%,5,
Contact STARLINK-31812 - STARLINK-4569,2108.838,84291.162,2.4408%,4,
Contact STARLINK-31812 - STARLINK-1776,0.000,86400.000,0.0000%,0,
Contact STARLINK-31812 - STARLINK-6199,0.000,86400.000,0.0000%,0,
Contact STARLINK-31812 - STARLINK-4328,0.000,86400.000,0.0000%,0,
Contact STARLINK-31812 - STARLINK-2214,0.000,86400.000,0.0000%,0,
Contact STARLINK-31812 - STARLINK-5737,10852.945,75547.055,12.5613%,5,
Contact STARLINK-31812 - STARLINK-3506,0.000,86400.000,0.0000%,0,
Contact STARLINK-31812 - STARLINK-11136 [DTC],0.000,86400.000,0.0000%,0,
Contact STARLINK-31812 - STARLINK-31325,0.000,86400.000,0.0000%,0,
Contact STARLINK-31812 - STARLINK-5628,0.000,86400.000,0.0000%,0,
Contact STARLINK-31812 - STARLINK-5231,4214.665,82185.335,4.8781%,5,
Contact STARLINK-31812 - STARLINK-11092 [DTC],31250.645,55149.355,36.1697%,6,
Contact STARLINK-31812 - STARLINK-11072 [DTC],1949.261,84450.739,2.2561%,3,
Contact STARLINK-31812 - STARLINK-5176,0.000,86400.000,0.0000%,0,
Contact STARLINK-31812 - STARLINK-2042,0.000,86400.000,0.0000%,0,
Contact STARLINK-31812 - STARLINK-5503,6031.386,80368.614,6.9808%,3,
Contact STARLINK-31812 - STARLINK-6319,0.000,86400.000,0.0000%,0,
Contact STARLINK-31812 - STARLINK-4522,0.000,86400.000,0.0000%,0,
Contact STARLINK-31812 - MoonARTEMIS1,67472.650,18927.350,78.0933%,9,
Contact STARLINK-31812 - MoonARTEMIS2,67545.422,18854.578,78.1776%,9,
Contact STARLINK-31812 - MoonIOAGEO,59744.013,26655.987,69.1482%,9,
Contact STARLINK-31812 - MoonIOAGNO,67496.189,18903.811,78.1206%,9,
Contact STARLINK-31812 - MoonIOAGNO 0001,67517.428,18882.572,78.1452%,9,
Contact STARLINK-31812 - MoonIOAGSO,65864.953,20535.047,76.2326%,9,
Contact STARLINK-31812 - MoonIOAGSO 0001,66876.599,19523.401,77.4035%,9,
Contact STARLINK-31812 - MoonLRO,34429.977,51970.023,39.8495%,9,
Contact STARLINK-31812 - MarsSat1,75159.597,11240.403,86.9903%,8,
Contact STARLINK-31812 - MarsSat2,75159.391,11240.609,86.9900%,8,
Contact STARLINK-31812 - MarsSat3,75159.457,11240.543,86.9901%,8,
Contact STARLINK-31812 - MarsSat4,75159.389,11240.611,86.9900%,8,
Contact STARLINK-31931 - STARLINK-2658,63328.066,23071.934,73.2964%,1,
Contact STARLINK-31931 - STARLINK-5952,0.000,86400.000,0.0000%,0,
Contact STARLINK-31931 - STARLINK-1323,0.000,86400.000,0.0000%,0,
Contact STARLINK-31931 - STARLINK-3601,6527.172,79872.828,7.5546%,4,
Contact STARLINK-31931 - STARLINK-3603,8909.700,77490.300,10.3122%,4,
Contact STARLINK-31931 - STARLINK-3969,0.000,86400.000,0.0000%,0,
Contact STARLINK-31931 - STARLINK-4201,0.000,86400.000,0.0000%,0,
Contact STARLINK-31931 - STARLINK-31060,0.000,86400.000,0.0000%,0,
Contact STARLINK-31931 - STARLINK-5972,936.880,85463.120,1.0844%,2,
Contact STARLINK-31931 - STARLINK-2047,0.000,86400.000,0.0000%,0,
Contact STARLINK-31931 - STARLINK-30145,3598.722,82801.278,4.1652%,1,
Contact STARLINK-31931 - STARLINK-32210,0.000,86400.000,0.0000%,0,
Contact STARLINK-31931 - STARLINK-30549,15292.030,71107.970,17.6991%,7,
Contact STARLINK-31931 - STARLINK-1463,0.000,86400.000,0.0000%,0,
Contact STARLINK-31931 - STARLINK-6241,9661.833,76738.167,11.1827%,4,
Contact STARLINK-31931 - STARLINK-30486,0.000,86400.000,0.0000%,0,
Contact STARLINK-31931 - STARLINK-5565,3412.141,82987.859,3.9492%,4,
Contact STARLINK-31931 - STARLINK-31530,0.000,86400.000,0.0000%,0,
Contact STARLINK-31931 - STARLINK-1227,2269.391,84130.609,2.6266%,3,
Contact STARLINK-31931 - STARLINK-5093,979.967,85420.033,1.1342%,2,
Contact STARLINK-31931 - STARLINK-2556,6352.833,80047.167,7.3528%,4,
Contact STARLINK-31931 - STARLINK-5591,0.000,86400.000,0.0000%,0,
Contact STARLINK-31931 - STARLINK-1073,6440.224,79959.776,7.4540%,5,
Contact STARLINK-31931 - STARLINK-32088,4935.638,81464.362,5.7125%,7,
Contact STARLINK-31931 - STARLINK-5829,364.619,86035.381,0.4220%,1,
Contact STARLINK-31931 - STARLINK-3325,0.000,86400.000,0.0000%,0,
Contact STARLINK-31931 - STARLINK-5850,0.000,86400.000,0.0000%,0,
Contact STARLINK-31931 - STARLINK-31979,9992.124,76407.876,11.5650%,7,
Contact STARLINK-31931 - STARLINK-31939,0.000,86400.000,0.0000%,0,
Contact STARLINK-31931 - STARLINK-2424,0.000,86400.000,0.0000%,0,
Contact STARLINK-31931 - STARLINK-30754,0.000,86400.000,0.0000%,0,
Contact STARLINK-31931 - STARLINK-3832,42453.273,43946.727,49.1357%,1,
Contact STARLINK-31931 - STARLINK-5453,0.000,86400.000,0.0000%,0,
Contact STARLINK-31931 - STARLINK-31082,0.000,86400.000,0.0000%,0,
Contact STARLINK-31931 - STARLINK-4569,2648.754,83751.246,3.0657%,4,
Contact STARLINK-31931 - STARLINK-1776,50671.716,35728.284,58.6478%,1,
Contact STARLINK-31931 - STARLINK-6199,16999.865,69400.135,19.6758%,5,
Contact STARLINK-31931 - STARLINK-4328,12219.070,74180.930,14.1424%,3,
Contact STARLINK-31931 - STARLINK-2214,0.000,86400.000,0.0000%,0,
Contact STARLINK-31931 - STARLINK-5737,0.000,86400.000,0.0000%,0,
Contact STARLINK-31931 - STARLINK-3506,22175.222,64224.778,25.6658%,5,
Contact STARLINK-31931 - STARLINK-11136 [DTC],19889.094,66510.906,23.0198%,1,
Contact STARLINK-31931 - STARLINK-31325,0.000,86400.000,0.0000%,0,
Contact STARLINK-31931 - STARLINK-5628,45999.785,40400.215,53.2405%,1,
Contact STARLINK-31931 - STARLINK-5231,0.000,86400.000,0.0000%,0,
Contact STARLINK-31931 - STARLINK-11092 [DTC],0.000,86400.000,0.0000%,0,
Contact STARLINK-31931 - STARLINK-11072 [DTC],0.000,86400.000,0.0000%,0,
Contact STARLINK-31931 - STARLINK-5176,10973.075,75426.925,12.7003%,7,
Contact STARLINK-31931 - STARLINK-2042,751.422,85648.578,0.8697%,1,
Contact STARLINK-31931 - STARLINK-5503,0.000,86400.000,0.0000%,0,
Contact STARLINK-31931 - STARLINK-6319,492.027,85907.973,0.5695%,1,
Contact STARLINK-31931 - STARLINK-4522,16618.111,69781.889,19.2339%,5,
Contact STARLINK-31931 - MoonARTEMIS1,64329.728,22070.272,74.4557%,9,
Contact STARLINK-31931 - MoonARTEMIS2,60254.331,26145.669,69.7388%,10,
Contact STARLINK-31931 - MoonIOAGEO,57817.403,28582.597,66.9183%,9,
Contact STARLINK-31931 - MoonIOAGNO,61791.714,24608.286,71.5182%,10,
Contact STARLINK-31931 - MoonIOAGNO 0001,61763.791,24636.209,71.4859%,10,
Contact STARLINK-31931 - MoonIOAGSO,59446.777,26953.223,68.8041%,10,
Contact STARLINK-31931 - MoonIOAGSO 0001,60566.317,25833.683,70.0999%,10,
Contact STARLINK-31931 - MoonLRO,19571.827,66828.173,22.6526%,7,
Contact STARLINK-31931 - MarsSat1,67694.721,18705.279,78.3504%,9,
Contact STARLINK-31931 - MarsSat2,67694.955,18705.045,78.3506%,9,
Contact STARLINK-31931 - MarsSat3,67694.811,18705.189,78.3505%,9,
Contact STARLINK-31931 - MarsSat4,67694.753,18705.247,78.3504%,9,
Contact STARLINK-2658 - STARLINK-5952,0.000,86400.000,0.0000%,0,
Contact STARLINK-2658 - STARLINK-1323,0.000,86400.000,0.0000%,0,
Contact STARLINK-2658 - STARLINK-3601,11194.510,75205.490,12.9566%,6,
Contact STARLINK-2658 - STARLINK-3603,4500.824,81899.176,5.2093%,6,
Contact STARLINK-2658 - STARLINK-3969,0.000,86400.000,0.0000%,0,
Contact STARLINK-2658 - STARLINK-4201,0.000,86400.000,0.0000%,0,
Contact STARLINK-2658 - STARLINK-31060,0.000,86400.000,0.0000%,0,
Contact STARLINK-2658 - STARLINK-5972,1994.351,84405.649,2.3083%,4,
Contact STARLINK-2658 - STARLINK-2047,0.000,86400.000,0.0000%,0,
Contact STARLINK-2658 - STARLINK-30145,0.000,86400.000,0.0000%,0,
Contact STARLINK-2658 - STARLINK-32210,0.000,86400.000,0.0000%,0,
Contact STARLINK-2658 - STARLINK-30549,30074.656,56325.344,34.8086%,6,
Contact STARLINK-2658 - STARLINK-1463,0.000,86400.000,0.0000%,0,
Contact STARLINK-2658 - STARLINK-6241,1715.210,84684.790,1.9852%,3,
Contact STARLINK-2658 - STARLINK-30486,0.000,86400.000,0.0000%,0,
Contact STARLINK-2658 - STARLINK-5565,15097.627,71302.373,17.4741%,7,
Contact STARLINK-2658 - STARLINK-31530,0.000,86400.000,0.0000%,0,
Contact STARLINK-2658 - STARLINK-1227,3582.680,82817.320,4.1466%,6,
Contact STARLINK-2658 - STARLINK-5093,2140.665,84259.335,2.4776%,4,
Contact STARLINK-2658 - STARLINK-2556,18255.854,68144.146,21.1295%,7,
Contact STARLINK-2658 - STARLINK-5591,0.000,86400.000,0.0000%,0,
Contact STARLINK-2658 - STARLINK-1073,5152.394,81247.606,5.9634%,6,
Contact STARLINK-2658 - STARLINK-32088,2829.036,83570.964,3.2743%,4,
Contact STARLINK-2658 - STARLINK-5829,0.000,86400.000,0.0000%,0,
Contact STARLINK-2658 - STARLINK-3325,0.000,86400.000,0.0000%,0,
Contact STARLINK-2658 - STARLINK-5850,0.000,86400.000,0.0000%,0,
Contact STARLINK-2658 - STARLINK-31979,24764.879,61635.121,28.6631%,7,
Contact STARLINK-2658 - STARLINK-31939,0.000,86400.000,0.0000%,0,
Contact STARLINK-2658 - STARLINK-2424,0.000,86400.000,0.0000%,0,
Contact STARLINK-2658 - STARLINK-30754,0.000,86400.000,0.0000%,0,
Contact STARLINK-2658 - STARLINK-3832,11950.682,74449.318,13.8318%,6,
Contact STARLINK-2658 - STARLINK-5453,0.000,86400.000,0.0000%,0,
Contact STARLINK-2658 - STARLINK-31082,0.000,86400.000,0.0000%,0,
Contact STARLINK-2658 - STARLINK-4569,4189.146,82210.854,4.8485%,6,
Contact STARLINK-2658 - STARLINK-1776,30816.048,55583.952,35.6667%,6,
Contact STARLINK-2658 - STARLINK-6199,21448.594,64951.406,24.8248%,7,
Contact STARLINK-2658 - STARLINK-4328,4318.729,82081.271,4.9985%,6,
Contact STARLINK-2658 - STARLINK-2214,0.000,86400.000,0.0000%,0,
Contact STARLINK-2658 - STARLINK-5737,0.000,86400.000,0.0000%,0,
Contact STARLINK-2658 - STARLINK-3506,11673.256,74726.744,13.5107%,6,
Contact STARLINK-2658 - STARLINK-11136 [DTC],32136.188,54263.812,37.1947%,1,
Contact STARLINK-2658 - STARLINK-31325,0.000,86400.000,0.0000%,0,
Contact STARLINK-2658 - STARLINK-5628,58161.700,28238.300,67.3168%,2,
Contact STARLINK-2658 - STARLINK-5231,0.000,86400.000,0.0000%,0,
Contact STARLINK-2658 - STARLINK-11092 [DTC],1493.537,84906.463,1.7286%,2,
Contact STARLINK-2658 - STARLINK-11072 [DTC],105.876,86294.124,0.1225%,1,
Contact STARLINK-2658 - STARLINK-5176,14300.038,72099.962,16.5510%,6,
Contact STARLINK-2658 - STARLINK-2042,0.000,86400.000,0.0000%,0,
Contact STARLINK-2658 - STARLINK-5503,0.000,86400.000,0.0000%,0,
Contact STARLINK-2658 - STARLINK-6319,0.000,86400.000,0.0000%,0,
Contact STARLINK-2658 - STARLINK-4522,65132.045,21267.955,75.3843%,7,
Contact STARLINK-2658 - MoonARTEMIS1,67254.660,19145.340,77.8410%,9,
Contact STARLINK-2658 - MoonARTEMIS2,67958.091,18441.909,78.6552%,10,
Contact STARLINK-2658 - MoonIOAGEO,61632.302,24767.698,71.3337%,10,
Contact STARLINK-2658 - MoonIOAGNO,69666.204,16733.796,80.6322%,10,
Contact STARLINK-2658 - MoonIOAGNO 0001,69682.553,16717.447,80.6511%,10,
Contact STARLINK-2658 - MoonIOAGSO,69947.374,16452.626,80.9576%,10,
Contact STARLINK-2658 - MoonIOAGSO 0001,68565.183,17834.817,79.3579%,10,
Contact STARLINK-2658 - MoonLRO,19573.377,66826.623,22.6544%,7,
Contact STARLINK-2658 - MarsSat1,74830.818,11569.182,86.6097%,6,
Contact STARLINK-2658 - MarsSat2,74831.610,11568.390,86.6107%,6,
Contact STARLINK-2658 - MarsSat3,74830.890,11569.110,86.6098%,6,
Contact STARLINK-2658 - MarsSat4,74830.786,11569.214,86.6097%,6,
Contact STARLINK-5952 - STARLINK-1323,0.000,86400.000,0.0000%,0,
Contact STARLINK-5952 - STARLINK-3601,0.000,86400.000,0.0000%,0,
Contact STARLINK-5952 - STARLINK-3603,0.000,86400.000,0.0000%,0,
Contact STARLINK-5952 - STARLINK-3969,3740.570,82659.430,4.3294%,7,
Contact STARLINK-5952 - STARLINK-4201,0.000,86400.000,0.0000%,0,
Contact STARLINK-5952 - STARLINK-31060,32436.283,53963.717,37.5420%,1,
Contact STARLINK-5952 - STARLINK-5972,0.000,86400.000,0.0000%,0,
Contact STARLINK-5952 - STARLINK-2047,84115.830,2284.170,97.3563%,5,
Contact STARLINK-5952 - STARLINK-30145,0.000,86400.000,0.0000%,0,
Contact STARLINK-5952 - STARLINK-32210,0.000,86400.000,0.0000%,0,
Contact STARLINK-5952 - STARLINK-30549,2172.415,84227.585,2.5144%,3,
Contact STARLINK-5952 - STARLINK-1463,25021.458,61378.542,28.9600%,6,
Contact STARLINK-5952 - STARLINK-6241,0.000,86400.000,0.0000%,0,
Contact STARLINK-5952 - STARLINK-30486,86400.000,0.000,100.0000%,1,
Contact STARLINK-5952 - STARLINK-5565,5483.855,80916.145,6.3471%,6,
Contact STARLINK-5952 - STARLINK-31530,0.000,86400.000,0.0000%,0,
Contact STARLINK-5952 - STARLINK-1227,3719.226,82680.774,4.3047%,4,
Contact STARLINK-5952 - STARLINK-5093,0.000,86400.000,0.0000%,0,
Contact STARLINK-5952 - STARLINK-2556,8156.082,78243.918,9.4399%,7,
Contact STARLINK-5952 - STARLINK-5591,0.000,86400.000,0.0000%,0,
Contact STARLINK-5952 - STARLINK-1073,0.000,86400.000,0.0000%,0,
Contact STARLINK-5952 - STARLINK-32088,0.000,86400.000,0.0000%,0,
Contact STARLINK-5952 - STARLINK-5829,0.000,86400.000,0.0000%,0,
Contact STARLINK-5952 - STARLINK-3325,14203.842,72196.158,16.4396%,6,
Contact STARLINK-5952 - STARLINK-5850,0.000,86400.000,0.0000%,0,
Contact STARLINK-5952 - STARLINK-31979,2168.983,84231.017,2.5104%,4,
Contact STARLINK-5952 - STARLINK-31939,0.000,86400.000,0.0000%,0,
Contact STARLINK-5952 - STARLINK-2424,77803.677,8596.323,90.0506%,6,
Contact STARLINK-5952 - STARLINK-30754,86400.000,0.000,100.0000%,1,
Contact STARLINK-5952 - STARLINK-3832,0.000,86400.000,0.0000%,0,
Contact STARLINK-5952 - STARLINK-5453,0.000,86400.000,0.0000%,0,
Contact STARLINK-5952 - STARLINK-31082,0.000,86400.000,0.0000%,0,
Contact STARLINK-5952 - STARLINK-4569,0.000,86400.000,0.0000%,0,
Contact STARLINK-5952 - STARLINK-1776,0.000,86400.000,0.0000%,0,
Contact STARLINK-5952 - STARLINK-6199,0.000,86400.000,0.0000%,0,
Contact STARLINK-5952 - STARLINK-4328,0.000,86400.000,0.0000%,0,
Contact STARLINK-5952 - STARLINK-2214,0.000,86400.000,0.0000%,0,
Contact STARLINK-5952 - STARLINK-5737,84612.292,1787.708,97.9309%,4,
Contact STARLINK-5952 - STARLINK-3506,0.000,86400.000,0.0000%,0,
Contact STARLINK-5952 - STARLINK-11136 [DTC],0.000,86400.000,0.0000%,0,
Contact STARLINK-5952 - STARLINK-31325,0.000,86400.000,0.0000%,0,
Contact STARLINK-5952 - STARLINK-5628,0.000,86400.000,0.0000%,0,
Contact STARLINK-5952 - STARLINK-5231,0.000,86400.000,0.0000%,0,
Contact STARLINK-5952 - STARLINK-11092 [DTC],5327.147,81072.853,6.1657%,3,
Contact STARLINK-5952 - STARLINK-11072 [DTC],7003.699,79396.301,8.1061%,1,
Contact STARLINK-5952 - STARLINK-5176,0.000,86400.000,0.0000%,0,
Contact STARLINK-5952 - STARLINK-2042,0.000,86400.000,0.0000%,0,
Contact STARLINK-5952 - STARLINK-5503,8692.670,77707.330,10.0610%,3,
Contact STARLINK-5952 - STARLINK-6319,0.000,86400.000,0.0000%,0,
Contact STARLINK-5952 - STARLINK-4522,781.347,85618.653,0.9043%,2,
Contact STARLINK-5952 - MoonARTEMIS1,68131.847,18268.153,78.8563%,9,
Contact STARLINK-5952 - MoonARTEMIS2,70494.242,15905.758,81.5906%,8,
Contact STARLINK-5952 - MoonIOAGEO,56067.707,30332.293,64.8932%,9,
Contact STARLINK-5952 - MoonIOAGNO,70500.509,15899.491,81.5978%,8,
Contact STARLINK-5952 - MoonIOAGNO 0001,70502.248,15897.752,81.5998%,8,
Contact STARLINK-5952 - MoonIOAGSO,68177.053,18222.947,78.9086%,8,
Contact STARLINK-5952 - MoonIOAGSO 0001,68867.602,17532.398,79.7079%,8,
Contact STARLINK-5952 - MoonLRO,35339.924,51060.076,40.9027%,9,
Contact STARLINK-5952 - MarsSat1,72343.965,14056.035,83.7314%,8,
Contact STARLINK-5952 - MarsSat2,72343.891,14056.109,83.7314%,8,
Contact STARLINK-5952 - MarsSat3,72343.959,14056.041,83.7314%,8,
Contact STARLINK-5952 - MarsSat4,72343.983,14056.017,83.7315%,8,
Contact STARLINK-1323 - STARLINK-3601,0.000,86400.000,0.0000%,0,
Contact STARLINK-1323 - STARLINK-3603,0.000,86400.000,0.0000%,0,
Contact STARLINK-1323 - STARLINK-3969,86400.000,0.000,100.0000%,1,
Contact STARLINK-1323 - STARLINK-4201,83894.631,2505.369,97.1003%,5,
Contact STARLINK-1323 - STARLINK-31060,2973.607,83426.393,3.4417%,4,
Contact STARLINK-1323 - STARLINK-5972,48822.874,37577.126,56.5080%,6,
Contact STARLINK-1323 - STARLINK-2047,0.000,86400.000,0.0000%,0,
Contact STARLINK-1323 - STARLINK-30145,0.000,86400.000,0.0000%,0,
Contact STARLINK-1323 - STARLINK-32210,33416.702,52983.298,38.6767%,6,
Contact STARLINK-1323 - STARLINK-30549,0.000,86400.000,0.0000%,0,
Contact STARLINK-1323 - STARLINK-1463,20379.706,66020.294,23.5876%,7,
Contact STARLINK-1323 - STARLINK-6241,0.000,86400.000,0.0000%,0,
Contact STARLINK-1323 - STARLINK-30486,0.000,86400.000,0.0000%,0,
Contact STARLINK-1323 - STARLINK-5565,0.000,86400.000,0.0000%,0,
Contact STARLINK-1323 - STARLINK-31530,7954.572,78445.428,9.2067%,2,
Contact STARLINK-1323 - STARLINK-1227,0.000,86400.000,0.0000%,0,
Contact STARLINK-1323 - STARLINK-5093,36188.362,50211.638,41.8847%,6,
Contact STARLINK-1323 - STARLINK-2556,0.000,86400.000,0.0000%,0,
Contact STARLINK-1323 - STARLINK-5591,86400.000,0.000,100.0000%,1,
Contact STARLINK-1323 - STARLINK-1073,0.000,86400.000,0.0000%,0,
Contact STARLINK-1323 - STARLINK-32088,0.000,86400.000,0.0000%,0,
Contact STARLINK-1323 - STARLINK-5829,78748.759,7651.241,91.1444%,3,
Contact STARLINK-1323 - STARLINK-3325,33886.659,52513.341,39.2207%,7,
Contact STARLINK-1323 - STARLINK-5850,42794.987,43605.013,49.5312%,6,
Contact STARLINK-1323 - STARLINK-31979,0.000,86400.000,0.0000%,0,
Contact STARLINK-1323 - STARLINK-31939,0.000,86400.000,0.0000%,0,
Contact STARLINK-1323 - STARLINK-2424,8631.314,77768.686,9.9899%,7,
Contact STARLINK-1323 - STARLINK-30754,0.000,86400.000,0.0000%,0,
Contact STARLINK-1323 - STARLINK-3832,0.000,86400.000,0.0000%,0,
Contact STARLINK-1323 - STARLINK-5453,86400.000,0.000,100.0000%,1,
Contact STARLINK-1323 - STARLINK-31082,86400.000,0.000,100.0000%,1,
Contact STARLINK-1323 - STARLINK-4569,4969.731,81430.269,5.7520%,6,
Contact STARLINK-1323 - STARLINK-1776,0.000,86400.000,0.0000%,0,
Contact STARLINK-1323 - STARLINK-6199,0.000,86400.000,0.0000%,0,
Contact STARLINK-1323 - STARLINK-4328,2465.454,83934.546,2.8535%,4,
Contact STARLINK-1323 - STARLINK-2214,0.000,86400.000,0.0000%,0,
Contact STARLINK-1323 - STARLINK-5737,0.000,86400.000,0.0000%,0,
Contact STARLINK-1323 - STARLINK-3506,0.000,86400.000,0.0000%,0,
Contact STARLINK-1323 - STARLINK-11136 [DTC],677.273,85722.727,0.7839%,1,
Contact STARLINK-1323 - STARLINK-31325,0.000,86400.000,0.0000%,0,
Contact STARLINK-1323 - STARLINK-5628,0.000,86400.000,0.0000%,0,
Contact STARLINK-1323 - STARLINK-5231,4542.613,81857.387,5.2577%,6,
Contact STARLINK-1323 - STARLINK-11092 [DTC],33930.305,52469.695,39.2712%,1,
Contact STARLINK-1323 - STARLINK-11072 [DTC],25037.988,61362.012,28.9792%,3,
Contact STARLINK-1323 - STARLINK-5176,0.000,86400.000,0.0000%,0,
Contact STARLINK-1323 - STARLINK-2042,0.000,86400.000,0.0000%,0,
Contact STARLINK-1323 - STARLINK-5503,14754.511,71645.489,17.0770%,7,
Contact STARLINK-1323 - STARLINK-6319,0.000,86400.000,0.0000%,0,
Contact STARLINK-1323 - STARLINK-4522,0.000,86400.000,0.0000%,0,
Contact STARLINK-1323 - MoonARTEMIS1,66522.599,19877.401,76.9937%,9,
Contact STARLINK-1323 - MoonARTEMIS2,65496.102,20903.898,75.8057%,9,
Contact STARLINK-1323 - MoonIOAGEO,58809.217,27590.783,68.0662%,9,
Contact STARLINK-1323 - MoonIOAGNO,66478.967,19921.033,76.9432%,9,
Contact STARLINK-1323 - MoonIOAGNO 0001,66484.137,19915.863,76.9492%,9,
Contact STARLINK-1323 - MoonIOAGSO,64620.664,21779.336,74.7924%,9,
Contact STARLINK-1323 - MoonIOAGSO 0001,65968.599,20431.401,76.3525%,9,
Contact STARLINK-1323 - MoonLRO,32065.577,54334.423,37.1129%,8,
Contact STARLINK-1323 - MarsSat1,68317.263,18082.737,79.0709%,10,
Contact STARLINK-1323 - MarsSat2,68316.724,18083.276,79.0703%,10,
Contact STARLINK-1323 - MarsSat3,68317.120,18082.880,79.0707%,10,
Contact STARLINK-1323 - MarsSat4,68317.189,18082.811,79.0708%,10,
Contact STARLINK-3601 - STARLINK-3603,86400.000,0.000,100.0000%,1,
Contact STARLINK-3601 - STARLINK-3969,0.000,86400.000,0.0000%,0,
Contact STARLINK-3601 - STARLINK-4201,0.000,86400.000,0.0000%,0,
Contact STARLINK-3601 - STARLINK-31060,0.000,86400.000,0.0000%,0,
Contact STARLINK-3601 - STARLINK-5972,0.000,86400.000,0.0000%,0,
Contact STARLINK-3601 - STARLINK-2047,0.000,86400.000,0.0000%,0,
Contact STARLINK-3601 - STARLINK-30145,2079.757,84320.243,2.4071%,3,
Contact STARLINK-3601 - STARLINK-32210,0.000,86400.000,0.0000%,0,
Contact STARLINK-3601 - STARLINK-30549,5112.674,81287.326,5.9174%,3,
Contact STARLINK-3601 - STARLINK-1463,0.000,86400.000,0.0000%,0,
Contact STARLINK-3601 - STARLINK-6241,24717.060,61682.940,28.6077%,7,
Contact STARLINK-3601 - STARLINK-30486,0.000,86400.000,0.0000%,0,
Contact STARLINK-3601 - STARLINK-5565,0.000,86400.000,0.0000%,0,
Contact STARLINK-3601 - STARLINK-31530,0.000,86400.000,0.0000%,0,
Contact STARLINK-3601 - STARLINK-1227,0.000,86400.000,0.0000%,0,
Contact STARLINK-3601 - STARLINK-5093,0.000,86400.000,0.0000%,0,
Contact STARLINK-3601 - STARLINK-2556,0.000,86400.000,0.0000%,0,
Contact STARLINK-3601 - STARLINK-5591,0.000,86400.000,0.0000%,0,
Contact STARLINK-3601 - STARLINK-1073,86400.000,0.000,100.0000%,1,
Contact STARLINK-3601 - STARLINK-32088,32882.971,53517.029,38.0590%,1,
Contact STARLINK-3601 - STARLINK-5829,146.741,86253.259,0.1698%,1,
Contact STARLINK-3601 - STARLINK-3325,0.000,86400.000,0.0000%,0,
Contact STARLINK-3601 - STARLINK-5850,0.000,86400.000,0.0000%,0,
Contact STARLINK-3601 - STARLINK-31979,2910.817,83489.183,3.3690%,4,
Contact STARLINK-3601 - STARLINK-31939,2052.843,84347.157,2.3760%,3,
Contact STARLINK-3601 - STARLINK-2424,0.000,86400.000,0.0000%,0,
Contact STARLINK-3601 - STARLINK-30754,0.000,86400.000,0.0000%,0,
Contact STARLINK-3601 - STARLINK-3832,71530.497,14869.503,82.7899%,7,
Contact STARLINK-3601 - STARLINK-5453,0.000,86400.000,0.0000%,0,
Contact STARLINK-3601 - STARLINK-31082,0.000,86400.000,0.0000%,0,
Contact STARLINK-3601 - STARLINK-4569,0.000,86400.000,0.0000%,0,
Contact STARLINK-3601 - STARLINK-1776,46731.873,39668.127,54.0878%,7,
Contact STARLINK-3601 - STARLINK-6199,17830.232,68569.768,20.6368%,6,
Contact STARLINK-3601 - STARLINK-4328,0.000,86400.000,0.0000%,0,
Contact STARLINK-3601 - STARLINK-2214,0.000,86400.000,0.0000%,0,
Contact STARLINK-3601 - STARLINK-5737,0.000,86400.000,0.0000%,0,
Contact STARLINK-3601 - STARLINK-3506,86400.000,0.000,100.0000%,1,
Contact STARLINK-3601 - STARLINK-11136 [DTC],1070.216,85329.784,1.2387%,2,
Contact STARLINK-3601 - STARLINK-31325,0.000,86400.000,0.0000%,0,
Contact STARLINK-3601 - STARLINK-5628,218.063,86181.937,0.2524%,1,
Contact STARLINK-3601 - STARLINK-5231,0.000,86400.000,0.0000%,0,
Contact STARLINK-3601 - STARLINK-11092 [DTC],0.000,86400.000,0.0000%,0,
Contact STARLINK-3601 - STARLINK-11072 [DTC],4188.355,82211.645,4.8476%,1,
Contact STARLINK-3601 - STARLINK-5176,86400.000,0.000,100.0000%,1,
Contact STARLINK-3601 - STARLINK-2042,1363.173,85036.827,1.5777%,3,
Contact STARLINK-3601 - STARLINK-5503,0.000,86400.000,0.0000%,0,
Contact STARLINK-3601 - STARLINK-6319,0.000,86400.000,0.0000%,0,
Contact STARLINK-3601 - STARLINK-4522,3107.391,83292.609,3.5965%,5,
Contact STARLINK-3601 - MoonARTEMIS1,70445.379,15954.621,81.5340%,7,
Contact STARLINK-3601 - MoonARTEMIS2,72430.736,13969.264,83.8319%,8,
Contact STARLINK-3601 - MoonIOAGEO,65491.796,20908.204,75.8007%,8,
Contact STARLINK-3601 - MoonIOAGNO,73761.390,12638.610,85.3720%,8,
Contact STARLINK-3601 - MoonIOAGNO 0001,73736.521,12663.479,85.3432%,8,
Contact STARLINK-3601 - MoonIOAGSO,71775.885,14624.115,83.0739%,8,
Contact STARLINK-3601 - MoonIOAGSO 0001,71659.497,14740.503,82.9392%,8,
Contact STARLINK-3601 - MoonLRO,25349.552,61050.448,29.3398%,8,
Contact STARLINK-3601 - MarsSat1,70788.378,15611.622,81.9310%,8,
Contact STARLINK-3601 - MarsSat2,70788.699,15611.301,81.9314%,8,
Contact STARLINK-3601 - MarsSat3,70788.541,15611.459,81.9312%,8,
Contact STARLINK-3601 - MarsSat4,70788.485,15611.515,81.9311%,8,
Contact STARLINK-3603 - STARLINK-3969,0.000,86400.000,0.0000%,0,
Contact STARLINK-3603 - STARLINK-4201,0.000,86400.000,0.0000%,0,
Contact STARLINK-3603 - STARLINK-31060,6010.340,80389.660,6.9564%,1,
Contact STARLINK-3603 - STARLINK-5972,0.000,86400.000,0.0000%,0,
Contact STARLINK-3603 - STARLINK-2047,0.000,86400.000,0.0000%,0,
Contact STARLINK-3603 - STARLINK-30145,40489.271,45910.729,46.8626%,7,
Contact STARLINK-3603 - STARLINK-32210,0.000,86400.000,0.0000%,0,
Contact STARLINK-3603 - STARLINK-30549,3861.503,82538.497,4.4693%,5,
Contact STARLINK-3603 - STARLINK-1463,0.000,86400.000,0.0000%,0,
Contact STARLINK-3603 - STARLINK-6241,14739.021,71660.979,17.0591%,6,
Contact STARLINK-3603 - STARLINK-30486,0.000,86400.000,0.0000%,0,
Contact STARLINK-3603 - STARLINK-5565,530.959,85869.041,0.6145%,1,
Contact STARLINK-3603 - STARLINK-31530,0.000,86400.000,0.0000%,0,
Contact STARLINK-3603 - STARLINK-1227,36297.904,50102.096,42.0115%,6,
Contact STARLINK-3603 - STARLINK-5093,0.000,86400.000,0.0000%,0,
Contact STARLINK-3603 - STARLINK-2556,500.429,85899.571,0.5792%,2,
Contact STARLINK-3603 - STARLINK-5591,0.000,86400.000,0.0000%,0,
Contact STARLINK-3603 - STARLINK-1073,86400.000,0.000,100.0000%,1,
Contact STARLINK-3603 - STARLINK-32088,19111.744,67288.256,22.1201%,1,
Contact STARLINK-3603 - STARLINK-5829,0.000,86400.000,0.0000%,0,
Contact STARLINK-3603 - STARLINK-3325,0.000,86400.000,0.0000%,0,
Contact STARLINK-3603 - STARLINK-5850,0.000,86400.000,0.0000%,0,
Contact STARLINK-3603 - STARLINK-31979,7302.394,79097.606,8.4518%,6,
Contact STARLINK-3603 - STARLINK-31939,720.348,85679.652,0.8337%,1,
Contact STARLINK-3603 - STARLINK-2424,0.000,86400.000,0.0000%,0,
Contact STARLINK-3603 - STARLINK-30754,0.000,86400.000,0.0000%,0,
Contact STARLINK-3603 - STARLINK-3832,40413.508,45986.492,46.7749%,7,
Contact STARLINK-3603 - STARLINK-5453,0.000,86400.000,0.0000%,0,
Contact STARLINK-3603 - STARLINK-31082,0.000,86400.000,0.0000%,0,
Contact STARLINK-3603 - STARLINK-4569,0.000,86400.000,0.0000%,0,
Contact STARLINK-3603 - STARLINK-1776,21561.087,64838.913,24.9550%,7,
Contact STARLINK-3603 - STARLINK-6199,11853.869,74546.131,13.7198%,6,
Contact STARLINK-3603 - STARLINK-4328,0.000,86400.000,0.0000%,0,
Contact STARLINK-3603 - STARLINK-2214,0.000,86400.000,0.0000%,0,
Contact STARLINK-3603 - STARLINK-5737,0.000,86400.000,0.0000%,0,
Contact STARLINK-3603 - STARLINK-3506,86400.000,0.000,100.0000%,1,
Contact STARLINK-3603 - STARLINK-11136 [DTC],1023.396,85376.604,1.1845%,2,
Contact STARLINK-3603 - STARLINK-31325,0.000,86400.000,0.0000%,0,
Contact STARLINK-3603 - STARLINK-5628,0.000,86400.000,0.0000%,0,
Contact STARLINK-3603 - STARLINK-5231,0.000,86400.000,0.0000%,0,
Contact STARLINK-3603 - STARLINK-11092 [DTC],325.404,86074.596,0.3766%,1,
Contact STARLINK-3603 - STARLINK-11072 [DTC],855.680,85544.320,0.9904%,1,
Contact STARLINK-3603 - STARLINK-5176,86400.000,0.000,100.0000%,1,
Contact STARLINK-3603 - STARLINK-2042,0.000,86400.000,0.0000%,0,
Contact STARLINK-3603 - STARLINK-5503,0.000,86400.000,0.0000%,0,
Contact STARLINK-3603 - STARLINK-6319,0.000,86400.000,0.0000%,0,
Contact STARLINK-3603 - STARLINK-4522,7655.911,78744.089,8.8610%,6,
Contact STARLINK-3603 - MoonARTEMIS1,66765.246,19634.754,77.2746%,9,
Contact STARLINK-3603 - MoonARTEMIS2,71144.103,15255.897,82.3427%,9,
Contact STARLINK-3603 - MoonIOAGEO,65668.242,20731.758,76.0049%,8,
Contact STARLINK-3603 - MoonIOAGNO,72214.861,14185.139,83.5820%,9,
Contact STARLINK-3603 - MoonIOAGNO 0001,72244.607,14155.393,83.6164%,9,
Contact STARLINK-3603 - MoonIOAGSO,69318.530,17081.470,80.2298%,9,
Contact STARLINK-3603 - MoonIOAGSO 0001,69812.263,16587.737,80.8012%,9,
Contact STARLINK-3603 - MoonLRO,28083.487,58316.513,32.5040%,9,
Contact STARLINK-3603 - MarsSat1,70857.095,15542.905,82.0105%,8,
Contact STARLINK-3603 - MarsSat2,70857.311,15542.689,82.0108%,8,
Contact STARLINK-3603 - MarsSat3,70857.085,15542.915,82.0105%,8,
Contact STARLINK-3603 - MarsSat4,70857.149,15542.851,82.0106%,8,
Contact STARLINK-3969 - STARLINK-4201,23906.798,62493.202,27.6699%,6,
Contact STARLINK-3969 - STARLINK-31060,3249.460,83150.540,3.7609%,5,
Contact STARLINK-3969 - STARLINK-5972,3406.868,82993.132,3.9431%,4,
Contact STARLINK-3969 - STARLINK-2047,0.000,86400.000,0.0000%,0,
Contact STARLINK-3969 - STARLINK-30145,0.000,86400.000,0.0000%,0,
Contact STARLINK-3969 - STARLINK-32210,5312.946,81087.054,6.1492%,6,
Contact STARLINK-3969 - STARLINK-30549,0.000,86400.000,0.0000%,0,
Contact STARLINK-3969 - STARLINK-1463,43719.491,42680.509,50.6013%,7,
Contact STARLINK-3969 - STARLINK-6241,0.000,86400.000,0.0000%,0,
Contact STARLINK-3969 - STARLINK-30486,4416.864,81983.136,5.1121%,7,
Contact STARLINK-3969 - STARLINK-5565,0.000,86400.000,0.0000%,0,
Contact STARLINK-3969 - STARLINK-31530,13757.015,72642.985,15.9225%,1,
Contact STARLINK-3969 - STARLINK-1227,0.000,86400.000,0.0000%,0,
Contact STARLINK-3969 - STARLINK-5093,3120.486,83279.514,3.6117%,4,
Contact STARLINK-3969 - STARLINK-2556,0.000,86400.000,0.0000%,0,
Contact STARLINK-3969 - STARLINK-5591,56650.070,29749.930,65.5672%,7,
Contact STARLINK-3969 - STARLINK-1073,0.000,86400.000,0.0000%,0,
Contact STARLINK-3969 - STARLINK-32088,0.000,86400.000,0.0000%,0,
Contact STARLINK-3969 - STARLINK-5829,37314.336,49085.664,43.1879%,7,
Contact STARLINK-3969 - STARLINK-3325,86400.000,0.000,100.0000%,1,
Contact STARLINK-3969 - STARLINK-5850,13482.638,72917.362,15.6049%,6,
Contact STARLINK-3969 - STARLINK-31979,0.000,86400.000,0.0000%,0,
Contact STARLINK-3969 - STARLINK-31939,0.000,86400.000,0.0000%,0,
Contact STARLINK-3969 - STARLINK-2424,15659.708,70740.292,18.1247%,7,
Contact STARLINK-3969 - STARLINK-30754,0.000,86400.000,0.0000%,0,
Contact STARLINK-3969 - STARLINK-3832,0.000,86400.000,0.0000%,0,
Contact STARLINK-3969 - STARLINK-5453,27635.312,58764.688,31.9853%,6,
Contact STARLINK-3969 - STARLINK-31082,71714.487,14685.513,83.0029%,7,
Contact STARLINK-3969 - STARLINK-4569,4273.470,82126.530,4.9461%,6,
Contact STARLINK-3969 - STARLINK-1776,0.000,86400.000,0.0000%,0,
Contact STARLINK-3969 - STARLINK-6199,0.000,86400.000,0.0000%,0,
Contact STARLINK-3969 - STARLINK-4328,0.000,86400.000,0.0000%,0,
Contact STARLINK-3969 - STARLINK-2214,0.000,86400.000,0.0000%,0,
Contact STARLINK-3969 - STARLINK-5737,5922.502,80477.498,6.8547%,7,
Contact STARLINK-3969 - STARLINK-3506,0.000,86400.000,0.0000%,0,
Contact STARLINK-3969 - STARLINK-11136 [DTC],154.945,86245.055,0.1793%,1,
Contact STARLINK-3969 - STARLINK-31325,0.000,86400.000,0.0000%,0,
Contact STARLINK-3969 - STARLINK-5628,0.000,86400.000,0.0000%,0,
Contact STARLINK-3969 - STARLINK-5231,8401.190,77998.810,9.7236%,6,
Contact STARLINK-3969 - STARLINK-11092 [DTC],29306.322,57093.678,33.9194%,1,
Contact STARLINK-3969 - STARLINK-11072 [DTC],8399.379,78000.621,9.7215%,3,
Contact STARLINK-3969 - STARLINK-5176,0.000,86400.000,0.0000%,0,
Contact STARLINK-3969 - STARLINK-2042,0.000,86400.000,0.0000%,0,
Contact STARLINK-3969 - STARLINK-5503,5687.109,80712.891,6.5823%,6,
Contact STARLINK-3969 - STARLINK-6319,0.000,86400.000,0.0000%,0,
Contact STARLINK-3969 - STARLINK-4522,0.000,86400.000,0.0000%,0,
Contact STARLINK-3969 - MoonARTEMIS1,67087.564,19312.436,77.6476%,9,
Contact STARLINK-3969 - MoonARTEMIS2,66164.496,20235.504,76.5793%,9,
Contact STARLINK-3969 - MoonIOAGEO,59240.212,27159.788,68.5651%,9,
Contact STARLINK-3969 - MoonIOAGNO,67126.487,19273.513,77.6927%,9,
Contact STARLINK-3969 - MoonIOAGNO 0001,67137.292,19262.708,77.7052%,9,
Contact STARLINK-3969 - MoonIOAGSO,65228.761,21171.239,75.4963%,9,
Contact STARLINK-3969 - MoonIOAGSO 0001,66583.377,19816.623,77.0641%,9,
Contact STARLINK-3969 - MoonLRO,32411.513,53988.487,37.5133%,8,
Contact STARLINK-3969 - MarsSat1,80753.102,5646.898,93.4642%,6,
Contact STARLINK-3969 - MarsSat2,80752.064,5647.936,93.4630%,6,
Contact STARLINK-3969 - MarsSat3,80753.508,5646.492,93.4647%,6,
Contact STARLINK-3969 - MarsSat4,80752.912,5647.088,93.4640%,6,
Contact STARLINK-4201 - STARLINK-31060,5198.604,81201.396,6.0169%,2,
Contact STARLINK-4201 - STARLINK-5972,22209.325,64190.675,25.7052%,7,
Contact STARLINK-4201 - STARLINK-2047,0.000,86400.000,0.0000%,0,
Contact STARLINK-4201 - STARLINK-30145,0.000,86400.000,0.0000%,0,
Contact STARLINK-4201 - STARLINK-32210,86400.000,0.000,100.0000%,1,
Contact STARLINK-4201 - STARLINK-30549,0.000,86400.000,0.0000%,0,
Contact STARLINK-4201 - STARLINK-1463,1389.854,85010.146,1.6086%,3,
Contact STARLINK-4201 - STARLINK-6241,0.000,86400.000,0.0000%,0,
Contact STARLINK-4201 - STARLINK-30486,0.000,86400.000,0.0000%,0,
Contact STARLINK-4201 - STARLINK-5565,0.000,86400.000,0.0000%,0,
Contact STARLINK-4201 - STARLINK-31530,8700.208,77699.792,10.0697%,3,
Contact STARLINK-4201 - STARLINK-1227,0.000,86400.000,0.0000%,0,
Contact STARLINK-4201 - STARLINK-5093,21898.472,64501.528,25.3455%,7,
Contact STARLINK-4201 - STARLINK-2556,0.000,86400.000,0.0000%,0,
Contact STARLINK-4201 - STARLINK-5591,79155.511,7244.489,91.6152%,2,
Contact STARLINK-4201 - STARLINK-1073,0.000,86400.000,0.0000%,0,
Contact STARLINK-4201 - STARLINK-32088,11402.505,74997.495,13.1973%,1,
Contact STARLINK-4201 - STARLINK-5829,33748.566,52651.434,39.0608%,6,
Contact STARLINK-4201 - STARLINK-3325,7988.368,78411.632,9.2458%,7,
Contact STARLINK-4201 - STARLINK-5850,86400.000,0.000,100.0000%,1,
Contact STARLINK-4201 - STARLINK-31979,0.000,86400.000,0.0000%,0,
Contact STARLINK-4201 - STARLINK-31939,925.623,85474.377,1.0713%,1,
Contact STARLINK-4201 - STARLINK-2424,0.000,86400.000,0.0000%,0,
Contact STARLINK-4201 - STARLINK-30754,0.000,86400.000,0.0000%,0,
Contact STARLINK-4201 - STARLINK-3832,0.000,86400.000,0.0000%,0,
Contact STARLINK-4201 - STARLINK-5453,86400.000,0.000,100.0000%,1,
Contact STARLINK-4201 - STARLINK-31082,86400.000,0.000,100.0000%,1,
Contact STARLINK-4201 - STARLINK-4569,12494.198,73905.802,14.4609%,6,
Contact STARLINK-4201 - STARLINK-1776,0.000,86400.000,0.0000%,0,
Contact STARLINK-4201 - STARLINK-6199,0.000,86400.000,0.0000%,0,
Contact STARLINK-4201 - STARLINK-4328,10716.646,75683.354,12.4035%,6,
Contact STARLINK-4201 - STARLINK-2214,0.000,86400.000,0.0000%,0,
Contact STARLINK-4201 - STARLINK-5737,0.000,86400.000,0.0000%,0,
Contact STARLINK-4201 - STARLINK-3506,0.000,86400.000,0.0000%,0,
Contact STARLINK-4201 - STARLINK-11136 [DTC],2216.219,84183.781,2.5651%,3,
Contact STARLINK-4201 - STARLINK-31325,17947.547,68452.453,20.7726%,2,
Contact STARLINK-4201 - STARLINK-5628,0.000,86400.000,0.0000%,0,
Contact STARLINK-4201 - STARLINK-5231,0.000,86400.000,0.0000%,0,
Contact STARLINK-4201 - STARLINK-11092 [DTC],18636.667,67763.333,21.5702%,3,
Contact STARLINK-4201 - STARLINK-11072 [DTC],30957.989,55442.011,35.8310%,1,
Contact STARLINK-4201 - STARLINK-5176,0.000,86400.000,0.0000%,0,
Contact STARLINK-4201 - STARLINK-2042,0.000,86400.000,0.0000%,0,
Contact STARLINK-4201 - STARLINK-5503,1636.702,84763.298,1.8943%,3,
Contact STARLINK-4201 - STARLINK-6319,0.000,86400.000,0.0000%,0,
Contact STARLINK-4201 - STARLINK-4522,0.000,86400.000,0.0000%,0,
Contact STARLINK-4201 - MoonARTEMIS1,74897.793,11502.207,86.6873%,7,
Contact STARLINK-4201 - MoonARTEMIS2,71759.675,14640.325,83.0552%,9,
Contact STARLINK-4201 - MoonIOAGEO,66876.495,19523.505,77.4034%,8,
Contact STARLINK-4201 - MoonIOAGNO,73382.691,13017.309,84.9337%,9,
Contact STARLINK-4201 - MoonIOAGNO 0001,75073.469,11326.531,86.8906%,8,
Contact STARLINK-4201 - MoonIOAGSO,71264.288,15135.712,82.4818%,9,
Contact STARLINK-4201 - MoonIOAGSO 0001,72806.965,13593.035,84.2673%,9,
Contact STARLINK-4201 - MoonLRO,32996.559,53403.441,38.1905%,7,
Contact STARLINK-4201 - MarsSat1,67484.369,18915.631,78.1069%,10,
Contact STARLINK-4201 - MarsSat2,67484.615,18915.385,78.1072%,10,
Contact STARLINK-4201 - MarsSat3,67484.433,18915.567,78.1070%,10,
Contact STARLINK-4201 - MarsSat4,67484.395,18915.605,78.1069%,10,
Contact STARLINK-31060 - STARLINK-5972,3104.739,83295.261,3.5934%,5,
Contact STARLINK-31060 - STARLINK-2047,9348.979,77051.021,10.8206%,3,
Contact STARLINK-31060 - STARLINK-30145,17936.379,68463.621,20.7597%,1,
Contact STARLINK-31060 - STARLINK-32210,11896.939,74503.061,13.7696%,2,
Contact STARLINK-31060 - STARLINK-30549,0.000,86400.000,0.0000%,0,
Contact STARLINK-31060 - STARLINK-1463,2985.426,83414.574,3.4554%,3,
Contact STARLINK-31060 - STARLINK-6241,0.000,86400.000,0.0000%,0,
Contact STARLINK-31060 - STARLINK-30486,32377.046,54022.954,37.4734%,1,
Contact STARLINK-31060 - STARLINK-5565,2202.778,84197.222,2.5495%,3,
Contact STARLINK-31060 - STARLINK-31530,841.595,85558.405,0.9741%,2,
Contact STARLINK-31060 - STARLINK-1227,11105.014,75294.986,12.8530%,2,
Contact STARLINK-31060 - STARLINK-5093,2406.085,83993.915,2.7848%,4,
Contact STARLINK-31060 - STARLINK-2556,2035.164,84364.836,2.3555%,3,
Contact STARLINK-31060 - STARLINK-5591,5090.795,81309.205,5.8921%,3,
Contact STARLINK-31060 - STARLINK-1073,3538.343,82861.657,4.0953%,2,
Contact STARLINK-31060 - STARLINK-32088,0.000,86400.000,0.0000%,0,
Contact STARLINK-31060 - STARLINK-5829,1230.781,85169.219,1.4245%,2,
Contact STARLINK-31060 - STARLINK-3325,5319.696,81080.304,6.1571%,3,
Contact STARLINK-31060 - STARLINK-5850,23940.120,62459.880,27.7085%,1,
Contact STARLINK-31060 - STARLINK-31979,0.000,86400.000,0.0000%,0,
Contact STARLINK-31060 - STARLINK-31939,0.000,86400.000,0.0000%,0,
Contact STARLINK-31060 - STARLINK-2424,26377.915,60022.085,30.5300%,2,
Contact STARLINK-31060 - STARLINK-30754,14900.303,71499.697,17.2457%,3,
Contact STARLINK-31060 - STARLINK-3832,0.000,86400.000,0.0000%,0,
Contact STARLINK-31060 - STARLINK-5453,8456.292,77943.708,9.7874%,3,
Contact STARLINK-31060 - STARLINK-31082,8058.896,78341.104,9.3274%,3,
Contact STARLINK-31060 - STARLINK-4569,17579.732,68820.268,20.3469%,3,
Contact STARLINK-31060 - STARLINK-1776,0.000,86400.000,0.0000%,0,
Contact STARLINK-31060 - STARLINK-6199,0.000,86400.000,0.0000%,0,
Contact STARLINK-31060 - STARLINK-4328,8250.025,78149.975,9.5486%,2,
Contact STARLINK-31060 - STARLINK-2214,1779.619,84620.381,2.0597%,3,
Contact STARLINK-31060 - STARLINK-5737,31361.935,55038.065,36.2985%,1,
Contact STARLINK-31060 - STARLINK-3506,0.000,86400.000,0.0000%,0,
Contact STARLINK-31060 - STARLINK-11136 [DTC],0.000,86400.000,0.0000%,0,
Contact STARLINK-31060 - STARLINK-31325,0.000,86400.000,0.0000%,0,
Contact STARLINK-31060 - STARLINK-5628,4101.061,82298.939,4.7466%,1,
Contact STARLINK-31060 - STARLINK-5231,36779.071,49620.929,42.5684%,2,
Contact STARLINK-31060 - STARLINK-11092 [DTC],4636.441,81763.559,5.3663%,6,
Contact STARLINK-31060 - STARLINK-11072 [DTC],0.000,86400.000,0.0000%,0,
Contact STARLINK-31060 - STARLINK-5176,0.000,86400.000,0.0000%,0,
Contact STARLINK-31060 - STARLINK-2042,0.000,86400.000,0.0000%,0,
Contact STARLINK-31060 - STARLINK-5503,29652.260,56747.740,34.3197%,1,
Contact STARLINK-31060 - STARLINK-6319,772.922,85627.078,0.8946%,1,
Contact STARLINK-31060 - STARLINK-4522,1015.173,85384.827,1.1750%,2,
Contact STARLINK-31060 - MoonARTEMIS1,66044.986,20355.014,76.4410%,9,
Contact STARLINK-31060 - MoonARTEMIS2,62440.041,23959.959,72.2686%,9,
Contact STARLINK-31060 - MoonIOAGEO,60982.776,25417.224,70.5819%,9,
Contact STARLINK-31060 - MoonIOAGNO,69350.864,17049.136,80.2672%,9,
Contact STARLINK-31060 - MoonIOAGNO 0001,69349.234,17050.766,80.2653%,9,
Contact STARLINK-31060 - MoonIOAGSO,63123.480,23276.520,73.0596%,9,
Contact STARLINK-31060 - MoonIOAGSO 0001,69304.047,17095.953,80.2130%,9,
Contact STARLINK-31060 - MoonLRO,31979.797,54420.203,37.0137%,9,
Contact STARLINK-31060 - MarsSat1,64413.159,21986.841,74.5523%,9,
Contact STARLINK-31060 - MarsSat2,64412.915,21987.085,74.5520%,9,
Contact STARLINK-31060 - MarsSat3,64412.999,21987.001,74.5521%,9,
Contact STARLINK-31060 - MarsSat4,64413.105,21986.895,74.5522%,9,
Contact STARLINK-5972 - STARLINK-2047,0.000,86400.000,0.0000%,0,
Contact STARLINK-5972 - STARLINK-30145,3657.823,82742.177,4.2336%,6,
Contact STARLINK-5972 - STARLINK-32210,11753.760,74646.240,13.6039%,7,
Contact STARLINK-5972 - STARLINK-30549,6880.165,79519.835,7.9632%,1,
Contact STARLINK-5972 - STARLINK-1463,4474.930,81925.070,5.1793%,6,
Contact STARLINK-5972 - STARLINK-6241,0.000,86400.000,0.0000%,0,
Contact STARLINK-5972 - STARLINK-30486,1071.555,85328.445,1.2402%,4,
Contact STARLINK-5972 - STARLINK-5565,0.000,86400.000,0.0000%,0,
Contact STARLINK-5972 - STARLINK-31530,0.000,86400.000,0.0000%,0,
Contact STARLINK-5972 - STARLINK-1227,0.000,86400.000,0.0000%,0,
Contact STARLINK-5972 - STARLINK-5093,86400.000,0.000,100.0000%,1,
Contact STARLINK-5972 - STARLINK-2556,0.000,86400.000,0.0000%,0,
Contact STARLINK-5972 - STARLINK-5591,42990.968,43409.032,49.7581%,4,
Contact STARLINK-5972 - STARLINK-1073,0.000,86400.000,0.0000%,0,
Contact STARLINK-5972 - STARLINK-32088,589.166,85810.834,0.6819%,1,
Contact STARLINK-5972 - STARLINK-5829,37318.582,49081.418,43.1928%,3,
Contact STARLINK-5972 - STARLINK-3325,1017.042,85382.958,1.1771%,2,
Contact STARLINK-5972 - STARLINK-5850,6080.888,80319.112,7.0381%,6,
Contact STARLINK-5972 - STARLINK-31979,0.000,86400.000,0.0000%,0,
Contact STARLINK-5972 - STARLINK-31939,0.000,86400.000,0.0000%,0,
Contact STARLINK-5972 - STARLINK-2424,4850.591,81549.409,5.6141%,7,
Contact STARLINK-5972 - STARLINK-30754,0.000,86400.000,0.0000%,0,
Contact STARLINK-5972 - STARLINK-3832,2378.348,84021.652,2.7527%,4,
Contact STARLINK-5972 - STARLINK-5453,60554.424,25845.576,70.0861%,7,
Contact STARLINK-5972 - STARLINK-31082,50535.038,35864.962,58.4896%,7,
Contact STARLINK-5972 - STARLINK-4569,2726.308,83673.692,3.1554%,4,
Contact STARLINK-5972 - STARLINK-1776,3065.385,83334.615,3.5479%,5,
Contact STARLINK-5972 - STARLINK-6199,0.000,86400.000,0.0000%,0,
Contact STARLINK-5972 - STARLINK-4328,4342.071,82057.929,5.0255%,6,
Contact STARLINK-5972 - STARLINK-2214,0.000,86400.000,0.0000%,0,
Contact STARLINK-5972 - STARLINK-5737,4467.070,81932.930,5.1702%,6,
Contact STARLINK-5972 - STARLINK-3506,0.000,86400.000,0.0000%,0,
Contact STARLINK-5972 - STARLINK-11136 [DTC],629.496,85770.504,0.7286%,1,
Contact STARLINK-5972 - STARLINK-31325,0.000,86400.000,0.0000%,0,
Contact STARLINK-5972 - STARLINK-5628,0.000,86400.000,0.0000%,0,
Contact STARLINK-5972 - STARLINK-5231,4251.504,82148.496,4.9207%,7,
Contact STARLINK-5972 - STARLINK-11092 [DTC],18499.847,67900.153,21.4119%,3,
Contact STARLINK-5972 - STARLINK-11072 [DTC],8192.159,78207.841,9.4817%,2,
Contact STARLINK-5972 - STARLINK-5176,0.000,86400.000,0.0000%,0,
Contact STARLINK-5972 - STARLINK-2042,0.000,86400.000,0.0000%,0,
Contact STARLINK-5972 - STARLINK-5503,4856.197,81543.803,5.6206%,7,
Contact STARLINK-5972 - STARLINK-6319,0.000,86400.000,0.0000%,0,
Contact STARLINK-5972 - STARLINK-4522,0.000,86400.000,0.0000%,0,
Contact STARLINK-5972 - MoonARTEMIS1,68991.063,17408.937,79.8508%,8,
Contact STARLINK-5972 - MoonARTEMIS2,69205.759,17194.241,80.0993%,8,
Contact STARLINK-5972 - MoonIOAGEO,57121.991,29278.009,66.1134%,8,
Contact STARLINK-5972 - MoonIOAGNO,67128.787,19271.213,77.6954%,9,
Contact STARLINK-5972 - MoonIOAGNO 0001,69225.335,17174.665,80.1219%,8,
Contact STARLINK-5972 - MoonIOAGSO,67058.407,19341.593,77.6139%,8,
Contact STARLINK-5972 - MoonIOAGSO 0001,67971.737,18428.263,78.6710%,8,
Contact STARLINK-5972 - MoonLRO,38083.051,48316.949,44.0776%,8,
Contact STARLINK-5972 - MarsSat1,67603.539,18796.461,78.2448%,10,
Contact STARLINK-5972 - MarsSat2,67603.270,18796.730,78.2445%,10,
Contact STARLINK-5972 - MarsSat3,67603.479,18796.521,78.2448%,10,
Contact STARLINK-5972 - MarsSat4,67603.518,18796.482,78.2448%,10,
Contact STARLINK-2047 - STARLINK-30145,0.000,86400.000,0.0000%,0,
Contact STARLINK-2047 - STARLINK-32210,0.000,86400.000,0.0000%,0,
Contact STARLINK-2047 - STARLINK-30549,6569.398,79830.602,7.6035%,4,
Contact STARLINK-2047 - STARLINK-1463,5675.577,80724.423,6.5690%,6,
Contact STARLINK-2047 - STARLINK-6241,0.000,86400.000,0.0000%,0,
Contact STARLINK-2047 - STARLINK-30486,86400.000,0.000,100.0000%,1,
Contact STARLINK-2047 - STARLINK-5565,21640.192,64759.808,25.0465%,7,
Contact STARLINK-2047 - STARLINK-31530,0.000,86400.000,0.0000%,0,
Contact STARLINK-2047 - STARLINK-1227,0.000,86400.000,0.0000%,0,
Contact STARLINK-2047 - STARLINK-5093,0.000,86400.000,0.0000%,0,
Contact STARLINK-2047 - STARLINK-2556,15677.354,70722.646,18.1451%,7,
Contact STARLINK-2047 - STARLINK-5591,0.000,86400.000,0.0000%,0,
Contact STARLINK-2047 - STARLINK-1073,0.000,86400.000,0.0000%,0,
Contact STARLINK-2047 - STARLINK-32088,0.000,86400.000,0.0000%,0,
Contact STARLINK-2047 - STARLINK-5829,0.000,86400.000,0.0000%,0,
Contact STARLINK-2047 - STARLINK-3325,4142.659,82257.341,4.7947%,6,
Contact STARLINK-2047 - STARLINK-5850,0.000,86400.000,0.0000%,0,
Contact STARLINK-2047 - STARLINK-31979,5626.997,80773.003,6.5127%,3,
Contact STARLINK-2047 - STARLINK-31939,0.000,86400.000,0.0000%,0,
Contact STARLINK-2047 - STARLINK-2424,14876.725,71523.275,17.2184%,6,
Contact STARLINK-2047 - STARLINK-30754,86400.000,0.000,100.0000%,1,
Contact STARLINK-2047 - STARLINK-3832,0.000,86400.000,0.0000%,0,
Contact STARLINK-2047 - STARLINK-5453,0.000,86400.000,0.0000%,0,
Contact STARLINK-2047 - STARLINK-31082,0.000,86400.000,0.0000%,0,
Contact STARLINK-2047 - STARLINK-4569,0.000,86400.000,0.0000%,0,
Contact STARLINK-2047 - STARLINK-1776,0.000,86400.000,0.0000%,0,
Contact STARLINK-2047 - STARLINK-6199,0.000,86400.000,0.0000%,0,
Contact STARLINK-2047 - STARLINK-4328,0.000,86400.000,0.0000%,0,
Contact STARLINK-2047 - STARLINK-2214,0.000,86400.000,0.0000%,0,
Contact STARLINK-2047 - STARLINK-5737,5494.244,80905.756,6.3591%,6,
Contact STARLINK-2047 - STARLINK-3506,0.000,86400.000,0.0000%,0,
Contact STARLINK-2047 - STARLINK-11136 [DTC],0.000,86400.000,0.0000%,0,
Contact STARLINK-2047 - STARLINK-31325,0.000,86400.000,0.0000%,0,
Contact STARLINK-2047 - STARLINK-5628,0.000,86400.000,0.0000%,0,
Contact STARLINK-2047 - STARLINK-5231,86400.000,0.000,100.0000%,1,
Contact STARLINK-2047 - STARLINK-11092 [DTC],15015.767,71384.233,17.3794%,3,
Contact STARLINK-2047 - STARLINK-11072 [DTC],20443.590,65956.410,23.6616%,1,
Contact STARLINK-2047 - STARLINK-5176,0.000,86400.000,0.0000%,0,
Contact STARLINK-2047 - STARLINK-2042,0.000,86400.000,0.0000%,0,
Contact STARLINK-2047 - STARLINK-5503,15187.790,71212.210,17.5785%,7,
Contact STARLINK-2047 - STARLINK-6319,0.000,86400.000,0.0000%,0,
Contact STARLINK-2047 - STARLINK-4522,7430.796,78969.204,8.6005%,7,
Contact STARLINK-2047 - MoonARTEMIS1,77344.169,9055.831,89.5187%,6,
Contact STARLINK-2047 - MoonARTEMIS2,77832.944,8567.056,90.0844%,6,
Contact STARLINK-2047 - MoonIOAGEO,67181.384,19218.616,77.7562%,7,
Contact STARLINK-2047 - MoonIOAGNO,77934.960,8465.040,90.2025%,6,
Contact STARLINK-2047 - MoonIOAGNO 0001,77923.061,8476.939,90.1887%,6,
Contact STARLINK-2047 - MoonIOAGSO,75381.510,11018.490,87.2471%,6,
Contact STARLINK-2047 - MoonIOAGSO 0001,75543.953,10856.047,87.4351%,6,
Contact STARLINK-2047 - MoonLRO,43809.446,42590.554,50.7054%,8,
Contact STARLINK-2047 - MarsSat1,67872.989,18527.011,78.5567%,10,
Contact STARLINK-2047 - MarsSat2,67873.368,18526.632,78.5571%,10,
Contact STARLINK-2047 - MarsSat3,67873.072,18526.928,78.5568%,10,
Contact STARLINK-2047 - MarsSat4,67873.065,18526.935,78.5568%,10,
Contact STARLINK-30145 - STARLINK-32210,0.000,86400.000,0.0000%,0,
Contact STARLINK-30145 - STARLINK-30549,3092.822,83307.178,3.5797%,4,
Contact STARLINK-30145 - STARLINK-1463,45745.453,40654.547,52.9461%,4,
Contact STARLINK-30145 - STARLINK-6241,0.000,86400.000,0.0000%,0,
Contact STARLINK-30145 - STARLINK-30486,0.000,86400.000,0.0000%,0,
Contact STARLINK-30145 - STARLINK-5565,5175.779,81224.221,5.9905%,6,
Contact STARLINK-30145 - STARLINK-31530,0.000,86400.000,0.0000%,0,
Contact STARLINK-30145 - STARLINK-1227,33874.485,52525.515,39.2066%,7,
Contact STARLINK-30145 - STARLINK-5093,3699.249,82700.751,4.2815%,6,
Contact STARLINK-30145 - STARLINK-2556,11429.769,74970.231,13.2289%,6,
Contact STARLINK-30145 - STARLINK-5591,0.000,86400.000,0.0000%,0,
Contact STARLINK-30145 - STARLINK-1073,27133.775,59266.225,31.4048%,7,
Contact STARLINK-30145 - STARLINK-32088,0.000,86400.000,0.0000%,0,
Contact STARLINK-30145 - STARLINK-5829,0.000,86400.000,0.0000%,0,
Contact STARLINK-30145 - STARLINK-3325,0.000,86400.000,0.0000%,0,
Contact STARLINK-30145 - STARLINK-5850,0.000,86400.000,0.0000%,0,
Contact STARLINK-30145 - STARLINK-31979,5668.968,80731.032,6.5613%,4,
Contact STARLINK-30145 - STARLINK-31939,0.000,86400.000,0.0000%,0,
Contact STARLINK-30145 - STARLINK-2424,0.000,86400.000,0.0000%,0,
Contact STARLINK-30145 - STARLINK-30754,3995.783,82404.217,4.6247%,6,
Contact STARLINK-30145 - STARLINK-3832,0.000,86400.000,0.0000%,0,
Contact STARLINK-30145 - STARLINK-5453,0.000,86400.000,0.0000%,0,
Contact STARLINK-30145 - STARLINK-31082,0.000,86400.000,0.0000%,0,
Contact STARLINK-30145 - STARLINK-4569,0.000,86400.000,0.0000%,0,
Contact STARLINK-30145 - STARLINK-1776,0.000,86400.000,0.0000%,0,
Contact STARLINK-30145 - STARLINK-6199,0.000,86400.000,0.0000%,0,
Contact STARLINK-30145 - STARLINK-4328,0.000,86400.000,0.0000%,0,
Contact STARLINK-30145 - STARLINK-2214,0.000,86400.000,0.0000%,0,
Contact STARLINK-30145 - STARLINK-5737,86400.000,0.000,100.0000%,1,
Contact STARLINK-30145 - STARLINK-3506,0.000,86400.000,0.0000%,0,
Contact STARLINK-30145 - STARLINK-11136 [DTC],0.000,86400.000,0.0000%,0,
Contact STARLINK-30145 - STARLINK-31325,0.000,86400.000,0.0000%,0,
Contact STARLINK-30145 - STARLINK-5628,0.000,86400.000,0.0000%,0,
Contact STARLINK-30145 - STARLINK-5231,0.000,86400.000,0.0000%,0,
Contact STARLINK-30145 - STARLINK-11092 [DTC],2381.399,84018.601,2.7562%,3,
Contact STARLINK-30145 - STARLINK-11072 [DTC],0.000,86400.000,0.0000%,0,
Contact STARLINK-30145 - STARLINK-5176,0.000,86400.000,0.0000%,0,
Contact STARLINK-30145 - STARLINK-2042,0.000,86400.000,0.0000%,0,
Contact STARLINK-30145 - STARLINK-5503,0.000,86400.000,0.0000%,0,
Contact STARLINK-30145 - STARLINK-6319,0.000,86400.000,0.0000%,0,
Contact STARLINK-30145 - STARLINK-4522,3241.756,83158.244,3.7520%,5,
Contact STARLINK-30145 - MoonARTEMIS1,68103.573,18296.427,78.8236%,9,
Contact STARLINK-30145 - MoonARTEMIS2,68980.126,17419.874,79.8381%,9,
Contact STARLINK-30145 - MoonIOAGEO,61215.748,25184.252,70.8516%,9,
Contact STARLINK-30145 - MoonIOAGNO,63211.931,23188.069,73.1620%,9,
Contact STARLINK-30145 - MoonIOAGNO 0001,68972.971,17427.029,79.8298%,9,
Contact STARLINK-30145 - MoonIOAGSO,61207.873,25192.127,70.8424%,9,
Contact STARLINK-30145 - MoonIOAGSO 0001,66872.655,19527.345,77.3989%,9,
Contact STARLINK-30145 - MoonLRO,30361.617,56038.383,35.1408%,7,
Contact STARLINK-30145 - MarsSat1,69387.608,17012.392,80.3097%,9,
Contact STARLINK-30145 - MarsSat2,69387.573,17012.427,80.3097%,9,
Contact STARLINK-30145 - MarsSat3,69387.528,17012.472,80.3096%,9,
Contact STARLINK-30145 - MarsSat4,69387.537,17012.463,80.3096%,9,
Contact STARLINK-32210 - STARLINK-30549,0.000,86400.000,0.0000%,0,
Contact STARLINK-32210 - STARLINK-1463,0.000,86400.000,0.0000%,0,
Contact STARLINK-32210 - STARLINK-6241,0.000,86400.000,0.0000%,0,
Contact STARLINK-32210 - STARLINK-30486,0.000,86400.000,0.0000%,0,
Contact STARLINK-32210 - STARLINK-5565,0.000,86400.000,0.0000%,0,
Contact STARLINK-32210 - STARLINK-31530,2430.733,83969.267,2.8133%,3,
Contact STARLINK-32210 - STARLINK-1227,0.000,86400.000,0.0000%,0,
Contact STARLINK-32210 - STARLINK-5093,8809.112,77590.888,10.1957%,7,
Contact STARLINK-32210 - STARLINK-2556,0.000,86400.000,0.0000%,0,
Contact STARLINK-32210 - STARLINK-5591,23243.001,63156.999,26.9016%,5,
Contact STARLINK-32210 - STARLINK-1073,0.000,86400.000,0.0000%,0,
Contact STARLINK-32210 - STARLINK-32088,0.000,86400.000,0.0000%,0,
Contact STARLINK-32210 - STARLINK-5829,3019.609,83380.391,3.4949%,3,
Contact STARLINK-32210 - STARLINK-3325,3358.863,83041.137,3.8876%,5,
Contact STARLINK-32210 - STARLINK-5850,80833.741,5566.259,93.5576%,1,
Contact STARLINK-32210 - STARLINK-31979,0.000,86400.000,0.0000%,0,
Contact STARLINK-32210 - STARLINK-31939,0.000,86400.000,0.0000%,0,
Contact STARLINK-32210 - STARLINK-2424,0.000,86400.000,0.0000%,0,
Contact STARLINK-32210 - STARLINK-30754,0.000,86400.000,0.0000%,0,
Contact STARLINK-32210 - STARLINK-3832,0.000,86400.000,0.0000%,0,
Contact STARLINK-32210 - STARLINK-5453,58041.937,28358.063,67.1782%,4,
Contact STARLINK-32210 - STARLINK-31082,66197.612,20202.388,76.6176%,6,
Contact STARLINK-32210 - STARLINK-4569,40220.882,46179.118,46.5519%,6,
Contact STARLINK-32210 - STARLINK-1776,0.000,86400.000,0.0000%,0,
Contact STARLINK-32210 - STARLINK-6199,0.000,86400.000,0.0000%,0,
Contact STARLINK-32210 - STARLINK-4328,8219.687,78180.313,9.5135%,6,
Contact STARLINK-32210 - STARLINK-2214,1679.517,84720.483,1.9439%,3,
Contact STARLINK-32210 - STARLINK-5737,0.000,86400.000,0.0000%,0,
Contact STARLINK-32210 - STARLINK-3506,0.000,86400.000,0.0000%,0,
Contact STARLINK-32210 - STARLINK-11136 [DTC],2301.886,84098.114,2.6642%,3,
Contact STARLINK-32210 - STARLINK-31325,0.000,86400.000,0.0000%,0,
Contact STARLINK-32210 - STARLINK-5628,1003.282,85396.718,1.1612%,2,
Contact STARLINK-32210 - STARLINK-5231,25848.092,60551.908,29.9168%,2,
Contact STARLINK-32210 - STARLINK-11092 [DTC],8764.827,77635.173,10.1445%,3,
Contact STARLINK-32210 - STARLINK-11072 [DTC],36667.335,49732.665,42.4390%,2,
Contact STARLINK-32210 - STARLINK-5176,0.000,86400.000,0.0000%,0,
Contact STARLINK-32210 - STARLINK-2042,0.000,86400.000,0.0000%,0,
Contact STARLINK-32210 - STARLINK-5503,8758.868,77641.132,10.1376%,3,
Contact STARLINK-32210 - STARLINK-6319,233.117,86166.883,0.2698%,1,
Contact STARLINK-32210 - STARLINK-4522,0.000,86400.000,0.0000%,0,
Contact STARLINK-32210 - MoonARTEMIS1,75122.424,11277.576,86.9473%,7,
Contact STARLINK-32210 - MoonARTEMIS2,75509.438,10890.562,87.3952%,7,
Contact STARLINK-32210 - MoonIOAGEO,71058.118,15341.882,82.2432%,7,
Contact STARLINK-32210 - MoonIOAGNO,77736.779,8663.221,89.9731%,7,
Contact STARLINK-32210 - MoonIOAGNO 0001,77699.323,8700.677,89.9298%,7,
Contact STARLINK-32210 - MoonIOAGSO,75980.183,10419.817,87.9400%,7,
Contact STARLINK-32210 - MoonIOAGSO 0001,77313.152,9086.848,89.4828%,7,
Contact STARLINK-32210 - MoonLRO,37370.957,49029.043,43.2534%,9,
Contact STARLINK-32210 - MarsSat1,68467.935,17932.065,79.2453%,10,
Contact STARLINK-32210 - MarsSat2,68468.377,17931.623,79.2458%,10,
Contact STARLINK-32210 - MarsSat3,68468.061,17931.939,79.2454%,10,
Contact STARLINK-32210 - MarsSat4,68467.994,17932.006,79.2454%,10,
Contact STARLINK-30549 - STARLINK-1463,0.000,86400.000,0.0000%,0,
Contact STARLINK-30549 - STARLINK-6241,7107.946,79292.054,8.2268%,1,
Contact STARLINK-30549 - STARLINK-30486,2033.353,84366.647,2.3534%,3,
Contact STARLINK-30549 - STARLINK-5565,55577.338,30822.662,64.3256%,1,
Contact STARLINK-30549 - STARLINK-31530,0.000,86400.000,0.0000%,0,
Contact STARLINK-30549 - STARLINK-1227,11250.451,75149.549,13.0214%,6,
Contact STARLINK-30549 - STARLINK-5093,7649.229,78750.771,8.8533%,2,
Contact STARLINK-30549 - STARLINK-2556,78277.617,8122.383,90.5991%,1,
Contact STARLINK-30549 - STARLINK-5591,0.000,86400.000,0.0000%,0,
Contact STARLINK-30549 - STARLINK-1073,3125.400,83274.600,3.6174%,4,
Contact STARLINK-30549 - STARLINK-32088,0.000,86400.000,0.0000%,0,
Contact STARLINK-30549 - STARLINK-5829,0.000,86400.000,0.0000%,0,
Contact STARLINK-30549 - STARLINK-3325,0.000,86400.000,0.0000%,0,
Contact STARLINK-30549 - STARLINK-5850,0.000,86400.000,0.0000%,0,
Contact STARLINK-30549 - STARLINK-31979,86400.000,0.000,100.0000%,1,
Contact STARLINK-30549 - STARLINK-31939,0.000,86400.000,0.0000%,0,
Contact STARLINK-30549 - STARLINK-2424,0.000,86400.000,0.0000%,0,
Contact STARLINK-30549 - STARLINK-30754,13000.788,73399.212,15.0472%,4,
Contact STARLINK-30549 - STARLINK-3832,8039.242,78360.758,9.3047%,6,
Contact STARLINK-30549 - STARLINK-5453,0.000,86400.000,0.0000%,0,
Contact STARLINK-30549 - STARLINK-31082,0.000,86400.000,0.0000%,0,
Contact STARLINK-30549 - STARLINK-4569,2261.584,84138.416,2.6176%,5,
Contact STARLINK-30549 - STARLINK-1776,8358.180,78041.820,9.6738%,7,
Contact STARLINK-30549 - STARLINK-6199,33206.227,53193.773,38.4331%,1,
Contact STARLINK-30549 - STARLINK-4328,3179.524,83220.476,3.6800%,5,
Contact STARLINK-30549 - STARLINK-2214,0.000,86400.000,0.0000%,0,
Contact STARLINK-30549 - STARLINK-5737,1094.447,85305.553,1.2667%,3,
Contact STARLINK-30549 - STARLINK-3506,2923.605,83476.395,3.3838%,4,
Contact STARLINK-30549 - STARLINK-11136 [DTC],909.637,85490.363,1.0528%,1,
Contact STARLINK-30549 - STARLINK-31325,0.000,86400.000,0.0000%,0,
Contact STARLINK-30549 - STARLINK-5628,2580.004,83819.996,2.9861%,3,
Contact STARLINK-30549 - STARLINK-5231,452.701,85947.299,0.5240%,1,
Contact STARLINK-30549 - STARLINK-11092 [DTC],10969.645,75430.355,12.6963%,2,
Contact STARLINK-30549 - STARLINK-11072 [DTC],0.000,86400.000,0.0000%,0,
Contact STARLINK-30549 - STARLINK-5176,0.000,86400.000,0.0000%,0,
Contact STARLINK-30549 - STARLINK-2042,0.000,86400.000,0.0000%,0,
Contact STARLINK-30549 - STARLINK-5503,0.000,86400.000,0.0000%,0,
Contact STARLINK-30549 - STARLINK-6319,0.000,86400.000,0.0000%,0,
Contact STARLINK-30549 - STARLINK-4522,86400.000,0.000,100.0000%,1,
Contact STARLINK-30549 - MoonARTEMIS1,68101.160,18298.840,78.8208%,9,
Contact STARLINK-30549 - MoonARTEMIS2,68181.749,18218.251,78.9141%,9,
Contact STARLINK-30549 - MoonIOAGEO,60876.774,25523.226,70.4592%,9,
Contact STARLINK-30549 - MoonIOAGNO,68742.450,17657.550,79.5630%,9,
Contact STARLINK-30549 - MoonIOAGNO 0001,68762.327,17637.673,79.5860%,9,
Contact STARLINK-30549 - MoonIOAGSO,67116.579,19283.421,77.6812%,9,
Contact STARLINK-30549 - MoonIOAGSO 0001,66609.945,19790.055,77.0948%,9,
Contact STARLINK-30549 - MoonLRO,26636.191,59763.809,30.8289%,9,
Contact STARLINK-30549 - MarsSat1,76208.427,10191.573,88.2042%,7,
Contact STARLINK-30549 - MarsSat2,76206.981,10193.019,88.2025%,7,
Contact STARLINK-30549 - MarsSat3,76207.962,10192.038,88.2037%,7,
Contact STARLINK-30549 - MarsSat4,76208.079,10191.921,88.2038%,7,
Contact STARLINK-1463 - STARLINK-6241,0.000,86400.000,0.0000%,0,
Contact STARLINK-1463 - STARLINK-30486,24802.722,61597.278,28.7069%,6,
Contact STARLINK-1463 - STARLINK-5565,0.000,86400.000,0.0000%,0,
Contact STARLINK-1463 - STARLINK-31530,7667.004,78732.996,8.8738%,2,
Contact STARLINK-1463 - STARLINK-1227,2835.927,83564.073,3.2823%,5,
Contact STARLINK-1463 - STARLINK-5093,4436.852,81963.148,5.1352%,6,
Contact STARLINK-1463 - STARLINK-2556,0.000,86400.000,0.0000%,0,
Contact STARLINK-1463 - STARLINK-5591,7738.633,78661.367,8.9568%,7,
Contact STARLINK-1463 - STARLINK-1073,0.000,86400.000,0.0000%,0,
Contact STARLINK-1463 - STARLINK-32088,0.000,86400.000,0.0000%,0,
Contact STARLINK-1463 - STARLINK-5829,4930.602,81469.398,5.7067%,7,
Contact STARLINK-1463 - STARLINK-3325,86400.000,0.000,100.0000%,1,
Contact STARLINK-1463 - STARLINK-5850,0.000,86400.000,0.0000%,0,
Contact STARLINK-1463 - STARLINK-31979,0.000,86400.000,0.0000%,0,
Contact STARLINK-1463 - STARLINK-31939,490.017,85909.983,0.5671%,1,
Contact STARLINK-1463 - STARLINK-2424,68528.180,17871.820,79.3150%,2,
Contact STARLINK-1463 - STARLINK-30754,5827.922,80572.078,6.7453%,6,
Contact STARLINK-1463 - STARLINK-3832,0.000,86400.000,0.0000%,0,
Contact STARLINK-1463 - STARLINK-5453,5283.498,81116.502,6.1152%,6,
Contact STARLINK-1463 - STARLINK-31082,5439.025,80960.975,6.2952%,6,
Contact STARLINK-1463 - STARLINK-4569,0.000,86400.000,0.0000%,0,
Contact STARLINK-1463 - STARLINK-1776,0.000,86400.000,0.0000%,0,
Contact STARLINK-1463 - STARLINK-6199,0.000,86400.000,0.0000%,0,
Contact STARLINK-1463 - STARLINK-4328,0.000,86400.000,0.0000%,0,
Contact STARLINK-1463 - STARLINK-2214,0.000,86400.000,0.0000%,0,
Contact STARLINK-1463 - STARLINK-5737,86400.000,0.000,100.0000%,1,
Contact STARLINK-1463 - STARLINK-3506,0.000,86400.000,0.0000%,0,
Contact STARLINK-1463 - STARLINK-11136 [DTC],5743.280,80656.720,6.6473%,1,
Contact STARLINK-1463 - STARLINK-31325,0.000,86400.000,0.0000%,0,
Contact STARLINK-1463 - STARLINK-5628,0.000,86400.000,0.0000%,0,
Contact STARLINK-1463 - STARLINK-5231,2421.137,83978.863,2.8022%,4,
Contact STARLINK-1463 - STARLINK-11092 [DTC],2287.557,84112.443,2.6476%,3,
Contact STARLINK-1463 - STARLINK-11072 [DTC],2157.286,84242.714,2.4969%,3,
Contact STARLINK-1463 - STARLINK-5176,0.000,86400.000,0.0000%,0,
Contact STARLINK-1463 - STARLINK-2042,0.000,86400.000,0.0000%,0,
Contact STARLINK-1463 - STARLINK-5503,0.000,86400.000,0.0000%,0,
Contact STARLINK-1463 - STARLINK-6319,0.000,86400.000,0.0000%,0,
Contact STARLINK-1463 - STARLINK-4522,0.000,86400.000,0.0000%,0,
Contact STARLINK-1463 - MoonARTEMIS1,72915.501,13484.499,84.3929%,7,
Contact STARLINK-1463 - MoonARTEMIS2,71441.976,14958.024,82.6875%,8,
Contact STARLINK-1463 - MoonIOAGEO,62503.918,23896.082,72.3425%,8,
Contact STARLINK-1463 - MoonIOAGNO,71411.612,14988.388,82.6523%,8,
Contact STARLINK-1463 - MoonIOAGNO 0001,71438.610,14961.390,82.6836%,8,
Contact STARLINK-1463 - MoonIOAGSO,69711.833,16688.167,80.6850%,8,
Contact STARLINK-1463 - MoonIOAGSO 0001,70024.590,16375.410,81.0470%,8,
Contact STARLINK-1463 - MoonLRO,34518.207,51881.793,39.9516%,8,
Contact STARLINK-1463 - MarsSat1,72283.834,14116.166,83.6618%,8,
Contact STARLINK-1463 - MarsSat2,72284.187,14115.813,83.6623%,8,
Contact STARLINK-1463 - MarsSat3,72283.910,14116.090,83.6619%,8,
Contact STARLINK-1463 - MarsSat4,72283.850,14116.150,83.6619%,8,
Contact STARLINK-6241 - STARLINK-30486,0.000,86400.000,0.0000%,0,
Contact STARLINK-6241 - STARLINK-5565,0.000,86400.000,0.0000%,0,
Contact STARLINK-6241 - STARLINK-31530,21151.115,65248.885,24.4805%,2,
Contact STARLINK-6241 - STARLINK-1227,0.000,86400.000,0.0000%,0,
Contact STARLINK-6241 - STARLINK-5093,0.000,86400.000,0.0000%,0,
Contact STARLINK-6241 - STARLINK-2556,0.000,86400.000,0.0000%,0,
Contact STARLINK-6241 - STARLINK-5591,0.000,86400.000,0.0000%,0,
Contact STARLINK-6241 - STARLINK-1073,36564.305,49835.695,42.3198%,6,
Contact STARLINK-6241 - STARLINK-32088,31353.416,55046.584,36.2887%,4,
Contact STARLINK-6241 - STARLINK-5829,0.000,86400.000,0.0000%,0,
Contact STARLINK-6241 - STARLINK-3325,0.000,86400.000,0.0000%,0,
Contact STARLINK-6241 - STARLINK-5850,0.000,86400.000,0.0000%,0,
Contact STARLINK-6241 - STARLINK-31979,13907.108,72492.892,16.0962%,1,
Contact STARLINK-6241 - STARLINK-31939,38982.897,47417.103,45.1191%,1,
Contact STARLINK-6241 - STARLINK-2424,0.000,86400.000,0.0000%,0,
Contact STARLINK-6241 - STARLINK-30754,0.000,86400.000,0.0000%,0,
Contact STARLINK-6241 - STARLINK-3832,3300.553,83099.447,3.8201%,5,
Contact STARLINK-6241 - STARLINK-5453,0.000,86400.000,0.0000%,0,
Contact STARLINK-6241 - STARLINK-31082,0.000,86400.000,0.0000%,0,
Contact STARLINK-6241 - STARLINK-4569,0.000,86400.000,0.0000%,0,
Contact STARLINK-6241 - STARLINK-1776,3399.311,83000.689,3.9344%,5,
Contact STARLINK-6241 - STARLINK-6199,86400.000,0.000,100.0000%,1,
Contact STARLINK-6241 - STARLINK-4328,4328.661,82071.339,5.0100%,6,
Contact STARLINK-6241 - STARLINK-2214,922.259,85477.741,1.0674%,1,
Contact STARLINK-6241 - STARLINK-5737,0.000,86400.000,0.0000%,0,
Contact STARLINK-6241 - STARLINK-3506,18362.140,68037.860,21.2525%,7,
Contact STARLINK-6241 - STARLINK-11136 [DTC],2540.697,83859.303,2.9406%,3,
Contact STARLINK-6241 - STARLINK-31325,18587.260,67812.740,21.5130%,1,
Contact STARLINK-6241 - STARLINK-5628,21604.305,64795.695,25.0050%,7,
Contact STARLINK-6241 - STARLINK-5231,0.000,86400.000,0.0000%,0,
Contact STARLINK-6241 - STARLINK-11092 [DTC],0.000,86400.000,0.0000%,0,
Contact STARLINK-6241 - STARLINK-11072 [DTC],13325.912,73074.088,15.4235%,1,
Contact STARLINK-6241 - STARLINK-5176,52244.054,34155.946,60.4677%,7,
Contact STARLINK-6241 - STARLINK-2042,39766.584,46633.416,46.0261%,1,
Contact STARLINK-6241 - STARLINK-5503,0.000,86400.000,0.0000%,0,
Contact STARLINK-6241 - STARLINK-6319,0.000,86400.000,0.0000%,0,
Contact STARLINK-6241 - STARLINK-4522,0.000,86400.000,0.0000%,0,
Contact STARLINK-6241 - MoonARTEMIS1,65554.222,20845.778,75.8729%,9,
Contact STARLINK-6241 - MoonARTEMIS2,65086.897,21313.103,75.3321%,10,
Contact STARLINK-6241 - MoonIOAGEO,55734.882,30665.118,64.5080%,10,
Contact STARLINK-6241 - MoonIOAGNO,67299.042,19100.958,77.8924%,10,
Contact STARLINK-6241 - MoonIOAGNO 0001,67289.795,19110.205,77.8817%,10,
Contact STARLINK-6241 - MoonIOAGSO,65668.482,20731.518,76.0052%,10,
Contact STARLINK-6241 - MoonIOAGSO 0001,66599.415,19800.585,77.0827%,10,
Contact STARLINK-6241 - MoonLRO,24732.802,61667.198,28.6259%,8,
Contact STARLINK-6241 - MarsSat1,69661.679,16738.321,80.6269%,8,
Contact STARLINK-6241 - MarsSat2,69661.327,16738.673,80.6265%,8,
Contact STARLINK-6241 - MarsSat3,69661.562,16738.438,80.6268%,8,
Contact STARLINK-6241 - MarsSat4,69661.593,16738.407,80.6268%,8,
Contact STARLINK-30486 - STARLINK-5565,5144.713,81255.287,5.9545%,6,
Contact STARLINK-30486 - STARLINK-31530,0.000,86400.000,0.0000%,0,
Contact STARLINK-30486 - STARLINK-1227,0.000,86400.000,0.0000%,0,
Contact STARLINK-30486 - STARLINK-5093,1235.983,85164.017,1.4305%,4,
Contact STARLINK-30486 - STARLINK-2556,7444.535,78955.465,8.6164%,7,
Contact STARLINK-30486 - STARLINK-5591,0.000,86400.000,0.0000%,0,
Contact STARLINK-30486 - STARLINK-1073,0.000,86400.000,0.0000%,0,
Contact STARLINK-30486 - STARLINK-32088,0.000,86400.000,0.0000%,0,
Contact STARLINK-30486 - STARLINK-5829,0.000,86400.000,0.0000%,0,
Contact STARLINK-30486 - STARLINK-3325,17479.799,68920.201,20.2312%,6,
Contact STARLINK-30486 - STARLINK-5850,0.000,86400.000,0.0000%,0,
Contact STARLINK-30486 - STARLINK-31979,1155.769,85244.231,1.3377%,2,
Contact STARLINK-30486 - STARLINK-31939,0.000,86400.000,0.0000%,0,
Contact STARLINK-30486 - STARLINK-2424,78094.495,8305.505,90.3871%,6,
Contact STARLINK-30486 - STARLINK-30754,86400.000,0.000,100.0000%,1,
Contact STARLINK-30486 - STARLINK-3832,0.000,86400.000,0.0000%,0,
Contact STARLINK-30486 - STARLINK-5453,0.000,86400.000,0.0000%,0,
Contact STARLINK-30486 - STARLINK-31082,0.000,86400.000,0.0000%,0,
Contact STARLINK-30486 - STARLINK-4569,0.000,86400.000,0.0000%,0,
Contact STARLINK-30486 - STARLINK-1776,0.000,86400.000,0.0000%,0,
Contact STARLINK-30486 - STARLINK-6199,0.000,86400.000,0.0000%,0,
Contact STARLINK-30486 - STARLINK-4328,0.000,86400.000,0.0000%,0,
Contact STARLINK-30486 - STARLINK-2214,0.000,86400.000,0.0000%,0,
Contact STARLINK-30486 - STARLINK-5737,68445.670,17954.330,79.2195%,6,
Contact STARLINK-30486 - STARLINK-3506,0.000,86400.000,0.0000%,0,
Contact STARLINK-30486 - STARLINK-11136 [DTC],464.351,85935.649,0.5374%,1,
Contact STARLINK-30486 - STARLINK-31325,0.000,86400.000,0.0000%,0,
Contact STARLINK-30486 - STARLINK-5628,0.000,86400.000,0.0000%,0,
Contact STARLINK-30486 - STARLINK-5231,32016.400,54383.600,37.0560%,2,
Contact STARLINK-30486 - STARLINK-11092 [DTC],5392.985,81007.015,6.2419%,3,
Contact STARLINK-30486 - STARLINK-11072 [DTC],7654.712,78745.288,8.8596%,2,
Contact STARLINK-30486 - STARLINK-5176,0.000,86400.000,0.0000%,0,
Contact STARLINK-30486 - STARLINK-2042,0.000,86400.000,0.0000%,0,
Contact STARLINK-30486 - STARLINK-5503,53262.626,33137.374,61.6466%,7,
Contact STARLINK-30486 - STARLINK-6319,0.000,86400.000,0.0000%,0,
Contact STARLINK-30486 - STARLINK-4522,615.274,85784.726,0.7121%,2,
Contact STARLINK-30486 - MoonARTEMIS1,68222.665,18177.335,78.9614%,9,
Contact STARLINK-30486 - MoonARTEMIS2,68478.052,17921.948,79.2570%,9,
Contact STARLINK-30486 - MoonIOAGEO,55916.138,30483.862,64.7178%,9,
Contact STARLINK-30486 - MoonIOAGNO,68484.211,17915.789,79.2641%,9,
Contact STARLINK-30486 - MoonIOAGNO 0001,68489.036,17910.964,79.2697%,9,
Contact STARLINK-30486 - MoonIOAGSO,66038.548,20361.452,76.4335%,9,
Contact STARLINK-30486 - MoonIOAGSO 0001,66963.457,19436.543,77.5040%,9,
Contact STARLINK-30486 - MoonLRO,35460.610,50939.390,41.0424%,9,
Contact STARLINK-30486 - MarsSat1,68322.252,18077.748,79.0767%,10,
Contact STARLINK-30486 - MarsSat2,68322.230,18077.770,79.0767%,10,
Contact STARLINK-30486 - MarsSat3,68322.302,18077.698,79.0767%,10,
Contact STARLINK-30486 - MarsSat4,68322.355,18077.645,79.0768%,10,
Contact STARLINK-5565 - STARLINK-31530,0.000,86400.000,0.0000%,0,
Contact STARLINK-5565 - STARLINK-1227,4561.877,81838.123,5.2800%,5,
Contact STARLINK-5565 - STARLINK-5093,0.000,86400.000,0.0000%,0,
Contact STARLINK-5565 - STARLINK-2556,86400.000,0.000,100.0000%,1,
Contact STARLINK-5565 - STARLINK-5591,0.000,86400.000,0.0000%,0,
Contact STARLINK-5565 - STARLINK-1073,0.000,86400.000,0.0000%,0,
Contact STARLINK-5565 - STARLINK-32088,0.000,86400.000,0.0000%,0,
Contact STARLINK-5565 - STARLINK-5829,0.000,86400.000,0.0000%,0,
Contact STARLINK-5565 - STARLINK-3325,0.000,86400.000,0.0000%,0,
Contact STARLINK-5565 - STARLINK-5850,0.000,86400.000,0.0000%,0,
Contact STARLINK-5565 - STARLINK-31979,63946.063,22453.937,74.0116%,1,
Contact STARLINK-5565 - STARLINK-31939,0.000,86400.000,0.0000%,0,
Contact STARLINK-5565 - STARLINK-2424,0.000,86400.000,0.0000%,0,
Contact STARLINK-5565 - STARLINK-30754,43329.847,43070.153,50.1503%,7,
Contact STARLINK-5565 - STARLINK-3832,10520.942,75879.058,12.1770%,6,
Contact STARLINK-5565 - STARLINK-5453,0.000,86400.000,0.0000%,0,
Contact STARLINK-5565 - STARLINK-31082,0.000,86400.000,0.0000%,0,
Contact STARLINK-5565 - STARLINK-4569,3802.288,82597.712,4.4008%,6,
Contact STARLINK-5565 - STARLINK-1776,10580.370,75819.630,12.2458%,6,
Contact STARLINK-5565 - STARLINK-6199,0.000,86400.000,0.0000%,0,
Contact STARLINK-5565 - STARLINK-4328,4539.815,81860.185,5.2544%,7,
Contact STARLINK-5565 - STARLINK-2214,0.000,86400.000,0.0000%,0,
Contact STARLINK-5565 - STARLINK-5737,2614.527,83785.473,3.0261%,4,
Contact STARLINK-5565 - STARLINK-3506,693.509,85706.491,0.8027%,2,
Contact STARLINK-5565 - STARLINK-11136 [DTC],1672.775,84727.225,1.9361%,2,
Contact STARLINK-5565 - STARLINK-31325,0.000,86400.000,0.0000%,0,
Contact STARLINK-5565 - STARLINK-5628,0.000,86400.000,0.0000%,0,
Contact STARLINK-5565 - STARLINK-5231,2163.805,84236.195,2.5044%,4,
Contact STARLINK-5565 - STARLINK-11092 [DTC],28851.787,57548.213,33.3933%,1,
Contact STARLINK-5565 - STARLINK-11072 [DTC],7182.286,79217.714,8.3128%,2,
Contact STARLINK-5565 - STARLINK-5176,0.000,86400.000,0.0000%,0,
Contact STARLINK-5565 - STARLINK-2042,0.000,86400.000,0.0000%,0,
Contact STARLINK-5565 - STARLINK-5503,0.000,86400.000,0.0000%,0,
Contact STARLINK-5565 - STARLINK-6319,0.000,86400.000,0.0000%,0,
Contact STARLINK-5565 - STARLINK-4522,86400.000,0.000,100.0000%,1,
Contact STARLINK-5565 - MoonARTEMIS1,63930.770,22469.230,73.9939%,9,
Contact STARLINK-5565 - MoonARTEMIS2,66302.089,20097.911,76.7385%,10,
Contact STARLINK-5565 - MoonIOAGEO,61582.735,24817.265,71.2763%,9,
Contact STARLINK-5565 - MoonIOAGNO,67069.784,19330.216,77.6271%,10,
Contact STARLINK-5565 - MoonIOAGNO 0001,67082.549,19317.451,77.6418%,10,
Contact STARLINK-5565 - MoonIOAGSO,66146.403,20253.597,76.5583%,10,
Contact STARLINK-5565 - MoonIOAGSO 0001,65133.352,21266.648,75.3858%,10,
Contact STARLINK-5565 - MoonLRO,26773.663,59626.337,30.9880%,9,
Contact STARLINK-5565 - MarsSat1,68800.273,17599.727,79.6299%,10,
Contact STARLINK-5565 - MarsSat2,68799.421,17600.579,79.6290%,10,
Contact STARLINK-5565 - MarsSat3,68800.062,17599.938,79.6297%,10,
Contact STARLINK-5565 - MarsSat4,68800.186,17599.814,79.6298%,10,
Contact STARLINK-31530 - STARLINK-1227,0.000,86400.000,0.0000%,0,
Contact STARLINK-31530 - STARLINK-5093,0.000,86400.000,0.0000%,0,
Contact STARLINK-31530 - STARLINK-2556,0.000,86400.000,0.0000%,0,
Contact STARLINK-31530 - STARLINK-5591,14902.713,71497.287,17.2485%,3,
Contact STARLINK-31530 - STARLINK-1073,0.000,86400.000,0.0000%,0,
Contact STARLINK-31530 - STARLINK-32088,3048.789,83351.211,3.5287%,6,
Contact STARLINK-31530 - STARLINK-5829,7306.228,79093.772,8.4563%,2,
Contact STARLINK-31530 - STARLINK-3325,20990.892,65409.108,24.2950%,1,
Contact STARLINK-31530 - STARLINK-5850,9755.569,76644.431,11.2912%,4,
Contact STARLINK-31530 - STARLINK-31979,0.000,86400.000,0.0000%,0,
Contact STARLINK-31530 - STARLINK-31939,86400.000,0.000,100.0000%,1,
Contact STARLINK-31530 - STARLINK-2424,1104.000,85296.000,1.2778%,2,
Contact STARLINK-31530 - STARLINK-30754,0.000,86400.000,0.0000%,0,
Contact STARLINK-31530 - STARLINK-3832,0.000,86400.000,0.0000%,0,
Contact STARLINK-31530 - STARLINK-5453,0.000,86400.000,0.0000%,0,
Contact STARLINK-31530 - STARLINK-31082,10756.066,75643.934,12.4492%,2,
Contact STARLINK-31530 - STARLINK-4569,4586.461,81813.539,5.3084%,7,
Contact STARLINK-31530 - STARLINK-1776,0.000,86400.000,0.0000%,0,
Contact STARLINK-31530 - STARLINK-6199,3149.828,83250.172,3.6456%,1,
Contact STARLINK-31530 - STARLINK-4328,1349.697,85050.303,1.5621%,2,
Contact STARLINK-31530 - STARLINK-2214,66194.347,20205.653,76.6138%,1,
Contact STARLINK-31530 - STARLINK-5737,127.161,86272.839,0.1472%,1,
Contact STARLINK-31530 - STARLINK-3506,0.000,86400.000,0.0000%,0,
Contact STARLINK-31530 - STARLINK-11136 [DTC],1781.983,84618.017,2.0625%,2,
Contact STARLINK-31530 - STARLINK-31325,61875.520,24524.480,71.6152%,7,
Contact STARLINK-31530 - STARLINK-5628,4353.437,82046.563,5.0387%,2,
Contact STARLINK-31530 - STARLINK-5231,1094.244,85305.756,1.2665%,2,
Contact STARLINK-31530 - STARLINK-11092 [DTC],0.000,86400.000,0.0000%,0,
Contact STARLINK-31530 - STARLINK-11072 [DTC],6118.917,80281.083,7.0821%,4,
Contact STARLINK-31530 - STARLINK-5176,1191.854,85208.146,1.3795%,2,
Contact STARLINK-31530 - STARLINK-2042,39961.161,46438.839,46.2513%,4,
Contact STARLINK-31530 - STARLINK-5503,5787.634,80612.366,6.6987%,3,
Contact STARLINK-31530 - STARLINK-6319,49795.101,36604.899,57.6332%,1,
Contact STARLINK-31530 - STARLINK-4522,0.000,86400.000,0.0000%,0,
Contact STARLINK-31530 - MoonARTEMIS1,67170.612,19229.388,77.7438%,8,
Contact STARLINK-31530 - MoonARTEMIS2,66488.019,19911.981,76.9537%,9,
Contact STARLINK-31530 - MoonIOAGEO,59695.886,26704.114,69.0925%,8,
Contact STARLINK-31530 - MoonIOAGNO,68801.349,17598.651,79.6312%,9,
Contact STARLINK-31530 - MoonIOAGNO 0001,68790.059,17609.941,79.6181%,9,
Contact STARLINK-31530 - MoonIOAGSO,68517.614,17882.386,79.3028%,9,
Contact STARLINK-31530 - MoonIOAGSO 0001,68866.871,17533.129,79.7070%,9,
Contact STARLINK-31530 - MoonLRO,28046.890,58353.110,32.4617%,8,
Contact STARLINK-31530 - MarsSat1,74660.221,11739.779,86.4123%,8,
Contact STARLINK-31530 - MarsSat2,74659.612,11740.388,86.4116%,8,
Contact STARLINK-31530 - MarsSat3,74660.151,11739.849,86.4122%,8,
Contact STARLINK-31530 - MarsSat4,74660.131,11739.869,86.4122%,8,
Contact STARLINK-1227 - STARLINK-5093,0.000,86400.000,0.0000%,0,
Contact STARLINK-1227 - STARLINK-2556,15452.351,70947.649,17.8847%,7,
Contact STARLINK-1227 - STARLINK-5591,0.000,86400.000,0.0000%,0,
Contact STARLINK-1227 - STARLINK-1073,86075.168,324.832,99.6240%,1,
Contact STARLINK-1227 - STARLINK-32088,0.000,86400.000,0.0000%,0,
Contact STARLINK-1227 - STARLINK-5829,0.000,86400.000,0.0000%,0,
Contact STARLINK-1227 - STARLINK-3325,0.000,86400.000,0.0000%,0,
Contact STARLINK-1227 - STARLINK-5850,0.000,86400.000,0.0000%,0,
Contact STARLINK-1227 - STARLINK-31979,20716.029,65683.971,23.9769%,7,
Contact STARLINK-1227 - STARLINK-31939,0.000,86400.000,0.0000%,0,
Contact STARLINK-1227 - STARLINK-2424,409.327,85990.673,0.4738%,2,
Contact STARLINK-1227 - STARLINK-30754,0.000,86400.000,0.0000%,0,
Contact STARLINK-1227 - STARLINK-3832,231.920,86168.080,0.2684%,1,
Contact STARLINK-1227 - STARLINK-5453,0.000,86400.000,0.0000%,0,
Contact STARLINK-1227 - STARLINK-31082,0.000,86400.000,0.0000%,0,
Contact STARLINK-1227 - STARLINK-4569,0.000,86400.000,0.0000%,0,
Contact STARLINK-1227 - STARLINK-1776,1058.317,85341.683,1.2249%,2,
Contact STARLINK-1227 - STARLINK-6199,13855.075,72544.925,16.0360%,6,
Contact STARLINK-1227 - STARLINK-4328,0.000,86400.000,0.0000%,0,
Contact STARLINK-1227 - STARLINK-2214,0.000,86400.000,0.0000%,0,
Contact STARLINK-1227 - STARLINK-5737,14742.210,71657.790,17.0627%,6,
Contact STARLINK-1227 - STARLINK-3506,0.000,86400.000,0.0000%,0,
Contact STARLINK-1227 - STARLINK-11136 [DTC],1212.907,85187.093,1.4038%,2,
Contact STARLINK-1227 - STARLINK-31325,0.000,86400.000,0.0000%,0,
Contact STARLINK-1227 - STARLINK-5628,0.000,86400.000,0.0000%,0,
Contact STARLINK-1227 - STARLINK-5231,0.000,86400.000,0.0000%,0,
Contact STARLINK-1227 - STARLINK-11092 [DTC],10137.766,76262.234,11.7335%,2,
Contact STARLINK-1227 - STARLINK-11072 [DTC],0.000,86400.000,0.0000%,0,
Contact STARLINK-1227 - STARLINK-5176,0.000,86400.000,0.0000%,0,
Contact STARLINK-1227 - STARLINK-2042,0.000,86400.000,0.0000%,0,
Contact STARLINK-1227 - STARLINK-5503,0.000,86400.000,0.0000%,0,
Contact STARLINK-1227 - STARLINK-6319,0.000,86400.000,0.0000%,0,
Contact STARLINK-1227 - STARLINK-4522,15118.839,71281.161,17.4987%,7,
Contact STARLINK-1227 - MoonARTEMIS1,76028.141,10371.859,87.9955%,5,
Contact STARLINK-1227 - MoonARTEMIS2,78197.568,8202.432,90.5064%,6,
Contact STARLINK-1227 - MoonIOAGEO,73718.219,12681.781,85.3220%,6,
Contact STARLINK-1227 - MoonIOAGNO,78274.849,8125.151,90.5959%,7,
Contact STARLINK-1227 - MoonIOAGNO 0001,79452.060,6947.940,91.9584%,6,
Contact STARLINK-1227 - MoonIOAGSO,77770.080,8629.920,90.0117%,7,
Contact STARLINK-1227 - MoonIOAGSO 0001,73903.729,12496.271,85.5367%,8,
Contact STARLINK-1227 - MoonLRO,35118.869,51281.131,40.6468%,8,
Contact STARLINK-1227 - MarsSat1,67684.670,18715.330,78.3387%,9,
Contact STARLINK-1227 - MarsSat2,67685.011,18714.989,78.3391%,9,
Contact STARLINK-1227 - MarsSat3,67684.775,18715.225,78.3389%,9,
Contact STARLINK-1227 - MarsSat4,67684.744,18715.256,78.3388%,9,
Contact STARLINK-5093 - STARLINK-2556,0.000,86400.000,0.0000%,0,
Contact STARLINK-5093 - STARLINK-5591,18982.783,67417.217,21.9708%,4,
Contact STARLINK-5093 - STARLINK-1073,0.000,86400.000,0.0000%,0,
Contact STARLINK-5093 - STARLINK-32088,558.299,85841.701,0.6462%,1,
Contact STARLINK-5093 - STARLINK-5829,0.000,86400.000,0.0000%,0,
Contact STARLINK-5093 - STARLINK-3325,981.863,85418.137,1.1364%,2,
Contact STARLINK-5093 - STARLINK-5850,5937.377,80462.623,6.8720%,6,
Contact STARLINK-5093 - STARLINK-31979,0.000,86400.000,0.0000%,0,
Contact STARLINK-5093 - STARLINK-31939,0.000,86400.000,0.0000%,0,
Contact STARLINK-5093 - STARLINK-2424,4817.568,81582.432,5.5759%,7,
Contact STARLINK-5093 - STARLINK-30754,0.000,86400.000,0.0000%,0,
Contact STARLINK-5093 - STARLINK-3832,2384.430,84015.570,2.7598%,4,
Contact STARLINK-5093 - STARLINK-5453,72210.340,14189.660,83.5768%,7,
Contact STARLINK-5093 - STARLINK-31082,50292.435,36107.565,58.2088%,7,
Contact STARLINK-5093 - STARLINK-4569,4237.987,82162.013,4.9051%,6,
Contact STARLINK-5093 - STARLINK-1776,3081.775,83318.225,3.5669%,5,
Contact STARLINK-5093 - STARLINK-6199,0.000,86400.000,0.0000%,0,
Contact STARLINK-5093 - STARLINK-4328,4339.662,82060.338,5.0228%,6,
Contact STARLINK-5093 - STARLINK-2214,0.000,86400.000,0.0000%,0,
Contact STARLINK-5093 - STARLINK-5737,4494.031,81905.969,5.2014%,6,
Contact STARLINK-5093 - STARLINK-3506,0.000,86400.000,0.0000%,0,
Contact STARLINK-5093 - STARLINK-11136 [DTC],647.518,85752.482,0.7494%,1,
Contact STARLINK-5093 - STARLINK-31325,0.000,86400.000,0.0000%,0,
Contact STARLINK-5093 - STARLINK-5628,0.000,86400.000,0.0000%,0,
Contact STARLINK-5093 - STARLINK-5231,10202.492,76197.508,11.8084%,7,
Contact STARLINK-5093 - STARLINK-11092 [DTC],12514.940,73885.060,14.4849%,3,
Contact STARLINK-5093 - STARLINK-11072 [DTC],11024.252,75375.748,12.7596%,3,
Contact STARLINK-5093 - STARLINK-5176,0.000,86400.000,0.0000%,0,
Contact STARLINK-5093 - STARLINK-2042,0.000,86400.000,0.0000%,0,
Contact STARLINK-5093 - STARLINK-5503,4841.410,81558.590,5.6035%,7,
Contact STARLINK-5093 - STARLINK-6319,0.000,86400.000,0.0000%,0,
Contact STARLINK-5093 - STARLINK-4522,328.651,86071.349,0.3804%,1,
Contact STARLINK-5093 - MoonARTEMIS1,69008.258,17391.742,79.8707%,8,
Contact STARLINK-5093 - MoonARTEMIS2,69289.779,17110.221,80.1965%,8,
Contact STARLINK-5093 - MoonIOAGEO,55155.105,31244.895,63.8369%,9,
Contact STARLINK-5093 - MoonIOAGNO,69318.774,17081.226,80.2301%,8,
Contact STARLINK-5093 - MoonIOAGNO 0001,69318.839,17081.161,80.2301%,8,
Contact STARLINK-5093 - MoonIOAGSO,67196.088,19203.912,77.7732%,8,
Contact STARLINK-5093 - MoonIOAGSO 0001,65888.029,20511.971,76.2593%,9,
Contact STARLINK-5093 - MoonLRO,35017.262,51382.738,40.5292%,9,
Contact STARLINK-5093 - MarsSat1,67588.617,18811.383,78.2276%,10,
Contact STARLINK-5093 - MarsSat2,67588.352,18811.648,78.2273%,10,
Contact STARLINK-5093 - MarsSat3,67588.558,18811.442,78.2275%,10,
Contact STARLINK-5093 - MarsSat4,67588.596,18811.404,78.2275%,10,
Contact STARLINK-2556 - STARLINK-5591,0.000,86400.000,0.0000%,0,
Contact STARLINK-2556 - STARLINK-1073,0.000,86400.000,0.0000%,0,
Contact STARLINK-2556 - STARLINK-32088,0.000,86400.000,0.0000%,0,
Contact STARLINK-2556 - STARLINK-5829,0.000,86400.000,0.0000%,0,
Contact STARLINK-2556 - STARLINK-3325,0.000,86400.000,0.0000%,0,
Contact STARLINK-2556 - STARLINK-5850,0.000,86400.000,0.0000%,0,
Contact STARLINK-2556 - STARLINK-31979,69364.300,17035.700,80.2828%,1,
Contact STARLINK-2556 - STARLINK-31939,0.000,86400.000,0.0000%,0,
Contact STARLINK-2556 - STARLINK-2424,0.000,86400.000,0.0000%,0,
Contact STARLINK-2556 - STARLINK-30754,49934.105,36465.895,57.7941%,7,
Contact STARLINK-2556 - STARLINK-3832,7782.441,78617.559,9.0075%,6,
Contact STARLINK-2556 - STARLINK-5453,0.000,86400.000,0.0000%,0,
Contact STARLINK-2556 - STARLINK-31082,0.000,86400.000,0.0000%,0,
Contact STARLINK-2556 - STARLINK-4569,1686.170,84713.830,1.9516%,4,
Contact STARLINK-2556 - STARLINK-1776,7890.088,78509.912,9.1320%,6,
Contact STARLINK-2556 - STARLINK-6199,0.000,86400.000,0.0000%,0,
Contact STARLINK-2556 - STARLINK-4328,3487.375,82912.625,4.0363%,6,
Contact STARLINK-2556 - STARLINK-2214,0.000,86400.000,0.0000%,0,
Contact STARLINK-2556 - STARLINK-5737,2225.016,84174.984,2.5753%,4,
Contact STARLINK-2556 - STARLINK-3506,0.000,86400.000,0.0000%,0,
Contact STARLINK-2556 - STARLINK-11136 [DTC],1764.704,84635.296,2.0425%,2,
Contact STARLINK-2556 - STARLINK-31325,0.000,86400.000,0.0000%,0,
Contact STARLINK-2556 - STARLINK-5628,0.000,86400.000,0.0000%,0,
Contact STARLINK-2556 - STARLINK-5231,0.000,86400.000,0.0000%,0,
Contact STARLINK-2556 - STARLINK-11092 [DTC],29205.017,57194.983,33.8021%,1,
Contact STARLINK-2556 - STARLINK-11072 [DTC],3721.686,82678.314,4.3075%,1,
Contact STARLINK-2556 - STARLINK-5176,0.000,86400.000,0.0000%,0,
Contact STARLINK-2556 - STARLINK-2042,0.000,86400.000,0.0000%,0,
Contact STARLINK-2556 - STARLINK-5503,0.000,86400.000,0.0000%,0,
Contact STARLINK-2556 - STARLINK-6319,0.000,86400.000,0.0000%,0,
Contact STARLINK-2556 - STARLINK-4522,86400.000,0.000,100.0000%,1,
Contact STARLINK-2556 - MoonARTEMIS1,63544.664,22855.336,73.5471%,9,
Contact STARLINK-2556 - MoonARTEMIS2,66346.196,20053.804,76.7896%,10,
Contact STARLINK-2556 - MoonIOAGEO,61488.146,24911.854,71.1668%,9,
Contact STARLINK-2556 - MoonIOAGNO,66985.615,19414.385,77.5296%,10,
Contact STARLINK-2556 - MoonIOAGNO 0001,66996.806,19403.194,77.5426%,10,
Contact STARLINK-2556 - MoonIOAGSO,65786.237,20613.763,76.1415%,10,
Contact STARLINK-2556 - MoonIOAGSO 0001,64937.525,21462.475,75.1592%,10,
Contact STARLINK-2556 - MoonLRO,27024.543,59375.457,31.2784%,9,
Contact STARLINK-2556 - MarsSat1,70739.892,15660.108,81.8749%,9,
Contact STARLINK-2556 - MarsSat2,70739.213,15660.787,81.8741%,9,
Contact STARLINK-2556 - MarsSat3,70739.641,15660.359,81.8746%,9,
Contact STARLINK-2556 - MarsSat4,70739.761,15660.239,81.8747%,9,
Contact STARLINK-5591 - STARLINK-1073,0.000,86400.000,0.0000%,0,
Contact STARLINK-5591 - STARLINK-32088,2406.103,83993.897,2.7848%,2,
Contact STARLINK-5591 - STARLINK-5829,86400.000,0.000,100.0000%,1,
Contact STARLINK-5591 - STARLINK-3325,17876.469,68523.531,20.6904%,7,
Contact STARLINK-5591 - STARLINK-5850,43932.941,42467.059,50.8483%,6,
Contact STARLINK-5591 - STARLINK-31979,0.000,86400.000,0.0000%,0,
Contact STARLINK-5591 - STARLINK-31939,15058.541,71341.459,17.4289%,1,
Contact STARLINK-5591 - STARLINK-2424,4253.778,82146.222,4.9234%,7,
Contact STARLINK-5591 - STARLINK-30754,0.000,86400.000,0.0000%,0,
Contact STARLINK-5591 - STARLINK-3832,0.000,86400.000,0.0000%,0,
Contact STARLINK-5591 - STARLINK-5453,38968.418,47431.582,45.1023%,1,
Contact STARLINK-5591 - STARLINK-31082,85260.669,1139.331,98.6813%,2,
Contact STARLINK-5591 - STARLINK-4569,4150.354,82249.646,4.8036%,6,
Contact STARLINK-5591 - STARLINK-1776,0.000,86400.000,0.0000%,0,
Contact STARLINK-5591 - STARLINK-6199,0.000,86400.000,0.0000%,0,
Contact STARLINK-5591 - STARLINK-4328,4520.436,81879.564,5.2320%,6,
Contact STARLINK-5591 - STARLINK-2214,0.000,86400.000,0.0000%,0,
Contact STARLINK-5591 - STARLINK-5737,0.000,86400.000,0.0000%,0,
Contact STARLINK-5591 - STARLINK-3506,0.000,86400.000,0.0000%,0,
Contact STARLINK-5591 - STARLINK-11136 [DTC],1092.838,85307.162,1.2649%,2,
Contact STARLINK-5591 - STARLINK-31325,28487.323,57912.677,32.9714%,1,
Contact STARLINK-5591 - STARLINK-5628,0.000,86400.000,0.0000%,0,
Contact STARLINK-5591 - STARLINK-5231,508.205,85891.795,0.5882%,1,
Contact STARLINK-5591 - STARLINK-11092 [DTC],26831.642,59568.358,31.0551%,1,
Contact STARLINK-5591 - STARLINK-11072 [DTC],21234.081,65165.919,24.5765%,1,
Contact STARLINK-5591 - STARLINK-5176,0.000,86400.000,0.0000%,0,
Contact STARLINK-5591 - STARLINK-2042,0.000,86400.000,0.0000%,0,
Contact STARLINK-5591 - STARLINK-5503,4734.659,81665.341,5.4799%,6,
Contact STARLINK-5591 - STARLINK-6319,0.000,86400.000,0.0000%,0,
Contact STARLINK-5591 - STARLINK-4522,0.000,86400.000,0.0000%,0,
Contact STARLINK-5591 - MoonARTEMIS1,67891.727,18508.273,78.5784%,9,
Contact STARLINK-5591 - MoonARTEMIS2,66692.833,19707.167,77.1908%,9,
Contact STARLINK-5591 - MoonIOAGEO,60112.979,26287.021,69.5752%,9,
Contact STARLINK-5591 - MoonIOAGNO,67778.336,18621.664,78.4471%,9,
Contact STARLINK-5591 - MoonIOAGNO 0001,67783.078,18616.922,78.4526%,9,
Contact STARLINK-5591 - MoonIOAGSO,65724.044,20675.956,76.0695%,9,
Contact STARLINK-5591 - MoonIOAGSO 0001,67366.179,19033.821,77.9701%,9,
Contact STARLINK-5591 - MoonLRO,31631.560,54768.440,36.6106%,7,
Contact STARLINK-5591 - MarsSat1,67635.076,18764.924,78.2813%,10,
Contact STARLINK-5591 - MarsSat2,67634.781,18765.219,78.2810%,10,
Contact STARLINK-5591 - MarsSat3,67634.996,18765.004,78.2812%,10,
Contact STARLINK-5591 - MarsSat4,67635.039,18764.961,78.2813%,10,
Contact STARLINK-1073 - STARLINK-32088,24342.632,62057.368,28.1743%,1,
Contact STARLINK-1073 - STARLINK-5829,0.000,86400.000,0.0000%,0,
Contact STARLINK-1073 - STARLINK-3325,0.000,86400.000,0.0000%,0,
Contact STARLINK-1073 - STARLINK-5850,0.000,86400.000,0.0000%,0,
Contact STARLINK-1073 - STARLINK-31979,2897.706,83502.294,3.3538%,3,
Contact STARLINK-1073 - STARLINK-31939,932.776,85467.224,1.0796%,1,
Contact STARLINK-1073 - STARLINK-2424,0.000,86400.000,0.0000%,0,
Contact STARLINK-1073 - STARLINK-30754,0.000,86400.000,0.0000%,0,
Contact STARLINK-1073 - STARLINK-3832,27661.568,58738.432,32.0157%,7,
Contact STARLINK-1073 - STARLINK-5453,0.000,86400.000,0.0000%,0,
Contact STARLINK-1073 - STARLINK-31082,0.000,86400.000,0.0000%,0,
Contact STARLINK-1073 - STARLINK-4569,0.000,86400.000,0.0000%,0,
Contact STARLINK-1073 - STARLINK-1776,15277.712,71122.288,17.6825%,7,
Contact STARLINK-1073 - STARLINK-6199,12739.553,73660.447,14.7449%,6,
Contact STARLINK-1073 - STARLINK-4328,0.000,86400.000,0.0000%,0,
Contact STARLINK-1073 - STARLINK-2214,0.000,86400.000,0.0000%,0,
Contact STARLINK-1073 - STARLINK-5737,0.000,86400.000,0.0000%,0,
Contact STARLINK-1073 - STARLINK-3506,77687.869,8712.131,89.9165%,4,
Contact STARLINK-1073 - STARLINK-11136 [DTC],1540.136,84859.864,1.7826%,3,
Contact STARLINK-1073 - STARLINK-31325,0.000,86400.000,0.0000%,0,
Contact STARLINK-1073 - STARLINK-5628,0.000,86400.000,0.0000%,0,
Contact STARLINK-1073 - STARLINK-5231,0.000,86400.000,0.0000%,0,
Contact STARLINK-1073 - STARLINK-11092 [DTC],0.000,86400.000,0.0000%,0,
Contact STARLINK-1073 - STARLINK-11072 [DTC],4387.636,82012.364,5.0783%,1,
Contact STARLINK-1073 - STARLINK-5176,86400.000,0.000,100.0000%,1,
Contact STARLINK-1073 - STARLINK-2042,0.000,86400.000,0.0000%,0,
Contact STARLINK-1073 - STARLINK-5503,0.000,86400.000,0.0000%,0,
Contact STARLINK-1073 - STARLINK-6319,0.000,86400.000,0.0000%,0,
Contact STARLINK-1073 - STARLINK-4522,3963.071,82436.929,4.5869%,6,
Contact STARLINK-1073 - MoonARTEMIS1,74234.520,12165.480,85.9196%,6,
Contact STARLINK-1073 - MoonARTEMIS2,76049.963,10350.037,88.0208%,7,
Contact STARLINK-1073 - MoonIOAGEO,68889.172,17510.828,79.7328%,7,
Contact STARLINK-1073 - MoonIOAGNO,77604.607,8795.393,89.8201%,7,
Contact STARLINK-1073 - MoonIOAGNO 0001,77593.006,8806.994,89.8067%,7,
Contact STARLINK-1073 - MoonIOAGSO,75354.795,11045.205,87.2162%,7,
Contact STARLINK-1073 - MoonIOAGSO 0001,75153.695,11246.305,86.9834%,7,
Contact STARLINK-1073 - MoonLRO,37008.226,49391.774,42.8336%,8,
Contact STARLINK-1073 - MarsSat1,70585.822,15814.178,81.6966%,8,
Contact STARLINK-1073 - MarsSat2,70586.329,15813.671,81.6971%,8,
Contact STARLINK-1073 - MarsSat3,70585.990,15814.010,81.6967%,8,
Contact STARLINK-1073 - MarsSat4,70585.944,15814.056,81.6967%,8,
Contact STARLINK-32088 - STARLINK-5829,2650.517,83749.483,3.0677%,3,
Contact STARLINK-32088 - STARLINK-3325,0.000,86400.000,0.0000%,0,
Contact STARLINK-32088 - STARLINK-5850,21056.095,65343.905,24.3705%,1,
Contact STARLINK-32088 - STARLINK-31979,0.000,86400.000,0.0000%,0,
Contact STARLINK-32088 - STARLINK-31939,29968.623,56431.377,34.6859%,7,
Contact STARLINK-32088 - STARLINK-2424,0.000,86400.000,0.0000%,0,
Contact STARLINK-32088 - STARLINK-30754,0.000,86400.000,0.0000%,0,
Contact STARLINK-32088 - STARLINK-3832,8847.745,77552.255,10.2404%,3,
Contact STARLINK-32088 - STARLINK-5453,0.000,86400.000,0.0000%,0,
Contact STARLINK-32088 - STARLINK-31082,0.000,86400.000,0.0000%,0,
Contact STARLINK-32088 - STARLINK-4569,7529.155,78870.845,8.7143%,2,
Contact STARLINK-32088 - STARLINK-1776,11944.851,74455.149,13.8251%,4,
Contact STARLINK-32088 - STARLINK-6199,8612.757,77787.243,9.9685%,3,
Contact STARLINK-32088 - STARLINK-4328,1566.537,84833.463,1.8131%,2,
Contact STARLINK-32088 - STARLINK-2214,4336.688,82063.312,5.0193%,5,
Contact STARLINK-32088 - STARLINK-5737,0.000,86400.000,0.0000%,0,
Contact STARLINK-32088 - STARLINK-3506,36210.915,50189.085,41.9108%,2,
Contact STARLINK-32088 - STARLINK-11136 [DTC],4299.468,82100.532,4.9762%,7,
Contact STARLINK-32088 - STARLINK-31325,58073.623,28326.377,67.2148%,3,
Contact STARLINK-32088 - STARLINK-5628,9648.692,76751.308,11.1675%,4,
Contact STARLINK-32088 - STARLINK-5231,0.000,86400.000,0.0000%,0,
Contact STARLINK-32088 - STARLINK-11092 [DTC],0.000,86400.000,0.0000%,0,
Contact STARLINK-32088 - STARLINK-11072 [DTC],14945.632,71454.368,17.2982%,1,
Contact STARLINK-32088 - STARLINK-5176,47241.567,39158.433,54.6777%,1,
Contact STARLINK-32088 - STARLINK-2042,29446.438,56953.562,34.0815%,5,
Contact STARLINK-32088 - STARLINK-5503,0.000,86400.000,0.0000%,0,
Contact STARLINK-32088 - STARLINK-6319,19883.184,66516.816,23.0129%,5,
Contact STARLINK-32088 - STARLINK-4522,0.000,86400.000,0.0000%,0,
Contact STARLINK-32088 - MoonARTEMIS1,67193.904,19206.096,77.7707%,9,
Contact STARLINK-32088 - MoonARTEMIS2,69339.813,17060.187,80.2544%,9,
Contact STARLINK-32088 - MoonIOAGEO,60306.887,26093.113,69.7996%,9,
Contact STARLINK-32088 - MoonIOAGNO,71703.165,14696.835,82.9898%,9,
Contact STARLINK-32088 - MoonIOAGNO 0001,71701.027,14698.973,82.9873%,9,
Contact STARLINK-32088 - MoonIOAGSO,70042.132,16357.868,81.0673%,9,
Contact STARLINK-32088 - MoonIOAGSO 0001,70572.688,15827.312,81.6814%,9,
Contact STARLINK-32088 - MoonLRO,25851.464,60548.536,29.9207%,7,
Contact STARLINK-32088 - MarsSat1,68448.491,17951.509,79.2228%,9,
Contact STARLINK-32088 - MarsSat2,68448.649,17951.351,79.2230%,9,
Contact STARLINK-32088 - MarsSat3,68448.555,17951.445,79.2229%,9,
Contact STARLINK-32088 - MarsSat4,68448.603,17951.397,79.2229%,9,
Contact STARLINK-5829 - STARLINK-3325,5417.012,80982.988,6.2697%,7,
Contact STARLINK-5829 - STARLINK-5850,23620.717,62779.283,27.3388%,6,
Contact STARLINK-5829 - STARLINK-31979,0.000,86400.000,0.0000%,0,
Contact STARLINK-5829 - STARLINK-31939,1404.453,84995.547,1.6255%,2,
Contact STARLINK-5829 - STARLINK-2424,4771.117,81628.883,5.5221%,7,
Contact STARLINK-5829 - STARLINK-30754,0.000,86400.000,0.0000%,0,
Contact STARLINK-5829 - STARLINK-3832,3525.391,82874.609,4.0803%,6,
Contact STARLINK-5829 - STARLINK-5453,2283.509,84116.491,2.6429%,3,
Contact STARLINK-5829 - STARLINK-31082,39503.137,46896.863,45.7212%,6,
Contact STARLINK-5829 - STARLINK-4569,0.000,86400.000,0.0000%,0,
Contact STARLINK-5829 - STARLINK-1776,2900.428,83499.572,3.3570%,5,
Contact STARLINK-5829 - STARLINK-6199,0.000,86400.000,0.0000%,0,
Contact STARLINK-5829 - STARLINK-4328,4421.152,81978.848,5.1171%,6,
Contact STARLINK-5829 - STARLINK-2214,0.000,86400.000,0.0000%,0,
Contact STARLINK-5829 - STARLINK-5737,3859.296,82540.704,4.4668%,7,
Contact STARLINK-5829 - STARLINK-3506,2268.062,84131.938,2.6251%,5,
Contact STARLINK-5829 - STARLINK-11136 [DTC],240.610,86159.390,0.2785%,1,
Contact STARLINK-5829 - STARLINK-31325,15031.725,71368.275,17.3978%,3,
Contact STARLINK-5829 - STARLINK-5628,0.000,86400.000,0.0000%,0,
Contact STARLINK-5829 - STARLINK-5231,0.000,86400.000,0.0000%,0,
Contact STARLINK-5829 - STARLINK-11092 [DTC],23073.724,63326.276,26.7057%,2,
Contact STARLINK-5829 - STARLINK-11072 [DTC],5376.545,81023.455,6.2229%,2,
Contact STARLINK-5829 - STARLINK-5176,0.000,86400.000,0.0000%,0,
Contact STARLINK-5829 - STARLINK-2042,0.000,86400.000,0.0000%,0,
Contact STARLINK-5829 - STARLINK-5503,4412.675,81987.325,5.1073%,6,
Contact STARLINK-5829 - STARLINK-6319,0.000,86400.000,0.0000%,0,
Contact STARLINK-5829 - STARLINK-4522,0.000,86400.000,0.0000%,0,
Contact STARLINK-5829 - MoonARTEMIS1,67243.937,19156.063,77.8286%,9,
Contact STARLINK-5829 - MoonARTEMIS2,66185.691,20214.309,76.6038%,9,
Contact STARLINK-5829 - MoonIOAGEO,59616.284,26783.716,69.0003%,9,
Contact STARLINK-5829 - MoonIOAGNO,67166.404,19233.596,77.7389%,9,
Contact STARLINK-5829 - MoonIOAGNO 0001,67167.148,19232.852,77.7398%,9,
Contact STARLINK-5829 - MoonIOAGSO,65172.042,21227.958,75.4306%,9,
Contact STARLINK-5829 - MoonIOAGSO 0001,66684.767,19715.233,77.1814%,9,
Contact STARLINK-5829 - MoonLRO,31463.362,54936.638,36.4159%,7,
Contact STARLINK-5829 - MarsSat1,67597.515,18802.485,78.2379%,10,
Contact STARLINK-5829 - MarsSat2,67597.245,18802.755,78.2376%,10,
Contact STARLINK-5829 - MarsSat3,67597.455,18802.545,78.2378%,10,
Contact STARLINK-5829 - MarsSat4,67597.482,18802.518,78.2378%,10,
Contact STARLINK-3325 - STARLINK-5850,2444.025,83955.975,2.8287%,5,
Contact STARLINK-3325 - STARLINK-31979,0.000,86400.000,0.0000%,0,
Contact STARLINK-3325 - STARLINK-31939,1365.886,85034.114,1.5809%,2,
Contact STARLINK-3325 - STARLINK-2424,77602.863,8797.137,89.8181%,7,
Contact STARLINK-3325 - STARLINK-30754,1640.934,84759.066,1.8992%,4,
Contact STARLINK-3325 - STARLINK-3832,0.000,86400.000,0.0000%,0,
Contact STARLINK-3325 - STARLINK-5453,8553.004,77846.996,9.8993%,6,
Contact STARLINK-3325 - STARLINK-31082,18557.394,67842.606,21.4785%,7,
Contact STARLINK-3325 - STARLINK-4569,0.000,86400.000,0.0000%,0,
Contact STARLINK-3325 - STARLINK-1776,0.000,86400.000,0.0000%,0,
Contact STARLINK-3325 - STARLINK-6199,0.000,86400.000,0.0000%,0,
Contact STARLINK-3325 - STARLINK-4328,0.000,86400.000,0.0000%,0,
Contact STARLINK-3325 - STARLINK-2214,0.000,86400.000,0.0000%,0,
Contact STARLINK-3325 - STARLINK-5737,30347.671,56052.329,35.1246%,7,
Contact STARLINK-3325 - STARLINK-3506,0.000,86400.000,0.0000%,0,
Contact STARLINK-3325 - STARLINK-11136 [DTC],3321.100,83078.900,3.8439%,1,
Contact STARLINK-3325 - STARLINK-31325,527.113,85872.887,0.6101%,1,
Contact STARLINK-3325 - STARLINK-5628,0.000,86400.000,0.0000%,0,
Contact STARLINK-3325 - STARLINK-5231,8309.060,78090.940,9.6170%,6,
Contact STARLINK-3325 - STARLINK-11092 [DTC],8368.655,78031.345,9.6859%,3,
Contact STARLINK-3325 - STARLINK-11072 [DTC],2018.657,84381.343,2.3364%,3,
Contact STARLINK-3325 - STARLINK-5176,0.000,86400.000,0.0000%,0,
Contact STARLINK-3325 - STARLINK-2042,0.000,86400.000,0.0000%,0,
Contact STARLINK-3325 - STARLINK-5503,29542.481,56857.519,34.1927%,6,
Contact STARLINK-3325 - STARLINK-6319,0.000,86400.000,0.0000%,0,
Contact STARLINK-3325 - STARLINK-4522,0.000,86400.000,0.0000%,0,
Contact STARLINK-3325 - MoonARTEMIS1,75225.231,11174.769,87.0662%,6,
Contact STARLINK-3325 - MoonARTEMIS2,75227.370,11172.630,87.0687%,6,
Contact STARLINK-3325 - MoonIOAGEO,65213.657,21186.343,75.4788%,7,
Contact STARLINK-3325 - MoonIOAGNO,75164.682,11235.318,86.9962%,6,
Contact STARLINK-3325 - MoonIOAGNO 0001,75176.120,11223.880,87.0094%,6,
Contact STARLINK-3325 - MoonIOAGSO,75377.593,11022.407,87.2426%,6,
Contact STARLINK-3325 - MoonIOAGSO 0001,74320.964,12079.036,86.0196%,6,
Contact STARLINK-3325 - MoonLRO,39324.333,47075.667,45.5143%,8,
Contact STARLINK-3325 - MarsSat1,74785.117,11614.883,86.5568%,8,
Contact STARLINK-3325 - MarsSat2,74786.276,11613.724,86.5582%,8,
Contact STARLINK-3325 - MarsSat3,74785.287,11614.713,86.5570%,8,
Contact STARLINK-3325 - MarsSat4,74785.193,11614.807,86.5569%,8,
Contact STARLINK-5850 - STARLINK-31979,0.000,86400.000,0.0000%,0,
Contact STARLINK-5850 - STARLINK-31939,5172.054,81227.946,5.9862%,3,
Contact STARLINK-5850 - STARLINK-2424,0.000,86400.000,0.0000%,0,
Contact STARLINK-5850 - STARLINK-30754,0.000,86400.000,0.0000%,0,
Contact STARLINK-5850 - STARLINK-3832,0.000,86400.000,0.0000%,0,
Contact STARLINK-5850 - STARLINK-5453,34063.037,52336.963,39.4248%,4,
Contact STARLINK-5850 - STARLINK-31082,78454.063,7945.937,90.8033%,6,
Contact STARLINK-5850 - STARLINK-4569,46130.480,40269.520,53.3918%,6,
Contact STARLINK-5850 - STARLINK-1776,0.000,86400.000,0.0000%,0,
Contact STARLINK-5850 - STARLINK-6199,0.000,86400.000,0.0000%,0,
Contact STARLINK-5850 - STARLINK-4328,23014.692,63385.308,26.6374%,6,
Contact STARLINK-5850 - STARLINK-2214,3455.826,82944.174,3.9998%,6,
Contact STARLINK-5850 - STARLINK-5737,0.000,86400.000,0.0000%,0,
Contact STARLINK-5850 - STARLINK-3506,0.000,86400.000,0.0000%,0,
Contact STARLINK-5850 - STARLINK-11136 [DTC],2300.685,84099.315,2.6628%,3,
Contact STARLINK-5850 - STARLINK-31325,25594.894,60805.106,29.6237%,2,
Contact STARLINK-5850 - STARLINK-5628,0.000,86400.000,0.0000%,0,
Contact STARLINK-5850 - STARLINK-5231,0.000,86400.000,0.0000%,0,
Contact STARLINK-5850 - STARLINK-11092 [DTC],8732.935,77667.065,10.1076%,3,
Contact STARLINK-5850 - STARLINK-11072 [DTC],24304.431,62095.569,28.1301%,1,
Contact STARLINK-5850 - STARLINK-5176,0.000,86400.000,0.0000%,0,
Contact STARLINK-5850 - STARLINK-2042,0.000,86400.000,0.0000%,0,
Contact STARLINK-5850 - STARLINK-5503,0.000,86400.000,0.0000%,0,
Contact STARLINK-5850 - STARLINK-6319,0.000,86400.000,0.0000%,0,
Contact STARLINK-5850 - STARLINK-4522,0.000,86400.000,0.0000%,0,
Contact STARLINK-5850 - MoonARTEMIS1,68545.802,17854.198,79.3354%,10,
Contact STARLINK-5850 - MoonARTEMIS2,70523.242,15876.758,81.6241%,9,
Contact STARLINK-5850 - MoonIOAGEO,66089.200,20310.800,76.4921%,8,
Contact STARLINK-5850 - MoonIOAGNO,72536.539,13863.461,83.9543%,9,
Contact STARLINK-5850 - MoonIOAGNO 0001,74248.638,12151.362,85.9359%,8,
Contact STARLINK-5850 - MoonIOAGSO,70266.031,16133.969,81.3264%,9,
Contact STARLINK-5850 - MoonIOAGSO 0001,72238.927,14161.073,83.6099%,9,
Contact STARLINK-5850 - MoonLRO,28903.695,57496.305,33.4534%,9,
Contact STARLINK-5850 - MarsSat1,67887.956,18512.044,78.5740%,10,
Contact STARLINK-5850 - MarsSat2,67888.205,18511.795,78.5743%,10,
Contact STARLINK-5850 - MarsSat3,67888.041,18511.959,78.5741%,10,
Contact STARLINK-5850 - MarsSat4,67888.061,18511.939,78.5741%,10,
Contact STARLINK-31979 - STARLINK-31939,0.000,86400.000,0.0000%,0,
Contact STARLINK-31979 - STARLINK-2424,0.000,86400.000,0.0000%,0,
Contact STARLINK-31979 - STARLINK-30754,9157.650,77242.350,10.5991%,3,
Contact STARLINK-31979 - STARLINK-3832,7997.058,78402.942,9.2559%,6,
Contact STARLINK-31979 - STARLINK-5453,0.000,86400.000,0.0000%,0,
Contact STARLINK-31979 - STARLINK-31082,0.000,86400.000,0.0000%,0,
Contact STARLINK-31979 - STARLINK-4569,2092.659,84307.341,2.4221%,5,
Contact STARLINK-31979 - STARLINK-1776,8347.680,78052.320,9.6617%,7,
Contact STARLINK-31979 - STARLINK-6199,43864.442,42535.558,50.7690%,1,
Contact STARLINK-31979 - STARLINK-4328,4046.056,82353.944,4.6829%,6,
Contact STARLINK-31979 - STARLINK-2214,0.000,86400.000,0.0000%,0,
Contact STARLINK-31979 - STARLINK-5737,611.139,85788.861,0.7073%,1,
Contact STARLINK-31979 - STARLINK-3506,3403.160,82996.840,3.9388%,5,
Contact STARLINK-31979 - STARLINK-11136 [DTC],7403.546,78996.454,8.5689%,2,
Contact STARLINK-31979 - STARLINK-31325,0.000,86400.000,0.0000%,0,
Contact STARLINK-31979 - STARLINK-5628,8544.218,77855.782,9.8891%,3,
Contact STARLINK-31979 - STARLINK-5231,0.000,86400.000,0.0000%,0,
Contact STARLINK-31979 - STARLINK-11092 [DTC],5003.726,81396.274,5.7913%,1,
Contact STARLINK-31979 - STARLINK-11072 [DTC],0.000,86400.000,0.0000%,0,
Contact STARLINK-31979 - STARLINK-5176,662.615,85737.385,0.7669%,1,
Contact STARLINK-31979 - STARLINK-2042,0.000,86400.000,0.0000%,0,
Contact STARLINK-31979 - STARLINK-5503,0.000,86400.000,0.0000%,0,
Contact STARLINK-31979 - STARLINK-6319,0.000,86400.000,0.0000%,0,
Contact STARLINK-31979 - STARLINK-4522,72736.555,13663.445,84.1858%,1,
Contact STARLINK-31979 - MoonARTEMIS1,62313.834,24086.166,72.1225%,9,
Contact STARLINK-31979 - MoonARTEMIS2,62417.891,23982.109,72.2429%,9,
Contact STARLINK-31979 - MoonIOAGEO,55611.798,30788.202,64.3655%,9,
Contact STARLINK-31979 - MoonIOAGNO,63191.197,23208.803,73.1380%,9,
Contact STARLINK-31979 - MoonIOAGNO 0001,57587.257,28812.743,66.6519%,9,
Contact STARLINK-31979 - MoonIOAGSO,61817.512,24582.488,71.5480%,9,
Contact STARLINK-31979 - MoonIOAGSO 0001,61257.144,25142.856,70.8995%,9,
Contact STARLINK-31979 - MoonLRO,25649.890,60750.110,29.6874%,8,
Contact STARLINK-31979 - MarsSat1,72989.995,13410.005,84.4792%,8,
Contact STARLINK-31979 - MarsSat2,72988.952,13411.048,84.4780%,8,
Contact STARLINK-31979 - MarsSat3,72989.658,13410.342,84.4788%,8,
Contact STARLINK-31979 - MarsSat4,72989.807,13410.193,84.4789%,8,
Contact STARLINK-31939 - STARLINK-2424,103.709,86296.291,0.1200%,1,
Contact STARLINK-31939 - STARLINK-30754,0.000,86400.000,0.0000%,0,
Contact STARLINK-31939 - STARLINK-3832,110.298,86289.702,0.1277%,1,
Contact STARLINK-31939 - STARLINK-5453,0.000,86400.000,0.0000%,0,
Contact STARLINK-31939 - STARLINK-31082,0.000,86400.000,0.0000%,0,
Contact STARLINK-31939 - STARLINK-4569,2599.356,83800.644,3.0085%,5,
Contact STARLINK-31939 - STARLINK-1776,0.000,86400.000,0.0000%,0,
Contact STARLINK-31939 - STARLINK-6199,19997.714,66402.286,23.1455%,1,
Contact STARLINK-31939 - STARLINK-4328,3160.591,83239.409,3.6581%,6,
Contact STARLINK-31939 - STARLINK-2214,63714.915,22685.085,73.7441%,1,
Contact STARLINK-31939 - STARLINK-5737,0.000,86400.000,0.0000%,0,
Contact STARLINK-31939 - STARLINK-3506,1488.836,84911.164,1.7232%,2,
Contact STARLINK-31939 - STARLINK-11136 [DTC],5690.874,80709.126,6.5867%,4,
Contact STARLINK-31939 - STARLINK-31325,60309.557,26090.443,69.8027%,4,
Contact STARLINK-31939 - STARLINK-5628,5328.719,81071.281,6.1675%,3,
Contact STARLINK-31939 - STARLINK-5231,0.000,86400.000,0.0000%,0,
Contact STARLINK-31939 - STARLINK-11092 [DTC],0.000,86400.000,0.0000%,0,
Contact STARLINK-31939 - STARLINK-11072 [DTC],1301.787,85098.213,1.5067%,2,
Contact STARLINK-31939 - STARLINK-5176,5698.755,80701.245,6.5958%,3,
Contact STARLINK-31939 - STARLINK-2042,63332.390,23067.610,73.3014%,1,
Contact STARLINK-31939 - STARLINK-5503,807.083,85592.917,0.9341%,1,
Contact STARLINK-31939 - STARLINK-6319,55446.489,30953.511,64.1742%,1,
Contact STARLINK-31939 - STARLINK-4522,0.000,86400.000,0.0000%,0,
Contact STARLINK-31939 - MoonARTEMIS1,66782.737,19617.263,77.2948%,8,
Contact STARLINK-31939 - MoonARTEMIS2,66125.594,20274.406,76.5343%,9,
Contact STARLINK-31939 - MoonIOAGEO,57596.913,28803.087,66.6631%,9,
Contact STARLINK-31939 - MoonIOAGNO,68822.259,17577.741,79.6554%,9,
Contact STARLINK-31939 - MoonIOAGNO 0001,68817.481,17582.519,79.6499%,9,
Contact STARLINK-31939 - MoonIOAGSO,68172.657,18227.343,78.9035%,9,
Contact STARLINK-31939 - MoonIOAGSO 0001,68850.777,17549.223,79.6884%,9,
Contact STARLINK-31939 - MoonLRO,25930.624,60469.376,30.0123%,7,
Contact STARLINK-31939 - MarsSat1,74487.453,11912.547,86.2123%,7,
Contact STARLINK-31939 - MarsSat2,74486.487,11913.513,86.2112%,7,
Contact STARLINK-31939 - MarsSat3,74487.105,11912.895,86.2119%,7,
Contact STARLINK-31939 - MarsSat4,74487.286,11912.714,86.2121%,7,
Contact STARLINK-2424 - STARLINK-30754,17806.725,68593.275,20.6096%,6,
Contact STARLINK-2424 - STARLINK-3832,0.000,86400.000,0.0000%,0,
Contact STARLINK-2424 - STARLINK-5453,4941.389,81458.611,5.7192%,7,
Contact STARLINK-2424 - STARLINK-31082,4324.046,82075.954,5.0047%,6,
Contact STARLINK-2424 - STARLINK-4569,0.000,86400.000,0.0000%,0,
Contact STARLINK-2424 - STARLINK-1776,0.000,86400.000,0.0000%,0,
Contact STARLINK-2424 - STARLINK-6199,0.000,86400.000,0.0000%,0,
Contact STARLINK-2424 - STARLINK-4328,0.000,86400.000,0.0000%,0,
Contact STARLINK-2424 - STARLINK-2214,0.000,86400.000,0.0000%,0,
Contact STARLINK-2424 - STARLINK-5737,82186.770,4213.230,95.1236%,1,
Contact STARLINK-2424 - STARLINK-3506,0.000,86400.000,0.0000%,0,
Contact STARLINK-2424 - STARLINK-11136 [DTC],2783.267,83616.733,3.2214%,1,
Contact STARLINK-2424 - STARLINK-31325,0.000,86400.000,0.0000%,0,
Contact STARLINK-2424 - STARLINK-5628,0.000,86400.000,0.0000%,0,
Contact STARLINK-2424 - STARLINK-5231,1629.029,84770.971,1.8855%,3,
Contact STARLINK-2424 - STARLINK-11092 [DTC],2256.077,84143.923,2.6112%,3,
Contact STARLINK-2424 - STARLINK-11072 [DTC],1572.782,84827.218,1.8203%,2,
Contact STARLINK-2424 - STARLINK-5176,0.000,86400.000,0.0000%,0,
Contact STARLINK-2424 - STARLINK-2042,0.000,86400.000,0.0000%,0,
Contact STARLINK-2424 - STARLINK-5503,54432.399,31967.601,63.0005%,1,
Contact STARLINK-2424 - STARLINK-6319,0.000,86400.000,0.0000%,0,
Contact STARLINK-2424 - STARLINK-4522,0.000,86400.000,0.0000%,0,
Contact STARLINK-2424 - MoonARTEMIS1,66709.285,19690.715,77.2098%,9,
Contact STARLINK-2424 - MoonARTEMIS2,66654.581,19745.419,77.1465%,9,
Contact STARLINK-2424 - MoonIOAGEO,54105.490,32294.510,62.6221%,9,
Contact STARLINK-2424 - MoonIOAGNO,66642.226,19757.774,77.1322%,9,
Contact STARLINK-2424 - MoonIOAGNO 0001,66649.516,19750.484,77.1406%,9,
Contact STARLINK-2424 - MoonIOAGSO,64275.657,22124.343,74.3931%,9,
Contact STARLINK-2424 - MoonIOAGSO 0001,65557.153,20842.847,75.8763%,9,
Contact STARLINK-2424 - MoonLRO,34943.845,51456.155,40.4443%,9,
Contact STARLINK-2424 - MarsSat1,67219.246,19180.754,77.8001%,10,
Contact STARLINK-2424 - MarsSat2,67219.176,19180.824,77.8000%,10,
Contact STARLINK-2424 - MarsSat3,67219.239,19180.761,77.8000%,10,
Contact STARLINK-2424 - MarsSat4,67219.260,19180.740,77.8001%,10,
Contact STARLINK-30754 - STARLINK-3832,0.000,86400.000,0.0000%,0,
Contact STARLINK-30754 - STARLINK-5453,0.000,86400.000,0.0000%,0,
Contact STARLINK-30754 - STARLINK-31082,0.000,86400.000,0.0000%,0,
Contact STARLINK-30754 - STARLINK-4569,0.000,86400.000,0.0000%,0,
Contact STARLINK-30754 - STARLINK-1776,0.000,86400.000,0.0000%,0,
Contact STARLINK-30754 - STARLINK-6199,0.000,86400.000,0.0000%,0,
Contact STARLINK-30754 - STARLINK-4328,0.000,86400.000,0.0000%,0,
Contact STARLINK-30754 - STARLINK-2214,0.000,86400.000,0.0000%,0,
Contact STARLINK-30754 - STARLINK-5737,24454.635,61945.365,28.3040%,6,
Contact STARLINK-30754 - STARLINK-3506,0.000,86400.000,0.0000%,0,
Contact STARLINK-30754 - STARLINK-11136 [DTC],0.000,86400.000,0.0000%,0,
Contact STARLINK-30754 - STARLINK-31325,0.000,86400.000,0.0000%,0,
Contact STARLINK-30754 - STARLINK-5628,0.000,86400.000,0.0000%,0,
Contact STARLINK-30754 - STARLINK-5231,29280.531,57119.469,33.8895%,5,
Contact STARLINK-30754 - STARLINK-11092 [DTC],20279.365,66120.635,23.4715%,2,
Contact STARLINK-30754 - STARLINK-11072 [DTC],18100.879,68299.121,20.9501%,1,
Contact STARLINK-30754 - STARLINK-5176,0.000,86400.000,0.0000%,0,
Contact STARLINK-30754 - STARLINK-2042,0.000,86400.000,0.0000%,0,
Contact STARLINK-30754 - STARLINK-5503,3643.069,82756.931,4.2165%,6,
Contact STARLINK-30754 - STARLINK-6319,0.000,86400.000,0.0000%,0,
Contact STARLINK-30754 - STARLINK-4522,10863.365,75536.635,12.5733%,6,
Contact STARLINK-30754 - MoonARTEMIS1,69487.038,16912.962,80.4248%,9,
Contact STARLINK-30754 - MoonARTEMIS2,70109.873,16290.127,81.1457%,9,
Contact STARLINK-30754 - MoonIOAGEO,61658.190,24741.810,71.3636%,9,
Contact STARLINK-30754 - MoonIOAGNO,70175.464,16224.536,81.2216%,9,
Contact STARLINK-30754 - MoonIOAGNO 0001,70161.000,16239.000,81.2049%,9,
Contact STARLINK-30754 - MoonIOAGSO,68146.548,18253.452,78.8733%,9,
Contact STARLINK-30754 - MoonIOAGSO 0001,67894.490,18505.510,78.5816%,9,
Contact STARLINK-30754 - MoonLRO,32659.280,53740.720,37.8001%,7,
Contact STARLINK-30754 - MarsSat1,67387.485,19012.515,77.9948%,10,
Contact STARLINK-30754 - MarsSat2,67387.665,19012.335,77.9950%,10,
Contact STARLINK-30754 - MarsSat3,67387.527,19012.473,77.9948%,10,
Contact STARLINK-30754 - MarsSat4,67387.496,19012.504,77.9948%,10,
Contact STARLINK-3832 - STARLINK-5453,0.000,86400.000,0.0000%,0,
Contact STARLINK-3832 - STARLINK-31082,0.000,86400.000,0.0000%,0,
Contact STARLINK-3832 - STARLINK-4569,0.000,86400.000,0.0000%,0,
Contact STARLINK-3832 - STARLINK-1776,86400.000,0.000,100.0000%,1,
Contact STARLINK-3832 - STARLINK-6199,4438.647,81961.353,5.1373%,6,
Contact STARLINK-3832 - STARLINK-4328,0.000,86400.000,0.0000%,0,
Contact STARLINK-3832 - STARLINK-2214,0.000,86400.000,0.0000%,0,
Contact STARLINK-3832 - STARLINK-5737,0.000,86400.000,0.0000%,0,
Contact STARLINK-3832 - STARLINK-3506,86400.000,0.000,100.0000%,1,
Contact STARLINK-3832 - STARLINK-11136 [DTC],10550.364,75849.636,12.2111%,2,
Contact STARLINK-3832 - STARLINK-31325,0.000,86400.000,0.0000%,0,
Contact STARLINK-3832 - STARLINK-5628,0.000,86400.000,0.0000%,0,
Contact STARLINK-3832 - STARLINK-5231,0.000,86400.000,0.0000%,0,
Contact STARLINK-3832 - STARLINK-11092 [DTC],702.834,85697.166,0.8135%,1,
Contact STARLINK-3832 - STARLINK-11072 [DTC],653.320,85746.680,0.7562%,1,
Contact STARLINK-3832 - STARLINK-5176,43570.861,42829.139,50.4292%,7,
Contact STARLINK-3832 - STARLINK-2042,0.000,86400.000,0.0000%,0,
Contact STARLINK-3832 - STARLINK-5503,0.000,86400.000,0.0000%,0,
Contact STARLINK-3832 - STARLINK-6319,0.000,86400.000,0.0000%,0,
Contact STARLINK-3832 - STARLINK-4522,14530.181,71869.819,16.8173%,6,
Contact STARLINK-3832 - MoonARTEMIS1,64121.932,22278.068,74.2152%,9,
Contact STARLINK-3832 - MoonARTEMIS2,65724.031,20675.969,76.0695%,10,
Contact STARLINK-3832 - MoonIOAGEO,59133.293,27266.707,68.4413%,10,
Contact STARLINK-3832 - MoonIOAGNO,66928.500,19471.500,77.4635%,10,
Contact STARLINK-3832 - MoonIOAGNO 0001,66938.135,19461.865,77.4747%,10,
Contact STARLINK-3832 - MoonIOAGSO,65406.207,20993.793,75.7016%,10,
Contact STARLINK-3832 - MoonIOAGSO 0001,65402.108,20997.892,75.6969%,10,
Contact STARLINK-3832 - MoonLRO,18738.422,67661.578,21.6880%,7,
Contact STARLINK-3832 - MarsSat1,66849.525,19550.475,77.3721%,9,
Contact STARLINK-3832 - MarsSat2,66849.504,19550.496,77.3721%,9,
Contact STARLINK-3832 - MarsSat3,66849.496,19550.504,77.3721%,9,
Contact STARLINK-3832 - MarsSat4,66849.486,19550.514,77.3721%,9,
Contact STARLINK-5453 - STARLINK-31082,86400.000,0.000,100.0000%,1,
Contact STARLINK-5453 - STARLINK-4569,11723.532,74676.468,13.5689%,6,
Contact STARLINK-5453 - STARLINK-1776,0.000,86400.000,0.0000%,0,
Contact STARLINK-5453 - STARLINK-6199,0.000,86400.000,0.0000%,0,
Contact STARLINK-5453 - STARLINK-4328,4414.647,81985.353,5.1095%,6,
Contact STARLINK-5453 - STARLINK-2214,0.000,86400.000,0.0000%,0,
Contact STARLINK-5453 - STARLINK-5737,542.126,85857.874,0.6275%,2,
Contact STARLINK-5453 - STARLINK-3506,0.000,86400.000,0.0000%,0,
Contact STARLINK-5453 - STARLINK-11136 [DTC],657.991,85742.009,0.7616%,1,
Contact STARLINK-5453 - STARLINK-31325,0.000,86400.000,0.0000%,0,
Contact STARLINK-5453 - STARLINK-5628,0.000,86400.000,0.0000%,0,
Contact STARLINK-5453 - STARLINK-5231,46619.304,39780.696,53.9575%,7,
Contact STARLINK-5453 - STARLINK-11092 [DTC],31873.253,54526.747,36.8903%,1,
Contact STARLINK-5453 - STARLINK-11072 [DTC],30585.759,55814.241,35.4002%,1,
Contact STARLINK-5453 - STARLINK-5176,0.000,86400.000,0.0000%,0,
Contact STARLINK-5453 - STARLINK-2042,0.000,86400.000,0.0000%,0,
Contact STARLINK-5453 - STARLINK-5503,12524.363,73875.637,14.4958%,7,
Contact STARLINK-5453 - STARLINK-6319,0.000,86400.000,0.0000%,0,
Contact STARLINK-5453 - STARLINK-4522,0.000,86400.000,0.0000%,0,
Contact STARLINK-5453 - MoonARTEMIS1,68937.715,17462.285,79.7890%,9,
Contact STARLINK-5453 - MoonARTEMIS2,68711.905,17688.095,79.5277%,9,
Contact STARLINK-5453 - MoonIOAGEO,56072.734,30327.266,64.8990%,9,
Contact STARLINK-5453 - MoonIOAGNO,68755.172,17644.828,79.5777%,9,
Contact STARLINK-5453 - MoonIOAGNO 0001,68746.282,17653.718,79.5675%,9,
Contact STARLINK-5453 - MoonIOAGSO,66043.985,20356.015,76.4398%,9,
Contact STARLINK-5453 - MoonIOAGSO 0001,67707.763,18692.237,78.3655%,9,
Contact STARLINK-5453 - MoonLRO,36459.244,49940.756,42.1982%,9,
Contact STARLINK-5453 - MarsSat1,67226.331,19173.669,77.8083%,10,
Contact STARLINK-5453 - MarsSat2,67226.376,19173.624,77.8083%,10,
Contact STARLINK-5453 - MarsSat3,67226.336,19173.664,77.8083%,10,
Contact STARLINK-5453 - MarsSat4,67226.334,19173.666,77.8083%,10,
Contact STARLINK-31082 - STARLINK-4569,5684.674,80715.326,6.5795%,6,
Contact STARLINK-31082 - STARLINK-1776,0.000,86400.000,0.0000%,0,
Contact STARLINK-31082 - STARLINK-6199,0.000,86400.000,0.0000%,0,
Contact STARLINK-31082 - STARLINK-4328,4057.541,82342.459,4.6962%,6,
Contact STARLINK-31082 - STARLINK-2214,0.000,86400.000,0.0000%,0,
Contact STARLINK-31082 - STARLINK-5737,0.000,86400.000,0.0000%,0,
Contact STARLINK-31082 - STARLINK-3506,0.000,86400.000,0.0000%,0,
Contact STARLINK-31082 - STARLINK-11136 [DTC],1321.635,85078.365,1.5297%,2,
Contact STARLINK-31082 - STARLINK-31325,0.000,86400.000,0.0000%,0,
Contact STARLINK-31082 - STARLINK-5628,0.000,86400.000,0.0000%,0,
Contact STARLINK-31082 - STARLINK-5231,18366.175,68033.825,21.2571%,6,
Contact STARLINK-31082 - STARLINK-11092 [DTC],31532.886,54867.114,36.4964%,1,
Contact STARLINK-31082 - STARLINK-11072 [DTC],28924.546,57475.454,33.4775%,1,
Contact STARLINK-31082 - STARLINK-5176,0.000,86400.000,0.0000%,0,
Contact STARLINK-31082 - STARLINK-2042,0.000,86400.000,0.0000%,0,
Contact STARLINK-31082 - STARLINK-5503,32903.907,53496.093,38.0832%,7,
Contact STARLINK-31082 - STARLINK-6319,0.000,86400.000,0.0000%,0,
Contact STARLINK-31082 - STARLINK-4522,0.000,86400.000,0.0000%,0,
Contact STARLINK-31082 - MoonARTEMIS1,71827.716,14572.284,83.1339%,7,
Contact STARLINK-31082 - MoonARTEMIS2,69728.668,16671.332,80.7045%,8,
Contact STARLINK-31082 - MoonIOAGEO,63985.165,22414.835,74.0569%,7,
Contact STARLINK-31082 - MoonIOAGNO,69750.946,16649.054,80.7303%,8,
Contact STARLINK-31082 - MoonIOAGNO 0001,71768.056,14631.944,83.0649%,7,
Contact STARLINK-31082 - MoonIOAGSO,69542.014,16857.986,80.4884%,7,
Contact STARLINK-31082 - MoonIOAGSO 0001,70867.389,15532.611,82.0224%,7,
Contact STARLINK-31082 - MoonLRO,35085.403,51314.597,40.6081%,9,
Contact STARLINK-31082 - MarsSat1,67347.613,19052.387,77.9486%,10,
Contact STARLINK-31082 - MarsSat2,67347.495,19052.505,77.9485%,10,
Contact STARLINK-31082 - MarsSat3,67347.574,19052.426,77.9486%,10,
Contact STARLINK-31082 - MarsSat4,67347.590,19052.410,77.9486%,10,
Contact STARLINK-4569 - STARLINK-1776,0.000,86400.000,0.0000%,0,
Contact STARLINK-4569 - STARLINK-6199,1782.085,84617.915,2.0626%,6,
Contact STARLINK-4569 - STARLINK-4328,38955.299,47444.701,45.0872%,7,
Contact STARLINK-4569 - STARLINK-2214,4591.828,81808.172,5.3146%,7,
Contact STARLINK-4569 - STARLINK-5737,0.000,86400.000,0.0000%,0,
Contact STARLINK-4569 - STARLINK-3506,0.000,86400.000,0.0000%,0,
Contact STARLINK-4569 - STARLINK-11136 [DTC],2155.849,84244.151,2.4952%,3,
Contact STARLINK-4569 - STARLINK-31325,4756.904,81643.096,5.5057%,3,
Contact STARLINK-4569 - STARLINK-5628,11449.095,74950.905,13.2513%,7,
Contact STARLINK-4569 - STARLINK-5231,516.649,85883.351,0.5980%,1,
Contact STARLINK-4569 - STARLINK-11092 [DTC],2460.328,83939.672,2.8476%,4,
Contact STARLINK-4569 - STARLINK-11072 [DTC],4670.528,81729.472,5.4057%,2,
Contact STARLINK-4569 - STARLINK-5176,0.000,86400.000,0.0000%,0,
Contact STARLINK-4569 - STARLINK-2042,0.000,86400.000,0.0000%,0,
Contact STARLINK-4569 - STARLINK-5503,0.000,86400.000,0.0000%,0,
Contact STARLINK-4569 - STARLINK-6319,3420.145,82979.855,3.9585%,6,
Contact STARLINK-4569 - STARLINK-4522,3388.523,83011.477,3.9219%,6,
Contact STARLINK-4569 - MoonARTEMIS1,71380.047,15019.953,82.6158%,7,
Contact STARLINK-4569 - MoonARTEMIS2,74927.028,11472.972,86.7211%,7,
Contact STARLINK-4569 - MoonIOAGEO,63801.347,22598.653,73.8442%,8,
Contact STARLINK-4569 - MoonIOAGNO,74908.393,11491.607,86.6995%,7,
Contact STARLINK-4569 - MoonIOAGNO 0001,74905.959,11494.041,86.6967%,7,
Contact STARLINK-4569 - MoonIOAGSO,74916.397,11483.603,86.7088%,7,
Contact STARLINK-4569 - MoonIOAGSO 0001,74922.002,11477.998,86.7153%,7,
Contact STARLINK-4569 - MoonLRO,28868.290,57531.710,33.4124%,8,
Contact STARLINK-4569 - MarsSat1,86400.000,0.000,100.0000%,1,
Contact STARLINK-4569 - MarsSat2,86400.000,0.000,100.0000%,1,
Contact STARLINK-4569 - MarsSat3,86400.000,0.000,100.0000%,1,
Contact STARLINK-4569 - MarsSat4,86400.000,0.000,100.0000%,1,
Contact STARLINK-1776 - STARLINK-6199,7105.196,79294.804,8.2236%,7,
Contact STARLINK-1776 - STARLINK-4328,0.000,86400.000,0.0000%,0,
Contact STARLINK-1776 - STARLINK-2214,0.000,86400.000,0.0000%,0,
Contact STARLINK-1776 - STARLINK-5737,0.000,86400.000,0.0000%,0,
Contact STARLINK-1776 - STARLINK-3506,85421.214,978.786,98.8671%,4,
Contact STARLINK-1776 - STARLINK-11136 [DTC],13866.217,72533.783,16.0489%,1,
Contact STARLINK-1776 - STARLINK-31325,0.000,86400.000,0.0000%,0,
Contact STARLINK-1776 - STARLINK-5628,0.000,86400.000,0.0000%,0,
Contact STARLINK-1776 - STARLINK-5231,0.000,86400.000,0.0000%,0,
Contact STARLINK-1776 - STARLINK-11092 [DTC],721.496,85678.504,0.8351%,2,
Contact STARLINK-1776 - STARLINK-11072 [DTC],585.228,85814.772,0.6773%,1,
Contact STARLINK-1776 - STARLINK-5176,31204.707,55195.293,36.1166%,7,
Contact STARLINK-1776 - STARLINK-2042,0.000,86400.000,0.0000%,0,
Contact STARLINK-1776 - STARLINK-5503,0.000,86400.000,0.0000%,0,
Contact STARLINK-1776 - STARLINK-6319,0.000,86400.000,0.0000%,0,
Contact STARLINK-1776 - STARLINK-4522,11850.070,74549.930,13.7154%,6,
Contact STARLINK-1776 - MoonARTEMIS1,64182.633,22217.367,74.2855%,9,
Contact STARLINK-1776 - MoonARTEMIS2,65752.303,20647.697,76.1022%,10,
Contact STARLINK-1776 - MoonIOAGEO,59235.302,27164.698,68.5594%,10,
Contact STARLINK-1776 - MoonIOAGNO,67016.270,19383.730,77.5651%,10,
Contact STARLINK-1776 - MoonIOAGNO 0001,67027.998,19372.002,77.5787%,10,
Contact STARLINK-1776 - MoonIOAGSO,65446.456,20953.544,75.7482%,10,
Contact STARLINK-1776 - MoonIOAGSO 0001,65569.365,20830.635,75.8905%,10,
Contact STARLINK-1776 - MoonLRO,18583.960,67816.040,21.5092%,7,
Contact STARLINK-1776 - MarsSat1,66384.165,20015.835,76.8335%,9,
Contact STARLINK-1776 - MarsSat2,66384.229,20015.771,76.8336%,9,
Contact STARLINK-1776 - MarsSat3,66384.147,20015.853,76.8335%,9,
Contact STARLINK-1776 - MarsSat4,66384.124,20015.876,76.8335%,9,
Contact STARLINK-6199 - STARLINK-4328,7796.250,78603.750,9.0234%,7,
Contact STARLINK-6199 - STARLINK-2214,0.000,86400.000,0.0000%,0,
Contact STARLINK-6199 - STARLINK-5737,0.000,86400.000,0.0000%,0,
Contact STARLINK-6199 - STARLINK-3506,14635.309,71764.691,16.9390%,6,
Contact STARLINK-6199 - STARLINK-11136 [DTC],8550.505,77849.495,9.8964%,3,
Contact STARLINK-6199 - STARLINK-31325,0.000,86400.000,0.0000%,0,
Contact STARLINK-6199 - STARLINK-5628,42857.270,43542.730,49.6033%,7,
Contact STARLINK-6199 - STARLINK-5231,0.000,86400.000,0.0000%,0,
Contact STARLINK-6199 - STARLINK-11092 [DTC],6380.932,80019.068,7.3853%,1,
Contact STARLINK-6199 - STARLINK-11072 [DTC],0.000,86400.000,0.0000%,0,
Contact STARLINK-6199 - STARLINK-5176,14744.993,71655.007,17.0660%,6,
Contact STARLINK-6199 - STARLINK-2042,0.000,86400.000,0.0000%,0,
Contact STARLINK-6199 - STARLINK-5503,0.000,86400.000,0.0000%,0,
Contact STARLINK-6199 - STARLINK-6319,0.000,86400.000,0.0000%,0,
Contact STARLINK-6199 - STARLINK-4522,0.000,86400.000,0.0000%,0,
Contact STARLINK-6199 - MoonARTEMIS1,64688.302,21711.698,74.8707%,9,
Contact STARLINK-6199 - MoonARTEMIS2,65318.650,21081.350,75.6003%,10,
Contact STARLINK-6199 - MoonIOAGEO,59302.728,27097.272,68.6374%,10,
Contact STARLINK-6199 - MoonIOAGNO,67005.580,19394.420,77.5528%,10,
Contact STARLINK-6199 - MoonIOAGNO 0001,67005.453,19394.547,77.5526%,10,
Contact STARLINK-6199 - MoonIOAGSO,64914.115,21485.885,75.1321%,10,
Contact STARLINK-6199 - MoonIOAGSO 0001,65897.446,20502.554,76.2702%,10,
Contact STARLINK-6199 - MoonLRO,19906.751,66493.249,23.0402%,6,
Contact STARLINK-6199 - MarsSat1,71667.673,14732.327,82.9487%,8,
Contact STARLINK-6199 - MarsSat2,71666.671,14733.329,82.9475%,8,
Contact STARLINK-6199 - MarsSat3,71667.367,14732.633,82.9483%,8,
Contact STARLINK-6199 - MarsSat4,71667.413,14732.587,82.9484%,8,
Contact STARLINK-4328 - STARLINK-2214,762.981,85637.019,0.8831%,2,
Contact STARLINK-4328 - STARLINK-5737,0.000,86400.000,0.0000%,0,
Contact STARLINK-4328 - STARLINK-3506,0.000,86400.000,0.0000%,0,
Contact STARLINK-4328 - STARLINK-11136 [DTC],8326.192,78073.808,9.6368%,3,
Contact STARLINK-4328 - STARLINK-31325,4471.826,81928.174,5.1757%,6,
Contact STARLINK-4328 - STARLINK-5628,43282.663,43117.337,50.0957%,7,
Contact STARLINK-4328 - STARLINK-5231,2715.981,83684.019,3.1435%,4,
Contact STARLINK-4328 - STARLINK-11092 [DTC],2745.447,83654.553,3.1776%,5,
Contact STARLINK-4328 - STARLINK-11072 [DTC],2603.415,83796.585,3.0132%,4,
Contact STARLINK-4328 - STARLINK-5176,0.000,86400.000,0.0000%,0,
Contact STARLINK-4328 - STARLINK-2042,4532.574,81867.426,5.2460%,6,
Contact STARLINK-4328 - STARLINK-5503,0.000,86400.000,0.0000%,0,
Contact STARLINK-4328 - STARLINK-6319,10365.815,76034.185,11.9975%,6,
Contact STARLINK-4328 - STARLINK-4522,3121.400,83278.600,3.6127%,5,
Contact STARLINK-4328 - MoonARTEMIS1,64504.830,21895.170,74.6584%,10,
Contact STARLINK-4328 - MoonARTEMIS2,64999.953,21400.047,75.2314%,10,
Contact STARLINK-4328 - MoonIOAGEO,58869.932,27530.068,68.1365%,10,
Contact STARLINK-4328 - MoonIOAGNO,67368.996,19031.004,77.9734%,10,
Contact STARLINK-4328 - MoonIOAGNO 0001,67368.429,19031.571,77.9727%,10,
Contact STARLINK-4328 - MoonIOAGSO,66627.172,19772.828,77.1148%,10,
Contact STARLINK-4328 - MoonIOAGSO 0001,67371.895,19028.105,77.9767%,10,
Contact STARLINK-4328 - MoonLRO,19016.328,67383.672,22.0096%,7,
Contact STARLINK-4328 - MarsSat1,67751.933,18648.067,78.4166%,10,
Contact STARLINK-4328 - MarsSat2,67751.487,18648.513,78.4161%,10,
Contact STARLINK-4328 - MarsSat3,67751.845,18648.155,78.4165%,10,
Contact STARLINK-4328 - MarsSat4,67751.870,18648.130,78.4165%,10,
Contact STARLINK-2214 - STARLINK-5737,0.000,86400.000,0.0000%,0,
Contact STARLINK-2214 - STARLINK-3506,0.000,86400.000,0.0000%,0,
Contact STARLINK-2214 - STARLINK-11136 [DTC],23565.518,62834.482,27.2749%,3,
Contact STARLINK-2214 - STARLINK-31325,40114.836,46285.164,46.4292%,7,
Contact STARLINK-2214 - STARLINK-5628,0.000,86400.000,0.0000%,0,
Contact STARLINK-2214 - STARLINK-5231,0.000,86400.000,0.0000%,0,
Contact STARLINK-2214 - STARLINK-11092 [DTC],762.163,85637.837,0.8821%,1,
Contact STARLINK-2214 - STARLINK-11072 [DTC],2664.841,83735.159,3.0843%,3,
Contact STARLINK-2214 - STARLINK-5176,899.908,85500.092,1.0416%,3,
Contact STARLINK-2214 - STARLINK-2042,77531.556,8868.444,89.7356%,7,
Contact STARLINK-2214 - STARLINK-5503,1774.787,84625.213,2.0542%,3,
Contact STARLINK-2214 - STARLINK-6319,86400.000,0.000,100.0000%,1,
Contact STARLINK-2214 - STARLINK-4522,0.000,86400.000,0.0000%,0,
Contact STARLINK-2214 - MoonARTEMIS1,64804.974,21595.026,75.0058%,10,
Contact STARLINK-2214 - MoonARTEMIS2,65525.114,20874.886,75.8393%,10,
Contact STARLINK-2214 - MoonIOAGEO,59216.071,27183.929,68.5371%,10,
Contact STARLINK-2214 - MoonIOAGNO,68016.413,18383.587,78.7227%,10,
Contact STARLINK-2214 - MoonIOAGNO 0001,68020.775,18379.225,78.7277%,10,
Contact STARLINK-2214 - MoonIOAGSO,66828.669,19571.331,77.3480%,10,
Contact STARLINK-2214 - MoonIOAGSO 0001,68088.586,18311.414,78.8062%,10,
Contact STARLINK-2214 - MoonLRO,17321.169,69078.831,20.0476%,8,
Contact STARLINK-2214 - MarsSat1,83934.768,2465.232,97.1467%,4,
Contact STARLINK-2214 - MarsSat2,83933.497,2466.503,97.1453%,4,
Contact STARLINK-2214 - MarsSat3,83934.355,2465.645,97.1462%,4,
Contact STARLINK-2214 - MarsSat4,83934.723,2465.277,97.1467%,4,
Contact STARLINK-5737 - STARLINK-3506,0.000,86400.000,0.0000%,0,
Contact STARLINK-5737 - STARLINK-11136 [DTC],0.000,86400.000,0.0000%,0,
Contact STARLINK-5737 - STARLINK-31325,0.000,86400.000,0.0000%,0,
Contact STARLINK-5737 - STARLINK-5628,0.000,86400.000,0.0000%,0,
Contact STARLINK-5737 - STARLINK-5231,0.000,86400.000,0.0000%,0,
Contact STARLINK-5737 - STARLINK-11092 [DTC],2381.312,84018.688,2.7561%,3,
Contact STARLINK-5737 - STARLINK-11072 [DTC],845.469,85554.531,0.9786%,1,
Contact STARLINK-5737 - STARLINK-5176,0.000,86400.000,0.0000%,0,
Contact STARLINK-5737 - STARLINK-2042,0.000,86400.000,0.0000%,0,
Contact STARLINK-5737 - STARLINK-5503,0.000,86400.000,0.0000%,0,
Contact STARLINK-5737 - STARLINK-6319,0.000,86400.000,0.0000%,0,
Contact STARLINK-5737 - STARLINK-4522,0.000,86400.000,0.0000%,0,
Contact STARLINK-5737 - MoonARTEMIS1,66514.510,19885.490,76.9844%,9,
Contact STARLINK-5737 - MoonARTEMIS2,66954.137,19445.863,77.4932%,9,
Contact STARLINK-5737 - MoonIOAGEO,58513.732,27886.268,67.7242%,9,
Contact STARLINK-5737 - MoonIOAGNO,66947.971,19452.029,77.4861%,9,
Contact STARLINK-5737 - MoonIOAGNO 0001,66941.999,19458.001,77.4792%,9,
Contact STARLINK-5737 - MoonIOAGSO,65018.669,21381.331,75.2531%,9,
Contact STARLINK-5737 - MoonIOAGSO 0001,65292.345,21107.655,75.5698%,9,
Contact STARLINK-5737 - MoonLRO,31133.421,55266.579,36.0341%,7,
Contact STARLINK-5737 - MarsSat1,67234.258,19165.742,77.8174%,10,
Contact STARLINK-5737 - MarsSat2,67234.199,19165.801,77.8174%,10,
Contact STARLINK-5737 - MarsSat3,67234.252,19165.748,77.8174%,10,
Contact STARLINK-5737 - MarsSat4,67234.285,19165.715,77.8175%,10,
Contact STARLINK-3506 - STARLINK-11136 [DTC],1066.704,85333.296,1.2346%,2,
Contact STARLINK-3506 - STARLINK-31325,624.319,85775.681,0.7226%,1,
Contact STARLINK-3506 - STARLINK-5628,387.960,86012.040,0.4490%,1,
Contact STARLINK-3506 - STARLINK-5231,0.000,86400.000,0.0000%,0,
Contact STARLINK-3506 - STARLINK-11092 [DTC],0.000,86400.000,0.0000%,0,
Contact STARLINK-3506 - STARLINK-11072 [DTC],4561.285,81838.715,5.2793%,2,
Contact STARLINK-3506 - STARLINK-5176,86400.000,0.000,100.0000%,1,
Contact STARLINK-3506 - STARLINK-2042,3188.184,83211.816,3.6900%,5,
Contact STARLINK-3506 - STARLINK-5503,0.000,86400.000,0.0000%,0,
Contact STARLINK-3506 - STARLINK-6319,0.000,86400.000,0.0000%,0,
Contact STARLINK-3506 - STARLINK-4522,4239.937,82160.063,4.9073%,6,
Contact STARLINK-3506 - MoonARTEMIS1,67152.209,19247.791,77.7225%,8,
Contact STARLINK-3506 - MoonARTEMIS2,66924.491,19475.509,77.4589%,10,
Contact STARLINK-3506 - MoonIOAGEO,62230.728,24169.272,72.0263%,9,
Contact STARLINK-3506 - MoonIOAGNO,68209.700,18190.300,78.9464%,10,
Contact STARLINK-3506 - MoonIOAGNO 0001,70205.818,16194.182,81.2567%,9,
Contact STARLINK-3506 - MoonIOAGSO,68355.848,18044.152,79.1156%,9,
Contact STARLINK-3506 - MoonIOAGSO 0001,66414.496,19985.504,76.8686%,10,
Contact STARLINK-3506 - MoonLRO,22426.683,63973.317,25.9568%,7,
Contact STARLINK-3506 - MarsSat1,70451.081,15948.919,81.5406%,8,
Contact STARLINK-3506 - MarsSat2,70451.040,15948.960,81.5406%,8,
Contact STARLINK-3506 - MarsSat3,70451.152,15948.848,81.5407%,8,
Contact STARLINK-3506 - MarsSat4,70451.110,15948.890,81.5406%,8,
Contact STARLINK-11136 [DTC] - STARLINK-31325,2635.851,83764.149,3.0508%,4,
Contact STARLINK-11136 [DTC] - STARLINK-5628,28996.315,57403.685,33.5606%,1,
Contact STARLINK-11136 [DTC] - STARLINK-5231,1585.668,84814.332,1.8353%,2,
Contact STARLINK-11136 [DTC] - STARLINK-11092 [DTC],0.000,86400.000,0.0000%,0,
Contact STARLINK-11136 [DTC] - STARLINK-11072 [DTC],0.000,86400.000,0.0000%,0,
Contact STARLINK-11136 [DTC] - STARLINK-5176,2098.792,84301.208,2.4292%,4,
Contact STARLINK-11136 [DTC] - STARLINK-2042,5121.412,81278.588,5.9276%,3,
Contact STARLINK-11136 [DTC] - STARLINK-5503,19894.788,66505.212,23.0264%,2,
Contact STARLINK-11136 [DTC] - STARLINK-6319,5476.774,80923.226,6.3389%,3,
Contact STARLINK-11136 [DTC] - STARLINK-4522,10814.569,75585.431,12.5169%,2,
Contact STARLINK-11136 [DTC] - MoonARTEMIS1,66872.321,19527.679,77.3985%,8,
Contact STARLINK-11136 [DTC] - MoonARTEMIS2,67278.426,19121.574,77.8685%,9,
Contact STARLINK-11136 [DTC] - MoonIOAGEO,58617.498,27782.502,67.8443%,9,
Contact STARLINK-11136 [DTC] - MoonIOAGNO,69645.975,16754.025,80.6088%,9,
Contact STARLINK-11136 [DTC] - MoonIOAGNO 0001,69639.783,16760.217,80.6016%,9,
Contact STARLINK-11136 [DTC] - MoonIOAGSO,69070.469,17329.531,79.9427%,9,
Contact STARLINK-11136 [DTC] - MoonIOAGSO 0001,69161.605,17238.395,80.0482%,9,
Contact STARLINK-11136 [DTC] - MoonLRO,28108.828,58291.172,32.5334%,8,
Contact STARLINK-11136 [DTC] - MarsSat1,62922.398,23477.602,72.8268%,9,
Contact STARLINK-11136 [DTC] - MarsSat2,62922.819,23477.181,72.8273%,9,
Contact STARLINK-11136 [DTC] - MarsSat3,62922.506,23477.494,72.8270%,9,
Contact STARLINK-11136 [DTC] - MarsSat4,62922.436,23477.564,72.8269%,9,
Contact STARLINK-31325 - STARLINK-5628,8280.742,78119.258,9.5842%,3,
Contact STARLINK-31325 - STARLINK-5231,0.000,86400.000,0.0000%,0,
Contact STARLINK-31325 - STARLINK-11092 [DTC],449.879,85950.121,0.5207%,1,
Contact STARLINK-31325 - STARLINK-11072 [DTC],35510.214,50889.786,41.0998%,1,
Contact STARLINK-31325 - STARLINK-5176,10912.081,75487.919,12.6297%,2,
Contact STARLINK-31325 - STARLINK-2042,69107.822,17292.178,79.9859%,1,
Contact STARLINK-31325 - STARLINK-5503,0.000,86400.000,0.0000%,0,
Contact STARLINK-31325 - STARLINK-6319,78280.775,8119.225,90.6027%,1,
Contact STARLINK-31325 - STARLINK-4522,0.000,86400.000,0.0000%,0,
Contact STARLINK-31325 - MoonARTEMIS1,66493.268,19906.732,76.9598%,9,
Contact STARLINK-31325 - MoonARTEMIS2,67516.888,18883.112,78.1445%,9,
Contact STARLINK-31325 - MoonIOAGEO,63068.394,23331.606,72.9958%,8,
Contact STARLINK-31325 - MoonIOAGNO,69897.432,16502.568,80.8998%,9,
Contact STARLINK-31325 - MoonIOAGNO 0001,69886.874,16513.126,80.8876%,9,
Contact STARLINK-31325 - MoonIOAGSO,69154.524,17245.476,80.0400%,9,
Contact STARLINK-31325 - MoonIOAGSO 0001,69828.471,16571.529,80.8200%,9,
Contact STARLINK-31325 - MoonLRO,26516.551,59883.449,30.6905%,9,
Contact STARLINK-31325 - MarsSat1,68872.559,17527.441,79.7136%,9,
Contact STARLINK-31325 - MarsSat2,68872.432,17527.568,79.7135%,9,
Contact STARLINK-31325 - MarsSat3,68872.502,17527.498,79.7135%,9,
Contact STARLINK-31325 - MarsSat4,68872.568,17527.432,79.7136%,9,
Contact STARLINK-5628 - STARLINK-5231,0.000,86400.000,0.0000%,0,
Contact STARLINK-5628 - STARLINK-11092 [DTC],491.031,85908.969,0.5683%,1,
Contact STARLINK-5628 - STARLINK-11072 [DTC],1682.050,84717.950,1.9468%,2,
Contact STARLINK-5628 - STARLINK-5176,3031.746,83368.254,3.5090%,4,
Contact STARLINK-5628 - STARLINK-2042,3116.130,83283.870,3.6066%,4,
Contact STARLINK-5628 - STARLINK-5503,0.000,86400.000,0.0000%,0,
Contact STARLINK-5628 - STARLINK-6319,0.000,86400.000,0.0000%,0,
Contact STARLINK-5628 - STARLINK-4522,60.625,86339.375,0.0702%,1,
Contact STARLINK-5628 - MoonARTEMIS1,66314.824,20085.176,76.7533%,9,
Contact STARLINK-5628 - MoonARTEMIS2,67364.614,19035.386,77.9683%,9,
Contact STARLINK-5628 - MoonIOAGEO,58606.772,27793.228,67.8319%,10,
Contact STARLINK-5628 - MoonIOAGNO,69801.407,16598.593,80.7887%,9,
Contact STARLINK-5628 - MoonIOAGNO 0001,69806.989,16593.011,80.7951%,9,
Contact STARLINK-5628 - MoonIOAGSO,68481.641,17918.359,79.2612%,9,
Contact STARLINK-5628 - MoonIOAGSO 0001,69398.461,17001.539,80.3223%,9,
Contact STARLINK-5628 - MoonLRO,28361.961,58038.039,32.8263%,8,
Contact STARLINK-5628 - MarsSat1,67724.810,18675.190,78.3852%,9,
Contact STARLINK-5628 - MarsSat2,67725.196,18674.804,78.3856%,9,
Contact STARLINK-5628 - MarsSat3,67724.835,18675.165,78.3852%,9,
Contact STARLINK-5628 - MarsSat4,67724.752,18675.248,78.3851%,9,
Contact STARLINK-5231 - STARLINK-11092 [DTC],2676.349,83723.651,3.0976%,3,
Contact STARLINK-5231 - STARLINK-11072 [DTC],26756.064,59643.936,30.9677%,3,
Contact STARLINK-5231 - STARLINK-5176,0.000,86400.000,0.0000%,0,
Contact STARLINK-5231 - STARLINK-2042,0.000,86400.000,0.0000%,0,
Contact STARLINK-5231 - STARLINK-5503,82367.582,4032.418,95.3328%,7,
Contact STARLINK-5231 - STARLINK-6319,0.000,86400.000,0.0000%,0,
Contact STARLINK-5231 - STARLINK-4522,0.000,86400.000,0.0000%,0,
Contact STARLINK-5231 - MoonARTEMIS1,70505.235,15894.765,81.6033%,9,
Contact STARLINK-5231 - MoonARTEMIS2,69405.022,16994.978,80.3299%,9,
Contact STARLINK-5231 - MoonIOAGEO,62341.277,24058.723,72.1543%,9,
Contact STARLINK-5231 - MoonIOAGNO,70823.966,15576.034,81.9722%,9,
Contact STARLINK-5231 - MoonIOAGNO 0001,70828.114,15571.886,81.9770%,9,
Contact STARLINK-5231 - MoonIOAGSO,68341.304,18058.696,79.0987%,9,
Contact STARLINK-5231 - MoonIOAGSO 0001,69840.025,16559.975,80.8334%,9,
Contact STARLINK-5231 - MoonLRO,32926.547,53473.453,38.1094%,7,
Contact STARLINK-5231 - MarsSat1,71274.913,15125.087,82.4941%,9,
Contact STARLINK-5231 - MarsSat2,71275.097,15124.903,82.4943%,9,
Contact STARLINK-5231 - MarsSat3,71274.988,15125.012,82.4942%,9,
Contact STARLINK-5231 - MarsSat4,71274.986,15125.014,82.4942%,9,
Contact STARLINK-11092 [DTC] - STARLINK-11072 [DTC],0.000,86400.000,0.0000%,0,
Contact STARLINK-11092 [DTC] - STARLINK-5176,0.000,86400.000,0.0000%,0,
Contact STARLINK-11092 [DTC] - STARLINK-2042,4162.129,82237.871,4.8173%,1,
Contact STARLINK-11092 [DTC] - STARLINK-5503,5165.174,81234.826,5.9782%,3,
Contact STARLINK-11092 [DTC] - STARLINK-6319,12457.515,73942.485,14.4184%,1,
Contact STARLINK-11092 [DTC] - STARLINK-4522,26260.774,60139.226,30.3944%,1,
Contact STARLINK-11092 [DTC] - MoonARTEMIS1,55149.332,31250.668,63.8302%,9,
Contact STARLINK-11092 [DTC] - MoonARTEMIS2,57902.190,28497.810,67.0164%,9,
Contact STARLINK-11092 [DTC] - MoonIOAGEO,55600.141,30799.859,64.3520%,9,
Contact STARLINK-11092 [DTC] - MoonIOAGNO,57905.765,28494.235,67.0206%,9,
Contact STARLINK-11092 [DTC] - MoonIOAGNO 0001,57900.382,28499.618,67.0143%,9,
Contact STARLINK-11092 [DTC] - MoonIOAGSO,56870.010,29529.990,65.8218%,9,
Contact STARLINK-11092 [DTC] - MoonIOAGSO 0001,57400.407,28999.593,66.4357%,9,
Contact STARLINK-11092 [DTC] - MoonLRO,30032.670,56367.330,34.7600%,8,
Contact STARLINK-11092 [DTC] - MarsSat1,63795.608,22604.392,73.8375%,9,
Contact STARLINK-11092 [DTC] - MarsSat2,63795.179,22604.821,73.8370%,9,
Contact STARLINK-11092 [DTC] - MarsSat3,63795.539,22604.461,73.8374%,9,
Contact STARLINK-11092 [DTC] - MarsSat4,63795.525,22604.475,73.8374%,9,
Contact STARLINK-11072 [DTC] - STARLINK-5176,15309.420,71090.580,17.7192%,1,
Contact STARLINK-11072 [DTC] - STARLINK-2042,29139.087,57260.913,33.7258%,1,
Contact STARLINK-11072 [DTC] - STARLINK-5503,5020.648,81379.352,5.8109%,3,
Contact STARLINK-11072 [DTC] - STARLINK-6319,23736.905,62663.095,27.4733%,1,
Contact STARLINK-11072 [DTC] - STARLINK-4522,610.765,85789.235,0.7069%,1,
Contact STARLINK-11072 [DTC] - MoonARTEMIS1,69555.327,16844.673,80.5039%,8,
Contact STARLINK-11072 [DTC] - MoonARTEMIS2,69337.199,17062.801,80.2514%,9,
Contact STARLINK-11072 [DTC] - MoonIOAGEO,60154.577,26245.423,69.6234%,9,
Contact STARLINK-11072 [DTC] - MoonIOAGNO,71190.077,15209.923,82.3959%,9,
Contact STARLINK-11072 [DTC] - MoonIOAGNO 0001,71183.951,15216.049,82.3888%,9,
Contact STARLINK-11072 [DTC] - MoonIOAGSO,71030.861,15369.139,82.2116%,9,
Contact STARLINK-11072 [DTC] - MoonIOAGSO 0001,71047.160,15352.840,82.2305%,9,
Contact STARLINK-11072 [DTC] - MoonLRO,27871.636,58528.364,32.2588%,8,
Contact STARLINK-11072 [DTC] - MarsSat1,62683.381,23716.619,72.5502%,9,
Contact STARLINK-11072 [DTC] - MarsSat2,62683.474,23716.526,72.5503%,9,
Contact STARLINK-11072 [DTC] - MarsSat3,62683.362,23716.638,72.5502%,9,
Contact STARLINK-11072 [DTC] - MarsSat4,62683.430,23716.570,72.5503%,9,
Contact STARLINK-5176 - STARLINK-2042,15647.671,70752.329,18.1107%,7,
Contact STARLINK-5176 - STARLINK-5503,0.000,86400.000,0.0000%,0,
Contact STARLINK-5176 - STARLINK-6319,825.787,85574.213,0.9558%,2,
Contact STARLINK-5176 - STARLINK-4522,0.000,86400.000,0.0000%,0,
Contact STARLINK-5176 - MoonARTEMIS1,74293.055,12106.945,85.9873%,6,
Contact STARLINK-5176 - MoonARTEMIS2,75245.267,11154.733,87.0894%,7,
Contact STARLINK-5176 - MoonIOAGEO,67068.163,19331.837,77.6252%,8,
Contact STARLINK-5176 - MoonIOAGNO,77241.206,9158.794,89.3995%,7,
Contact STARLINK-5176 - MoonIOAGNO 0001,77213.066,9186.934,89.3670%,7,
Contact STARLINK-5176 - MoonIOAGSO,76877.933,9522.067,88.9791%,7,
Contact STARLINK-5176 - MoonIOAGSO 0001,75291.495,11108.505,87.1429%,7,
Contact STARLINK-5176 - MoonLRO,32142.269,54257.731,37.2017%,8,
Contact STARLINK-5176 - MarsSat1,70472.953,15927.047,81.5659%,8,
Contact STARLINK-5176 - MarsSat2,70473.283,15926.717,81.5663%,8,
Contact STARLINK-5176 - MarsSat3,70472.954,15927.046,81.5659%,8,
Contact STARLINK-5176 - MarsSat4,70472.955,15927.045,81.5659%,8,
Contact STARLINK-2042 - STARLINK-5503,0.000,86400.000,0.0000%,0,
Contact STARLINK-2042 - STARLINK-6319,86400.000,0.000,100.0000%,1,
Contact STARLINK-2042 - STARLINK-4522,0.000,86400.000,0.0000%,0,
Contact STARLINK-2042 - MoonARTEMIS1,64221.592,22178.408,74.3305%,10,
Contact STARLINK-2042 - MoonARTEMIS2,64909.646,21490.354,75.1269%,10,
Contact STARLINK-2042 - MoonIOAGEO,58625.610,27774.390,67.8537%,10,
Contact STARLINK-2042 - MoonIOAGNO,69535.806,16864.194,80.4813%,9,
Contact STARLINK-2042 - MoonIOAGNO 0001,67456.935,18943.065,78.0752%,10,
Contact STARLINK-2042 - MoonIOAGSO,66323.797,20076.203,76.7637%,10,
Contact STARLINK-2042 - MoonIOAGSO 0001,67425.360,18974.640,78.0386%,10,
Contact STARLINK-2042 - MoonLRO,18814.994,67585.006,21.7766%,7,
Contact STARLINK-2042 - MarsSat1,71514.375,14885.625,82.7713%,8,
Contact STARLINK-2042 - MarsSat2,71514.056,14885.944,82.7709%,8,
Contact STARLINK-2042 - MarsSat3,71514.246,14885.754,82.7711%,8,
Contact STARLINK-2042 - MarsSat4,71514.339,14885.661,82.7712%,8,
Contact STARLINK-5503 - STARLINK-6319,0.000,86400.000,0.0000%,0,
Contact STARLINK-5503 - STARLINK-4522,0.000,86400.000,0.0000%,0,
Contact STARLINK-5503 - MoonARTEMIS1,67125.830,19274.170,77.6919%,9,
Contact STARLINK-5503 - MoonARTEMIS2,66111.778,20288.222,76.5183%,9,
Contact STARLINK-5503 - MoonIOAGEO,59262.883,27137.117,68.5913%,9,
Contact STARLINK-5503 - MoonIOAGNO,67122.021,19277.979,77.6875%,9,
Contact STARLINK-5503 - MoonIOAGNO 0001,67132.844,19267.156,77.7001%,9,
Contact STARLINK-5503 - MoonIOAGSO,65045.718,21354.282,75.2844%,9,
Contact STARLINK-5503 - MoonIOAGSO 0001,66529.466,19870.534,77.0017%,9,
Contact STARLINK-5503 - MoonLRO,31192.463,55207.537,36.1024%,7,
Contact STARLINK-5503 - MarsSat1,67411.401,18988.599,78.0225%,10,
Contact STARLINK-5503 - MarsSat2,67411.246,18988.754,78.0223%,10,
Contact STARLINK-5503 - MarsSat3,67411.387,18988.613,78.0224%,10,
Contact STARLINK-5503 - MarsSat4,67411.387,18988.613,78.0224%,10,
Contact STARLINK-6319 - STARLINK-4522,0.000,86400.000,0.0000%,0,
Contact STARLINK-6319 - MoonARTEMIS1,64101.706,22298.294,74.1918%,10,
Contact STARLINK-6319 - MoonARTEMIS2,64736.216,21663.784,74.9262%,10,
Contact STARLINK-6319 - MoonIOAGEO,58537.936,27862.064,67.7522%,10,
Contact STARLINK-6319 - MoonIOAGNO,67052.883,19347.117,77.6075%,10,
Contact STARLINK-6319 - MoonIOAGNO 0001,67056.629,19343.371,77.6118%,10,
Contact STARLINK-6319 - MoonIOAGSO,65754.246,20645.754,76.1045%,10,
Contact STARLINK-6319 - MoonIOAGSO 0001,67031.202,19368.798,77.5824%,10,
Contact STARLINK-6319 - MoonLRO,17051.801,69348.199,19.7359%,8,
Contact STARLINK-6319 - MarsSat1,68344.392,18055.608,79.1023%,10,
Contact STARLINK-6319 - MarsSat2,68343.928,18056.072,79.1018%,10,
Contact STARLINK-6319 - MarsSat3,68344.249,18055.751,79.1021%,10,
Contact STARLINK-6319 - MarsSat4,68344.299,18055.701,79.1022%,10,
Contact STARLINK-4522 - MoonARTEMIS1,63842.581,22557.419,73.8919%,9,
Contact STARLINK-4522 - MoonARTEMIS2,66700.430,19699.570,77.1996%,10,
Contact STARLINK-4522 - MoonIOAGEO,61712.924,24687.076,71.4270%,9,
Contact STARLINK-4522 - MoonIOAGNO,67379.452,19020.548,77.9855%,10,
Contact STARLINK-4522 - MoonIOAGNO 0001,67392.045,19007.955,78.0001%,10,
Contact STARLINK-4522 - MoonIOAGSO,66168.420,20231.580,76.5838%,10,
Contact STARLINK-4522 - MoonIOAGSO 0001,65354.861,21045.139,75.6422%,10,
Contact STARLINK-4522 - MoonLRO,27128.923,59271.077,31.3992%,9,
Contact STARLINK-4522 - MarsSat1,78266.386,8133.614,90.5861%,7,
Contact STARLINK-4522 - MarsSat2,78264.762,8135.238,90.5842%,7,
Contact STARLINK-4522 - MarsSat3,78265.866,8134.134,90.5855%,7,
Contact STARLINK-4522 - MarsSat4,78265.918,8134.082,90.5856%,7,
Contact MoonARTEMIS1 - MoonARTEMIS2,73350.675,13049.325,84.8966%,2,
Contact MoonARTEMIS1 - MoonIOAGEO,77029.625,9370.375,89.1547%,3,
Contact MoonARTEMIS1 - MoonIOAGNO,80275.951,6124.049,92.9120%,3,
Contact MoonARTEMIS1 - MoonIOAGNO 0001,82610.384,3789.616,95.6139%,2,
Contact MoonARTEMIS1 - MoonIOAGSO,82541.115,3858.885,95.5337%,2,
Contact MoonARTEMIS1 - MoonIOAGSO 0001,86400.000,0.000,100.0000%,1,
Contact MoonARTEMIS1 - MoonLRO,51362.295,35037.705,59.4471%,10,
Contact MoonARTEMIS1 - MarsSat1,83067.940,3332.060,96.1434%,2,
Contact MoonARTEMIS1 - MarsSat2,83068.092,3331.908,96.1436%,2,
Contact MoonARTEMIS1 - MarsSat3,83068.145,3331.855,96.1437%,2,
Contact MoonARTEMIS1 - MarsSat4,83068.019,3331.981,96.1435%,2,
Contact MoonARTEMIS2 - MoonIOAGEO,68476.169,17923.831,79.2548%,4,
Contact MoonARTEMIS2 - MoonIOAGNO,82948.202,3451.798,96.0049%,2,
Contact MoonARTEMIS2 - MoonIOAGNO 0001,77080.879,9319.121,89.2140%,2,
Contact MoonARTEMIS2 - MoonIOAGSO,83367.944,3032.056,96.4907%,2,
Contact MoonARTEMIS2 - MoonIOAGSO 0001,84000.065,2399.935,97.2223%,2,
Contact MoonARTEMIS2 - MoonLRO,56439.793,29960.207,65.3238%,9,
Contact MoonARTEMIS2 - MarsSat1,84057.357,2342.643,97.2886%,2,
Contact MoonARTEMIS2 - MarsSat2,84057.581,2342.419,97.2889%,2,
Contact MoonARTEMIS2 - MarsSat3,84057.506,2342.494,97.2888%,2,
Contact MoonARTEMIS2 - MarsSat4,84057.463,2342.537,97.2887%,2,
Contact MoonIOAGEO - MoonIOAGNO,75613.213,10786.787,87.5153%,3,
Contact MoonIOAGEO - MoonIOAGNO 0001,86400.000,0.000,100.0000%,1,
Contact MoonIOAGEO - MoonIOAGSO,86400.000,0.000,100.0000%,1,
Contact MoonIOAGEO - MoonIOAGSO 0001,86400.000,0.000,100.0000%,1,
Contact MoonIOAGEO - MoonLRO,37923.268,48476.732,43.8927%,10,
Contact MoonIOAGEO - MarsSat1,78611.630,7788.370,90.9857%,2,
Contact MoonIOAGEO - MarsSat2,78612.328,7787.672,90.9865%,2,
Contact MoonIOAGEO - MarsSat3,78611.536,7788.464,90.9856%,2,
Contact MoonIOAGEO - MarsSat4,78611.272,7788.728,90.9853%,2,
Contact MoonIOAGNO - MoonIOAGNO 0001,75482.829,10917.171,87.3644%,5,
Contact MoonIOAGNO - MoonIOAGSO,80784.797,5615.203,93.5009%,3,
Contact MoonIOAGNO - MoonIOAGSO 0001,69023.086,17376.914,79.8878%,2,
Contact MoonIOAGNO - MoonLRO,40709.316,45690.684,47.1173%,10,
Contact MoonIOAGNO - MarsSat1,86400.000,0.000,100.0000%,1,
Contact MoonIOAGNO - MarsSat2,86400.000,0.000,100.0000%,1,
Contact MoonIOAGNO - MarsSat3,86400.000,0.000,100.0000%,1,
Contact MoonIOAGNO - MarsSat4,86400.000,0.000,100.0000%,1,
Contact MoonIOAGNO 0001 - MoonIOAGSO,69028.172,17371.828,79.8937%,3,
Contact MoonIOAGNO 0001 - MoonIOAGSO 0001,80784.783,5615.217,93.5009%,3,
Contact MoonIOAGNO 0001 - MoonLRO,36359.455,50040.545,42.0827%,10,
Contact MoonIOAGNO 0001 - MarsSat1,86400.000,0.000,100.0000%,1,
Contact MoonIOAGNO 0001 - MarsSat2,86400.000,0.000,100.0000%,1,
Contact MoonIOAGNO 0001 - MarsSat3,86400.000,0.000,100.0000%,1,
Contact MoonIOAGNO 0001 - MarsSat4,86400.000,0.000,100.0000%,1,
Contact MoonIOAGSO - MoonIOAGSO 0001,75482.829,10917.171,87.3644%,5,
Contact MoonIOAGSO - MoonLRO,41918.448,44481.552,48.5167%,11,
Contact MoonIOAGSO - MarsSat1,78911.829,7488.171,91.3331%,3,
Contact MoonIOAGSO - MarsSat2,78911.842,7488.158,91.3332%,3,
Contact MoonIOAGSO - MarsSat3,78911.926,7488.074,91.3332%,3,
Contact MoonIOAGSO - MarsSat4,78912.047,7487.953,91.3334%,3,
Contact MoonIOAGSO 0001 - MoonLRO,43503.999,42896.001,50.3519%,11,
Contact MoonIOAGSO 0001 - MarsSat1,78919.642,7480.358,91.3422%,3,
Contact MoonIOAGSO 0001 - MarsSat2,78919.914,7480.086,91.3425%,3,
Contact MoonIOAGSO 0001 - MarsSat3,78919.723,7480.277,91.3423%,3,
Contact MoonIOAGSO 0001 - MarsSat4,78919.615,7480.385,91.3421%,3,
Contact MoonLRO - MarsSat1,64351.160,22048.840,74.4805%,9,
Contact MoonLRO - MarsSat2,64350.069,22049.931,74.4792%,9,
Contact MoonLRO - MarsSat3,64350.607,22049.393,74.4799%,9,
Contact MoonLRO - MarsSat4,64350.989,22049.011,74.4803%,9,
Contact MarsSat1 - MarsSat2,78665.724,7734.276,91.0483%,2,
Contact MarsSat1 - MarsSat3,86400.000,0.000,100.0000%,1,
Contact MarsSat1 - MarsSat4,82902.070,3497.930,95.9515%,2,
Contact MarsSat2 - MarsSat3,86400.000,0.000,100.0000%,1,
Contact MarsSat2 - MarsSat4,84094.614,2305.386,97.3317%,1,
Contact MarsSat3 - MarsSat4,74008.045,12391.955,85.6575%,3,
