sl_100_86400_20250308 Contact Analysis.csv
2025/03/08 07:47:00.0000 UTC

Generated: Tue Oct  8 16:20:10 2024,
Start: 2025/03/08 07:47:00.00, Stop: 2025/03/09 07:47:00.00,
Analysis,Rise,Set,Duration,
ID,SECONDS,SECONDS,SECONDS,
Contact STARLINK-5740 - STARLINK-3104,46752.435,47446.861,694.426,
Contact STARLINK-5740 - STARLINK-3104,61011.158,64851.250,3840.092,
Contact STARLINK-5740 - STARLINK-3104,75327.224,79343.166,4015.943,
Contact STARLINK-5740 - STARLINK-1911,0.000,86400.000,86400.000,
Contact STARLINK-5740 - STARLINK-2022,35978.084,39612.314,3634.230,
Contact STARLINK-5740 - STARLINK-2022,50212.307,54017.341,3805.034,
Contact STARLINK-5740 - STARLINK-2022,64491.696,68450.293,3958.597,
Contact STARLINK-5740 - STARLINK-2022,78753.476,85736.252,6982.776,
Contact STARLINK-5740 - STARLINK-1598,6726.744,7810.570,1083.826,
Contact STARLINK-5740 - STARLINK-1598,15117.403,28178.114,13060.711,
Contact STARLINK-5740 - STARLINK-1598,29181.514,42685.487,13503.973,
Contact STARLINK-5740 - STARLINK-1598,43227.787,86400.000,43172.213,
Contact STARLINK-5740 - STARLINK-4793,145.150,10543.287,10398.136,
Contact STARLINK-5740 - STARLINK-4793,14461.527,24856.030,10394.503,
Contact STARLINK-5740 - STARLINK-4793,31662.568,39173.866,7511.298,
Contact STARLINK-5740 - STARLINK-4793,40275.940,53468.279,13192.340,
Contact STARLINK-5740 - STARLINK-4793,54617.528,67769.144,13151.616,
Contact STARLINK-5740 - STARLINK-4793,68983.853,76333.439,7349.586,
Contact STARLINK-5740 - STARLINK-4793,83341.663,86400.000,3058.337,
Contact STARLINK-5740 - STARLINK-31405,31824.981,32584.067,759.086,
Contact STARLINK-5740 - STARLINK-31405,43039.587,46897.800,3858.214,
Contact STARLINK-5740 - STARLINK-31405,57161.282,58268.079,1106.797,
Contact STARLINK-5740 - STARLINK-31405,71383.373,72389.178,1005.805,
Contact STARLINK-5740 - STARLINK-1711,0.000,86400.000,86400.000,
Contact STARLINK-5740 - STARLINK-31026,6952.727,10822.759,3870.032,
Contact STARLINK-5740 - STARLINK-31026,21305.082,22304.932,999.850,
Contact STARLINK-5740 - STARLINK-31026,35669.053,36651.670,982.617,
Contact STARLINK-5740 - STARLINK-31026,50021.412,51010.293,988.881,
Contact STARLINK-5740 - STARLINK-31026,64385.456,65356.961,971.505,
Contact STARLINK-5740 - STARLINK-31026,78737.818,79715.548,977.730,
Contact STARLINK-5740 - STARLINK-31139,71497.251,72143.855,646.604,
Contact STARLINK-5740 - STARLINK-31139,82782.734,86400.000,3617.266,
Contact STARLINK-5740 - STARLINK-31192,2859.198,4031.710,1172.511,
Contact STARLINK-5740 - STARLINK-31192,14212.055,18273.767,4061.712,
Contact STARLINK-5740 - STARLINK-31192,28465.761,35280.848,6815.087,
Contact STARLINK-5740 - STARLINK-31192,42781.106,43751.105,969.999,
Contact STARLINK-5740 - STARLINK-31192,57200.371,57777.864,577.493,
Contact STARLINK-5740 - STARLINK-31558,0.000,186.904,186.904,
Contact STARLINK-5740 - STARLINK-31558,10536.134,11468.026,931.892,
Contact STARLINK-5740 - STARLINK-31558,24887.162,25465.343,578.181,
Contact STARLINK-5740 - STARLINK-4006,10458.675,11289.057,830.382,
Contact STARLINK-5740 - STARLINK-4006,24808.078,25584.000,775.922,
Contact STARLINK-5740 - STARLINK-4006,39157.703,39878.502,720.799,
Contact STARLINK-5740 - STARLINK-4006,53515.798,54164.767,648.969,
Contact STARLINK-5740 - STARLINK-4006,67875.253,68449.387,574.134,
Contact STARLINK-5740 - STARLINK-4111,28785.470,29270.365,484.894,
Contact STARLINK-5740 - STARLINK-4111,43076.952,43637.731,560.779,
Contact STARLINK-5740 - STARLINK-4111,57375.163,57998.958,623.795,
Contact STARLINK-5740 - STARLINK-4111,71675.960,72357.008,681.048,
Contact STARLINK-5740 - STARLINK-4111,85981.016,86400.000,418.984,
Contact STARLINK-5740 - STARLINK-31577,0.000,27.977,27.977,
Contact STARLINK-5740 - STARLINK-31128,42955.518,43412.306,456.787,
Contact STARLINK-5740 - STARLINK-31128,57044.262,57819.916,775.654,
Contact STARLINK-5740 - STARLINK-31128,68365.614,72157.403,3791.790,
Contact STARLINK-5740 - STARLINK-31128,82554.664,86400.000,3845.336,
Contact STARLINK-5740 - STARLINK-2466,0.000,205.979,205.979,
Contact STARLINK-5740 - STARLINK-2466,10739.386,14534.979,3795.593,
Contact STARLINK-5740 - STARLINK-2466,25086.096,28863.127,3777.031,
Contact STARLINK-5740 - STARLINK-2466,39433.478,40324.875,891.397,
Contact STARLINK-5740 - STARLINK-2466,53782.232,54651.032,868.800,
Contact STARLINK-5740 - STARLINK-2466,68131.618,68976.342,844.724,
Contact STARLINK-5740 - STARLINK-2466,82482.566,83300.297,817.731,
Contact STARLINK-5740 - STARLINK-2704,7177.643,7746.387,568.744,
Contact STARLINK-5740 - STARLINK-2704,21593.617,21933.228,339.611,
Contact STARLINK-5740 - STARLINK-2367,2989.315,10078.604,7089.289,
Contact STARLINK-5740 - STARLINK-2367,17417.362,18591.150,1173.787,
Contact STARLINK-5740 - STARLINK-2367,31846.352,32787.294,940.942,
Contact STARLINK-5740 - STARLINK-2367,46362.674,46897.951,535.277,
Contact STARLINK-5740 - STARLINK-2476,0.000,419.369,419.369,
Contact STARLINK-5740 - STARLINK-2476,13752.984,14764.620,1011.636,
Contact STARLINK-5740 - STARLINK-2476,28099.752,29109.411,1009.659,
Contact STARLINK-5740 - STARLINK-2476,39577.346,43453.976,3876.630,
Contact STARLINK-5740 - STARLINK-2476,53924.583,57798.085,3873.502,
Contact STARLINK-5740 - STARLINK-2476,68272.294,72141.963,3869.669,
Contact STARLINK-5740 - STARLINK-2476,82620.233,86400.000,3779.767,
Contact STARLINK-5740 - STARLINK-2105,0.000,86400.000,86400.000,
Contact STARLINK-5740 - STARLINK-31536,57365.717,57918.991,553.273,
Contact STARLINK-5740 - STARLINK-31536,71427.813,72288.843,861.030,
Contact STARLINK-5740 - STARLINK-31536,82731.927,86400.000,3668.073,
Contact STARLINK-5740 - STARLINK-11199 [DTC],17634.796,18730.890,1096.094,
Contact STARLINK-5740 - STARLINK-11199 [DTC],31670.703,32762.235,1091.532,
Contact STARLINK-5740 - STARLINK-5849,3376.524,7469.728,4093.204,
Contact STARLINK-5740 - STARLINK-5849,17730.507,21906.355,4175.848,
Contact STARLINK-5740 - STARLINK-5849,32064.239,36328.817,4264.578,
Contact STARLINK-5740 - STARLINK-5849,46423.700,53638.839,7215.139,
Contact STARLINK-5740 - STARLINK-5849,57904.086,68064.871,10160.785,
Contact STARLINK-5740 - STARLINK-5849,72245.640,82480.124,10234.484,
Contact STARLINK-5740 - STARLINK-30100,10419.004,11202.894,783.890,
Contact STARLINK-5740 - STARLINK-30100,24802.080,25536.151,734.071,
Contact STARLINK-5740 - STARLINK-30100,39153.837,39903.745,749.908,
Contact STARLINK-5740 - STARLINK-30100,53538.005,54235.967,697.962,
Contact STARLINK-5740 - STARLINK-30100,67889.463,68603.801,714.338,
Contact STARLINK-5740 - STARLINK-30100,82274.905,82934.806,659.901,
Contact STARLINK-5740 - STARLINK-11101 [DTC],25127.384,25883.652,756.268,
Contact STARLINK-5740 - STARLINK-11101 [DTC],39057.446,40029.572,972.127,
Contact STARLINK-5740 - STARLINK-11101 [DTC],50395.012,51152.474,757.463,
Contact STARLINK-5740 - STARLINK-3525,0.000,86400.000,86400.000,
Contact STARLINK-5740 - STARLINK-5837,3393.890,4274.471,880.582,
Contact STARLINK-5740 - STARLINK-5837,17776.540,18653.990,877.450,
Contact STARLINK-5740 - STARLINK-5837,32152.012,33041.329,889.318,
Contact STARLINK-5740 - STARLINK-5837,46534.918,47420.733,885.815,
Contact STARLINK-5740 - STARLINK-5837,60910.439,61808.159,897.720,
Contact STARLINK-5740 - STARLINK-5837,75293.649,76187.408,893.759,
Contact STARLINK-5740 - STARLINK-31852,63932.803,86400.000,22467.197,
Contact STARLINK-5740 - STARLINK-30879,74977.369,75732.077,754.708,
Contact STARLINK-5740 - STARLINK-30879,86192.793,86400.000,207.207,
Contact STARLINK-5740 - STARLINK-5058,466.802,13904.092,13437.289,
Contact STARLINK-5740 - STARLINK-5058,14794.852,28300.522,13505.670,
Contact STARLINK-5740 - STARLINK-5058,29164.229,42632.476,13468.248,
Contact STARLINK-5740 - STARLINK-5058,43492.506,57028.822,13536.316,
Contact STARLINK-5740 - STARLINK-5058,57861.290,71361.223,13499.933,
Contact STARLINK-5740 - STARLINK-5058,72189.765,85757.522,13567.757,
Contact STARLINK-5740 - STARLINK-5239,0.000,86400.000,86400.000,
Contact STARLINK-5740 - STARLINK-1302,10615.054,11372.065,757.011,
Contact STARLINK-5740 - STARLINK-1302,24971.835,25704.489,732.653,
Contact STARLINK-5740 - STARLINK-1302,39327.458,40037.768,710.310,
Contact STARLINK-5740 - STARLINK-1302,53685.626,54368.814,683.188,
Contact STARLINK-5740 - STARLINK-1302,68042.600,68700.734,658.134,
Contact STARLINK-5740 - STARLINK-1302,82402.411,83030.141,627.730,
Contact STARLINK-5740 - STARLINK-6135,2895.834,3937.098,1041.264,
Contact STARLINK-5740 - STARLINK-6135,14380.835,18291.280,3910.446,
Contact STARLINK-5740 - STARLINK-6135,28739.751,32650.786,3911.035,
Contact STARLINK-5740 - STARLINK-6135,43093.328,47004.976,3911.648,
Contact STARLINK-5740 - STARLINK-6135,57452.223,61364.462,3912.239,
Contact STARLINK-5740 - STARLINK-6135,71805.813,75718.660,3912.848,
Contact STARLINK-5740 - STARLINK-6135,86164.686,86400.000,235.314,
Contact STARLINK-5740 - STARLINK-4356,6764.511,7386.957,622.446,
Contact STARLINK-5740 - STARLINK-4356,21116.766,21798.948,682.181,
Contact STARLINK-5740 - STARLINK-4356,35487.893,36195.455,707.562,
Contact STARLINK-5740 - STARLINK-4356,49841.922,50605.981,764.059,
Contact STARLINK-5740 - STARLINK-4356,64213.630,65002.658,789.029,
Contact STARLINK-5740 - STARLINK-4356,78569.002,79412.144,843.142,
Contact STARLINK-5740 - STARLINK-11265 [DTC],309.790,10409.275,10099.485,
Contact STARLINK-5740 - STARLINK-11265 [DTC],17768.778,18190.970,422.192,
Contact STARLINK-5740 - MoonARTEMIS1,0.000,86400.000,86400.000,
Contact STARLINK-5740 - MoonARTEMIS2,0.000,60063.840,60063.840,
Contact STARLINK-5740 - MoonARTEMIS2,62520.396,86400.000,23879.604,
Contact STARLINK-5740 - MoonIOAGEO,0.000,16206.681,16206.681,
Contact STARLINK-5740 - MoonIOAGEO,20110.591,60369.587,40258.995,
Contact STARLINK-5740 - MoonIOAGEO,63981.945,86400.000,22418.055,
Contact STARLINK-5740 - MoonIOAGNO,0.000,86400.000,86400.000,
Contact STARLINK-5740 - MoonIOAGNO 0001,0.000,86400.000,86400.000,
Contact STARLINK-5740 - MoonIOAGSO,0.000,86400.000,86400.000,
Contact STARLINK-5740 - MoonIOAGSO 0001,0.000,86400.000,86400.000,
Contact STARLINK-5740 - MoonLRO,0.000,86400.000,86400.000,
Contact STARLINK-5740 - MarsSat1,1333.655,86400.000,85066.345,
Contact STARLINK-5740 - MarsSat2,0.000,86400.000,86400.000,
Contact STARLINK-5740 - MarsSat3,0.000,86400.000,86400.000,
Contact STARLINK-5740 - MarsSat4,0.000,86400.000,86400.000,
Contact STARLINK-31163 - STARLINK-6214,50080.290,50608.323,528.033,
Contact STARLINK-31163 - STARLINK-6214,64208.610,64939.191,730.581,
Contact STARLINK-31163 - STARLINK-6214,75530.794,79246.086,3715.291,
Contact STARLINK-31163 - STARLINK-11234 [DTC],24627.894,65334.862,40706.968,
Contact STARLINK-31163 - STARLINK-3393,3119.114,4158.773,1039.659,
Contact STARLINK-31163 - STARLINK-3393,17612.241,18105.875,493.634,
Contact STARLINK-31163 - STARLINK-5809,60299.263,64466.752,4167.490,
Contact STARLINK-31163 - STARLINK-5809,65372.968,86400.000,21027.032,
Contact STARLINK-31163 - STARLINK-3580,3376.955,7273.284,3896.329,
Contact STARLINK-31163 - STARLINK-3580,17662.806,18592.810,930.005,
Contact STARLINK-31163 - STARLINK-3580,31989.017,32708.509,719.492,
Contact STARLINK-31163 - STARLINK-31039,17957.527,18436.893,479.366,
Contact STARLINK-31163 - STARLINK-31039,32095.448,32778.815,683.367,
Contact STARLINK-31163 - STARLINK-31039,46267.512,47085.812,818.300,
Contact STARLINK-31163 - STARLINK-31039,60461.737,61370.845,909.109,
Contact STARLINK-31163 - STARLINK-31039,71831.372,75635.106,3803.735,
Contact STARLINK-31163 - STARLINK-31039,86060.774,86400.000,339.226,
Contact STARLINK-31163 - STARLINK-4216,10191.751,11200.920,1009.170,
Contact STARLINK-31163 - STARLINK-4216,21584.881,25395.654,3810.773,
Contact STARLINK-31163 - STARLINK-4216,35842.714,36742.800,900.086,
Contact STARLINK-31163 - STARLINK-4216,50110.870,50915.194,804.324,
Contact STARLINK-31163 - STARLINK-4216,64406.424,65060.565,654.141,
Contact STARLINK-31163 - STARLINK-3536,6867.334,7441.902,574.568,
Contact STARLINK-31163 - STARLINK-4593,22703.536,86400.000,63696.464,
Contact STARLINK-31163 - STARLINK-30800,10779.025,11171.250,392.225,
Contact STARLINK-31163 - STARLINK-30800,18718.317,86400.000,67681.683,
Contact STARLINK-31163 - STARLINK-31558,78973.853,79730.960,757.108,
Contact STARLINK-31163 - STARLINK-4359,0.000,555.594,555.594,
Contact STARLINK-31163 - STARLINK-4359,14111.089,14626.104,515.015,
Contact STARLINK-31163 - STARLINK-30126,0.000,86400.000,86400.000,
Contact STARLINK-31163 - STARLINK-4299,38951.240,39629.064,677.824,
Contact STARLINK-31163 - STARLINK-4299,50097.988,57017.871,6919.883,
Contact STARLINK-31163 - STARLINK-4299,64132.076,71410.512,7278.436,
Contact STARLINK-31163 - STARLINK-4299,72560.666,85768.544,13207.878,
Contact STARLINK-31163 - STARLINK-3994,78541.645,79717.376,1175.732,
Contact STARLINK-31163 - STARLINK-31295,3543.386,7441.946,3898.560,
Contact STARLINK-31163 - STARLINK-31295,17682.414,18753.799,1071.384,
Contact STARLINK-31163 - STARLINK-31295,31825.231,32891.662,1066.431,
Contact STARLINK-31163 - STARLINK-31295,43137.990,47033.385,3895.396,
Contact STARLINK-31163 - STARLINK-31295,57277.071,58345.202,1068.130,
Contact STARLINK-31163 - STARLINK-31295,71419.941,72483.022,1063.081,
Contact STARLINK-31163 - STARLINK-31295,82732.743,86400.000,3667.257,
Contact STARLINK-31163 - STARLINK-31577,28112.207,86059.176,57946.969,
Contact STARLINK-31163 - STARLINK-5322,7012.740,7855.470,842.730,
Contact STARLINK-31163 - STARLINK-5322,21326.712,22100.396,773.684,
Contact STARLINK-31163 - STARLINK-5322,35660.736,36324.061,663.325,
Contact STARLINK-31163 - STARLINK-5322,50021.969,50522.495,500.526,
Contact STARLINK-31163 - STARLINK-2704,0.000,377.277,377.277,
Contact STARLINK-31163 - STARLINK-2704,13689.008,14507.456,818.448,
Contact STARLINK-31163 - STARLINK-2704,25104.097,25803.102,699.005,
Contact STARLINK-31163 - STARLINK-2704,39389.989,39905.127,515.138,
Contact STARLINK-31163 - STARLINK-2643,68191.662,68949.065,757.404,
Contact STARLINK-31163 - STARLINK-2643,82339.974,83250.836,910.861,
Contact STARLINK-31163 - STARLINK-5807,172.933,7500.116,7327.183,
Contact STARLINK-31163 - STARLINK-3189,39054.130,40218.909,1164.779,
Contact STARLINK-31163 - STARLINK-3189,47380.862,60613.462,13232.600,
Contact STARLINK-31163 - STARLINK-3189,61260.292,86400.000,25139.708,
Contact STARLINK-31163 - STARLINK-5494,39421.994,46344.623,6922.629,
Contact STARLINK-31163 - STARLINK-5494,50433.782,61181.533,10747.751,
Contact STARLINK-31163 - STARLINK-5494,61432.197,86400.000,24967.803,
Contact STARLINK-31163 - STARLINK-30421,17524.810,86400.000,68875.190,
Contact STARLINK-31163 - STARLINK-4338,3228.556,3686.821,458.265,
Contact STARLINK-31163 - STARLINK-4338,43129.172,43707.316,578.144,
Contact STARLINK-31163 - STARLINK-4338,57377.152,58002.236,625.085,
Contact STARLINK-31163 - STARLINK-4338,71632.534,72290.155,657.621,
Contact STARLINK-31163 - STARLINK-4338,85885.399,86400.000,514.601,
Contact STARLINK-31163 - STARLINK-32197,68149.672,69100.396,950.724,
Contact STARLINK-31163 - STARLINK-32197,82029.287,83382.722,1353.435,
Contact STARLINK-31163 - STARLINK-6148,0.000,69430.961,69430.961,
Contact STARLINK-31163 - STARLINK-11101 [DTC],79027.428,79573.653,546.225,
Contact STARLINK-31163 - STARLINK-31853,21558.186,22004.532,446.346,
Contact STARLINK-31163 - STARLINK-31853,35519.959,36181.911,661.953,
Contact STARLINK-31163 - STARLINK-31853,46716.791,47496.285,779.494,
Contact STARLINK-31163 - STARLINK-31853,60733.481,61618.400,884.919,
Contact STARLINK-31163 - STARLINK-31853,71958.909,75724.511,3765.602,
Contact STARLINK-31163 - STARLINK-31853,86004.252,86400.000,395.748,
Contact STARLINK-31163 - STARLINK-4551,6852.610,7804.317,951.707,
Contact STARLINK-31163 - STARLINK-4551,21065.200,22033.665,968.464,
Contact STARLINK-31163 - STARLINK-4551,35291.097,36249.510,958.413,
Contact STARLINK-31163 - STARLINK-4551,46679.957,50455.074,3775.117,
Contact STARLINK-31163 - STARLINK-4551,60926.096,61809.976,883.881,
Contact STARLINK-31163 - STARLINK-4551,75187.533,75990.536,803.003,
Contact STARLINK-31163 - STARLINK-1578,21348.029,22038.520,690.491,
Contact STARLINK-31163 - STARLINK-1578,35495.023,36329.032,834.009,
Contact STARLINK-31163 - STARLINK-1578,49655.608,50606.023,950.415,
Contact STARLINK-31163 - STARLINK-1578,60999.679,64857.979,3858.300,
Contact STARLINK-31163 - STARLINK-1578,75197.602,76250.855,1053.252,
Contact STARLINK-31163 - STARLINK-5289,57440.558,57996.113,555.556,
Contact STARLINK-31163 - STARLINK-5289,71647.541,72339.894,692.353,
Contact STARLINK-31163 - STARLINK-5289,85872.244,86400.000,527.756,
Contact STARLINK-31163 - STARLINK-1666,3191.871,4052.837,860.966,
Contact STARLINK-31163 - STARLINK-1666,17358.756,18347.996,989.240,
Contact STARLINK-31163 - STARLINK-1666,28712.297,32612.544,3900.247,
Contact STARLINK-31163 - STARLINK-1666,42926.996,46860.502,3933.506,
Contact STARLINK-31163 - STARLINK-1666,57158.071,58240.860,1082.789,
Contact STARLINK-31163 - STARLINK-1666,71416.391,72443.956,1027.565,
Contact STARLINK-31163 - STARLINK-1666,85691.777,86400.000,708.223,
Contact STARLINK-31163 - STARLINK-1293,35878.940,36686.169,807.229,
Contact STARLINK-31163 - STARLINK-1293,49945.178,51091.938,1146.759,
Contact STARLINK-31163 - STARLINK-1293,64085.402,65423.326,1337.924,
Contact STARLINK-31163 - STARLINK-1293,72581.727,79717.753,7136.026,
Contact STARLINK-31163 - STARLINK-31345,46725.282,47060.407,335.126,
Contact STARLINK-31163 - STARLINK-31345,60795.617,61228.388,432.770,
Contact STARLINK-31163 - STARLINK-31345,86136.483,86400.000,263.517,
Contact STARLINK-31163 - STARLINK-31690,10133.543,11095.350,961.807,
Contact STARLINK-31163 - STARLINK-31690,21366.253,22374.435,1008.182,
Contact STARLINK-31163 - STARLINK-31690,35423.276,36457.229,1033.954,
Contact STARLINK-31163 - STARLINK-31690,46679.218,50526.664,3847.446,
Contact STARLINK-31163 - STARLINK-31690,60762.057,61769.632,1007.575,
Contact STARLINK-31163 - STARLINK-31690,74864.482,75807.218,942.737,
Contact STARLINK-31163 - STARLINK-31690,86157.911,86400.000,242.089,
Contact STARLINK-31163 - STARLINK-4675,0.000,17905.574,17905.574,
Contact STARLINK-31163 - STARLINK-1788,32865.699,86400.000,53534.301,
Contact STARLINK-31163 - STARLINK-1080,39405.271,40323.140,917.869,
Contact STARLINK-31163 - STARLINK-1080,53469.392,54686.764,1217.372,
Contact STARLINK-31163 - STARLINK-1080,61920.123,69021.123,7101.000,
Contact STARLINK-31163 - STARLINK-1080,76050.349,86162.691,10112.342,
Contact STARLINK-31163 - STARLINK-31554,0.000,6484.751,6484.751,
Contact STARLINK-31163 - STARLINK-31554,7448.660,17782.010,10333.349,
Contact STARLINK-31163 - STARLINK-31554,18665.474,31836.322,13170.847,
Contact STARLINK-31163 - STARLINK-31554,32739.252,43037.739,10298.486,
Contact STARLINK-31163 - STARLINK-31554,46894.185,56999.598,10105.412,
Contact STARLINK-31163 - STARLINK-31554,58250.001,65342.015,7092.014,
Contact STARLINK-31163 - STARLINK-31554,75346.644,79224.634,3877.990,
Contact STARLINK-31163 - STARLINK-4383,3455.861,4103.920,648.058,
Contact STARLINK-31163 - STARLINK-4383,17788.054,18313.727,525.674,
Contact STARLINK-31163 - STARLINK-4383,32155.972,32489.864,333.893,
Contact STARLINK-31163 - STARLINK-5713,6666.852,7490.731,823.879,
Contact STARLINK-31163 - STARLINK-1303,10526.041,11256.535,730.494,
Contact STARLINK-31163 - STARLINK-1303,24552.056,25700.617,1148.560,
Contact STARLINK-31163 - STARLINK-1303,32992.969,40082.335,7089.366,
Contact STARLINK-31163 - STARLINK-1303,47127.872,57254.760,10126.888,
Contact STARLINK-31163 - STARLINK-1303,64154.648,71493.007,7338.359,
Contact STARLINK-31163 - STARLINK-1303,72693.965,85681.611,12987.646,
Contact STARLINK-31163 - STARLINK-11265 [DTC],67771.985,75029.112,7257.128,
Contact STARLINK-31163 - STARLINK-11265 [DTC],75845.205,86144.744,10299.539,
Contact STARLINK-31163 - STARLINK-4612,64316.534,71554.443,7237.909,
Contact STARLINK-31163 - STARLINK-4612,72417.867,86400.000,13982.133,
Contact STARLINK-31163 - STARLINK-5831,0.000,78334.102,78334.102,
Contact STARLINK-31163 - STARLINK-31034,3376.280,7241.592,3865.312,
Contact STARLINK-31163 - STARLINK-31034,17481.817,18550.180,1068.364,
Contact STARLINK-31163 - STARLINK-31034,25952.480,32679.795,6727.315,
Contact STARLINK-31163 - STARLINK-31034,42887.773,49638.316,6750.543,
Contact STARLINK-31163 - STARLINK-31034,56998.715,58120.883,1122.167,
Contact STARLINK-31163 - STARLINK-31034,68291.835,72245.643,3953.808,
Contact STARLINK-31163 - STARLINK-31034,82413.515,83547.610,1134.096,
Contact STARLINK-31163 - STARLINK-31611,0.000,46295.163,46295.163,
Contact STARLINK-31163 - STARLINK-31611,53537.155,54154.760,617.606,
Contact STARLINK-31163 - MoonARTEMIS1,518.678,9691.823,9173.145,
Contact STARLINK-31163 - MoonARTEMIS1,11870.222,21054.721,9184.500,
Contact STARLINK-31163 - MoonARTEMIS1,23236.814,26728.371,3491.557,
Contact STARLINK-31163 - MoonARTEMIS1,34568.620,38059.767,3491.147,
Contact STARLINK-31163 - MoonARTEMIS1,40234.554,49393.724,9159.170,
Contact STARLINK-31163 - MoonARTEMIS1,51568.560,60730.525,9161.964,
Contact STARLINK-31163 - MoonARTEMIS1,62905.293,66400.023,3494.730,
Contact STARLINK-31163 - MoonARTEMIS1,68574.703,77741.452,9166.748,
Contact STARLINK-31163 - MoonARTEMIS1,79915.835,86400.000,6484.165,
Contact STARLINK-31163 - MoonARTEMIS2,587.194,9752.383,9165.189,
Contact STARLINK-31163 - MoonARTEMIS2,11930.322,21092.485,9162.164,
Contact STARLINK-31163 - MoonARTEMIS2,23270.218,26761.401,3491.184,
Contact STARLINK-31163 - MoonARTEMIS2,28938.835,38096.417,9157.582,
Contact STARLINK-31163 - MoonARTEMIS2,40272.789,49425.980,9153.191,
Contact STARLINK-31163 - MoonARTEMIS2,51600.243,59995.764,8395.521,
Contact STARLINK-31163 - MoonARTEMIS2,62935.138,66438.810,3503.672,
Contact STARLINK-31163 - MoonARTEMIS2,68617.494,77800.178,9182.684,
Contact STARLINK-31163 - MoonARTEMIS2,79975.158,86400.000,6424.842,
Contact STARLINK-31163 - MoonIOAGEO,539.602,9701.316,9161.714,
Contact STARLINK-31163 - MoonIOAGEO,11879.166,15378.022,3498.856,
Contact STARLINK-31163 - MoonIOAGEO,23238.337,26735.810,3497.473,
Contact STARLINK-31163 - MoonIOAGEO,28914.647,38072.904,9158.257,
Contact STARLINK-31163 - MoonIOAGEO,40247.803,49401.556,9153.753,
Contact STARLINK-31163 - MoonIOAGEO,51578.639,60113.945,8535.307,
Contact STARLINK-31163 - MoonIOAGEO,64064.555,66435.055,2370.500,
Contact STARLINK-31163 - MoonIOAGEO,68612.976,77783.739,9170.763,
Contact STARLINK-31163 - MoonIOAGEO,79955.709,86400.000,6444.291,
Contact STARLINK-31163 - MoonIOAGNO,541.612,9708.115,9166.504,
Contact STARLINK-31163 - MoonIOAGNO,11889.555,21062.206,9172.651,
Contact STARLINK-31163 - MoonIOAGNO,23239.646,26732.054,3492.408,
Contact STARLINK-31163 - MoonIOAGNO,28908.911,38068.431,9159.520,
Contact STARLINK-31163 - MoonIOAGNO,40244.949,49406.409,9161.461,
Contact STARLINK-31163 - MoonIOAGNO,51584.326,60764.627,9180.301,
Contact STARLINK-31163 - MoonIOAGNO,62942.325,66436.283,3493.958,
Contact STARLINK-31163 - MoonIOAGNO,68612.723,77774.328,9161.605,
Contact STARLINK-31163 - MoonIOAGNO,79948.982,86400.000,6451.018,
Contact STARLINK-31163 - MoonIOAGNO 0001,552.755,9716.249,9163.494,
Contact STARLINK-31163 - MoonIOAGNO 0001,11891.112,21051.633,9160.520,
Contact STARLINK-31163 - MoonIOAGNO 0001,23227.526,26720.312,3492.786,
Contact STARLINK-31163 - MoonIOAGNO 0001,34578.537,38076.110,3497.573,
Contact STARLINK-31163 - MoonIOAGNO 0001,40255.253,49417.993,9162.740,
Contact STARLINK-31163 - MoonIOAGNO 0001,51595.044,60754.666,9159.622,
Contact STARLINK-31163 - MoonIOAGNO 0001,62930.613,66423.421,3492.808,
Contact STARLINK-31163 - MoonIOAGNO 0001,68598.954,77777.854,9178.900,
Contact STARLINK-31163 - MoonIOAGNO 0001,79955.618,86400.000,6444.382,
Contact STARLINK-31163 - MoonIOAGSO,533.992,9710.379,9176.387,
Contact STARLINK-31163 - MoonIOAGSO,12492.682,21054.340,8561.658,
Contact STARLINK-31163 - MoonIOAGSO,23230.457,26721.372,3490.915,
Contact STARLINK-31163 - MoonIOAGSO,34566.435,38058.852,3492.417,
Contact STARLINK-31163 - MoonIOAGSO,40236.537,49405.285,9168.748,
Contact STARLINK-31163 - MoonIOAGSO,51585.996,60760.302,9174.306,
Contact STARLINK-31163 - MoonIOAGSO,62934.450,66429.018,3494.567,
Contact STARLINK-31163 - MoonIOAGSO,68602.151,77767.450,9165.298,
Contact STARLINK-31163 - MoonIOAGSO,79940.034,86400.000,6459.966,
Contact STARLINK-31163 - MoonIOAGSO 0001,544.695,9703.340,9158.645,
Contact STARLINK-31163 - MoonIOAGSO 0001,11879.942,21042.928,9162.986,
Contact STARLINK-31163 - MoonIOAGSO 0001,23221.562,26717.051,3495.490,
Contact STARLINK-31163 - MoonIOAGSO 0001,34579.318,38072.762,3493.444,
Contact STARLINK-31163 - MoonIOAGSO 0001,40248.830,49408.551,9159.721,
Contact STARLINK-31163 - MoonIOAGSO 0001,51584.023,60747.517,9163.494,
Contact STARLINK-31163 - MoonIOAGSO 0001,62923.600,66419.640,3496.040,
Contact STARLINK-31163 - MoonIOAGSO 0001,68596.625,76333.472,7736.847,
Contact STARLINK-31163 - MoonIOAGSO 0001,79952.025,86400.000,6447.975,
Contact STARLINK-31163 - MoonLRO,549.577,9709.353,9159.777,
Contact STARLINK-31163 - MoonLRO,11886.315,21058.457,9172.142,
Contact STARLINK-31163 - MoonLRO,23230.152,26727.690,3497.539,
Contact STARLINK-31163 - MoonLRO,34579.310,38064.644,3485.334,
Contact STARLINK-31163 - MoonLRO,40248.246,49415.064,9166.818,
Contact STARLINK-31163 - MoonLRO,51585.731,60758.090,9172.359,
Contact STARLINK-31163 - MoonLRO,62936.032,66426.180,3490.148,
Contact STARLINK-31163 - MoonLRO,68608.931,77772.662,9163.731,
Contact STARLINK-31163 - MoonLRO,79945.326,86400.000,6454.674,
Contact STARLINK-31163 - MarsSat1,1335.642,9802.057,8466.416,
Contact STARLINK-31163 - MarsSat1,11944.583,21125.465,9180.882,
Contact STARLINK-31163 - MarsSat1,23267.712,26787.162,3519.451,
Contact STARLINK-31163 - MarsSat1,28929.259,38110.548,9181.289,
Contact STARLINK-31163 - MarsSat1,40252.332,49433.963,9181.631,
Contact STARLINK-31163 - MarsSat1,51575.420,60757.468,9182.047,
Contact STARLINK-31163 - MarsSat1,62898.586,66419.269,3520.683,
Contact STARLINK-31163 - MarsSat1,68560.211,77742.977,9182.766,
Contact STARLINK-31163 - MarsSat1,79883.547,86400.000,6516.453,
Contact STARLINK-31163 - MarsSat2,621.324,9801.968,9180.644,
Contact STARLINK-31163 - MarsSat2,11944.510,21125.450,9180.940,
Contact STARLINK-31163 - MarsSat2,23267.723,26787.200,3519.477,
Contact STARLINK-31163 - MarsSat2,28929.328,38110.720,9181.393,
Contact STARLINK-31163 - MarsSat2,40252.537,49434.274,9181.736,
Contact STARLINK-31163 - MarsSat2,51575.756,60757.866,9182.111,
Contact STARLINK-31163 - MarsSat2,62898.989,66419.678,3520.689,
Contact STARLINK-31163 - MarsSat2,68560.614,77743.337,9182.723,
Contact STARLINK-31163 - MarsSat2,79883.879,86400.000,6516.121,
Contact STARLINK-31163 - MarsSat3,621.346,9801.906,9180.559,
Contact STARLINK-31163 - MarsSat3,11944.427,21125.344,9180.917,
Contact STARLINK-31163 - MarsSat3,23267.616,26787.091,3519.475,
Contact STARLINK-31163 - MarsSat3,28929.219,38110.597,9181.379,
Contact STARLINK-31163 - MarsSat3,40252.410,49434.119,9181.709,
Contact STARLINK-31163 - MarsSat3,51575.591,60757.667,9182.076,
Contact STARLINK-31163 - MarsSat3,62898.776,66419.454,3520.678,
Contact STARLINK-31163 - MarsSat3,68560.374,77743.063,9182.689,
Contact STARLINK-31163 - MarsSat3,79883.592,86400.000,6516.408,
Contact STARLINK-31163 - MarsSat4,621.474,9801.992,9180.518,
Contact STARLINK-31163 - MarsSat4,11944.483,21125.290,9180.807,
Contact STARLINK-31163 - MarsSat4,23267.549,26787.047,3519.499,
Contact STARLINK-31163 - MarsSat4,28929.184,38110.545,9181.361,
Contact STARLINK-31163 - MarsSat4,40252.331,49433.980,9181.649,
Contact STARLINK-31163 - MarsSat4,51575.442,60757.615,9182.173,
Contact STARLINK-31163 - MarsSat4,62898.761,66419.458,3520.698,
Contact STARLINK-31163 - MarsSat4,68560.391,77743.065,9182.674,
Contact STARLINK-31163 - MarsSat4,79883.593,86400.000,6516.407,
Contact STARLINK-6214 - STARLINK-11234 [DTC],49943.527,50577.333,633.806,
Contact STARLINK-6214 - STARLINK-11234 [DTC],61065.556,61883.270,817.714,
Contact STARLINK-6214 - STARLINK-11234 [DTC],75097.952,75883.249,785.296,
Contact STARLINK-6214 - STARLINK-3393,10788.850,11348.127,559.277,
Contact STARLINK-6214 - STARLINK-3393,25087.062,25660.180,573.118,
Contact STARLINK-6214 - STARLINK-3393,39394.966,39962.348,567.382,
Contact STARLINK-6214 - STARLINK-3393,53693.346,54274.102,580.756,
Contact STARLINK-6214 - STARLINK-3393,68001.086,68576.319,575.233,
Contact STARLINK-6214 - STARLINK-3393,82299.627,82887.785,588.157,
Contact STARLINK-6214 - STARLINK-3104,0.000,372.689,372.689,
Contact STARLINK-6214 - STARLINK-3104,14319.171,14742.855,423.684,
Contact STARLINK-6214 - STARLINK-3104,28698.687,29094.909,396.223,
Contact STARLINK-6214 - STARLINK-3104,43058.763,43468.737,409.974,
Contact STARLINK-6214 - STARLINK-3104,57435.172,57823.777,388.605,
Contact STARLINK-6214 - STARLINK-3104,71791.537,72201.230,409.693,
Contact STARLINK-6214 - STARLINK-3104,86164.248,86400.000,235.752,
Contact STARLINK-6214 - STARLINK-1028,3097.909,3817.262,719.353,
Contact STARLINK-6214 - STARLINK-1028,17429.617,18115.201,685.584,
Contact STARLINK-6214 - STARLINK-1028,31729.959,32437.467,707.508,
Contact STARLINK-6214 - STARLINK-1028,43182.817,43885.455,702.638,
Contact STARLINK-6214 - STARLINK-1028,57515.228,58182.687,667.458,
Contact STARLINK-6214 - STARLINK-1028,71815.058,72505.182,690.123,
Contact STARLINK-6214 - STARLINK-1028,86148.018,86400.000,251.982,
Contact STARLINK-6214 - STARLINK-5809,3205.069,4228.405,1023.335,
Contact STARLINK-6214 - STARLINK-5809,17583.643,18587.003,1003.360,
Contact STARLINK-6214 - STARLINK-5809,31953.847,32953.574,999.727,
Contact STARLINK-6214 - STARLINK-5809,46343.642,47301.015,957.373,
Contact STARLINK-6214 - STARLINK-5809,60725.032,61656.249,931.217,
Contact STARLINK-6214 - STARLINK-5809,75126.811,75991.794,864.983,
Contact STARLINK-6214 - STARLINK-5168,43121.280,43320.949,199.669,
Contact STARLINK-6214 - STARLINK-5168,57441.664,57616.733,175.070,
Contact STARLINK-6214 - STARLINK-3580,0.000,181.771,181.771,
Contact STARLINK-6214 - STARLINK-3580,10776.222,14495.609,3719.387,
Contact STARLINK-6214 - STARLINK-3580,25078.620,25942.191,863.572,
Contact STARLINK-6214 - STARLINK-3580,39391.879,40244.915,853.036,
Contact STARLINK-6214 - STARLINK-3580,53694.329,54558.509,864.180,
Contact STARLINK-6214 - STARLINK-3580,68007.506,68861.209,853.703,
Contact STARLINK-6214 - STARLINK-3580,82310.004,83174.633,864.629,
Contact STARLINK-6214 - STARLINK-31039,10705.472,11356.470,650.997,
Contact STARLINK-6214 - STARLINK-31039,24976.544,25740.739,764.195,
Contact STARLINK-6214 - STARLINK-31039,39286.815,40085.150,798.335,
Contact STARLINK-6214 - STARLINK-31039,53568.538,54458.652,890.114,
Contact STARLINK-6214 - STARLINK-31039,67882.706,68798.973,916.267,
Contact STARLINK-6214 - STARLINK-31039,82171.302,83165.489,994.187,
Contact STARLINK-6214 - STARLINK-3536,0.000,478.481,478.481,
Contact STARLINK-6214 - STARLINK-3536,14030.021,14797.747,767.725,
Contact STARLINK-6214 - STARLINK-3536,28346.276,29101.083,754.808,
Contact STARLINK-6214 - STARLINK-3536,42647.648,43420.071,772.424,
Contact STARLINK-6214 - STARLINK-3536,56963.843,57723.367,759.524,
Contact STARLINK-6214 - STARLINK-3536,71265.362,72042.090,776.728,
Contact STARLINK-6214 - STARLINK-3536,82712.469,83490.814,778.345,
Contact STARLINK-6214 - STARLINK-31405,3355.131,3950.529,595.399,
Contact STARLINK-6214 - STARLINK-4593,6731.403,7539.431,808.029,
Contact STARLINK-6214 - STARLINK-4593,21029.993,21856.854,826.861,
Contact STARLINK-6214 - STARLINK-4593,35339.980,36163.754,823.774,
Contact STARLINK-6214 - STARLINK-4593,46783.402,50481.084,3697.682,
Contact STARLINK-6214 - STARLINK-4593,61081.944,61930.729,848.785,
Contact STARLINK-6214 - STARLINK-4593,75391.931,76237.527,845.596,
Contact STARLINK-6214 - STARLINK-30800,6673.436,7705.286,1031.849,
Contact STARLINK-6214 - STARLINK-30800,21043.730,21999.577,955.848,
Contact STARLINK-6214 - STARLINK-30800,35451.292,36269.803,818.511,
Contact STARLINK-6214 - STARLINK-30800,49837.777,50548.157,710.380,
Contact STARLINK-6214 - STARLINK-4359,10524.540,11219.899,695.360,
Contact STARLINK-6214 - STARLINK-4359,24872.547,25576.997,704.450,
Contact STARLINK-6214 - STARLINK-4359,39228.240,39926.551,698.310,
Contact STARLINK-6214 - STARLINK-4359,53575.854,54283.982,708.128,
Contact STARLINK-6214 - STARLINK-4359,67931.787,68633.120,701.333,
Contact STARLINK-6214 - STARLINK-4359,82279.069,82990.823,711.754,
Contact STARLINK-6214 - STARLINK-30089,3288.081,4207.157,919.076,
Contact STARLINK-6214 - STARLINK-30089,17535.467,18655.724,1120.257,
Contact STARLINK-6214 - STARLINK-30089,31751.492,33097.408,1345.916,
Contact STARLINK-6214 - STARLINK-30089,40317.422,53310.970,12993.548,
Contact STARLINK-6214 - STARLINK-30089,54538.182,67742.687,13204.505,
Contact STARLINK-6214 - STARLINK-30089,68802.850,82197.201,13394.351,
Contact STARLINK-6214 - STARLINK-30089,83009.978,86400.000,3390.022,
Contact STARLINK-6214 - STARLINK-6374,3428.272,4235.368,807.096,
Contact STARLINK-6214 - STARLINK-6374,17750.536,18590.613,840.077,
Contact STARLINK-6214 - STARLINK-6374,32066.232,32952.074,885.842,
Contact STARLINK-6214 - STARLINK-6374,46391.615,47304.194,912.579,
Contact STARLINK-6214 - STARLINK-6374,60710.727,61662.088,951.361,
Contact STARLINK-6214 - STARLINK-6374,75039.107,76011.210,972.103,
Contact STARLINK-6214 - STARLINK-30126,7054.002,7890.433,836.431,
Contact STARLINK-6214 - STARLINK-30126,21398.444,22216.116,817.671,
Contact STARLINK-6214 - STARLINK-30126,35745.922,36538.817,792.895,
Contact STARLINK-6214 - STARLINK-30126,50092.808,50861.919,769.111,
Contact STARLINK-6214 - STARLINK-30126,64442.893,65181.968,739.074,
Contact STARLINK-6214 - STARLINK-30126,78792.582,79502.133,709.552,
Contact STARLINK-6214 - STARLINK-2314,3306.130,4308.772,1002.642,
Contact STARLINK-6214 - STARLINK-2314,17621.027,18613.240,992.213,
Contact STARLINK-6214 - STARLINK-2314,31925.430,32927.559,1002.129,
Contact STARLINK-6214 - STARLINK-2314,46240.372,47231.860,991.487,
Contact STARLINK-6214 - STARLINK-2314,60544.708,61546.083,1001.375,
Contact STARLINK-6214 - STARLINK-2314,71992.413,75850.212,3857.799,
Contact STARLINK-6214 - STARLINK-2314,86307.424,86400.000,92.576,
Contact STARLINK-6214 - STARLINK-4299,0.000,86400.000,86400.000,
Contact STARLINK-6214 - STARLINK-3994,6607.865,7434.139,826.274,
Contact STARLINK-6214 - STARLINK-3994,20913.128,21742.486,829.358,
Contact STARLINK-6214 - STARLINK-3994,32358.711,36046.283,3687.571,
Contact STARLINK-6214 - STARLINK-3994,46667.515,47491.087,823.572,
Contact STARLINK-6214 - STARLINK-3994,60972.644,61799.410,826.766,
Contact STARLINK-6214 - STARLINK-3994,75281.507,76102.964,821.457,
Contact STARLINK-6214 - STARLINK-31295,0.000,278.490,278.490,
Contact STARLINK-6214 - STARLINK-31295,10581.101,14509.536,3928.435,
Contact STARLINK-6214 - STARLINK-31295,24819.171,25874.726,1055.556,
Contact STARLINK-6214 - STARLINK-31295,39090.398,40056.805,966.407,
Contact STARLINK-6214 - STARLINK-31295,53368.575,54231.632,863.057,
Contact STARLINK-6214 - STARLINK-31295,79167.543,79649.867,482.324,
Contact STARLINK-6214 - STARLINK-31577,75084.294,76166.666,1082.372,
Contact STARLINK-6214 - STARLINK-31577,83433.387,86400.000,2966.613,
Contact STARLINK-6214 - STARLINK-5322,0.000,3914.747,3914.747,
Contact STARLINK-6214 - STARLINK-5322,14163.431,18221.637,4058.206,
Contact STARLINK-6214 - STARLINK-5322,28599.880,32536.228,3936.347,
Contact STARLINK-6214 - STARLINK-5322,43025.119,46812.085,3786.966,
Contact STARLINK-6214 - STARLINK-5322,57500.775,58225.329,724.554,
Contact STARLINK-6214 - STARLINK-5322,71981.221,72473.956,492.735,
Contact STARLINK-6214 - STARLINK-3189,6868.865,7709.589,840.723,
Contact STARLINK-6214 - STARLINK-3189,21175.870,22018.022,842.152,
Contact STARLINK-6214 - STARLINK-3189,35483.642,36324.771,841.129,
Contact STARLINK-6214 - STARLINK-3189,49790.520,50633.223,842.704,
Contact STARLINK-6214 - STARLINK-3189,64098.315,64939.836,841.520,
Contact STARLINK-6214 - STARLINK-3189,75544.156,79248.306,3704.150,
Contact STARLINK-6214 - STARLINK-31784,0.000,36690.217,36690.217,
Contact STARLINK-6214 - STARLINK-5494,3086.197,10122.739,7036.542,
Contact STARLINK-6214 - STARLINK-5494,17546.428,18682.186,1135.758,
Contact STARLINK-6214 - STARLINK-5494,31994.995,32963.264,968.269,
Contact STARLINK-6214 - STARLINK-5494,46514.584,47180.963,666.380,
Contact STARLINK-6214 - STARLINK-5494,61087.904,61338.073,250.169,
Contact STARLINK-6214 - STARLINK-32197,39354.474,39785.459,430.985,
Contact STARLINK-6214 - STARLINK-32197,53443.787,54029.989,586.202,
Contact STARLINK-6214 - STARLINK-32197,64734.491,65406.163,671.673,
Contact STARLINK-6214 - STARLINK-32197,78865.241,79609.188,743.948,
Contact STARLINK-6214 - STARLINK-31536,3351.334,4057.133,705.799,
Contact STARLINK-6214 - STARLINK-6148,10185.488,10826.222,640.734,
Contact STARLINK-6214 - STARLINK-6148,50380.588,50901.820,521.232,
Contact STARLINK-6214 - STARLINK-6148,64741.820,65208.827,467.006,
Contact STARLINK-6214 - STARLINK-6148,79106.088,79512.305,406.216,
Contact STARLINK-6214 - STARLINK-11199 [DTC],3420.531,3918.389,497.858,
Contact STARLINK-6214 - STARLINK-5849,43179.280,43592.521,413.241,
Contact STARLINK-6214 - STARLINK-5849,57540.235,57955.171,414.936,
Contact STARLINK-6214 - STARLINK-5849,71883.195,72338.180,454.985,
Contact STARLINK-6214 - STARLINK-5849,86241.966,86400.000,158.034,
Contact STARLINK-6214 - STARLINK-5649,46733.315,47152.879,419.564,
Contact STARLINK-6214 - STARLINK-5649,61042.648,61516.688,474.039,
Contact STARLINK-6214 - STARLINK-5649,75358.331,75872.842,514.511,
Contact STARLINK-6214 - STARLINK-5197,75546.104,75785.883,239.779,
Contact STARLINK-6214 - STARLINK-2685,3005.164,4207.511,1202.347,
Contact STARLINK-6214 - STARLINK-2685,17324.927,18534.338,1209.411,
Contact STARLINK-6214 - STARLINK-2685,25901.606,32873.494,6971.888,
Contact STARLINK-6214 - STARLINK-2685,40221.564,47200.192,6978.628,
Contact STARLINK-6214 - STARLINK-2685,54522.597,61538.833,7016.236,
Contact STARLINK-6214 - STARLINK-2685,71695.428,75865.387,4169.959,
Contact STARLINK-6214 - STARLINK-2685,86015.828,86400.000,384.172,
Contact STARLINK-6214 - STARLINK-31853,28632.509,28988.802,356.293,
Contact STARLINK-6214 - STARLINK-31853,42465.704,43467.120,1001.416,
Contact STARLINK-6214 - STARLINK-31853,53683.898,60578.632,6894.734,
Contact STARLINK-6214 - STARLINK-31853,67813.959,69065.649,1251.689,
Contact STARLINK-6214 - STARLINK-31853,76331.173,83148.236,6817.063,
Contact STARLINK-6214 - STARLINK-4551,0.000,6602.712,6602.712,
Contact STARLINK-6214 - STARLINK-4551,7853.361,20923.609,13070.248,
Contact STARLINK-6214 - STARLINK-4551,22172.003,29496.417,7324.414,
Contact STARLINK-6214 - STARLINK-4551,36471.561,43816.659,7345.098,
Contact STARLINK-6214 - STARLINK-4551,50790.528,60985.999,10195.472,
Contact STARLINK-6214 - STARLINK-4551,65090.539,75281.731,10191.192,
Contact STARLINK-6214 - STARLINK-4551,79409.802,86400.000,6990.198,
Contact STARLINK-6214 - STARLINK-1578,0.000,86400.000,86400.000,
Contact STARLINK-6214 - STARLINK-5837,0.000,526.923,526.923,
Contact STARLINK-6214 - STARLINK-5837,14071.924,14904.555,832.631,
Contact STARLINK-6214 - STARLINK-5837,28423.640,29265.894,842.254,
Contact STARLINK-6214 - STARLINK-5837,42763.961,43638.176,874.216,
Contact STARLINK-6214 - STARLINK-5837,57119.818,57995.145,875.326,
Contact STARLINK-6214 - STARLINK-5837,71464.691,72362.793,898.103,
Contact STARLINK-6214 - STARLINK-5837,85824.258,86400.000,575.742,
Contact STARLINK-6214 - STARLINK-1666,10473.496,11258.330,784.834,
Contact STARLINK-6214 - STARLINK-1666,24781.822,25586.197,804.375,
Contact STARLINK-6214 - STARLINK-1666,39103.431,39901.552,798.122,
Contact STARLINK-6214 - STARLINK-1666,53412.062,54229.005,816.943,
Contact STARLINK-6214 - STARLINK-1666,67733.693,68544.203,810.510,
Contact STARLINK-6214 - STARLINK-1666,79185.885,82871.260,3685.375,
Contact STARLINK-6214 - STARLINK-1293,0.000,86400.000,86400.000,
Contact STARLINK-6214 - STARLINK-30879,6501.332,7581.407,1080.075,
Contact STARLINK-6214 - STARLINK-30879,17807.681,21771.294,3963.613,
Contact STARLINK-6214 - STARLINK-30879,32000.311,33068.402,1068.091,
Contact STARLINK-6214 - STARLINK-30879,46283.598,47114.229,830.631,
Contact STARLINK-6214 - STARLINK-31345,14259.527,14829.660,570.133,
Contact STARLINK-6214 - STARLINK-31345,28373.016,29124.170,751.153,
Contact STARLINK-6214 - STARLINK-31345,42507.553,43398.179,890.626,
Contact STARLINK-6214 - STARLINK-31345,53840.943,57629.956,3789.013,
Contact STARLINK-6214 - STARLINK-31345,68036.203,69003.176,966.973,
Contact STARLINK-6214 - STARLINK-31345,82242.225,83204.473,962.248,
Contact STARLINK-6214 - STARLINK-31690,28076.819,29242.059,1165.240,
Contact STARLINK-6214 - STARLINK-31690,36282.039,46727.128,10445.088,
Contact STARLINK-6214 - STARLINK-31690,47343.428,60938.381,13594.954,
Contact STARLINK-6214 - STARLINK-31690,61495.948,74748.791,13252.843,
Contact STARLINK-6214 - STARLINK-31690,76005.077,82981.049,6975.972,
Contact STARLINK-6214 - STARLINK-1788,6769.835,7642.814,872.979,
Contact STARLINK-6214 - STARLINK-1788,21088.323,21963.306,874.983,
Contact STARLINK-6214 - STARLINK-1788,35410.575,36279.480,868.904,
Contact STARLINK-6214 - STARLINK-1788,49729.194,50599.718,870.524,
Contact STARLINK-6214 - STARLINK-1788,61185.626,64915.634,3730.009,
Contact STARLINK-6214 - STARLINK-1788,75508.113,79235.613,3727.500,
Contact STARLINK-6214 - STARLINK-1080,7045.905,7808.511,762.606,
Contact STARLINK-6214 - STARLINK-1080,21350.607,22107.498,756.891,
Contact STARLINK-6214 - STARLINK-1080,35652.891,36407.652,754.760,
Contact STARLINK-6214 - STARLINK-1080,49957.450,50706.608,749.159,
Contact STARLINK-6214 - STARLINK-1080,64259.859,65006.438,746.579,
Contact STARLINK-6214 - STARLINK-1080,78564.272,79305.365,741.093,
Contact STARLINK-6214 - STARLINK-4356,0.000,610.850,610.850,
Contact STARLINK-6214 - STARLINK-4356,14248.994,14971.290,722.296,
Contact STARLINK-6214 - STARLINK-4356,28606.689,29319.913,713.224,
Contact STARLINK-6214 - STARLINK-4356,42953.779,43680.007,726.227,
Contact STARLINK-6214 - STARLINK-4356,57311.521,58028.425,716.905,
Contact STARLINK-6214 - STARLINK-4356,71658.903,72388.152,729.249,
Contact STARLINK-6214 - STARLINK-4356,86016.642,86400.000,383.358,
Contact STARLINK-6214 - STARLINK-31554,49469.155,86400.000,36930.845,
Contact STARLINK-6214 - STARLINK-4383,0.000,312.327,312.327,
Contact STARLINK-6214 - STARLINK-4383,13926.960,14681.371,754.411,
Contact STARLINK-6214 - STARLINK-4383,28280.046,29036.670,756.624,
Contact STARLINK-6214 - STARLINK-4383,42621.705,43405.045,783.340,
Contact STARLINK-6214 - STARLINK-4383,56975.617,57759.386,783.769,
Contact STARLINK-6214 - STARLINK-4383,71318.185,72126.799,808.614,
Contact STARLINK-6214 - STARLINK-4383,82797.384,86400.000,3602.616,
Contact STARLINK-6214 - STARLINK-5713,0.000,296.934,296.934,
Contact STARLINK-6214 - STARLINK-5713,13912.448,14620.688,708.240,
Contact STARLINK-6214 - STARLINK-5713,28275.324,28927.519,652.195,
Contact STARLINK-6214 - STARLINK-5713,42624.742,43248.723,623.981,
Contact STARLINK-6214 - STARLINK-1303,622.500,7898.146,7275.646,
Contact STARLINK-6214 - STARLINK-1303,14965.157,22160.471,7195.314,
Contact STARLINK-6214 - STARLINK-1303,29417.450,36401.505,6984.055,
Contact STARLINK-6214 - STARLINK-1303,46706.132,50661.182,3955.049,
Contact STARLINK-6214 - STARLINK-1303,61062.081,64871.368,3809.286,
Contact STARLINK-6214 - STARLINK-1303,75568.362,76236.636,668.274,
Contact STARLINK-6214 - STARLINK-11265 [DTC],53596.808,54006.969,410.161,
Contact STARLINK-6214 - STARLINK-11265 [DTC],64675.790,65313.592,637.802,
Contact STARLINK-6214 - STARLINK-11265 [DTC],78616.428,79353.753,737.326,
Contact STARLINK-6214 - STARLINK-4612,6630.784,7492.761,861.977,
Contact STARLINK-6214 - STARLINK-4612,20939.729,21806.635,866.906,
Contact STARLINK-6214 - STARLINK-4612,32388.311,36115.984,3727.672,
Contact STARLINK-6214 - STARLINK-4612,46700.882,50429.859,3728.977,
Contact STARLINK-6214 - STARLINK-4612,61009.688,61879.128,869.440,
Contact STARLINK-6214 - STARLINK-4612,75322.244,76188.371,866.127,
Contact STARLINK-6214 - STARLINK-31034,0.000,174.757,174.757,
Contact STARLINK-6214 - STARLINK-31034,10715.181,14404.871,3689.691,
Contact STARLINK-6214 - STARLINK-31034,24911.387,25775.049,863.662,
Contact STARLINK-6214 - STARLINK-31034,39130.634,39971.614,840.980,
Contact STARLINK-6214 - STARLINK-31034,53352.797,54164.547,811.750,
Contact STARLINK-6214 - STARLINK-31034,64743.736,65506.031,762.295,
Contact STARLINK-6214 - STARLINK-31034,78999.523,79666.564,667.041,
Contact STARLINK-6214 - STARLINK-3815,468.373,67618.822,67150.448,
Contact STARLINK-6214 - STARLINK-3815,68514.866,78699.453,10184.587,
Contact STARLINK-6214 - STARLINK-3815,86096.098,86400.000,303.902,
Contact STARLINK-6214 - STARLINK-31611,10153.896,10808.167,654.271,
Contact STARLINK-6214 - STARLINK-31611,21422.954,22197.038,774.083,
Contact STARLINK-6214 - STARLINK-31611,35542.402,36399.002,856.600,
Contact STARLINK-6214 - STARLINK-31611,49692.882,50570.555,877.673,
Contact STARLINK-6214 - STARLINK-31611,61037.754,61882.924,845.170,
Contact STARLINK-6214 - STARLINK-31611,75252.423,75989.434,737.011,
Contact STARLINK-6214 - MoonARTEMIS1,0.000,2989.981,2989.981,
Contact STARLINK-6214 - MoonARTEMIS1,5086.420,8726.789,3640.370,
Contact STARLINK-6214 - MoonARTEMIS1,10829.981,20208.072,9378.091,
Contact STARLINK-6214 - MoonARTEMIS1,22331.780,31687.232,9355.452,
Contact STARLINK-6214 - MoonARTEMIS1,33807.803,43153.608,9345.805,
Contact STARLINK-6214 - MoonARTEMIS1,45277.394,48886.567,3609.173,
Contact STARLINK-6214 - MoonARTEMIS1,51012.381,60352.666,9340.285,
Contact STARLINK-6214 - MoonARTEMIS1,62483.052,71819.392,9336.340,
Contact STARLINK-6214 - MoonARTEMIS1,73954.861,77553.119,3598.258,
Contact STARLINK-6214 - MoonARTEMIS1,79691.288,86400.000,6708.712,
Contact STARLINK-6214 - MoonARTEMIS2,0.000,3021.528,3021.528,
Contact STARLINK-6214 - MoonARTEMIS2,5140.494,8756.418,3615.924,
Contact STARLINK-6214 - MoonARTEMIS2,10878.735,20225.061,9346.326,
Contact STARLINK-6214 - MoonARTEMIS2,22352.986,31692.253,9339.267,
Contact STARLINK-6214 - MoonARTEMIS2,33824.367,43157.972,9333.605,
Contact STARLINK-6214 - MoonARTEMIS2,45292.693,48890.289,3597.596,
Contact STARLINK-6214 - MoonARTEMIS2,51025.539,60021.382,8995.843,
Contact STARLINK-6214 - MoonARTEMIS2,62667.636,71843.344,9175.708,
Contact STARLINK-6214 - MoonARTEMIS2,73991.240,77581.186,3589.946,
Contact STARLINK-6214 - MoonARTEMIS2,79731.723,86400.000,6668.277,
Contact STARLINK-6214 - MoonIOAGEO,0.000,2994.655,2994.655,
Contact STARLINK-6214 - MoonIOAGEO,5096.022,8731.125,3635.103,
Contact STARLINK-6214 - MoonIOAGEO,10838.414,14472.683,3634.269,
Contact STARLINK-6214 - MoonIOAGEO,22335.866,31690.566,9354.700,
Contact STARLINK-6214 - MoonIOAGEO,33815.563,43148.942,9333.379,
Contact STARLINK-6214 - MoonIOAGEO,45275.954,48880.981,3605.027,
Contact STARLINK-6214 - MoonIOAGEO,51011.560,60204.691,9193.131,
Contact STARLINK-6214 - MoonIOAGEO,64030.935,71839.518,7808.583,
Contact STARLINK-6214 - MoonIOAGEO,73984.775,77572.014,3587.239,
Contact STARLINK-6214 - MoonIOAGEO,79717.316,86400.000,6682.684,
Contact STARLINK-6214 - MoonIOAGNO,0.000,2989.715,2989.715,
Contact STARLINK-6214 - MoonIOAGNO,5097.900,8740.826,3642.926,
Contact STARLINK-6214 - MoonIOAGNO,10854.282,20197.771,9343.489,
Contact STARLINK-6214 - MoonIOAGNO,22314.427,31657.972,9343.545,
Contact STARLINK-6214 - MoonIOAGNO,33783.144,43135.544,9352.400,
Contact STARLINK-6214 - MoonIOAGNO,45267.884,48881.920,3614.036,
Contact STARLINK-6214 - MoonIOAGNO,51019.180,60354.438,9335.258,
Contact STARLINK-6214 - MoonIOAGNO,62490.980,71808.571,9317.591,
Contact STARLINK-6214 - MoonIOAGNO,73952.491,77542.156,3589.664,
Contact STARLINK-6214 - MoonIOAGNO,79688.851,86400.000,6711.149,
Contact STARLINK-6214 - MoonIOAGNO 0001,0.000,2982.289,2982.289,
Contact STARLINK-6214 - MoonIOAGNO 0001,5088.889,8714.147,3625.258,
Contact STARLINK-6214 - MoonIOAGNO 0001,10825.212,20190.847,9365.635,
Contact STARLINK-6214 - MoonIOAGNO 0001,22309.768,31687.688,9377.920,
Contact STARLINK-6214 - MoonIOAGNO 0001,33812.979,43138.882,9325.903,
Contact STARLINK-6214 - MoonIOAGNO 0001,45268.770,48867.529,3598.759,
Contact STARLINK-6214 - MoonIOAGNO 0001,51001.309,60337.615,9336.306,
Contact STARLINK-6214 - MoonIOAGNO 0001,62477.748,71826.557,9348.809,
Contact STARLINK-6214 - MoonIOAGNO 0001,73975.049,77571.027,3595.978,
Contact STARLINK-6214 - MoonIOAGNO 0001,79713.341,86400.000,6686.659,
Contact STARLINK-6214 - MoonIOAGSO,0.000,3004.242,3004.242,
Contact STARLINK-6214 - MoonIOAGSO,5103.166,8732.184,3629.018,
Contact STARLINK-6214 - MoonIOAGSO,12403.194,20229.932,7826.738,
Contact STARLINK-6214 - MoonIOAGSO,22347.925,31702.639,9354.714,
Contact STARLINK-6214 - MoonIOAGSO,33822.483,43160.901,9338.418,
Contact STARLINK-6214 - MoonIOAGSO,45285.437,48886.860,3601.423,
Contact STARLINK-6214 - MoonIOAGSO,51015.982,60373.791,9357.810,
Contact STARLINK-6214 - MoonIOAGSO,62515.955,71851.921,9335.966,
Contact STARLINK-6214 - MoonIOAGSO,73993.644,77584.096,3590.452,
Contact STARLINK-6214 - MoonIOAGSO,79726.615,86400.000,6673.385,
Contact STARLINK-6214 - MoonIOAGSO 0001,0.000,3024.865,3024.865,
Contact STARLINK-6214 - MoonIOAGSO 0001,5128.181,8759.965,3631.784,
Contact STARLINK-6214 - MoonIOAGSO 0001,10864.821,20219.845,9355.024,
Contact STARLINK-6214 - MoonIOAGSO 0001,22330.251,31676.125,9345.874,
Contact STARLINK-6214 - MoonIOAGSO 0001,34219.517,43173.581,8954.064,
Contact STARLINK-6214 - MoonIOAGSO 0001,45304.401,48910.882,3606.481,
Contact STARLINK-6214 - MoonIOAGSO 0001,51042.152,60373.644,9331.492,
Contact STARLINK-6214 - MoonIOAGSO 0001,62507.621,71826.442,9318.822,
Contact STARLINK-6214 - MoonIOAGSO 0001,73967.435,76305.970,2338.535,
Contact STARLINK-6214 - MoonIOAGSO 0001,79720.144,86400.000,6679.856,
Contact STARLINK-6214 - MoonLRO,0.000,3007.197,3007.197,
Contact STARLINK-6214 - MoonLRO,5104.324,8743.529,3639.205,
Contact STARLINK-6214 - MoonLRO,10847.561,20207.827,9360.266,
Contact STARLINK-6214 - MoonLRO,22332.657,31681.720,9349.064,
Contact STARLINK-6214 - MoonLRO,33804.009,43158.488,9354.479,
Contact STARLINK-6214 - MoonLRO,45282.272,48891.199,3608.927,
Contact STARLINK-6214 - MoonLRO,51025.002,60355.991,9330.988,
Contact STARLINK-6214 - MoonLRO,62501.289,71832.889,9331.600,
Contact STARLINK-6214 - MoonLRO,73970.134,77570.473,3600.338,
Contact STARLINK-6214 - MoonLRO,79709.124,86400.000,6690.876,
Contact STARLINK-6214 - MarsSat1,5225.364,8858.750,3633.386,
Contact STARLINK-6214 - MarsSat1,10952.951,20312.707,9359.756,
Contact STARLINK-6214 - MarsSat1,22408.063,31766.611,9358.548,
Contact STARLINK-6214 - MarsSat1,33863.080,48947.359,15084.279,
Contact STARLINK-6214 - MarsSat1,51045.447,60401.130,9355.683,
Contact STARLINK-6214 - MarsSat1,62500.288,71854.868,9354.580,
Contact STARLINK-6214 - MarsSat1,73955.100,77581.728,3626.627,
Contact STARLINK-6214 - MarsSat1,79682.498,86400.000,6717.502,
Contact STARLINK-6214 - MarsSat2,0.000,3131.723,3131.723,
Contact STARLINK-6214 - MarsSat2,5225.282,8858.663,3633.382,
Contact STARLINK-6214 - MarsSat2,10952.829,20312.572,9359.744,
Contact STARLINK-6214 - MarsSat2,22407.929,31766.486,9358.557,
Contact STARLINK-6214 - MarsSat2,33862.997,48947.310,15084.313,
Contact STARLINK-6214 - MarsSat2,51045.497,60401.147,9355.650,
Contact STARLINK-6214 - MarsSat2,62500.420,71854.944,9354.524,
Contact STARLINK-6214 - MarsSat2,73955.280,77581.827,3626.546,
Contact STARLINK-6214 - MarsSat2,79682.686,86400.000,6717.314,
Contact STARLINK-6214 - MarsSat3,0.000,3131.863,3131.863,
Contact STARLINK-6214 - MarsSat3,5225.411,8858.785,3633.374,
Contact STARLINK-6214 - MarsSat3,10952.911,20312.591,9359.680,
Contact STARLINK-6214 - MarsSat3,22407.905,31766.465,9358.561,
Contact STARLINK-6214 - MarsSat3,33862.946,48947.328,15084.382,
Contact STARLINK-6214 - MarsSat3,51045.480,60401.203,9355.723,
Contact STARLINK-6214 - MarsSat3,62500.427,71855.018,9354.591,
Contact STARLINK-6214 - MarsSat3,73955.286,77581.894,3626.608,
Contact STARLINK-6214 - MarsSat3,79682.675,86400.000,6717.325,
Contact STARLINK-6214 - MarsSat4,0.000,3131.804,3131.804,
Contact STARLINK-6214 - MarsSat4,5225.429,8858.836,3633.408,
Contact STARLINK-6214 - MarsSat4,10953.015,20312.717,9359.702,
Contact STARLINK-6214 - MarsSat4,22407.989,31766.569,9358.579,
Contact STARLINK-6214 - MarsSat4,33863.059,48947.421,15084.362,
Contact STARLINK-6214 - MarsSat4,51045.496,60401.091,9355.595,
Contact STARLINK-6214 - MarsSat4,62500.314,71854.966,9354.651,
Contact STARLINK-6214 - MarsSat4,73955.243,77581.846,3626.603,
Contact STARLINK-6214 - MarsSat4,79682.620,86400.000,6717.380,
Contact STARLINK-11234 [DTC] - STARLINK-3393,6443.305,25073.122,18629.817,
Contact STARLINK-11234 [DTC] - STARLINK-3393,32082.089,32855.381,773.292,
Contact STARLINK-11234 [DTC] - STARLINK-1028,74960.448,75747.112,786.664,
Contact STARLINK-11234 [DTC] - STARLINK-1028,82911.744,86400.000,3488.256,
Contact STARLINK-11234 [DTC] - STARLINK-5809,53594.989,79983.745,26388.756,
Contact STARLINK-11234 [DTC] - STARLINK-5168,0.000,145.955,145.955,
Contact STARLINK-11234 [DTC] - STARLINK-5168,10491.831,11123.980,632.149,
Contact STARLINK-11234 [DTC] - STARLINK-3580,7032.022,13650.588,6618.566,
Contact STARLINK-11234 [DTC] - STARLINK-3580,20906.504,22077.920,1171.415,
Contact STARLINK-11234 [DTC] - STARLINK-3580,32272.376,33114.901,842.525,
Contact STARLINK-11234 [DTC] - STARLINK-31039,46337.236,47159.719,822.483,
Contact STARLINK-11234 [DTC] - STARLINK-31039,57570.540,58370.268,799.728,
Contact STARLINK-11234 [DTC] - STARLINK-31039,71767.487,72231.383,463.896,
Contact STARLINK-11234 [DTC] - STARLINK-4216,0.000,134.421,134.421,
Contact STARLINK-11234 [DTC] - STARLINK-4216,13711.503,14421.270,709.767,
Contact STARLINK-11234 [DTC] - STARLINK-4216,24862.254,25685.785,823.531,
Contact STARLINK-11234 [DTC] - STARLINK-4216,38917.911,39649.193,731.282,
Contact STARLINK-11234 [DTC] - STARLINK-4216,50281.932,50702.270,420.339,
Contact STARLINK-11234 [DTC] - STARLINK-2022,79186.599,79655.155,468.556,
Contact STARLINK-11234 [DTC] - STARLINK-4126,0.000,296.327,296.327,
Contact STARLINK-11234 [DTC] - STARLINK-4126,10676.540,11449.879,773.339,
Contact STARLINK-11234 [DTC] - STARLINK-3536,10158.021,11154.604,996.584,
Contact STARLINK-11234 [DTC] - STARLINK-3536,21478.548,22246.961,768.412,
Contact STARLINK-11234 [DTC] - STARLINK-31026,2834.909,3729.631,894.722,
Contact STARLINK-11234 [DTC] - STARLINK-31026,14073.939,14942.289,868.350,
Contact STARLINK-11234 [DTC] - STARLINK-4593,41601.033,71546.830,29945.797,
Contact STARLINK-11234 [DTC] - STARLINK-30800,38859.610,40118.602,1258.992,
Contact STARLINK-11234 [DTC] - STARLINK-30800,46960.107,57136.918,10176.810,
Contact STARLINK-11234 [DTC] - STARLINK-30800,64270.315,65096.491,826.176,
Contact STARLINK-11234 [DTC] - STARLINK-31558,3392.333,10027.524,6635.191,
Contact STARLINK-11234 [DTC] - STARLINK-31558,17385.616,18259.684,874.068,
Contact STARLINK-11234 [DTC] - STARLINK-31558,28717.498,29113.589,396.090,
Contact STARLINK-11234 [DTC] - STARLINK-4359,3160.869,4030.929,870.061,
Contact STARLINK-11234 [DTC] - STARLINK-4359,11312.375,21143.888,9831.513,
Contact STARLINK-11234 [DTC] - STARLINK-4359,28433.286,29311.258,877.973,
Contact STARLINK-11234 [DTC] - STARLINK-4006,3331.833,10064.017,6732.185,
Contact STARLINK-11234 [DTC] - STARLINK-4006,17347.185,18409.835,1062.650,
Contact STARLINK-11234 [DTC] - STARLINK-30089,61036.742,61398.696,361.954,
Contact STARLINK-11234 [DTC] - STARLINK-30089,71818.731,78712.129,6893.397,
Contact STARLINK-11234 [DTC] - STARLINK-30089,85885.193,86400.000,514.807,
Contact STARLINK-11234 [DTC] - STARLINK-6374,60501.996,86400.000,25898.004,
Contact STARLINK-11234 [DTC] - STARLINK-5247,67646.941,68625.063,978.121,
Contact STARLINK-11234 [DTC] - STARLINK-5247,78824.604,79850.983,1026.379,
Contact STARLINK-11234 [DTC] - STARLINK-30126,29237.659,58602.737,29365.078,
Contact STARLINK-11234 [DTC] - STARLINK-2314,63783.455,86400.000,22616.545,
Contact STARLINK-11234 [DTC] - STARLINK-4299,50034.393,51032.690,998.297,
Contact STARLINK-11234 [DTC] - STARLINK-4299,58318.451,65146.604,6828.153,
Contact STARLINK-11234 [DTC] - STARLINK-4299,75333.439,76136.284,802.845,
Contact STARLINK-11234 [DTC] - STARLINK-3994,53273.687,85193.182,31919.495,
Contact STARLINK-11234 [DTC] - STARLINK-5774,68075.403,68963.820,888.417,
Contact STARLINK-11234 [DTC] - STARLINK-5774,82108.012,82998.365,890.353,
Contact STARLINK-11234 [DTC] - STARLINK-31295,21211.845,21885.623,673.778,
Contact STARLINK-11234 [DTC] - STARLINK-31295,32238.986,33149.636,910.650,
Contact STARLINK-11234 [DTC] - STARLINK-31295,46145.082,47104.736,959.654,
Contact STARLINK-11234 [DTC] - STARLINK-31295,57368.892,58171.234,802.342,
Contact STARLINK-11234 [DTC] - STARLINK-31577,397.131,10751.481,10354.350,
Contact STARLINK-11234 [DTC] - STARLINK-31577,11329.961,35623.421,24293.460,
Contact STARLINK-11234 [DTC] - STARLINK-31577,36193.256,46558.518,10365.262,
Contact STARLINK-11234 [DTC] - STARLINK-31577,47351.288,57462.536,10111.249,
Contact STARLINK-11234 [DTC] - STARLINK-31577,64148.955,65606.974,1458.019,
Contact STARLINK-11234 [DTC] - STARLINK-31577,75395.639,76448.853,1053.214,
Contact STARLINK-11234 [DTC] - STARLINK-5322,10498.208,11255.161,756.952,
Contact STARLINK-11234 [DTC] - STARLINK-5322,24583.056,25303.151,720.095,
Contact STARLINK-11234 [DTC] - STARLINK-5322,35938.988,36455.896,516.908,
Contact STARLINK-11234 [DTC] - STARLINK-2466,636.077,7643.550,7007.474,
Contact STARLINK-11234 [DTC] - STARLINK-2466,17974.845,18376.046,401.202,
Contact STARLINK-11234 [DTC] - STARLINK-2704,3067.812,3713.143,645.331,
Contact STARLINK-11234 [DTC] - STARLINK-2704,14141.092,15013.519,872.427,
Contact STARLINK-11234 [DTC] - STARLINK-2704,28127.220,28992.521,865.301,
Contact STARLINK-11234 [DTC] - STARLINK-2704,39442.182,40051.140,608.958,
Contact STARLINK-11234 [DTC] - STARLINK-2643,42944.834,43368.097,423.263,
Contact STARLINK-11234 [DTC] - STARLINK-2643,53876.817,57687.411,3810.594,
Contact STARLINK-11234 [DTC] - STARLINK-2643,67863.781,68880.238,1016.458,
Contact STARLINK-11234 [DTC] - STARLINK-5807,6505.251,25079.472,18574.220,
Contact STARLINK-11234 [DTC] - STARLINK-5807,32299.983,32577.702,277.719,
Contact STARLINK-11234 [DTC] - STARLINK-4560,60909.057,61315.263,406.205,
Contact STARLINK-11234 [DTC] - STARLINK-4560,86058.938,86400.000,341.062,
Contact STARLINK-11234 [DTC] - STARLINK-3189,42271.273,71711.637,29440.364,
Contact STARLINK-11234 [DTC] - STARLINK-31784,82595.044,83233.385,638.341,
Contact STARLINK-11234 [DTC] - STARLINK-5494,47677.271,54585.434,6908.164,
Contact STARLINK-11234 [DTC] - STARLINK-5494,61475.257,68478.668,7003.411,
Contact STARLINK-11234 [DTC] - STARLINK-30421,579.471,46727.118,46147.647,
Contact STARLINK-11234 [DTC] - STARLINK-4338,17912.187,18424.551,512.364,
Contact STARLINK-11234 [DTC] - STARLINK-4338,31930.914,32528.224,597.310,
Contact STARLINK-11234 [DTC] - STARLINK-4338,43151.050,43805.504,654.454,
Contact STARLINK-11234 [DTC] - STARLINK-4338,57193.605,57883.813,690.209,
Contact STARLINK-11234 [DTC] - STARLINK-4338,82538.246,83158.516,620.270,
Contact STARLINK-11234 [DTC] - STARLINK-32197,0.000,24975.019,24975.019,
Contact STARLINK-11234 [DTC] - STARLINK-32197,32230.781,32619.490,388.710,
Contact STARLINK-11234 [DTC] - STARLINK-2476,6738.151,7533.165,795.014,
Contact STARLINK-11234 [DTC] - STARLINK-6148,22701.012,52054.315,29353.303,
Contact STARLINK-11234 [DTC] - STARLINK-5849,86029.861,86400.000,370.139,
Contact STARLINK-11234 [DTC] - STARLINK-5649,64444.393,86400.000,21955.607,
Contact STARLINK-11234 [DTC] - STARLINK-5197,64470.760,71377.264,6906.503,
Contact STARLINK-11234 [DTC] - STARLINK-5197,72538.503,82649.766,10111.263,
Contact STARLINK-11234 [DTC] - STARLINK-2685,69295.367,86400.000,17104.633,
Contact STARLINK-11234 [DTC] - STARLINK-4254,82532.095,83273.565,741.471,
Contact STARLINK-11234 [DTC] - STARLINK-31853,0.000,481.848,481.848,
Contact STARLINK-11234 [DTC] - STARLINK-31853,10725.303,11563.882,838.578,
Contact STARLINK-11234 [DTC] - STARLINK-31853,24642.462,25377.312,734.850,
Contact STARLINK-11234 [DTC] - STARLINK-31853,35819.515,36385.478,565.963,
Contact STARLINK-11234 [DTC] - STARLINK-4551,10526.649,11027.390,500.741,
Contact STARLINK-11234 [DTC] - STARLINK-4551,35589.303,36402.129,812.827,
Contact STARLINK-11234 [DTC] - STARLINK-1578,35790.624,36405.861,615.237,
Contact STARLINK-11234 [DTC] - STARLINK-1578,49685.784,50527.215,841.431,
Contact STARLINK-11234 [DTC] - STARLINK-1578,60909.658,61714.783,805.125,
Contact STARLINK-11234 [DTC] - STARLINK-5535,9996.501,17411.810,7415.308,
Contact STARLINK-11234 [DTC] - STARLINK-5535,18243.373,25624.782,7381.408,
Contact STARLINK-11234 [DTC] - STARLINK-5289,57223.829,57985.238,761.409,
Contact STARLINK-11234 [DTC] - STARLINK-5289,71310.726,72025.035,714.309,
Contact STARLINK-11234 [DTC] - STARLINK-5289,82658.738,83179.622,520.884,
Contact STARLINK-11234 [DTC] - STARLINK-1276,85753.895,86400.000,646.105,
Contact STARLINK-11234 [DTC] - STARLINK-1666,31954.295,32895.884,941.590,
Contact STARLINK-11234 [DTC] - STARLINK-1666,43132.137,46927.794,3795.657,
Contact STARLINK-11234 [DTC] - STARLINK-1666,57378.614,57925.616,547.002,
Contact STARLINK-11234 [DTC] - STARLINK-1293,49950.915,50912.429,961.514,
Contact STARLINK-11234 [DTC] - STARLINK-1293,61136.277,64932.515,3796.237,
Contact STARLINK-11234 [DTC] - STARLINK-1293,75425.370,75909.398,484.028,
Contact STARLINK-11234 [DTC] - STARLINK-31345,0.000,151.980,151.980,
Contact STARLINK-11234 [DTC] - STARLINK-31345,10392.812,11249.356,856.544,
Contact STARLINK-11234 [DTC] - STARLINK-5058,72923.565,82749.343,9825.778,
Contact STARLINK-11234 [DTC] - STARLINK-31690,0.000,372.279,372.279,
Contact STARLINK-11234 [DTC] - STARLINK-31690,24664.791,25470.081,805.290,
Contact STARLINK-11234 [DTC] - STARLINK-31690,35743.747,36576.819,833.072,
Contact STARLINK-11234 [DTC] - STARLINK-31690,49627.870,50425.103,797.233,
Contact STARLINK-11234 [DTC] - STARLINK-31690,60765.738,61473.171,707.433,
Contact STARLINK-11234 [DTC] - STARLINK-31690,71937.545,72487.647,550.102,
Contact STARLINK-11234 [DTC] - STARLINK-1302,3331.366,10266.365,6934.999,
Contact STARLINK-11234 [DTC] - STARLINK-1302,17398.058,18570.841,1172.783,
Contact STARLINK-11234 [DTC] - STARLINK-4675,4610.629,36562.852,31952.223,
Contact STARLINK-11234 [DTC] - STARLINK-6135,85760.525,86400.000,639.475,
Contact STARLINK-11234 [DTC] - STARLINK-1788,40495.465,71569.358,31073.894,
Contact STARLINK-11234 [DTC] - STARLINK-1080,42461.649,43534.736,1073.087,
Contact STARLINK-11234 [DTC] - STARLINK-1080,50454.972,60747.296,10292.324,
Contact STARLINK-11234 [DTC] - STARLINK-1080,61604.344,68848.988,7244.644,
Contact STARLINK-11234 [DTC] - STARLINK-31554,38885.375,39936.207,1050.832,
Contact STARLINK-11234 [DTC] - STARLINK-31554,49914.227,51087.522,1173.295,
Contact STARLINK-11234 [DTC] - STARLINK-31554,58230.571,67702.062,9471.491,
Contact STARLINK-11234 [DTC] - STARLINK-31554,74953.362,75952.164,998.802,
Contact STARLINK-11234 [DTC] - STARLINK-31554,86192.058,86400.000,207.942,
Contact STARLINK-11234 [DTC] - STARLINK-4383,6827.343,7695.747,868.404,
Contact STARLINK-11234 [DTC] - STARLINK-4383,21007.516,21630.373,622.857,
Contact STARLINK-11234 [DTC] - STARLINK-30052,82152.564,82825.356,672.792,
Contact STARLINK-11234 [DTC] - STARLINK-5713,10053.826,11202.772,1148.946,
Contact STARLINK-11234 [DTC] - STARLINK-5713,21345.903,22348.210,1002.306,
Contact STARLINK-11234 [DTC] - STARLINK-1303,38994.331,39849.127,854.795,
Contact STARLINK-11234 [DTC] - STARLINK-1303,50073.279,51195.078,1121.799,
Contact STARLINK-11234 [DTC] - STARLINK-1303,64249.344,65049.214,799.869,
Contact STARLINK-11234 [DTC] - STARLINK-4612,50161.125,81850.798,31689.673,
Contact STARLINK-11234 [DTC] - STARLINK-5831,24852.501,54245.247,29392.746,
Contact STARLINK-11234 [DTC] - STARLINK-31034,7068.603,7828.493,759.890,
Contact STARLINK-11234 [DTC] - STARLINK-31034,20816.738,21907.047,1090.310,
Contact STARLINK-11234 [DTC] - STARLINK-31034,31929.813,33052.339,1122.526,
Contact STARLINK-11234 [DTC] - STARLINK-31034,43145.814,46847.096,3701.281,
Contact STARLINK-11234 [DTC] - STARLINK-31034,57401.122,57670.272,269.150,
Contact STARLINK-11234 [DTC] - STARLINK-3815,74792.648,75873.571,1080.923,
Contact STARLINK-11234 [DTC] - STARLINK-3815,85846.246,86400.000,553.754,
Contact STARLINK-11234 [DTC] - STARLINK-31611,42499.004,86400.000,43900.996,
Contact STARLINK-11234 [DTC] - MoonARTEMIS1,1864.609,5179.135,3314.526,
Contact STARLINK-11234 [DTC] - MoonARTEMIS1,12883.227,16195.538,3312.311,
Contact STARLINK-11234 [DTC] - MoonARTEMIS1,18396.592,27212.086,8815.495,
Contact STARLINK-11234 [DTC] - MoonARTEMIS1,29410.310,38211.405,8801.096,
Contact STARLINK-11234 [DTC] - MoonARTEMIS1,40410.809,49213.214,8802.405,
Contact STARLINK-11234 [DTC] - MoonARTEMIS1,51413.778,60217.309,8803.531,
Contact STARLINK-11234 [DTC] - MoonARTEMIS1,62418.873,71223.697,8804.824,
Contact STARLINK-11234 [DTC] - MoonARTEMIS1,73426.058,82232.663,8806.605,
Contact STARLINK-11234 [DTC] - MoonARTEMIS1,84435.574,86400.000,1964.426,
Contact STARLINK-11234 [DTC] - MoonARTEMIS2,1920.895,5227.306,3306.410,
Contact STARLINK-11234 [DTC] - MoonARTEMIS2,12931.276,16234.689,3303.414,
Contact STARLINK-11234 [DTC] - MoonARTEMIS2,18435.465,27239.976,8804.511,
Contact STARLINK-11234 [DTC] - MoonARTEMIS2,29441.685,38242.553,8800.868,
Contact STARLINK-11234 [DTC] - MoonARTEMIS2,40444.432,49240.877,8796.445,
Contact STARLINK-11234 [DTC] - MoonARTEMIS2,51441.790,59996.387,8554.597,
Contact STARLINK-11234 [DTC] - MoonARTEMIS2,62599.109,71260.523,8661.414,
Contact STARLINK-11234 [DTC] - MoonARTEMIS2,73465.750,82281.320,8815.570,
Contact STARLINK-11234 [DTC] - MoonARTEMIS2,84484.477,86400.000,1915.523,
Contact STARLINK-11234 [DTC] - MoonIOAGEO,1880.766,5189.388,3308.623,
Contact STARLINK-11234 [DTC] - MoonIOAGEO,12889.850,16138.021,3248.172,
Contact STARLINK-11234 [DTC] - MoonIOAGEO,19982.711,27218.363,7235.651,
Contact STARLINK-11234 [DTC] - MoonIOAGEO,29420.340,38223.065,8802.724,
Contact STARLINK-11234 [DTC] - MoonIOAGEO,40423.309,49221.525,8798.216,
Contact STARLINK-11234 [DTC] - MoonIOAGEO,51423.776,60128.752,8704.976,
Contact STARLINK-11234 [DTC] - MoonIOAGEO,64017.557,71255.426,7237.869,
Contact STARLINK-11234 [DTC] - MoonIOAGEO,73459.477,82261.292,8801.815,
Contact STARLINK-11234 [DTC] - MoonIOAGEO,84462.143,86400.000,1937.857,
Contact STARLINK-11234 [DTC] - MoonIOAGNO,1885.479,5194.163,3308.684,
Contact STARLINK-11234 [DTC] - MoonIOAGNO,12898.525,16210.859,3312.335,
Contact STARLINK-11234 [DTC] - MoonIOAGNO,18411.526,27223.455,8811.929,
Contact STARLINK-11234 [DTC] - MoonIOAGNO,29422.474,38226.186,8803.712,
Contact STARLINK-11234 [DTC] - MoonIOAGNO,40425.606,49225.334,8799.727,
Contact STARLINK-11234 [DTC] - MoonIOAGNO,51427.013,60246.697,8819.683,
Contact STARLINK-11234 [DTC] - MoonIOAGNO,62452.597,71258.781,8806.184,
Contact STARLINK-11234 [DTC] - MoonIOAGNO,73462.122,82262.304,8800.182,
Contact STARLINK-11234 [DTC] - MoonIOAGNO,84464.029,86400.000,1935.971,
Contact STARLINK-11234 [DTC] - MoonIOAGNO 0001,1897.071,5208.332,3311.261,
Contact STARLINK-11234 [DTC] - MoonIOAGNO 0001,12904.189,16210.816,3306.627,
Contact STARLINK-11234 [DTC] - MoonIOAGNO 0001,18405.547,27208.917,8803.370,
Contact STARLINK-11234 [DTC] - MoonIOAGNO 0001,29407.374,38227.932,8820.558,
Contact STARLINK-11234 [DTC] - MoonIOAGNO 0001,40432.385,49240.202,8807.817,
Contact STARLINK-11234 [DTC] - MoonIOAGNO 0001,51442.541,60243.278,8800.738,
Contact STARLINK-11234 [DTC] - MoonIOAGNO 0001,62444.983,71243.634,8798.651,
Contact STARLINK-11234 [DTC] - MoonIOAGNO 0001,73446.247,82267.381,8821.134,
Contact STARLINK-11234 [DTC] - MoonIOAGNO 0001,84472.519,86400.000,1927.481,
Contact STARLINK-11234 [DTC] - MoonIOAGSO,1875.192,5188.707,3313.515,
Contact STARLINK-11234 [DTC] - MoonIOAGSO,12900.352,16203.626,3303.274,
Contact STARLINK-11234 [DTC] - MoonIOAGSO,18400.423,27201.332,8800.909,
Contact STARLINK-11234 [DTC] - MoonIOAGSO,29401.802,38206.990,8805.188,
Contact STARLINK-11234 [DTC] - MoonIOAGSO,40410.229,49223.032,8812.803,
Contact STARLINK-11234 [DTC] - MoonIOAGSO,51429.714,60237.733,8808.020,
Contact STARLINK-11234 [DTC] - MoonIOAGSO,62439.044,71238.809,8799.765,
Contact STARLINK-11234 [DTC] - MoonIOAGSO,73441.134,82246.817,8805.683,
Contact STARLINK-11234 [DTC] - MoonIOAGSO,84450.301,86400.000,1949.699,
Contact STARLINK-11234 [DTC] - MoonIOAGSO 0001,1879.728,5185.165,3305.437,
Contact STARLINK-11234 [DTC] - MoonIOAGSO 0001,12884.210,16189.768,3305.558,
Contact STARLINK-11234 [DTC] - MoonIOAGSO 0001,18389.356,27205.079,8815.724,
Contact STARLINK-11234 [DTC] - MoonIOAGSO 0001,29408.816,38219.781,8810.965,
Contact STARLINK-11234 [DTC] - MoonIOAGSO 0001,40420.029,49219.136,8799.107,
Contact STARLINK-11234 [DTC] - MoonIOAGSO 0001,51421.695,60225.926,8804.231,
Contact STARLINK-11234 [DTC] - MoonIOAGSO 0001,62430.424,71242.788,8812.364,
Contact STARLINK-11234 [DTC] - MoonIOAGSO 0001,73450.082,82257.711,8807.628,
Contact STARLINK-11234 [DTC] - MoonIOAGSO 0001,84457.814,86400.000,1942.186,
Contact STARLINK-11234 [DTC] - MoonLRO,1886.639,5195.522,3308.883,
Contact STARLINK-11234 [DTC] - MoonLRO,12898.949,16201.328,3302.380,
Contact STARLINK-11234 [DTC] - MoonLRO,18399.464,27215.452,8815.988,
Contact STARLINK-11234 [DTC] - MoonLRO,29411.780,38216.203,8804.423,
Contact STARLINK-11234 [DTC] - MoonLRO,40425.054,49230.733,8805.679,
Contact STARLINK-11234 [DTC] - MoonLRO,51427.903,60238.891,8810.989,
Contact STARLINK-11234 [DTC] - MoonLRO,62445.003,71244.656,8799.653,
Contact STARLINK-11234 [DTC] - MoonLRO,73450.644,82262.144,8811.500,
Contact STARLINK-11234 [DTC] - MoonLRO,84459.059,86400.000,1940.941,
Contact STARLINK-11234 [DTC] - MarsSat1,1926.937,5253.663,3326.726,
Contact STARLINK-11234 [DTC] - MarsSat1,12923.018,16249.591,3326.573,
Contact STARLINK-11234 [DTC] - MarsSat1,18421.041,27245.501,8824.459,
Contact STARLINK-11234 [DTC] - MarsSat1,29417.046,38241.397,8824.351,
Contact STARLINK-11234 [DTC] - MarsSat1,40413.005,49237.314,8824.309,
Contact STARLINK-11234 [DTC] - MarsSat1,51408.960,60233.300,8824.340,
Contact STARLINK-11234 [DTC] - MarsSat1,62404.959,71229.389,8824.430,
Contact STARLINK-11234 [DTC] - MarsSat1,73401.031,82225.580,8824.549,
Contact STARLINK-11234 [DTC] - MarsSat1,84397.167,86400.000,2002.833,
Contact STARLINK-11234 [DTC] - MarsSat2,1926.847,5253.587,3326.740,
Contact STARLINK-11234 [DTC] - MarsSat2,12922.983,16249.580,3326.597,
Contact STARLINK-11234 [DTC] - MarsSat2,18421.046,27245.577,8824.532,
Contact STARLINK-11234 [DTC] - MarsSat2,29417.143,38241.581,8824.438,
Contact STARLINK-11234 [DTC] - MarsSat2,40413.214,49237.603,8824.389,
Contact STARLINK-11234 [DTC] - MarsSat2,51409.268,60233.649,8824.381,
Contact STARLINK-11234 [DTC] - MarsSat2,62405.313,71229.724,8824.411,
Contact STARLINK-11234 [DTC] - MarsSat2,73401.354,82225.833,8824.478,
Contact STARLINK-11234 [DTC] - MarsSat2,84397.395,86400.000,2002.605,
Contact STARLINK-11234 [DTC] - MarsSat3,1926.823,5253.530,3326.707,
Contact STARLINK-11234 [DTC] - MarsSat3,12922.883,16249.478,3326.595,
Contact STARLINK-11234 [DTC] - MarsSat3,18420.944,27245.485,8824.541,
Contact STARLINK-11234 [DTC] - MarsSat3,29417.049,38241.475,8824.426,
Contact STARLINK-11234 [DTC] - MarsSat3,40413.101,49237.460,8824.359,
Contact STARLINK-11234 [DTC] - MarsSat3,51409.114,60233.457,8824.342,
Contact STARLINK-11234 [DTC] - MarsSat3,62405.109,71229.483,8824.374,
Contact STARLINK-11234 [DTC] - MarsSat3,73401.102,82225.557,8824.455,
Contact STARLINK-11234 [DTC] - MarsSat3,84397.115,86400.000,2002.885,
Contact STARLINK-11234 [DTC] - MarsSat4,1926.960,5253.642,3326.682,
Contact STARLINK-11234 [DTC] - MarsSat4,12922.895,16249.440,3326.545,
Contact STARLINK-11234 [DTC] - MarsSat4,18420.879,27245.429,8824.549,
Contact STARLINK-11234 [DTC] - MarsSat4,29417.000,38241.384,8824.384,
Contact STARLINK-11234 [DTC] - MarsSat4,40412.991,49237.311,8824.319,
Contact STARLINK-11234 [DTC] - MarsSat4,51408.968,60233.435,8824.467,
Contact STARLINK-11234 [DTC] - MarsSat4,62405.116,71229.511,8824.395,
Contact STARLINK-11234 [DTC] - MarsSat4,73401.128,82225.572,8824.444,
Contact STARLINK-11234 [DTC] - MarsSat4,84397.140,86400.000,2002.860,
Contact STARLINK-3393 - STARLINK-3580,0.000,86400.000,86400.000,
Contact STARLINK-3393 - STARLINK-31039,35894.957,36435.762,540.805,
Contact STARLINK-3393 - STARLINK-31039,50180.699,50783.318,602.619,
Contact STARLINK-3393 - STARLINK-31039,64455.942,65141.278,685.336,
Contact STARLINK-3393 - STARLINK-31039,78749.158,79481.281,732.122,
Contact STARLINK-3393 - STARLINK-4216,0.000,420.115,420.115,
Contact STARLINK-3393 - STARLINK-4216,13818.988,14718.955,899.967,
Contact STARLINK-3393 - STARLINK-4216,28119.185,29012.836,893.652,
Contact STARLINK-3393 - STARLINK-4216,39557.448,43311.630,3754.182,
Contact STARLINK-3393 - STARLINK-4216,53852.921,57605.478,3752.558,
Contact STARLINK-3393 - STARLINK-4216,68153.103,69042.513,889.411,
Contact STARLINK-3393 - STARLINK-4216,82448.577,83341.244,892.667,
Contact STARLINK-3393 - STARLINK-3536,0.000,2948.104,2948.104,
Contact STARLINK-3393 - STARLINK-3536,10081.233,11505.926,1424.693,
Contact STARLINK-3393 - STARLINK-3536,18657.601,25806.618,7149.017,
Contact STARLINK-3393 - STARLINK-3536,32982.534,40078.415,7095.881,
Contact STARLINK-3393 - STARLINK-3536,47284.182,54378.908,7094.726,
Contact STARLINK-3393 - STARLINK-3536,64460.583,71521.791,7061.208,
Contact STARLINK-3393 - STARLINK-3536,78787.021,85792.186,7005.165,
Contact STARLINK-3393 - STARLINK-31558,17933.778,18423.009,489.231,
Contact STARLINK-3393 - STARLINK-31558,31928.174,32719.096,790.922,
Contact STARLINK-3393 - STARLINK-31558,43178.134,46942.016,3763.882,
Contact STARLINK-3393 - STARLINK-31558,57288.305,58278.653,990.349,
Contact STARLINK-3393 - STARLINK-31558,71454.437,72401.074,946.636,
Contact STARLINK-3393 - STARLINK-31558,85671.040,86400.000,728.960,
Contact STARLINK-3393 - STARLINK-4359,0.000,6577.603,6577.603,
Contact STARLINK-3393 - STARLINK-4359,7276.178,86400.000,79123.822,
Contact STARLINK-3393 - STARLINK-4006,3517.118,4237.489,720.372,
Contact STARLINK-3393 - STARLINK-4006,17801.906,18534.781,732.875,
Contact STARLINK-3393 - STARLINK-4006,32093.995,32825.151,731.156,
Contact STARLINK-3393 - STARLINK-4006,46378.884,47122.282,743.398,
Contact STARLINK-3393 - STARLINK-4006,60670.946,61412.604,741.658,
Contact STARLINK-3393 - STARLINK-4006,74955.931,75709.578,753.647,
Contact STARLINK-3393 - STARLINK-4006,86386.768,86400.000,13.232,
Contact STARLINK-3393 - STARLINK-31295,0.000,2880.462,2880.462,
Contact STARLINK-3393 - STARLINK-31295,4140.177,11343.458,7203.281,
Contact STARLINK-3393 - STARLINK-31295,18462.299,25432.298,6969.999,
Contact STARLINK-3393 - STARLINK-31295,35729.658,36656.430,926.773,
Contact STARLINK-3393 - STARLINK-31577,6472.467,7472.208,999.742,
Contact STARLINK-3393 - STARLINK-31577,17671.869,24414.273,6742.404,
Contact STARLINK-3393 - STARLINK-31577,31824.337,32791.085,966.748,
Contact STARLINK-3393 - STARLINK-5322,10513.428,11350.841,837.413,
Contact STARLINK-3393 - STARLINK-5322,24914.244,25662.158,747.914,
Contact STARLINK-3393 - STARLINK-5322,39346.455,39942.822,596.367,
Contact STARLINK-3393 - STARLINK-5322,53781.590,54219.825,438.236,
Contact STARLINK-3393 - STARLINK-2466,6814.387,7269.668,455.281,
Contact STARLINK-3393 - STARLINK-2704,2994.760,3755.625,760.864,
Contact STARLINK-3393 - STARLINK-2704,17253.639,18037.532,783.893,
Contact STARLINK-3393 - STARLINK-2704,28661.758,29462.086,800.328,
Contact STARLINK-3393 - STARLINK-2704,42922.952,43741.762,818.810,
Contact STARLINK-3393 - STARLINK-2704,57184.531,58020.688,836.158,
Contact STARLINK-3393 - STARLINK-2704,71447.323,72298.523,851.200,
Contact STARLINK-3393 - STARLINK-2704,85710.740,86400.000,689.260,
Contact STARLINK-3393 - STARLINK-5807,681.757,7599.185,6917.428,
Contact STARLINK-3393 - STARLINK-5807,15031.986,21957.022,6925.036,
Contact STARLINK-3393 - STARLINK-5807,32258.723,36315.016,4056.293,
Contact STARLINK-3393 - STARLINK-5807,46619.888,50651.567,4031.680,
Contact STARLINK-3393 - STARLINK-5807,61004.569,64987.989,3983.420,
Contact STARLINK-3393 - STARLINK-5807,75387.962,79301.461,3913.499,
Contact STARLINK-3393 - STARLINK-4560,35950.980,36614.965,663.985,
Contact STARLINK-3393 - STARLINK-4560,50298.630,50959.152,660.522,
Contact STARLINK-3393 - STARLINK-4560,64636.711,65312.082,675.371,
Contact STARLINK-3393 - STARLINK-4560,78984.452,79656.139,671.686,
Contact STARLINK-3393 - STARLINK-30421,574.414,7645.750,7071.336,
Contact STARLINK-3393 - STARLINK-30421,17586.856,24622.079,7035.223,
Contact STARLINK-3393 - STARLINK-30421,31850.063,33064.508,1214.445,
Contact STARLINK-3393 - STARLINK-30421,46176.092,47094.899,918.807,
Contact STARLINK-3393 - STARLINK-4338,32386.251,32850.777,464.526,
Contact STARLINK-3393 - STARLINK-4338,46685.724,47247.869,562.145,
Contact STARLINK-3393 - STARLINK-4338,61008.007,61622.228,614.221,
Contact STARLINK-3393 - STARLINK-4338,75322.290,76004.239,681.949,
Contact STARLINK-3393 - STARLINK-32197,0.000,67695.455,67695.455,
Contact STARLINK-3393 - STARLINK-6148,46160.606,46921.319,760.713,
Contact STARLINK-3393 - STARLINK-6148,57380.135,61504.052,4123.917,
Contact STARLINK-3393 - STARLINK-6148,68642.858,79004.769,10361.911,
Contact STARLINK-3393 - STARLINK-6148,79903.491,86400.000,6496.509,
Contact STARLINK-3393 - STARLINK-11199 [DTC],58313.071,82300.263,23987.192,
Contact STARLINK-3393 - STARLINK-11199 [DTC],83161.177,86400.000,3238.823,
Contact STARLINK-3393 - STARLINK-11101 [DTC],57574.187,58181.201,607.014,
Contact STARLINK-3393 - STARLINK-11101 [DTC],71486.488,72294.760,808.272,
Contact STARLINK-3393 - STARLINK-11101 [DTC],82704.415,83496.072,791.657,
Contact STARLINK-3393 - STARLINK-31853,25052.885,28821.164,3768.279,
Contact STARLINK-3393 - STARLINK-31853,39050.362,40246.691,1196.328,
Contact STARLINK-3393 - STARLINK-31853,47489.854,54437.285,6947.431,
Contact STARLINK-3393 - STARLINK-31853,64491.248,71323.862,6832.615,
Contact STARLINK-3393 - STARLINK-31853,78785.713,79701.528,915.815,
Contact STARLINK-3393 - STARLINK-4551,0.000,2892.500,2892.500,
Contact STARLINK-3393 - STARLINK-4551,10357.073,11466.514,1109.442,
Contact STARLINK-3393 - STARLINK-4551,24650.402,25768.895,1118.493,
Contact STARLINK-3393 - STARLINK-4551,38952.673,40061.969,1109.296,
Contact STARLINK-3393 - STARLINK-4551,47526.905,54364.277,6837.372,
Contact STARLINK-3393 - STARLINK-4551,64684.301,68657.299,3972.998,
Contact STARLINK-3393 - STARLINK-4551,78986.588,82959.534,3972.946,
Contact STARLINK-3393 - STARLINK-1578,10636.028,11394.616,758.589,
Contact STARLINK-3393 - STARLINK-1578,24928.484,25693.016,764.531,
Contact STARLINK-3393 - STARLINK-1578,39226.479,39986.292,759.813,
Contact STARLINK-3393 - STARLINK-1578,53518.915,54284.618,765.702,
Contact STARLINK-3393 - STARLINK-1578,67816.860,68577.841,760.981,
Contact STARLINK-3393 - STARLINK-1578,82109.276,82876.093,766.817,
Contact STARLINK-3393 - STARLINK-5535,6909.543,10892.648,3983.105,
Contact STARLINK-3393 - STARLINK-5535,21240.159,28143.010,6902.850,
Contact STARLINK-3393 - STARLINK-5535,35563.880,42517.196,6953.316,
Contact STARLINK-3393 - STARLINK-5535,49907.515,56872.780,6965.265,
Contact STARLINK-3393 - STARLINK-5535,64245.103,65492.111,1247.007,
Contact STARLINK-3393 - STARLINK-5535,78603.784,79835.834,1232.050,
Contact STARLINK-3393 - STARLINK-1666,35618.754,36110.610,491.856,
Contact STARLINK-3393 - STARLINK-1666,49860.272,50483.806,623.534,
Contact STARLINK-3393 - STARLINK-1666,64072.498,64889.254,816.756,
Contact STARLINK-3393 - STARLINK-1666,75468.730,79240.638,3771.908,
Contact STARLINK-3393 - STARLINK-1293,68318.573,68776.367,457.794,
Contact STARLINK-3393 - STARLINK-1293,82611.916,83109.719,497.803,
Contact STARLINK-3393 - STARLINK-31345,24617.880,25719.046,1101.166,
Contact STARLINK-3393 - STARLINK-31345,33011.410,40105.372,7093.962,
Contact STARLINK-3393 - STARLINK-31345,47038.655,57274.799,10236.144,
Contact STARLINK-3393 - STARLINK-31345,58323.544,71492.513,13168.969,
Contact STARLINK-3393 - STARLINK-31345,72519.181,79962.730,7443.548,
Contact STARLINK-3393 - STARLINK-31690,0.000,460.213,460.213,
Contact STARLINK-3393 - STARLINK-31690,13750.447,14704.881,954.434,
Contact STARLINK-3393 - STARLINK-31690,25033.016,28879.785,3846.769,
Contact STARLINK-3393 - STARLINK-31690,39191.035,40181.100,990.065,
Contact STARLINK-3393 - STARLINK-31690,53401.479,54258.354,856.875,
Contact STARLINK-3393 - STARLINK-1302,3564.909,7241.743,3676.833,
Contact STARLINK-3393 - STARLINK-1302,17887.229,18681.759,794.530,
Contact STARLINK-3393 - STARLINK-1302,32219.490,32976.443,756.953,
Contact STARLINK-3393 - STARLINK-1302,46543.579,47278.934,735.356,
Contact STARLINK-3393 - STARLINK-1302,60878.422,61571.035,692.613,
Contact STARLINK-3393 - STARLINK-1302,75204.587,75871.411,666.824,
Contact STARLINK-3393 - STARLINK-4675,0.000,86400.000,86400.000,
Contact STARLINK-3393 - STARLINK-31554,2917.387,3900.811,983.424,
Contact STARLINK-3393 - STARLINK-31554,14257.959,18006.247,3748.288,
Contact STARLINK-3393 - STARLINK-31554,28483.445,29248.280,764.835,
Contact STARLINK-3393 - STARLINK-31554,42801.181,43217.523,416.342,
Contact STARLINK-3393 - STARLINK-4383,486.902,7690.027,7203.125,
Contact STARLINK-3393 - STARLINK-4383,14889.760,21981.822,7092.062,
Contact STARLINK-3393 - STARLINK-4383,32180.791,36286.319,4105.528,
Contact STARLINK-3393 - STARLINK-4383,46593.773,50558.092,3964.319,
Contact STARLINK-3393 - STARLINK-4383,61032.276,64841.273,3808.998,
Contact STARLINK-3393 - STARLINK-4383,75469.364,76246.674,777.310,
Contact STARLINK-3393 - STARLINK-5713,0.000,32149.622,32149.622,
Contact STARLINK-3393 - STARLINK-5713,32627.267,46298.314,13671.048,
Contact STARLINK-3393 - STARLINK-5713,47102.859,60494.592,13391.733,
Contact STARLINK-3393 - STARLINK-5713,61588.155,68992.842,7404.687,
Contact STARLINK-3393 - STARLINK-5713,76036.780,83189.871,7153.091,
Contact STARLINK-3393 - STARLINK-1303,0.000,281.464,281.464,
Contact STARLINK-3393 - STARLINK-1303,14131.055,14611.890,480.835,
Contact STARLINK-3393 - STARLINK-1303,28422.679,28944.020,521.341,
Contact STARLINK-3393 - STARLINK-1303,42718.664,43271.289,552.625,
Contact STARLINK-3393 - STARLINK-1303,57013.001,57600.655,587.654,
Contact STARLINK-3393 - STARLINK-1303,82749.341,83386.314,636.973,
Contact STARLINK-3393 - STARLINK-11265 [DTC],32990.675,62009.354,29018.679,
Contact STARLINK-3393 - STARLINK-5831,71856.065,72604.883,748.818,
Contact STARLINK-3393 - STARLINK-5831,86044.755,86400.000,355.245,
Contact STARLINK-3393 - STARLINK-31034,0.000,42507.836,42507.836,
Contact STARLINK-3393 - STARLINK-31034,43586.930,50569.515,6982.585,
Contact STARLINK-3393 - MoonARTEMIS1,1066.855,16527.727,15460.871,
Contact STARLINK-3393 - MoonARTEMIS1,18324.273,27953.264,9628.992,
Contact STARLINK-3393 - MoonARTEMIS1,29808.265,39382.575,9574.310,
Contact STARLINK-3393 - MoonARTEMIS1,41264.152,45098.718,3834.565,
Contact STARLINK-3393 - MoonARTEMIS1,46993.227,56532.835,9539.608,
Contact STARLINK-3393 - MoonARTEMIS1,58453.149,67968.951,9515.802,
Contact STARLINK-3393 - MoonARTEMIS1,69915.062,73687.696,3772.634,
Contact STARLINK-3393 - MoonARTEMIS1,75646.727,85126.573,9479.846,
Contact STARLINK-3393 - MoonARTEMIS2,1183.876,16538.982,15355.107,
Contact STARLINK-3393 - MoonARTEMIS2,18394.951,27971.969,9577.018,
Contact STARLINK-3393 - MoonARTEMIS2,29859.466,39404.288,9544.822,
Contact STARLINK-3393 - MoonARTEMIS2,41316.359,45119.740,3803.381,
Contact STARLINK-3393 - MoonARTEMIS2,47041.346,56546.194,9504.848,
Contact STARLINK-3393 - MoonARTEMIS2,64222.491,67980.219,3757.728,
Contact STARLINK-3393 - MoonARTEMIS2,69965.420,73702.044,3736.625,
Contact STARLINK-3393 - MoonARTEMIS2,75704.688,85145.695,9441.007,
Contact STARLINK-3393 - MoonIOAGEO,1103.261,16165.969,15062.708,
Contact STARLINK-3393 - MoonIOAGEO,19899.912,27956.006,8056.094,
Contact STARLINK-3393 - MoonIOAGEO,29825.959,39392.889,9566.930,
Contact STARLINK-3393 - MoonIOAGEO,41282.596,45109.985,3827.390,
Contact STARLINK-3393 - MoonIOAGEO,47007.390,56542.152,9534.762,
Contact STARLINK-3393 - MoonIOAGEO,64219.797,67979.232,3759.435,
Contact STARLINK-3393 - MoonIOAGEO,69959.905,73699.587,3739.682,
Contact STARLINK-3393 - MoonIOAGEO,75693.493,85138.330,9444.837,
Contact STARLINK-3393 - MoonIOAGNO,1108.017,16537.915,15429.898,
Contact STARLINK-3393 - MoonIOAGNO,18349.589,27989.306,9639.717,
Contact STARLINK-3393 - MoonIOAGNO,29822.829,39415.330,9592.501,
Contact STARLINK-3393 - MoonIOAGNO,41283.918,45121.581,3837.663,
Contact STARLINK-3393 - MoonIOAGNO,47012.674,56542.999,9530.325,
Contact STARLINK-3393 - MoonIOAGNO,58494.998,68004.278,9509.280,
Contact STARLINK-3393 - MoonIOAGNO,69966.224,73724.657,3758.433,
Contact STARLINK-3393 - MoonIOAGNO,75694.863,85152.709,9457.847,
Contact STARLINK-3393 - MoonIOAGNO 0001,1128.445,16556.084,15427.640,
Contact STARLINK-3393 - MoonIOAGNO 0001,18335.912,27960.325,9624.413,
Contact STARLINK-3393 - MoonIOAGNO 0001,29802.844,39405.483,9602.639,
Contact STARLINK-3393 - MoonIOAGNO 0001,41297.805,45133.353,3835.548,
Contact STARLINK-3393 - MoonIOAGNO 0001,47033.014,56569.963,9536.949,
Contact STARLINK-3393 - MoonIOAGNO 0001,58492.652,67989.047,9496.396,
Contact STARLINK-3393 - MoonIOAGNO 0001,69945.482,73694.063,3748.581,
Contact STARLINK-3393 - MoonIOAGNO 0001,75678.601,85154.359,9475.758,
Contact STARLINK-3393 - MoonIOAGSO,1094.759,16513.948,15419.189,
Contact STARLINK-3393 - MoonIOAGSO,18337.334,27929.416,9592.082,
Contact STARLINK-3393 - MoonIOAGSO,29798.199,39369.232,9571.034,
Contact STARLINK-3393 - MoonIOAGSO,41266.307,45096.141,3829.834,
Contact STARLINK-3393 - MoonIOAGSO,47005.409,54694.471,7689.062,
Contact STARLINK-3393 - MoonIOAGSO,58488.010,67958.549,9470.539,
Contact STARLINK-3393 - MoonIOAGSO,69940.125,73675.243,3735.118,
Contact STARLINK-3393 - MoonIOAGSO,75668.616,85121.129,9452.513,
Contact STARLINK-3393 - MoonIOAGSO 0001,1111.957,10780.090,9668.133,
Contact STARLINK-3393 - MoonIOAGSO 0001,12579.942,16500.637,3920.695,
Contact STARLINK-3393 - MoonIOAGSO 0001,18317.005,27956.549,9639.544,
Contact STARLINK-3393 - MoonIOAGSO 0001,29805.257,39377.385,9572.128,
Contact STARLINK-3393 - MoonIOAGSO 0001,41280.925,45085.443,3804.518,
Contact STARLINK-3393 - MoonIOAGSO 0001,47008.776,56519.407,9510.630,
Contact STARLINK-3393 - MoonIOAGSO 0001,58469.728,67971.146,9501.418,
Contact STARLINK-3393 - MoonIOAGSO 0001,69941.914,73702.670,3760.756,
Contact STARLINK-3393 - MoonIOAGSO 0001,77719.840,85121.906,7402.066,
Contact STARLINK-3393 - MoonLRO,1121.191,16519.431,15398.241,
Contact STARLINK-3393 - MoonLRO,18330.335,27961.288,9630.953,
Contact STARLINK-3393 - MoonLRO,29808.851,39394.034,9585.183,
Contact STARLINK-3393 - MoonLRO,41288.945,45105.260,3816.316,
Contact STARLINK-3393 - MoonLRO,47020.538,56540.613,9520.075,
Contact STARLINK-3393 - MoonLRO,58479.614,67985.616,9506.001,
Contact STARLINK-3393 - MoonLRO,69952.460,73701.945,3749.486,
Contact STARLINK-3393 - MoonLRO,75687.808,85131.702,9443.894,
Contact STARLINK-3393 - MarsSat1,1335.856,10778.107,9442.251,
Contact STARLINK-3393 - MarsSat1,12663.824,16496.790,3832.966,
Contact STARLINK-3393 - MarsSat1,18386.409,27934.172,9547.763,
Contact STARLINK-3393 - MarsSat1,29831.396,39371.587,9540.190,
Contact STARLINK-3393 - MarsSat1,41276.166,45090.315,3814.149,
Contact STARLINK-3393 - MarsSat1,46998.492,56527.838,9529.346,
Contact STARLINK-3393 - MarsSat1,58443.081,67965.470,9522.389,
Contact STARLINK-3393 - MarsSat1,69887.638,73684.328,3796.690,
Contact STARLINK-3393 - MarsSat1,75609.909,85122.112,9512.204,
Contact STARLINK-3393 - MarsSat2,1218.343,10778.147,9559.804,
Contact STARLINK-3393 - MarsSat2,12663.749,16496.883,3833.133,
Contact STARLINK-3393 - MarsSat2,18386.393,27934.347,9547.954,
Contact STARLINK-3393 - MarsSat2,29831.526,39371.828,9540.301,
Contact STARLINK-3393 - MarsSat2,41276.472,45090.582,3814.110,
Contact STARLINK-3393 - MarsSat2,46998.881,56528.124,9529.243,
Contact STARLINK-3393 - MarsSat2,58443.580,67965.716,9522.136,
Contact STARLINK-3393 - MarsSat2,69888.132,73684.533,3796.401,
Contact STARLINK-3393 - MarsSat2,75610.355,85122.207,9511.852,
Contact STARLINK-3393 - MarsSat3,1218.343,10777.984,9559.641,
Contact STARLINK-3393 - MarsSat3,12663.616,16496.756,3833.140,
Contact STARLINK-3393 - MarsSat3,18386.246,27934.281,9548.035,
Contact STARLINK-3393 - MarsSat3,29831.383,39371.744,9540.361,
Contact STARLINK-3393 - MarsSat3,41276.302,45090.471,3814.169,
Contact STARLINK-3393 - MarsSat3,46998.685,56527.943,9529.258,
Contact STARLINK-3393 - MarsSat3,58443.320,67965.472,9522.152,
Contact STARLINK-3393 - MarsSat3,69887.801,73684.268,3796.466,
Contact STARLINK-3393 - MarsSat3,75609.995,85121.950,9511.955,
Contact STARLINK-3393 - MarsSat4,1218.537,10777.954,9559.417,
Contact STARLINK-3393 - MarsSat4,12663.658,16496.611,3832.953,
Contact STARLINK-3393 - MarsSat4,18386.173,27934.181,9548.008,
Contact STARLINK-3393 - MarsSat4,29831.325,39371.540,9540.215,
Contact STARLINK-3393 - MarsSat4,41276.155,45090.249,3814.093,
Contact STARLINK-3393 - MarsSat4,46998.488,56527.921,9529.433,
Contact STARLINK-3393 - MarsSat4,58443.233,67965.553,9522.320,
Contact STARLINK-3393 - MarsSat4,69887.839,73684.324,3796.485,
Contact STARLINK-3393 - MarsSat4,75610.019,85122.049,9512.029,
Contact STARLINK-3104 - STARLINK-1028,71552.416,72032.325,479.909,
Contact STARLINK-3104 - STARLINK-1028,85855.718,86400.000,544.282,
Contact STARLINK-3104 - STARLINK-5168,0.000,35967.526,35967.526,
Contact STARLINK-3104 - STARLINK-5168,36572.963,50179.965,13607.003,
Contact STARLINK-3104 - STARLINK-5168,51110.634,64374.500,13263.867,
Contact STARLINK-3104 - STARLINK-5168,71440.555,78555.726,7115.171,
Contact STARLINK-3104 - STARLINK-5168,86043.671,86400.000,356.329,
Contact STARLINK-3104 - STARLINK-1911,75130.739,82640.749,7510.009,
Contact STARLINK-3104 - STARLINK-1911,83352.497,86400.000,3047.503,
Contact STARLINK-3104 - STARLINK-4216,3037.591,3811.091,773.500,
Contact STARLINK-3104 - STARLINK-4216,17419.951,18146.511,726.560,
Contact STARLINK-3104 - STARLINK-4216,31799.465,32485.655,686.190,
Contact STARLINK-3104 - STARLINK-4216,46190.393,46812.554,622.161,
Contact STARLINK-3104 - STARLINK-1598,58924.932,86400.000,27475.068,
Contact STARLINK-3104 - STARLINK-4126,0.000,3955.468,3955.468,
Contact STARLINK-3104 - STARLINK-4126,14198.642,18313.205,4114.563,
Contact STARLINK-3104 - STARLINK-4126,28573.173,32671.580,4098.407,
Contact STARLINK-3104 - STARLINK-4126,42945.051,47007.872,4062.821,
Contact STARLINK-3104 - STARLINK-4126,57341.813,61344.581,4002.768,
Contact STARLINK-3104 - STARLINK-4126,71736.199,75657.344,3921.145,
Contact STARLINK-3104 - STARLINK-4126,86158.637,86400.000,241.363,
Contact STARLINK-3104 - STARLINK-4793,10205.269,86400.000,76194.731,
Contact STARLINK-3104 - STARLINK-3536,0.000,6480.104,6480.104,
Contact STARLINK-3104 - STARLINK-3536,13914.361,15043.455,1129.094,
Contact STARLINK-3104 - STARLINK-3536,28421.329,29265.645,844.317,
Contact STARLINK-3104 - STARLINK-3536,42969.464,43439.548,470.084,
Contact STARLINK-3104 - STARLINK-31405,39383.931,40254.919,870.989,
Contact STARLINK-3104 - STARLINK-31405,53428.913,54615.674,1186.761,
Contact STARLINK-3104 - STARLINK-31405,61947.119,68791.520,6844.401,
Contact STARLINK-3104 - STARLINK-31405,79150.558,82815.226,3664.668,
Contact STARLINK-3104 - STARLINK-1711,35907.802,86400.000,50492.198,
Contact STARLINK-3104 - STARLINK-31026,3436.066,7232.455,3796.389,
Contact STARLINK-3104 - STARLINK-31026,17825.414,21619.132,3793.718,
Contact STARLINK-3104 - STARLINK-31026,32214.350,36002.930,3788.581,
Contact STARLINK-3104 - STARLINK-31026,46605.646,47510.143,904.497,
Contact STARLINK-3104 - STARLINK-31026,60996.123,61894.686,898.563,
Contact STARLINK-3104 - STARLINK-31026,75389.440,76275.659,886.220,
Contact STARLINK-3104 - STARLINK-31139,53761.253,54329.293,568.040,
Contact STARLINK-3104 - STARLINK-31139,67946.650,68683.216,736.566,
Contact STARLINK-3104 - STARLINK-31139,82158.803,83009.869,851.066,
Contact STARLINK-3104 - STARLINK-31192,10338.158,17315.360,6977.202,
Contact STARLINK-3104 - STARLINK-31192,24452.981,25935.515,1482.534,
Contact STARLINK-3104 - STARLINK-31192,33003.390,40155.819,7152.429,
Contact STARLINK-3104 - STARLINK-31192,47351.494,54256.509,6905.015,
Contact STARLINK-3104 - STARLINK-31558,6925.196,7801.033,875.837,
Contact STARLINK-3104 - STARLINK-31558,21217.102,21921.270,704.168,
Contact STARLINK-3104 - STARLINK-4006,6871.877,7629.114,757.237,
Contact STARLINK-3104 - STARLINK-4006,21257.895,21949.790,691.895,
Contact STARLINK-3104 - STARLINK-4006,35640.673,36272.708,632.035,
Contact STARLINK-3104 - STARLINK-4006,50038.049,50582.116,544.067,
Contact STARLINK-3104 - STARLINK-4006,64434.965,64890.880,455.915,
Contact STARLINK-3104 - STARLINK-4111,10743.813,11366.621,622.808,
Contact STARLINK-3104 - STARLINK-4111,25060.131,25771.705,711.574,
Contact STARLINK-3104 - STARLINK-4111,39396.610,40156.256,759.647,
Contact STARLINK-3104 - STARLINK-4111,53725.784,54548.307,822.524,
Contact STARLINK-3104 - STARLINK-4111,68071.907,68923.218,851.312,
Contact STARLINK-3104 - STARLINK-4111,82411.135,83305.047,893.911,
Contact STARLINK-3104 - STARLINK-31128,25141.460,25516.821,375.361,
Contact STARLINK-3104 - STARLINK-31128,39301.302,39916.380,615.078,
Contact STARLINK-3104 - STARLINK-31128,53499.742,54277.178,777.436,
Contact STARLINK-3104 - STARLINK-31128,67737.460,68598.236,860.776,
Contact STARLINK-3104 - STARLINK-31128,79142.936,82900.632,3757.696,
Contact STARLINK-3104 - STARLINK-5322,0.000,580.143,580.143,
Contact STARLINK-3104 - STARLINK-5322,14038.325,15004.979,966.654,
Contact STARLINK-3104 - STARLINK-5322,28463.504,29415.355,951.851,
Contact STARLINK-3104 - STARLINK-5322,42874.583,43840.175,965.592,
Contact STARLINK-3104 - STARLINK-5322,57299.750,58250.553,950.802,
Contact STARLINK-3104 - STARLINK-5322,71710.838,72675.355,964.517,
Contact STARLINK-3104 - STARLINK-5322,86135.994,86400.000,264.006,
Contact STARLINK-3104 - STARLINK-2466,7085.302,10841.035,3755.733,
Contact STARLINK-3104 - STARLINK-2466,21480.836,22318.506,837.670,
Contact STARLINK-3104 - STARLINK-2466,35868.531,36667.448,798.917,
Contact STARLINK-3104 - STARLINK-2466,50272.332,51001.031,728.700,
Contact STARLINK-3104 - STARLINK-2466,64668.392,65341.562,673.170,
Contact STARLINK-3104 - STARLINK-2466,79083.078,79664.339,581.261,
Contact STARLINK-3104 - STARLINK-2704,3543.665,4304.844,761.179,
Contact STARLINK-3104 - STARLINK-2704,17898.212,18614.118,715.905,
Contact STARLINK-3104 - STARLINK-2704,32257.696,32919.608,661.912,
Contact STARLINK-3104 - STARLINK-2704,46623.803,47217.199,593.396,
Contact STARLINK-3104 - STARLINK-2704,60993.707,61512.215,518.508,
Contact STARLINK-3104 - STARLINK-2704,75375.390,75794.134,418.744,
Contact STARLINK-3104 - STARLINK-2367,0.000,86400.000,86400.000,
Contact STARLINK-3104 - STARLINK-4560,10709.897,11430.445,720.548,
Contact STARLINK-3104 - STARLINK-4560,25110.274,25842.454,732.180,
Contact STARLINK-3104 - STARLINK-4560,39521.369,40243.090,721.721,
Contact STARLINK-3104 - STARLINK-4560,53921.688,54655.138,733.450,
Contact STARLINK-3104 - STARLINK-4560,68332.612,69055.930,723.318,
Contact STARLINK-3104 - STARLINK-4560,82732.890,83468.003,735.113,
Contact STARLINK-3104 - STARLINK-32197,0.000,7434.891,7434.891,
Contact STARLINK-3104 - STARLINK-2476,10102.398,11074.195,971.797,
Contact STARLINK-3104 - STARLINK-2476,24480.341,25449.832,969.492,
Contact STARLINK-3104 - STARLINK-2476,35988.935,39812.219,3823.284,
Contact STARLINK-3104 - STARLINK-2476,50382.447,54182.889,3800.442,
Contact STARLINK-3104 - STARLINK-2476,64767.228,68540.470,3773.242,
Contact STARLINK-3104 - STARLINK-2476,79165.658,82906.289,3740.631,
Contact STARLINK-3104 - STARLINK-2105,17931.986,18461.627,529.641,
Contact STARLINK-3104 - STARLINK-2105,32212.788,32917.095,704.307,
Contact STARLINK-3104 - STARLINK-2105,46527.592,47339.442,811.850,
Contact STARLINK-3104 - STARLINK-2105,60838.186,61764.876,926.690,
Contact STARLINK-3104 - STARLINK-2105,75171.420,76168.740,997.321,
Contact STARLINK-3104 - STARLINK-31536,53739.063,54416.763,677.700,
Contact STARLINK-3104 - STARLINK-31536,67902.682,68747.670,844.988,
Contact STARLINK-3104 - STARLINK-31536,82108.415,83035.921,927.506,
Contact STARLINK-3104 - STARLINK-11199 [DTC],24801.473,32303.806,7502.333,
Contact STARLINK-3104 - STARLINK-11199 [DTC],32832.338,45899.368,13067.030,
Contact STARLINK-3104 - STARLINK-5849,0.000,86400.000,86400.000,
Contact STARLINK-3104 - STARLINK-11101 [DTC],10583.715,10979.281,395.566,
Contact STARLINK-3104 - STARLINK-11101 [DTC],24508.737,25201.770,693.034,
Contact STARLINK-3104 - STARLINK-11101 [DTC],35732.032,36494.630,762.598,
Contact STARLINK-3104 - STARLINK-11101 [DTC],49850.805,50522.317,671.512,
Contact STARLINK-3104 - STARLINK-31853,2973.215,4063.088,1089.872,
Contact STARLINK-3104 - STARLINK-31853,14372.009,18201.447,3829.438,
Contact STARLINK-3104 - STARLINK-31853,28758.740,29409.156,650.416,
Contact STARLINK-3104 - STARLINK-4551,0.000,370.537,370.537,
Contact STARLINK-3104 - STARLINK-4551,14249.679,14666.203,416.524,
Contact STARLINK-3104 - STARLINK-4551,28762.646,28873.078,110.432,
Contact STARLINK-3104 - STARLINK-1276,82785.418,83468.199,682.780,
Contact STARLINK-3104 - STARLINK-5837,0.000,3797.001,3797.001,
Contact STARLINK-3104 - STARLINK-5837,14079.017,18213.149,4134.131,
Contact STARLINK-3104 - STARLINK-5837,28486.047,32644.054,4158.006,
Contact STARLINK-3104 - STARLINK-5837,42873.455,47059.988,4186.534,
Contact STARLINK-3104 - STARLINK-5837,57281.184,61490.234,4209.050,
Contact STARLINK-3104 - STARLINK-5837,71669.105,75905.889,4236.784,
Contact STARLINK-3104 - STARLINK-5837,86077.638,86400.000,322.362,
Contact STARLINK-3104 - STARLINK-30879,82521.006,86400.000,3878.994,
Contact STARLINK-3104 - STARLINK-31345,0.000,6748.188,6748.188,
Contact STARLINK-3104 - STARLINK-31345,13951.917,20853.267,6901.351,
Contact STARLINK-3104 - STARLINK-31345,28474.312,29218.763,744.451,
Contact STARLINK-3104 - STARLINK-31690,3100.519,3899.736,799.217,
Contact STARLINK-3104 - STARLINK-5239,46609.947,47208.737,598.790,
Contact STARLINK-3104 - STARLINK-5239,60811.334,61734.128,922.794,
Contact STARLINK-3104 - STARLINK-5239,75080.716,76196.958,1116.243,
Contact STARLINK-3104 - STARLINK-1302,6972.272,7686.378,714.105,
Contact STARLINK-3104 - STARLINK-1302,21381.974,22028.384,646.410,
Contact STARLINK-3104 - STARLINK-1302,35783.028,36378.226,595.197,
Contact STARLINK-3104 - STARLINK-1302,50201.641,50711.386,509.744,
Contact STARLINK-3104 - STARLINK-1302,64612.691,65051.220,438.529,
Contact STARLINK-3104 - STARLINK-1302,79050.767,79364.976,314.209,
Contact STARLINK-3104 - STARLINK-6135,10646.751,11450.527,803.776,
Contact STARLINK-3104 - STARLINK-6135,24983.872,25894.170,910.298,
Contact STARLINK-3104 - STARLINK-6135,39344.363,43204.992,3860.629,
Contact STARLINK-3104 - STARLINK-6135,53694.065,57616.011,3921.946,
Contact STARLINK-3104 - STARLINK-6135,68063.169,72041.025,3977.856,
Contact STARLINK-3104 - STARLINK-6135,82421.993,86400.000,3978.007,
Contact STARLINK-3104 - STARLINK-4356,0.000,86400.000,86400.000,
Contact STARLINK-3104 - STARLINK-4383,10283.512,11043.755,760.244,
Contact STARLINK-3104 - STARLINK-4383,24716.570,25433.592,717.022,
Contact STARLINK-3104 - STARLINK-4383,39198.019,39769.345,571.326,
Contact STARLINK-3104 - STARLINK-4383,53635.549,54154.037,518.488,
Contact STARLINK-3104 - STARLINK-4383,68150.027,68456.853,306.826,
Contact STARLINK-3104 - STARLINK-4383,82611.404,82817.100,205.696,
Contact STARLINK-3104 - STARLINK-5713,0.000,537.113,537.113,
Contact STARLINK-3104 - STARLINK-5713,14366.191,14779.630,413.440,
Contact STARLINK-3104 - STARLINK-11265 [DTC],6921.769,30928.758,24006.990,
Contact STARLINK-3104 - MoonARTEMIS1,0.000,6467.108,6467.108,
Contact STARLINK-3104 - MoonARTEMIS1,8326.144,17978.806,9652.662,
Contact STARLINK-3104 - MoonARTEMIS1,19893.480,23728.806,3835.326,
Contact STARLINK-3104 - MoonARTEMIS1,25669.056,35247.641,9578.585,
Contact STARLINK-3104 - MoonARTEMIS1,37205.920,46771.342,9565.422,
Contact STARLINK-3104 - MoonARTEMIS1,48746.326,52533.745,3787.419,
Contact STARLINK-3104 - MoonARTEMIS1,54517.378,64059.295,9541.917,
Contact STARLINK-3104 - MoonARTEMIS1,66060.750,75585.678,9524.928,
Contact STARLINK-3104 - MoonARTEMIS1,77605.567,81349.156,3743.588,
Contact STARLINK-3104 - MoonARTEMIS1,83378.489,86400.000,3021.511,
Contact STARLINK-3104 - MoonARTEMIS2,0.000,6446.334,6446.334,
Contact STARLINK-3104 - MoonARTEMIS2,8380.573,17968.110,9587.537,
Contact STARLINK-3104 - MoonARTEMIS2,19927.743,23729.632,3801.889,
Contact STARLINK-3104 - MoonARTEMIS2,25699.920,35253.520,9553.600,
Contact STARLINK-3104 - MoonARTEMIS2,37241.296,46777.811,9536.515,
Contact STARLINK-3104 - MoonARTEMIS2,48777.507,52539.487,3761.980,
Contact STARLINK-3104 - MoonARTEMIS2,54542.156,58298.666,3756.509,
Contact STARLINK-3104 - MoonARTEMIS2,66083.504,75580.180,9496.676,
Contact STARLINK-3104 - MoonARTEMIS2,77636.604,81344.226,3707.622,
Contact STARLINK-3104 - MoonARTEMIS2,83411.351,86400.000,2988.649,
Contact STARLINK-3104 - MoonIOAGEO,0.000,6464.601,6464.601,
Contact STARLINK-3104 - MoonIOAGEO,8336.452,16151.107,7814.655,
Contact STARLINK-3104 - MoonIOAGEO,19974.719,23726.143,3751.424,
Contact STARLINK-3104 - MoonIOAGEO,25673.017,35249.654,9576.637,
Contact STARLINK-3104 - MoonIOAGEO,37221.205,46779.346,9558.141,
Contact STARLINK-3104 - MoonIOAGEO,48759.005,52539.978,3780.973,
Contact STARLINK-3104 - MoonIOAGEO,54530.679,58298.166,3767.487,
Contact STARLINK-3104 - MoonIOAGEO,66081.955,75581.527,9499.572,
Contact STARLINK-3104 - MoonIOAGEO,77630.216,81347.619,3717.403,
Contact STARLINK-3104 - MoonIOAGEO,83399.900,86400.000,3000.100,
Contact STARLINK-3104 - MoonIOAGNO,0.000,6461.643,6461.643,
Contact STARLINK-3104 - MoonIOAGNO,8338.308,17985.691,9647.383,
Contact STARLINK-3104 - MoonIOAGNO,19912.305,23757.073,3844.768,
Contact STARLINK-3104 - MoonIOAGNO,25690.938,35281.422,9590.484,
Contact STARLINK-3104 - MoonIOAGNO,37233.433,46786.114,9552.682,
Contact STARLINK-3104 - MoonIOAGNO,48762.786,52531.153,3768.367,
Contact STARLINK-3104 - MoonIOAGNO,54531.580,64076.729,9545.149,
Contact STARLINK-3104 - MoonIOAGNO,66100.881,81370.739,15269.858,
Contact STARLINK-3104 - MoonIOAGNO,83410.663,86400.000,2989.337,
Contact STARLINK-3104 - MoonIOAGNO 0001,0.000,6487.749,6487.749,
Contact STARLINK-3104 - MoonIOAGNO 0001,8366.776,23749.302,15382.526,
Contact STARLINK-3104 - MoonIOAGNO 0001,25670.555,35250.567,9580.012,
Contact STARLINK-3104 - MoonIOAGNO 0001,37225.716,46798.725,9573.009,
Contact STARLINK-3104 - MoonIOAGNO 0001,48785.037,52563.346,3778.309,
Contact STARLINK-3104 - MoonIOAGNO 0001,54556.313,64078.716,9522.402,
Contact STARLINK-3104 - MoonIOAGNO 0001,66088.508,75578.097,9489.589,
Contact STARLINK-3104 - MoonIOAGNO 0001,77625.350,81355.007,3729.657,
Contact STARLINK-3104 - MoonIOAGNO 0001,83411.491,86400.000,2988.509,
Contact STARLINK-3104 - MoonIOAGSO,0.000,6459.612,6459.612,
Contact STARLINK-3104 - MoonIOAGSO,8343.644,17955.388,9611.743,
Contact STARLINK-3104 - MoonIOAGSO,19883.800,23706.854,3823.053,
Contact STARLINK-3104 - MoonIOAGSO,25651.085,35229.272,9578.186,
Contact STARLINK-3104 - MoonIOAGSO,37196.848,46769.200,9572.352,
Contact STARLINK-3104 - MoonIOAGSO,48757.640,52542.073,3784.433,
Contact STARLINK-3104 - MoonIOAGSO,55965.771,64040.179,8074.408,
Contact STARLINK-3104 - MoonIOAGSO,66067.025,75561.587,9494.562,
Contact STARLINK-3104 - MoonIOAGSO,77606.841,81329.010,3722.169,
Contact STARLINK-3104 - MoonIOAGSO,83381.677,86400.000,3018.323,
Contact STARLINK-3104 - MoonIOAGSO 0001,0.000,6427.406,6427.406,
Contact STARLINK-3104 - MoonIOAGSO 0001,8322.891,17954.860,9631.968,
Contact STARLINK-3104 - MoonIOAGSO 0001,19876.122,23724.978,3848.856,
Contact STARLINK-3104 - MoonIOAGSO 0001,25659.005,35249.076,9590.071,
Contact STARLINK-3104 - MoonIOAGSO 0001,37214.013,46749.541,9535.528,
Contact STARLINK-3104 - MoonIOAGSO 0001,48745.148,52510.722,3765.574,
Contact STARLINK-3104 - MoonIOAGSO 0001,54516.484,64046.194,9529.710,
Contact STARLINK-3104 - MoonIOAGSO 0001,66069.397,75590.723,9521.327,
Contact STARLINK-3104 - MoonIOAGSO 0001,77774.829,81337.384,3562.555,
Contact STARLINK-3104 - MoonIOAGSO 0001,83388.587,86400.000,3011.413,
Contact STARLINK-3104 - MoonLRO,0.000,6461.557,6461.557,
Contact STARLINK-3104 - MoonLRO,8345.663,17972.944,9627.281,
Contact STARLINK-3104 - MoonLRO,19899.441,23727.456,3828.015,
Contact STARLINK-3104 - MoonLRO,25669.327,35251.698,9582.372,
Contact STARLINK-3104 - MoonLRO,37211.374,46779.080,9567.706,
Contact STARLINK-3104 - MoonLRO,48766.551,52537.008,3770.457,
Contact STARLINK-3104 - MoonLRO,54541.576,64054.318,9512.742,
Contact STARLINK-3104 - MoonLRO,66079.717,75587.179,9507.462,
Contact STARLINK-3104 - MoonLRO,77621.862,81352.545,3730.682,
Contact STARLINK-3104 - MoonLRO,83397.961,86400.000,3002.039,
Contact STARLINK-3104 - MarsSat1,2572.194,6378.787,3806.593,
Contact STARLINK-3104 - MarsSat1,8341.038,17912.721,9571.684,
Contact STARLINK-3104 - MarsSat1,19878.666,23679.696,3801.030,
Contact STARLINK-3104 - MarsSat1,25647.445,35213.666,9566.221,
Contact STARLINK-3104 - MarsSat1,37184.943,46747.676,9562.734,
Contact STARLINK-3104 - MarsSat1,48722.398,52514.701,3792.303,
Contact STARLINK-3104 - MarsSat1,54491.127,64048.795,9557.667,
Contact STARLINK-3104 - MarsSat1,66028.619,75582.945,9554.326,
Contact STARLINK-3104 - MarsSat1,77566.160,81350.037,3783.877,
Contact STARLINK-3104 - MarsSat1,83334.943,86400.000,3065.057,
Contact STARLINK-3104 - MarsSat2,0.000,6378.821,6378.821,
Contact STARLINK-3104 - MarsSat2,8340.999,17912.848,9571.849,
Contact STARLINK-3104 - MarsSat2,19878.732,23679.847,3801.115,
Contact STARLINK-3104 - MarsSat2,25647.563,35213.841,9566.277,
Contact STARLINK-3104 - MarsSat2,37185.171,46747.848,9562.677,
Contact STARLINK-3104 - MarsSat2,48722.723,52514.861,3792.138,
Contact STARLINK-3104 - MarsSat2,54491.482,64048.909,9557.427,
Contact STARLINK-3104 - MarsSat2,66028.972,75582.990,9554.019,
Contact STARLINK-3104 - MarsSat2,77566.429,81350.044,3783.615,
Contact STARLINK-3104 - MarsSat2,83335.146,86400.000,3064.854,
Contact STARLINK-3104 - MarsSat3,0.000,6378.663,6378.663,
Contact STARLINK-3104 - MarsSat3,8340.866,17912.768,9571.902,
Contact STARLINK-3104 - MarsSat3,19878.615,23679.809,3801.194,
Contact STARLINK-3104 - MarsSat3,25647.465,35213.817,9566.352,
Contact STARLINK-3104 - MarsSat3,37185.065,46747.781,9562.716,
Contact STARLINK-3104 - MarsSat3,48722.565,52514.765,3792.200,
Contact STARLINK-3104 - MarsSat3,54491.290,64048.758,9557.468,
Contact STARLINK-3104 - MarsSat3,66028.713,75582.812,9554.099,
Contact STARLINK-3104 - MarsSat3,77566.124,81349.874,3783.750,
Contact STARLINK-3104 - MarsSat3,83334.839,86400.000,3065.161,
Contact STARLINK-3104 - MarsSat4,0.000,6378.699,6378.699,
Contact STARLINK-3104 - MarsSat4,8340.937,17912.611,9571.674,
Contact STARLINK-3104 - MarsSat4,19878.483,23679.689,3801.206,
Contact STARLINK-3104 - MarsSat4,25647.365,35213.658,9566.294,
Contact STARLINK-3104 - MarsSat4,37184.919,46747.604,9562.685,
Contact STARLINK-3104 - MarsSat4,48722.368,52514.682,3792.314,
Contact STARLINK-3104 - MarsSat4,54491.171,64048.861,9557.690,
Contact STARLINK-3104 - MarsSat4,66028.776,75582.864,9554.088,
Contact STARLINK-3104 - MarsSat4,77566.160,81349.943,3783.783,
Contact STARLINK-3104 - MarsSat4,83334.891,86400.000,3065.109,
Contact STARLINK-1028 - STARLINK-5809,0.000,3918.933,3918.933,
Contact STARLINK-1028 - STARLINK-5809,14301.413,15137.850,836.437,
Contact STARLINK-1028 - STARLINK-31039,0.000,97.005,97.005,
Contact STARLINK-1028 - STARLINK-31039,10754.641,14415.393,3660.753,
Contact STARLINK-1028 - STARLINK-31039,25084.067,25866.460,782.393,
Contact STARLINK-1028 - STARLINK-31039,39422.778,40175.462,752.684,
Contact STARLINK-1028 - STARLINK-31039,53753.128,54492.484,739.356,
Contact STARLINK-1028 - STARLINK-31039,68093.279,68800.000,706.720,
Contact STARLINK-1028 - STARLINK-31039,82424.656,83115.929,691.273,
Contact STARLINK-1028 - STARLINK-1911,3300.571,3976.372,675.801,
Contact STARLINK-1028 - STARLINK-1911,17614.970,18290.897,675.927,
Contact STARLINK-1028 - STARLINK-1911,31920.026,32614.243,694.218,
Contact STARLINK-1028 - STARLINK-1911,46234.449,46928.669,694.220,
Contact STARLINK-1028 - STARLINK-1911,60539.759,61251.703,711.944,
Contact STARLINK-1028 - STARLINK-1911,71987.726,72706.575,718.850,
Contact STARLINK-1028 - STARLINK-1911,86302.183,86400.000,97.817,
Contact STARLINK-1028 - STARLINK-1598,3103.171,4276.589,1173.418,
Contact STARLINK-1028 - STARLINK-1598,17383.044,18515.784,1132.740,
Contact STARLINK-1028 - STARLINK-1598,31660.391,32757.918,1097.528,
Contact STARLINK-1028 - STARLINK-1598,43092.639,46979.899,3887.261,
Contact STARLINK-1028 - STARLINK-1598,57397.078,61204.600,3807.522,
Contact STARLINK-1028 - STARLINK-1598,71699.472,72572.156,872.683,
Contact STARLINK-1028 - STARLINK-1598,86027.812,86400.000,372.188,
Contact STARLINK-1028 - STARLINK-4793,14379.344,14983.392,604.048,
Contact STARLINK-1028 - STARLINK-4793,28716.440,29248.360,531.920,
Contact STARLINK-1028 - STARLINK-4793,43030.094,43537.072,506.977,
Contact STARLINK-1028 - STARLINK-4793,57375.249,57793.933,418.683,
Contact STARLINK-1028 - STARLINK-4793,71692.988,72078.460,385.472,
Contact STARLINK-1028 - STARLINK-31405,0.000,38662.295,38662.295,
Contact STARLINK-1028 - STARLINK-1711,3124.752,3967.286,842.534,
Contact STARLINK-1028 - STARLINK-1711,17438.675,18205.156,766.481,
Contact STARLINK-1028 - STARLINK-1711,31745.592,32449.796,704.204,
Contact STARLINK-1028 - STARLINK-1711,57535.400,58052.753,517.353,
Contact STARLINK-1028 - STARLINK-1711,71867.955,72271.423,403.468,
Contact STARLINK-1028 - STARLINK-1711,86272.684,86400.000,127.316,
Contact STARLINK-1028 - STARLINK-31139,0.000,46346.183,46346.183,
Contact STARLINK-1028 - STARLINK-31139,47150.783,54447.227,7296.444,
Contact STARLINK-1028 - STARLINK-30089,0.000,86400.000,86400.000,
Contact STARLINK-1028 - STARLINK-6374,0.000,39430.401,39430.401,
Contact STARLINK-1028 - STARLINK-6374,39893.736,53579.665,13685.929,
Contact STARLINK-1028 - STARLINK-6374,54387.145,67783.414,13396.269,
Contact STARLINK-1028 - STARLINK-6374,68889.431,76286.125,7396.695,
Contact STARLINK-1028 - STARLINK-6374,83347.351,86400.000,3052.649,
Contact STARLINK-1028 - STARLINK-5247,6823.394,7747.859,924.465,
Contact STARLINK-1028 - STARLINK-5247,21125.847,22051.958,926.111,
Contact STARLINK-1028 - STARLINK-5247,35430.035,36354.282,924.248,
Contact STARLINK-1028 - STARLINK-5247,49732.534,50658.263,925.729,
Contact STARLINK-1028 - STARLINK-5247,61175.250,64960.427,3785.176,
Contact STARLINK-1028 - STARLINK-5247,75479.581,79264.289,3784.708,
Contact STARLINK-1028 - STARLINK-2314,0.000,86400.000,86400.000,
Contact STARLINK-1028 - STARLINK-4111,0.000,6759.681,6759.681,
Contact STARLINK-1028 - STARLINK-4111,7202.536,20992.737,13790.201,
Contact STARLINK-1028 - STARLINK-4111,21712.245,32341.206,10628.961,
Contact STARLINK-1028 - STARLINK-4111,36081.668,46455.948,10374.279,
Contact STARLINK-1028 - STARLINK-4111,53368.043,60752.568,7384.525,
Contact STARLINK-1028 - STARLINK-4111,67845.514,74865.256,7019.742,
Contact STARLINK-1028 - STARLINK-4111,82166.216,83492.706,1326.491,
Contact STARLINK-1028 - STARLINK-3994,46787.044,47098.189,311.145,
Contact STARLINK-1028 - STARLINK-3994,61037.468,61455.694,418.226,
Contact STARLINK-1028 - STARLINK-3994,75336.025,75763.290,427.265,
Contact STARLINK-1028 - STARLINK-5774,7019.236,10827.549,3808.312,
Contact STARLINK-1028 - STARLINK-5774,21343.378,22303.274,959.895,
Contact STARLINK-1028 - STARLINK-5774,35666.297,36648.116,981.819,
Contact STARLINK-1028 - STARLINK-5774,49993.494,50988.220,994.726,
Contact STARLINK-1028 - STARLINK-5774,64319.411,65329.978,1010.567,
Contact STARLINK-1028 - STARLINK-5774,78649.589,79667.081,1017.492,
Contact STARLINK-1028 - STARLINK-31128,0.000,17832.162,17832.162,
Contact STARLINK-1028 - STARLINK-31128,18417.908,25916.541,7498.633,
Contact STARLINK-1028 - STARLINK-2643,7098.194,7922.423,824.229,
Contact STARLINK-1028 - STARLINK-2643,21406.730,22232.402,825.672,
Contact STARLINK-1028 - STARLINK-2643,35716.512,36540.848,824.336,
Contact STARLINK-1028 - STARLINK-2643,50025.001,50850.783,825.782,
Contact STARLINK-1028 - STARLINK-2643,64334.741,65159.185,824.444,
Contact STARLINK-1028 - STARLINK-2643,78643.183,79469.076,825.893,
Contact STARLINK-1028 - STARLINK-4560,0.000,603.987,603.987,
Contact STARLINK-1028 - STARLINK-4560,14066.114,14999.788,933.673,
Contact STARLINK-1028 - STARLINK-4560,28399.099,29378.917,979.818,
Contact STARLINK-1028 - STARLINK-4560,42721.058,43767.566,1046.508,
Contact STARLINK-1028 - STARLINK-4560,57060.546,58140.554,1080.007,
Contact STARLINK-1028 - STARLINK-4560,71389.556,72522.181,1132.625,
Contact STARLINK-1028 - STARLINK-4560,85736.167,86400.000,663.833,
Contact STARLINK-1028 - STARLINK-31784,27990.103,29185.311,1195.208,
Contact STARLINK-1028 - STARLINK-31784,36336.791,46373.498,10036.707,
Contact STARLINK-1028 - STARLINK-31784,47568.299,60503.760,12935.460,
Contact STARLINK-1028 - STARLINK-31784,61776.424,68886.277,7109.853,
Contact STARLINK-1028 - STARLINK-31784,79061.763,79974.040,912.277,
Contact STARLINK-1028 - STARLINK-4338,10465.051,11141.097,676.046,
Contact STARLINK-1028 - STARLINK-4338,24810.322,25505.603,695.280,
Contact STARLINK-1028 - STARLINK-4338,39159.733,39865.494,705.761,
Contact STARLINK-1028 - STARLINK-4338,53504.556,54230.480,725.924,
Contact STARLINK-1028 - STARLINK-4338,67854.348,68589.965,735.617,
Contact STARLINK-1028 - STARLINK-4338,82199.027,82955.130,756.103,
Contact STARLINK-1028 - STARLINK-31536,0.000,54372.492,54372.492,
Contact STARLINK-1028 - STARLINK-11199 [DTC],0.000,10017.885,10017.885,
Contact STARLINK-1028 - STARLINK-11199 [DTC],11077.835,18154.734,7076.899,
Contact STARLINK-1028 - STARLINK-5849,14282.243,14605.193,322.950,
Contact STARLINK-1028 - STARLINK-5849,28545.279,29062.665,517.386,
Contact STARLINK-1028 - STARLINK-5849,42819.640,43510.013,690.373,
Contact STARLINK-1028 - STARLINK-5849,57132.344,57917.691,785.347,
Contact STARLINK-1028 - STARLINK-5849,71438.647,72332.807,894.160,
Contact STARLINK-1028 - STARLINK-5849,85770.196,86400.000,629.804,
Contact STARLINK-1028 - STARLINK-5649,3227.173,10320.942,7093.769,
Contact STARLINK-1028 - STARLINK-5649,17571.518,24641.365,7069.847,
Contact STARLINK-1028 - STARLINK-5649,31907.725,38969.519,7061.794,
Contact STARLINK-1028 - STARLINK-5649,46257.726,53284.198,7026.472,
Contact STARLINK-1028 - STARLINK-5649,60599.334,61880.365,1281.031,
Contact STARLINK-1028 - STARLINK-5649,74955.201,76190.294,1235.092,
Contact STARLINK-1028 - STARLINK-5197,3538.820,7419.395,3880.575,
Contact STARLINK-1028 - STARLINK-5197,17847.036,21730.203,3883.168,
Contact STARLINK-1028 - STARLINK-5197,32147.541,36032.916,3885.375,
Contact STARLINK-1028 - STARLINK-5197,46455.793,47478.268,1022.475,
Contact STARLINK-1028 - STARLINK-5197,60756.352,61788.912,1032.559,
Contact STARLINK-1028 - STARLINK-5197,75064.641,76091.506,1026.865,
Contact STARLINK-1028 - STARLINK-11101 [DTC],0.000,341.515,341.515,
Contact STARLINK-1028 - STARLINK-2685,0.000,86400.000,86400.000,
Contact STARLINK-1028 - STARLINK-4254,10489.426,11308.998,819.572,
Contact STARLINK-1028 - STARLINK-4254,24791.280,25622.023,830.743,
Contact STARLINK-1028 - STARLINK-4254,39111.350,39915.628,804.278,
Contact STARLINK-1028 - STARLINK-4254,53413.097,54228.699,815.602,
Contact STARLINK-1028 - STARLINK-4254,67733.341,68522.092,788.751,
Contact STARLINK-1028 - STARLINK-4254,79182.158,82835.214,3653.056,
Contact STARLINK-1028 - STARLINK-3525,3324.425,4236.037,911.611,
Contact STARLINK-1028 - STARLINK-3525,17632.611,18527.037,894.427,
Contact STARLINK-1028 - STARLINK-3525,31933.298,32825.261,891.964,
Contact STARLINK-1028 - STARLINK-3525,46241.965,47115.711,873.746,
Contact STARLINK-1028 - STARLINK-3525,60542.977,61413.519,870.542,
Contact STARLINK-1028 - STARLINK-3525,71987.081,75703.395,3716.314,
Contact STARLINK-1028 - STARLINK-3525,86296.464,86400.000,103.536,
Contact STARLINK-1028 - STARLINK-5289,10313.874,11170.432,856.557,
Contact STARLINK-1028 - STARLINK-5289,24661.744,25541.377,879.633,
Contact STARLINK-1028 - STARLINK-5289,39015.875,39905.390,889.515,
Contact STARLINK-1028 - STARLINK-5289,53368.208,54271.820,903.612,
Contact STARLINK-1028 - STARLINK-5289,67727.436,68630.635,903.199,
Contact STARLINK-1028 - STARLINK-5289,82084.386,82992.400,908.013,
Contact STARLINK-1028 - STARLINK-1276,0.000,86400.000,86400.000,
Contact STARLINK-1028 - STARLINK-5837,0.000,3092.314,3092.314,
Contact STARLINK-1028 - STARLINK-5837,10188.512,17478.900,7290.388,
Contact STARLINK-1028 - STARLINK-5837,24522.582,31874.401,7351.819,
Contact STARLINK-1028 - STARLINK-5837,33130.339,46236.397,13106.058,
Contact STARLINK-1028 - STARLINK-5837,47483.296,60607.667,13124.371,
Contact STARLINK-1028 - STARLINK-5837,61849.533,74947.403,13097.871,
Contact STARLINK-1028 - STARLINK-5837,76223.762,86400.000,10176.238,
Contact STARLINK-1028 - STARLINK-31852,21315.797,22133.707,817.910,
Contact STARLINK-1028 - STARLINK-31852,35402.917,36348.318,945.401,
Contact STARLINK-1028 - STARLINK-31852,46710.895,50511.719,3800.824,
Contact STARLINK-1028 - STARLINK-31852,60892.315,61801.680,909.365,
Contact STARLINK-1028 - STARLINK-31852,75138.462,75857.788,719.326,
Contact STARLINK-1028 - STARLINK-30879,29138.077,86400.000,57261.923,
Contact STARLINK-1028 - STARLINK-5058,3326.428,7210.598,3884.170,
Contact STARLINK-1028 - STARLINK-5058,17647.990,18688.634,1040.644,
Contact STARLINK-1028 - STARLINK-5058,31963.658,33038.123,1074.466,
Contact STARLINK-1028 - STARLINK-5058,46288.673,47378.586,1089.913,
Contact STARLINK-1028 - STARLINK-5058,60608.002,61724.378,1116.376,
Contact STARLINK-1028 - STARLINK-5058,74936.453,76061.319,1124.866,
Contact STARLINK-1028 - STARLINK-5058,83528.542,86400.000,2871.458,
Contact STARLINK-1028 - STARLINK-31690,82371.887,83223.655,851.768,
Contact STARLINK-1028 - STARLINK-6135,25530.210,35954.972,10424.762,
Contact STARLINK-1028 - STARLINK-6135,36539.909,86400.000,49860.091,
Contact STARLINK-1028 - STARLINK-4356,0.000,264.280,264.280,
Contact STARLINK-1028 - STARLINK-4356,13875.472,14646.637,771.165,
Contact STARLINK-1028 - STARLINK-4356,28216.579,29013.617,797.038,
Contact STARLINK-1028 - STARLINK-4356,42549.112,43388.456,839.344,
Contact STARLINK-1028 - STARLINK-4356,56895.769,57749.669,853.900,
Contact STARLINK-1028 - STARLINK-4356,68370.418,72118.595,3748.178,
Contact STARLINK-1028 - STARLINK-4356,82710.568,86400.000,3689.432,
Contact STARLINK-1028 - STARLINK-31554,82611.721,86400.000,3788.279,
Contact STARLINK-1028 - STARLINK-4383,53974.365,54520.517,546.152,
Contact STARLINK-1028 - STARLINK-4383,68330.344,68871.492,541.148,
Contact STARLINK-1028 - STARLINK-4383,82674.845,83234.402,559.557,
Contact STARLINK-1028 - STARLINK-3815,42692.567,86400.000,43707.433,
Contact STARLINK-1028 - STARLINK-31611,75092.294,76077.042,984.747,
Contact STARLINK-1028 - STARLINK-31611,83401.937,86400.000,2998.063,
Contact STARLINK-1028 - MoonARTEMIS1,0.000,1767.169,1767.169,
Contact STARLINK-1028 - MoonARTEMIS1,3884.348,13263.822,9379.474,
Contact STARLINK-1028 - MoonARTEMIS1,15379.854,24780.632,9400.778,
Contact STARLINK-1028 - MoonARTEMIS1,26883.131,30518.193,3635.063,
Contact STARLINK-1028 - MoonARTEMIS1,32617.105,41991.735,9374.630,
Contact STARLINK-1028 - MoonARTEMIS1,44086.916,53467.957,9381.041,
Contact STARLINK-1028 - MoonARTEMIS1,55560.256,59207.229,3646.973,
Contact STARLINK-1028 - MoonARTEMIS1,61298.268,70688.299,9390.031,
Contact STARLINK-1028 - MoonARTEMIS1,72777.158,82173.233,9396.075,
Contact STARLINK-1028 - MoonARTEMIS1,84260.428,86400.000,2139.572,
Contact STARLINK-1028 - MoonARTEMIS2,0.000,1850.638,1850.638,
Contact STARLINK-1028 - MoonARTEMIS2,3964.399,13335.830,9371.431,
Contact STARLINK-1028 - MoonARTEMIS2,15445.633,24817.310,9371.678,
Contact STARLINK-1028 - MoonARTEMIS2,26923.202,30556.488,3633.286,
Contact STARLINK-1028 - MoonARTEMIS2,32660.363,42030.937,9370.574,
Contact STARLINK-1028 - MoonARTEMIS2,44130.340,53497.747,9367.408,
Contact STARLINK-1028 - MoonARTEMIS2,55590.802,59231.108,3640.306,
Contact STARLINK-1028 - MoonARTEMIS2,62645.980,70748.943,8102.963,
Contact STARLINK-1028 - MoonARTEMIS2,72841.673,82253.138,9411.465,
Contact STARLINK-1028 - MoonARTEMIS2,84342.182,86400.000,2057.818,
Contact STARLINK-1028 - MoonIOAGEO,0.000,1787.967,1787.967,
Contact STARLINK-1028 - MoonIOAGEO,3902.131,13276.129,9373.998,
Contact STARLINK-1028 - MoonIOAGEO,21142.971,24786.447,3643.476,
Contact STARLINK-1028 - MoonIOAGEO,26892.968,30533.060,3640.093,
Contact STARLINK-1028 - MoonIOAGEO,32634.727,42000.316,9365.590,
Contact STARLINK-1028 - MoonIOAGEO,44097.846,53477.427,9379.581,
Contact STARLINK-1028 - MoonIOAGEO,55576.611,59230.549,3653.938,
Contact STARLINK-1028 - MoonIOAGEO,63947.687,70740.911,6793.224,
Contact STARLINK-1028 - MoonIOAGEO,72831.701,82217.944,9386.244,
Contact STARLINK-1028 - MoonIOAGEO,84302.367,86400.000,2097.633,
Contact STARLINK-1028 - MoonIOAGNO,0.000,1787.998,1787.998,
Contact STARLINK-1028 - MoonIOAGNO,3906.639,13291.642,9385.004,
Contact STARLINK-1028 - MoonIOAGNO,15403.507,24769.509,9366.003,
Contact STARLINK-1028 - MoonIOAGNO,26882.005,30507.957,3625.951,
Contact STARLINK-1028 - MoonIOAGNO,32619.343,41990.259,9370.916,
Contact STARLINK-1028 - MoonIOAGNO,44096.038,53493.017,9396.978,
Contact STARLINK-1028 - MoonIOAGNO,55593.242,59242.124,3648.882,
Contact STARLINK-1028 - MoonIOAGNO,61339.187,70717.020,9377.833,
Contact STARLINK-1028 - MoonIOAGNO,72815.709,82197.040,9381.332,
Contact STARLINK-1028 - MoonIOAGNO,84292.163,86400.000,2107.837,
Contact STARLINK-1028 - MoonIOAGNO 0001,0.000,1797.458,1797.458,
Contact STARLINK-1028 - MoonIOAGNO 0001,3917.776,13275.268,9357.491,
Contact STARLINK-1028 - MoonIOAGNO 0001,15392.411,24761.335,9368.925,
Contact STARLINK-1028 - MoonIOAGNO 0001,26871.307,30513.234,3641.927,
Contact STARLINK-1028 - MoonIOAGNO 0001,32621.209,42005.247,9384.038,
Contact STARLINK-1028 - MoonIOAGNO 0001,44110.281,53481.440,9371.158,
Contact STARLINK-1028 - MoonIOAGNO 0001,55585.465,59221.950,3636.485,
Contact STARLINK-1028 - MoonIOAGNO 0001,61323.623,70714.144,9390.521,
Contact STARLINK-1028 - MoonIOAGNO 0001,72808.954,82217.630,9408.676,
Contact STARLINK-1028 - MoonIOAGNO 0001,84309.125,86400.000,2090.875,
Contact STARLINK-1028 - MoonIOAGSO,0.000,1789.243,1789.243,
Contact STARLINK-1028 - MoonIOAGSO,3903.239,13292.711,9389.472,
Contact STARLINK-1028 - MoonIOAGSO,15403.488,24782.290,9378.802,
Contact STARLINK-1028 - MoonIOAGSO,26879.381,30521.750,3642.369,
Contact STARLINK-1028 - MoonIOAGSO,32616.733,41999.316,9382.584,
Contact STARLINK-1028 - MoonIOAGSO,44095.050,53488.573,9393.523,
Contact STARLINK-1028 - MoonIOAGSO,56039.365,59247.789,3208.424,
Contact STARLINK-1028 - MoonIOAGSO,61338.520,70735.974,9397.455,
Contact STARLINK-1028 - MoonIOAGSO,72816.970,82214.722,9397.752,
Contact STARLINK-1028 - MoonIOAGSO,84295.352,86400.000,2104.648,
Contact STARLINK-1028 - MoonIOAGSO 0001,0.000,1807.589,1807.589,
Contact STARLINK-1028 - MoonIOAGSO 0001,3913.988,13284.966,9370.978,
Contact STARLINK-1028 - MoonIOAGSO 0001,15388.036,24763.794,9375.758,
Contact STARLINK-1028 - MoonIOAGSO 0001,26869.889,30509.876,3639.987,
Contact STARLINK-1028 - MoonIOAGSO 0001,34216.805,42016.814,7800.008,
Contact STARLINK-1028 - MoonIOAGSO 0001,44109.111,53498.347,9389.236,
Contact STARLINK-1028 - MoonIOAGSO 0001,55585.204,59237.228,3652.024,
Contact STARLINK-1028 - MoonIOAGSO 0001,61324.184,70716.613,9392.430,
Contact STARLINK-1028 - MoonIOAGSO 0001,72809.840,82226.231,9416.391,
Contact STARLINK-1028 - MoonIOAGSO 0001,84309.118,86400.000,2090.882,
Contact STARLINK-1028 - MoonLRO,0.000,1803.134,1803.134,
Contact STARLINK-1028 - MoonLRO,3909.634,13286.997,9377.363,
Contact STARLINK-1028 - MoonLRO,15399.719,24768.777,9369.058,
Contact STARLINK-1028 - MoonLRO,26881.588,30515.655,3634.068,
Contact STARLINK-1028 - MoonLRO,32618.702,42009.475,9390.773,
Contact STARLINK-1028 - MoonLRO,44102.366,53490.002,9387.637,
Contact STARLINK-1028 - MoonLRO,55593.976,59232.041,3638.065,
Contact STARLINK-1028 - MoonLRO,61334.411,70727.545,9393.133,
Contact STARLINK-1028 - MoonLRO,72811.687,82216.376,9404.688,
Contact STARLINK-1028 - MoonLRO,84302.857,86400.000,2097.143,
Contact STARLINK-1028 - MarsSat1,4016.690,13429.117,9412.427,
Contact STARLINK-1028 - MarsSat1,15473.732,24886.743,9413.011,
Contact STARLINK-1028 - MarsSat1,26930.717,30615.519,3684.802,
Contact STARLINK-1028 - MarsSat1,32659.185,42073.011,9413.827,
Contact STARLINK-1028 - MarsSat1,44116.094,53530.476,9414.382,
Contact STARLINK-1028 - MarsSat1,55573.030,59259.220,3686.190,
Contact STARLINK-1028 - MarsSat1,61301.531,70716.760,9415.229,
Contact STARLINK-1028 - MarsSat1,72758.625,82174.371,9415.747,
Contact STARLINK-1028 - MarsSat1,84215.830,86400.000,2184.170,
Contact STARLINK-1028 - MarsSat2,0.000,1971.293,1971.293,
Contact STARLINK-1028 - MarsSat2,4016.558,13428.974,9412.416,
Contact STARLINK-1028 - MarsSat2,15473.641,24886.678,9413.036,
Contact STARLINK-1028 - MarsSat2,26930.738,30615.520,3684.782,
Contact STARLINK-1028 - MarsSat2,32659.283,42073.182,9413.899,
Contact STARLINK-1028 - MarsSat2,44116.370,53530.813,9414.443,
Contact STARLINK-1028 - MarsSat2,55573.457,59259.616,3686.160,
Contact STARLINK-1028 - MarsSat2,61302.001,70717.202,9415.200,
Contact STARLINK-1028 - MarsSat2,72759.096,82174.758,9415.661,
Contact STARLINK-1028 - MarsSat2,84216.199,86400.000,2183.801,
Contact STARLINK-1028 - MarsSat3,0.000,1971.394,1971.394,
Contact STARLINK-1028 - MarsSat3,4016.577,13428.937,9412.360,
Contact STARLINK-1028 - MarsSat3,15473.542,24886.564,9413.022,
Contact STARLINK-1028 - MarsSat3,26930.608,30615.395,3684.787,
Contact STARLINK-1028 - MarsSat3,32659.146,42073.047,9413.901,
Contact STARLINK-1028 - MarsSat3,44116.209,53530.665,9414.456,
Contact STARLINK-1028 - MarsSat3,55573.258,59259.458,3686.200,
Contact STARLINK-1028 - MarsSat3,61301.778,70717.007,9415.229,
Contact STARLINK-1028 - MarsSat3,72758.816,82174.504,9415.687,
Contact STARLINK-1028 - MarsSat3,84215.862,86400.000,2184.138,
Contact STARLINK-1028 - MarsSat4,0.000,1971.472,1971.472,
Contact STARLINK-1028 - MarsSat4,4016.716,13429.051,9412.335,
Contact STARLINK-1028 - MarsSat4,15473.581,24886.554,9412.973,
Contact STARLINK-1028 - MarsSat4,26930.571,30615.427,3684.856,
Contact STARLINK-1028 - MarsSat4,32659.138,42073.058,9413.921,
Contact STARLINK-1028 - MarsSat4,44116.119,53530.520,9414.402,
Contact STARLINK-1028 - MarsSat4,55573.094,59259.314,3686.219,
Contact STARLINK-1028 - MarsSat4,61301.706,70716.985,9415.279,
Contact STARLINK-1028 - MarsSat4,72758.822,82174.450,9415.628,
Contact STARLINK-1028 - MarsSat4,84215.836,86400.000,2184.164,
Contact STARLINK-5809 - STARLINK-31039,0.000,539.075,539.075,
Contact STARLINK-5809 - STARLINK-31039,14135.082,14931.277,796.195,
Contact STARLINK-5809 - STARLINK-31039,28511.646,29317.387,805.742,
Contact STARLINK-5809 - STARLINK-31039,42884.034,43707.031,822.997,
Contact STARLINK-5809 - STARLINK-31039,57262.350,58091.408,829.059,
Contact STARLINK-5809 - STARLINK-31039,71637.228,72478.516,841.288,
Contact STARLINK-5809 - STARLINK-31039,86017.328,86400.000,382.672,
Contact STARLINK-5809 - STARLINK-1911,6888.870,7360.552,471.682,
Contact STARLINK-5809 - STARLINK-4216,61194.384,61716.916,522.532,
Contact STARLINK-5809 - STARLINK-4216,75521.636,76112.426,590.790,
Contact STARLINK-5809 - STARLINK-2022,10475.444,10835.963,360.519,
Contact STARLINK-5809 - STARLINK-1598,6623.390,7878.304,1254.914,
Contact STARLINK-5809 - STARLINK-1598,21136.162,21995.540,859.378,
Contact STARLINK-5809 - STARLINK-31405,0.000,6781.547,6781.547,
Contact STARLINK-5809 - STARLINK-31139,0.000,774.417,774.417,
Contact STARLINK-5809 - STARLINK-31139,14309.276,14742.443,433.167,
Contact STARLINK-5809 - STARLINK-4593,25322.004,86400.000,61077.996,
Contact STARLINK-5809 - STARLINK-30800,17916.489,18423.795,507.306,
Contact STARLINK-5809 - STARLINK-30800,32082.644,33055.015,972.371,
Contact STARLINK-5809 - STARLINK-30800,46342.228,53373.441,7031.212,
Contact STARLINK-5809 - STARLINK-30800,60608.019,67899.673,7291.654,
Contact STARLINK-5809 - STARLINK-30800,74900.932,82370.333,7469.401,
Contact STARLINK-5809 - STARLINK-30800,83474.904,86400.000,2925.096,
Contact STARLINK-5809 - STARLINK-30089,0.000,3846.853,3846.853,
Contact STARLINK-5809 - STARLINK-30089,14069.910,18169.929,4100.019,
Contact STARLINK-5809 - STARLINK-30089,28530.013,32511.084,3981.071,
Contact STARLINK-5809 - STARLINK-30089,42977.408,46818.162,3840.755,
Contact STARLINK-5809 - STARLINK-30089,57458.616,58265.783,807.167,
Contact STARLINK-5809 - STARLINK-30089,71929.633,72577.058,647.425,
Contact STARLINK-5809 - STARLINK-6374,0.000,86400.000,86400.000,
Contact STARLINK-5809 - STARLINK-5247,10250.089,11196.994,946.906,
Contact STARLINK-5809 - STARLINK-5247,24611.374,25556.306,944.932,
Contact STARLINK-5809 - STARLINK-5247,38971.100,39917.656,946.557,
Contact STARLINK-5809 - STARLINK-5247,53343.323,54266.048,922.724,
Contact STARLINK-5809 - STARLINK-5247,67713.552,68616.896,903.344,
Contact STARLINK-5809 - STARLINK-5247,82097.483,82953.647,856.164,
Contact STARLINK-5809 - STARLINK-2314,0.000,86400.000,86400.000,
Contact STARLINK-5809 - STARLINK-4299,3184.890,10302.049,7117.159,
Contact STARLINK-5809 - STARLINK-4299,17482.128,24722.076,7239.948,
Contact STARLINK-5809 - STARLINK-4299,31783.460,39144.309,7360.849,
Contact STARLINK-5809 - STARLINK-4299,46122.839,53520.873,7398.034,
Contact STARLINK-5809 - STARLINK-4299,60468.599,67897.375,7428.776,
Contact STARLINK-5809 - STARLINK-4299,69099.611,82229.716,13130.104,
Contact STARLINK-5809 - STARLINK-4299,83480.520,86400.000,2919.480,
Contact STARLINK-5809 - STARLINK-3994,0.000,2971.906,2971.906,
Contact STARLINK-5809 - STARLINK-3994,3841.580,86400.000,82558.420,
Contact STARLINK-5809 - STARLINK-5774,10490.850,11348.498,857.647,
Contact STARLINK-5809 - STARLINK-5774,24890.344,25732.176,841.832,
Contact STARLINK-5809 - STARLINK-5774,39289.345,40117.176,827.831,
Contact STARLINK-5809 - STARLINK-5774,53690.895,54498.809,807.914,
Contact STARLINK-5809 - STARLINK-5774,68091.466,68882.259,790.793,
Contact STARLINK-5809 - STARLINK-5774,82495.216,83261.706,766.490,
Contact STARLINK-5809 - STARLINK-31295,42977.437,43464.544,487.107,
Contact STARLINK-5809 - STARLINK-31295,57154.388,57848.263,693.875,
Contact STARLINK-5809 - STARLINK-31295,71370.675,72191.553,820.878,
Contact STARLINK-5809 - STARLINK-31295,82763.638,86400.000,3636.362,
Contact STARLINK-5809 - STARLINK-31577,60533.017,86400.000,25866.983,
Contact STARLINK-5809 - STARLINK-5322,3405.224,3932.972,527.747,
Contact STARLINK-5809 - STARLINK-5322,17830.991,18346.775,515.784,
Contact STARLINK-5809 - STARLINK-5322,32244.460,32774.602,530.142,
Contact STARLINK-5809 - STARLINK-5322,46670.151,47188.482,518.331,
Contact STARLINK-5809 - STARLINK-5322,61083.686,61616.243,532.557,
Contact STARLINK-5809 - STARLINK-5322,75509.303,76030.199,520.896,
Contact STARLINK-5809 - STARLINK-2643,10546.371,11367.192,820.821,
Contact STARLINK-5809 - STARLINK-2643,24891.906,25754.424,862.519,
Contact STARLINK-5809 - STARLINK-2643,39235.251,40144.181,908.929,
Contact STARLINK-5809 - STARLINK-2643,53589.967,54522.139,932.172,
Contact STARLINK-5809 - STARLINK-2643,67942.182,68902.937,960.755,
Contact STARLINK-5809 - STARLINK-2643,82306.114,83271.615,965.501,
Contact STARLINK-5809 - STARLINK-3189,24856.478,25531.873,675.396,
Contact STARLINK-5809 - STARLINK-3189,38966.199,40142.613,1176.414,
Contact STARLINK-5809 - STARLINK-3189,47496.708,54665.726,7169.017,
Contact STARLINK-5809 - STARLINK-3189,61688.848,74978.584,13289.736,
Contact STARLINK-5809 - STARLINK-3189,75936.103,86400.000,10463.897,
Contact STARLINK-5809 - STARLINK-31784,3122.008,3976.093,854.085,
Contact STARLINK-5809 - STARLINK-31784,17260.036,18253.628,993.592,
Contact STARLINK-5809 - STARLINK-31784,28638.435,32440.970,3802.535,
Contact STARLINK-5809 - STARLINK-31784,42948.061,43713.710,765.650,
Contact STARLINK-5809 - STARLINK-5494,0.000,86400.000,86400.000,
Contact STARLINK-5809 - STARLINK-30421,77752.229,86400.000,8647.771,
Contact STARLINK-5809 - STARLINK-4338,0.000,30.425,30.425,
Contact STARLINK-5809 - STARLINK-4338,13690.133,14439.062,748.929,
Contact STARLINK-5809 - STARLINK-4338,28100.283,28849.257,748.973,
Contact STARLINK-5809 - STARLINK-4338,42511.394,43257.551,746.157,
Contact STARLINK-5809 - STARLINK-4338,56921.590,57667.727,746.137,
Contact STARLINK-5809 - STARLINK-4338,71333.015,72075.687,742.672,
Contact STARLINK-5809 - STARLINK-4338,85743.246,86400.000,656.754,
Contact STARLINK-5809 - STARLINK-31536,0.000,3817.060,3817.060,
Contact STARLINK-5809 - STARLINK-31536,14234.765,14905.630,670.866,
Contact STARLINK-5809 - STARLINK-11199 [DTC],0.000,8066.777,8066.777,
Contact STARLINK-5809 - STARLINK-5649,3822.761,14183.253,10360.492,
Contact STARLINK-5809 - STARLINK-5649,18250.918,28550.316,10299.398,
Contact STARLINK-5809 - STARLINK-5649,32663.509,42903.879,10240.370,
Contact STARLINK-5809 - STARLINK-5649,47107.131,57256.597,10149.465,
Contact STARLINK-5809 - STARLINK-5649,64435.821,68730.587,4294.766,
Contact STARLINK-5809 - STARLINK-5649,78873.465,83060.830,4187.365,
Contact STARLINK-5809 - STARLINK-5197,6918.209,11099.375,4181.166,
Contact STARLINK-5809 - STARLINK-5197,21270.662,25456.388,4185.726,
Contact STARLINK-5809 - STARLINK-5197,35651.449,39811.388,4159.939,
Contact STARLINK-5809 - STARLINK-5197,50031.303,57012.088,6980.785,
Contact STARLINK-5809 - STARLINK-5197,64440.913,68467.685,4026.772,
Contact STARLINK-5809 - STARLINK-5197,78850.184,79913.342,1063.158,
Contact STARLINK-5809 - STARLINK-2685,0.000,38846.899,38846.899,
Contact STARLINK-5809 - STARLINK-2685,39780.836,47236.727,7455.891,
Contact STARLINK-5809 - STARLINK-2685,57467.105,61301.760,3834.655,
Contact STARLINK-5809 - STARLINK-4254,0.000,41.801,41.801,
Contact STARLINK-5809 - STARLINK-31853,71894.236,72530.793,636.556,
Contact STARLINK-5809 - STARLINK-31853,86021.843,86400.000,378.157,
Contact STARLINK-5809 - STARLINK-4551,3344.860,3756.588,411.727,
Contact STARLINK-5809 - STARLINK-4551,17678.028,18147.704,469.676,
Contact STARLINK-5809 - STARLINK-4551,32003.105,32546.962,543.857,
Contact STARLINK-5809 - STARLINK-4551,46342.969,46931.403,588.434,
Contact STARLINK-5809 - STARLINK-4551,60676.179,61322.403,646.224,
Contact STARLINK-5809 - STARLINK-4551,75020.920,75701.992,681.072,
Contact STARLINK-5809 - STARLINK-1578,3178.384,4014.040,835.656,
Contact STARLINK-5809 - STARLINK-1578,17522.286,18389.836,867.551,
Contact STARLINK-5809 - STARLINK-1578,31860.241,32771.546,911.304,
Contact STARLINK-5809 - STARLINK-1578,46214.819,47136.642,921.823,
Contact STARLINK-5809 - STARLINK-1578,60563.818,61507.083,943.265,
Contact STARLINK-5809 - STARLINK-1578,74928.584,75862.007,933.423,
Contact STARLINK-5809 - STARLINK-3525,6815.618,7723.049,907.430,
Contact STARLINK-5809 - STARLINK-3525,21237.056,22014.564,777.508,
Contact STARLINK-5809 - STARLINK-3525,35704.994,36261.241,556.247,
Contact STARLINK-5809 - STARLINK-3525,50235.716,50443.824,208.108,
Contact STARLINK-5809 - STARLINK-5289,0.000,64.456,64.456,
Contact STARLINK-5809 - STARLINK-5289,10799.167,14479.353,3680.185,
Contact STARLINK-5809 - STARLINK-5289,28098.852,28896.137,797.285,
Contact STARLINK-5809 - STARLINK-5289,42516.147,43310.898,794.750,
Contact STARLINK-5809 - STARLINK-5289,56931.707,57727.724,796.017,
Contact STARLINK-5809 - STARLINK-5289,71349.104,72142.349,793.245,
Contact STARLINK-5809 - STARLINK-5289,85764.624,86400.000,635.376,
Contact STARLINK-5809 - STARLINK-31852,10670.670,11414.067,743.398,
Contact STARLINK-5809 - STARLINK-31852,24760.019,25738.174,978.155,
Contact STARLINK-5809 - STARLINK-31852,38949.779,39959.719,1009.940,
Contact STARLINK-5809 - STARLINK-31852,50383.092,54063.471,3680.379,
Contact STARLINK-5809 - STARLINK-1666,57231.398,57632.222,400.824,
Contact STARLINK-5809 - STARLINK-1666,71555.376,72053.285,497.909,
Contact STARLINK-5809 - STARLINK-1666,85882.570,86400.000,517.430,
Contact STARLINK-5809 - STARLINK-1293,3225.647,10102.338,6876.692,
Contact STARLINK-5809 - STARLINK-1293,17581.719,24498.805,6917.085,
Contact STARLINK-5809 - STARLINK-1293,31929.887,38904.893,6975.006,
Contact STARLINK-5809 - STARLINK-1293,46300.089,53287.462,6987.373,
Contact STARLINK-5809 - STARLINK-1293,60662.514,61926.553,1264.039,
Contact STARLINK-5809 - STARLINK-1293,75046.239,76298.456,1252.217,
Contact STARLINK-5809 - STARLINK-30879,2638.278,49429.683,46791.405,
Contact STARLINK-5809 - STARLINK-31345,86267.461,86400.000,132.539,
Contact STARLINK-5809 - STARLINK-5058,6929.175,7863.848,934.673,
Contact STARLINK-5809 - STARLINK-5058,21354.519,22220.118,865.599,
Contact STARLINK-5809 - STARLINK-5058,35803.807,36555.585,751.778,
Contact STARLINK-5809 - STARLINK-5058,50246.107,50895.074,648.967,
Contact STARLINK-5809 - STARLINK-5058,64727.420,65198.597,471.177,
Contact STARLINK-5809 - STARLINK-31690,32268.967,32606.350,337.383,
Contact STARLINK-5809 - STARLINK-31690,46308.203,46984.076,675.872,
Contact STARLINK-5809 - STARLINK-31690,60433.133,61274.594,841.462,
Contact STARLINK-5809 - STARLINK-31690,71780.981,72658.412,877.431,
Contact STARLINK-5809 - STARLINK-31690,86021.564,86400.000,378.436,
Contact STARLINK-5809 - STARLINK-5239,7088.861,7323.098,234.237,
Contact STARLINK-5809 - STARLINK-1788,24898.061,25674.652,776.590,
Contact STARLINK-5809 - STARLINK-1788,38822.742,46397.700,7574.958,
Contact STARLINK-5809 - STARLINK-1788,47260.079,86400.000,39139.921,
Contact STARLINK-5809 - STARLINK-1080,24989.391,25515.668,526.277,
Contact STARLINK-5809 - STARLINK-1080,39185.167,40030.622,845.456,
Contact STARLINK-5809 - STARLINK-1080,53449.872,54479.595,1029.723,
Contact STARLINK-5809 - STARLINK-1080,67718.821,68920.301,1201.480,
Contact STARLINK-5809 - STARLINK-1080,76304.726,83326.119,7021.393,
Contact STARLINK-5809 - STARLINK-31554,46451.455,47487.710,1036.255,
Contact STARLINK-5809 - STARLINK-31554,60457.924,61884.580,1426.656,
Contact STARLINK-5809 - STARLINK-31554,68991.736,76010.043,7018.308,
Contact STARLINK-5809 - STARLINK-31554,86324.020,86400.000,75.980,
Contact STARLINK-5809 - STARLINK-1303,6476.030,7217.865,741.835,
Contact STARLINK-5809 - STARLINK-1303,17907.305,21692.245,3784.941,
Contact STARLINK-5809 - STARLINK-1303,32204.685,36123.638,3918.953,
Contact STARLINK-5809 - STARLINK-1303,46534.878,50563.815,4028.937,
Contact STARLINK-5809 - STARLINK-1303,60859.122,67864.346,7005.224,
Contact STARLINK-5809 - STARLINK-1303,75209.876,82261.136,7051.259,
Contact STARLINK-5809 - STARLINK-11265 [DTC],82050.689,83388.501,1337.812,
Contact STARLINK-5809 - STARLINK-4612,4020.178,17623.680,13603.502,
Contact STARLINK-5809 - STARLINK-4612,18090.988,86400.000,68309.012,
Contact STARLINK-5809 - STARLINK-31034,82648.947,83386.778,737.831,
Contact STARLINK-5809 - STARLINK-3815,3309.180,10309.327,7000.147,
Contact STARLINK-5809 - STARLINK-3815,17363.447,24710.892,7347.445,
Contact STARLINK-5809 - STARLINK-3815,25855.087,38956.143,13101.055,
Contact STARLINK-5809 - STARLINK-3815,40185.676,47402.490,7216.814,
Contact STARLINK-5809 - STARLINK-3815,54660.478,61384.002,6723.524,
Contact STARLINK-5809 - STARLINK-31611,39357.816,46464.489,7106.673,
Contact STARLINK-5809 - STARLINK-31611,47410.944,75136.803,27725.859,
Contact STARLINK-5809 - STARLINK-31611,75709.267,83172.386,7463.119,
Contact STARLINK-5809 - MoonARTEMIS1,0.000,2203.687,2203.687,
Contact STARLINK-5809 - MoonARTEMIS1,4339.113,13771.409,9432.296,
Contact STARLINK-5809 - MoonARTEMIS1,15900.437,19561.916,3661.478,
Contact STARLINK-5809 - MoonARTEMIS1,21685.976,29442.441,7756.465,
Contact STARLINK-5809 - MoonARTEMIS1,33229.696,42674.361,9444.665,
Contact STARLINK-5809 - MoonARTEMIS1,44773.995,48450.944,3676.949,
Contact STARLINK-5809 - MoonARTEMIS1,50547.174,60006.578,9459.403,
Contact STARLINK-5809 - MoonARTEMIS1,62095.289,71565.708,9470.419,
Contact STARLINK-5809 - MoonARTEMIS1,73645.701,77346.764,3701.063,
Contact STARLINK-5809 - MoonARTEMIS1,79421.839,86400.000,6978.161,
Contact STARLINK-5809 - MoonARTEMIS2,0.000,2264.055,2264.055,
Contact STARLINK-5809 - MoonARTEMIS2,4385.889,13824.561,9438.671,
Contact STARLINK-5809 - MoonARTEMIS2,15938.358,19603.907,3665.550,
Contact STARLINK-5809 - MoonARTEMIS2,21713.664,31160.344,9446.680,
Contact STARLINK-5809 - MoonARTEMIS2,33262.062,42712.562,9450.500,
Contact STARLINK-5809 - MoonARTEMIS2,44806.401,48486.178,3679.776,
Contact STARLINK-5809 - MoonARTEMIS2,50576.082,59995.338,9419.257,
Contact STARLINK-5809 - MoonARTEMIS2,62600.653,71617.669,9017.017,
Contact STARLINK-5809 - MoonARTEMIS2,73681.935,77409.068,3727.133,
Contact STARLINK-5809 - MoonARTEMIS2,79463.545,86400.000,6936.455,
Contact STARLINK-5809 - MoonIOAGEO,0.000,2219.338,2219.338,
Contact STARLINK-5809 - MoonIOAGEO,4350.515,13778.883,9428.368,
Contact STARLINK-5809 - MoonIOAGEO,21685.060,31136.843,9451.784,
Contact STARLINK-5809 - MoonIOAGEO,33242.318,42685.664,9443.347,
Contact STARLINK-5809 - MoonIOAGEO,44785.894,48460.135,3674.241,
Contact STARLINK-5809 - MoonIOAGEO,50558.290,60029.287,9470.997,
Contact STARLINK-5809 - MoonIOAGEO,64067.251,71610.083,7542.831,
Contact STARLINK-5809 - MoonIOAGEO,73676.184,77392.145,3715.961,
Contact STARLINK-5809 - MoonIOAGEO,79451.613,86400.000,6948.387,
Contact STARLINK-5809 - MoonIOAGNO,0.000,2225.036,2225.036,
Contact STARLINK-5809 - MoonIOAGNO,4355.525,13789.387,9433.861,
Contact STARLINK-5809 - MoonIOAGNO,15915.738,19575.962,3660.224,
Contact STARLINK-5809 - MoonIOAGNO,21698.654,31135.183,9436.529,
Contact STARLINK-5809 - MoonIOAGNO,33250.508,42688.183,9437.675,
Contact STARLINK-5809 - MoonIOAGNO,44791.900,48464.938,3673.038,
Contact STARLINK-5809 - MoonIOAGNO,50560.426,60043.066,9482.641,
Contact STARLINK-5809 - MoonIOAGNO,62130.621,71607.268,9476.647,
Contact STARLINK-5809 - MoonIOAGNO,73686.710,77385.896,3699.185,
Contact STARLINK-5809 - MoonIOAGNO,79459.520,86400.000,6940.480,
Contact STARLINK-5809 - MoonIOAGNO 0001,0.000,2237.046,2237.046,
Contact STARLINK-5809 - MoonIOAGNO 0001,4371.180,13792.077,9420.897,
Contact STARLINK-5809 - MoonIOAGNO 0001,15918.738,19567.611,3648.873,
Contact STARLINK-5809 - MoonIOAGNO 0001,21689.092,31121.772,9432.679,
Contact STARLINK-5809 - MoonIOAGNO 0001,33233.246,42699.630,9466.384,
Contact STARLINK-5809 - MoonIOAGNO 0001,44804.645,48480.128,3675.483,
Contact STARLINK-5809 - MoonIOAGNO 0001,50581.324,60035.773,9454.449,
Contact STARLINK-5809 - MoonIOAGNO 0001,62125.881,71591.795,9465.914,
Contact STARLINK-5809 - MoonIOAGNO 0001,73663.816,77384.099,3720.283,
Contact STARLINK-5809 - MoonIOAGNO 0001,79452.192,86400.000,6947.808,
Contact STARLINK-5809 - MoonIOAGSO,0.000,2213.886,2213.886,
Contact STARLINK-5809 - MoonIOAGSO,4347.491,13789.324,9441.834,
Contact STARLINK-5809 - MoonIOAGSO,15906.283,19563.650,3657.368,
Contact STARLINK-5809 - MoonIOAGSO,21674.339,31115.303,9440.965,
Contact STARLINK-5809 - MoonIOAGSO,33219.535,42675.907,9456.372,
Contact STARLINK-5809 - MoonIOAGSO,44777.072,48461.460,3684.388,
Contact STARLINK-5809 - MoonIOAGSO,50561.940,60035.994,9474.054,
Contact STARLINK-5809 - MoonIOAGSO,62110.301,71591.320,9481.020,
Contact STARLINK-5809 - MoonIOAGSO,73653.030,77371.143,3718.112,
Contact STARLINK-5809 - MoonIOAGSO,79429.089,86400.000,6970.911,
Contact STARLINK-5809 - MoonIOAGSO 0001,0.000,2218.639,2218.639,
Contact STARLINK-5809 - MoonIOAGSO 0001,4342.363,13771.558,9429.195,
Contact STARLINK-5809 - MoonIOAGSO 0001,15891.689,19551.811,3660.122,
Contact STARLINK-5809 - MoonIOAGSO 0001,21671.020,31125.755,9454.735,
Contact STARLINK-5809 - MoonIOAGSO 0001,34256.816,42686.091,8429.275,
Contact STARLINK-5809 - MoonIOAGSO 0001,44776.918,48462.589,3685.671,
Contact STARLINK-5809 - MoonIOAGSO 0001,50548.928,60021.236,9472.308,
Contact STARLINK-5809 - MoonIOAGSO 0001,62102.076,71591.853,9489.778,
Contact STARLINK-5809 - MoonIOAGSO 0001,73670.196,76357.321,2687.124,
Contact STARLINK-5809 - MoonIOAGSO 0001,79445.975,86400.000,6954.025,
Contact STARLINK-5809 - MoonLRO,0.000,2224.923,2224.923,
Contact STARLINK-5809 - MoonLRO,4352.390,13789.779,9437.389,
Contact STARLINK-5809 - MoonLRO,15905.818,19567.243,3661.425,
Contact STARLINK-5809 - MoonLRO,21686.224,31121.917,9435.693,
Contact STARLINK-5809 - MoonLRO,33238.964,42690.316,9451.352,
Contact STARLINK-5809 - MoonLRO,44783.881,48474.587,3690.706,
Contact STARLINK-5809 - MoonLRO,50560.680,60032.912,9472.232,
Contact STARLINK-5809 - MoonLRO,62121.036,71594.213,9473.177,
Contact STARLINK-5809 - MoonLRO,73670.642,77380.993,3710.351,
Contact STARLINK-5809 - MoonLRO,79442.659,86400.000,6957.341,
Contact STARLINK-5809 - MarsSat1,4363.817,13859.291,9495.474,
Contact STARLINK-5809 - MarsSat1,15905.261,19630.909,3725.647,
Contact STARLINK-5809 - MarsSat1,21675.967,31174.106,9498.139,
Contact STARLINK-5809 - MarsSat1,33217.343,42717.275,9499.932,
Contact STARLINK-5809 - MarsSat1,44758.696,48488.868,3730.171,
Contact STARLINK-5809 - MarsSat1,50529.382,60032.116,9502.734,
Contact STARLINK-5809 - MarsSat1,62070.803,71575.488,9504.686,
Contact STARLINK-5809 - MarsSat1,73612.313,77347.224,3734.910,
Contact STARLINK-5809 - MarsSat1,79383.100,86400.000,7016.900,
Contact STARLINK-5809 - MarsSat2,0.000,2315.919,2315.919,
Contact STARLINK-5809 - MarsSat2,4363.744,13859.234,9495.489,
Contact STARLINK-5809 - MarsSat2,15905.281,19630.899,3725.618,
Contact STARLINK-5809 - MarsSat2,21676.035,31174.223,9498.188,
Contact STARLINK-5809 - MarsSat2,33217.516,42717.547,9500.031,
Contact STARLINK-5809 - MarsSat2,44758.978,48489.213,3730.235,
Contact STARLINK-5809 - MarsSat2,50529.707,60032.558,9502.851,
Contact STARLINK-5809 - MarsSat2,62071.164,71575.924,9504.760,
Contact STARLINK-5809 - MarsSat2,73612.626,77347.617,3734.991,
Contact STARLINK-5809 - MarsSat2,79383.360,86400.000,7016.640,
Contact STARLINK-5809 - MarsSat3,0.000,2315.911,2315.911,
Contact STARLINK-5809 - MarsSat3,4363.658,13859.124,9495.466,
Contact STARLINK-5809 - MarsSat3,15905.159,19630.779,3725.620,
Contact STARLINK-5809 - MarsSat3,21675.931,31174.100,9498.170,
Contact STARLINK-5809 - MarsSat3,33217.421,42717.397,9499.976,
Contact STARLINK-5809 - MarsSat3,44758.845,48489.040,3730.195,
Contact STARLINK-5809 - MarsSat3,50529.544,60032.328,9502.784,
Contact STARLINK-5809 - MarsSat3,62070.936,71575.633,9504.697,
Contact STARLINK-5809 - MarsSat3,73612.341,77347.298,3734.957,
Contact STARLINK-5809 - MarsSat3,79383.059,86400.000,7016.941,
Contact STARLINK-5809 - MarsSat4,0.000,2316.063,2316.063,
Contact STARLINK-5809 - MarsSat4,4363.792,13859.143,9495.351,
Contact STARLINK-5809 - MarsSat4,15905.088,19630.712,3725.624,
Contact STARLINK-5809 - MarsSat4,21675.812,31174.058,9498.246,
Contact STARLINK-5809 - MarsSat4,33217.328,42717.273,9499.945,
Contact STARLINK-5809 - MarsSat4,44758.663,48488.874,3730.211,
Contact STARLINK-5809 - MarsSat4,50529.371,60032.275,9502.904,
Contact STARLINK-5809 - MarsSat4,62070.971,71575.657,9504.686,
Contact STARLINK-5809 - MarsSat4,73612.381,77347.309,3734.928,
Contact STARLINK-5809 - MarsSat4,79383.090,86400.000,7016.910,
Contact STARLINK-5168 - STARLINK-4216,2963.230,4167.630,1204.399,
Contact STARLINK-5168 - STARLINK-4216,17269.499,18461.775,1192.276,
Contact STARLINK-5168 - STARLINK-4216,25844.568,32767.307,6922.739,
Contact STARLINK-5168 - STARLINK-4216,43005.568,47061.434,4055.866,
Contact STARLINK-5168 - STARLINK-4216,57311.828,61366.932,4055.104,
Contact STARLINK-5168 - STARLINK-4216,71607.228,78526.681,6919.453,
Contact STARLINK-5168 - STARLINK-4216,85913.483,86400.000,486.517,
Contact STARLINK-5168 - STARLINK-4126,0.000,86400.000,86400.000,
Contact STARLINK-5168 - STARLINK-3536,0.000,86400.000,86400.000,
Contact STARLINK-5168 - STARLINK-31405,68146.338,68556.798,410.461,
Contact STARLINK-5168 - STARLINK-31405,82105.444,82892.912,787.468,
Contact STARLINK-5168 - STARLINK-31026,3562.020,7501.058,3939.039,
Contact STARLINK-5168 - STARLINK-31026,17920.346,21808.285,3887.939,
Contact STARLINK-5168 - STARLINK-31026,32271.565,36100.864,3829.299,
Contact STARLINK-5168 - STARLINK-31026,46638.044,50400.889,3762.845,
Contact STARLINK-5168 - STARLINK-31026,60997.253,61832.911,835.658,
Contact STARLINK-5168 - STARLINK-31026,75375.118,76110.599,735.481,
Contact STARLINK-5168 - STARLINK-31192,39340.520,40166.245,825.726,
Contact STARLINK-5168 - STARLINK-31192,53447.514,54451.567,1004.053,
Contact STARLINK-5168 - STARLINK-31192,64764.001,68690.453,3926.452,
Contact STARLINK-5168 - STARLINK-31192,78943.812,82902.520,3958.708,
Contact STARLINK-5168 - STARLINK-31558,10080.371,10841.275,760.904,
Contact STARLINK-5168 - STARLINK-31558,21338.733,22219.712,880.980,
Contact STARLINK-5168 - STARLINK-31558,35456.570,36397.021,940.451,
Contact STARLINK-5168 - STARLINK-31558,46783.555,50530.292,3746.737,
Contact STARLINK-5168 - STARLINK-31558,60983.678,61801.961,818.283,
Contact STARLINK-5168 - STARLINK-31558,75244.375,75837.684,593.309,
Contact STARLINK-5168 - STARLINK-4006,7041.051,7899.191,858.140,
Contact STARLINK-5168 - STARLINK-4006,21332.939,22196.175,863.236,
Contact STARLINK-5168 - STARLINK-4006,35625.663,36492.073,866.410,
Contact STARLINK-5168 - STARLINK-4006,49917.640,50788.904,871.264,
Contact STARLINK-5168 - STARLINK-4006,64210.520,65084.600,874.080,
Contact STARLINK-5168 - STARLINK-4006,78502.587,79381.278,878.691,
Contact STARLINK-5168 - STARLINK-31577,10092.263,10920.953,828.690,
Contact STARLINK-5168 - STARLINK-31577,21442.648,22102.269,659.621,
Contact STARLINK-5168 - STARLINK-5322,0.000,6592.574,6592.574,
Contact STARLINK-5168 - STARLINK-5322,7848.932,21030.864,13181.932,
Contact STARLINK-5168 - STARLINK-5322,22156.531,35417.230,13260.699,
Contact STARLINK-5168 - STARLINK-5322,36471.799,49802.744,13330.945,
Contact STARLINK-5168 - STARLINK-5322,50830.147,64135.775,13305.628,
Contact STARLINK-5168 - STARLINK-5322,65198.883,72743.380,7544.497,
Contact STARLINK-5168 - STARLINK-5322,79609.665,86400.000,6790.335,
Contact STARLINK-5168 - STARLINK-2466,10233.987,11046.945,812.958,
Contact STARLINK-5168 - STARLINK-2466,24545.609,25354.345,808.736,
Contact STARLINK-5168 - STARLINK-2466,35996.024,39659.270,3663.246,
Contact STARLINK-5168 - STARLINK-2466,50310.516,51104.071,793.555,
Contact STARLINK-5168 - STARLINK-2466,64622.329,65411.216,788.887,
Contact STARLINK-5168 - STARLINK-2466,78937.072,79715.745,778.673,
Contact STARLINK-5168 - STARLINK-2704,6480.115,7446.579,966.464,
Contact STARLINK-5168 - STARLINK-2704,17893.817,21730.124,3836.306,
Contact STARLINK-5168 - STARLINK-2704,32158.927,36004.963,3846.037,
Contact STARLINK-5168 - STARLINK-2704,46432.442,47426.453,994.011,
Contact STARLINK-5168 - STARLINK-2704,60700.631,61705.351,1004.720,
Contact STARLINK-5168 - STARLINK-2704,74977.311,75975.513,998.202,
Contact STARLINK-5168 - STARLINK-2704,86397.016,86400.000,2.984,
Contact STARLINK-5168 - STARLINK-5807,10176.616,10896.619,720.004,
Contact STARLINK-5168 - STARLINK-5807,24509.726,25281.976,772.250,
Contact STARLINK-5168 - STARLINK-5807,35980.031,39659.790,3679.759,
Contact STARLINK-5168 - STARLINK-5807,50322.988,54038.338,3715.350,
Contact STARLINK-5168 - STARLINK-5807,64665.494,68408.883,3743.389,
Contact STARLINK-5168 - STARLINK-5807,79015.606,79904.640,889.034,
Contact STARLINK-5168 - STARLINK-2367,0.000,6620.301,6620.301,
Contact STARLINK-5168 - STARLINK-2367,13642.074,20947.634,7305.559,
Contact STARLINK-5168 - STARLINK-2367,22203.287,29526.249,7322.962,
Contact STARLINK-5168 - STARLINK-2367,36450.135,43850.175,7400.040,
Contact STARLINK-5168 - STARLINK-2367,50715.904,61023.762,10307.858,
Contact STARLINK-5168 - STARLINK-2367,64966.953,75322.736,10355.782,
Contact STARLINK-5168 - STARLINK-2367,79236.315,86400.000,7163.685,
Contact STARLINK-5168 - STARLINK-4560,53913.504,54277.152,363.648,
Contact STARLINK-5168 - STARLINK-4560,68238.517,68651.531,413.015,
Contact STARLINK-5168 - STARLINK-4560,82552.339,83036.477,484.138,
Contact STARLINK-5168 - STARLINK-30421,10182.021,10822.517,640.496,
Contact STARLINK-5168 - STARLINK-32197,0.000,3434.942,3434.942,
Contact STARLINK-5168 - STARLINK-32197,10529.709,11648.839,1119.130,
Contact STARLINK-5168 - STARLINK-2476,10513.667,11134.264,620.596,
Contact STARLINK-5168 - STARLINK-2476,24841.940,25441.576,599.636,
Contact STARLINK-5168 - STARLINK-2476,39175.390,39744.098,568.708,
Contact STARLINK-5168 - STARLINK-2476,53505.007,54050.053,545.046,
Contact STARLINK-5168 - STARLINK-11199 [DTC],28687.786,28824.213,136.428,
Contact STARLINK-5168 - STARLINK-11199 [DTC],39472.394,43314.760,3842.366,
Contact STARLINK-5168 - STARLINK-11199 [DTC],53415.093,54546.945,1131.852,
Contact STARLINK-5168 - STARLINK-5849,0.000,4107.538,4107.538,
Contact STARLINK-5168 - STARLINK-5849,11194.982,18367.332,7172.350,
Contact STARLINK-5168 - STARLINK-5849,28552.379,32618.109,4065.730,
Contact STARLINK-5168 - STARLINK-5849,43035.846,46814.909,3779.063,
Contact STARLINK-5168 - STARLINK-11101 [DTC],49885.984,50514.621,628.637,
Contact STARLINK-5168 - STARLINK-11101 [DTC],60990.369,61834.240,843.870,
Contact STARLINK-5168 - STARLINK-11101 [DTC],75017.809,75834.369,816.559,
Contact STARLINK-5168 - STARLINK-11101 [DTC],86360.101,86400.000,39.899,
Contact STARLINK-5168 - STARLINK-31853,0.000,35616.759,35616.759,
Contact STARLINK-5168 - STARLINK-31853,42879.877,43706.208,826.331,
Contact STARLINK-5168 - STARLINK-4551,14368.805,14647.507,278.703,
Contact STARLINK-5168 - STARLINK-4551,28722.881,28894.711,171.830,
Contact STARLINK-5168 - STARLINK-4551,42980.635,43239.708,259.073,
Contact STARLINK-5168 - STARLINK-5535,10692.787,10988.241,295.454,
Contact STARLINK-5168 - STARLINK-5535,25000.446,25383.437,382.991,
Contact STARLINK-5168 - STARLINK-5535,39326.474,39760.314,433.840,
Contact STARLINK-5168 - STARLINK-5535,53642.367,54147.363,504.996,
Contact STARLINK-5168 - STARLINK-5535,67972.446,68520.249,547.803,
Contact STARLINK-5168 - STARLINK-5535,82292.707,82903.020,610.312,
Contact STARLINK-5168 - STARLINK-5837,2871.754,3657.774,786.020,
Contact STARLINK-5168 - STARLINK-5837,14364.458,15128.283,763.826,
Contact STARLINK-5168 - STARLINK-5837,28738.528,29458.143,719.615,
Contact STARLINK-5168 - STARLINK-5837,43104.451,43796.500,692.049,
Contact STARLINK-5168 - STARLINK-5837,57486.002,58119.039,633.038,
Contact STARLINK-5168 - STARLINK-5837,71859.263,72450.171,590.908,
Contact STARLINK-5168 - STARLINK-5837,86252.041,86400.000,147.959,
Contact STARLINK-5168 - STARLINK-31345,0.000,43610.758,43610.758,
Contact STARLINK-5168 - STARLINK-31690,3012.275,4374.229,1361.954,
Contact STARLINK-5168 - STARLINK-31690,17280.963,18394.965,1114.003,
Contact STARLINK-5168 - STARLINK-1302,7119.034,10884.536,3765.502,
Contact STARLINK-5168 - STARLINK-1302,21439.035,22335.535,896.500,
Contact STARLINK-5168 - STARLINK-1302,35758.315,36649.489,891.174,
Contact STARLINK-5168 - STARLINK-1302,50079.067,50962.078,883.011,
Contact STARLINK-5168 - STARLINK-1302,64398.938,65275.417,876.479,
Contact STARLINK-5168 - STARLINK-1302,78720.452,79587.249,866.797,
Contact STARLINK-5168 - STARLINK-4356,2913.333,4296.270,1382.936,
Contact STARLINK-5168 - STARLINK-4356,17284.530,18635.225,1350.694,
Contact STARLINK-5168 - STARLINK-4356,25898.285,32975.602,7077.316,
Contact STARLINK-5168 - STARLINK-4356,40284.623,47296.160,7011.536,
Contact STARLINK-5168 - STARLINK-4356,54663.702,61617.584,6953.882,
Contact STARLINK-5168 - STARLINK-4356,71943.767,75915.945,3972.178,
Contact STARLINK-5168 - STARLINK-4356,86368.708,86400.000,31.292,
Contact STARLINK-5168 - STARLINK-31554,6620.762,7391.101,770.339,
Contact STARLINK-5168 - STARLINK-4383,49688.892,50478.854,789.962,
Contact STARLINK-5168 - STARLINK-4383,61013.350,65064.181,4050.831,
Contact STARLINK-5168 - STARLINK-4383,75225.199,82492.626,7267.428,
Contact STARLINK-5168 - STARLINK-5713,0.000,86400.000,86400.000,
Contact STARLINK-5168 - STARLINK-11265 [DTC],13865.485,21036.897,7171.412,
Contact STARLINK-5168 - STARLINK-11265 [DTC],21928.089,32102.581,10174.492,
Contact STARLINK-5168 - STARLINK-11265 [DTC],39349.028,39910.703,561.674,
Contact STARLINK-5168 - MoonARTEMIS1,0.000,86400.000,86400.000,
Contact STARLINK-5168 - MoonARTEMIS2,0.000,60059.162,60059.162,
Contact STARLINK-5168 - MoonARTEMIS2,62582.885,86400.000,23817.115,
Contact STARLINK-5168 - MoonIOAGEO,0.000,16106.243,16106.243,
Contact STARLINK-5168 - MoonIOAGEO,19979.202,60297.458,40318.256,
Contact STARLINK-5168 - MoonIOAGEO,64139.739,86400.000,22260.261,
Contact STARLINK-5168 - MoonIOAGNO,0.000,86400.000,86400.000,
Contact STARLINK-5168 - MoonIOAGNO 0001,0.000,86400.000,86400.000,
Contact STARLINK-5168 - MoonIOAGSO,0.000,86400.000,86400.000,
Contact STARLINK-5168 - MoonIOAGSO 0001,0.000,86400.000,86400.000,
Contact STARLINK-5168 - MoonLRO,0.000,86400.000,86400.000,
Contact STARLINK-5168 - MarsSat1,1334.592,86400.000,85065.408,
Contact STARLINK-5168 - MarsSat2,0.000,86400.000,86400.000,
Contact STARLINK-5168 - MarsSat3,0.000,86400.000,86400.000,
Contact STARLINK-5168 - MarsSat4,0.000,86400.000,86400.000,
Contact STARLINK-3580 - STARLINK-31039,10254.385,10917.120,662.735,
Contact STARLINK-3580 - STARLINK-31039,24489.256,25322.442,833.186,
Contact STARLINK-3580 - STARLINK-31039,35897.062,39688.071,3791.009,
Contact STARLINK-3580 - STARLINK-31039,50173.987,54073.151,3899.164,
Contact STARLINK-3580 - STARLINK-31039,64434.029,71313.236,6879.207,
Contact STARLINK-3580 - STARLINK-31039,78718.743,85665.065,6946.321,
Contact STARLINK-3580 - STARLINK-4216,0.000,465.614,465.614,
Contact STARLINK-3580 - STARLINK-4216,14141.699,14775.853,634.154,
Contact STARLINK-3580 - STARLINK-4216,28448.588,29068.556,619.968,
Contact STARLINK-3580 - STARLINK-4216,42738.807,43378.679,639.872,
Contact STARLINK-3580 - STARLINK-4216,57045.614,57671.440,625.826,
Contact STARLINK-3580 - STARLINK-4216,82774.745,83422.541,647.796,
Contact STARLINK-3580 - STARLINK-3536,0.000,86400.000,86400.000,
Contact STARLINK-3580 - STARLINK-30800,28703.243,29401.825,698.582,
Contact STARLINK-3580 - STARLINK-30800,43006.471,43749.892,743.421,
Contact STARLINK-3580 - STARLINK-30800,57309.784,58098.414,788.630,
Contact STARLINK-3580 - STARLINK-30800,71617.510,72441.967,824.457,
Contact STARLINK-3580 - STARLINK-30800,85924.954,86400.000,475.046,
Contact STARLINK-3580 - STARLINK-31558,46409.998,46995.177,585.179,
Contact STARLINK-3580 - STARLINK-31558,60446.064,61255.320,809.255,
Contact STARLINK-3580 - STARLINK-31558,71716.218,72621.241,905.023,
Contact STARLINK-3580 - STARLINK-31558,85846.610,86400.000,553.390,
Contact STARLINK-3580 - STARLINK-4359,10270.102,11429.579,1159.476,
Contact STARLINK-3580 - STARLINK-4359,24559.540,25842.782,1283.242,
Contact STARLINK-3580 - STARLINK-4359,38875.814,40237.665,1361.851,
Contact STARLINK-3580 - STARLINK-4359,47453.699,54635.347,7181.649,
Contact STARLINK-3580 - STARLINK-4359,61782.148,69015.979,7233.831,
Contact STARLINK-3580 - STARLINK-4359,76099.566,83396.515,7296.948,
Contact STARLINK-3580 - STARLINK-4299,0.000,497.256,497.256,
Contact STARLINK-3580 - STARLINK-4299,14147.435,14802.731,655.297,
Contact STARLINK-3580 - STARLINK-4299,28450.162,29106.211,656.049,
Contact STARLINK-3580 - STARLINK-4299,42750.540,43411.642,661.102,
Contact STARLINK-3580 - STARLINK-4299,57053.253,57715.111,661.857,
Contact STARLINK-3580 - STARLINK-4299,71353.662,72020.497,666.835,
Contact STARLINK-3580 - STARLINK-4299,82794.916,83464.024,669.108,
Contact STARLINK-3580 - STARLINK-31295,0.000,43127.552,43127.552,
Contact STARLINK-3580 - STARLINK-31577,6847.398,7466.236,618.838,
Contact STARLINK-3580 - STARLINK-31577,20816.198,21661.565,845.367,
Contact STARLINK-3580 - STARLINK-31577,32057.590,32949.901,892.311,
Contact STARLINK-3580 - STARLINK-31577,46187.351,46982.131,794.779,
Contact STARLINK-3580 - STARLINK-31577,57569.958,58130.705,560.747,
Contact STARLINK-3580 - STARLINK-5322,0.000,18.326,18.326,
Contact STARLINK-3580 - STARLINK-5322,10620.132,11386.623,766.491,
Contact STARLINK-3580 - STARLINK-5322,25192.449,25534.915,342.466,
Contact STARLINK-3580 - STARLINK-2704,71858.735,72291.161,432.425,
Contact STARLINK-3580 - STARLINK-2704,86097.839,86400.000,302.161,
Contact STARLINK-3580 - STARLINK-5807,6663.819,7580.020,916.201,
Contact STARLINK-3580 - STARLINK-5807,21033.665,21927.261,893.596,
Contact STARLINK-3580 - STARLINK-5807,35400.970,36277.686,876.716,
Contact STARLINK-3580 - STARLINK-5807,49779.443,50616.322,836.879,
Contact STARLINK-3580 - STARLINK-5807,64154.804,64958.711,803.908,
Contact STARLINK-3580 - STARLINK-5807,78542.938,79287.734,744.796,
Contact STARLINK-3580 - STARLINK-4560,10149.070,10882.440,733.370,
Contact STARLINK-3580 - STARLINK-4560,24482.970,25246.361,763.391,
Contact STARLINK-3580 - STARLINK-4560,35955.726,36732.170,776.444,
Contact STARLINK-3580 - STARLINK-4560,50303.254,51083.275,780.021,
Contact STARLINK-3580 - STARLINK-4560,64641.481,65442.666,801.185,
Contact STARLINK-3580 - STARLINK-4560,78991.319,79791.375,800.057,
Contact STARLINK-3580 - STARLINK-31784,0.000,355.336,355.336,
Contact STARLINK-3580 - STARLINK-5494,28765.722,29191.620,425.898,
Contact STARLINK-3580 - STARLINK-5494,43086.090,43592.300,506.210,
Contact STARLINK-3580 - STARLINK-5494,57414.629,57985.118,570.489,
Contact STARLINK-3580 - STARLINK-5494,71745.322,72375.363,630.041,
Contact STARLINK-3580 - STARLINK-5494,86080.556,86400.000,319.444,
Contact STARLINK-3580 - STARLINK-30421,6647.606,7607.308,959.701,
Contact STARLINK-3580 - STARLINK-30421,17968.893,21811.187,3842.294,
Contact STARLINK-3580 - STARLINK-30421,32154.710,33153.178,998.468,
Contact STARLINK-3580 - STARLINK-30421,46366.502,47304.107,937.605,
Contact STARLINK-3580 - STARLINK-30421,60623.460,61410.497,787.037,
Contact STARLINK-3580 - STARLINK-4338,75466.014,75840.852,374.838,
Contact STARLINK-3580 - STARLINK-32197,4250.637,56744.167,52493.531,
Contact STARLINK-3580 - STARLINK-32197,57876.370,64933.082,7056.712,
Contact STARLINK-3580 - STARLINK-6148,17856.798,18604.294,747.496,
Contact STARLINK-3580 - STARLINK-6148,32115.496,32996.047,880.551,
Contact STARLINK-3580 - STARLINK-6148,46365.628,47401.379,1035.751,
Contact STARLINK-3580 - STARLINK-6148,60643.373,61773.833,1130.460,
Contact STARLINK-3580 - STARLINK-6148,74911.499,76161.202,1249.702,
Contact STARLINK-3580 - STARLINK-6148,83487.223,86400.000,2912.777,
Contact STARLINK-3580 - STARLINK-11199 [DTC],64177.635,65174.812,997.176,
Contact STARLINK-3580 - STARLINK-11199 [DTC],75276.842,82064.720,6787.878,
Contact STARLINK-3580 - STARLINK-11101 [DTC],71821.002,72363.504,542.502,
Contact STARLINK-3580 - STARLINK-11101 [DTC],85692.835,86400.000,707.165,
Contact STARLINK-3580 - STARLINK-31853,28240.029,29036.630,796.601,
Contact STARLINK-3580 - STARLINK-31853,36356.030,46654.573,10298.542,
Contact STARLINK-3580 - STARLINK-31853,47328.263,74912.865,27584.602,
Contact STARLINK-3580 - STARLINK-31853,75706.524,85864.666,10158.142,
Contact STARLINK-3580 - STARLINK-4551,0.000,3324.410,3324.410,
Contact STARLINK-3580 - STARLINK-4551,7437.377,17616.433,10179.056,
Contact STARLINK-3580 - STARLINK-4551,24598.047,31925.950,7327.903,
Contact STARLINK-3580 - STARLINK-4551,38906.085,46217.986,7311.901,
Contact STARLINK-3580 - STARLINK-4551,47478.924,60527.460,13048.537,
Contact STARLINK-3580 - STARLINK-4551,61786.948,69099.208,7312.260,
Contact STARLINK-3580 - STARLINK-4551,76079.994,83408.648,7328.654,
Contact STARLINK-3580 - STARLINK-1578,0.000,307.621,307.621,
Contact STARLINK-3580 - STARLINK-1578,10663.821,14609.951,3946.131,
Contact STARLINK-3580 - STARLINK-1578,24958.510,28903.339,3944.829,
Contact STARLINK-3580 - STARLINK-1578,39261.885,46060.692,6798.806,
Contact STARLINK-3580 - STARLINK-1578,53556.569,54643.790,1087.221,
Contact STARLINK-3580 - STARLINK-1578,67859.941,68937.069,1077.128,
Contact STARLINK-3580 - STARLINK-1578,82154.620,83239.192,1084.572,
Contact STARLINK-3580 - STARLINK-5535,7006.432,7873.822,867.390,
Contact STARLINK-3580 - STARLINK-5535,21352.251,22230.317,878.066,
Contact STARLINK-3580 - STARLINK-5535,35690.259,36594.682,904.423,
Contact STARLINK-3580 - STARLINK-5535,50039.720,50947.616,907.896,
Contact STARLINK-3580 - STARLINK-5535,64381.541,65308.278,926.737,
Contact STARLINK-3580 - STARLINK-5535,78735.320,79656.993,921.673,
Contact STARLINK-3580 - STARLINK-1666,49940.052,50829.830,889.778,
Contact STARLINK-3580 - STARLINK-1666,58168.956,71650.633,13481.678,
Contact STARLINK-3580 - STARLINK-1666,72086.008,86400.000,14313.992,
Contact STARLINK-3580 - STARLINK-1293,0.000,440.259,440.259,
Contact STARLINK-3580 - STARLINK-1293,13927.217,14765.670,838.453,
Contact STARLINK-3580 - STARLINK-1293,28239.647,29086.142,846.495,
Contact STARLINK-3580 - STARLINK-1293,42547.804,43410.616,862.812,
Contact STARLINK-3580 - STARLINK-1293,53996.490,57730.362,3733.872,
Contact STARLINK-3580 - STARLINK-1293,68309.894,72053.932,3744.038,
Contact STARLINK-3580 - STARLINK-1293,82619.313,83510.810,891.497,
Contact STARLINK-3580 - STARLINK-31345,24366.930,86400.000,62033.070,
Contact STARLINK-3580 - STARLINK-31690,14081.159,14867.144,785.986,
Contact STARLINK-3580 - STARLINK-31690,28036.174,29204.260,1168.086,
Contact STARLINK-3580 - STARLINK-31690,39282.638,46253.233,6970.594,
Contact STARLINK-3580 - STARLINK-31690,53434.472,54722.526,1288.054,
Contact STARLINK-3580 - STARLINK-31690,67714.709,68732.508,1017.799,
Contact STARLINK-3580 - STARLINK-4675,6539.796,7856.931,1317.135,
Contact STARLINK-3580 - STARLINK-4675,15127.481,22154.497,7027.016,
Contact STARLINK-3580 - STARLINK-4675,29425.228,36464.519,7039.291,
Contact STARLINK-3580 - STARLINK-4675,43734.302,50762.037,7027.736,
Contact STARLINK-3580 - STARLINK-4675,60898.448,65071.962,4173.514,
Contact STARLINK-3580 - STARLINK-4675,75196.303,82236.358,7040.055,
Contact STARLINK-3580 - STARLINK-31554,3226.854,4045.321,818.467,
Contact STARLINK-3580 - STARLINK-31554,17320.803,18242.540,921.737,
Contact STARLINK-3580 - STARLINK-31554,28629.754,29566.417,936.663,
Contact STARLINK-3580 - STARLINK-31554,42807.114,43680.428,873.314,
Contact STARLINK-3580 - STARLINK-31554,57038.178,57741.061,702.883,
Contact STARLINK-3580 - STARLINK-4383,0.000,39280.525,39280.525,
Contact STARLINK-3580 - STARLINK-4383,39867.140,53534.434,13667.294,
Contact STARLINK-3580 - STARLINK-4383,54352.841,67740.259,13387.418,
Contact STARLINK-3580 - STARLINK-4383,68868.595,76296.415,7427.820,
Contact STARLINK-3580 - STARLINK-4383,83367.156,86400.000,3032.844,
Contact STARLINK-3580 - STARLINK-5713,0.000,86400.000,86400.000,
Contact STARLINK-3580 - STARLINK-1303,0.000,685.843,685.843,
Contact STARLINK-3580 - STARLINK-1303,14118.121,15005.369,887.247,
Contact STARLINK-3580 - STARLINK-1303,28430.667,29322.224,891.557,
Contact STARLINK-3580 - STARLINK-1303,42740.997,43641.100,900.103,
Contact STARLINK-3580 - STARLINK-1303,57054.037,57957.426,903.389,
Contact STARLINK-3580 - STARLINK-1303,71365.005,72275.660,910.655,
Contact STARLINK-3580 - STARLINK-1303,85678.539,86400.000,721.461,
Contact STARLINK-3580 - STARLINK-11265 [DTC],35752.260,42965.154,7212.893,
Contact STARLINK-3580 - STARLINK-11265 [DTC],43671.923,56729.656,13057.733,
Contact STARLINK-3580 - STARLINK-11265 [DTC],61020.246,61903.392,883.146,
Contact STARLINK-3580 - STARLINK-5831,3461.228,4046.052,584.824,
Contact STARLINK-3580 - STARLINK-5831,17723.207,18435.708,712.501,
Contact STARLINK-3580 - STARLINK-5831,32009.428,32799.305,789.877,
Contact STARLINK-3580 - STARLINK-5831,46288.336,47171.970,883.633,
Contact STARLINK-3580 - STARLINK-5831,60584.447,61525.610,941.163,
Contact STARLINK-3580 - STARLINK-5831,74873.231,75888.327,1015.095,
Contact STARLINK-3580 - STARLINK-5831,86311.370,86400.000,88.630,
Contact STARLINK-3580 - STARLINK-31034,0.000,51770.844,51770.844,
Contact STARLINK-3580 - STARLINK-3815,0.000,576.604,576.604,
Contact STARLINK-3580 - STARLINK-3815,14194.605,14716.126,521.522,
Contact STARLINK-3580 - STARLINK-3815,28514.382,28808.901,294.519,
Contact STARLINK-3580 - MoonARTEMIS1,0.000,86400.000,86400.000,
Contact STARLINK-3580 - MoonARTEMIS2,0.000,60017.790,60017.790,
Contact STARLINK-3580 - MoonARTEMIS2,62659.322,85650.972,22991.650,
Contact STARLINK-3580 - MoonIOAGEO,0.000,16168.666,16168.666,
Contact STARLINK-3580 - MoonIOAGEO,19870.649,60164.637,40293.988,
Contact STARLINK-3580 - MoonIOAGEO,64086.504,85757.015,21670.511,
Contact STARLINK-3580 - MoonIOAGNO,0.000,85864.320,85864.320,
Contact STARLINK-3580 - MoonIOAGNO 0001,0.000,85800.492,85800.492,
Contact STARLINK-3580 - MoonIOAGSO,0.000,85697.606,85697.606,
Contact STARLINK-3580 - MoonIOAGSO 0001,0.000,85649.594,85649.594,
Contact STARLINK-3580 - MoonLRO,0.000,85737.218,85737.218,
Contact STARLINK-3580 - MarsSat1,1335.824,86400.000,85064.176,
Contact STARLINK-3580 - MarsSat2,0.000,86400.000,86400.000,
Contact STARLINK-3580 - MarsSat3,0.000,86400.000,86400.000,
Contact STARLINK-3580 - MarsSat4,0.000,86400.000,86400.000,
Contact STARLINK-31039 - STARLINK-31405,0.000,242.579,242.579,
Contact STARLINK-31039 - STARLINK-31139,0.000,172.297,172.297,
Contact STARLINK-31039 - STARLINK-31139,10495.672,11460.467,964.795,
Contact STARLINK-31039 - STARLINK-31139,24912.339,25501.501,589.162,
Contact STARLINK-31039 - STARLINK-4593,3031.669,3929.036,897.367,
Contact STARLINK-31039 - STARLINK-4593,17347.915,18251.816,903.901,
Contact STARLINK-31039 - STARLINK-4593,31664.276,32574.645,910.369,
Contact STARLINK-31039 - STARLINK-4593,43117.881,46896.327,3778.446,
Contact STARLINK-31039 - STARLINK-4593,57435.659,61218.193,3782.534,
Contact STARLINK-31039 - STARLINK-4593,71753.293,72675.037,921.744,
Contact STARLINK-31039 - STARLINK-4593,86072.159,86400.000,327.841,
Contact STARLINK-31039 - STARLINK-30800,2951.138,3658.344,707.206,
Contact STARLINK-31039 - STARLINK-30800,28793.100,29456.897,663.797,
Contact STARLINK-31039 - STARLINK-30800,43143.755,43795.802,652.046,
Contact STARLINK-31039 - STARLINK-30800,57503.572,58125.009,621.437,
Contact STARLINK-31039 - STARLINK-30800,71854.918,72463.193,608.274,
Contact STARLINK-31039 - STARLINK-30800,86216.128,86400.000,183.872,
Contact STARLINK-31039 - STARLINK-4359,7103.791,10847.144,3743.353,
Contact STARLINK-31039 - STARLINK-4359,21474.777,25219.426,3744.650,
Contact STARLINK-31039 - STARLINK-4359,35837.048,36713.262,876.214,
Contact STARLINK-31039 - STARLINK-4359,50208.987,51075.364,866.377,
Contact STARLINK-31039 - STARLINK-4359,64572.023,65446.714,874.691,
Contact STARLINK-31039 - STARLINK-4359,78945.072,79807.792,862.720,
Contact STARLINK-31039 - STARLINK-30089,0.000,253.078,253.078,
Contact STARLINK-31039 - STARLINK-30089,10572.170,14609.171,4037.001,
Contact STARLINK-31039 - STARLINK-30089,24906.583,28955.355,4048.773,
Contact STARLINK-31039 - STARLINK-30089,39251.230,46176.286,6925.056,
Contact STARLINK-31039 - STARLINK-30089,53586.110,60531.595,6945.485,
Contact STARLINK-31039 - STARLINK-30089,67931.145,74877.111,6945.966,
Contact STARLINK-31039 - STARLINK-30089,82266.485,83491.940,1225.455,
Contact STARLINK-31039 - STARLINK-6374,0.000,359.531,359.531,
Contact STARLINK-31039 - STARLINK-6374,14210.123,14726.950,516.827,
Contact STARLINK-31039 - STARLINK-6374,28544.145,29092.241,548.096,
Contact STARLINK-31039 - STARLINK-6374,42877.740,43457.240,579.500,
Contact STARLINK-31039 - STARLINK-6374,57213.660,57820.603,606.943,
Contact STARLINK-31039 - STARLINK-6374,71549.059,72183.805,634.747,
Contact STARLINK-31039 - STARLINK-6374,85886.445,86400.000,513.555,
Contact STARLINK-31039 - STARLINK-30126,3281.860,7201.219,3919.359,
Contact STARLINK-31039 - STARLINK-30126,17627.759,18676.679,1048.920,
Contact STARLINK-31039 - STARLINK-30126,31977.752,33018.821,1041.069,
Contact STARLINK-31039 - STARLINK-30126,46324.021,47364.773,1040.752,
Contact STARLINK-31039 - STARLINK-30126,60674.391,61706.532,1032.141,
Contact STARLINK-31039 - STARLINK-30126,75021.026,76052.075,1031.049,
Contact STARLINK-31039 - STARLINK-2314,0.000,528.318,528.318,
Contact STARLINK-31039 - STARLINK-2314,14102.889,14841.290,738.401,
Contact STARLINK-31039 - STARLINK-2314,28435.124,29150.971,715.847,
Contact STARLINK-31039 - STARLINK-2314,42764.659,43462.912,698.253,
Contact STARLINK-31039 - STARLINK-2314,57098.231,57771.201,672.970,
Contact STARLINK-31039 - STARLINK-2314,71428.820,72082.006,653.186,
Contact STARLINK-31039 - STARLINK-4299,0.000,467.865,467.865,
Contact STARLINK-31039 - STARLINK-4299,14103.011,14819.919,716.907,
Contact STARLINK-31039 - STARLINK-4299,28409.533,29156.393,746.860,
Contact STARLINK-31039 - STARLINK-4299,42705.602,43504.313,798.711,
Contact STARLINK-31039 - STARLINK-4299,57014.637,57838.272,823.636,
Contact STARLINK-31039 - STARLINK-4299,71313.823,72183.030,869.207,
Contact STARLINK-31039 - STARLINK-4299,82758.455,86400.000,3641.545,
Contact STARLINK-31039 - STARLINK-3994,3170.819,3708.706,537.887,
Contact STARLINK-31039 - STARLINK-3994,17510.734,18005.247,494.514,
Contact STARLINK-31039 - STARLINK-31295,3722.615,86400.000,82677.385,
Contact STARLINK-31039 - STARLINK-31577,71588.252,72414.315,826.064,
Contact STARLINK-31039 - STARLINK-31577,85658.644,86400.000,741.356,
Contact STARLINK-31039 - STARLINK-4560,6556.958,13682.880,7125.922,
Contact STARLINK-31039 - STARLINK-4560,20937.218,22295.509,1358.291,
Contact STARLINK-31039 - STARLINK-4560,35311.132,36669.679,1358.548,
Contact STARLINK-31039 - STARLINK-4560,49695.889,51025.482,1329.592,
Contact STARLINK-31039 - STARLINK-4560,64073.570,65394.959,1321.389,
Contact STARLINK-31039 - STARLINK-4560,72708.416,79746.829,7038.412,
Contact STARLINK-31039 - STARLINK-3189,3297.893,4145.982,848.090,
Contact STARLINK-31039 - STARLINK-3189,17626.769,18455.436,828.668,
Contact STARLINK-31039 - STARLINK-3189,31963.990,32756.017,792.026,
Contact STARLINK-31039 - STARLINK-3189,46294.944,47063.387,768.443,
Contact STARLINK-31039 - STARLINK-3189,60634.720,61361.371,726.651,
Contact STARLINK-31039 - STARLINK-3189,74968.081,75666.327,698.245,
Contact STARLINK-31039 - STARLINK-31784,0.000,216.430,216.430,
Contact STARLINK-31039 - STARLINK-31784,7825.631,17961.026,10135.395,
Contact STARLINK-31039 - STARLINK-31784,18813.219,32362.932,13549.713,
Contact STARLINK-31039 - STARLINK-31784,32793.858,46239.395,13445.536,
Contact STARLINK-31039 - STARLINK-31784,47262.086,54472.816,7210.730,
Contact STARLINK-31039 - STARLINK-5494,0.000,530.174,530.174,
Contact STARLINK-31039 - STARLINK-5494,14117.781,14898.463,780.682,
Contact STARLINK-31039 - STARLINK-5494,28519.670,29256.031,736.361,
Contact STARLINK-31039 - STARLINK-5494,42913.583,43620.714,707.131,
Contact STARLINK-31039 - STARLINK-5494,57319.311,57974.484,655.173,
Contact STARLINK-31039 - STARLINK-5494,71717.223,72335.134,617.911,
Contact STARLINK-31039 - STARLINK-5494,86127.724,86400.000,272.276,
Contact STARLINK-31039 - STARLINK-30421,60825.333,61312.561,487.229,
Contact STARLINK-31039 - STARLINK-30421,74922.878,75615.806,692.928,
Contact STARLINK-31039 - STARLINK-30421,86230.941,86400.000,169.059,
Contact STARLINK-31039 - STARLINK-4338,57403.628,57673.830,270.202,
Contact STARLINK-31039 - STARLINK-4338,71549.837,72278.882,729.044,
Contact STARLINK-31039 - STARLINK-4338,85805.228,86400.000,594.772,
Contact STARLINK-31039 - STARLINK-32197,35841.992,36312.743,470.751,
Contact STARLINK-31039 - STARLINK-32197,49844.857,50664.776,819.919,
Contact STARLINK-31039 - STARLINK-32197,61113.638,64928.882,3815.244,
Contact STARLINK-31039 - STARLINK-32197,75256.676,76287.758,1031.082,
Contact STARLINK-31039 - STARLINK-31536,0.000,271.864,271.864,
Contact STARLINK-31039 - STARLINK-31536,10622.540,11558.196,935.656,
Contact STARLINK-31039 - STARLINK-31536,25000.170,25593.527,593.357,
Contact STARLINK-31039 - STARLINK-6148,3508.804,7307.077,3798.273,
Contact STARLINK-31039 - STARLINK-6148,17856.354,21645.031,3788.677,
Contact STARLINK-31039 - STARLINK-6148,32208.815,33117.089,908.275,
Contact STARLINK-31039 - STARLINK-6148,46556.651,47459.299,902.648,
Contact STARLINK-31039 - STARLINK-6148,60909.457,61796.749,887.292,
Contact STARLINK-31039 - STARLINK-6148,75257.585,76138.627,881.042,
Contact STARLINK-31039 - STARLINK-2685,0.000,312.694,312.694,
Contact STARLINK-31039 - STARLINK-2685,13740.680,14646.166,905.486,
Contact STARLINK-31039 - STARLINK-2685,28078.813,28973.320,894.508,
Contact STARLINK-31039 - STARLINK-2685,39546.752,43306.682,3759.931,
Contact STARLINK-31039 - STARLINK-2685,53878.420,57633.670,3755.250,
Contact STARLINK-31039 - STARLINK-2685,68216.763,69097.731,880.968,
Contact STARLINK-31039 - STARLINK-2685,82548.514,83430.941,882.427,
Contact STARLINK-31039 - STARLINK-31853,58701.126,86400.000,27698.874,
Contact STARLINK-31039 - STARLINK-1578,25132.309,25890.029,757.720,
Contact STARLINK-31039 - STARLINK-1578,39321.666,46112.575,6790.908,
Contact STARLINK-31039 - STARLINK-1578,53488.047,60579.204,7091.157,
Contact STARLINK-31039 - STARLINK-1578,67706.970,74988.233,7281.263,
Contact STARLINK-31039 - STARLINK-1578,76213.809,86400.000,10186.191,
Contact STARLINK-31039 - STARLINK-5535,6857.460,7500.295,642.835,
Contact STARLINK-31039 - STARLINK-5535,21230.656,21866.018,635.362,
Contact STARLINK-31039 - STARLINK-5535,35595.442,36238.760,643.318,
Contact STARLINK-31039 - STARLINK-5535,49968.987,50604.119,635.132,
Contact STARLINK-31039 - STARLINK-5535,64333.833,64976.781,642.948,
Contact STARLINK-31039 - STARLINK-5535,78707.734,79341.769,634.035,
Contact STARLINK-31039 - STARLINK-5289,42664.611,43273.273,608.662,
Contact STARLINK-31039 - STARLINK-5289,50658.111,86400.000,35741.889,
Contact STARLINK-31039 - STARLINK-1276,10554.642,11271.672,717.030,
Contact STARLINK-31039 - STARLINK-1276,24887.264,25606.407,719.143,
Contact STARLINK-31039 - STARLINK-1276,39232.813,39928.198,695.385,
Contact STARLINK-31039 - STARLINK-1276,53565.508,54262.843,697.336,
Contact STARLINK-31039 - STARLINK-1276,67911.442,68584.234,672.791,
Contact STARLINK-31039 - STARLINK-1276,82244.209,82918.788,674.579,
Contact STARLINK-31039 - STARLINK-5837,10766.437,11416.774,650.337,
Contact STARLINK-31039 - STARLINK-5837,25131.900,25790.362,658.462,
Contact STARLINK-31039 - STARLINK-5837,39505.796,40156.376,650.580,
Contact STARLINK-31039 - STARLINK-5837,53871.611,54529.606,657.995,
Contact STARLINK-31039 - STARLINK-5837,68245.449,68895.655,650.206,
Contact STARLINK-31039 - STARLINK-5837,82611.609,83268.537,656.928,
Contact STARLINK-31039 - STARLINK-31852,3450.149,4462.859,1012.711,
Contact STARLINK-31039 - STARLINK-1666,0.000,86400.000,86400.000,
Contact STARLINK-31039 - STARLINK-1293,0.000,225.334,225.334,
Contact STARLINK-31039 - STARLINK-1293,14078.757,14587.804,509.046,
Contact STARLINK-31039 - STARLINK-1293,28418.687,28917.489,498.803,
Contact STARLINK-31039 - STARLINK-1293,42729.481,43277.808,548.327,
Contact STARLINK-31039 - STARLINK-1293,57069.118,57607.787,538.669,
Contact STARLINK-31039 - STARLINK-30879,2852.138,3797.186,945.048,
Contact STARLINK-31039 - STARLINK-30879,14186.923,15141.198,954.276,
Contact STARLINK-31039 - STARLINK-30879,28405.205,29271.624,866.419,
Contact STARLINK-31039 - STARLINK-30879,42680.645,43345.997,665.352,
Contact STARLINK-31039 - STARLINK-31345,64440.617,86400.000,21959.383,
Contact STARLINK-31039 - STARLINK-31690,51008.604,86400.000,35391.396,
Contact STARLINK-31039 - STARLINK-1788,3146.185,4062.794,916.609,
Contact STARLINK-31039 - STARLINK-1788,17477.507,18393.328,915.822,
Contact STARLINK-31039 - STARLINK-1788,31812.296,32720.184,907.888,
Contact STARLINK-31039 - STARLINK-1788,46143.821,47050.495,906.674,
Contact STARLINK-31039 - STARLINK-1788,60478.763,61377.161,898.397,
Contact STARLINK-31039 - STARLINK-1788,71945.451,75707.247,3761.796,
Contact STARLINK-31039 - STARLINK-1788,86277.263,86400.000,122.737,
Contact STARLINK-31039 - STARLINK-1080,3495.285,4292.118,796.832,
Contact STARLINK-31039 - STARLINK-1080,17837.508,18576.444,738.936,
Contact STARLINK-31039 - STARLINK-1080,32199.573,32840.088,640.515,
Contact STARLINK-31039 - STARLINK-1080,46552.744,47113.380,560.636,
Contact STARLINK-31039 - STARLINK-1080,60937.189,61354.563,417.374,
Contact STARLINK-31039 - STARLINK-31554,57140.165,57896.135,755.970,
Contact STARLINK-31039 - STARLINK-31554,68309.556,72250.544,3940.988,
Contact STARLINK-31039 - STARLINK-31554,82388.317,86400.000,4011.683,
Contact STARLINK-31039 - STARLINK-4383,0.000,257.973,257.973,
Contact STARLINK-31039 - STARLINK-4383,10635.260,14617.404,3982.144,
Contact STARLINK-31039 - STARLINK-4383,25021.203,28960.943,3939.740,
Contact STARLINK-31039 - STARLINK-4383,39430.351,43313.022,3882.671,
Contact STARLINK-31039 - STARLINK-4383,53824.726,57646.969,3822.243,
Contact STARLINK-31039 - STARLINK-4383,68245.539,69115.312,869.773,
Contact STARLINK-31039 - STARLINK-4383,82651.549,83452.738,801.190,
Contact STARLINK-31039 - STARLINK-11265 [DTC],50130.531,50596.824,466.293,
Contact STARLINK-31039 - STARLINK-11265 [DTC],61115.597,64826.110,3710.513,
Contact STARLINK-31039 - STARLINK-11265 [DTC],75134.180,75975.938,841.758,
Contact STARLINK-31039 - STARLINK-4612,3123.049,3823.962,700.913,
Contact STARLINK-31039 - STARLINK-4612,17455.983,18136.706,680.724,
Contact STARLINK-31039 - STARLINK-4612,31794.291,32443.599,649.307,
Contact STARLINK-31039 - STARLINK-4612,57598.841,58201.072,602.231,
Contact STARLINK-31039 - STARLINK-4612,71939.858,72505.222,565.364,
Contact STARLINK-31039 - STARLINK-4612,86277.073,86400.000,122.927,
Contact STARLINK-31039 - STARLINK-5831,3409.080,4195.715,786.635,
Contact STARLINK-31039 - STARLINK-5831,17757.840,18534.997,777.156,
Contact STARLINK-31039 - STARLINK-5831,32108.281,32872.954,764.673,
Contact STARLINK-31039 - STARLINK-5831,46457.319,47211.923,754.604,
Contact STARLINK-31039 - STARLINK-5831,60808.069,61549.542,741.473,
Contact STARLINK-31039 - STARLINK-5831,75157.400,75888.181,730.781,
Contact STARLINK-31039 - STARLINK-31034,10045.560,11016.219,970.659,
Contact STARLINK-31039 - STARLINK-31034,21215.354,28355.782,7140.428,
Contact STARLINK-31039 - STARLINK-31034,35269.926,42689.659,7419.732,
Contact STARLINK-31039 - STARLINK-31034,43765.045,56885.569,13120.525,
Contact STARLINK-31039 - STARLINK-31034,58001.170,65361.820,7360.650,
Contact STARLINK-31039 - STARLINK-31034,75244.494,79381.918,4137.424,
Contact STARLINK-31039 - STARLINK-3815,14056.873,14834.669,777.797,
Contact STARLINK-31039 - STARLINK-3815,28195.557,29144.324,948.767,
Contact STARLINK-31039 - STARLINK-3815,39530.202,43426.555,3896.353,
Contact STARLINK-31039 - STARLINK-3815,53725.308,57658.079,3932.771,
Contact STARLINK-31039 - STARLINK-3815,67969.477,69022.643,1053.166,
Contact STARLINK-31039 - STARLINK-3815,82237.276,83202.655,965.380,
Contact STARLINK-31039 - STARLINK-31611,6426.432,7305.405,878.973,
Contact STARLINK-31039 - STARLINK-31611,17712.016,18692.804,980.788,
Contact STARLINK-31039 - STARLINK-31611,31878.884,32866.686,987.802,
Contact STARLINK-31039 - STARLINK-31611,46107.427,46979.275,871.848,
Contact STARLINK-31039 - STARLINK-31611,57546.225,58214.463,668.238,
Contact STARLINK-31039 - MoonARTEMIS1,0.000,2243.735,2243.735,
Contact STARLINK-31039 - MoonARTEMIS1,4218.670,13756.878,9538.208,
Contact STARLINK-31039 - MoonARTEMIS1,15697.574,31048.964,15351.390,
Contact STARLINK-31039 - MoonARTEMIS1,32925.915,42551.250,9625.335,
Contact STARLINK-31039 - MoonARTEMIS1,44405.686,59810.094,15404.407,
Contact STARLINK-31039 - MoonARTEMIS1,61622.367,71322.212,9699.845,
Contact STARLINK-31039 - MoonARTEMIS1,73098.784,86400.000,13301.216,
Contact STARLINK-31039 - MoonARTEMIS2,0.000,2305.796,2305.796,
Contact STARLINK-31039 - MoonARTEMIS2,4217.072,13814.456,9597.384,
Contact STARLINK-31039 - MoonARTEMIS2,15693.884,31075.569,15381.685,
Contact STARLINK-31039 - MoonARTEMIS2,32909.573,42579.932,9670.359,
Contact STARLINK-31039 - MoonARTEMIS2,44388.307,59835.180,15446.873,
Contact STARLINK-31039 - MoonARTEMIS2,62669.188,71399.094,8729.907,
Contact STARLINK-31039 - MoonARTEMIS2,73093.343,86400.000,13306.657,
Contact STARLINK-31039 - MoonIOAGEO,0.000,2255.047,2255.047,
Contact STARLINK-31039 - MoonIOAGEO,4216.376,13768.839,9552.463,
Contact STARLINK-31039 - MoonIOAGEO,21443.889,31060.777,9616.889,
Contact STARLINK-31039 - MoonIOAGEO,32921.492,42551.563,9630.071,
Contact STARLINK-31039 - MoonIOAGEO,44394.865,59834.579,15439.714,
Contact STARLINK-31039 - MoonIOAGEO,64013.915,71387.311,7373.395,
Contact STARLINK-31039 - MoonIOAGEO,73094.461,86400.000,13305.539,
Contact STARLINK-31039 - MoonIOAGNO,0.000,2248.163,2248.163,
Contact STARLINK-31039 - MoonIOAGNO,4211.199,13780.714,9569.515,
Contact STARLINK-31039 - MoonIOAGNO,15693.613,31012.853,15319.240,
Contact STARLINK-31039 - MoonIOAGNO,32888.108,42530.813,9642.705,
Contact STARLINK-31039 - MoonIOAGNO,44380.256,59838.375,15458.119,
Contact STARLINK-31039 - MoonIOAGNO,61596.921,71335.248,9738.327,
Contact STARLINK-31039 - MoonIOAGNO,73055.140,86400.000,13344.860,
Contact STARLINK-31039 - MoonIOAGNO 0001,0.000,2245.535,2245.535,
Contact STARLINK-31039 - MoonIOAGNO 0001,4193.536,13745.002,9551.466,
Contact STARLINK-31039 - MoonIOAGNO 0001,15673.235,31046.121,15372.886,
Contact STARLINK-31039 - MoonIOAGNO 0001,32927.583,42544.536,9616.953,
Contact STARLINK-31039 - MoonIOAGNO 0001,44371.686,59804.686,15433.000,
Contact STARLINK-31039 - MoonIOAGNO 0001,61587.211,71350.170,9762.959,
Contact STARLINK-31039 - MoonIOAGNO 0001,73095.435,86400.000,13304.565,
Contact STARLINK-31039 - MoonIOAGSO,0.000,2266.420,2266.420,
Contact STARLINK-31039 - MoonIOAGSO,4224.914,13784.684,9559.770,
Contact STARLINK-31039 - MoonIOAGSO,15710.248,31067.042,15356.795,
Contact STARLINK-31039 - MoonIOAGSO,32947.701,42564.060,9616.359,
Contact STARLINK-31039 - MoonIOAGSO,44411.634,59860.511,15448.877,
Contact STARLINK-31039 - MoonIOAGSO,61634.360,71392.850,9758.490,
Contact STARLINK-31039 - MoonIOAGSO,73126.400,86400.000,13273.600,
Contact STARLINK-31039 - MoonIOAGSO 0001,0.000,2292.279,2292.279,
Contact STARLINK-31039 - MoonIOAGSO 0001,4246.210,13792.839,9546.629,
Contact STARLINK-31039 - MoonIOAGSO 0001,15723.178,31033.471,15310.293,
Contact STARLINK-31039 - MoonIOAGSO 0001,34243.942,42586.344,8342.402,
Contact STARLINK-31039 - MoonIOAGSO 0001,44424.673,59852.795,15428.123,
Contact STARLINK-31039 - MoonIOAGSO 0001,61638.718,71353.171,9714.453,
Contact STARLINK-31039 - MoonIOAGSO 0001,73087.032,86400.000,13312.968,
Contact STARLINK-31039 - MoonLRO,0.000,2272.998,2272.998,
Contact STARLINK-31039 - MoonLRO,4222.151,13774.823,9552.672,
Contact STARLINK-31039 - MoonLRO,15704.898,31043.834,15338.936,
Contact STARLINK-31039 - MoonLRO,32914.615,42565.744,9651.129,
Contact STARLINK-31039 - MoonLRO,44403.925,59832.430,15428.505,
Contact STARLINK-31039 - MoonLRO,61609.255,71367.120,9757.864,
Contact STARLINK-31039 - MoonLRO,73090.594,86400.000,13309.406,
Contact STARLINK-31039 - MarsSat1,4277.571,13962.399,9684.828,
Contact STARLINK-31039 - MarsSat1,15748.929,31185.341,15436.413,
Contact STARLINK-31039 - MarsSat1,32955.828,42667.473,9711.645,
Contact STARLINK-31039 - MarsSat1,44426.976,59891.058,15464.082,
Contact STARLINK-31039 - MarsSat1,61633.439,71373.815,9740.376,
Contact STARLINK-31039 - MarsSat1,73104.207,86400.000,13295.793,
Contact STARLINK-31039 - MarsSat2,0.000,2480.504,2480.504,
Contact STARLINK-31039 - MarsSat2,4277.578,13962.189,9684.611,
Contact STARLINK-31039 - MarsSat2,15748.803,31185.234,15436.431,
Contact STARLINK-31039 - MarsSat2,32955.596,42667.541,9711.945,
Contact STARLINK-31039 - MarsSat2,44426.707,59891.406,15464.699,
Contact STARLINK-31039 - MarsSat2,61633.190,71374.260,9741.070,
Contact STARLINK-31039 - MarsSat2,73104.039,86400.000,13295.961,
Contact STARLINK-31039 - MarsSat3,0.000,2480.701,2480.701,
Contact STARLINK-31039 - MarsSat3,4277.762,13962.229,9684.467,
Contact STARLINK-31039 - MarsSat3,15748.940,31185.119,15436.180,
Contact STARLINK-31039 - MarsSat3,32955.644,42667.432,9711.788,
Contact STARLINK-31039 - MarsSat3,44426.805,59891.320,15464.515,
Contact STARLINK-31039 - MarsSat3,61633.415,71374.153,9740.739,
Contact STARLINK-31039 - MarsSat3,73104.325,86400.000,13295.675,
Contact STARLINK-31039 - MarsSat4,0.000,2480.692,2480.692,
Contact STARLINK-31039 - MarsSat4,4277.639,13962.420,9684.781,
Contact STARLINK-31039 - MarsSat4,15749.109,31185.235,15436.126,
Contact STARLINK-31039 - MarsSat4,32955.813,42667.572,9711.758,
Contact STARLINK-31039 - MarsSat4,44427.067,59891.110,15464.043,
Contact STARLINK-31039 - MarsSat4,61633.288,71374.089,9740.801,
Contact STARLINK-31039 - MarsSat4,73104.249,86400.000,13295.751,
Contact STARLINK-1911 - STARLINK-2022,10164.675,11133.875,969.200,
Contact STARLINK-1911 - STARLINK-2022,24496.714,25443.919,947.205,
Contact STARLINK-1911 - STARLINK-2022,35956.238,39770.669,3814.431,
Contact STARLINK-1911 - STARLINK-2022,50272.903,54080.575,3807.672,
Contact STARLINK-1911 - STARLINK-2022,64605.110,68407.301,3802.191,
Contact STARLINK-1911 - STARLINK-2022,78921.741,79861.907,940.166,
Contact STARLINK-1911 - STARLINK-1598,0.000,86400.000,86400.000,
Contact STARLINK-1911 - STARLINK-4793,0.000,86400.000,86400.000,
Contact STARLINK-1911 - STARLINK-3715,10657.957,11165.362,507.405,
Contact STARLINK-1911 - STARLINK-3715,24960.055,25484.666,524.611,
Contact STARLINK-1911 - STARLINK-3715,39245.985,39820.975,574.990,
Contact STARLINK-1911 - STARLINK-3715,53549.349,54138.987,589.638,
Contact STARLINK-1911 - STARLINK-3715,67837.975,68472.556,634.581,
Contact STARLINK-1911 - STARLINK-31405,3528.789,3959.696,430.906,
Contact STARLINK-1911 - STARLINK-31405,17447.383,18352.738,905.355,
Contact STARLINK-1911 - STARLINK-31405,28683.097,32610.997,3927.900,
Contact STARLINK-1911 - STARLINK-31405,42807.405,43947.792,1140.387,
Contact STARLINK-1911 - STARLINK-31405,57027.953,58035.468,1007.516,
Contact STARLINK-1911 - STARLINK-31405,71346.104,72027.893,681.789,
Contact STARLINK-1911 - STARLINK-1711,0.000,86400.000,86400.000,
Contact STARLINK-1911 - STARLINK-31026,21558.981,22013.980,454.998,
Contact STARLINK-1911 - STARLINK-31026,35866.184,36380.611,514.427,
Contact STARLINK-1911 - STARLINK-31026,50166.170,50753.951,587.781,
Contact STARLINK-1911 - STARLINK-31026,64480.209,65113.693,633.483,
Contact STARLINK-1911 - STARLINK-31026,78786.967,79480.239,693.272,
Contact STARLINK-1911 - STARLINK-31139,42925.339,43559.192,633.853,
Contact STARLINK-1911 - STARLINK-31139,57070.061,57854.608,784.547,
Contact STARLINK-1911 - STARLINK-31139,71238.860,72125.228,886.368,
Contact STARLINK-1911 - STARLINK-31139,82589.108,83526.512,937.404,
Contact STARLINK-1911 - STARLINK-31192,0.000,3936.560,3936.560,
Contact STARLINK-1911 - STARLINK-31192,14111.778,18034.327,3922.549,
Contact STARLINK-1911 - STARLINK-31192,28480.955,29264.597,783.642,
Contact STARLINK-1911 - STARLINK-31558,10760.201,11114.258,354.057,
Contact STARLINK-1911 - STARLINK-4006,10716.549,10959.025,242.475,
Contact STARLINK-1911 - STARLINK-4006,25063.652,25218.819,155.167,
Contact STARLINK-1911 - STARLINK-4111,0.000,3636.743,3636.743,
Contact STARLINK-1911 - STARLINK-4111,14204.876,15087.560,882.684,
Contact STARLINK-1911 - STARLINK-4111,28515.062,29398.925,883.863,
Contact STARLINK-1911 - STARLINK-4111,42821.022,43714.227,893.205,
Contact STARLINK-1911 - STARLINK-4111,57131.384,58025.367,893.983,
Contact STARLINK-1911 - STARLINK-4111,71437.629,72340.363,902.734,
Contact STARLINK-1911 - STARLINK-4111,85748.168,86400.000,651.832,
Contact STARLINK-1911 - STARLINK-31128,14298.026,14944.413,646.387,
Contact STARLINK-1911 - STARLINK-31128,28460.252,29242.042,781.790,
Contact STARLINK-1911 - STARLINK-31128,42641.777,43519.765,877.988,
Contact STARLINK-1911 - STARLINK-31128,53999.698,57779.962,3780.263,
Contact STARLINK-1911 - STARLINK-31128,68211.431,72024.524,3813.093,
Contact STARLINK-1911 - STARLINK-31128,82438.246,83409.027,970.781,
Contact STARLINK-1911 - STARLINK-2466,39572.296,40002.381,430.085,
Contact STARLINK-1911 - STARLINK-2466,53889.934,54322.061,432.127,
Contact STARLINK-1911 - STARLINK-2466,68211.657,68637.060,425.403,
Contact STARLINK-1911 - STARLINK-2466,82529.269,82956.711,427.442,
Contact STARLINK-1911 - STARLINK-4560,0.000,310.657,310.657,
Contact STARLINK-1911 - STARLINK-4560,14339.225,14678.071,338.845,
Contact STARLINK-1911 - STARLINK-4560,28694.909,29038.660,343.751,
Contact STARLINK-1911 - STARLINK-4560,43043.170,43406.979,363.809,
Contact STARLINK-1911 - STARLINK-4560,57398.985,57767.385,368.401,
Contact STARLINK-1911 - STARLINK-4560,71746.633,72136.206,389.572,
Contact STARLINK-1911 - STARLINK-4560,86102.730,86400.000,297.270,
Contact STARLINK-1911 - STARLINK-2476,0.000,246.554,246.554,
Contact STARLINK-1911 - STARLINK-2476,13819.907,14580.069,760.162,
Contact STARLINK-1911 - STARLINK-2476,28143.778,28909.700,765.922,
Contact STARLINK-1911 - STARLINK-2476,42464.401,43242.964,778.564,
Contact STARLINK-1911 - STARLINK-2476,53922.325,54707.987,785.662,
Contact STARLINK-1911 - STARLINK-2476,68246.524,69037.281,790.757,
Contact STARLINK-1911 - STARLINK-2476,82567.443,83370.212,802.768,
Contact STARLINK-1911 - STARLINK-2105,641.105,13839.957,13198.852,
Contact STARLINK-1911 - STARLINK-2105,14953.433,28166.067,13212.634,
Contact STARLINK-1911 - STARLINK-2105,29279.788,42474.097,13194.309,
Contact STARLINK-1911 - STARLINK-2105,43592.101,53927.726,10335.625,
Contact STARLINK-1911 - STARLINK-2105,57918.469,68253.716,10335.247,
Contact STARLINK-1911 - STARLINK-2105,72230.766,82561.726,10330.961,
Contact STARLINK-1911 - STARLINK-31536,42933.469,43689.326,755.857,
Contact STARLINK-1911 - STARLINK-31536,57064.411,57954.160,889.749,
Contact STARLINK-1911 - STARLINK-31536,68392.151,72187.236,3795.085,
Contact STARLINK-1911 - STARLINK-31536,82578.557,83551.448,972.890,
Contact STARLINK-1911 - STARLINK-11199 [DTC],3478.273,10324.394,6846.121,
Contact STARLINK-1911 - STARLINK-11199 [DTC],17272.894,18778.670,1505.777,
Contact STARLINK-1911 - STARLINK-11199 [DTC],25819.950,32412.740,6592.790,
Contact STARLINK-1911 - STARLINK-5849,17939.090,21758.721,3819.631,
Contact STARLINK-1911 - STARLINK-5849,31971.328,39339.191,7367.864,
Contact STARLINK-1911 - STARLINK-5849,43248.030,86400.000,43151.970,
Contact STARLINK-1911 - STARLINK-30100,10292.380,11380.303,1087.923,
Contact STARLINK-1911 - STARLINK-30100,24659.669,25693.463,1033.794,
Contact STARLINK-1911 - STARLINK-30100,39018.501,40015.402,996.901,
Contact STARLINK-1911 - STARLINK-30100,53391.379,54322.976,931.596,
Contact STARLINK-1911 - STARLINK-30100,67755.357,68639.768,884.412,
Contact STARLINK-1911 - STARLINK-30100,82135.488,82940.096,804.608,
Contact STARLINK-1911 - STARLINK-11101 [DTC],13902.169,14600.735,698.566,
Contact STARLINK-1911 - STARLINK-11101 [DTC],25058.387,25882.593,824.206,
Contact STARLINK-1911 - STARLINK-11101 [DTC],39124.013,39864.335,740.323,
Contact STARLINK-1911 - STARLINK-2685,17963.566,18300.624,337.058,
Contact STARLINK-1911 - STARLINK-2685,32285.319,32624.790,339.471,
Contact STARLINK-1911 - STARLINK-2685,46627.367,46929.169,301.802,
Contact STARLINK-1911 - STARLINK-2685,60949.072,61253.352,304.281,
Contact STARLINK-1911 - STARLINK-3525,0.000,86400.000,86400.000,
Contact STARLINK-1911 - STARLINK-1276,3030.167,3759.057,728.890,
Contact STARLINK-1911 - STARLINK-1276,17360.585,18077.240,716.655,
Contact STARLINK-1911 - STARLINK-1276,31684.841,32401.154,716.313,
Contact STARLINK-1911 - STARLINK-1276,43146.766,43857.922,711.156,
Contact STARLINK-1911 - STARLINK-1276,57477.414,58175.840,698.426,
Contact STARLINK-1911 - STARLINK-1276,71801.721,72499.664,697.943,
Contact STARLINK-1911 - STARLINK-1276,86132.543,86400.000,267.457,
Contact STARLINK-1911 - STARLINK-5837,3456.112,4293.261,837.149,
Contact STARLINK-1911 - STARLINK-5837,17803.248,18669.996,866.748,
Contact STARLINK-1911 - STARLINK-5837,32140.920,33056.311,915.391,
Contact STARLINK-1911 - STARLINK-5837,46491.323,47429.973,938.650,
Contact STARLINK-1911 - STARLINK-5837,60832.588,61812.805,980.217,
Contact STARLINK-1911 - STARLINK-5837,75186.671,76183.003,996.332,
Contact STARLINK-1911 - STARLINK-31852,61519.294,86400.000,24880.706,
Contact STARLINK-1911 - STARLINK-30879,60584.647,61368.218,783.572,
Contact STARLINK-1911 - STARLINK-30879,71784.212,75682.972,3898.761,
Contact STARLINK-1911 - STARLINK-30879,85877.775,86400.000,522.225,
Contact STARLINK-1911 - STARLINK-5058,0.000,86400.000,86400.000,
Contact STARLINK-1911 - STARLINK-5239,0.000,86400.000,86400.000,
Contact STARLINK-1911 - STARLINK-6135,0.000,3928.149,3928.149,
Contact STARLINK-1911 - STARLINK-6135,14144.291,18263.133,4118.842,
Contact STARLINK-1911 - STARLINK-6135,28485.542,32605.530,4119.988,
Contact STARLINK-1911 - STARLINK-6135,42820.706,49809.276,6988.569,
Contact STARLINK-1911 - STARLINK-6135,57164.700,64139.910,6975.210,
Contact STARLINK-1911 - STARLINK-6135,71502.607,78477.772,6975.165,
Contact STARLINK-1911 - STARLINK-6135,85849.330,86400.000,550.670,
Contact STARLINK-1911 - STARLINK-4356,50059.297,50624.189,564.892,
Contact STARLINK-1911 - STARLINK-4356,64303.361,65124.127,820.767,
Contact STARLINK-1911 - STARLINK-4356,78545.799,79608.718,1062.918,
Contact STARLINK-1911 - STARLINK-30052,10478.667,11360.344,881.677,
Contact STARLINK-1911 - STARLINK-30052,24850.555,25662.394,811.839,
Contact STARLINK-1911 - STARLINK-30052,39211.912,39975.334,763.422,
Contact STARLINK-1911 - STARLINK-30052,53591.676,54269.494,677.818,
Contact STARLINK-1911 - STARLINK-30052,67960.371,68575.069,614.697,
Contact STARLINK-1911 - STARLINK-30052,82354.356,82854.998,500.642,
Contact STARLINK-1911 - STARLINK-11265 [DTC],0.000,10107.438,10107.438,
Contact STARLINK-1911 - MoonARTEMIS1,0.000,24887.430,24887.430,
Contact STARLINK-1911 - MoonARTEMIS1,25992.912,42001.660,16008.748,
Contact STARLINK-1911 - MoonARTEMIS1,43275.749,53426.020,10150.271,
Contact STARLINK-1911 - MoonARTEMIS1,54794.394,70572.936,15778.542,
Contact STARLINK-1911 - MoonARTEMIS1,72070.588,82009.499,9938.911,
Contact STARLINK-1911 - MoonARTEMIS1,83587.349,86400.000,2812.651,
Contact STARLINK-1911 - MoonARTEMIS2,0.000,13468.466,13468.466,
Contact STARLINK-1911 - MoonARTEMIS2,14558.149,24872.641,10314.492,
Contact STARLINK-1911 - MoonARTEMIS2,26107.623,42003.117,15895.494,
Contact STARLINK-1911 - MoonARTEMIS2,43381.489,53430.360,10048.871,
Contact STARLINK-1911 - MoonARTEMIS2,54864.971,59138.203,4273.232,
Contact STARLINK-1911 - MoonARTEMIS2,62528.807,70557.399,8028.592,
Contact STARLINK-1911 - MoonARTEMIS2,72177.928,81996.770,9818.842,
Contact STARLINK-1911 - MoonARTEMIS2,83706.711,86400.000,2693.289,
Contact STARLINK-1911 - MoonIOAGEO,0.000,16233.073,16233.073,
Contact STARLINK-1911 - MoonIOAGEO,20193.729,24878.613,4684.884,
Contact STARLINK-1911 - MoonIOAGEO,26018.246,42012.736,15994.490,
Contact STARLINK-1911 - MoonIOAGEO,43304.456,53435.137,10130.681,
Contact STARLINK-1911 - MoonIOAGEO,54828.393,59138.478,4310.085,
Contact STARLINK-1911 - MoonIOAGEO,63992.616,70558.957,6566.341,
Contact STARLINK-1911 - MoonIOAGEO,72163.912,82004.423,9840.511,
Contact STARLINK-1911 - MoonIOAGEO,83656.463,86400.000,2743.537,
Contact STARLINK-1911 - MoonIOAGNO,0.000,24975.231,24975.231,
Contact STARLINK-1911 - MoonIOAGNO,25968.206,42057.385,16089.179,
Contact STARLINK-1911 - MoonIOAGNO,43295.044,53411.812,10116.769,
Contact STARLINK-1911 - MoonIOAGNO,54859.715,70612.594,15752.879,
Contact STARLINK-1911 - MoonIOAGNO,72151.962,82043.019,9891.056,
Contact STARLINK-1911 - MoonIOAGNO,83649.212,86400.000,2750.788,
Contact STARLINK-1911 - MoonIOAGNO 0001,0.000,24949.404,24949.404,
Contact STARLINK-1911 - MoonIOAGNO 0001,25938.672,42041.888,16103.216,
Contact STARLINK-1911 - MoonIOAGNO 0001,43332.946,53481.538,10148.591,
Contact STARLINK-1911 - MoonIOAGNO 0001,54855.189,70578.888,15723.699,
Contact STARLINK-1911 - MoonIOAGNO 0001,72126.955,82018.743,9891.788,
Contact STARLINK-1911 - MoonIOAGNO 0001,83671.263,86400.000,2728.737,
Contact STARLINK-1911 - MoonIOAGSO,0.000,13516.674,13516.674,
Contact STARLINK-1911 - MoonIOAGSO,14406.760,24833.388,10426.628,
Contact STARLINK-1911 - MoonIOAGSO,25991.280,41976.705,15985.425,
Contact STARLINK-1911 - MoonIOAGSO,43295.287,53438.267,10142.981,
Contact STARLINK-1911 - MoonIOAGSO,55998.752,70526.275,14527.523,
Contact STARLINK-1911 - MoonIOAGSO,72132.960,81974.695,9841.735,
Contact STARLINK-1911 - MoonIOAGSO,83635.563,86400.000,2764.437,
Contact STARLINK-1911 - MoonIOAGSO 0001,0.000,24896.890,24896.890,
Contact STARLINK-1911 - MoonIOAGSO 0001,25942.524,41960.193,16017.669,
Contact STARLINK-1911 - MoonIOAGSO 0001,43329.982,53376.469,10046.487,
Contact STARLINK-1911 - MoonIOAGSO 0001,54845.492,70567.471,15721.979,
Contact STARLINK-1911 - MoonIOAGSO 0001,72129.408,81984.443,9855.035,
Contact STARLINK-1911 - MoonIOAGSO 0001,83655.514,86400.000,2744.486,
Contact STARLINK-1911 - MoonLRO,0.000,24907.164,24907.164,
Contact STARLINK-1911 - MoonLRO,25966.141,42003.133,16036.992,
Contact STARLINK-1911 - MoonLRO,43320.696,53433.522,10112.826,
Contact STARLINK-1911 - MoonLRO,54865.846,70559.654,15693.808,
Contact STARLINK-1911 - MoonLRO,72132.114,82010.505,9878.392,
Contact STARLINK-1911 - MoonLRO,83656.454,86400.000,2743.546,
Contact STARLINK-1911 - MarsSat1,1333.553,13306.034,11972.481,
Contact STARLINK-1911 - MarsSat1,14657.624,24756.235,10098.611,
Contact STARLINK-1911 - MarsSat1,26134.076,41932.332,15798.255,
Contact STARLINK-1911 - MarsSat1,43347.094,53383.570,10036.477,
Contact STARLINK-1911 - MarsSat1,54821.588,70561.139,15739.551,
Contact STARLINK-1911 - MarsSat1,72032.486,82013.275,9980.788,
Contact STARLINK-1911 - MarsSat1,83505.930,86400.000,2894.070,
Contact STARLINK-1911 - MarsSat2,0.000,13306.259,13306.259,
Contact STARLINK-1911 - MarsSat2,14657.401,24756.548,10099.147,
Contact STARLINK-1911 - MarsSat2,26134.095,41932.642,15798.547,
Contact STARLINK-1911 - MarsSat2,43347.639,53383.822,10036.183,
Contact STARLINK-1911 - MarsSat2,54822.428,70561.236,15738.808,
Contact STARLINK-1911 - MarsSat2,72033.389,82013.247,9979.858,
Contact STARLINK-1911 - MarsSat2,83506.614,86400.000,2893.386,
Contact STARLINK-1911 - MarsSat3,0.000,13306.022,13306.022,
Contact STARLINK-1911 - MarsSat3,14657.203,24756.504,10099.301,
Contact STARLINK-1911 - MarsSat3,26133.820,41932.575,15798.755,
Contact STARLINK-1911 - MarsSat3,43347.314,53383.653,10036.338,
Contact STARLINK-1911 - MarsSat3,54822.031,70560.944,15738.912,
Contact STARLINK-1911 - MarsSat3,72032.842,82012.970,9980.128,
Contact STARLINK-1911 - MarsSat3,83505.973,86400.000,2894.027,
Contact STARLINK-1911 - MarsSat4,0.000,13305.779,13305.779,
Contact STARLINK-1911 - MarsSat4,14657.329,24756.298,10098.969,
Contact STARLINK-1911 - MarsSat4,26133.728,41932.199,15798.471,
Contact STARLINK-1911 - MarsSat4,43347.137,53383.558,10036.421,
Contact STARLINK-1911 - MarsSat4,54821.700,70561.068,15739.369,
Contact STARLINK-1911 - MarsSat4,72032.863,82013.106,9980.242,
Contact STARLINK-1911 - MarsSat4,83505.945,86400.000,2894.055,
Contact STARLINK-4216 - STARLINK-4126,0.000,10643.976,10643.976,
Contact STARLINK-4216 - STARLINK-4126,11301.239,24929.642,13628.403,
Contact STARLINK-4216 - STARLINK-4126,25599.100,39238.647,13639.546,
Contact STARLINK-4216 - STARLINK-4126,39912.471,53524.291,13611.820,
Contact STARLINK-4216 - STARLINK-4126,54210.323,67833.096,13622.772,
Contact STARLINK-4216 - STARLINK-4126,68523.875,82118.717,13594.841,
Contact STARLINK-4216 - STARLINK-4126,82821.717,86400.000,3578.283,
Contact STARLINK-4216 - STARLINK-3536,0.000,4066.404,4066.404,
Contact STARLINK-4216 - STARLINK-3536,11319.236,18362.912,7043.676,
Contact STARLINK-4216 - STARLINK-3536,28478.754,35527.849,7049.095,
Contact STARLINK-4216 - STARLINK-3536,42771.641,49839.472,7067.831,
Contact STARLINK-4216 - STARLINK-3536,57078.046,64135.943,7057.897,
Contact STARLINK-4216 - STARLINK-3536,71371.033,72725.847,1354.814,
Contact STARLINK-4216 - STARLINK-3536,85677.457,86400.000,722.543,
Contact STARLINK-4216 - STARLINK-4593,7073.873,7656.715,582.841,
Contact STARLINK-4216 - STARLINK-4593,21367.946,21962.485,594.539,
Contact STARLINK-4216 - STARLINK-4593,35672.134,36258.435,586.301,
Contact STARLINK-4216 - STARLINK-4593,49966.236,50564.149,597.913,
Contact STARLINK-4216 - STARLINK-4593,64270.372,64860.115,589.742,
Contact STARLINK-4216 - STARLINK-30800,6794.235,7697.801,903.567,
Contact STARLINK-4216 - STARLINK-30800,21070.848,22070.936,1000.087,
Contact STARLINK-4216 - STARLINK-30800,35365.171,36427.026,1061.855,
Contact STARLINK-4216 - STARLINK-30800,43933.696,50790.907,6857.211,
Contact STARLINK-4216 - STARLINK-30800,61087.173,65139.781,4052.607,
Contact STARLINK-4216 - STARLINK-30800,75391.276,79496.180,4104.905,
Contact STARLINK-4216 - STARLINK-31558,50273.320,51075.562,802.242,
Contact STARLINK-4216 - STARLINK-31558,64060.322,71329.426,7269.104,
Contact STARLINK-4216 - STARLINK-31558,72411.045,82721.464,10310.420,
Contact STARLINK-4216 - STARLINK-4359,0.000,175.675,175.675,
Contact STARLINK-4216 - STARLINK-4359,13828.378,14526.397,698.019,
Contact STARLINK-4216 - STARLINK-4359,28172.587,28875.457,702.870,
Contact STARLINK-4216 - STARLINK-4359,42514.851,43226.942,712.091,
Contact STARLINK-4216 - STARLINK-4359,53989.299,54707.297,717.997,
Contact STARLINK-4216 - STARLINK-4359,68333.811,69056.050,722.239,
Contact STARLINK-4216 - STARLINK-4359,82675.169,83408.428,733.259,
Contact STARLINK-4216 - STARLINK-30126,64721.682,65355.983,634.300,
Contact STARLINK-4216 - STARLINK-30126,79019.705,79710.520,690.815,
Contact STARLINK-4216 - STARLINK-4299,6575.121,7205.128,630.007,
Contact STARLINK-4216 - STARLINK-4299,32286.609,32981.961,695.352,
Contact STARLINK-4216 - STARLINK-4299,46591.878,47280.588,688.711,
Contact STARLINK-4216 - STARLINK-4299,60871.534,61605.725,734.192,
Contact STARLINK-4216 - STARLINK-4299,75176.673,75904.466,727.793,
Contact STARLINK-4216 - STARLINK-31577,24710.991,25371.409,660.419,
Contact STARLINK-4216 - STARLINK-31577,35828.930,39621.663,3792.733,
Contact STARLINK-4216 - STARLINK-31577,49862.349,50903.914,1041.565,
Contact STARLINK-4216 - STARLINK-31577,61195.092,64872.546,3677.454,
Contact STARLINK-4216 - STARLINK-31577,75569.552,75881.765,312.213,
Contact STARLINK-4216 - STARLINK-5322,109.053,86400.000,86290.947,
Contact STARLINK-4216 - STARLINK-2704,21116.657,22289.726,1173.070,
Contact STARLINK-4216 - STARLINK-2704,29535.623,42682.726,13147.103,
Contact STARLINK-4216 - STARLINK-2704,43461.736,86400.000,42938.264,
Contact STARLINK-4216 - STARLINK-5807,10681.573,11005.619,324.046,
Contact STARLINK-4216 - STARLINK-2367,71899.220,72131.937,232.717,
Contact STARLINK-4216 - STARLINK-2367,86158.924,86400.000,241.076,
Contact STARLINK-4216 - STARLINK-5494,17928.424,21628.817,3700.393,
Contact STARLINK-4216 - STARLINK-5494,32230.348,36027.626,3797.278,
Contact STARLINK-4216 - STARLINK-5494,46559.232,50431.371,3872.139,
Contact STARLINK-4216 - STARLINK-5494,60883.738,64809.931,3926.193,
Contact STARLINK-4216 - STARLINK-5494,75231.429,76312.080,1080.652,
Contact STARLINK-4216 - STARLINK-30421,10632.845,11275.165,642.320,
Contact STARLINK-4216 - STARLINK-30421,24725.630,25544.335,818.705,
Contact STARLINK-4216 - STARLINK-30421,38848.797,39783.222,934.425,
Contact STARLINK-4216 - STARLINK-30421,50172.780,51148.367,975.587,
Contact STARLINK-4216 - STARLINK-30421,64358.306,65323.954,965.648,
Contact STARLINK-4216 - STARLINK-30421,78566.804,79477.040,910.236,
Contact STARLINK-4216 - STARLINK-32197,0.000,642.555,642.555,
Contact STARLINK-4216 - STARLINK-32197,13945.837,14832.467,886.630,
Contact STARLINK-4216 - STARLINK-32197,28107.947,28987.113,879.166,
Contact STARLINK-4216 - STARLINK-32197,39459.120,40289.272,830.151,
Contact STARLINK-4216 - STARLINK-32197,53677.734,54387.580,709.846,
Contact STARLINK-4216 - STARLINK-32197,67944.163,68438.834,494.671,
Contact STARLINK-4216 - STARLINK-6148,10393.448,11134.925,741.477,
Contact STARLINK-4216 - STARLINK-6148,24699.020,25480.399,781.379,
Contact STARLINK-4216 - STARLINK-6148,39004.805,39825.205,820.400,
Contact STARLINK-4216 - STARLINK-6148,53314.241,54166.744,852.503,
Contact STARLINK-4216 - STARLINK-6148,64762.403,68507.687,3745.284,
Contact STARLINK-4216 - STARLINK-6148,79073.457,82845.746,3772.289,
Contact STARLINK-4216 - STARLINK-11199 [DTC],68103.526,68793.891,690.365,
Contact STARLINK-4216 - STARLINK-11199 [DTC],82053.812,82881.404,827.592,
Contact STARLINK-4216 - STARLINK-5849,3276.887,3809.306,532.419,
Contact STARLINK-4216 - STARLINK-5849,17668.929,18127.289,458.360,
Contact STARLINK-4216 - STARLINK-5849,32056.637,32450.577,393.940,
Contact STARLINK-4216 - STARLINK-11101 [DTC],69504.936,86400.000,16895.064,
Contact STARLINK-4216 - STARLINK-31853,0.000,49652.869,49652.869,
Contact STARLINK-4216 - STARLINK-4551,2920.796,4118.106,1197.309,
Contact STARLINK-4216 - STARLINK-4551,11546.729,18368.411,6821.682,
Contact STARLINK-4216 - STARLINK-4551,25784.897,32737.331,6952.434,
Contact STARLINK-4216 - STARLINK-4551,42933.051,46989.218,4056.168,
Contact STARLINK-4216 - STARLINK-4551,57272.500,64161.527,6889.027,
Contact STARLINK-4216 - STARLINK-4551,71513.430,78527.611,7014.181,
Contact STARLINK-4216 - STARLINK-4551,85851.478,86400.000,548.522,
Contact STARLINK-4216 - STARLINK-5535,10671.819,11242.262,570.443,
Contact STARLINK-4216 - STARLINK-5535,25028.917,25584.271,555.354,
Contact STARLINK-4216 - STARLINK-5535,39385.224,39927.510,542.286,
Contact STARLINK-4216 - STARLINK-5535,53740.461,54271.256,530.795,
Contact STARLINK-4216 - STARLINK-5535,68096.099,68615.163,519.064,
Contact STARLINK-4216 - STARLINK-5535,82449.263,82960.860,511.597,
Contact STARLINK-4216 - STARLINK-5837,86361.537,86400.000,38.463,
Contact STARLINK-4216 - STARLINK-1293,17903.010,18520.589,617.579,
Contact STARLINK-4216 - STARLINK-1293,32087.141,32969.179,882.037,
Contact STARLINK-4216 - STARLINK-1293,46334.704,47351.454,1016.750,
Contact STARLINK-4216 - STARLINK-1293,60555.876,61763.189,1207.313,
Contact STARLINK-4216 - STARLINK-1293,69117.611,76132.922,7015.310,
Contact STARLINK-4216 - STARLINK-1293,83350.545,86400.000,3049.455,
Contact STARLINK-4216 - STARLINK-31345,2848.872,10068.808,7219.935,
Contact STARLINK-4216 - STARLINK-31345,11378.223,18554.387,7176.164,
Contact STARLINK-4216 - STARLINK-31345,25628.777,32666.037,7037.260,
Contact STARLINK-4216 - STARLINK-31345,42826.397,43901.897,1075.500,
Contact STARLINK-4216 - STARLINK-31345,57288.387,57831.598,543.211,
Contact STARLINK-4216 - STARLINK-31690,0.000,43281.179,43281.179,
Contact STARLINK-4216 - STARLINK-4675,0.000,64.015,64.015,
Contact STARLINK-4216 - STARLINK-4675,10605.236,11505.573,900.337,
Contact STARLINK-4216 - STARLINK-4675,24909.869,25806.430,896.560,
Contact STARLINK-4216 - STARLINK-4675,39212.518,40109.393,896.875,
Contact STARLINK-4216 - STARLINK-4675,53517.167,54410.211,893.044,
Contact STARLINK-4216 - STARLINK-4675,67819.865,68713.107,893.242,
Contact STARLINK-4216 - STARLINK-4675,82124.531,83013.886,889.355,
Contact STARLINK-4216 - STARLINK-4356,3190.068,3941.461,751.393,
Contact STARLINK-4216 - STARLINK-4356,17543.779,18282.721,738.942,
Contact STARLINK-4216 - STARLINK-4356,31890.281,32631.383,741.101,
Contact STARLINK-4216 - STARLINK-4356,46245.157,46971.492,726.335,
Contact STARLINK-4216 - STARLINK-4356,60592.333,61319.476,727.143,
Contact STARLINK-4216 - STARLINK-4356,74948.516,75658.297,709.781,
Contact STARLINK-4216 - STARLINK-31554,4037.942,14136.047,10098.105,
Contact STARLINK-4216 - STARLINK-31554,15181.450,28333.210,13151.760,
Contact STARLINK-4216 - STARLINK-31554,29311.367,36727.275,7415.908,
Contact STARLINK-4216 - STARLINK-31554,43652.487,50584.862,6932.376,
Contact STARLINK-4216 - STARLINK-4383,71975.821,72525.305,549.484,
Contact STARLINK-4216 - STARLINK-4383,86288.432,86400.000,111.568,
Contact STARLINK-4216 - STARLINK-5713,0.000,6678.279,6678.279,
Contact STARLINK-4216 - STARLINK-5713,13965.459,21034.989,7069.530,
Contact STARLINK-4216 - STARLINK-5713,28276.287,35373.591,7097.303,
Contact STARLINK-4216 - STARLINK-5713,42580.865,49721.536,7140.671,
Contact STARLINK-4216 - STARLINK-5713,56899.671,58317.725,1418.054,
Contact STARLINK-4216 - STARLINK-5713,65485.016,72658.821,7173.805,
Contact STARLINK-4216 - STARLINK-5713,79810.251,86400.000,6589.749,
Contact STARLINK-4216 - STARLINK-1303,469.305,7766.837,7297.532,
Contact STARLINK-4216 - STARLINK-1303,14741.363,24981.838,10240.474,
Contact STARLINK-4216 - STARLINK-1303,29032.851,39336.269,10303.418,
Contact STARLINK-4216 - STARLINK-1303,43308.307,53668.717,10360.410,
Contact STARLINK-4216 - STARLINK-1303,57602.269,68019.947,10417.679,
Contact STARLINK-4216 - STARLINK-1303,69031.686,82349.545,13317.860,
Contact STARLINK-4216 - STARLINK-1303,83311.785,86400.000,3088.215,
Contact STARLINK-4216 - STARLINK-11265 [DTC],28600.432,29247.628,647.196,
Contact STARLINK-4216 - STARLINK-11265 [DTC],42492.461,43315.665,823.204,
Contact STARLINK-4216 - STARLINK-11265 [DTC],53728.348,54447.967,719.619,
Contact STARLINK-4216 - STARLINK-5831,10147.520,11039.377,891.857,
Contact STARLINK-4216 - STARLINK-5831,21594.645,25376.827,3782.182,
Contact STARLINK-4216 - STARLINK-5831,35907.571,39717.227,3809.656,
Contact STARLINK-4216 - STARLINK-5831,50217.299,54051.316,3834.017,
Contact STARLINK-4216 - STARLINK-5831,64533.463,65519.211,985.748,
Contact STARLINK-4216 - STARLINK-5831,78846.597,79854.758,1008.160,
Contact STARLINK-4216 - STARLINK-31034,0.000,462.554,462.554,
Contact STARLINK-4216 - STARLINK-3815,6604.014,7228.023,624.009,
Contact STARLINK-4216 - STARLINK-31611,10460.766,11009.532,548.766,
Contact STARLINK-4216 - MoonARTEMIS1,348.479,9658.012,9309.534,
Contact STARLINK-4216 - MoonARTEMIS1,11811.344,21138.442,9327.098,
Contact STARLINK-4216 - MoonARTEMIS1,23286.432,26878.081,3591.649,
Contact STARLINK-4216 - MoonARTEMIS1,30619.730,38338.217,7718.487,
Contact STARLINK-4216 - MoonARTEMIS1,40472.428,49797.818,9325.389,
Contact STARLINK-4216 - MoonARTEMIS1,51927.219,55528.053,3600.834,
Contact STARLINK-4216 - MoonARTEMIS1,57654.747,66989.812,9335.065,
Contact STARLINK-4216 - MoonARTEMIS1,69110.296,78453.840,9343.544,
Contact STARLINK-4216 - MoonARTEMIS1,80566.774,86400.000,5833.226,
Contact STARLINK-4216 - MoonARTEMIS2,379.871,9697.454,9317.583,
Contact STARLINK-4216 - MoonARTEMIS2,11838.132,21160.427,9322.295,
Contact STARLINK-4216 - MoonARTEMIS2,23294.934,26891.324,3596.391,
Contact STARLINK-4216 - MoonARTEMIS2,29022.827,38351.686,9328.859,
Contact STARLINK-4216 - MoonARTEMIS2,40477.620,49809.512,9331.892,
Contact STARLINK-4216 - MoonARTEMIS2,51931.198,55537.458,3606.259,
Contact STARLINK-4216 - MoonARTEMIS2,63396.124,67020.196,3624.072,
Contact STARLINK-4216 - MoonARTEMIS2,69130.614,78500.939,9370.325,
Contact STARLINK-4216 - MoonARTEMIS2,80594.177,86400.000,5805.823,
Contact STARLINK-4216 - MoonIOAGEO,355.957,9664.142,9308.185,
Contact STARLINK-4216 - MoonIOAGEO,11816.705,15403.690,3586.984,
Contact STARLINK-4216 - MoonIOAGEO,23289.305,26883.197,3593.893,
Contact STARLINK-4216 - MoonIOAGEO,29021.194,38340.392,9319.198,
Contact STARLINK-4216 - MoonIOAGEO,40471.015,49794.754,9323.739,
Contact STARLINK-4216 - MoonIOAGEO,51924.273,55531.632,3607.359,
Contact STARLINK-4216 - MoonIOAGEO,64130.688,67016.628,2885.940,
Contact STARLINK-4216 - MoonIOAGEO,69128.264,78484.750,9356.486,
Contact STARLINK-4216 - MoonIOAGEO,80582.649,86400.000,5817.351,
Contact STARLINK-4216 - MoonIOAGNO,344.829,9676.411,9331.582,
Contact STARLINK-4216 - MoonIOAGNO,11828.437,21126.234,9297.797,
Contact STARLINK-4216 - MoonIOAGNO,23265.376,26851.960,3586.584,
Contact STARLINK-4216 - MoonIOAGNO,28989.921,38315.852,9325.931,
Contact STARLINK-4216 - MoonIOAGNO,40451.351,49799.253,9347.902,
Contact STARLINK-4216 - MoonIOAGNO,51932.817,55546.022,3613.205,
Contact STARLINK-4216 - MoonIOAGNO,57662.504,66991.861,9329.356,
Contact STARLINK-4216 - MoonIOAGNO,69099.905,78452.269,9352.364,
Contact STARLINK-4216 - MoonIOAGNO,80555.484,86400.000,5844.516,
Contact STARLINK-4216 - MoonIOAGNO 0001,346.359,9650.111,9303.752,
Contact STARLINK-4216 - MoonIOAGNO 0001,11798.602,21120.209,9321.608,
Contact STARLINK-4216 - MoonIOAGNO 0001,23267.388,26862.907,3595.518,
Contact STARLINK-4216 - MoonIOAGNO 0001,29009.851,38335.319,9325.469,
Contact STARLINK-4216 - MoonIOAGNO 0001,40462.632,49784.720,9322.089,
Contact STARLINK-4216 - MoonIOAGNO 0001,51908.227,55515.744,3607.517,
Contact STARLINK-4216 - MoonIOAGNO 0001,57637.451,66991.137,9353.686,
Contact STARLINK-4216 - MoonIOAGNO 0001,69109.697,78481.431,9371.734,
Contact STARLINK-4216 - MoonIOAGNO 0001,80577.200,86400.000,5822.800,
Contact STARLINK-4216 - MoonIOAGSO,366.862,9666.230,9299.368,
Contact STARLINK-4216 - MoonIOAGSO,12435.684,21157.790,8722.106,
Contact STARLINK-4216 - MoonIOAGSO,23302.721,26891.981,3589.260,
Contact STARLINK-4216 - MoonIOAGSO,29033.271,38349.755,9316.484,
Contact STARLINK-4216 - MoonIOAGSO,40483.727,49800.248,9316.521,
Contact STARLINK-4216 - MoonIOAGSO,51925.659,54667.363,2741.704,
Contact STARLINK-4216 - MoonIOAGSO,57668.202,67028.663,9360.461,
Contact STARLINK-4216 - MoonIOAGSO,69142.962,78492.345,9349.384,
Contact STARLINK-4216 - MoonIOAGSO,80596.659,86400.000,5803.341,
Contact STARLINK-4216 - MoonIOAGSO 0001,380.633,9690.444,9309.811,
Contact STARLINK-4216 - MoonIOAGSO 0001,11839.911,21143.617,9303.706,
Contact STARLINK-4216 - MoonIOAGSO 0001,23286.630,26868.181,3581.550,
Contact STARLINK-4216 - MoonIOAGSO 0001,29007.635,38352.414,9344.778,
Contact STARLINK-4216 - MoonIOAGSO 0001,40488.742,49825.913,9337.171,
Contact STARLINK-4216 - MoonIOAGSO 0001,51952.985,55556.042,3603.058,
Contact STARLINK-4216 - MoonIOAGSO 0001,57678.867,67009.025,9330.158,
Contact STARLINK-4216 - MoonIOAGSO 0001,69121.662,76326.563,7204.901,
Contact STARLINK-4216 - MoonIOAGSO 0001,80589.972,86400.000,5810.028,
Contact STARLINK-4216 - MoonLRO,360.565,9676.815,9316.251,
Contact STARLINK-4216 - MoonLRO,11819.336,21139.869,9320.533,
Contact STARLINK-4216 - MoonLRO,23286.782,26869.098,3582.316,
Contact STARLINK-4216 - MoonLRO,29016.234,38337.457,9321.223,
Contact STARLINK-4216 - MoonLRO,40468.633,49810.486,9341.854,
Contact STARLINK-4216 - MoonLRO,51931.936,55541.822,3609.886,
Contact STARLINK-4216 - MoonLRO,57665.462,67003.394,9337.932,
Contact STARLINK-4216 - MoonLRO,69121.258,78478.394,9357.136,
Contact STARLINK-4216 - MoonLRO,80575.448,86400.000,5824.552,
Contact STARLINK-4216 - MarsSat1,1334.271,9804.392,8470.122,
Contact STARLINK-4216 - MarsSat1,11901.392,21249.916,9348.524,
Contact STARLINK-4216 - MarsSat1,23344.863,26972.673,3627.810,
Contact STARLINK-4216 - MarsSat1,29066.576,38418.174,9351.598,
Contact STARLINK-4216 - MarsSat1,40509.953,49863.672,9353.719,
Contact STARLINK-4216 - MarsSat1,51953.269,55586.429,3633.160,
Contact STARLINK-4216 - MarsSat1,57674.908,67031.980,9357.072,
Contact STARLINK-4216 - MarsSat1,69118.153,78477.592,9359.440,
Contact STARLINK-4216 - MarsSat1,80561.363,86400.000,5838.637,
Contact STARLINK-4216 - MarsSat2,457.865,9804.275,9346.410,
Contact STARLINK-4216 - MarsSat2,11901.286,21249.779,9348.493,
Contact STARLINK-4216 - MarsSat2,23344.728,26972.552,3627.824,
Contact STARLINK-4216 - MarsSat2,29066.447,38418.124,9351.678,
Contact STARLINK-4216 - MarsSat2,40509.860,49863.721,9353.861,
Contact STARLINK-4216 - MarsSat2,51953.234,55586.527,3633.293,
Contact STARLINK-4216 - MarsSat2,57674.905,67032.154,9357.249,
Contact STARLINK-4216 - MarsSat2,69118.210,78477.800,9359.590,
Contact STARLINK-4216 - MarsSat2,80561.465,86400.000,5838.535,
Contact STARLINK-4216 - MarsSat3,457.998,9804.370,9346.372,
Contact STARLINK-4216 - MarsSat3,11901.380,21249.761,9348.381,
Contact STARLINK-4216 - MarsSat3,23344.728,26972.507,3627.779,
Contact STARLINK-4216 - MarsSat3,29066.428,38418.076,9351.648,
Contact STARLINK-4216 - MarsSat3,40509.853,49863.697,9353.844,
Contact STARLINK-4216 - MarsSat3,51953.265,55586.516,3633.251,
Contact STARLINK-4216 - MarsSat3,57674.955,67032.156,9357.201,
Contact STARLINK-4216 - MarsSat3,69118.287,78477.781,9359.494,
Contact STARLINK-4216 - MarsSat3,80561.531,86400.000,5838.469,
Contact STARLINK-4216 - MarsSat4,457.888,9804.461,9346.572,
Contact STARLINK-4216 - MarsSat4,11901.478,21249.860,9348.383,
Contact STARLINK-4216 - MarsSat4,23344.820,26972.563,3627.743,
Contact STARLINK-4216 - MarsSat4,29066.505,38418.210,9351.705,
Contact STARLINK-4216 - MarsSat4,40510.008,49863.732,9353.725,
Contact STARLINK-4216 - MarsSat4,51953.303,55586.430,3633.127,
Contact STARLINK-4216 - MarsSat4,57674.867,67032.080,9357.213,
Contact STARLINK-4216 - MarsSat4,69118.221,78477.731,9359.510,
Contact STARLINK-4216 - MarsSat4,80561.469,86400.000,5838.531,
Contact STARLINK-2022 - STARLINK-1598,10140.164,11208.128,1067.964,
Contact STARLINK-2022 - STARLINK-1598,21559.687,25462.078,3902.391,
Contact STARLINK-2022 - STARLINK-1598,35845.500,39716.229,3870.729,
Contact STARLINK-2022 - STARLINK-1598,50131.185,51110.175,978.990,
Contact STARLINK-2022 - STARLINK-1598,64434.126,65340.170,906.043,
Contact STARLINK-2022 - STARLINK-1598,78737.727,79569.661,831.934,
Contact STARLINK-2022 - STARLINK-4793,6969.884,7800.768,830.884,
Contact STARLINK-2022 - STARLINK-4793,21284.244,22102.904,818.660,
Contact STARLINK-2022 - STARLINK-4793,35605.157,36398.111,792.954,
Contact STARLINK-2022 - STARLINK-4793,49920.602,50699.128,778.526,
Contact STARLINK-2022 - STARLINK-4793,64242.762,64993.034,750.272,
Contact STARLINK-2022 - STARLINK-4793,78559.389,79292.837,733.448,
Contact STARLINK-2022 - STARLINK-3715,0.000,86400.000,86400.000,
Contact STARLINK-2022 - STARLINK-31405,21327.037,21892.194,565.157,
Contact STARLINK-2022 - STARLINK-31405,35348.906,36186.825,837.919,
Contact STARLINK-2022 - STARLINK-31405,46621.865,50402.275,3780.409,
Contact STARLINK-2022 - STARLINK-31405,60768.704,61733.399,964.695,
Contact STARLINK-2022 - STARLINK-31405,74969.938,75847.075,877.136,
Contact STARLINK-2022 - STARLINK-31405,86380.401,86400.000,19.599,
Contact STARLINK-2022 - STARLINK-1711,10069.982,11005.315,935.333,
Contact STARLINK-2022 - STARLINK-1711,21526.414,25243.808,3717.394,
Contact STARLINK-2022 - STARLINK-1711,35859.674,36633.486,773.812,
Contact STARLINK-2022 - STARLINK-1711,50189.990,50868.843,678.854,
Contact STARLINK-2022 - STARLINK-1711,64548.657,65075.400,526.743,
Contact STARLINK-2022 - STARLINK-1711,78918.000,79271.593,353.593,
Contact STARLINK-2022 - STARLINK-31139,60945.695,61473.670,527.975,
Contact STARLINK-2022 - STARLINK-31139,74946.224,75916.548,970.323,
Contact STARLINK-2022 - STARLINK-31139,86220.409,86400.000,179.591,
Contact STARLINK-2022 - STARLINK-31192,6555.720,7520.164,964.444,
Contact STARLINK-2022 - STARLINK-31192,17933.983,21707.490,3773.507,
Contact STARLINK-2022 - STARLINK-31192,32182.096,33038.734,856.639,
Contact STARLINK-2022 - STARLINK-31192,46457.925,47177.269,719.344,
Contact STARLINK-2022 - STARLINK-31192,60780.647,61269.221,488.573,
Contact STARLINK-2022 - STARLINK-31558,0.000,3813.951,3813.951,
Contact STARLINK-2022 - STARLINK-31558,14360.461,14936.243,575.782,
Contact STARLINK-2022 - STARLINK-4006,0.000,538.859,538.859,
Contact STARLINK-2022 - STARLINK-4006,14180.412,14803.823,623.411,
Contact STARLINK-2022 - STARLINK-4006,28512.996,29081.876,568.880,
Contact STARLINK-2022 - STARLINK-4006,42870.933,43334.389,463.455,
Contact STARLINK-2022 - STARLINK-5247,0.000,681.643,681.643,
Contact STARLINK-2022 - STARLINK-5247,7867.290,15019.890,7152.600,
Contact STARLINK-2022 - STARLINK-5247,22125.218,29383.932,7258.714,
Contact STARLINK-2022 - STARLINK-5247,36407.306,46602.644,10195.338,
Contact STARLINK-2022 - STARLINK-5247,50668.791,60937.678,10268.886,
Contact STARLINK-2022 - STARLINK-5247,64952.325,75297.142,10344.816,
Contact STARLINK-2022 - STARLINK-5247,79216.453,86400.000,7183.547,
Contact STARLINK-2022 - STARLINK-4111,46681.798,47176.780,494.982,
Contact STARLINK-2022 - STARLINK-4111,60981.921,61501.642,519.721,
Contact STARLINK-2022 - STARLINK-4111,75267.772,75841.492,573.720,
Contact STARLINK-2022 - STARLINK-3994,25192.993,25508.483,315.490,
Contact STARLINK-2022 - STARLINK-3994,39472.302,39850.113,377.811,
Contact STARLINK-2022 - STARLINK-3994,53769.537,54174.319,404.782,
Contact STARLINK-2022 - STARLINK-3994,68055.043,68509.729,454.686,
Contact STARLINK-2022 - STARLINK-3994,82354.672,82831.493,476.822,
Contact STARLINK-2022 - STARLINK-5774,0.000,17881.305,17881.305,
Contact STARLINK-2022 - STARLINK-5774,21922.584,29023.999,7101.416,
Contact STARLINK-2022 - STARLINK-31128,32391.775,32798.372,406.597,
Contact STARLINK-2022 - STARLINK-31128,46392.349,47261.229,868.881,
Contact STARLINK-2022 - STARLINK-31128,60505.016,61611.477,1106.461,
Contact STARLINK-2022 - STARLINK-31128,68983.336,75929.851,6946.515,
Contact STARLINK-2022 - STARLINK-31128,85996.194,86400.000,403.806,
Contact STARLINK-2022 - STARLINK-2466,2876.988,3831.099,954.111,
Contact STARLINK-2022 - STARLINK-2466,14334.786,18154.454,3819.669,
Contact STARLINK-2022 - STARLINK-2466,28652.514,32468.695,3816.181,
Contact STARLINK-2022 - STARLINK-2466,42979.322,43923.694,944.372,
Contact STARLINK-2022 - STARLINK-2466,57297.063,58246.970,949.907,
Contact STARLINK-2022 - STARLINK-2466,71623.918,72561.090,937.172,
Contact STARLINK-2022 - STARLINK-2466,85941.670,86400.000,458.330,
Contact STARLINK-2022 - STARLINK-5807,28743.577,29253.057,509.480,
Contact STARLINK-2022 - STARLINK-5807,43093.653,43643.094,549.441,
Contact STARLINK-2022 - STARLINK-5807,57433.526,58043.620,610.094,
Contact STARLINK-2022 - STARLINK-5807,71788.135,72429.138,641.003,
Contact STARLINK-2022 - STARLINK-5807,86133.687,86400.000,266.313,
Contact STARLINK-2022 - STARLINK-2476,2993.925,4073.408,1079.483,
Contact STARLINK-2022 - STARLINK-2476,17317.919,18407.183,1089.264,
Contact STARLINK-2022 - STARLINK-2476,25918.924,32732.486,6813.562,
Contact STARLINK-2022 - STARLINK-2476,43112.795,47066.089,3953.294,
Contact STARLINK-2022 - STARLINK-2476,57437.023,61391.256,3954.233,
Contact STARLINK-2022 - STARLINK-2476,71769.481,75724.687,3955.206,
Contact STARLINK-2022 - STARLINK-2476,86093.874,86400.000,306.126,
Contact STARLINK-2022 - STARLINK-31536,60862.628,61622.052,759.424,
Contact STARLINK-2022 - STARLINK-31536,74916.545,75966.729,1050.184,
Contact STARLINK-2022 - STARLINK-31536,86212.885,86400.000,187.115,
Contact STARLINK-2022 - STARLINK-11199 [DTC],21202.364,22029.328,826.964,
Contact STARLINK-2022 - STARLINK-5849,21538.524,21834.949,296.425,
Contact STARLINK-2022 - STARLINK-5849,35850.021,36258.361,408.340,
Contact STARLINK-2022 - STARLINK-5849,50167.118,50676.398,509.280,
Contact STARLINK-2022 - STARLINK-5849,64499.363,65078.996,579.633,
Contact STARLINK-2022 - STARLINK-5849,78829.803,79483.631,653.828,
Contact STARLINK-2022 - STARLINK-5649,10281.901,11288.336,1006.435,
Contact STARLINK-2022 - STARLINK-5649,24638.645,25611.284,972.639,
Contact STARLINK-2022 - STARLINK-5649,38988.941,39941.008,952.067,
Contact STARLINK-2022 - STARLINK-5649,53347.925,54261.732,913.807,
Contact STARLINK-2022 - STARLINK-5649,67700.244,68589.386,889.142,
Contact STARLINK-2022 - STARLINK-5649,79186.064,82907.601,3721.537,
Contact STARLINK-2022 - STARLINK-5197,0.000,153.566,153.566,
Contact STARLINK-2022 - STARLINK-5197,10509.260,14468.149,3958.889,
Contact STARLINK-2022 - STARLINK-5197,24820.009,25924.034,1104.025,
Contact STARLINK-2022 - STARLINK-5197,39120.369,40249.028,1128.659,
Contact STARLINK-2022 - STARLINK-5197,53431.852,54562.528,1130.676,
Contact STARLINK-2022 - STARLINK-5197,67733.134,68886.581,1153.448,
Contact STARLINK-2022 - STARLINK-5197,76322.520,83199.308,6876.788,
Contact STARLINK-2022 - STARLINK-30100,0.000,86400.000,86400.000,
Contact STARLINK-2022 - STARLINK-11101 [DTC],17350.121,18356.904,1006.783,
Contact STARLINK-2022 - STARLINK-11101 [DTC],28328.851,35366.425,7037.573,
Contact STARLINK-2022 - STARLINK-11101 [DTC],42579.388,43552.496,973.108,
Contact STARLINK-2022 - STARLINK-5535,2974.947,3632.226,657.278,
Contact STARLINK-2022 - STARLINK-5535,43184.429,43847.676,663.247,
Contact STARLINK-2022 - STARLINK-5535,57542.070,58212.694,670.624,
Contact STARLINK-2022 - STARLINK-5535,71905.896,72572.532,666.636,
Contact STARLINK-2022 - STARLINK-5535,86263.961,86400.000,136.039,
Contact STARLINK-2022 - STARLINK-3525,10160.156,11411.656,1251.500,
Contact STARLINK-2022 - STARLINK-3525,24483.995,25700.239,1216.245,
Contact STARLINK-2022 - STARLINK-3525,33069.127,40001.032,6931.905,
Contact STARLINK-2022 - STARLINK-3525,50252.926,54286.906,4033.980,
Contact STARLINK-2022 - STARLINK-3525,64580.554,68585.347,4004.793,
Contact STARLINK-2022 - STARLINK-3525,78896.662,82868.334,3971.672,
Contact STARLINK-2022 - STARLINK-5837,6836.128,7589.913,753.785,
Contact STARLINK-2022 - STARLINK-5837,21198.559,21952.120,753.561,
Contact STARLINK-2022 - STARLINK-5837,35561.654,36313.287,751.633,
Contact STARLINK-2022 - STARLINK-5837,49923.655,50675.883,752.228,
Contact STARLINK-2022 - STARLINK-5837,64287.068,65036.729,749.661,
Contact STARLINK-2022 - STARLINK-5837,78648.659,79399.698,751.039,
Contact STARLINK-2022 - STARLINK-31852,39323.873,46160.587,6836.714,
Contact STARLINK-2022 - STARLINK-31852,53199.873,60502.972,7303.099,
Contact STARLINK-2022 - STARLINK-31852,61612.916,71821.346,10208.430,
Contact STARLINK-2022 - STARLINK-31852,75831.153,85788.274,9957.121,
Contact STARLINK-2022 - STARLINK-30879,64457.451,64933.854,476.403,
Contact STARLINK-2022 - STARLINK-30879,78479.539,79247.418,767.879,
Contact STARLINK-2022 - STARLINK-5058,4283.129,11404.881,7121.752,
Contact STARLINK-2022 - STARLINK-5058,18625.886,25739.937,7114.051,
Contact STARLINK-2022 - STARLINK-5058,32960.828,40085.254,7124.426,
Contact STARLINK-2022 - STARLINK-5058,47306.302,54417.641,7111.339,
Contact STARLINK-2022 - STARLINK-5058,61644.013,68760.114,7116.101,
Contact STARLINK-2022 - STARLINK-5058,78856.514,85962.430,7105.916,
Contact STARLINK-2022 - STARLINK-1302,0.000,607.242,607.242,
Contact STARLINK-2022 - STARLINK-1302,14278.208,14933.853,655.645,
Contact STARLINK-2022 - STARLINK-1302,28593.478,29273.803,680.325,
Contact STARLINK-2022 - STARLINK-1302,42922.074,43600.379,678.305,
Contact STARLINK-2022 - STARLINK-1302,57237.764,57939.901,702.136,
Contact STARLINK-2022 - STARLINK-1302,71566.380,72266.439,700.059,
Contact STARLINK-2022 - STARLINK-1302,85882.453,86400.000,517.547,
Contact STARLINK-2022 - STARLINK-6135,6564.902,7551.579,986.677,
Contact STARLINK-2022 - STARLINK-6135,20912.098,21884.078,971.980,
Contact STARLINK-2022 - STARLINK-6135,32389.353,36218.514,3829.161,
Contact STARLINK-2022 - STARLINK-6135,46735.311,50549.501,3814.190,
Contact STARLINK-2022 - STARLINK-6135,61084.591,64882.429,3797.837,
Contact STARLINK-2022 - STARLINK-6135,75432.077,79211.840,3779.763,
Contact STARLINK-2022 - STARLINK-4356,79149.558,79260.689,111.131,
Contact STARLINK-2022 - STARLINK-30052,0.000,86400.000,86400.000,
Contact STARLINK-2022 - STARLINK-11265 [DTC],7152.772,7588.416,435.643,
Contact STARLINK-2022 - MoonARTEMIS1,0.000,5965.671,5965.671,
Contact STARLINK-2022 - MoonARTEMIS1,7966.119,17469.890,9503.771,
Contact STARLINK-2022 - MoonARTEMIS1,19436.799,34730.080,15293.281,
Contact STARLINK-2022 - MoonARTEMIS1,36649.227,46218.400,9569.173,
Contact STARLINK-2022 - MoonARTEMIS1,48117.489,63456.586,15339.097,
Contact STARLINK-2022 - MoonARTEMIS1,65318.014,74954.620,9636.606,
Contact STARLINK-2022 - MoonARTEMIS1,76784.212,86400.000,9615.788,
Contact STARLINK-2022 - MoonARTEMIS2,0.000,6023.105,6023.105,
Contact STARLINK-2022 - MoonARTEMIS2,7968.588,17516.671,9548.082,
Contact STARLINK-2022 - MoonARTEMIS2,19435.302,34754.522,15319.220,
Contact STARLINK-2022 - MoonARTEMIS2,36635.833,46242.852,9607.019,
Contact STARLINK-2022 - MoonARTEMIS2,48104.520,57727.108,9622.588,
Contact STARLINK-2022 - MoonARTEMIS2,65318.467,75033.617,9715.150,
Contact STARLINK-2022 - MoonARTEMIS2,76783.807,86400.000,9616.193,
Contact STARLINK-2022 - MoonIOAGEO,0.000,5973.651,5973.651,
Contact STARLINK-2022 - MoonIOAGEO,7965.867,16290.214,8324.346,
Contact STARLINK-2022 - MoonIOAGEO,20113.880,34739.388,14625.508,
Contact STARLINK-2022 - MoonIOAGEO,36643.570,46215.264,9571.694,
Contact STARLINK-2022 - MoonIOAGEO,48107.589,57724.018,9616.429,
Contact STARLINK-2022 - MoonIOAGEO,65317.505,75015.292,9697.787,
Contact STARLINK-2022 - MoonIOAGEO,76783.315,86400.000,9616.685,
Contact STARLINK-2022 - MoonIOAGNO,0.000,5978.347,5978.347,
Contact STARLINK-2022 - MoonIOAGNO,7970.974,17475.799,9504.826,
Contact STARLINK-2022 - MoonIOAGNO,19422.699,34697.640,15274.941,
Contact STARLINK-2022 - MoonIOAGNO,36614.602,46208.918,9594.316,
Contact STARLINK-2022 - MoonIOAGNO,48103.358,63474.467,15371.109,
Contact STARLINK-2022 - MoonIOAGNO,65288.290,74962.822,9674.532,
Contact STARLINK-2022 - MoonIOAGNO,76746.596,86400.000,9653.404,
Contact STARLINK-2022 - MoonIOAGNO 0001,0.000,5961.533,5961.533,
Contact STARLINK-2022 - MoonIOAGNO 0001,7941.545,17454.061,9512.516,
Contact STARLINK-2022 - MoonIOAGNO 0001,19417.048,34735.713,15318.664,
Contact STARLINK-2022 - MoonIOAGNO 0001,36638.898,46207.377,9568.480,
Contact STARLINK-2022 - MoonIOAGNO 0001,48082.002,63456.096,15374.093,
Contact STARLINK-2022 - MoonIOAGNO 0001,65293.462,74999.150,9705.687,
Contact STARLINK-2022 - MoonIOAGNO 0001,76788.743,86400.000,9611.257,
Contact STARLINK-2022 - MoonIOAGSO,0.000,5980.477,5980.477,
Contact STARLINK-2022 - MoonIOAGSO,7965.526,17501.578,9536.052,
Contact STARLINK-2022 - MoonIOAGSO,19458.400,23255.760,3797.360,
Contact STARLINK-2022 - MoonIOAGSO,25200.153,34746.871,9546.718,
Contact STARLINK-2022 - MoonIOAGSO,36667.025,46227.002,9559.977,
Contact STARLINK-2022 - MoonIOAGSO,48115.324,63512.559,15397.236,
Contact STARLINK-2022 - MoonIOAGSO,65340.118,75018.890,9678.772,
Contact STARLINK-2022 - MoonIOAGSO,76812.533,86400.000,9587.467,
Contact STARLINK-2022 - MoonIOAGSO 0001,0.000,6010.850,6010.850,
Contact STARLINK-2022 - MoonIOAGSO 0001,7995.489,17493.193,9497.704,
Contact STARLINK-2022 - MoonIOAGSO 0001,19456.035,33064.081,13608.046,
Contact STARLINK-2022 - MoonIOAGSO 0001,36651.039,46256.469,9605.429,
Contact STARLINK-2022 - MoonIOAGSO 0001,48140.462,63492.579,15352.117,
Contact STARLINK-2022 - MoonIOAGSO 0001,65328.906,74985.172,9656.266,
Contact STARLINK-2022 - MoonIOAGSO 0001,77788.540,86400.000,8611.460,
Contact STARLINK-2022 - MoonLRO,0.000,5982.725,5982.725,
Contact STARLINK-2022 - MoonLRO,7970.097,17482.248,9512.151,
Contact STARLINK-2022 - MoonLRO,19434.440,34730.294,15295.853,
Contact STARLINK-2022 - MoonLRO,36648.982,46223.561,9574.580,
Contact STARLINK-2022 - MoonLRO,48107.568,63492.900,15385.332,
Contact STARLINK-2022 - MoonLRO,65317.679,74993.300,9675.621,
Contact STARLINK-2022 - MoonLRO,76784.548,86400.000,9615.452,
Contact STARLINK-2022 - MarsSat1,2298.998,6178.677,3879.679,
Contact STARLINK-2022 - MarsSat1,8028.997,17647.507,9618.510,
Contact STARLINK-2022 - MarsSat1,19488.949,23381.962,3893.012,
Contact STARLINK-2022 - MarsSat1,25218.903,34850.942,9632.039,
Contact STARLINK-2022 - MarsSat1,36678.757,46320.036,9641.279,
Contact STARLINK-2022 - MarsSat1,48138.519,63524.022,15385.503,
Contact STARLINK-2022 - MarsSat1,65327.934,74993.660,9665.726,
Contact STARLINK-2022 - MarsSat1,76787.377,86400.000,9612.623,
Contact STARLINK-2022 - MarsSat2,0.000,6178.531,6178.531,
Contact STARLINK-2022 - MarsSat2,8028.948,17647.312,9618.364,
Contact STARLINK-2022 - MarsSat2,19488.798,23381.787,3892.989,
Contact STARLINK-2022 - MarsSat2,25218.721,34850.877,9632.157,
Contact STARLINK-2022 - MarsSat2,36678.534,46320.141,9641.606,
Contact STARLINK-2022 - MarsSat2,48138.284,63524.358,15386.075,
Contact STARLINK-2022 - MarsSat2,65327.754,74994.058,9666.304,
Contact STARLINK-2022 - MarsSat2,76787.286,86400.000,9612.714,
Contact STARLINK-2022 - MarsSat3,0.000,6178.688,6178.688,
Contact STARLINK-2022 - MarsSat3,8029.128,17647.301,9618.173,
Contact STARLINK-2022 - MarsSat3,19488.884,23381.718,3892.833,
Contact STARLINK-2022 - MarsSat3,25218.768,34850.775,9632.007,
Contact STARLINK-2022 - MarsSat3,36678.579,46320.055,9641.475,
Contact STARLINK-2022 - MarsSat3,48138.388,63524.293,15385.904,
Contact STARLINK-2022 - MarsSat3,65327.971,74993.962,9665.991,
Contact STARLINK-2022 - MarsSat3,76787.540,86400.000,9612.460,
Contact STARLINK-2022 - MarsSat4,0.000,6178.763,6178.763,
Contact STARLINK-2022 - MarsSat4,8029.121,17647.469,9618.348,
Contact STARLINK-2022 - MarsSat4,19489.070,23381.798,3892.728,
Contact STARLINK-2022 - MarsSat4,25218.890,34850.926,9632.035,
Contact STARLINK-2022 - MarsSat4,36678.786,46320.140,9641.354,
Contact STARLINK-2022 - MarsSat4,48138.597,63524.144,15385.547,
Contact STARLINK-2022 - MarsSat4,65327.852,74993.908,9666.055,
Contact STARLINK-2022 - MarsSat4,76787.475,86400.000,9612.525,
Contact STARLINK-1598 - STARLINK-4793,11316.760,86400.000,75083.240,
Contact STARLINK-1598 - STARLINK-3715,0.000,13.274,13.274,
Contact STARLINK-1598 - STARLINK-3715,10459.921,11411.165,951.245,
Contact STARLINK-1598 - STARLINK-3715,24732.139,25651.796,919.657,
Contact STARLINK-1598 - STARLINK-3715,39002.834,39893.905,891.070,
Contact STARLINK-1598 - STARLINK-3715,53283.699,54125.586,841.887,
Contact STARLINK-1598 - STARLINK-3715,64709.507,65509.780,800.273,
Contact STARLINK-1598 - STARLINK-3715,78993.469,79738.342,744.873,
Contact STARLINK-1598 - STARLINK-31405,3057.668,10100.445,7042.777,
Contact STARLINK-1598 - STARLINK-31405,11486.904,18573.847,7086.943,
Contact STARLINK-1598 - STARLINK-31405,25577.925,35457.151,9879.225,
Contact STARLINK-1598 - STARLINK-31405,42586.260,43868.960,1282.700,
Contact STARLINK-1598 - STARLINK-31405,51135.918,57810.856,6674.938,
Contact STARLINK-1598 - STARLINK-31405,68343.930,68880.572,536.641,
Contact STARLINK-1598 - STARLINK-1711,0.000,86400.000,86400.000,
Contact STARLINK-1598 - STARLINK-31139,3031.697,3862.559,830.861,
Contact STARLINK-1598 - STARLINK-31139,14343.466,18052.993,3709.527,
Contact STARLINK-1598 - STARLINK-31139,28490.231,29403.638,913.408,
Contact STARLINK-1598 - STARLINK-31139,42636.984,43589.761,952.777,
Contact STARLINK-1598 - STARLINK-31139,53959.610,57766.503,3806.894,
Contact STARLINK-1598 - STARLINK-31139,68119.023,69106.423,987.400,
Contact STARLINK-1598 - STARLINK-31139,82278.493,83279.370,1000.877,
Contact STARLINK-1598 - STARLINK-30089,3123.236,3991.464,868.228,
Contact STARLINK-1598 - STARLINK-30089,17476.698,18199.723,723.025,
Contact STARLINK-1598 - STARLINK-6374,0.000,10552.498,10552.498,
Contact STARLINK-1598 - STARLINK-6374,17469.060,24520.803,7051.744,
Contact STARLINK-1598 - STARLINK-6374,32109.543,32876.848,767.304,
Contact STARLINK-1598 - STARLINK-2314,598.689,7641.225,7042.536,
Contact STARLINK-1598 - STARLINK-2314,17845.445,21789.440,3943.995,
Contact STARLINK-1598 - STARLINK-2314,32237.401,33074.194,836.793,
Contact STARLINK-1598 - STARLINK-2314,46771.539,47053.225,281.685,
Contact STARLINK-1598 - STARLINK-4111,0.000,3727.397,3727.397,
Contact STARLINK-1598 - STARLINK-4111,14167.693,15146.855,979.162,
Contact STARLINK-1598 - STARLINK-4111,28414.084,29412.618,998.534,
Contact STARLINK-1598 - STARLINK-4111,42657.564,43681.532,1023.968,
Contact STARLINK-1598 - STARLINK-4111,56913.487,57937.487,1024.000,
Contact STARLINK-1598 - STARLINK-4111,68318.584,72196.579,3877.995,
Contact STARLINK-1598 - STARLINK-4111,82575.296,86400.000,3824.704,
Contact STARLINK-1598 - STARLINK-5774,10676.715,11283.533,606.817,
Contact STARLINK-1598 - STARLINK-31128,0.000,3762.080,3762.080,
Contact STARLINK-1598 - STARLINK-31128,14094.017,15106.028,1012.011,
Contact STARLINK-1598 - STARLINK-31128,28271.325,29281.184,1009.859,
Contact STARLINK-1598 - STARLINK-31128,42446.773,43458.148,1011.375,
Contact STARLINK-1598 - STARLINK-31128,53790.781,57627.895,3837.114,
Contact STARLINK-1598 - STARLINK-31128,67975.260,68963.540,988.280,
Contact STARLINK-1598 - STARLINK-31128,82157.994,83132.863,974.870,
Contact STARLINK-1598 - STARLINK-4560,0.000,663.656,663.656,
Contact STARLINK-1598 - STARLINK-4560,14269.935,14963.638,693.703,
Contact STARLINK-1598 - STARLINK-4560,28580.882,29259.033,678.151,
Contact STARLINK-1598 - STARLINK-4560,42887.208,43559.369,672.162,
Contact STARLINK-1598 - STARLINK-4560,57199.284,57853.411,654.127,
Contact STARLINK-1598 - STARLINK-4560,71504.728,72154.292,649.564,
Contact STARLINK-1598 - STARLINK-4560,85817.620,86400.000,582.380,
Contact STARLINK-1598 - STARLINK-31784,82478.261,83037.049,558.788,
Contact STARLINK-1598 - STARLINK-5494,7054.279,7293.662,239.383,
Contact STARLINK-1598 - STARLINK-2476,68200.479,68695.466,494.986,
Contact STARLINK-1598 - STARLINK-2476,82376.590,83063.667,687.077,
Contact STARLINK-1598 - STARLINK-2105,6914.712,7648.857,734.145,
Contact STARLINK-1598 - STARLINK-2105,21097.853,21992.975,895.122,
Contact STARLINK-1598 - STARLINK-2105,35311.002,36306.834,995.832,
Contact STARLINK-1598 - STARLINK-2105,46685.167,50620.677,3935.510,
Contact STARLINK-1598 - STARLINK-2105,60907.282,64911.116,4003.834,
Contact STARLINK-1598 - STARLINK-2105,75151.535,82052.522,6900.986,
Contact STARLINK-1598 - STARLINK-31536,3155.205,3995.923,840.718,
Contact STARLINK-1598 - STARLINK-31536,17257.091,18183.119,926.028,
Contact STARLINK-1598 - STARLINK-31536,28546.304,29525.353,979.049,
Contact STARLINK-1598 - STARLINK-31536,42666.806,43694.328,1027.522,
Contact STARLINK-1598 - STARLINK-31536,53973.644,57846.148,3872.504,
Contact STARLINK-1598 - STARLINK-31536,68119.833,69161.206,1041.374,
Contact STARLINK-1598 - STARLINK-31536,82273.176,83296.973,1023.797,
Contact STARLINK-1598 - STARLINK-11199 [DTC],0.000,24120.784,24120.784,
Contact STARLINK-1598 - STARLINK-5849,35762.173,86400.000,50637.827,
Contact STARLINK-1598 - STARLINK-5649,0.000,43899.564,43899.564,
Contact STARLINK-1598 - STARLINK-5197,0.000,28162.407,28162.407,
Contact STARLINK-1598 - STARLINK-30100,10292.295,11356.998,1064.704,
Contact STARLINK-1598 - STARLINK-30100,24573.916,25645.925,1072.009,
Contact STARLINK-1598 - STARLINK-30100,38864.620,39925.294,1060.675,
Contact STARLINK-1598 - STARLINK-30100,50310.443,54183.803,3873.360,
Contact STARLINK-1598 - STARLINK-30100,64634.929,68432.047,3797.118,
Contact STARLINK-1598 - STARLINK-30100,78970.711,79815.738,845.027,
Contact STARLINK-1598 - STARLINK-11101 [DTC],0.000,683.773,683.773,
Contact STARLINK-1598 - STARLINK-11101 [DTC],13863.950,14652.353,788.403,
Contact STARLINK-1598 - STARLINK-11101 [DTC],25114.240,25758.639,644.399,
Contact STARLINK-1598 - STARLINK-2685,3299.981,7256.050,3956.069,
Contact STARLINK-1598 - STARLINK-2685,17623.535,18630.121,1006.586,
Contact STARLINK-1598 - STARLINK-2685,31949.940,32840.676,890.736,
Contact STARLINK-1598 - STARLINK-2685,46311.586,47015.425,703.839,
Contact STARLINK-1598 - STARLINK-4254,0.000,408.552,408.552,
Contact STARLINK-1598 - STARLINK-4254,13876.122,14644.576,768.454,
Contact STARLINK-1598 - STARLINK-4254,28158.426,28877.905,719.479,
Contact STARLINK-1598 - STARLINK-4254,39587.959,40260.709,672.750,
Contact STARLINK-1598 - STARLINK-4254,53879.844,54483.978,604.133,
Contact STARLINK-1598 - STARLINK-4254,68177.731,68701.431,523.700,
Contact STARLINK-1598 - STARLINK-4254,82485.496,82908.537,423.041,
Contact STARLINK-1598 - STARLINK-3525,0.000,86400.000,86400.000,
Contact STARLINK-1598 - STARLINK-1276,2921.096,3974.202,1053.106,
Contact STARLINK-1598 - STARLINK-1276,14337.559,18237.465,3899.906,
Contact STARLINK-1598 - STARLINK-1276,28619.848,32500.745,3880.897,
Contact STARLINK-1598 - STARLINK-1276,42902.167,43901.795,999.628,
Contact STARLINK-1598 - STARLINK-1276,57201.984,58140.577,938.593,
Contact STARLINK-1598 - STARLINK-1276,71501.886,72379.223,877.337,
Contact STARLINK-1598 - STARLINK-1276,85822.163,86400.000,577.837,
Contact STARLINK-1598 - STARLINK-5837,20903.542,21680.410,776.867,
Contact STARLINK-1598 - STARLINK-5837,32249.075,36105.653,3856.578,
Contact STARLINK-1598 - STARLINK-5837,46474.472,53375.966,6901.494,
Contact STARLINK-1598 - STARLINK-5837,60714.799,67737.795,7022.996,
Contact STARLINK-1598 - STARLINK-5837,75003.551,76330.136,1326.585,
Contact STARLINK-1598 - STARLINK-31852,64172.581,65302.668,1130.088,
Contact STARLINK-1598 - STARLINK-31852,72267.126,86400.000,14132.874,
Contact STARLINK-1598 - STARLINK-30879,46364.748,46928.198,563.451,
Contact STARLINK-1598 - STARLINK-30879,57428.868,64166.889,6738.021,
Contact STARLINK-1598 - STARLINK-30879,71367.370,72732.978,1365.608,
Contact STARLINK-1598 - STARLINK-30879,79773.944,86400.000,6626.056,
Contact STARLINK-1598 - STARLINK-5058,0.000,79376.053,79376.053,
Contact STARLINK-1598 - STARLINK-5239,6593.198,7782.744,1189.545,
Contact STARLINK-1598 - STARLINK-5239,15088.574,22133.768,7045.194,
Contact STARLINK-1598 - STARLINK-5239,29284.437,39321.127,10036.689,
Contact STARLINK-1598 - STARLINK-5239,43479.705,53617.557,10137.852,
Contact STARLINK-1598 - STARLINK-5239,60544.860,67914.033,7369.174,
Contact STARLINK-1598 - STARLINK-5239,69094.002,82175.470,13081.469,
Contact STARLINK-1598 - STARLINK-5239,83337.137,86400.000,3062.863,
Contact STARLINK-1598 - STARLINK-6135,2850.161,3770.117,919.956,
Contact STARLINK-1598 - STARLINK-6135,14152.710,18193.264,4040.555,
Contact STARLINK-1598 - STARLINK-6135,28328.069,35456.504,7128.436,
Contact STARLINK-1598 - STARLINK-6135,42526.463,49810.758,7284.295,
Contact STARLINK-1598 - STARLINK-6135,51071.189,64110.629,13039.441,
Contact STARLINK-1598 - STARLINK-6135,65327.851,72685.503,7357.652,
Contact STARLINK-1598 - STARLINK-6135,79632.475,86400.000,6767.525,
Contact STARLINK-1598 - STARLINK-4356,50247.023,54258.351,4011.328,
Contact STARLINK-1598 - STARLINK-4356,61437.771,71811.768,10373.997,
Contact STARLINK-1598 - STARLINK-4356,72667.086,86400.000,13732.914,
Contact STARLINK-1598 - STARLINK-30052,0.000,18.495,18.495,
Contact STARLINK-1598 - STARLINK-30052,10367.463,11445.714,1078.251,
Contact STARLINK-1598 - STARLINK-30052,24662.861,25714.406,1051.546,
Contact STARLINK-1598 - STARLINK-30052,38966.453,39974.616,1008.163,
Contact STARLINK-1598 - STARLINK-30052,53290.863,54214.118,923.255,
Contact STARLINK-1598 - STARLINK-30052,64759.868,68443.219,3683.350,
Contact STARLINK-1598 - STARLINK-30052,79110.828,79809.182,698.354,
Contact STARLINK-1598 - STARLINK-11265 [DTC],0.000,2255.589,2255.589,
Contact STARLINK-1598 - STARLINK-3815,86170.867,86400.000,229.133,
Contact STARLINK-1598 - MoonARTEMIS1,0.000,1948.080,1948.080,
Contact STARLINK-1598 - MoonARTEMIS1,3816.049,13321.704,9505.655,
Contact STARLINK-1598 - MoonARTEMIS1,15237.005,24694.201,9457.197,
Contact STARLINK-1598 - MoonARTEMIS1,26656.523,41742.946,15086.423,
Contact STARLINK-1598 - MoonARTEMIS1,43732.957,53112.754,9379.798,
Contact STARLINK-1598 - MoonARTEMIS1,55120.463,64484.474,9364.011,
Contact STARLINK-1598 - MoonARTEMIS1,66509.951,70170.982,3661.030,
Contact STARLINK-1598 - MoonARTEMIS1,72205.381,81545.308,9339.927,
Contact STARLINK-1598 - MoonARTEMIS1,83597.679,86400.000,2802.321,
Contact STARLINK-1598 - MoonARTEMIS2,0.000,1970.674,1970.674,
Contact STARLINK-1598 - MoonARTEMIS2,3905.602,13342.298,9436.696,
Contact STARLINK-1598 - MoonARTEMIS2,15304.824,24713.197,9408.373,
Contact STARLINK-1598 - MoonARTEMIS2,26698.217,41766.775,15068.558,
Contact STARLINK-1598 - MoonARTEMIS2,43776.822,53131.384,9354.562,
Contact STARLINK-1598 - MoonARTEMIS2,55151.032,58809.738,3658.706,
Contact STARLINK-1598 - MoonARTEMIS2,66547.752,70188.406,3640.654,
Contact STARLINK-1598 - MoonARTEMIS2,72251.941,81569.289,9317.348,
Contact STARLINK-1598 - MoonARTEMIS2,83653.506,86400.000,2746.494,
Contact STARLINK-1598 - MoonIOAGEO,0.000,1956.560,1956.560,
Contact STARLINK-1598 - MoonIOAGEO,3838.271,13322.620,9484.349,
Contact STARLINK-1598 - MoonIOAGEO,20957.736,24694.592,3736.857,
Contact STARLINK-1598 - MoonIOAGEO,26665.417,41753.692,15088.274,
Contact STARLINK-1598 - MoonIOAGEO,43747.359,53122.611,9375.252,
Contact STARLINK-1598 - MoonIOAGEO,55136.684,58808.961,3672.277,
Contact STARLINK-1598 - MoonIOAGEO,66544.492,70186.238,3641.746,
Contact STARLINK-1598 - MoonIOAGEO,72245.664,81561.300,9315.635,
Contact STARLINK-1598 - MoonIOAGEO,83630.337,86400.000,2769.663,
Contact STARLINK-1598 - MoonIOAGNO,0.000,1968.134,1968.134,
Contact STARLINK-1598 - MoonIOAGNO,3845.273,13324.204,9478.931,
Contact STARLINK-1598 - MoonIOAGNO,15263.073,24719.529,9456.456,
Contact STARLINK-1598 - MoonIOAGNO,26668.557,41768.183,15099.626,
Contact STARLINK-1598 - MoonIOAGNO,43751.334,53118.720,9367.386,
Contact STARLINK-1598 - MoonIOAGNO,55146.160,64516.063,9369.903,
Contact STARLINK-1598 - MoonIOAGNO,66555.530,70206.891,3651.362,
Contact STARLINK-1598 - MoonIOAGNO,72250.655,81576.041,9325.386,
Contact STARLINK-1598 - MoonIOAGNO,83633.094,86400.000,2766.906,
Contact STARLINK-1598 - MoonIOAGNO 0001,0.000,1981.081,1981.081,
Contact STARLINK-1598 - MoonIOAGNO 0001,3864.012,13351.118,9487.106,
Contact STARLINK-1598 - MoonIOAGNO 0001,15259.730,24703.784,9444.055,
Contact STARLINK-1598 - MoonIOAGNO 0001,26649.316,41769.879,15120.564,
Contact STARLINK-1598 - MoonIOAGNO 0001,43766.192,53148.428,9382.236,
Contact STARLINK-1598 - MoonIOAGNO 0001,55157.426,64510.568,9353.142,
Contact STARLINK-1598 - MoonIOAGNO 0001,66539.801,70186.985,3647.183,
Contact STARLINK-1598 - MoonIOAGNO 0001,72230.570,81568.771,9338.202,
Contact STARLINK-1598 - MoonIOAGNO 0001,83641.113,86400.000,2758.887,
Contact STARLINK-1598 - MoonIOAGSO,0.000,1942.565,1942.565,
Contact STARLINK-1598 - MoonIOAGSO,3836.477,13325.267,9488.790,
Contact STARLINK-1598 - MoonIOAGSO,15258.014,24673.425,9415.411,
Contact STARLINK-1598 - MoonIOAGSO,26644.513,41735.812,15091.299,
Contact STARLINK-1598 - MoonIOAGSO,43737.560,53129.732,9392.172,
Contact STARLINK-1598 - MoonIOAGSO,56004.875,64483.347,8478.472,
Contact STARLINK-1598 - MoonIOAGSO,66532.530,70165.489,3632.959,
Contact STARLINK-1598 - MoonIOAGSO,72224.447,81541.265,9316.818,
Contact STARLINK-1598 - MoonIOAGSO,83614.587,86400.000,2785.413,
Contact STARLINK-1598 - MoonIOAGSO 0001,0.000,1932.243,1932.243,
Contact STARLINK-1598 - MoonIOAGSO 0001,3842.261,13299.867,9457.606,
Contact STARLINK-1598 - MoonIOAGSO 0001,15237.290,24685.322,9448.032,
Contact STARLINK-1598 - MoonIOAGSO 0001,26644.138,41737.789,15093.651,
Contact STARLINK-1598 - MoonIOAGSO 0001,43745.372,53102.919,9357.548,
Contact STARLINK-1598 - MoonIOAGSO 0001,55132.401,64483.954,9351.553,
Contact STARLINK-1598 - MoonIOAGSO 0001,66528.693,70180.277,3651.584,
Contact STARLINK-1598 - MoonIOAGSO 0001,72232.545,81552.453,9319.908,
Contact STARLINK-1598 - MoonIOAGSO 0001,83624.449,86400.000,2775.551,
Contact STARLINK-1598 - MoonLRO,0.000,1952.019,1952.019,
Contact STARLINK-1598 - MoonLRO,3844.408,13330.475,9486.067,
Contact STARLINK-1598 - MoonLRO,15256.810,24692.156,9435.346,
Contact STARLINK-1598 - MoonLRO,26657.954,41755.343,15097.389,
Contact STARLINK-1598 - MoonLRO,43747.906,53127.163,9379.257,
Contact STARLINK-1598 - MoonLRO,55151.768,64493.052,9341.284,
Contact STARLINK-1598 - MoonLRO,66538.932,70182.937,3644.005,
Contact STARLINK-1598 - MoonLRO,72231.717,81563.802,9332.085,
Contact STARLINK-1598 - MoonLRO,83629.001,86400.000,2770.999,
Contact STARLINK-1598 - MarsSat1,3919.466,13314.445,9394.979,
Contact STARLINK-1598 - MarsSat1,15296.132,24685.553,9389.421,
Contact STARLINK-1598 - MarsSat1,26672.543,41742.073,15069.530,
Contact STARLINK-1598 - MarsSat1,43736.705,53113.039,9376.334,
Contact STARLINK-1598 - MarsSat1,55112.597,64484.009,9371.412,
Contact STARLINK-1598 - MarsSat1,66488.393,70169.500,3681.107,
Contact STARLINK-1598 - MarsSat1,72176.264,81540.489,9364.225,
Contact STARLINK-1598 - MarsSat1,83551.940,86400.000,2848.060,
Contact STARLINK-1598 - MarsSat2,0.000,1943.192,1943.192,
Contact STARLINK-1598 - MarsSat2,3919.351,13314.486,9395.136,
Contact STARLINK-1598 - MarsSat2,15296.099,24685.681,9389.581,
Contact STARLINK-1598 - MarsSat2,26672.628,41742.315,15069.687,
Contact STARLINK-1598 - MarsSat2,43737.012,53113.328,9376.317,
Contact STARLINK-1598 - MarsSat2,55113.018,64484.290,9371.272,
Contact STARLINK-1598 - MarsSat2,66488.839,70169.753,3680.915,
Contact STARLINK-1598 - MarsSat2,72176.682,81540.647,9363.966,
Contact STARLINK-1598 - MarsSat2,83552.238,86400.000,2847.762,
Contact STARLINK-1598 - MarsSat3,0.000,1943.086,1943.086,
Contact STARLINK-1598 - MarsSat3,3919.305,13314.350,9395.045,
Contact STARLINK-1598 - MarsSat3,15295.969,24685.603,9389.633,
Contact STARLINK-1598 - MarsSat3,26672.505,41742.217,15069.713,
Contact STARLINK-1598 - MarsSat3,43736.853,53113.171,9376.318,
Contact STARLINK-1598 - MarsSat3,55112.804,64484.069,9371.266,
Contact STARLINK-1598 - MarsSat3,66488.560,70169.507,3680.947,
Contact STARLINK-1598 - MarsSat3,72176.374,81540.381,9364.007,
Contact STARLINK-1598 - MarsSat3,83551.892,86400.000,2848.108,
Contact STARLINK-1598 - MarsSat4,0.000,1943.256,1943.256,
Contact STARLINK-1598 - MarsSat4,3919.467,13314.285,9394.817,
Contact STARLINK-1598 - MarsSat4,15295.947,24685.491,9389.544,
Contact STARLINK-1598 - MarsSat4,26672.431,41742.026,15069.595,
Contact STARLINK-1598 - MarsSat4,43736.692,53113.048,9376.356,
Contact STARLINK-1598 - MarsSat4,55112.660,64484.144,9371.484,
Contact STARLINK-1598 - MarsSat4,66488.594,70169.567,3680.973,
Contact STARLINK-1598 - MarsSat4,72176.407,81540.431,9364.024,
Contact STARLINK-1598 - MarsSat4,83551.915,86400.000,2848.085,
Contact STARLINK-4126 - STARLINK-4793,71966.773,72249.648,282.875,
Contact STARLINK-4126 - STARLINK-4793,86261.206,86400.000,138.794,
Contact STARLINK-4126 - STARLINK-3536,0.000,86400.000,86400.000,
Contact STARLINK-4126 - STARLINK-31405,82618.290,82969.529,351.240,
Contact STARLINK-4126 - STARLINK-31026,6640.994,13660.964,7019.970,
Contact STARLINK-4126 - STARLINK-31026,21028.098,22227.152,1199.055,
Contact STARLINK-4126 - STARLINK-31026,35450.427,36464.110,1013.683,
Contact STARLINK-4126 - STARLINK-31026,49858.470,50714.045,855.575,
Contact STARLINK-4126 - STARLINK-31026,64329.965,64901.824,571.859,
Contact STARLINK-4126 - STARLINK-31192,53901.962,54590.626,688.664,
Contact STARLINK-4126 - STARLINK-31192,68028.456,68859.549,831.093,
Contact STARLINK-4126 - STARLINK-31192,82179.072,83103.536,924.464,
Contact STARLINK-4126 - STARLINK-31558,10706.529,10800.796,94.267,
Contact STARLINK-4126 - STARLINK-31558,24542.440,25263.709,721.269,
Contact STARLINK-4126 - STARLINK-31558,35760.812,36683.456,922.643,
Contact STARLINK-4126 - STARLINK-31558,49847.297,50893.489,1046.192,
Contact STARLINK-4126 - STARLINK-31558,61166.532,65029.885,3863.353,
Contact STARLINK-4126 - STARLINK-31558,75379.433,76294.155,914.722,
Contact STARLINK-4126 - STARLINK-4006,10281.649,10880.761,599.112,
Contact STARLINK-4126 - STARLINK-4006,50282.864,50934.351,651.487,
Contact STARLINK-4126 - STARLINK-4006,64573.870,65234.057,660.187,
Contact STARLINK-4126 - STARLINK-4006,78856.682,79542.415,685.733,
Contact STARLINK-4126 - STARLINK-31577,10341.667,11174.559,832.893,
Contact STARLINK-4126 - STARLINK-31577,24430.221,25252.153,821.932,
Contact STARLINK-4126 - STARLINK-31577,35753.923,36462.035,708.112,
Contact STARLINK-4126 - STARLINK-5322,0.000,86400.000,86400.000,
Contact STARLINK-4126 - STARLINK-2466,10711.033,11075.530,364.497,
Contact STARLINK-4126 - STARLINK-2466,25036.794,25370.993,334.199,
Contact STARLINK-4126 - STARLINK-2466,39357.307,39672.160,314.854,
Contact STARLINK-4126 - STARLINK-2704,6665.371,7767.184,1101.814,
Contact STARLINK-4126 - STARLINK-2704,20907.218,22075.287,1168.069,
Contact STARLINK-4126 - STARLINK-2704,29464.732,36365.298,6900.566,
Contact STARLINK-4126 - STARLINK-2704,46570.440,50665.419,4094.979,
Contact STARLINK-4126 - STARLINK-2704,60822.972,67812.427,6989.455,
Contact STARLINK-4126 - STARLINK-2704,75091.423,82091.069,6999.646,
Contact STARLINK-4126 - STARLINK-5807,10310.841,11155.887,845.046,
Contact STARLINK-4126 - STARLINK-5807,24671.820,25515.702,843.882,
Contact STARLINK-4126 - STARLINK-5807,39032.256,39875.205,842.949,
Contact STARLINK-4126 - STARLINK-5807,53396.846,54231.442,834.596,
Contact STARLINK-4126 - STARLINK-5807,67761.750,68586.427,824.677,
Contact STARLINK-4126 - STARLINK-5807,82129.922,82939.118,809.196,
Contact STARLINK-4126 - STARLINK-2367,0.000,3749.760,3749.760,
Contact STARLINK-4126 - STARLINK-2367,14176.763,18044.360,3867.597,
Contact STARLINK-4126 - STARLINK-2367,28455.140,29483.766,1028.626,
Contact STARLINK-4126 - STARLINK-2367,42723.678,43787.432,1063.754,
Contact STARLINK-4126 - STARLINK-2367,57003.985,58079.074,1075.089,
Contact STARLINK-4126 - STARLINK-2367,71274.772,72380.360,1105.588,
Contact STARLINK-4126 - STARLINK-2367,82696.351,86400.000,3703.649,
Contact STARLINK-4126 - STARLINK-5494,46735.048,47178.900,443.852,
Contact STARLINK-4126 - STARLINK-5494,61056.242,61582.026,525.784,
Contact STARLINK-4126 - STARLINK-5494,75395.207,75967.118,571.910,
Contact STARLINK-4126 - STARLINK-30421,10331.824,11177.157,845.332,
Contact STARLINK-4126 - STARLINK-30421,24554.589,25321.198,766.609,
Contact STARLINK-4126 - STARLINK-30421,35950.914,36618.600,667.686,
Contact STARLINK-4126 - STARLINK-30421,50225.895,50711.025,485.130,
Contact STARLINK-4126 - STARLINK-32197,0.000,564.036,564.036,
Contact STARLINK-4126 - STARLINK-32197,13800.731,14574.582,773.852,
Contact STARLINK-4126 - STARLINK-11199 [DTC],42629.837,43410.899,781.062,
Contact STARLINK-4126 - STARLINK-11199 [DTC],53787.499,54684.783,897.284,
Contact STARLINK-4126 - STARLINK-11199 [DTC],67886.502,68625.917,739.415,
Contact STARLINK-4126 - STARLINK-5849,2912.446,3971.107,1058.661,
Contact STARLINK-4126 - STARLINK-5849,17302.531,18296.743,994.213,
Contact STARLINK-4126 - STARLINK-5849,31688.606,32625.452,936.846,
Contact STARLINK-4126 - STARLINK-5849,46097.130,46932.781,835.651,
Contact STARLINK-4126 - STARLINK-5849,60503.103,61241.727,738.623,
Contact STARLINK-4126 - STARLINK-11101 [DTC],63995.931,64948.460,952.529,
Contact STARLINK-4126 - STARLINK-11101 [DTC],75143.165,76216.072,1072.908,
Contact STARLINK-4126 - STARLINK-31853,0.000,41429.985,41429.985,
Contact STARLINK-4126 - STARLINK-5535,10595.742,11303.368,707.627,
Contact STARLINK-4126 - STARLINK-5535,24942.772,25659.921,717.150,
Contact STARLINK-4126 - STARLINK-5535,39292.959,40013.454,720.496,
Contact STARLINK-4126 - STARLINK-5535,53639.375,54370.611,731.236,
Contact STARLINK-4126 - STARLINK-5535,67989.824,68723.918,734.094,
Contact STARLINK-4126 - STARLINK-5535,82335.752,83081.557,745.805,
Contact STARLINK-4126 - STARLINK-5837,3021.834,3727.414,705.580,
Contact STARLINK-4126 - STARLINK-5837,17383.215,18070.951,687.737,
Contact STARLINK-4126 - STARLINK-5837,31735.998,32423.052,687.054,
Contact STARLINK-4126 - STARLINK-5837,57585.485,58242.476,656.991,
Contact STARLINK-4126 - STARLINK-5837,71939.491,72593.379,653.888,
Contact STARLINK-4126 - STARLINK-5837,86304.229,86400.000,95.771,
Contact STARLINK-4126 - STARLINK-31345,0.000,35358.074,35358.074,
Contact STARLINK-4126 - STARLINK-31690,0.000,24588.416,24588.416,
Contact STARLINK-4126 - STARLINK-31690,32134.455,32521.544,387.089,
Contact STARLINK-4126 - STARLINK-1302,10336.150,11037.400,701.250,
Contact STARLINK-4126 - STARLINK-1302,24668.052,25340.927,672.875,
Contact STARLINK-4126 - STARLINK-1302,38995.233,39649.479,654.247,
Contact STARLINK-4126 - STARLINK-1302,64793.562,65395.026,601.464,
Contact STARLINK-4126 - STARLINK-1302,79122.719,79701.603,578.884,
Contact STARLINK-4126 - STARLINK-4675,10537.614,11178.591,640.976,
Contact STARLINK-4126 - STARLINK-4675,24838.439,25488.189,649.750,
Contact STARLINK-4126 - STARLINK-4675,39145.388,39791.164,645.776,
Contact STARLINK-4126 - STARLINK-4675,53446.235,54100.724,654.489,
Contact STARLINK-4126 - STARLINK-4675,67753.172,68403.706,650.534,
Contact STARLINK-4126 - STARLINK-4675,79196.288,79848.714,652.426,
Contact STARLINK-4126 - STARLINK-4356,3102.647,4087.363,984.716,
Contact STARLINK-4126 - STARLINK-4356,17454.165,18438.360,984.195,
Contact STARLINK-4126 - STARLINK-4356,31797.951,32797.261,999.310,
Contact STARLINK-4126 - STARLINK-4356,46155.104,47142.818,987.714,
Contact STARLINK-4126 - STARLINK-4356,60504.640,61496.106,991.466,
Contact STARLINK-4126 - STARLINK-4356,71990.891,75835.322,3844.430,
Contact STARLINK-4126 - STARLINK-4356,86357.548,86400.000,42.452,
Contact STARLINK-4126 - STARLINK-31554,6786.773,7807.763,1020.989,
Contact STARLINK-4126 - STARLINK-31554,21007.557,21879.952,872.396,
Contact STARLINK-4126 - STARLINK-5713,0.000,55.423,55.423,
Contact STARLINK-4126 - STARLINK-5713,7963.673,14879.476,6915.802,
Contact STARLINK-4126 - STARLINK-5713,22006.989,35347.723,13340.734,
Contact STARLINK-4126 - STARLINK-5713,36005.474,86400.000,50394.526,
Contact STARLINK-4126 - STARLINK-1303,17974.810,18477.763,502.952,
Contact STARLINK-4126 - STARLINK-1303,32264.716,32819.934,555.217,
Contact STARLINK-4126 - STARLINK-1303,46569.830,47147.308,577.478,
Contact STARLINK-4126 - STARLINK-1303,60863.124,61486.091,622.967,
Contact STARLINK-4126 - STARLINK-1303,75169.836,75811.837,642.001,
Contact STARLINK-4126 - STARLINK-11265 [DTC],14309.104,18037.231,3728.127,
Contact STARLINK-4126 - STARLINK-11265 [DTC],28190.199,29260.674,1070.475,
Contact STARLINK-4126 - STARLINK-11265 [DTC],39597.636,40215.055,617.420,
Contact STARLINK-4126 - MoonARTEMIS1,148.224,10092.806,9944.582,
Contact STARLINK-4126 - MoonARTEMIS1,11570.117,38990.324,27420.207,
Contact STARLINK-4126 - MoonARTEMIS1,40119.373,67886.374,27767.001,
Contact STARLINK-4126 - MoonARTEMIS1,68621.755,86400.000,17778.245,
Contact STARLINK-4126 - MoonARTEMIS2,79.790,10252.201,10172.411,
Contact STARLINK-4126 - MoonARTEMIS2,11492.492,39123.400,27630.908,
Contact STARLINK-4126 - MoonARTEMIS2,40008.391,60060.781,20052.390,
Contact STARLINK-4126 - MoonARTEMIS2,62803.491,86400.000,23596.509,
Contact STARLINK-4126 - MoonIOAGEO,127.602,10114.796,9987.194,
Contact STARLINK-4126 - MoonIOAGEO,11562.278,15900.942,4338.664,
Contact STARLINK-4126 - MoonIOAGEO,19991.371,39023.926,19032.555,
Contact STARLINK-4126 - MoonIOAGEO,40082.500,60307.754,20225.253,
Contact STARLINK-4126 - MoonIOAGEO,64138.262,86400.000,22261.738,
Contact STARLINK-4126 - MoonIOAGNO,107.337,10150.000,10042.663,
Contact STARLINK-4126 - MoonIOAGNO,11563.550,38959.189,27395.639,
Contact STARLINK-4126 - MoonIOAGNO,40054.327,86400.000,46345.673,
Contact STARLINK-4126 - MoonIOAGNO 0001,93.196,10098.330,10005.134,
Contact STARLINK-4126 - MoonIOAGNO 0001,11513.163,39023.526,27510.363,
Contact STARLINK-4126 - MoonIOAGNO 0001,40045.707,68052.930,28007.223,
Contact STARLINK-4126 - MoonIOAGNO 0001,68453.908,86400.000,17946.092,
Contact STARLINK-4126 - MoonIOAGSO,153.670,10129.952,9976.282,
Contact STARLINK-4126 - MoonIOAGSO,12427.811,39015.823,26588.012,
Contact STARLINK-4126 - MoonIOAGSO,40138.583,68170.518,28031.936,
Contact STARLINK-4126 - MoonIOAGSO,68509.226,86400.000,17890.774,
Contact STARLINK-4126 - MoonIOAGSO 0001,155.800,10170.046,10014.245,
Contact STARLINK-4126 - MoonIOAGSO 0001,11597.950,39059.160,27461.211,
Contact STARLINK-4126 - MoonIOAGSO 0001,40109.454,68057.236,27947.781,
Contact STARLINK-4126 - MoonIOAGSO 0001,68516.060,86400.000,17883.940,
Contact STARLINK-4126 - MoonLRO,117.809,10144.852,10027.044,
Contact STARLINK-4126 - MoonLRO,11556.565,39001.111,27444.546,
Contact STARLINK-4126 - MoonLRO,40076.775,86400.000,46323.225,
Contact STARLINK-4126 - MarsSat1,1334.319,10590.370,9256.051,
Contact STARLINK-4126 - MarsSat1,11493.532,39302.766,27809.234,
Contact STARLINK-4126 - MarsSat1,40050.405,68045.947,27995.543,
Contact STARLINK-4126 - MarsSat1,68579.694,86400.000,17820.306,
Contact STARLINK-4126 - MarsSat2,67.109,10589.829,10522.720,
Contact STARLINK-4126 - MarsSat2,11493.588,39303.543,27809.955,
Contact STARLINK-4126 - MarsSat2,40049.270,68049.195,27999.926,
Contact STARLINK-4126 - MarsSat2,68577.014,86400.000,17822.986,
Contact STARLINK-4126 - MarsSat3,67.276,10589.778,10522.502,
Contact STARLINK-4126 - MarsSat3,11494.066,39302.874,27808.807,
Contact STARLINK-4126 - MarsSat3,40049.830,68047.517,27997.687,
Contact STARLINK-4126 - MarsSat3,68578.878,86400.000,17821.122,
Contact STARLINK-4126 - MarsSat4,66.642,10590.247,10523.605,
Contact STARLINK-4126 - MarsSat4,11494.039,39302.856,27808.817,
Contact STARLINK-4126 - MarsSat4,40050.520,68047.480,27996.960,
Contact STARLINK-4126 - MarsSat4,68578.591,86400.000,17821.409,
Contact STARLINK-4793 - STARLINK-3715,10139.257,10880.458,741.202,
Contact STARLINK-4793 - STARLINK-3715,21579.718,22316.349,736.632,
Contact STARLINK-4793 - STARLINK-3715,35881.645,36609.646,728.001,
Contact STARLINK-4793 - STARLINK-3715,50180.983,50905.906,724.923,
Contact STARLINK-4793 - STARLINK-3715,64482.981,65199.089,716.108,
Contact STARLINK-4793 - STARLINK-3715,78782.417,79495.212,712.795,
Contact STARLINK-4793 - STARLINK-31405,14223.475,14954.293,730.817,
Contact STARLINK-4793 - STARLINK-31405,22440.474,29492.588,7052.114,
Contact STARLINK-4793 - STARLINK-31405,36310.274,46651.038,10340.764,
Contact STARLINK-4793 - STARLINK-31405,47550.602,60700.893,13150.291,
Contact STARLINK-4793 - STARLINK-31405,61822.505,69024.064,7201.559,
Contact STARLINK-4793 - STARLINK-1711,0.000,86400.000,86400.000,
Contact STARLINK-4793 - STARLINK-31026,61195.817,61667.980,472.163,
Contact STARLINK-4793 - STARLINK-31026,75479.231,76031.884,552.653,
Contact STARLINK-4793 - STARLINK-31139,14251.552,14449.254,197.702,
Contact STARLINK-4793 - STARLINK-31139,28263.197,28851.960,588.762,
Contact STARLINK-4793 - STARLINK-31139,39542.227,40304.118,761.892,
Contact STARLINK-4793 - STARLINK-31139,53670.477,54589.547,919.070,
Contact STARLINK-4793 - STARLINK-31139,67830.806,68842.551,1011.744,
Contact STARLINK-4793 - STARLINK-31139,79172.062,83079.960,3907.898,
Contact STARLINK-4793 - STARLINK-31192,0.000,32076.406,32076.406,
Contact STARLINK-4793 - STARLINK-31192,39037.811,40289.429,1251.617,
Contact STARLINK-4793 - STARLINK-4111,0.000,501.068,501.068,
Contact STARLINK-4793 - STARLINK-4111,13677.695,14802.073,1124.378,
Contact STARLINK-4793 - STARLINK-4111,25116.942,29093.044,3976.103,
Contact STARLINK-4793 - STARLINK-4111,39420.874,43393.899,3973.026,
Contact STARLINK-4793 - STARLINK-4111,53715.210,57684.718,3969.508,
Contact STARLINK-4793 - STARLINK-4111,68019.265,69121.302,1102.037,
Contact STARLINK-4793 - STARLINK-4111,82313.696,83421.949,1108.252,
Contact STARLINK-4793 - STARLINK-31128,0.000,299.032,299.032,
Contact STARLINK-4793 - STARLINK-31128,13737.251,14600.363,863.113,
Contact STARLINK-4793 - STARLINK-31128,25063.728,28870.213,3806.485,
Contact STARLINK-4793 - STARLINK-31128,39242.094,40275.346,1033.252,
Contact STARLINK-4793 - STARLINK-31128,53431.115,54519.330,1088.215,
Contact STARLINK-4793 - STARLINK-31128,61957.453,68740.373,6782.920,
Contact STARLINK-4793 - STARLINK-31128,79021.547,82951.397,3929.851,
Contact STARLINK-4793 - STARLINK-5322,57541.427,57982.195,440.769,
Contact STARLINK-4793 - STARLINK-5322,71831.621,72402.613,570.992,
Contact STARLINK-4793 - STARLINK-5322,86150.134,86400.000,249.866,
Contact STARLINK-4793 - STARLINK-2367,0.000,86400.000,86400.000,
Contact STARLINK-4793 - STARLINK-4560,0.000,266.472,266.472,
Contact STARLINK-4793 - STARLINK-4560,13892.790,14612.389,719.598,
Contact STARLINK-4793 - STARLINK-4560,28243.951,28950.514,706.563,
Contact STARLINK-4793 - STARLINK-4560,42587.855,43296.198,708.343,
Contact STARLINK-4793 - STARLINK-4560,56940.024,57633.324,693.300,
Contact STARLINK-4793 - STARLINK-4560,82763.213,83451.203,687.991,
Contact STARLINK-4793 - STARLINK-2476,10640.927,11220.185,579.258,
Contact STARLINK-4793 - STARLINK-2476,24906.003,25582.881,676.878,
Contact STARLINK-4793 - STARLINK-2476,39192.774,39922.769,729.995,
Contact STARLINK-4793 - STARLINK-2476,53467.947,54275.319,807.372,
Contact STARLINK-4793 - STARLINK-2476,67760.365,68609.538,849.173,
Contact STARLINK-4793 - STARLINK-2476,79190.521,82955.634,3765.112,
Contact STARLINK-4793 - STARLINK-2105,3433.752,7387.721,3953.969,
Contact STARLINK-4793 - STARLINK-2105,17741.385,21698.764,3957.379,
Contact STARLINK-4793 - STARLINK-2105,32040.737,38866.151,6825.415,
Contact STARLINK-4793 - STARLINK-2105,46349.070,47445.215,1096.145,
Contact STARLINK-4793 - STARLINK-2105,60649.196,61755.110,1105.914,
Contact STARLINK-4793 - STARLINK-2105,74958.238,76055.792,1097.554,
Contact STARLINK-4793 - STARLINK-31536,28335.860,28956.086,620.226,
Contact STARLINK-4793 - STARLINK-31536,39564.357,43286.829,3722.472,
Contact STARLINK-4793 - STARLINK-31536,53653.431,54704.154,1050.723,
Contact STARLINK-4793 - STARLINK-31536,67792.140,68933.334,1141.194,
Contact STARLINK-4793 - STARLINK-31536,76290.170,83128.901,6838.731,
Contact STARLINK-4793 - STARLINK-11199 [DTC],8300.846,40556.093,32255.247,
Contact STARLINK-4793 - STARLINK-5849,0.000,86400.000,86400.000,
Contact STARLINK-4793 - STARLINK-30100,7027.532,10864.095,3836.563,
Contact STARLINK-4793 - STARLINK-30100,21367.143,22313.998,946.855,
Contact STARLINK-4793 - STARLINK-30100,35713.013,36621.934,908.921,
Contact STARLINK-4793 - STARLINK-30100,50058.751,50930.230,871.478,
Contact STARLINK-4793 - STARLINK-30100,64411.147,65231.597,820.450,
Contact STARLINK-4793 - STARLINK-30100,78763.910,79532.910,769.000,
Contact STARLINK-4793 - STARLINK-11101 [DTC],0.000,139.649,139.649,
Contact STARLINK-4793 - STARLINK-11101 [DTC],10639.568,11459.865,820.297,
Contact STARLINK-4793 - STARLINK-11101 [DTC],24646.590,25472.890,826.300,
Contact STARLINK-4793 - STARLINK-11101 [DTC],35964.753,36572.836,608.083,
Contact STARLINK-4793 - STARLINK-4254,10717.773,11250.823,533.050,
Contact STARLINK-4793 - STARLINK-4254,25020.405,25545.918,525.513,
Contact STARLINK-4793 - STARLINK-4254,39326.710,39837.883,511.172,
Contact STARLINK-4793 - STARLINK-4254,53629.514,54132.771,503.258,
Contact STARLINK-4793 - STARLINK-4254,67936.219,68424.299,488.080,
Contact STARLINK-4793 - STARLINK-3525,3174.276,10293.220,7118.944,
Contact STARLINK-4793 - STARLINK-3525,17475.947,24568.224,7092.277,
Contact STARLINK-4793 - STARLINK-3525,31737.994,38895.102,7157.108,
Contact STARLINK-4793 - STARLINK-3525,40326.494,47450.082,7123.587,
Contact STARLINK-4793 - STARLINK-3525,54589.010,61776.474,7187.464,
Contact STARLINK-4793 - STARLINK-3525,68889.751,76052.216,7162.465,
Contact STARLINK-4793 - STARLINK-3525,83152.809,86400.000,3247.191,
Contact STARLINK-4793 - STARLINK-1276,0.000,598.319,598.319,
Contact STARLINK-4793 - STARLINK-1276,13994.183,14897.452,903.268,
Contact STARLINK-4793 - STARLINK-1276,28330.597,29182.999,852.402,
Contact STARLINK-4793 - STARLINK-1276,42655.960,43479.432,823.473,
Contact STARLINK-4793 - STARLINK-1276,56996.278,57761.082,764.804,
Contact STARLINK-4793 - STARLINK-1276,71324.874,72054.222,729.348,
Contact STARLINK-4793 - STARLINK-1276,82794.947,83481.615,686.668,
Contact STARLINK-4793 - STARLINK-5837,3044.206,10350.415,7306.209,
Contact STARLINK-4793 - STARLINK-5837,17386.916,24714.383,7327.467,
Contact STARLINK-4793 - STARLINK-5837,31724.003,39071.143,7347.141,
Contact STARLINK-4793 - STARLINK-5837,46097.186,53404.895,7307.709,
Contact STARLINK-4793 - STARLINK-5837,54712.318,67729.943,13017.626,
Contact STARLINK-4793 - STARLINK-5837,69112.485,76310.698,7198.213,
Contact STARLINK-4793 - STARLINK-31852,75489.823,75932.632,442.809,
Contact STARLINK-4793 - STARLINK-31852,83579.451,86400.000,2820.549,
Contact STARLINK-4793 - STARLINK-30879,71304.099,72231.328,927.229,
Contact STARLINK-4793 - STARLINK-30879,82270.635,86400.000,4129.365,
Contact STARLINK-4793 - STARLINK-5058,499.148,7680.996,7181.849,
Contact STARLINK-4793 - STARLINK-5058,20979.328,21699.816,720.488,
Contact STARLINK-4793 - STARLINK-5239,3209.248,10287.743,7078.495,
Contact STARLINK-4793 - STARLINK-5239,17518.496,24579.472,7060.976,
Contact STARLINK-4793 - STARLINK-5239,31816.207,38884.242,7068.035,
Contact STARLINK-4793 - STARLINK-5239,46126.051,47456.270,1330.219,
Contact STARLINK-4793 - STARLINK-5239,54702.586,61760.588,7058.001,
Contact STARLINK-4793 - STARLINK-5239,69012.915,76051.193,7038.278,
Contact STARLINK-4793 - STARLINK-5239,83311.580,86400.000,3088.420,
Contact STARLINK-4793 - STARLINK-6135,0.000,6858.570,6858.570,
Contact STARLINK-4793 - STARLINK-6135,7346.946,21171.460,13824.514,
Contact STARLINK-4793 - STARLINK-6135,21700.802,35437.689,13736.887,
Contact STARLINK-4793 - STARLINK-6135,36069.476,49721.322,13651.846,
Contact STARLINK-4793 - STARLINK-6135,50452.576,61131.416,10678.841,
Contact STARLINK-4793 - STARLINK-6135,64837.740,75376.629,10538.889,
Contact STARLINK-4793 - STARLINK-6135,79236.488,86400.000,7163.512,
Contact STARLINK-4793 - STARLINK-4356,0.000,2926.947,2926.947,
Contact STARLINK-4793 - STARLINK-4356,3903.633,17386.744,13483.111,
Contact STARLINK-4793 - STARLINK-4356,18160.336,86400.000,68239.664,
Contact STARLINK-4793 - STARLINK-30052,7154.162,10902.434,3748.273,
Contact STARLINK-4793 - STARLINK-30052,21496.373,25203.569,3707.195,
Contact STARLINK-4793 - STARLINK-30052,35844.890,36643.801,798.911,
Contact STARLINK-4793 - STARLINK-30052,50193.172,50943.116,749.944,
Contact STARLINK-4793 - STARLINK-30052,64548.763,65234.735,685.972,
Contact STARLINK-4793 - STARLINK-30052,78905.159,79525.948,620.790,
Contact STARLINK-4793 - STARLINK-11265 [DTC],0.000,18784.839,18784.839,
Contact STARLINK-4793 - MoonARTEMIS1,0.000,6823.586,6823.586,
Contact STARLINK-4793 - MoonARTEMIS1,8871.369,12548.265,3676.896,
Contact STARLINK-4793 - MoonARTEMIS1,14608.646,24000.219,9391.573,
Contact STARLINK-4793 - MoonARTEMIS1,26082.980,35436.131,9353.151,
Contact STARLINK-4793 - MoonARTEMIS1,37528.352,41155.352,3627.000,
Contact STARLINK-4793 - MoonARTEMIS1,43252.092,52595.653,9343.562,
Contact STARLINK-4793 - MoonARTEMIS1,54701.395,64038.049,9336.655,
Contact STARLINK-4793 - MoonARTEMIS1,66152.788,75482.465,9329.677,
Contact STARLINK-4793 - MoonARTEMIS1,77606.194,81205.489,3599.295,
Contact STARLINK-4793 - MoonARTEMIS1,83333.713,86400.000,3066.287,
Contact STARLINK-4793 - MoonARTEMIS2,0.000,6857.405,6857.405,
Contact STARLINK-4793 - MoonARTEMIS2,8934.421,12579.336,3644.915,
Contact STARLINK-4793 - MoonARTEMIS2,14662.933,24022.054,9359.121,
Contact STARLINK-4793 - MoonARTEMIS2,26116.887,35462.800,9345.912,
Contact STARLINK-4793 - MoonARTEMIS2,37566.418,41182.117,3615.700,
Contact STARLINK-4793 - MoonARTEMIS2,43289.148,52616.967,9327.819,
Contact STARLINK-4793 - MoonARTEMIS2,54728.045,58330.656,3602.611,
Contact STARLINK-4793 - MoonARTEMIS2,66184.224,75511.811,9327.587,
Contact STARLINK-4793 - MoonARTEMIS2,77651.321,81238.780,3587.459,
Contact STARLINK-4793 - MoonARTEMIS2,83382.485,86400.000,3017.515,
Contact STARLINK-4793 - MoonIOAGEO,0.000,6830.591,6830.591,
Contact STARLINK-4793 - MoonIOAGEO,8882.031,12551.829,3669.797,
Contact STARLINK-4793 - MoonIOAGEO,20353.270,24000.690,3647.421,
Contact STARLINK-4793 - MoonIOAGEO,26088.990,35446.585,9357.595,
Contact STARLINK-4793 - MoonIOAGEO,37543.758,41165.915,3622.157,
Contact STARLINK-4793 - MoonIOAGEO,43264.750,52605.277,9340.527,
Contact STARLINK-4793 - MoonIOAGEO,54714.839,58328.886,3614.047,
Contact STARLINK-4793 - MoonIOAGEO,66181.587,75505.688,9324.102,
Contact STARLINK-4793 - MoonIOAGEO,77640.479,81226.989,3586.510,
Contact STARLINK-4793 - MoonIOAGEO,83362.559,86400.000,3037.441,
Contact STARLINK-4793 - MoonIOAGNO,0.000,6832.589,6832.589,
Contact STARLINK-4793 - MoonIOAGNO,8887.070,12554.024,3666.954,
Contact STARLINK-4793 - MoonIOAGNO,14628.811,24017.359,9388.548,
Contact STARLINK-4793 - MoonIOAGNO,26094.332,35459.501,9365.170,
Contact STARLINK-4793 - MoonIOAGNO,37545.605,41176.076,3630.471,
Contact STARLINK-4793 - MoonIOAGNO,43268.696,52604.698,9336.002,
Contact STARLINK-4793 - MoonIOAGNO,54721.344,64069.796,9348.453,
Contact STARLINK-4793 - MoonIOAGNO,66192.482,75517.117,9324.635,
Contact STARLINK-4793 - MoonIOAGNO,77643.375,81236.179,3592.805,
Contact STARLINK-4793 - MoonIOAGNO,83365.579,86400.000,3034.421,
Contact STARLINK-4793 - MoonIOAGNO 0001,0.000,6854.776,6854.776,
Contact STARLINK-4793 - MoonIOAGNO 0001,8903.639,12574.354,3670.714,
Contact STARLINK-4793 - MoonIOAGNO 0001,14629.731,24004.697,9374.967,
Contact STARLINK-4793 - MoonIOAGNO 0001,26077.990,35445.462,9367.472,
Contact STARLINK-4793 - MoonIOAGNO 0001,37547.335,41178.917,3631.582,
Contact STARLINK-4793 - MoonIOAGNO 0001,43280.486,52627.637,9347.150,
Contact STARLINK-4793 - MoonIOAGNO 0001,54733.970,64063.501,9329.531,
Contact STARLINK-4793 - MoonIOAGNO 0001,66179.176,75496.044,9316.868,
Contact STARLINK-4793 - MoonIOAGNO 0001,77634.757,81232.510,3597.753,
Contact STARLINK-4793 - MoonIOAGNO 0001,83371.890,86400.000,3028.110,
Contact STARLINK-4793 - MoonIOAGSO,0.000,6831.385,6831.385,
Contact STARLINK-4793 - MoonIOAGSO,8890.609,11526.882,2636.272,
Contact STARLINK-4793 - MoonIOAGSO,14625.596,23983.977,9358.380,
Contact STARLINK-4793 - MoonIOAGSO,26071.617,35424.799,9353.181,
Contact STARLINK-4793 - MoonIOAGSO,37524.625,41150.164,3625.540,
Contact STARLINK-4793 - MoonIOAGSO,43254.843,52612.127,9357.284,
Contact STARLINK-4793 - MoonIOAGSO,55993.776,64045.166,8051.390,
Contact STARLINK-4793 - MoonIOAGSO,66171.199,75484.468,9313.269,
Contact STARLINK-4793 - MoonIOAGSO,77620.010,81208.595,3588.584,
Contact STARLINK-4793 - MoonIOAGSO,83347.679,86400.000,3052.321,
Contact STARLINK-4793 - MoonIOAGSO 0001,0.000,6814.928,6814.928,
Contact STARLINK-4793 - MoonIOAGSO 0001,8879.928,12535.889,3655.961,
Contact STARLINK-4793 - MoonIOAGSO 0001,14607.675,23988.453,9380.778,
Contact STARLINK-4793 - MoonIOAGSO 0001,26071.927,35443.782,9371.855,
Contact STARLINK-4793 - MoonIOAGSO 0001,37539.656,41156.007,3616.351,
Contact STARLINK-4793 - MoonIOAGSO 0001,43261.394,52592.572,9331.178,
Contact STARLINK-4793 - MoonIOAGSO 0001,54710.126,64041.983,9331.857,
Contact STARLINK-4793 - MoonIOAGSO 0001,66167.953,75504.560,9336.607,
Contact STARLINK-4793 - MoonIOAGSO 0001,77790.023,81220.546,3430.523,
Contact STARLINK-4793 - MoonIOAGSO 0001,83356.764,86400.000,3043.236,
Contact STARLINK-4793 - MoonLRO,0.000,6838.955,6838.955,
Contact STARLINK-4793 - MoonLRO,8892.621,12558.637,3666.016,
Contact STARLINK-4793 - MoonLRO,14626.624,23994.301,9367.677,
Contact STARLINK-4793 - MoonLRO,26081.939,35444.278,9362.340,
Contact STARLINK-4793 - MoonLRO,37534.208,41169.570,3635.362,
Contact STARLINK-4793 - MoonLRO,43265.820,52608.965,9343.145,
Contact STARLINK-4793 - MoonLRO,54727.782,64051.599,9323.818,
Contact STARLINK-4793 - MoonLRO,66176.161,75504.838,9328.676,
Contact STARLINK-4793 - MoonLRO,77630.702,81227.423,3596.721,
Contact STARLINK-4793 - MoonLRO,83361.960,86400.000,3038.040,
Contact STARLINK-4793 - MarsSat1,3210.080,6852.408,3642.329,
Contact STARLINK-4793 - MarsSat1,8930.431,12571.426,3640.995,
Contact STARLINK-4793 - MarsSat1,14650.759,24009.449,9358.689,
Contact STARLINK-4793 - MarsSat1,26091.330,35447.453,9356.123,
Contact STARLINK-4793 - MarsSat1,37531.791,41166.456,3634.666,
Contact STARLINK-4793 - MarsSat1,43251.993,52604.494,9352.501,
Contact STARLINK-4793 - MarsSat1,54692.380,64042.608,9350.228,
Contact STARLINK-4793 - MarsSat1,66132.787,75480.818,9348.031,
Contact STARLINK-4793 - MarsSat1,77573.235,81199.954,3626.719,
Contact STARLINK-4793 - MarsSat1,83293.467,86400.000,3106.533,
Contact STARLINK-4793 - MarsSat2,0.000,6852.369,6852.369,
Contact STARLINK-4793 - MarsSat2,8930.365,12571.431,3641.066,
Contact STARLINK-4793 - MarsSat2,14650.735,24009.539,9358.804,
Contact STARLINK-4793 - MarsSat2,26091.405,35447.634,9356.229,
Contact STARLINK-4793 - MarsSat2,37531.991,41166.682,3634.692,
Contact STARLINK-4793 - MarsSat2,43252.256,52604.790,9352.534,
Contact STARLINK-4793 - MarsSat2,54692.741,64042.917,9350.176,
Contact STARLINK-4793 - MarsSat2,66133.170,75481.069,9347.899,
Contact STARLINK-4793 - MarsSat2,77573.550,81200.155,3626.605,
Contact STARLINK-4793 - MarsSat2,83293.723,86400.000,3106.277,
Contact STARLINK-4793 - MarsSat3,0.000,6852.260,6852.260,
Contact STARLINK-4793 - MarsSat3,8930.271,12571.311,3641.039,
Contact STARLINK-4793 - MarsSat3,14650.620,24009.454,9358.834,
Contact STARLINK-4793 - MarsSat3,26091.301,35447.549,9356.248,
Contact STARLINK-4793 - MarsSat3,37531.874,41166.580,3634.706,
Contact STARLINK-4793 - MarsSat3,43252.122,52604.636,9352.514,
Contact STARLINK-4793 - MarsSat3,54692.556,64042.704,9350.148,
Contact STARLINK-4793 - MarsSat3,66132.927,75480.811,9347.884,
Contact STARLINK-4793 - MarsSat3,77573.259,81199.888,3626.629,
Contact STARLINK-4793 - MarsSat3,83293.420,86400.000,3106.580,
Contact STARLINK-4793 - MarsSat4,0.000,6852.342,6852.342,
Contact STARLINK-4793 - MarsSat4,8930.350,12571.288,3640.938,
Contact STARLINK-4793 - MarsSat4,14650.602,24009.353,9358.750,
Contact STARLINK-4793 - MarsSat4,26091.228,35447.438,9356.209,
Contact STARLINK-4793 - MarsSat4,37531.776,41166.425,3634.649,
Contact STARLINK-4793 - MarsSat4,43251.978,52604.502,9352.525,
Contact STARLINK-4793 - MarsSat4,54692.427,64042.755,9350.327,
Contact STARLINK-4793 - MarsSat4,66132.960,75480.844,9347.884,
Contact STARLINK-4793 - MarsSat4,77573.279,81199.922,3626.643,
Contact STARLINK-4793 - MarsSat4,83293.443,86400.000,3106.557,
Contact STARLINK-3536 - STARLINK-31192,78984.205,79746.660,762.455,
Contact STARLINK-3536 - STARLINK-30800,17877.663,18111.319,233.656,
Contact STARLINK-3536 - STARLINK-30800,32145.162,32498.875,353.713,
Contact STARLINK-3536 - STARLINK-30800,46431.559,46868.149,436.590,
Contact STARLINK-3536 - STARLINK-30800,60722.768,61231.988,509.220,
Contact STARLINK-3536 - STARLINK-31558,21594.321,21673.467,79.146,
Contact STARLINK-3536 - STARLINK-31558,35462.024,36105.749,643.726,
Contact STARLINK-3536 - STARLINK-31558,46690.138,47517.069,826.931,
Contact STARLINK-3536 - STARLINK-31558,60778.613,61727.224,948.612,
Contact STARLINK-3536 - STARLINK-31558,74922.880,75880.579,957.699,
Contact STARLINK-3536 - STARLINK-31558,86273.932,86400.000,126.068,
Contact STARLINK-3536 - STARLINK-4359,53910.749,54338.537,427.788,
Contact STARLINK-3536 - STARLINK-4359,68188.176,68768.099,579.923,
Contact STARLINK-3536 - STARLINK-4359,82461.261,83200.062,738.801,
Contact STARLINK-3536 - STARLINK-4006,7152.430,7456.578,304.148,
Contact STARLINK-3536 - STARLINK-4006,21431.572,21769.505,337.934,
Contact STARLINK-3536 - STARLINK-4006,35715.325,36077.288,361.964,
Contact STARLINK-3536 - STARLINK-4299,3194.311,3632.244,437.934,
Contact STARLINK-3536 - STARLINK-4299,57555.938,57987.986,432.048,
Contact STARLINK-3536 - STARLINK-4299,71855.908,72297.483,441.575,
Contact STARLINK-3536 - STARLINK-4299,86164.898,86400.000,235.102,
Contact STARLINK-3536 - STARLINK-31295,0.000,1102.984,1102.984,
Contact STARLINK-3536 - STARLINK-31577,7145.785,7915.434,769.649,
Contact STARLINK-3536 - STARLINK-31577,21188.198,22040.661,852.464,
Contact STARLINK-3536 - STARLINK-31577,35303.318,36092.226,788.909,
Contact STARLINK-3536 - STARLINK-31577,46656.010,47273.986,617.976,
Contact STARLINK-3536 - STARLINK-5322,0.000,46771.100,46771.100,
Contact STARLINK-3536 - STARLINK-5322,50525.697,60956.710,10431.013,
Contact STARLINK-3536 - STARLINK-5322,65078.160,72285.183,7207.024,
Contact STARLINK-3536 - STARLINK-5322,82582.770,83590.160,1007.391,
Contact STARLINK-3536 - STARLINK-2704,17934.640,18503.203,568.564,
Contact STARLINK-3536 - STARLINK-2704,32162.788,32825.624,662.837,
Contact STARLINK-3536 - STARLINK-2704,46408.923,47129.452,720.529,
Contact STARLINK-3536 - STARLINK-2704,60647.952,61440.758,792.806,
Contact STARLINK-3536 - STARLINK-2704,74901.225,75737.241,836.017,
Contact STARLINK-3536 - STARLINK-2704,86301.849,86400.000,98.151,
Contact STARLINK-3536 - STARLINK-5807,7041.045,7910.062,869.017,
Contact STARLINK-3536 - STARLINK-5807,21402.135,22269.715,867.580,
Contact STARLINK-3536 - STARLINK-5807,35763.343,36630.115,866.773,
Contact STARLINK-3536 - STARLINK-5807,50129.828,50984.345,854.517,
Contact STARLINK-3536 - STARLINK-5807,64495.684,65340.112,844.428,
Contact STARLINK-3536 - STARLINK-5807,78867.736,79688.768,821.032,
Contact STARLINK-3536 - STARLINK-2367,68323.547,68786.431,462.884,
Contact STARLINK-3536 - STARLINK-2367,82529.506,83153.550,624.044,
Contact STARLINK-3536 - STARLINK-4560,10656.433,10978.499,322.066,
Contact STARLINK-3536 - STARLINK-4560,24944.866,25393.277,448.412,
Contact STARLINK-3536 - STARLINK-4560,39265.170,39776.392,511.223,
Contact STARLINK-3536 - STARLINK-4560,53576.623,54167.895,591.272,
Contact STARLINK-3536 - STARLINK-4560,67908.124,68539.687,631.562,
Contact STARLINK-3536 - STARLINK-4560,82230.117,82920.407,690.290,
Contact STARLINK-3536 - STARLINK-5494,3343.436,3625.116,281.680,
Contact STARLINK-3536 - STARLINK-5494,17670.637,18022.905,352.268,
Contact STARLINK-3536 - STARLINK-5494,31991.170,32427.342,436.171,
Contact STARLINK-3536 - STARLINK-5494,46327.747,46815.779,488.033,
Contact STARLINK-3536 - STARLINK-5494,60658.373,61210.020,551.647,
Contact STARLINK-3536 - STARLINK-30421,7038.407,10802.362,3763.956,
Contact STARLINK-3536 - STARLINK-30421,21242.190,22132.921,890.731,
Contact STARLINK-3536 - STARLINK-30421,35468.424,36273.903,805.479,
Contact STARLINK-3536 - STARLINK-30421,61174.221,61630.305,456.084,
Contact STARLINK-3536 - STARLINK-32197,0.000,3276.385,3276.385,
Contact STARLINK-3536 - STARLINK-32197,10130.280,17388.332,7258.053,
Contact STARLINK-3536 - STARLINK-32197,18671.294,25799.673,7128.378,
Contact STARLINK-3536 - STARLINK-32197,35933.970,39664.595,3730.625,
Contact STARLINK-3536 - STARLINK-11199 [DTC],53382.335,54284.013,901.679,
Contact STARLINK-3536 - STARLINK-11199 [DTC],64534.365,65558.665,1024.301,
Contact STARLINK-3536 - STARLINK-11199 [DTC],78704.410,79424.476,720.066,
Contact STARLINK-3536 - STARLINK-11101 [DTC],61084.773,61436.532,351.758,
Contact STARLINK-3536 - STARLINK-11101 [DTC],74847.854,75705.705,857.850,
Contact STARLINK-3536 - STARLINK-11101 [DTC],86031.265,86400.000,368.735,
Contact STARLINK-3536 - STARLINK-31853,3246.135,10382.231,7136.096,
Contact STARLINK-3536 - STARLINK-31853,10961.388,63781.475,52820.087,
Contact STARLINK-3536 - STARLINK-4551,0.000,6942.133,6942.133,
Contact STARLINK-3536 - STARLINK-4551,7430.508,21251.122,13820.614,
Contact STARLINK-3536 - STARLINK-4551,21748.954,35531.050,13782.096,
Contact STARLINK-3536 - STARLINK-4551,36051.742,75556.223,39504.481,
Contact STARLINK-3536 - STARLINK-4551,76120.703,86400.000,10279.297,
Contact STARLINK-3536 - STARLINK-1578,0.000,596.492,596.492,
Contact STARLINK-3536 - STARLINK-1578,13995.494,14898.352,902.858,
Contact STARLINK-3536 - STARLINK-1578,28308.846,29185.343,876.497,
Contact STARLINK-3536 - STARLINK-1578,42608.031,43487.000,878.969,
Contact STARLINK-3536 - STARLINK-1578,56921.784,57773.524,851.740,
Contact STARLINK-3536 - STARLINK-1578,68367.112,72074.973,3707.861,
Contact STARLINK-3536 - STARLINK-1578,82666.462,83509.963,843.501,
Contact STARLINK-3536 - STARLINK-5535,10257.416,10972.314,714.898,
Contact STARLINK-3536 - STARLINK-5535,24596.890,25337.863,740.973,
Contact STARLINK-3536 - STARLINK-5535,38944.165,39695.774,751.608,
Contact STARLINK-3536 - STARLINK-5535,53284.086,54060.931,776.844,
Contact STARLINK-3536 - STARLINK-5535,64759.443,68417.875,3658.431,
Contact STARLINK-3536 - STARLINK-5535,79108.238,79906.169,797.931,
Contact STARLINK-3536 - STARLINK-5837,0.000,468.148,468.148,
Contact STARLINK-3536 - STARLINK-5837,14233.021,14810.499,577.478,
Contact STARLINK-3536 - STARLINK-5837,28611.597,29138.307,526.709,
Contact STARLINK-3536 - STARLINK-5837,42980.013,43476.408,496.395,
Contact STARLINK-3536 - STARLINK-5837,57365.773,57797.143,431.370,
Contact STARLINK-3536 - STARLINK-5837,71740.941,72128.563,387.622,
Contact STARLINK-3536 - STARLINK-5837,86140.833,86400.000,259.167,
Contact STARLINK-3536 - STARLINK-1293,14395.789,15062.880,667.091,
Contact STARLINK-3536 - STARLINK-1293,28706.445,29388.932,682.487,
Contact STARLINK-3536 - STARLINK-1293,43008.489,43723.248,714.758,
Contact STARLINK-3536 - STARLINK-1293,57320.097,58048.328,728.231,
Contact STARLINK-3536 - STARLINK-1293,71623.555,72381.238,757.684,
Contact STARLINK-3536 - STARLINK-1293,85936.016,86400.000,463.984,
Contact STARLINK-3536 - STARLINK-31345,0.000,77231.927,77231.927,
Contact STARLINK-3536 - STARLINK-31690,2896.550,4253.900,1357.350,
Contact STARLINK-3536 - STARLINK-31690,11276.072,21392.302,10116.230,
Contact STARLINK-3536 - STARLINK-31690,25357.441,35461.082,10103.641,
Contact STARLINK-3536 - STARLINK-31690,42514.975,43829.558,1314.583,
Contact STARLINK-3536 - STARLINK-1302,7134.642,7674.809,540.168,
Contact STARLINK-3536 - STARLINK-1302,21465.992,21980.020,514.028,
Contact STARLINK-3536 - STARLINK-1302,35797.297,36284.881,487.583,
Contact STARLINK-3536 - STARLINK-1302,50130.526,50588.216,457.689,
Contact STARLINK-3536 - STARLINK-1302,64463.664,64891.234,427.570,
Contact STARLINK-3536 - STARLINK-4675,7099.217,10915.958,3816.741,
Contact STARLINK-3536 - STARLINK-4675,21408.802,25227.129,3818.327,
Contact STARLINK-3536 - STARLINK-4675,35708.923,36672.004,963.080,
Contact STARLINK-3536 - STARLINK-4675,50018.492,50973.052,954.560,
Contact STARLINK-3536 - STARLINK-4675,64318.629,65284.179,965.550,
Contact STARLINK-3536 - STARLINK-4675,78628.180,79585.241,957.061,
Contact STARLINK-3536 - STARLINK-4356,0.000,3797.363,3797.363,
Contact STARLINK-3536 - STARLINK-4356,14349.037,18106.425,3757.388,
Contact STARLINK-3536 - STARLINK-4356,28755.877,32420.221,3664.344,
Contact STARLINK-3536 - STARLINK-4356,43157.637,43856.766,699.129,
Contact STARLINK-3536 - STARLINK-4356,57598.618,58124.334,525.717,
Contact STARLINK-3536 - STARLINK-31554,3556.282,7337.963,3781.680,
Contact STARLINK-3536 - STARLINK-31554,17699.748,18656.034,956.286,
Contact STARLINK-3536 - STARLINK-31554,31891.834,32758.635,866.801,
Contact STARLINK-3536 - STARLINK-4383,2974.136,4276.503,1302.366,
Contact STARLINK-3536 - STARLINK-4383,11524.434,24597.673,13073.240,
Contact STARLINK-3536 - STARLINK-4383,25734.994,39082.023,13347.030,
Contact STARLINK-3536 - STARLINK-4383,39993.293,53608.956,13615.663,
Contact STARLINK-3536 - STARLINK-4383,54195.018,68100.744,13905.727,
Contact STARLINK-3536 - STARLINK-4383,68443.587,86400.000,17956.413,
Contact STARLINK-3536 - STARLINK-5713,0.000,86400.000,86400.000,
Contact STARLINK-3536 - STARLINK-1303,3090.505,3892.152,801.648,
Contact STARLINK-3536 - STARLINK-1303,17403.603,18212.318,808.715,
Contact STARLINK-3536 - STARLINK-1303,31710.731,32538.071,827.340,
Contact STARLINK-3536 - STARLINK-1303,43159.142,46857.747,3698.606,
Contact STARLINK-3536 - STARLINK-1303,57472.882,58315.595,842.713,
Contact STARLINK-3536 - STARLINK-1303,71780.947,72640.417,859.470,
Contact STARLINK-3536 - STARLINK-1303,86095.134,86400.000,304.866,
Contact STARLINK-3536 - STARLINK-11265 [DTC],25010.197,31819.844,6809.646,
Contact STARLINK-3536 - STARLINK-11265 [DTC],33204.422,40206.220,7001.798,
Contact STARLINK-3536 - STARLINK-11265 [DTC],50367.752,50985.276,617.524,
Contact STARLINK-3536 - STARLINK-31034,0.000,11312.102,11312.102,
Contact STARLINK-3536 - STARLINK-3815,3252.383,3683.867,431.484,
Contact STARLINK-3536 - MoonARTEMIS1,0.000,86400.000,86400.000,
Contact STARLINK-3536 - MoonARTEMIS2,0.000,60041.960,60041.960,
Contact STARLINK-3536 - MoonARTEMIS2,62622.267,86400.000,23777.733,
Contact STARLINK-3536 - MoonIOAGEO,0.000,16112.645,16112.645,
Contact STARLINK-3536 - MoonIOAGEO,19919.514,60237.327,40317.812,
Contact STARLINK-3536 - MoonIOAGEO,64140.946,86400.000,22259.054,
Contact STARLINK-3536 - MoonIOAGNO,0.000,86400.000,86400.000,
Contact STARLINK-3536 - MoonIOAGNO 0001,0.000,86400.000,86400.000,
Contact STARLINK-3536 - MoonIOAGSO,0.000,86400.000,86400.000,
Contact STARLINK-3536 - MoonIOAGSO 0001,0.000,86400.000,86400.000,
Contact STARLINK-3536 - MoonLRO,0.000,86400.000,86400.000,
Contact STARLINK-3536 - MarsSat1,1335.186,86400.000,85064.814,
Contact STARLINK-3536 - MarsSat2,0.000,86400.000,86400.000,
Contact STARLINK-3536 - MarsSat3,0.000,86400.000,86400.000,
Contact STARLINK-3536 - MarsSat4,0.000,86400.000,86400.000,
Contact STARLINK-3715 - STARLINK-31405,21530.128,22230.663,700.535,
Contact STARLINK-3715 - STARLINK-31405,35562.153,36494.033,931.880,
Contact STARLINK-3715 - STARLINK-31405,49668.213,50681.875,1013.662,
Contact STARLINK-3715 - STARLINK-31405,60993.602,64816.411,3822.809,
Contact STARLINK-3715 - STARLINK-31405,75202.253,76077.108,874.855,
Contact STARLINK-3715 - STARLINK-1711,10450.283,11149.412,699.129,
Contact STARLINK-3715 - STARLINK-1711,24759.094,25385.394,626.299,
Contact STARLINK-3715 - STARLINK-1711,39063.806,39625.688,561.882,
Contact STARLINK-3715 - STARLINK-1711,79188.532,79426.037,237.505,
Contact STARLINK-3715 - STARLINK-31139,49767.754,50437.997,670.243,
Contact STARLINK-3715 - STARLINK-31139,60936.876,67766.164,6829.287,
Contact STARLINK-3715 - STARLINK-31139,74974.460,82124.366,7149.906,
Contact STARLINK-3715 - STARLINK-31139,83439.568,86400.000,2960.432,
Contact STARLINK-3715 - STARLINK-31192,6833.299,7803.047,969.748,
Contact STARLINK-3715 - STARLINK-31192,21063.956,21965.824,901.867,
Contact STARLINK-3715 - STARLINK-31192,35315.509,36108.038,792.528,
Contact STARLINK-3715 - STARLINK-31192,46741.214,47397.523,656.309,
Contact STARLINK-3715 - STARLINK-31192,61079.643,61453.446,373.803,
Contact STARLINK-3715 - STARLINK-31558,3396.317,3832.585,436.268,
Contact STARLINK-3715 - STARLINK-4359,32397.574,32734.435,336.861,
Contact STARLINK-3715 - STARLINK-4359,46760.790,47068.386,307.596,
Contact STARLINK-3715 - STARLINK-4359,61147.372,61379.194,231.822,
Contact STARLINK-3715 - STARLINK-4359,75520.008,75703.754,183.745,
Contact STARLINK-3715 - STARLINK-6374,10674.939,11101.001,426.063,
Contact STARLINK-3715 - STARLINK-6374,25064.702,25374.404,309.703,
Contact STARLINK-3715 - STARLINK-5247,0.000,6760.359,6760.359,
Contact STARLINK-3715 - STARLINK-5247,13772.974,21053.885,7280.911,
Contact STARLINK-3715 - STARLINK-5247,28063.719,35364.148,7300.429,
Contact STARLINK-3715 - STARLINK-5247,36649.484,49657.615,13008.130,
Contact STARLINK-3715 - STARLINK-5247,50940.308,58247.037,7306.730,
Contact STARLINK-3715 - STARLINK-5247,65245.244,72540.455,7295.212,
Contact STARLINK-3715 - STARLINK-5247,79536.164,86400.000,6863.836,
Contact STARLINK-3715 - STARLINK-4111,6719.017,7521.603,802.586,
Contact STARLINK-3715 - STARLINK-4111,21029.421,21815.024,785.602,
Contact STARLINK-3715 - STARLINK-4111,35322.825,36126.748,803.923,
Contact STARLINK-3715 - STARLINK-4111,46764.342,50420.197,3655.855,
Contact STARLINK-3715 - STARLINK-4111,61074.688,61862.260,787.573,
Contact STARLINK-3715 - STARLINK-4111,75368.118,76173.913,805.795,
Contact STARLINK-3715 - STARLINK-3994,0.000,114.349,114.349,
Contact STARLINK-3715 - STARLINK-3994,13911.084,14413.098,502.014,
Contact STARLINK-3715 - STARLINK-3994,53945.059,54459.963,514.904,
Contact STARLINK-3715 - STARLINK-3994,68239.084,68765.929,526.844,
Contact STARLINK-3715 - STARLINK-3994,82540.823,83064.726,523.904,
Contact STARLINK-3715 - STARLINK-5774,0.000,64427.306,64427.306,
Contact STARLINK-3715 - STARLINK-5774,64954.678,78448.533,13493.855,
Contact STARLINK-3715 - STARLINK-5774,79565.776,86400.000,6834.224,
Contact STARLINK-3715 - STARLINK-31128,21137.974,21861.306,723.331,
Contact STARLINK-3715 - STARLINK-31128,32349.749,36291.253,3941.504,
Contact STARLINK-3715 - STARLINK-31128,46418.274,53509.216,7090.942,
Contact STARLINK-3715 - STARLINK-31128,60550.068,67802.211,7252.143,
Contact STARLINK-3715 - STARLINK-31128,69035.425,82064.651,13029.226,
Contact STARLINK-3715 - STARLINK-31128,83236.223,86400.000,3163.777,
Contact STARLINK-3715 - STARLINK-2466,3235.271,4013.005,777.733,
Contact STARLINK-3715 - STARLINK-2466,17527.543,18340.965,813.422,
Contact STARLINK-3715 - STARLINK-2466,31834.298,32654.203,819.905,
Contact STARLINK-3715 - STARLINK-2466,46127.609,46981.094,853.485,
Contact STARLINK-3715 - STARLINK-2466,57568.018,61293.863,3725.845,
Contact STARLINK-3715 - STARLINK-2466,71875.355,75619.813,3744.458,
Contact STARLINK-3715 - STARLINK-2466,86169.915,86400.000,230.085,
Contact STARLINK-3715 - STARLINK-2643,2962.952,3704.632,741.680,
Contact STARLINK-3715 - STARLINK-2643,17266.495,18013.191,746.695,
Contact STARLINK-3715 - STARLINK-2643,28718.727,29450.194,731.467,
Contact STARLINK-3715 - STARLINK-2643,43046.541,43733.399,686.858,
Contact STARLINK-3715 - STARLINK-2643,57349.956,58041.977,692.020,
Contact STARLINK-3715 - STARLINK-2643,71678.952,72323.968,645.016,
Contact STARLINK-3715 - STARLINK-2643,85982.251,86400.000,417.749,
Contact STARLINK-3715 - STARLINK-5807,71997.010,72608.742,611.732,
Contact STARLINK-3715 - STARLINK-5807,86316.679,86400.000,83.321,
Contact STARLINK-3715 - STARLINK-31784,83639.135,86400.000,2760.865,
Contact STARLINK-3715 - STARLINK-4338,6799.267,13834.303,7035.036,
Contact STARLINK-3715 - STARLINK-4338,21313.046,25209.061,3896.015,
Contact STARLINK-3715 - STARLINK-4338,35849.027,36547.129,698.102,
Contact STARLINK-3715 - STARLINK-2476,3245.747,10092.891,6847.144,
Contact STARLINK-3715 - STARLINK-2476,17549.329,18695.046,1145.718,
Contact STARLINK-3715 - STARLINK-2476,31864.803,33016.014,1151.211,
Contact STARLINK-3715 - STARLINK-2476,46170.294,47347.410,1177.116,
Contact STARLINK-3715 - STARLINK-2476,60487.441,61666.682,1179.241,
Contact STARLINK-3715 - STARLINK-2476,69069.610,75996.225,6926.614,
Contact STARLINK-3715 - STARLINK-2476,86245.573,86400.000,154.427,
Contact STARLINK-3715 - STARLINK-31536,49754.066,50536.149,782.083,
Contact STARLINK-3715 - STARLINK-31536,60952.895,67770.312,6817.417,
Contact STARLINK-3715 - STARLINK-31536,75019.676,76349.398,1329.722,
Contact STARLINK-3715 - STARLINK-31536,83501.559,86400.000,2898.441,
Contact STARLINK-3715 - STARLINK-11199 [DTC],10249.339,11049.087,799.749,
Contact STARLINK-3715 - STARLINK-11199 [DTC],21463.733,22267.585,803.852,
Contact STARLINK-3715 - STARLINK-11199 [DTC],35592.144,36181.998,589.854,
Contact STARLINK-3715 - STARLINK-5849,50364.456,50892.867,528.411,
Contact STARLINK-3715 - STARLINK-5849,64688.482,65282.401,593.919,
Contact STARLINK-3715 - STARLINK-5849,79015.330,79669.542,654.212,
Contact STARLINK-3715 - STARLINK-5649,0.000,122.729,122.729,
Contact STARLINK-3715 - STARLINK-5649,10555.758,14440.298,3884.540,
Contact STARLINK-3715 - STARLINK-5649,24898.476,25894.943,996.467,
Contact STARLINK-3715 - STARLINK-5649,39238.199,40214.047,975.849,
Contact STARLINK-3715 - STARLINK-5649,53585.033,54525.952,940.919,
Contact STARLINK-3715 - STARLINK-5649,67928.719,68841.051,912.332,
Contact STARLINK-3715 - STARLINK-5649,82279.984,83148.560,868.576,
Contact STARLINK-3715 - STARLINK-5197,0.000,413.750,413.750,
Contact STARLINK-3715 - STARLINK-5197,10785.791,14711.800,3926.008,
Contact STARLINK-3715 - STARLINK-5197,25091.969,29018.173,3926.204,
Contact STARLINK-3715 - STARLINK-5197,39389.982,43316.222,3926.240,
Contact STARLINK-3715 - STARLINK-5197,53696.139,57622.573,3926.434,
Contact STARLINK-3715 - STARLINK-5197,67994.151,69064.326,1070.175,
Contact STARLINK-3715 - STARLINK-5197,82300.287,83362.375,1062.088,
Contact STARLINK-3715 - STARLINK-30100,0.000,86400.000,86400.000,
Contact STARLINK-3715 - STARLINK-11101 [DTC],6552.759,7268.051,715.291,
Contact STARLINK-3715 - STARLINK-11101 [DTC],17161.952,24726.200,7564.248,
Contact STARLINK-3715 - STARLINK-11101 [DTC],25489.703,35561.508,10071.806,
Contact STARLINK-3715 - STARLINK-4254,3251.123,10174.556,6923.433,
Contact STARLINK-3715 - STARLINK-4254,17517.723,18819.964,1302.242,
Contact STARLINK-3715 - STARLINK-4254,31915.628,33015.183,1099.555,
Contact STARLINK-3715 - STARLINK-4254,46177.284,47374.975,1197.691,
Contact STARLINK-3715 - STARLINK-4254,60583.325,61562.923,979.598,
Contact STARLINK-3715 - STARLINK-4254,74838.992,75927.838,1088.846,
Contact STARLINK-3715 - STARLINK-4254,86304.508,86400.000,95.492,
Contact STARLINK-3715 - STARLINK-5535,3184.895,3850.349,665.453,
Contact STARLINK-3715 - STARLINK-5535,17526.771,18209.979,683.208,
Contact STARLINK-3715 - STARLINK-5535,31877.529,32562.256,684.727,
Contact STARLINK-3715 - STARLINK-5535,46220.539,46920.740,700.200,
Contact STARLINK-3715 - STARLINK-5535,60571.826,61272.403,700.577,
Contact STARLINK-3715 - STARLINK-5535,74915.874,75629.843,713.970,
Contact STARLINK-3715 - STARLINK-5535,86394.396,86400.000,5.604,
Contact STARLINK-3715 - STARLINK-3525,0.000,75.398,75.398,
Contact STARLINK-3715 - STARLINK-3525,10586.941,11507.956,921.016,
Contact STARLINK-3715 - STARLINK-3525,24894.004,25792.743,898.739,
Contact STARLINK-3715 - STARLINK-3525,39190.484,40088.874,898.390,
Contact STARLINK-3715 - STARLINK-3525,53497.946,54373.216,875.270,
Contact STARLINK-3715 - STARLINK-3525,67794.642,68669.081,874.438,
Contact STARLINK-3715 - STARLINK-3525,82102.536,82952.948,850.411,
Contact STARLINK-3715 - STARLINK-5289,376.273,7668.467,7292.194,
Contact STARLINK-3715 - STARLINK-5837,7058.255,7789.619,731.365,
Contact STARLINK-3715 - STARLINK-5837,21414.401,22137.248,722.848,
Contact STARLINK-3715 - STARLINK-5837,35768.082,36486.850,718.768,
Contact STARLINK-3715 - STARLINK-5837,50123.545,50835.088,711.544,
Contact STARLINK-3715 - STARLINK-5837,64477.501,65184.419,706.919,
Contact STARLINK-3715 - STARLINK-5837,78832.209,79533.340,701.131,
Contact STARLINK-3715 - STARLINK-31852,28330.978,29244.951,913.974,
Contact STARLINK-3715 - STARLINK-31852,36697.604,43567.674,6870.070,
Contact STARLINK-3715 - STARLINK-31852,53561.654,60589.398,7027.744,
Contact STARLINK-3715 - STARLINK-31852,67744.950,69040.212,1295.262,
Contact STARLINK-3715 - STARLINK-31852,76323.876,83007.934,6684.057,
Contact STARLINK-3715 - STARLINK-30879,64672.420,65197.365,524.945,
Contact STARLINK-3715 - STARLINK-30879,78690.093,79494.758,804.664,
Contact STARLINK-3715 - STARLINK-5058,0.000,91.552,91.552,
Contact STARLINK-3715 - STARLINK-5058,10431.387,17303.722,6872.335,
Contact STARLINK-3715 - STARLINK-5058,24752.139,25903.801,1151.663,
Contact STARLINK-3715 - STARLINK-5058,39067.925,40247.161,1179.237,
Contact STARLINK-3715 - STARLINK-5058,53393.914,54578.968,1185.054,
Contact STARLINK-3715 - STARLINK-5058,67715.071,68916.867,1201.796,
Contact STARLINK-3715 - STARLINK-5058,76314.938,83243.530,6928.593,
Contact STARLINK-3715 - STARLINK-1302,86247.881,86400.000,152.119,
Contact STARLINK-3715 - STARLINK-6135,6809.079,7876.127,1067.048,
Contact STARLINK-3715 - STARLINK-6135,21147.146,22196.766,1049.620,
Contact STARLINK-3715 - STARLINK-6135,35482.016,36520.605,1038.590,
Contact STARLINK-3715 - STARLINK-6135,49824.210,50837.077,1012.867,
Contact STARLINK-3715 - STARLINK-6135,64163.230,65156.795,993.565,
Contact STARLINK-3715 - STARLINK-6135,78509.772,79468.887,959.115,
Contact STARLINK-3715 - STARLINK-4356,64795.790,65210.973,415.182,
Contact STARLINK-3715 - STARLINK-4356,79136.576,79569.220,432.643,
Contact STARLINK-3715 - STARLINK-30052,0.000,86400.000,86400.000,
Contact STARLINK-3715 - STARLINK-4612,0.000,42.136,42.136,
Contact STARLINK-3715 - STARLINK-4612,82747.609,82976.336,228.727,
Contact STARLINK-3715 - STARLINK-31611,82323.778,82893.753,569.976,
Contact STARLINK-3715 - MoonARTEMIS1,0.000,6305.140,6305.140,
Contact STARLINK-3715 - MoonARTEMIS1,8416.953,17783.546,9366.594,
Contact STARLINK-3715 - MoonARTEMIS1,19881.452,23534.096,3652.644,
Contact STARLINK-3715 - MoonARTEMIS1,25618.176,35001.923,9383.748,
Contact STARLINK-3715 - MoonARTEMIS1,37075.241,46466.292,9391.051,
Contact STARLINK-3715 - MoonARTEMIS1,48530.237,52198.962,3668.725,
Contact STARLINK-3715 - MoonARTEMIS1,54257.642,63665.884,9408.242,
Contact STARLINK-3715 - MoonARTEMIS1,65712.570,75135.604,9423.034,
Contact STARLINK-3715 - MoonARTEMIS1,77167.897,80871.839,3703.942,
Contact STARLINK-3715 - MoonARTEMIS1,82895.803,86400.000,3504.197,
Contact STARLINK-3715 - MoonARTEMIS2,0.000,6349.127,6349.127,
Contact STARLINK-3715 - MoonARTEMIS2,8435.093,17817.580,9382.487,
Contact STARLINK-3715 - MoonARTEMIS2,19891.014,23551.323,3660.309,
Contact STARLINK-3715 - MoonARTEMIS2,25618.700,35017.546,9398.846,
Contact STARLINK-3715 - MoonARTEMIS2,37073.660,46481.358,9407.698,
Contact STARLINK-3715 - MoonARTEMIS2,48528.418,52211.981,3683.563,
Contact STARLINK-3715 - MoonARTEMIS2,54256.271,57943.189,3686.918,
Contact STARLINK-3715 - MoonARTEMIS2,65723.545,75187.470,9463.925,
Contact STARLINK-3715 - MoonARTEMIS2,77184.804,80932.177,3747.373,
Contact STARLINK-3715 - MoonARTEMIS2,82914.092,86400.000,3485.908,
Contact STARLINK-3715 - MoonIOAGEO,0.000,6311.176,6311.176,
Contact STARLINK-3715 - MoonIOAGEO,8419.440,16283.724,7864.284,
Contact STARLINK-3715 - MoonIOAGEO,20100.543,23537.969,3437.426,
Contact STARLINK-3715 - MoonIOAGEO,25620.432,35007.706,9387.274,
Contact STARLINK-3715 - MoonIOAGEO,37073.774,46462.532,9388.758,
Contact STARLINK-3715 - MoonIOAGEO,48523.875,52198.076,3674.201,
Contact STARLINK-3715 - MoonIOAGEO,54254.373,57941.795,3687.422,
Contact STARLINK-3715 - MoonIOAGEO,65721.842,75175.264,9453.423,
Contact STARLINK-3715 - MoonIOAGEO,77179.680,80905.845,3726.165,
Contact STARLINK-3715 - MoonIOAGEO,82903.537,86400.000,3496.463,
Contact STARLINK-3715 - MoonIOAGNO,0.000,6315.722,6315.722,
Contact STARLINK-3715 - MoonIOAGNO,8426.753,17785.882,9359.129,
Contact STARLINK-3715 - MoonIOAGNO,19870.483,23510.605,3640.123,
Contact STARLINK-3715 - MoonIOAGNO,25591.304,34974.359,9383.055,
Contact STARLINK-3715 - MoonIOAGNO,37047.272,46457.682,9410.410,
Contact STARLINK-3715 - MoonIOAGNO,48522.426,52210.713,3688.288,
Contact STARLINK-3715 - MoonIOAGNO,54266.229,63673.924,9407.695,
Contact STARLINK-3715 - MoonIOAGNO,65697.569,75135.356,9437.787,
Contact STARLINK-3715 - MoonIOAGNO,77147.059,80873.125,3726.066,
Contact STARLINK-3715 - MoonIOAGNO,82879.079,86400.000,3520.921,
Contact STARLINK-3715 - MoonIOAGNO 0001,0.000,6299.475,6299.475,
Contact STARLINK-3715 - MoonIOAGNO 0001,8400.807,17769.174,9368.367,
Contact STARLINK-3715 - MoonIOAGNO 0001,19864.182,23511.367,3647.185,
Contact STARLINK-3715 - MoonIOAGNO 0001,25603.098,35005.085,9401.987,
Contact STARLINK-3715 - MoonIOAGNO 0001,37068.821,46453.961,9385.140,
Contact STARLINK-3715 - MoonIOAGNO 0001,48505.968,52185.212,3679.244,
Contact STARLINK-3715 - MoonIOAGNO 0001,54232.415,63661.861,9429.446,
Contact STARLINK-3715 - MoonIOAGNO 0001,65699.389,75166.356,9466.966,
Contact STARLINK-3715 - MoonIOAGNO 0001,77180.849,80900.341,3719.491,
Contact STARLINK-3715 - MoonIOAGNO 0001,82892.830,86400.000,3507.170,
Contact STARLINK-3715 - MoonIOAGSO,0.000,6316.408,6316.408,
Contact STARLINK-3715 - MoonIOAGSO,8419.869,17809.228,9389.359,
Contact STARLINK-3715 - MoonIOAGSO,19902.451,23549.746,3647.295,
Contact STARLINK-3715 - MoonIOAGSO,25636.285,35016.120,9379.835,
Contact STARLINK-3715 - MoonIOAGSO,37090.171,46472.177,9382.006,
Contact STARLINK-3715 - MoonIOAGSO,48530.303,52201.969,3671.666,
Contact STARLINK-3715 - MoonIOAGSO,56012.130,63706.526,7694.395,
Contact STARLINK-3715 - MoonIOAGSO,65739.691,75182.116,9442.425,
Contact STARLINK-3715 - MoonIOAGSO,77198.403,80914.384,3715.982,
Contact STARLINK-3715 - MoonIOAGSO,82921.304,86400.000,3478.696,
Contact STARLINK-3715 - MoonIOAGSO 0001,0.000,6342.558,6342.558,
Contact STARLINK-3715 - MoonIOAGSO 0001,8447.238,17802.491,9355.253,
Contact STARLINK-3715 - MoonIOAGSO 0001,19895.925,23529.277,3633.352,
Contact STARLINK-3715 - MoonIOAGSO 0001,25615.714,33083.479,7467.765,
Contact STARLINK-3715 - MoonIOAGSO 0001,37081.494,46495.815,9414.321,
Contact STARLINK-3715 - MoonIOAGSO 0001,48554.205,52230.905,3676.700,
Contact STARLINK-3715 - MoonIOAGSO 0001,54282.134,63691.896,9409.762,
Contact STARLINK-3715 - MoonIOAGSO 0001,65726.473,75154.421,9427.948,
Contact STARLINK-3715 - MoonIOAGSO 0001,77777.714,80914.980,3137.266,
Contact STARLINK-3715 - MoonIOAGSO 0001,82920.323,86400.000,3479.677,
Contact STARLINK-3715 - MoonLRO,0.000,6318.784,6318.784,
Contact STARLINK-3715 - MoonLRO,8428.573,17791.748,9363.175,
Contact STARLINK-3715 - MoonLRO,19879.986,23531.662,3651.676,
Contact STARLINK-3715 - MoonLRO,25610.539,35002.260,9391.721,
Contact STARLINK-3715 - MoonLRO,37076.779,46468.595,9391.816,
Contact STARLINK-3715 - MoonLRO,48529.591,52207.719,3678.128,
Contact STARLINK-3715 - MoonLRO,54254.828,63690.457,9435.629,
Contact STARLINK-3715 - MoonLRO,65717.437,75160.465,9443.028,
Contact STARLINK-3715 - MoonLRO,77179.647,80895.530,3715.883,
Contact STARLINK-3715 - MoonLRO,82904.075,86400.000,3495.925,
Contact STARLINK-3715 - MarsSat1,2776.674,6472.680,3696.006,
Contact STARLINK-3715 - MarsSat1,8499.189,17921.782,9422.593,
Contact STARLINK-3715 - MarsSat1,19944.188,23646.342,3702.154,
Contact STARLINK-3715 - MarsSat1,25666.670,35095.473,9428.802,
Contact STARLINK-3715 - MarsSat1,37111.594,46544.629,9433.035,
Contact STARLINK-3715 - MarsSat1,48556.456,52269.226,3712.770,
Contact STARLINK-3715 - MarsSat1,54278.863,63718.486,9439.623,
Contact STARLINK-3715 - MarsSat1,65723.630,75167.856,9444.225,
Contact STARLINK-3715 - MarsSat1,77168.341,80892.585,3724.244,
Contact STARLINK-3715 - MarsSat1,82890.677,86400.000,3509.323,
Contact STARLINK-3715 - MarsSat2,0.000,6472.573,6472.573,
Contact STARLINK-3715 - MarsSat2,8499.117,17921.627,9422.510,
Contact STARLINK-3715 - MarsSat2,19944.050,23646.197,3702.147,
Contact STARLINK-3715 - MarsSat2,25666.521,35095.398,9428.877,
Contact STARLINK-3715 - MarsSat2,37111.447,46544.666,9433.218,
Contact STARLINK-3715 - MarsSat2,48556.340,52269.323,3712.983,
Contact STARLINK-3715 - MarsSat2,54278.770,63718.683,9439.913,
Contact STARLINK-3715 - MarsSat2,65723.595,75168.104,9444.509,
Contact STARLINK-3715 - MarsSat2,77168.369,80892.838,3724.469,
Contact STARLINK-3715 - MarsSat2,82890.736,86400.000,3509.264,
Contact STARLINK-3715 - MarsSat3,0.000,6472.705,6472.705,
Contact STARLINK-3715 - MarsSat3,8499.257,17921.632,9422.375,
Contact STARLINK-3715 - MarsSat3,19944.093,23646.157,3702.064,
Contact STARLINK-3715 - MarsSat3,25666.530,35095.334,9428.804,
Contact STARLINK-3715 - MarsSat3,37111.454,46544.622,9433.168,
Contact STARLINK-3715 - MarsSat3,48556.389,52269.293,3712.904,
Contact STARLINK-3715 - MarsSat3,54278.846,63718.671,9439.825,
Contact STARLINK-3715 - MarsSat3,65723.717,75168.079,9444.362,
Contact STARLINK-3715 - MarsSat3,77168.504,80892.786,3724.282,
Contact STARLINK-3715 - MarsSat3,82890.854,86400.000,3509.146,
Contact STARLINK-3715 - MarsSat4,0.000,6472.754,6472.754,
Contact STARLINK-3715 - MarsSat4,8499.288,17921.773,9422.485,
Contact STARLINK-3715 - MarsSat4,19944.238,23646.231,3701.993,
Contact STARLINK-3715 - MarsSat4,25666.617,35095.467,9428.850,
Contact STARLINK-3715 - MarsSat4,37111.621,46544.712,9433.091,
Contact STARLINK-3715 - MarsSat4,48556.523,52269.270,3712.747,
Contact STARLINK-3715 - MarsSat4,54278.857,63718.554,9439.696,
Contact STARLINK-3715 - MarsSat4,65723.620,75168.032,9444.413,
Contact STARLINK-3715 - MarsSat4,77168.451,80892.715,3724.263,
Contact STARLINK-3715 - MarsSat4,82890.768,86400.000,3509.232,
Contact STARLINK-31405 - STARLINK-1711,3302.595,3950.223,647.628,
Contact STARLINK-31405 - STARLINK-1711,17226.572,18262.662,1036.090,
Contact STARLINK-31405 - STARLINK-1711,28432.841,35316.652,6883.811,
Contact STARLINK-31405 - STARLINK-1711,42502.487,43808.310,1305.823,
Contact STARLINK-31405 - STARLINK-1711,50986.338,57889.788,6903.450,
Contact STARLINK-31405 - STARLINK-1711,68023.374,69107.422,1084.047,
Contact STARLINK-31405 - STARLINK-1711,82307.983,83059.109,751.126,
Contact STARLINK-31405 - STARLINK-31026,86032.714,86400.000,367.286,
Contact STARLINK-31405 - STARLINK-31139,0.000,46381.686,46381.686,
Contact STARLINK-31405 - STARLINK-31139,47028.854,57435.057,10406.203,
Contact STARLINK-31405 - STARLINK-31139,64199.465,71258.296,7058.831,
Contact STARLINK-31405 - STARLINK-31139,78563.857,79498.837,934.980,
Contact STARLINK-31405 - STARLINK-31192,53232.863,86400.000,33167.137,
Contact STARLINK-31405 - STARLINK-4359,75469.709,76014.812,545.102,
Contact STARLINK-31405 - STARLINK-30089,0.000,21275.267,21275.267,
Contact STARLINK-31405 - STARLINK-30089,28416.519,28987.894,571.375,
Contact STARLINK-31405 - STARLINK-6374,0.000,21589.271,21589.271,
Contact STARLINK-31405 - STARLINK-5247,6898.934,7860.442,961.508,
Contact STARLINK-31405 - STARLINK-5247,21101.712,21947.378,845.665,
Contact STARLINK-31405 - STARLINK-2314,0.000,15951.903,15951.903,
Contact STARLINK-31405 - STARLINK-4111,13520.618,61051.232,47530.614,
Contact STARLINK-31405 - STARLINK-4111,61346.405,68813.964,7467.559,
Contact STARLINK-31405 - STARLINK-5774,7124.168,10991.154,3866.986,
Contact STARLINK-31405 - STARLINK-5774,21298.713,22321.523,1022.810,
Contact STARLINK-31405 - STARLINK-5774,35564.169,36403.121,838.952,
Contact STARLINK-31405 - STARLINK-31128,0.000,6754.311,6754.311,
Contact STARLINK-31405 - STARLINK-31128,7524.649,82796.925,75272.276,
Contact STARLINK-31405 - STARLINK-31128,83492.449,86400.000,2907.551,
Contact STARLINK-31405 - STARLINK-2466,72189.582,86400.000,14210.418,
Contact STARLINK-31405 - STARLINK-5807,79364.255,86400.000,7035.745,
Contact STARLINK-31405 - STARLINK-2367,39558.737,40062.060,503.323,
Contact STARLINK-31405 - STARLINK-2367,53288.357,54597.405,1309.048,
Contact STARLINK-31405 - STARLINK-2367,61644.472,71751.550,10107.078,
Contact STARLINK-31405 - STARLINK-2367,75668.379,85863.817,10195.437,
Contact STARLINK-31405 - STARLINK-4560,0.000,696.309,696.309,
Contact STARLINK-31405 - STARLINK-4560,14089.055,14978.535,889.480,
Contact STARLINK-31405 - STARLINK-4560,28271.669,29187.846,916.176,
Contact STARLINK-31405 - STARLINK-4560,42510.734,43341.540,830.806,
Contact STARLINK-31405 - STARLINK-4560,53962.564,54604.866,642.302,
Contact STARLINK-31405 - STARLINK-4338,10468.511,11209.454,740.944,
Contact STARLINK-31405 - STARLINK-4338,24659.808,25413.815,754.007,
Contact STARLINK-31405 - STARLINK-4338,50246.451,50937.304,690.853,
Contact STARLINK-31405 - STARLINK-4338,64478.470,65101.471,623.001,
Contact STARLINK-31405 - STARLINK-4338,78732.584,79242.345,509.761,
Contact STARLINK-31405 - STARLINK-2476,50291.621,86400.000,36108.379,
Contact STARLINK-31405 - STARLINK-2105,57483.670,58226.581,742.911,
Contact STARLINK-31405 - STARLINK-2105,71561.597,72458.021,896.425,
Contact STARLINK-31405 - STARLINK-2105,85691.847,86400.000,708.153,
Contact STARLINK-31405 - STARLINK-31536,0.000,71899.959,71899.959,
Contact STARLINK-31405 - STARLINK-31536,72229.641,85534.146,13304.504,
Contact STARLINK-31405 - STARLINK-11199 [DTC],0.000,21283.164,21283.164,
Contact STARLINK-31405 - STARLINK-11199 [DTC],21708.683,31758.909,10050.226,
Contact STARLINK-31405 - STARLINK-5849,28040.825,29028.903,988.078,
Contact STARLINK-31405 - STARLINK-5849,39254.233,46232.637,6978.403,
Contact STARLINK-31405 - STARLINK-5849,53444.284,54732.850,1288.566,
Contact STARLINK-31405 - STARLINK-5849,67853.429,68719.643,866.214,
Contact STARLINK-31405 - STARLINK-5649,235.639,10545.232,10309.593,
Contact STARLINK-31405 - STARLINK-5649,17384.020,24431.727,7047.707,
Contact STARLINK-31405 - STARLINK-5649,32028.697,32604.813,576.116,
Contact STARLINK-31405 - STARLINK-5197,686.658,7536.163,6849.505,
Contact STARLINK-31405 - STARLINK-5197,17791.968,18749.164,957.196,
Contact STARLINK-31405 - STARLINK-5197,32212.186,32623.700,411.514,
Contact STARLINK-31405 - STARLINK-30100,21514.300,21906.674,392.374,
Contact STARLINK-31405 - STARLINK-30100,35418.629,36353.822,935.193,
Contact STARLINK-31405 - STARLINK-30100,46672.406,50619.159,3946.753,
Contact STARLINK-31405 - STARLINK-30100,60844.457,61952.001,1107.545,
Contact STARLINK-31405 - STARLINK-30100,75125.214,76019.138,893.923,
Contact STARLINK-31405 - STARLINK-11101 [DTC],0.000,419.112,419.112,
Contact STARLINK-31405 - STARLINK-2685,0.000,26983.721,26983.721,
Contact STARLINK-31405 - STARLINK-4254,0.000,99.173,99.173,
Contact STARLINK-31405 - STARLINK-4254,10567.493,17256.309,6688.817,
Contact STARLINK-31405 - STARLINK-4254,24631.135,25785.888,1154.753,
Contact STARLINK-31405 - STARLINK-4254,33118.558,39920.104,6801.546,
Contact STARLINK-31405 - STARLINK-4254,50178.083,51168.605,990.522,
Contact STARLINK-31405 - STARLINK-4254,64507.362,65136.022,628.660,
Contact STARLINK-31405 - STARLINK-5535,85739.267,86400.000,660.733,
Contact STARLINK-31405 - STARLINK-3525,3411.639,4345.830,934.190,
Contact STARLINK-31405 - STARLINK-3525,17461.709,18576.358,1114.649,
Contact STARLINK-31405 - STARLINK-3525,25924.048,32734.612,6810.564,
Contact STARLINK-31405 - STARLINK-3525,42938.292,46808.899,3870.607,
Contact STARLINK-31405 - STARLINK-3525,57213.151,58010.170,797.019,
Contact STARLINK-31405 - STARLINK-5289,10391.075,11243.203,852.128,
Contact STARLINK-31405 - STARLINK-5289,24627.410,25408.440,781.030,
Contact STARLINK-31405 - STARLINK-1276,0.000,46603.556,46603.556,
Contact STARLINK-31405 - STARLINK-5837,10030.432,11333.487,1303.055,
Contact STARLINK-31405 - STARLINK-5837,18426.724,28521.159,10094.435,
Contact STARLINK-31405 - STARLINK-5837,35509.067,42553.106,7044.039,
Contact STARLINK-31405 - STARLINK-5837,50062.094,50820.861,758.768,
Contact STARLINK-31405 - STARLINK-5058,3409.625,7370.792,3961.167,
Contact STARLINK-31405 - STARLINK-5058,17448.611,24472.485,7023.874,
Contact STARLINK-31405 - STARLINK-5058,25944.612,32937.359,6992.746,
Contact STARLINK-31405 - STARLINK-5058,43128.576,46896.247,3767.670,
Contact STARLINK-31405 - STARLINK-5239,31935.571,32563.655,628.085,
Contact STARLINK-31405 - STARLINK-5239,43162.296,46824.555,3662.258,
Contact STARLINK-31405 - STARLINK-5239,57253.373,58189.183,935.810,
Contact STARLINK-31405 - STARLINK-5239,71395.140,72348.046,952.906,
Contact STARLINK-31405 - STARLINK-5239,82746.540,86400.000,3653.460,
Contact STARLINK-31405 - STARLINK-1302,83644.815,86400.000,2755.185,
Contact STARLINK-31405 - STARLINK-6135,11490.933,66534.517,55043.584,
Contact STARLINK-31405 - STARLINK-4356,13821.783,14434.911,613.128,
Contact STARLINK-31405 - STARLINK-4356,25046.345,25926.089,879.744,
Contact STARLINK-31405 - STARLINK-4356,39182.627,40181.870,999.242,
Contact STARLINK-31405 - STARLINK-4356,53398.816,54357.509,958.693,
Contact STARLINK-31405 - STARLINK-4356,67713.129,68436.159,723.030,
Contact STARLINK-31405 - STARLINK-4383,39485.670,39652.944,167.274,
Contact STARLINK-31405 - STARLINK-4383,78992.656,79650.971,658.316,
Contact STARLINK-31405 - STARLINK-30052,21428.322,22148.326,720.004,
Contact STARLINK-31405 - STARLINK-30052,35435.759,36484.325,1048.566,
Contact STARLINK-31405 - STARLINK-30052,43903.331,50692.621,6789.291,
Contact STARLINK-31405 - STARLINK-30052,60947.754,64800.472,3852.718,
Contact STARLINK-31405 - STARLINK-30052,75279.109,75996.680,717.571,
Contact STARLINK-31405 - MoonARTEMIS1,0.000,1829.260,1829.260,
Contact STARLINK-31405 - MoonARTEMIS1,4015.489,13069.854,9054.365,
Contact STARLINK-31405 - MoonARTEMIS1,15257.571,24326.901,9069.329,
Contact STARLINK-31405 - MoonARTEMIS1,26506.468,35547.866,9041.398,
Contact STARLINK-31405 - MoonARTEMIS1,37724.538,41158.504,3433.966,
Contact STARLINK-31405 - MoonARTEMIS1,48945.175,52381.867,3436.693,
Contact STARLINK-31405 - MoonARTEMIS1,54556.590,63608.133,9051.544,
Contact STARLINK-31405 - MoonARTEMIS1,65781.639,74837.582,9055.943,
Contact STARLINK-31405 - MoonARTEMIS1,77009.903,86070.835,9060.932,
Contact STARLINK-31405 - MoonARTEMIS2,0.000,1901.372,1901.372,
Contact STARLINK-31405 - MoonARTEMIS2,4086.180,13132.619,9046.439,
Contact STARLINK-31405 - MoonARTEMIS2,15315.594,24360.851,9045.257,
Contact STARLINK-31405 - MoonARTEMIS2,26541.794,35585.482,9043.688,
Contact STARLINK-31405 - MoonARTEMIS2,37764.081,41196.056,3431.974,
Contact STARLINK-31405 - MoonARTEMIS2,43373.272,52411.867,9038.595,
Contact STARLINK-31405 - MoonARTEMIS2,54585.260,58016.503,3431.244,
Contact STARLINK-31405 - MoonARTEMIS2,65822.122,74898.354,9076.231,
Contact STARLINK-31405 - MoonARTEMIS2,77071.788,86145.113,9073.324,
Contact STARLINK-31405 - MoonIOAGEO,0.000,1847.727,1847.727,
Contact STARLINK-31405 - MoonIOAGEO,4031.173,13079.924,9048.750,
Contact STARLINK-31405 - MoonIOAGEO,20891.483,24330.872,3439.390,
Contact STARLINK-31405 - MoonIOAGEO,26514.327,35562.417,9048.091,
Contact STARLINK-31405 - MoonIOAGEO,37739.503,41168.890,3429.387,
Contact STARLINK-31405 - MoonIOAGEO,48953.710,52390.671,3436.961,
Contact STARLINK-31405 - MoonIOAGEO,54569.602,58013.162,3443.559,
Contact STARLINK-31405 - MoonIOAGEO,65818.353,74885.847,9067.494,
Contact STARLINK-31405 - MoonIOAGEO,77056.481,86103.326,9046.844,
Contact STARLINK-31405 - MoonIOAGNO,0.000,1850.046,1850.046,
Contact STARLINK-31405 - MoonIOAGNO,4035.449,13092.773,9057.324,
Contact STARLINK-31405 - MoonIOAGNO,15278.626,24323.810,9045.183,
Contact STARLINK-31405 - MoonIOAGNO,26506.953,35549.339,9042.386,
Contact STARLINK-31405 - MoonIOAGNO,37730.842,41162.980,3432.139,
Contact STARLINK-31405 - MoonIOAGNO,48958.109,52399.965,3441.855,
Contact STARLINK-31405 - MoonIOAGNO,54581.742,63642.762,9061.020,
Contact STARLINK-31405 - MoonIOAGNO,65819.210,74868.731,9049.521,
Contact STARLINK-31405 - MoonIOAGNO,77043.609,86096.960,9053.351,
Contact STARLINK-31405 - MoonIOAGNO 0001,0.000,1860.169,1860.169,
Contact STARLINK-31405 - MoonIOAGNO 0001,4045.869,13085.512,9039.643,
Contact STARLINK-31405 - MoonIOAGNO 0001,15269.880,24313.376,9043.496,
Contact STARLINK-31405 - MoonIOAGNO 0001,26496.253,35559.275,9063.022,
Contact STARLINK-31405 - MoonIOAGNO 0001,37741.232,41175.741,3434.510,
Contact STARLINK-31405 - MoonIOAGNO 0001,48968.826,52401.792,3432.966,
Contact STARLINK-31405 - MoonIOAGNO 0001,54580.744,63629.066,9048.322,
Contact STARLINK-31405 - MoonIOAGNO 0001,65805.617,74870.151,9064.533,
Contact STARLINK-31405 - MoonIOAGNO 0001,77047.907,86111.334,9063.427,
Contact STARLINK-31405 - MoonIOAGSO,0.000,1846.070,1846.070,
Contact STARLINK-31405 - MoonIOAGSO,4032.057,13093.871,9061.814,
Contact STARLINK-31405 - MoonIOAGSO,15278.058,24323.501,9045.443,
Contact STARLINK-31405 - MoonIOAGSO,26501.981,35548.679,9046.698,
Contact STARLINK-31405 - MoonIOAGSO,37726.328,41162.448,3436.120,
Contact STARLINK-31405 - MoonIOAGSO,48957.686,52399.529,3441.843,
Contact STARLINK-31405 - MoonIOAGSO,56001.722,63644.387,7642.665,
Contact STARLINK-31405 - MoonIOAGSO,65815.412,74872.463,9057.051,
Contact STARLINK-31405 - MoonIOAGSO,77040.747,86100.789,9060.041,
Contact STARLINK-31405 - MoonIOAGSO 0001,0.000,1858.723,1858.723,
Contact STARLINK-31405 - MoonIOAGSO 0001,4040.709,13082.604,9041.896,
Contact STARLINK-31405 - MoonIOAGSO 0001,15264.053,24311.279,9047.226,
Contact STARLINK-31405 - MoonIOAGSO 0001,26494.395,35559.850,9065.455,
Contact STARLINK-31405 - MoonIOAGSO 0001,37739.628,41176.570,3436.942,
Contact STARLINK-31405 - MoonIOAGSO 0001,48964.317,52403.249,3438.932,
Contact STARLINK-31405 - MoonIOAGSO 0001,54576.571,63630.749,9054.179,
Contact STARLINK-31405 - MoonIOAGSO 0001,65804.385,74869.473,9065.088,
Contact STARLINK-31405 - MoonIOAGSO 0001,77802.380,86114.084,8311.704,
Contact STARLINK-31405 - MoonLRO,0.000,1859.121,1859.121,
Contact STARLINK-31405 - MoonLRO,4037.635,13089.925,9052.290,
Contact STARLINK-31405 - MoonLRO,15275.368,24317.135,9041.767,
Contact STARLINK-31405 - MoonLRO,26503.851,35557.634,9053.784,
Contact STARLINK-31405 - MoonLRO,37730.437,41173.916,3443.479,
Contact STARLINK-31405 - MoonLRO,48969.439,52399.880,3430.442,
Contact STARLINK-31405 - MoonLRO,54584.356,63639.573,9055.217,
Contact STARLINK-31405 - MoonLRO,65808.668,74874.219,9065.551,
Contact STARLINK-31405 - MoonLRO,77046.924,86102.798,9055.874,
Contact STARLINK-31405 - MarsSat1,4126.519,13196.361,9069.843,
Contact STARLINK-31405 - MarsSat1,15335.375,24405.804,9070.428,
Contact STARLINK-31405 - MarsSat1,26544.203,35615.209,9071.006,
Contact STARLINK-31405 - MarsSat1,37752.998,41219.907,3466.909,
Contact STARLINK-31405 - MarsSat1,43357.395,52429.327,9071.932,
Contact STARLINK-31405 - MarsSat1,54566.226,63638.831,9072.605,
Contact STARLINK-31405 - MarsSat1,65775.154,74848.453,9073.299,
Contact STARLINK-31405 - MarsSat1,76984.206,86058.181,9073.975,
Contact STARLINK-31405 - MarsSat2,0.000,1986.786,1986.786,
Contact STARLINK-31405 - MarsSat2,4126.406,13196.261,9069.855,
Contact STARLINK-31405 - MarsSat2,15335.304,24405.784,9070.480,
Contact STARLINK-31405 - MarsSat2,26544.228,35615.322,9071.094,
Contact STARLINK-31405 - MarsSat2,37753.162,41220.097,3466.935,
Contact STARLINK-31405 - MarsSat2,43357.634,52429.661,9072.027,
Contact STARLINK-31405 - MarsSat2,54566.594,63639.246,9072.652,
Contact STARLINK-31405 - MarsSat2,65775.578,74848.855,9073.277,
Contact STARLINK-31405 - MarsSat2,76984.589,86058.489,9073.900,
Contact STARLINK-31405 - MarsSat3,0.000,1986.836,1986.836,
Contact STARLINK-31405 - MarsSat3,4126.411,13196.197,9069.785,
Contact STARLINK-31405 - MarsSat3,15335.213,24405.675,9070.462,
Contact STARLINK-31405 - MarsSat3,26544.115,35615.199,9071.083,
Contact STARLINK-31405 - MarsSat3,37753.035,41219.965,3466.930,
Contact STARLINK-31405 - MarsSat3,43357.495,52429.503,9072.009,
Contact STARLINK-31405 - MarsSat3,54566.419,63639.051,9072.632,
Contact STARLINK-31405 - MarsSat3,65775.356,74848.613,9073.257,
Contact STARLINK-31405 - MarsSat3,76984.317,86058.196,9073.879,
Contact STARLINK-31405 - MarsSat4,0.000,1986.942,1986.942,
Contact STARLINK-31405 - MarsSat4,4126.536,13196.269,9069.733,
Contact STARLINK-31405 - MarsSat4,15335.239,24405.635,9070.396,
Contact STARLINK-31405 - MarsSat4,26544.074,35615.197,9071.123,
Contact STARLINK-31405 - MarsSat4,37752.996,41219.927,3466.931,
Contact STARLINK-31405 - MarsSat4,43357.410,52429.362,9071.953,
Contact STARLINK-31405 - MarsSat4,54566.272,63639.010,9072.737,
Contact STARLINK-31405 - MarsSat4,65775.350,74848.610,9073.260,
Contact STARLINK-31405 - MarsSat4,76984.317,86058.165,9073.848,
Contact STARLINK-1711 - STARLINK-31026,21497.665,21756.129,258.464,
Contact STARLINK-1711 - STARLINK-31026,35683.302,36167.063,483.761,
Contact STARLINK-1711 - STARLINK-31026,49902.989,50543.221,640.232,
Contact STARLINK-1711 - STARLINK-31026,64147.137,64895.291,748.154,
Contact STARLINK-1711 - STARLINK-31026,75548.542,79240.548,3692.006,
Contact STARLINK-1711 - STARLINK-31139,28583.651,29105.907,522.256,
Contact STARLINK-1711 - STARLINK-31139,42697.771,43356.160,658.389,
Contact STARLINK-1711 - STARLINK-31139,68146.171,68963.377,817.205,
Contact STARLINK-1711 - STARLINK-31139,82294.930,83178.491,883.562,
Contact STARLINK-1711 - STARLINK-31192,0.000,6690.602,6690.602,
Contact STARLINK-1711 - STARLINK-31192,13892.214,15131.591,1239.377,
Contact STARLINK-1711 - STARLINK-31192,28221.252,29136.128,914.876,
Contact STARLINK-1711 - STARLINK-4111,0.000,738.584,738.584,
Contact STARLINK-1711 - STARLINK-4111,14041.041,15009.451,968.409,
Contact STARLINK-1711 - STARLINK-4111,28323.197,29271.757,948.560,
Contact STARLINK-1711 - STARLINK-4111,42600.165,43539.118,938.954,
Contact STARLINK-1711 - STARLINK-4111,56885.953,57797.620,911.668,
Contact STARLINK-1711 - STARLINK-4111,68313.054,72061.388,3748.334,
Contact STARLINK-1711 - STARLINK-4111,82594.775,83468.140,873.365,
Contact STARLINK-1711 - STARLINK-31128,0.000,647.403,647.403,
Contact STARLINK-1711 - STARLINK-31128,14084.603,14879.395,794.792,
Contact STARLINK-1711 - STARLINK-31128,28248.200,29099.823,851.622,
Contact STARLINK-1711 - STARLINK-31128,39581.860,43317.785,3735.925,
Contact STARLINK-1711 - STARLINK-31128,53752.386,54686.368,933.982,
Contact STARLINK-1711 - STARLINK-31128,67931.978,68890.436,958.458,
Contact STARLINK-1711 - STARLINK-31128,82113.533,83092.314,978.781,
Contact STARLINK-1711 - STARLINK-5322,71961.788,72538.137,576.349,
Contact STARLINK-1711 - STARLINK-5322,86198.755,86400.000,201.245,
Contact STARLINK-1711 - STARLINK-2466,53708.641,54050.884,342.244,
Contact STARLINK-1711 - STARLINK-2367,57383.701,57808.825,425.124,
Contact STARLINK-1711 - STARLINK-2367,71169.413,72549.947,1380.534,
Contact STARLINK-1711 - STARLINK-2367,79615.766,86400.000,6784.234,
Contact STARLINK-1711 - STARLINK-4560,0.000,423.555,423.555,
Contact STARLINK-1711 - STARLINK-4560,14156.835,14742.022,585.186,
Contact STARLINK-1711 - STARLINK-4560,28482.562,29054.896,572.335,
Contact STARLINK-1711 - STARLINK-4560,42800.906,43375.431,574.525,
Contact STARLINK-1711 - STARLINK-4560,57126.010,57688.758,562.748,
Contact STARLINK-1711 - STARLINK-4560,71442.167,72011.200,569.033,
Contact STARLINK-1711 - STARLINK-2476,0.000,8.718,8.718,
Contact STARLINK-1711 - STARLINK-2476,25182.099,25841.273,659.174,
Contact STARLINK-1711 - STARLINK-2476,39430.834,40168.783,737.949,
Contact STARLINK-1711 - STARLINK-2476,53678.849,54497.315,818.466,
Contact STARLINK-1711 - STARLINK-2476,67940.544,68811.631,871.087,
Contact STARLINK-1711 - STARLINK-2476,82200.290,83128.139,927.849,
Contact STARLINK-1711 - STARLINK-2105,6492.425,7790.040,1297.615,
Contact STARLINK-1711 - STARLINK-2105,15041.339,22095.784,7054.444,
Contact STARLINK-1711 - STARLINK-2105,29310.957,36382.076,7071.119,
Contact STARLINK-1711 - STARLINK-2105,46435.746,53524.535,7088.789,
Contact STARLINK-1711 - STARLINK-2105,60707.617,67808.949,7101.332,
Contact STARLINK-1711 - STARLINK-2105,74998.095,82073.842,7075.747,
Contact STARLINK-1711 - STARLINK-31536,28632.268,29238.131,605.863,
Contact STARLINK-1711 - STARLINK-31536,42709.870,43481.544,771.674,
Contact STARLINK-1711 - STARLINK-31536,53992.100,57695.195,3703.095,
Contact STARLINK-1711 - STARLINK-31536,68113.754,69054.356,940.602,
Contact STARLINK-1711 - STARLINK-31536,82248.579,83239.882,991.303,
Contact STARLINK-1711 - STARLINK-11199 [DTC],3215.174,10549.140,7333.966,
Contact STARLINK-1711 - STARLINK-11199 [DTC],11247.244,24497.692,13250.448,
Contact STARLINK-1711 - STARLINK-11199 [DTC],25324.923,32499.906,7174.983,
Contact STARLINK-1711 - STARLINK-5849,14534.013,86400.000,71865.987,
Contact STARLINK-1711 - STARLINK-5649,0.000,4208.948,4208.948,
Contact STARLINK-1711 - STARLINK-30100,10176.144,11224.469,1048.324,
Contact STARLINK-1711 - STARLINK-30100,24518.799,25484.735,965.936,
Contact STARLINK-1711 - STARLINK-30100,35999.291,39739.554,3740.263,
Contact STARLINK-1711 - STARLINK-30100,50359.289,51129.425,770.136,
Contact STARLINK-1711 - STARLINK-30100,64749.895,65341.742,591.848,
Contact STARLINK-1711 - STARLINK-30100,79175.256,79519.339,344.083,
Contact STARLINK-1711 - STARLINK-11101 [DTC],0.000,412.971,412.971,
Contact STARLINK-1711 - STARLINK-11101 [DTC],13744.429,14519.977,775.548,
Contact STARLINK-1711 - STARLINK-11101 [DTC],24918.297,25726.102,807.805,
Contact STARLINK-1711 - STARLINK-11101 [DTC],38975.808,39644.525,668.716,
Contact STARLINK-1711 - STARLINK-11101 [DTC],50323.721,50678.678,354.957,
Contact STARLINK-1711 - STARLINK-2685,3444.260,3986.748,542.488,
Contact STARLINK-1711 - STARLINK-2685,17839.695,18160.528,320.833,
Contact STARLINK-1711 - STARLINK-4254,0.000,25.079,25.079,
Contact STARLINK-1711 - STARLINK-3525,0.000,86400.000,86400.000,
Contact STARLINK-1711 - STARLINK-1276,2861.476,3744.795,883.318,
Contact STARLINK-1711 - STARLINK-1276,14308.793,18002.335,3693.542,
Contact STARLINK-1711 - STARLINK-1276,28626.465,29408.138,781.673,
Contact STARLINK-1711 - STARLINK-1276,42940.296,43665.332,725.036,
Contact STARLINK-1711 - STARLINK-1276,57270.018,57906.802,636.785,
Contact STARLINK-1711 - STARLINK-1276,71597.052,72150.602,553.550,
Contact STARLINK-1711 - STARLINK-5837,3434.977,7221.976,3786.999,
Contact STARLINK-1711 - STARLINK-5837,17708.155,21607.569,3899.414,
Contact STARLINK-1711 - STARLINK-5837,31982.885,33099.670,1116.785,
Contact STARLINK-1711 - STARLINK-5837,46286.560,47445.237,1158.677,
Contact STARLINK-1711 - STARLINK-5837,60593.031,61785.882,1192.851,
Contact STARLINK-1711 - STARLINK-5837,74930.258,76098.081,1167.823,
Contact STARLINK-1711 - STARLINK-31852,78312.903,82512.801,4199.897,
Contact STARLINK-1711 - STARLINK-31852,83499.119,86400.000,2900.881,
Contact STARLINK-1711 - STARLINK-30879,71627.203,72387.817,760.613,
Contact STARLINK-1711 - STARLINK-30879,82769.857,86400.000,3630.143,
Contact STARLINK-1711 - STARLINK-5058,0.000,46132.765,46132.765,
Contact STARLINK-1711 - STARLINK-5239,279.405,13833.484,13554.079,
Contact STARLINK-1711 - STARLINK-5239,14520.938,39548.592,25027.653,
Contact STARLINK-1711 - STARLINK-5239,40218.030,53794.585,13576.555,
Contact STARLINK-1711 - STARLINK-5239,54505.569,68047.068,13541.499,
Contact STARLINK-1711 - STARLINK-5239,68823.849,82265.991,13442.142,
Contact STARLINK-1711 - STARLINK-5239,83137.643,86400.000,3262.357,
Contact STARLINK-1711 - STARLINK-6135,0.000,6744.840,6744.840,
Contact STARLINK-1711 - STARLINK-6135,13901.769,21067.865,7166.096,
Contact STARLINK-1711 - STARLINK-6135,28198.071,35360.121,7162.050,
Contact STARLINK-1711 - STARLINK-6135,42501.966,43937.445,1435.479,
Contact STARLINK-1711 - STARLINK-6135,51100.434,58202.174,7101.739,
Contact STARLINK-1711 - STARLINK-6135,65431.536,72463.027,7031.491,
Contact STARLINK-1711 - STARLINK-6135,79789.923,86400.000,6610.077,
Contact STARLINK-1711 - STARLINK-4356,21387.372,22182.747,795.375,
Contact STARLINK-1711 - STARLINK-4356,35450.001,42634.511,7184.509,
Contact STARLINK-1711 - STARLINK-4356,43897.931,57171.346,13273.415,
Contact STARLINK-1711 - STARLINK-4356,58044.941,71737.660,13692.719,
Contact STARLINK-1711 - STARLINK-4356,72143.243,86400.000,14256.757,
Contact STARLINK-1711 - STARLINK-30052,10318.398,11247.048,928.650,
Contact STARLINK-1711 - STARLINK-30052,24675.186,25486.850,811.664,
Contact STARLINK-1711 - STARLINK-30052,39039.742,39718.869,679.127,
Contact STARLINK-1711 - STARLINK-11265 [DTC],0.000,12329.168,12329.168,
Contact STARLINK-1711 - MoonARTEMIS1,0.000,13062.948,13062.948,
Contact STARLINK-1711 - MoonARTEMIS1,14773.215,24444.513,9671.297,
Contact STARLINK-1711 - MoonARTEMIS1,26241.928,35827.756,9585.827,
Contact STARLINK-1711 - MoonARTEMIS1,37657.470,41521.655,3864.184,
Contact STARLINK-1711 - MoonARTEMIS1,43366.238,52911.601,9545.363,
Contact STARLINK-1711 - MoonARTEMIS1,54785.661,64303.696,9518.035,
Contact STARLINK-1711 - MoonARTEMIS1,66207.076,81395.265,15188.188,
Contact STARLINK-1711 - MoonARTEMIS1,83342.566,86400.000,3057.434,
Contact STARLINK-1711 - MoonARTEMIS2,0.000,13070.414,13070.414,
Contact STARLINK-1711 - MoonARTEMIS2,14866.603,24459.485,9592.882,
Contact STARLINK-1711 - MoonARTEMIS2,26294.593,35848.524,9553.932,
Contact STARLINK-1711 - MoonARTEMIS2,37714.334,41542.655,3828.321,
Contact STARLINK-1711 - MoonARTEMIS2,43420.804,52928.369,9507.566,
Contact STARLINK-1711 - MoonARTEMIS2,54823.891,58617.032,3793.141,
Contact STARLINK-1711 - MoonARTEMIS2,66253.437,81411.032,15157.595,
Contact STARLINK-1711 - MoonARTEMIS2,83409.919,86400.000,2990.081,
Contact STARLINK-1711 - MoonIOAGEO,0.000,13060.971,13060.971,
Contact STARLINK-1711 - MoonIOAGEO,20522.753,24443.459,3920.707,
Contact STARLINK-1711 - MoonIOAGEO,26252.479,35836.163,9583.684,
Contact STARLINK-1711 - MoonIOAGEO,37680.182,41532.762,3852.580,
Contact STARLINK-1711 - MoonIOAGEO,43383.661,52921.774,9538.114,
Contact STARLINK-1711 - MoonIOAGEO,54804.831,58616.068,3811.237,
Contact STARLINK-1711 - MoonIOAGEO,66249.493,81406.668,15157.176,
Contact STARLINK-1711 - MoonIOAGEO,83382.439,86400.000,3017.561,
Contact STARLINK-1711 - MoonIOAGNO,0.000,13057.387,13057.387,
Contact STARLINK-1711 - MoonIOAGNO,14809.168,24478.309,9669.142,
Contact STARLINK-1711 - MoonIOAGNO,26251.778,35866.757,9614.979,
Contact STARLINK-1711 - MoonIOAGNO,37676.773,41553.168,3876.395,
Contact STARLINK-1711 - MoonIOAGNO,43386.468,52914.721,9528.253,
Contact STARLINK-1711 - MoonIOAGNO,54816.783,64334.958,9518.176,
Contact STARLINK-1711 - MoonIOAGNO,66260.742,81427.254,15166.512,
Contact STARLINK-1711 - MoonIOAGNO,83383.864,86400.000,3016.136,
Contact STARLINK-1711 - MoonIOAGNO 0001,0.000,13098.142,13098.142,
Contact STARLINK-1711 - MoonIOAGNO 0001,14801.301,24461.634,9660.333,
Contact STARLINK-1711 - MoonIOAGNO 0001,26229.752,35837.968,9608.217,
Contact STARLINK-1711 - MoonIOAGNO 0001,37684.720,41551.056,3866.336,
Contact STARLINK-1711 - MoonIOAGNO 0001,43404.580,52951.830,9547.250,
Contact STARLINK-1711 - MoonIOAGNO 0001,54828.336,64331.779,9503.443,
Contact STARLINK-1711 - MoonIOAGNO 0001,66242.473,81414.994,15172.520,
Contact STARLINK-1711 - MoonIOAGNO 0001,83393.681,86400.000,3006.319,
Contact STARLINK-1711 - MoonIOAGSO,0.000,13061.023,13061.023,
Contact STARLINK-1711 - MoonIOAGSO,14806.280,24418.210,9611.929,
Contact STARLINK-1711 - MoonIOAGSO,26229.450,35808.209,9578.758,
Contact STARLINK-1711 - MoonIOAGSO,37655.462,41510.924,3855.462,
Contact STARLINK-1711 - MoonIOAGSO,43372.325,52928.052,9555.727,
Contact STARLINK-1711 - MoonIOAGSO,55988.631,64294.972,8306.341,
Contact STARLINK-1711 - MoonIOAGSO,66237.566,81384.138,15146.572,
Contact STARLINK-1711 - MoonIOAGSO,83364.698,86400.000,3035.302,
Contact STARLINK-1711 - MoonIOAGSO 0001,0.000,13028.923,13028.923,
Contact STARLINK-1711 - MoonIOAGSO 0001,14780.768,24436.299,9655.531,
Contact STARLINK-1711 - MoonIOAGSO 0001,26223.620,35831.648,9608.028,
Contact STARLINK-1711 - MoonIOAGSO 0001,37676.481,41510.926,3834.445,
Contact STARLINK-1711 - MoonIOAGSO 0001,43384.487,52894.304,9509.817,
Contact STARLINK-1711 - MoonIOAGSO 0001,54803.158,64297.831,9494.673,
Contact STARLINK-1711 - MoonIOAGSO 0001,66230.800,81396.081,15165.281,
Contact STARLINK-1711 - MoonIOAGSO 0001,83376.875,86400.000,3023.125,
Contact STARLINK-1711 - MoonLRO,0.000,13067.980,13067.980,
Contact STARLINK-1711 - MoonLRO,14805.186,24442.998,9637.812,
Contact STARLINK-1711 - MoonLRO,26238.790,35832.921,9594.131,
Contact STARLINK-1711 - MoonLRO,37666.305,41534.302,3867.997,
Contact STARLINK-1711 - MoonLRO,43386.928,52923.998,9537.070,
Contact STARLINK-1711 - MoonLRO,54823.953,64308.225,9484.273,
Contact STARLINK-1711 - MoonLRO,66240.969,81410.396,15169.428,
Contact STARLINK-1711 - MoonLRO,83381.997,86400.000,3018.003,
Contact STARLINK-1711 - MarsSat1,3465.205,13020.472,9555.267,
Contact STARLINK-1711 - MarsSat1,14869.525,24415.629,9546.104,
Contact STARLINK-1711 - MarsSat1,26273.518,35810.769,9537.251,
Contact STARLINK-1711 - MarsSat1,37677.190,41508.340,3831.150,
Contact STARLINK-1711 - MarsSat1,43378.925,52903.505,9524.580,
Contact STARLINK-1711 - MarsSat1,54782.252,64298.727,9516.475,
Contact STARLINK-1711 - MarsSat1,66185.453,81391.673,15206.220,
Contact STARLINK-1711 - MarsSat1,83290.068,86400.000,3109.932,
Contact STARLINK-1711 - MarsSat2,0.000,13020.544,13020.544,
Contact STARLINK-1711 - MarsSat2,14869.463,24415.791,9546.328,
Contact STARLINK-1711 - MarsSat2,26273.597,35810.999,9537.402,
Contact STARLINK-1711 - MarsSat2,37677.451,41508.598,3831.147,
Contact STARLINK-1711 - MarsSat2,43379.279,52903.792,9524.513,
Contact STARLINK-1711 - MarsSat2,54782.753,64298.989,9516.237,
Contact STARLINK-1711 - MarsSat2,66185.993,81391.798,15205.805,
Contact STARLINK-1711 - MarsSat2,83290.440,86400.000,3109.560,
Contact STARLINK-1711 - MarsSat3,0.000,13020.384,13020.384,
Contact STARLINK-1711 - MarsSat3,14869.315,24415.716,9546.401,
Contact STARLINK-1711 - MarsSat3,26273.446,35810.930,9537.484,
Contact STARLINK-1711 - MarsSat3,37677.283,41508.505,3831.222,
Contact STARLINK-1711 - MarsSat3,43379.090,52903.632,9524.542,
Contact STARLINK-1711 - MarsSat3,54782.502,64298.758,9516.256,
Contact STARLINK-1711 - MarsSat3,66185.670,81391.525,15205.855,
Contact STARLINK-1711 - MarsSat3,83290.034,86400.000,3109.966,
Contact STARLINK-1711 - MarsSat4,0.000,13020.293,13020.293,
Contact STARLINK-1711 - MarsSat4,14869.316,24415.581,9546.265,
Contact STARLINK-1711 - MarsSat4,26273.361,35810.749,9537.388,
Contact STARLINK-1711 - MarsSat4,37677.175,41508.277,3831.101,
Contact STARLINK-1711 - MarsSat4,43378.919,52903.505,9524.586,
Contact STARLINK-1711 - MarsSat4,54782.319,64298.857,9516.538,
Contact STARLINK-1711 - MarsSat4,66185.699,81391.591,15205.892,
Contact STARLINK-1711 - MarsSat4,83290.050,86400.000,3109.950,
Contact STARLINK-31026 - STARLINK-31192,57437.251,58274.119,836.868,
Contact STARLINK-31026 - STARLINK-31192,71539.840,72612.980,1073.140,
Contact STARLINK-31026 - STARLINK-31192,85702.639,86400.000,697.361,
Contact STARLINK-31026 - STARLINK-31558,10789.314,17972.233,7182.919,
Contact STARLINK-31026 - STARLINK-31558,18901.536,46674.627,27773.092,
Contact STARLINK-31026 - STARLINK-31558,46963.615,54735.745,7772.130,
Contact STARLINK-31026 - STARLINK-4359,0.000,580.696,580.696,
Contact STARLINK-31026 - STARLINK-4359,14336.921,14952.945,616.024,
Contact STARLINK-31026 - STARLINK-4359,28712.406,29328.104,615.698,
Contact STARLINK-31026 - STARLINK-4359,43091.515,43700.470,608.955,
Contact STARLINK-31026 - STARLINK-4359,57467.283,58075.354,608.071,
Contact STARLINK-31026 - STARLINK-4359,71846.263,72447.859,601.596,
Contact STARLINK-31026 - STARLINK-4359,86222.314,86400.000,177.686,
Contact STARLINK-31026 - STARLINK-4006,0.000,3301.563,3301.563,
Contact STARLINK-31026 - STARLINK-4006,7354.300,17738.182,10383.882,
Contact STARLINK-31026 - STARLINK-4006,18732.580,32138.197,13405.617,
Contact STARLINK-31026 - STARLINK-4006,32956.223,46565.770,13609.547,
Contact STARLINK-31026 - STARLINK-4006,47191.106,60957.557,13766.451,
Contact STARLINK-31026 - STARLINK-4006,61424.378,75388.932,13964.554,
Contact STARLINK-31026 - STARLINK-4006,75653.692,86400.000,10746.308,
Contact STARLINK-31026 - STARLINK-31577,0.000,485.266,485.266,
Contact STARLINK-31026 - STARLINK-31577,7959.615,14761.482,6801.868,
Contact STARLINK-31026 - STARLINK-31577,24882.362,25998.484,1116.122,
Contact STARLINK-31026 - STARLINK-31577,39315.593,39774.634,459.041,
Contact STARLINK-31026 - STARLINK-2466,28397.818,28889.359,491.540,
Contact STARLINK-31026 - STARLINK-2466,42664.844,43292.166,627.322,
Contact STARLINK-31026 - STARLINK-2466,56920.830,57710.884,790.054,
Contact STARLINK-31026 - STARLINK-2466,68344.471,72090.099,3745.628,
Contact STARLINK-31026 - STARLINK-2466,82639.638,86400.000,3760.362,
Contact STARLINK-31026 - STARLINK-2704,0.000,79821.251,79821.251,
Contact STARLINK-31026 - STARLINK-5807,0.000,278.033,278.033,
Contact STARLINK-31026 - STARLINK-5807,10694.844,14651.699,3956.855,
Contact STARLINK-31026 - STARLINK-5807,25095.270,29035.385,3940.115,
Contact STARLINK-31026 - STARLINK-5807,39485.922,43405.835,3919.913,
Contact STARLINK-31026 - STARLINK-5807,53889.598,57786.266,3896.669,
Contact STARLINK-31026 - STARLINK-5807,68283.317,72153.561,3870.244,
Contact STARLINK-31026 - STARLINK-5807,82690.210,86400.000,3709.790,
Contact STARLINK-31026 - STARLINK-2367,3538.177,4303.503,765.327,
Contact STARLINK-31026 - STARLINK-2367,17820.241,18644.063,823.822,
Contact STARLINK-31026 - STARLINK-2367,32105.239,32981.091,875.852,
Contact STARLINK-31026 - STARLINK-2367,46396.312,47312.407,916.096,
Contact STARLINK-31026 - STARLINK-2367,60690.046,61640.557,950.511,
Contact STARLINK-31026 - STARLINK-2367,74989.181,75963.579,974.398,
Contact STARLINK-31026 - STARLINK-30421,0.000,555.888,555.888,
Contact STARLINK-31026 - STARLINK-30421,13660.976,14748.124,1087.148,
Contact STARLINK-31026 - STARLINK-30421,25082.495,28881.953,3799.458,
Contact STARLINK-31026 - STARLINK-30421,39426.512,40128.160,701.648,
Contact STARLINK-31026 - STARLINK-32197,3075.784,3984.311,908.528,
Contact STARLINK-31026 - STARLINK-32197,17351.220,18078.595,727.375,
Contact STARLINK-31026 - STARLINK-2105,0.000,3059.804,3059.804,
Contact STARLINK-31026 - STARLINK-2105,3980.795,17459.128,13478.332,
Contact STARLINK-31026 - STARLINK-2105,18272.524,31843.616,13571.091,
Contact STARLINK-31026 - STARLINK-2105,32541.896,46244.225,13702.329,
Contact STARLINK-31026 - STARLINK-2105,46831.676,86400.000,39568.324,
Contact STARLINK-31026 - STARLINK-11199 [DTC],46138.990,46911.127,772.137,
Contact STARLINK-31026 - STARLINK-11199 [DTC],57298.046,58220.367,922.321,
Contact STARLINK-31026 - STARLINK-11199 [DTC],71442.172,72161.363,719.191,
Contact STARLINK-31026 - STARLINK-5849,6487.613,7276.808,789.195,
Contact STARLINK-31026 - STARLINK-5849,20878.890,21652.813,773.924,
Contact STARLINK-31026 - STARLINK-5849,32392.773,36025.995,3633.222,
Contact STARLINK-31026 - STARLINK-5849,46786.596,50400.930,3614.334,
Contact STARLINK-31026 - STARLINK-5849,61179.381,61899.392,720.011,
Contact STARLINK-31026 - STARLINK-5849,75574.930,76270.163,695.233,
Contact STARLINK-31026 - STARLINK-11101 [DTC],41855.831,70951.872,29096.041,
Contact STARLINK-31026 - STARLINK-31853,0.000,13471.945,13471.945,
Contact STARLINK-31026 - STARLINK-5535,0.000,276.944,276.944,
Contact STARLINK-31026 - STARLINK-5535,13837.721,14651.574,813.852,
Contact STARLINK-31026 - STARLINK-5535,28216.633,29029.833,813.200,
Contact STARLINK-31026 - STARLINK-5535,42599.461,43404.711,805.251,
Contact STARLINK-31026 - STARLINK-5535,56978.318,57782.922,804.604,
Contact STARLINK-31026 - STARLINK-5535,71360.749,72158.071,797.322,
Contact STARLINK-31026 - STARLINK-5535,85739.552,86400.000,660.448,
Contact STARLINK-31026 - STARLINK-3525,79003.981,79388.571,384.590,
Contact STARLINK-31026 - STARLINK-31345,6741.081,7316.828,575.747,
Contact STARLINK-31026 - STARLINK-31690,0.000,5047.839,5047.839,
Contact STARLINK-31026 - STARLINK-5239,7117.969,11104.940,3986.971,
Contact STARLINK-31026 - STARLINK-5239,21406.385,25465.427,4059.042,
Contact STARLINK-31026 - STARLINK-5239,35711.998,39835.517,4123.519,
Contact STARLINK-31026 - STARLINK-5239,50007.239,57067.876,7060.637,
Contact STARLINK-31026 - STARLINK-5239,64318.592,71419.011,7100.419,
Contact STARLINK-31026 - STARLINK-5239,78619.968,85779.036,7159.068,
Contact STARLINK-31026 - STARLINK-1302,0.000,428.404,428.404,
Contact STARLINK-31026 - STARLINK-1302,7668.623,14783.431,7114.808,
Contact STARLINK-31026 - STARLINK-1302,21982.490,32021.344,10038.854,
Contact STARLINK-31026 - STARLINK-1302,39169.547,46395.468,7225.921,
Contact STARLINK-31026 - STARLINK-1302,53499.862,60747.167,7247.305,
Contact STARLINK-31026 - STARLINK-1302,67818.481,75118.493,7300.012,
Contact STARLINK-31026 - STARLINK-1302,82150.721,86400.000,4249.279,
Contact STARLINK-31026 - STARLINK-4675,0.000,501.063,501.063,
Contact STARLINK-31026 - STARLINK-4675,13925.728,14814.695,888.967,
Contact STARLINK-31026 - STARLINK-4675,28269.831,29130.994,861.163,
Contact STARLINK-31026 - STARLINK-4675,42620.221,43441.170,820.949,
Contact STARLINK-31026 - STARLINK-4675,56967.694,57754.065,786.371,
Contact STARLINK-31026 - STARLINK-4675,71322.143,72060.208,738.065,
Contact STARLINK-31026 - STARLINK-4356,6495.626,7278.849,783.223,
Contact STARLINK-31026 - STARLINK-4356,17996.278,21657.633,3661.354,
Contact STARLINK-31026 - STARLINK-4356,32370.287,36032.478,3662.191,
Contact STARLINK-31026 - STARLINK-4356,46747.886,50411.455,3663.569,
Contact STARLINK-31026 - STARLINK-4356,61121.717,61912.996,791.279,
Contact STARLINK-31026 - STARLINK-4356,75499.469,76287.637,788.167,
Contact STARLINK-31026 - STARLINK-31554,0.000,3208.605,3208.605,
Contact STARLINK-31026 - STARLINK-31554,4139.378,11300.521,7161.143,
Contact STARLINK-31026 - STARLINK-11265 [DTC],17825.284,18628.680,803.395,
Contact STARLINK-31026 - STARLINK-11265 [DTC],31808.068,32651.990,843.922,
Contact STARLINK-31026 - MoonARTEMIS1,1193.712,10555.022,9361.310,
Contact STARLINK-31026 - MoonARTEMIS1,12710.058,16318.929,3608.872,
Contact STARLINK-31026 - MoonARTEMIS1,18473.047,27853.425,9380.377,
Contact STARLINK-31026 - MoonARTEMIS1,31136.104,39360.969,8224.865,
Contact STARLINK-31026 - MoonARTEMIS1,41499.689,45114.735,3615.046,
Contact STARLINK-31026 - MoonARTEMIS1,47251.695,56623.447,9371.752,
Contact STARLINK-31026 - MoonARTEMIS1,58756.460,68134.259,9377.799,
Contact STARLINK-31026 - MoonARTEMIS1,70262.574,73890.650,3628.077,
Contact STARLINK-31026 - MoonARTEMIS1,76016.268,85405.967,9389.699,
Contact STARLINK-31026 - MoonARTEMIS2,1240.011,10605.570,9365.559,
Contact STARLINK-31026 - MoonARTEMIS2,12749.516,16362.060,3612.545,
Contact STARLINK-31026 - MoonARTEMIS2,18503.464,27873.302,9369.839,
Contact STARLINK-31026 - MoonARTEMIS2,30009.752,39381.768,9372.016,
Contact STARLINK-31026 - MoonARTEMIS2,41513.694,45134.640,3620.945,
Contact STARLINK-31026 - MoonARTEMIS2,47264.622,56637.035,9372.414,
Contact STARLINK-31026 - MoonARTEMIS2,64532.802,68173.640,3640.838,
Contact STARLINK-31026 - MoonARTEMIS2,70295.140,73940.429,3645.288,
Contact STARLINK-31026 - MoonARTEMIS2,76055.104,85469.252,9414.148,
Contact STARLINK-31026 - MoonIOAGEO,1204.649,10563.299,9358.650,
Contact STARLINK-31026 - MoonIOAGEO,12717.802,16170.951,3453.149,
Contact STARLINK-31026 - MoonIOAGEO,20039.654,27860.840,7821.187,
Contact STARLINK-31026 - MoonIOAGEO,30002.807,39364.886,9362.079,
Contact STARLINK-31026 - MoonIOAGEO,41500.276,45113.604,3613.328,
Contact STARLINK-31026 - MoonIOAGEO,47249.189,56631.983,9382.794,
Contact STARLINK-31026 - MoonIOAGEO,64529.953,68169.063,3639.110,
Contact STARLINK-31026 - MoonIOAGEO,70291.136,73930.720,3639.584,
Contact STARLINK-31026 - MoonIOAGEO,76045.841,85432.198,9386.357,
Contact STARLINK-31026 - MoonIOAGNO,1196.180,10578.155,9381.974,
Contact STARLINK-31026 - MoonIOAGNO,12729.896,16330.048,3600.152,
Contact STARLINK-31026 - MoonIOAGNO,18473.159,27828.986,9355.827,
Contact STARLINK-31026 - MoonIOAGNO,29969.773,39342.956,9373.183,
Contact STARLINK-31026 - MoonIOAGNO,41482.514,45106.425,3623.911,
Contact STARLINK-31026 - MoonIOAGNO,47246.184,56645.559,9399.375,
Contact STARLINK-31026 - MoonIOAGNO,58769.568,68143.302,9373.733,
Contact STARLINK-31026 - MoonIOAGNO,70260.555,73896.765,3636.210,
Contact STARLINK-31026 - MoonIOAGNO,76012.204,85415.117,9402.913,
Contact STARLINK-31026 - MoonIOAGNO 0001,1197.715,10551.839,9354.123,
Contact STARLINK-31026 - MoonIOAGNO 0001,12701.327,16309.765,3608.439,
Contact STARLINK-31026 - MoonIOAGNO 0001,18459.027,27839.965,9380.939,
Contact STARLINK-31026 - MoonIOAGNO 0001,29990.659,39360.738,9370.079,
Contact STARLINK-31026 - MoonIOAGNO 0001,41493.347,45109.475,3616.129,
Contact STARLINK-31026 - MoonIOAGNO 0001,47240.231,56617.928,9377.696,
Contact STARLINK-31026 - MoonIOAGNO 0001,58746.168,68142.983,9396.815,
Contact STARLINK-31026 - MoonIOAGNO 0001,70270.815,73916.352,3645.537,
Contact STARLINK-31026 - MoonIOAGNO 0001,76042.378,85428.357,9385.979,
Contact STARLINK-31026 - MoonIOAGSO,1213.942,10568.362,9354.420,
Contact STARLINK-31026 - MoonIOAGSO,12726.623,16344.509,3617.886,
Contact STARLINK-31026 - MoonIOAGSO,18496.427,27865.366,9368.938,
Contact STARLINK-31026 - MoonIOAGSO,30010.612,39371.439,9360.827,
Contact STARLINK-31026 - MoonIOAGSO,41510.560,45122.050,3611.490,
Contact STARLINK-31026 - MoonIOAGSO,47257.433,54698.898,7441.465,
Contact STARLINK-31026 - MoonIOAGSO,58780.507,68177.148,9396.641,
Contact STARLINK-31026 - MoonIOAGSO,70302.042,73933.939,3631.897,
Contact STARLINK-31026 - MoonIOAGSO,76055.059,85439.932,9384.873,
Contact STARLINK-31026 - MoonIOAGSO 0001,1231.594,10587.671,9356.077,
Contact STARLINK-31026 - MoonIOAGSO 0001,12739.162,16339.722,3600.561,
Contact STARLINK-31026 - MoonIOAGSO 0001,18488.637,27841.156,9352.519,
Contact STARLINK-31026 - MoonIOAGSO 0001,29984.794,39379.679,9394.885,
Contact STARLINK-31026 - MoonIOAGSO 0001,41521.072,45141.747,3620.675,
Contact STARLINK-31026 - MoonIOAGSO 0001,47279.383,56652.781,9373.398,
Contact STARLINK-31026 - MoonIOAGSO 0001,58783.671,68155.503,9371.832,
Contact STARLINK-31026 - MoonIOAGSO 0001,70277.748,73909.467,3631.719,
Contact STARLINK-31026 - MoonIOAGSO 0001,77771.519,85453.967,7682.448,
Contact STARLINK-31026 - MoonLRO,1215.483,10573.257,9357.774,
Contact STARLINK-31026 - MoonLRO,12720.586,16335.008,3614.422,
Contact STARLINK-31026 - MoonLRO,18477.127,27849.084,9371.957,
Contact STARLINK-31026 - MoonLRO,29995.829,39360.211,9364.381,
Contact STARLINK-31026 - MoonLRO,41503.544,45120.878,3617.333,
Contact STARLINK-31026 - MoonLRO,47255.355,56644.764,9389.409,
Contact STARLINK-31026 - MoonLRO,58768.743,68156.858,9388.115,
Contact STARLINK-31026 - MoonLRO,70285.283,73912.887,3627.604,
Contact STARLINK-31026 - MoonLRO,76038.036,85435.952,9397.917,
Contact STARLINK-31026 - MarsSat1,1334.179,10713.292,9379.113,
Contact STARLINK-31026 - MarsSat1,12818.257,16459.293,3641.037,
Contact STARLINK-31026 - MarsSat1,18563.370,27951.277,9387.907,
Contact STARLINK-31026 - MarsSat1,30053.540,39443.236,9389.696,
Contact STARLINK-31026 - MarsSat1,41543.633,45189.212,3645.580,
Contact STARLINK-31026 - MarsSat1,47288.655,56681.187,9392.531,
Contact STARLINK-31026 - MarsSat1,58778.669,68173.223,9394.554,
Contact STARLINK-31026 - MarsSat1,70268.661,73919.273,3650.612,
Contact STARLINK-31026 - MarsSat1,76013.653,85411.432,9397.778,
Contact STARLINK-31026 - MarsSat2,1327.945,10713.161,9385.216,
Contact STARLINK-31026 - MarsSat2,12818.130,16459.153,3641.023,
Contact STARLINK-31026 - MarsSat2,18563.234,27951.180,9387.946,
Contact STARLINK-31026 - MarsSat2,30053.433,39443.237,9389.804,
Contact STARLINK-31026 - MarsSat2,41543.599,45189.274,3645.676,
Contact STARLINK-31026 - MarsSat2,47288.666,56681.365,9392.699,
Contact STARLINK-31026 - MarsSat2,58778.766,68173.476,9394.709,
Contact STARLINK-31026 - MarsSat2,70268.820,73919.539,3650.719,
Contact STARLINK-31026 - MarsSat2,76013.829,85411.683,9397.854,
Contact STARLINK-31026 - MarsSat3,1328.083,10713.226,9385.144,
Contact STARLINK-31026 - MarsSat3,12818.194,16459.155,3640.961,
Contact STARLINK-31026 - MarsSat3,18563.240,27951.112,9387.872,
Contact STARLINK-31026 - MarsSat3,30053.386,39443.167,9389.781,
Contact STARLINK-31026 - MarsSat3,41543.562,45189.212,3645.650,
Contact STARLINK-31026 - MarsSat3,47288.644,56681.318,9392.674,
Contact STARLINK-31026 - MarsSat3,58778.773,68173.429,9394.655,
Contact STARLINK-31026 - MarsSat3,70268.838,73919.480,3650.642,
Contact STARLINK-31026 - MarsSat3,76013.839,85411.565,9397.726,
Contact STARLINK-31026 - MarsSat4,1328.022,10713.338,9385.316,
Contact STARLINK-31026 - MarsSat4,12818.313,16459.279,3640.966,
Contact STARLINK-31026 - MarsSat4,18563.365,27951.160,9387.796,
Contact STARLINK-31026 - MarsSat4,30053.464,39443.279,9389.815,
Contact STARLINK-31026 - MarsSat4,41543.694,45189.285,3645.591,
Contact STARLINK-31026 - MarsSat4,47288.727,56681.195,9392.468,
Contact STARLINK-31026 - MarsSat4,58778.652,68173.368,9394.716,
Contact STARLINK-31026 - MarsSat4,70268.783,73919.443,3650.660,
Contact STARLINK-31026 - MarsSat4,76013.795,85411.465,9397.670,
Contact STARLINK-31139 - STARLINK-30089,0.000,39465.850,39465.850,
Contact STARLINK-31139 - STARLINK-6374,0.000,4196.832,4196.832,
Contact STARLINK-31139 - STARLINK-6374,11169.436,18297.774,7128.337,
Contact STARLINK-31139 - STARLINK-6374,28497.485,29509.912,1012.428,
Contact STARLINK-31139 - STARLINK-5247,6644.361,7514.025,869.664,
Contact STARLINK-31139 - STARLINK-5247,17980.052,21758.355,3778.303,
Contact STARLINK-31139 - STARLINK-5247,32167.093,33143.244,976.151,
Contact STARLINK-31139 - STARLINK-5247,46366.378,47361.729,995.350,
Contact STARLINK-31139 - STARLINK-5247,60586.463,61559.198,972.735,
Contact STARLINK-31139 - STARLINK-5247,71972.809,75744.810,3772.001,
Contact STARLINK-31139 - STARLINK-5247,86218.789,86400.000,181.211,
Contact STARLINK-31139 - STARLINK-2314,0.000,3941.461,3941.461,
Contact STARLINK-31139 - STARLINK-2314,14088.840,15180.698,1091.858,
Contact STARLINK-31139 - STARLINK-2314,28571.988,29120.701,548.713,
Contact STARLINK-31139 - STARLINK-4111,1017.911,86400.000,85382.089,
Contact STARLINK-31139 - STARLINK-3994,3337.636,4180.092,842.455,
Contact STARLINK-31139 - STARLINK-3994,17660.880,18275.356,614.476,
Contact STARLINK-31139 - STARLINK-5774,6872.386,7690.950,818.564,
Contact STARLINK-31139 - STARLINK-5774,20970.139,22068.561,1098.422,
Contact STARLINK-31139 - STARLINK-5774,29454.856,36387.079,6932.223,
Contact STARLINK-31139 - STARLINK-5774,46497.774,53483.546,6985.772,
Contact STARLINK-31139 - STARLINK-5774,60769.549,67660.961,6891.413,
Contact STARLINK-31139 - STARLINK-5774,75094.210,76145.542,1051.332,
Contact STARLINK-31139 - STARLINK-31128,0.000,86400.000,86400.000,
Contact STARLINK-31139 - STARLINK-2643,6802.419,7792.008,989.589,
Contact STARLINK-31139 - STARLINK-2643,21032.853,21990.757,957.904,
Contact STARLINK-31139 - STARLINK-2643,35278.218,36174.821,896.603,
Contact STARLINK-31139 - STARLINK-2643,46690.687,47505.958,815.271,
Contact STARLINK-31139 - STARLINK-2643,60981.235,61645.106,663.871,
Contact STARLINK-31139 - STARLINK-2643,75304.631,75751.643,447.012,
Contact STARLINK-31139 - STARLINK-2367,79180.888,79669.380,488.493,
Contact STARLINK-31139 - STARLINK-4560,0.000,3923.313,3923.313,
Contact STARLINK-31139 - STARLINK-4560,13974.150,21123.363,7149.213,
Contact STARLINK-31139 - STARLINK-4560,28240.299,35353.210,7112.911,
Contact STARLINK-31139 - STARLINK-4560,42587.568,43847.259,1259.691,
Contact STARLINK-31139 - STARLINK-4560,57065.529,57909.102,843.574,
Contact STARLINK-31139 - STARLINK-31784,47381.032,86400.000,39018.968,
Contact STARLINK-31139 - STARLINK-4338,10458.827,11073.499,614.672,
Contact STARLINK-31139 - STARLINK-4338,24630.530,25426.882,796.352,
Contact STARLINK-31139 - STARLINK-4338,35994.587,39739.365,3744.778,
Contact STARLINK-31139 - STARLINK-4338,50229.363,54031.318,3801.954,
Contact STARLINK-31139 - STARLINK-4338,64485.403,65440.295,954.892,
Contact STARLINK-31139 - STARLINK-4338,78781.461,79668.589,887.128,
Contact STARLINK-31139 - STARLINK-2476,69189.786,86400.000,17210.214,
Contact STARLINK-31139 - STARLINK-31536,0.000,86400.000,86400.000,
Contact STARLINK-31139 - STARLINK-11199 [DTC],0.000,3799.576,3799.576,
Contact STARLINK-31139 - STARLINK-11199 [DTC],13882.518,14865.081,982.562,
Contact STARLINK-31139 - STARLINK-5849,39530.098,40215.163,685.065,
Contact STARLINK-31139 - STARLINK-5849,53718.617,54558.119,839.502,
Contact STARLINK-31139 - STARLINK-5849,67951.083,68856.557,905.474,
Contact STARLINK-31139 - STARLINK-5849,82206.030,83131.951,925.921,
Contact STARLINK-31139 - STARLINK-5649,3055.106,4166.855,1111.749,
Contact STARLINK-31139 - STARLINK-5649,17269.708,18425.502,1155.794,
Contact STARLINK-31139 - STARLINK-5649,28672.183,32643.012,3970.829,
Contact STARLINK-31139 - STARLINK-5649,42964.597,46809.998,3845.401,
Contact STARLINK-31139 - STARLINK-5649,57314.644,58106.886,792.242,
Contact STARLINK-31139 - STARLINK-5649,71757.361,72139.567,382.205,
Contact STARLINK-31139 - STARLINK-5197,3345.774,4299.052,953.278,
Contact STARLINK-31139 - STARLINK-5197,17546.461,18520.762,974.301,
Contact STARLINK-31139 - STARLINK-5197,31761.590,32727.758,966.168,
Contact STARLINK-31139 - STARLINK-5197,43146.189,46917.030,3770.842,
Contact STARLINK-31139 - STARLINK-5197,57392.729,58256.875,864.146,
Contact STARLINK-31139 - STARLINK-5197,71656.581,72415.522,758.941,
Contact STARLINK-31139 - STARLINK-5197,85944.865,86400.000,455.135,
Contact STARLINK-31139 - STARLINK-30100,60728.345,61857.709,1129.364,
Contact STARLINK-31139 - STARLINK-30100,69094.939,82127.039,13032.100,
Contact STARLINK-31139 - STARLINK-30100,83152.989,86400.000,3247.011,
Contact STARLINK-31139 - STARLINK-11101 [DTC],0.000,3610.897,3610.897,
Contact STARLINK-31139 - STARLINK-2685,0.000,20978.242,20978.242,
Contact STARLINK-31139 - STARLINK-2685,21802.395,29107.697,7305.302,
Contact STARLINK-31139 - STARLINK-4254,10167.198,17423.817,7256.619,
Contact STARLINK-31139 - STARLINK-4254,18448.319,85948.850,67500.531,
Contact STARLINK-31139 - STARLINK-5535,75404.572,75662.009,257.438,
Contact STARLINK-31139 - STARLINK-3525,3366.373,3762.434,396.061,
Contact STARLINK-31139 - STARLINK-3525,17468.709,18071.533,602.825,
Contact STARLINK-31139 - STARLINK-3525,28775.298,29493.742,718.444,
Contact STARLINK-31139 - STARLINK-3525,42926.703,43752.948,826.245,
Contact STARLINK-31139 - STARLINK-3525,57095.469,57995.007,899.538,
Contact STARLINK-31139 - STARLINK-3525,71277.854,72222.944,945.090,
Contact STARLINK-31139 - STARLINK-3525,82633.976,86400.000,3766.024,
Contact STARLINK-31139 - STARLINK-5289,10155.408,11111.597,956.189,
Contact STARLINK-31139 - STARLINK-5289,21508.044,25447.034,3938.990,
Contact STARLINK-31139 - STARLINK-5289,35745.131,39716.427,3971.297,
Contact STARLINK-31139 - STARLINK-5289,50049.883,51093.669,1043.786,
Contact STARLINK-31139 - STARLINK-5289,64407.527,65263.584,856.057,
Contact STARLINK-31139 - STARLINK-5289,78882.504,79319.155,436.650,
Contact STARLINK-31139 - STARLINK-1276,0.000,71123.055,71123.055,
Contact STARLINK-31139 - STARLINK-5837,0.000,20.547,20.547,
Contact STARLINK-31139 - STARLINK-5837,10426.930,11463.588,1036.657,
Contact STARLINK-31139 - STARLINK-5837,24686.110,25731.759,1045.649,
Contact STARLINK-31139 - STARLINK-5837,38995.867,39948.513,952.646,
Contact STARLINK-31139 - STARLINK-5837,53339.084,54133.205,794.121,
Contact STARLINK-31139 - STARLINK-31852,6873.278,7750.677,877.398,
Contact STARLINK-31139 - STARLINK-31852,20901.429,21842.585,941.156,
Contact STARLINK-31139 - STARLINK-31852,32131.686,33108.242,976.555,
Contact STARLINK-31139 - STARLINK-31852,46178.816,47180.840,1002.024,
Contact STARLINK-31139 - STARLINK-31852,57425.045,61241.105,3816.060,
Contact STARLINK-31139 - STARLINK-31852,71493.423,72481.939,988.516,
Contact STARLINK-31139 - STARLINK-31852,82755.526,86400.000,3644.474,
Contact STARLINK-31139 - STARLINK-1666,10425.947,10833.176,407.229,
Contact STARLINK-31139 - STARLINK-30879,67918.868,68914.241,995.373,
Contact STARLINK-31139 - STARLINK-30879,76228.899,86019.331,9790.432,
Contact STARLINK-31139 - STARLINK-5058,3325.899,3822.080,496.181,
Contact STARLINK-31139 - STARLINK-5058,17411.741,18211.705,799.965,
Contact STARLINK-31139 - STARLINK-5058,28727.730,32537.044,3809.315,
Contact STARLINK-31139 - STARLINK-5058,42910.877,49670.778,6759.900,
Contact STARLINK-31139 - STARLINK-5058,57133.879,58216.414,1082.535,
Contact STARLINK-31139 - STARLINK-5058,71393.932,72429.703,1035.771,
Contact STARLINK-31139 - STARLINK-5058,85694.726,86400.000,705.274,
Contact STARLINK-31139 - STARLINK-6135,13651.509,14533.008,881.499,
Contact STARLINK-31139 - STARLINK-6135,24639.865,32213.972,7574.107,
Contact STARLINK-31139 - STARLINK-6135,32934.055,86117.259,53183.205,
Contact STARLINK-31139 - STARLINK-1080,6789.549,7392.588,603.039,
Contact STARLINK-31139 - STARLINK-4356,0.000,109.023,109.023,
Contact STARLINK-31139 - STARLINK-4356,13785.467,14420.716,635.249,
Contact STARLINK-31139 - STARLINK-4356,25164.249,25857.147,692.899,
Contact STARLINK-31139 - STARLINK-4356,39401.134,40139.602,738.468,
Contact STARLINK-31139 - STARLINK-4356,53640.096,54418.769,778.673,
Contact STARLINK-31139 - STARLINK-4356,67895.431,68682.485,787.055,
Contact STARLINK-31139 - STARLINK-4356,82153.404,82942.444,789.040,
Contact STARLINK-31139 - STARLINK-4383,25093.031,25551.675,458.644,
Contact STARLINK-31139 - STARLINK-4383,39400.385,39764.911,364.526,
Contact STARLINK-31139 - STARLINK-30052,46672.643,50485.469,3812.827,
Contact STARLINK-31139 - STARLINK-30052,60627.432,67871.872,7244.440,
Contact STARLINK-31139 - STARLINK-30052,69043.628,82240.200,13196.572,
Contact STARLINK-31139 - STARLINK-30052,83176.318,86400.000,3223.682,
Contact STARLINK-31139 - STARLINK-4612,3451.655,4120.913,669.258,
Contact STARLINK-31139 - STARLINK-4612,17900.512,18099.947,199.434,
Contact STARLINK-31139 - MoonARTEMIS1,0.000,1902.468,1902.468,
Contact STARLINK-31139 - MoonARTEMIS1,4068.178,13245.662,9177.484,
Contact STARLINK-31139 - MoonARTEMIS1,15416.147,24607.168,9191.021,
Contact STARLINK-31139 - MoonARTEMIS1,26774.239,30270.514,3496.275,
Contact STARLINK-31139 - MoonARTEMIS1,38097.672,41594.016,3496.345,
Contact STARLINK-31139 - MoonARTEMIS1,43759.699,52918.728,9159.029,
Contact STARLINK-31139 - MoonARTEMIS1,55085.349,64245.312,9159.964,
Contact STARLINK-31139 - MoonARTEMIS1,66413.314,69909.415,3496.101,
Contact STARLINK-31139 - MoonARTEMIS1,77743.908,81239.558,3495.650,
Contact STARLINK-31139 - MoonARTEMIS1,83410.367,86400.000,2989.633,
Contact STARLINK-31139 - MoonARTEMIS2,0.000,1971.955,1971.955,
Contact STARLINK-31139 - MoonARTEMIS2,4141.907,13304.741,9162.834,
Contact STARLINK-31139 - MoonARTEMIS2,15475.199,24634.219,9159.020,
Contact STARLINK-31139 - MoonARTEMIS2,26804.915,30297.645,3492.730,
Contact STARLINK-31139 - MoonARTEMIS2,38130.591,41621.433,3490.842,
Contact STARLINK-31139 - MoonARTEMIS2,43791.555,52939.788,9148.232,
Contact STARLINK-31139 - MoonARTEMIS2,55108.094,58598.485,3490.391,
Contact STARLINK-31139 - MoonARTEMIS2,66455.026,69955.682,3500.656,
Contact STARLINK-31139 - MoonARTEMIS2,72131.559,81301.201,9169.642,
Contact STARLINK-31139 - MoonARTEMIS2,83477.346,86400.000,2922.654,
Contact STARLINK-31139 - MoonIOAGEO,0.000,1918.660,1918.660,
Contact STARLINK-31139 - MoonIOAGEO,4083.315,13256.704,9173.389,
Contact STARLINK-31139 - MoonIOAGEO,21107.036,24612.059,3505.023,
Contact STARLINK-31139 - MoonIOAGEO,26782.786,30281.647,3498.861,
Contact STARLINK-31139 - MoonIOAGEO,38108.850,41598.469,3489.620,
Contact STARLINK-31139 - MoonIOAGEO,43765.035,52923.107,9158.072,
Contact STARLINK-31139 - MoonIOAGEO,55095.542,58597.439,3501.897,
Contact STARLINK-31139 - MoonIOAGEO,66450.734,69949.900,3499.166,
Contact STARLINK-31139 - MoonIOAGEO,72123.885,81275.420,9151.535,
Contact STARLINK-31139 - MoonIOAGEO,83445.465,86400.000,2954.535,
Contact STARLINK-31139 - MoonIOAGNO,0.000,1915.485,1915.485,
Contact STARLINK-31139 - MoonIOAGNO,4085.357,13270.342,9184.985,
Contact STARLINK-31139 - MoonIOAGNO,15436.593,24589.301,9152.708,
Contact STARLINK-31139 - MoonIOAGNO,26758.688,30251.485,3492.797,
Contact STARLINK-31139 - MoonIOAGNO,38087.815,41584.224,3496.409,
Contact STARLINK-31139 - MoonIOAGNO,43756.687,52936.828,9180.141,
Contact STARLINK-31139 - MoonIOAGNO,55112.762,64264.511,9151.749,
Contact STARLINK-31139 - MoonIOAGNO,66436.012,69924.254,3488.242,
Contact STARLINK-31139 - MoonIOAGNO,77760.467,81251.404,3490.937,
Contact STARLINK-31139 - MoonIOAGNO,83426.468,86400.000,2973.532,
Contact STARLINK-31139 - MoonIOAGNO 0001,0.000,1920.053,1920.053,
Contact STARLINK-31139 - MoonIOAGNO 0001,4087.774,13247.072,9159.298,
Contact STARLINK-31139 - MoonIOAGNO 0001,15416.924,24586.502,9169.577,
Contact STARLINK-31139 - MoonIOAGNO 0001,26758.355,30265.060,3506.704,
Contact STARLINK-31139 - MoonIOAGNO 0001,38107.136,41597.614,3490.478,
Contact STARLINK-31139 - MoonIOAGNO 0001,43767.212,52919.529,9152.317,
Contact STARLINK-31139 - MoonIOAGNO 0001,55091.847,64252.586,9160.739,
Contact STARLINK-31139 - MoonIOAGNO 0001,66427.011,69925.720,3498.709,
Contact STARLINK-31139 - MoonIOAGNO 0001,72102.378,81272.347,9169.969,
Contact STARLINK-31139 - MoonIOAGNO 0001,83444.141,86400.000,2955.859,
Contact STARLINK-31139 - MoonIOAGSO,0.000,1924.297,1924.297,
Contact STARLINK-31139 - MoonIOAGSO,4088.632,13270.910,9182.278,
Contact STARLINK-31139 - MoonIOAGSO,15443.193,24615.147,9171.954,
Contact STARLINK-31139 - MoonIOAGSO,26780.629,30279.434,3498.806,
Contact STARLINK-31139 - MoonIOAGSO,38107.113,41602.667,3495.554,
Contact STARLINK-31139 - MoonIOAGSO,43769.198,52929.915,9160.717,
Contact STARLINK-31139 - MoonIOAGSO,56016.110,64286.039,8269.929,
Contact STARLINK-31139 - MoonIOAGSO,66456.888,69952.532,3495.645,
Contact STARLINK-31139 - MoonIOAGSO,72122.351,81277.289,9154.938,
Contact STARLINK-31139 - MoonIOAGSO,83447.309,86400.000,2952.691,
Contact STARLINK-31139 - MoonIOAGSO 0001,0.000,1944.469,1944.469,
Contact STARLINK-31139 - MoonIOAGSO 0001,4108.023,13271.811,9163.788,
Contact STARLINK-31139 - MoonIOAGSO 0001,15435.059,24594.641,9159.583,
Contact STARLINK-31139 - MoonIOAGSO 0001,26761.141,30259.742,3498.601,
Contact STARLINK-31139 - MoonIOAGSO 0001,38116.035,41617.358,3501.322,
Contact STARLINK-31139 - MoonIOAGSO 0001,43786.270,52948.346,9162.076,
Contact STARLINK-31139 - MoonIOAGSO 0001,55115.702,64270.680,9154.978,
Contact STARLINK-31139 - MoonIOAGSO 0001,66439.485,69931.249,3491.764,
Contact STARLINK-31139 - MoonIOAGSO 0001,77798.923,81282.381,3483.458,
Contact STARLINK-31139 - MoonIOAGSO 0001,83457.534,86400.000,2942.466,
Contact STARLINK-31139 - MoonLRO,0.000,1933.938,1933.938,
Contact STARLINK-31139 - MoonLRO,4093.414,13264.062,9170.648,
Contact STARLINK-31139 - MoonLRO,15437.094,24597.340,9160.246,
Contact STARLINK-31139 - MoonLRO,26767.782,30269.027,3501.245,
Contact STARLINK-31139 - MoonLRO,38101.718,41604.683,3502.965,
Contact STARLINK-31139 - MoonLRO,43773.779,52932.112,9158.333,
Contact STARLINK-31139 - MoonLRO,55109.994,64272.304,9162.311,
Contact STARLINK-31139 - MoonLRO,66438.168,69941.392,3503.224,
Contact STARLINK-31139 - MoonLRO,72107.480,81268.199,9160.719,
Contact STARLINK-31139 - MoonLRO,83448.384,86400.000,2951.616,
Contact STARLINK-31139 - MarsSat1,4224.038,13402.683,9178.645,
Contact STARLINK-31139 - MarsSat1,15532.670,24710.623,9177.953,
Contact STARLINK-31139 - MarsSat1,26841.194,30364.551,3523.357,
Contact STARLINK-31139 - MarsSat1,32495.411,41672.331,9176.920,
Contact STARLINK-31139 - MarsSat1,43803.771,52980.044,9176.273,
Contact STARLINK-31139 - MarsSat1,55112.074,64287.738,9175.664,
Contact STARLINK-31139 - MarsSat1,66420.371,69941.589,3521.218,
Contact STARLINK-31139 - MarsSat1,77728.683,81249.297,3520.614,
Contact STARLINK-31139 - MarsSat1,83382.841,86400.000,3017.159,
Contact STARLINK-31139 - MarsSat2,0.000,2094.561,2094.561,
Contact STARLINK-31139 - MarsSat2,4223.924,13402.545,9178.622,
Contact STARLINK-31139 - MarsSat2,15532.541,24710.526,9177.985,
Contact STARLINK-31139 - MarsSat2,26841.132,30364.499,3523.367,
Contact STARLINK-31139 - MarsSat2,32495.406,41672.401,9176.995,
Contact STARLINK-31139 - MarsSat2,43803.906,52980.244,9176.339,
Contact STARLINK-31139 - MarsSat2,55112.341,64288.027,9175.686,
Contact STARLINK-31139 - MarsSat2,66420.712,69941.896,3521.184,
Contact STARLINK-31139 - MarsSat2,77729.018,81249.589,3520.571,
Contact STARLINK-31139 - MarsSat2,83383.147,86400.000,3016.853,
Contact STARLINK-31139 - MarsSat3,0.000,2094.682,2094.682,
Contact STARLINK-31139 - MarsSat3,4224.013,13402.555,9178.542,
Contact STARLINK-31139 - MarsSat3,15532.508,24710.450,9177.942,
Contact STARLINK-31139 - MarsSat3,26841.038,30364.410,3523.372,
Contact STARLINK-31139 - MarsSat3,32495.304,41672.313,9177.009,
Contact STARLINK-31139 - MarsSat3,43803.802,52980.164,9176.361,
Contact STARLINK-31139 - MarsSat3,55112.235,64287.943,9175.708,
Contact STARLINK-31139 - MarsSat3,66420.591,69941.803,3521.212,
Contact STARLINK-31139 - MarsSat3,77728.861,81249.454,3520.593,
Contact STARLINK-31139 - MarsSat3,83382.961,86400.000,3017.039,
Contact STARLINK-31139 - MarsSat4,0.000,2094.700,2094.700,
Contact STARLINK-31139 - MarsSat4,4224.086,13402.675,9178.589,
Contact STARLINK-31139 - MarsSat4,15532.608,24710.475,9177.867,
Contact STARLINK-31139 - MarsSat4,26841.051,30364.465,3523.414,
Contact STARLINK-31139 - MarsSat4,32495.360,41672.384,9177.024,
Contact STARLINK-31139 - MarsSat4,43803.827,52980.081,9176.254,
Contact STARLINK-31139 - MarsSat4,55112.107,64287.859,9175.752,
Contact STARLINK-31139 - MarsSat4,66420.537,69941.763,3521.226,
Contact STARLINK-31139 - MarsSat4,77728.829,81249.398,3520.569,
Contact STARLINK-31139 - MarsSat4,83382.897,86400.000,3017.103,
Contact STARLINK-4593 - STARLINK-30800,0.000,86400.000,86400.000,
Contact STARLINK-4593 - STARLINK-31558,78765.764,79554.658,788.894,
Contact STARLINK-4593 - STARLINK-5247,25132.822,25597.374,464.552,
Contact STARLINK-4593 - STARLINK-5247,39427.271,39900.809,473.538,
Contact STARLINK-4593 - STARLINK-5247,53736.590,54189.764,453.175,
Contact STARLINK-4593 - STARLINK-5247,68030.951,68493.253,462.302,
Contact STARLINK-4593 - STARLINK-30126,0.000,86400.000,86400.000,
Contact STARLINK-4593 - STARLINK-4299,3606.892,14006.954,10400.062,
Contact STARLINK-4593 - STARLINK-4299,15046.695,28324.154,13277.459,
Contact STARLINK-4593 - STARLINK-4299,29354.601,42619.481,13264.880,
Contact STARLINK-4593 - STARLINK-4299,43646.284,56936.528,13290.244,
Contact STARLINK-4593 - STARLINK-4299,57954.195,68381.433,10427.238,
Contact STARLINK-4593 - STARLINK-4299,72245.991,82676.752,10430.761,
Contact STARLINK-4593 - STARLINK-3994,0.000,3137.412,3137.412,
Contact STARLINK-4593 - STARLINK-3994,3897.016,17446.349,13549.333,
Contact STARLINK-4593 - STARLINK-3994,18219.251,31716.232,13496.981,
Contact STARLINK-4593 - STARLINK-3994,32515.506,43147.884,10632.378,
Contact STARLINK-4593 - STARLINK-3994,46837.814,57456.967,10619.153,
Contact STARLINK-4593 - STARLINK-3994,58285.102,71727.279,13442.177,
Contact STARLINK-4593 - STARLINK-3994,72580.570,86036.454,13455.884,
Contact STARLINK-4593 - STARLINK-5774,82785.356,83139.514,354.158,
Contact STARLINK-4593 - STARLINK-31295,3327.065,3950.117,623.052,
Contact STARLINK-4593 - STARLINK-31295,17469.373,18245.816,776.443,
Contact STARLINK-4593 - STARLINK-31295,31637.540,32515.099,877.559,
Contact STARLINK-4593 - STARLINK-31295,42982.296,43920.323,938.027,
Contact STARLINK-4593 - STARLINK-31295,57174.693,58165.367,990.675,
Contact STARLINK-4593 - STARLINK-31295,71386.266,72390.963,1004.697,
Contact STARLINK-4593 - STARLINK-31295,82764.225,86400.000,3635.775,
Contact STARLINK-4593 - STARLINK-31577,47116.202,85856.494,38740.292,
Contact STARLINK-4593 - STARLINK-5322,6687.946,7283.812,595.866,
Contact STARLINK-4593 - STARLINK-5322,21070.217,21620.277,550.060,
Contact STARLINK-4593 - STARLINK-2643,0.000,318.910,318.910,
Contact STARLINK-4593 - STARLINK-2643,13686.139,14621.795,935.656,
Contact STARLINK-4593 - STARLINK-2643,25128.439,28933.042,3804.603,
Contact STARLINK-4593 - STARLINK-2643,39427.096,43235.838,3808.742,
Contact STARLINK-4593 - STARLINK-2643,53734.276,54681.387,947.111,
Contact STARLINK-4593 - STARLINK-2643,68033.035,68992.417,959.382,
Contact STARLINK-4593 - STARLINK-2643,82340.240,83295.090,954.850,
Contact STARLINK-4593 - STARLINK-3189,0.000,86400.000,86400.000,
Contact STARLINK-4593 - STARLINK-31784,3523.215,7431.213,3907.998,
Contact STARLINK-4593 - STARLINK-31784,17777.681,18660.312,882.631,
Contact STARLINK-4593 - STARLINK-31784,32148.549,32586.872,438.323,
Contact STARLINK-4593 - STARLINK-5494,0.000,3100.580,3100.580,
Contact STARLINK-4593 - STARLINK-5494,3928.841,86400.000,82471.159,
Contact STARLINK-4593 - STARLINK-30421,61544.489,86400.000,24855.511,
Contact STARLINK-4593 - STARLINK-4338,0.000,466.577,466.577,
Contact STARLINK-4593 - STARLINK-4338,14127.314,14815.087,687.773,
Contact STARLINK-4593 - STARLINK-4338,28472.830,29169.860,697.030,
Contact STARLINK-4593 - STARLINK-4338,42824.371,43518.788,694.417,
Contact STARLINK-4593 - STARLINK-4338,57170.299,57873.118,702.819,
Contact STARLINK-4593 - STARLINK-4338,71521.353,72222.535,701.181,
Contact STARLINK-4593 - STARLINK-4338,85867.673,86400.000,532.327,
Contact STARLINK-4593 - STARLINK-32197,82348.204,83371.196,1022.992,
Contact STARLINK-4593 - STARLINK-6148,0.000,6607.305,6607.305,
Contact STARLINK-4593 - STARLINK-6148,13815.416,15016.928,1201.512,
Contact STARLINK-4593 - STARLINK-6148,28435.075,29045.400,610.325,
Contact STARLINK-4593 - STARLINK-11101 [DTC],78831.630,79492.735,661.105,
Contact STARLINK-4593 - STARLINK-31853,46712.580,47057.454,344.874,
Contact STARLINK-4593 - STARLINK-31853,60685.637,61378.578,692.941,
Contact STARLINK-4593 - STARLINK-31853,71929.379,75612.846,3683.467,
Contact STARLINK-4593 - STARLINK-31853,86029.951,86400.000,370.049,
Contact STARLINK-4593 - STARLINK-4551,6479.711,7254.798,775.086,
Contact STARLINK-4593 - STARLINK-4551,17920.194,18695.397,775.203,
Contact STARLINK-4593 - STARLINK-4551,32219.170,32997.615,778.445,
Contact STARLINK-4593 - STARLINK-4551,46521.381,47296.875,775.493,
Contact STARLINK-4593 - STARLINK-4551,60820.349,61599.075,778.726,
Contact STARLINK-4593 - STARLINK-4551,75122.540,75898.324,775.784,
Contact STARLINK-4593 - STARLINK-1578,3597.667,7479.242,3881.575,
Contact STARLINK-4593 - STARLINK-1578,17900.130,21781.071,3880.940,
Contact STARLINK-4593 - STARLINK-1578,32195.312,36075.381,3880.069,
Contact STARLINK-4593 - STARLINK-1578,46497.751,47513.796,1016.045,
Contact STARLINK-4593 - STARLINK-1578,60792.929,61815.509,1022.580,
Contact STARLINK-4593 - STARLINK-1578,75095.344,76109.730,1014.385,
Contact STARLINK-4593 - STARLINK-5289,0.000,422.918,422.918,
Contact STARLINK-4593 - STARLINK-5289,14172.029,14794.891,622.862,
Contact STARLINK-4593 - STARLINK-5289,28504.253,29172.599,668.345,
Contact STARLINK-4593 - STARLINK-5289,42845.457,43541.480,696.024,
Contact STARLINK-4593 - STARLINK-5289,57182.099,57914.638,732.540,
Contact STARLINK-4593 - STARLINK-5289,71526.307,72280.522,754.215,
Contact STARLINK-4593 - STARLINK-5289,85867.098,86400.000,532.902,
Contact STARLINK-4593 - STARLINK-31852,0.000,603.260,603.260,
Contact STARLINK-4593 - STARLINK-31852,13675.685,14682.025,1006.340,
Contact STARLINK-4593 - STARLINK-31852,25108.580,25883.565,774.985,
Contact STARLINK-4593 - STARLINK-1666,0.000,3657.554,3657.554,
Contact STARLINK-4593 - STARLINK-1666,14186.438,15102.575,916.137,
Contact STARLINK-4593 - STARLINK-1666,28499.004,29412.093,913.090,
Contact STARLINK-4593 - STARLINK-1666,42818.475,43714.433,895.957,
Contact STARLINK-4593 - STARLINK-1666,57131.487,58023.479,891.993,
Contact STARLINK-4593 - STARLINK-1666,71451.459,72325.279,873.820,
Contact STARLINK-4593 - STARLINK-1666,85764.924,86400.000,635.076,
Contact STARLINK-4593 - STARLINK-1293,6578.176,7908.082,1329.906,
Contact STARLINK-4593 - STARLINK-1293,20877.778,22241.929,1364.152,
Contact STARLINK-4593 - STARLINK-1293,29468.327,36560.321,7091.994,
Contact STARLINK-4593 - STARLINK-1293,43769.954,50891.607,7121.654,
Contact STARLINK-4593 - STARLINK-1293,58085.314,65207.739,7122.425,
Contact STARLINK-4593 - STARLINK-1293,72389.450,82393.865,10004.415,
Contact STARLINK-4593 - STARLINK-30879,0.000,25020.474,25020.474,
Contact STARLINK-4593 - STARLINK-31345,86160.595,86400.000,239.405,
Contact STARLINK-4593 - STARLINK-31690,21208.674,21740.003,531.329,
Contact STARLINK-4593 - STARLINK-31690,35218.558,36025.212,806.653,
Contact STARLINK-4593 - STARLINK-31690,46476.863,47402.099,925.236,
Contact STARLINK-4593 - STARLINK-31690,60597.119,61575.028,977.908,
Contact STARLINK-4593 - STARLINK-31690,71932.044,75693.201,3761.158,
Contact STARLINK-4593 - STARLINK-31690,86151.095,86400.000,248.905,
Contact STARLINK-4593 - STARLINK-1788,0.000,86400.000,86400.000,
Contact STARLINK-4593 - STARLINK-1080,0.000,3321.555,3321.555,
Contact STARLINK-4593 - STARLINK-1080,7500.799,17623.057,10122.258,
Contact STARLINK-4593 - STARLINK-1080,24654.788,31909.003,7254.215,
Contact STARLINK-4593 - STARLINK-1080,38943.065,46209.923,7266.858,
Contact STARLINK-4593 - STARLINK-1080,47527.283,60495.331,12968.048,
Contact STARLINK-4593 - STARLINK-1080,61815.923,69078.608,7262.685,
Contact STARLINK-4593 - STARLINK-1080,76118.732,83363.577,7244.846,
Contact STARLINK-4593 - STARLINK-31554,21507.414,25288.187,3780.773,
Contact STARLINK-4593 - STARLINK-31554,35320.237,42587.447,7267.210,
Contact STARLINK-4593 - STARLINK-31554,43692.097,53951.332,10259.235,
Contact STARLINK-4593 - STARLINK-31554,57827.510,67971.353,10143.844,
Contact STARLINK-4593 - STARLINK-31554,75063.918,76280.485,1216.567,
Contact STARLINK-4593 - STARLINK-1303,3775.618,13997.038,10221.420,
Contact STARLINK-4593 - STARLINK-1303,20954.980,28317.441,7362.461,
Contact STARLINK-4593 - STARLINK-1303,35279.009,42620.612,7341.603,
Contact STARLINK-4593 - STARLINK-1303,43863.649,56938.420,13074.771,
Contact STARLINK-4593 - STARLINK-1303,58189.722,65515.791,7326.069,
Contact STARLINK-4593 - STARLINK-1303,72504.022,79831.574,7327.552,
Contact STARLINK-4593 - STARLINK-11265 [DTC],68272.966,68920.602,647.636,
Contact STARLINK-4593 - STARLINK-11265 [DTC],76170.907,86253.228,10082.321,
Contact STARLINK-4593 - STARLINK-4612,0.000,86400.000,86400.000,
Contact STARLINK-4593 - STARLINK-5831,0.000,52824.795,52824.795,
Contact STARLINK-4593 - STARLINK-5831,57052.998,58030.650,977.653,
Contact STARLINK-4593 - STARLINK-31034,42976.028,43546.326,570.298,
Contact STARLINK-4593 - STARLINK-31034,57051.708,57872.226,820.518,
Contact STARLINK-4593 - STARLINK-31034,68350.021,72141.513,3791.491,
Contact STARLINK-4593 - STARLINK-31034,82506.073,83538.340,1032.267,
Contact STARLINK-4593 - STARLINK-3815,730.773,13950.024,13219.251,
Contact STARLINK-4593 - STARLINK-3815,15078.154,22364.277,7286.123,
Contact STARLINK-4593 - STARLINK-3815,35337.425,36285.784,948.359,
Contact STARLINK-4593 - STARLINK-31611,8105.451,68934.834,60829.382,
Contact STARLINK-4593 - MoonARTEMIS1,0.000,3120.759,3120.759,
Contact STARLINK-4593 - MoonARTEMIS1,5287.431,8857.429,3569.998,
Contact STARLINK-4593 - MoonARTEMIS1,11024.314,20342.952,9318.639,
Contact STARLINK-4593 - MoonARTEMIS1,22510.388,29902.291,7391.903,
Contact STARLINK-4593 - MoonARTEMIS1,33964.969,37537.843,3572.874,
Contact STARLINK-4593 - MoonARTEMIS1,39692.020,48996.602,9304.583,
Contact STARLINK-4593 - MoonARTEMIS1,51148.375,60458.438,9310.063,
Contact STARLINK-4593 - MoonARTEMIS1,62607.518,71923.526,9316.008,
Contact STARLINK-4593 - MoonARTEMIS1,74069.517,77657.443,3587.926,
Contact STARLINK-4593 - MoonARTEMIS1,79801.712,86400.000,6598.288,
Contact STARLINK-4593 - MoonARTEMIS2,0.000,3184.590,3184.590,
Contact STARLINK-4593 - MoonARTEMIS2,5348.343,8918.203,3569.860,
Contact STARLINK-4593 - MoonARTEMIS2,11080.619,20383.470,9302.851,
Contact STARLINK-4593 - MoonARTEMIS2,22542.935,31845.670,9302.735,
Contact STARLINK-4593 - MoonARTEMIS2,34001.816,37575.290,3573.474,
Contact STARLINK-4593 - MoonARTEMIS2,39729.610,49030.082,9300.472,
Contact STARLINK-4593 - MoonARTEMIS2,51180.101,59992.913,8812.812,
Contact STARLINK-4593 - MoonARTEMIS2,62634.834,71975.185,9340.351,
Contact STARLINK-4593 - MoonARTEMIS2,74118.457,77718.391,3599.934,
Contact STARLINK-4593 - MoonARTEMIS2,79857.577,86400.000,6542.423,
Contact STARLINK-4593 - MoonIOAGEO,0.000,3135.920,3135.920,
Contact STARLINK-4593 - MoonIOAGEO,5300.187,8867.176,3566.989,
Contact STARLINK-4593 - MoonIOAGEO,11032.614,14605.198,3572.584,
Contact STARLINK-4593 - MoonIOAGEO,22510.853,31823.252,9312.399,
Contact STARLINK-4593 - MoonIOAGEO,33979.907,37551.585,3571.678,
Contact STARLINK-4593 - MoonIOAGEO,39705.892,49004.719,9298.827,
Contact STARLINK-4593 - MoonIOAGEO,51158.864,60109.885,8951.021,
Contact STARLINK-4593 - MoonIOAGEO,64064.119,71967.466,7903.346,
Contact STARLINK-4593 - MoonIOAGEO,74109.978,77701.393,3591.415,
Contact STARLINK-4593 - MoonIOAGEO,79839.751,86400.000,6560.249,
Contact STARLINK-4593 - MoonIOAGNO,0.000,3140.919,3140.919,
Contact STARLINK-4593 - MoonIOAGNO,5305.157,8873.084,3567.927,
Contact STARLINK-4593 - MoonIOAGNO,11039.555,20353.330,9313.775,
Contact STARLINK-4593 - MoonIOAGNO,22516.920,31817.089,9300.169,
Contact STARLINK-4593 - MoonIOAGNO,33977.497,37547.360,3569.863,
Contact STARLINK-4593 - MoonIOAGNO,39705.798,49009.474,9303.677,
Contact STARLINK-4593 - MoonIOAGNO,51163.224,60493.472,9330.248,
Contact STARLINK-4593 - MoonIOAGNO,62645.064,71960.619,9315.555,
Contact STARLINK-4593 - MoonIOAGNO,74108.284,77691.970,3583.686,
Contact STARLINK-4593 - MoonIOAGNO,79837.071,86400.000,6562.929,
Contact STARLINK-4593 - MoonIOAGNO 0001,0.000,3152.575,3152.575,
Contact STARLINK-4593 - MoonIOAGNO 0001,5318.626,8883.642,3565.016,
Contact STARLINK-4593 - MoonIOAGNO 0001,11048.448,20343.296,9294.848,
Contact STARLINK-4593 - MoonIOAGNO 0001,22505.084,31809.421,9304.337,
Contact STARLINK-4593 - MoonIOAGNO 0001,33972.530,37553.892,3581.362,
Contact STARLINK-4593 - MoonIOAGNO 0001,39713.512,49021.993,9308.482,
Contact STARLINK-4593 - MoonIOAGNO 0001,51177.881,60483.805,9305.924,
Contact STARLINK-4593 - MoonIOAGNO 0001,62635.008,71948.855,9313.846,
Contact STARLINK-4593 - MoonIOAGNO 0001,74094.304,77694.975,3600.671,
Contact STARLINK-4593 - MoonIOAGNO 0001,79840.009,86400.000,6559.991,
Contact STARLINK-4593 - MoonIOAGSO,0.000,3133.540,3133.540,
Contact STARLINK-4593 - MoonIOAGSO,5301.150,8874.628,3573.479,
Contact STARLINK-4593 - MoonIOAGSO,12457.003,20344.735,7887.732,
Contact STARLINK-4593 - MoonIOAGSO,22502.424,31804.182,9301.758,
Contact STARLINK-4593 - MoonIOAGSO,33960.057,37536.086,3576.030,
Contact STARLINK-4593 - MoonIOAGSO,39691.777,49007.765,9315.988,
Contact STARLINK-4593 - MoonIOAGSO,51165.156,60488.781,9323.626,
Contact STARLINK-4593 - MoonIOAGSO,62632.984,71951.591,9318.607,
Contact STARLINK-4593 - MoonIOAGSO,74090.405,77684.050,3593.645,
Contact STARLINK-4593 - MoonIOAGSO,79821.612,86400.000,6578.388,
Contact STARLINK-4593 - MoonIOAGSO 0001,0.000,3139.571,3139.571,
Contact STARLINK-4593 - MoonIOAGSO 0001,5301.534,8868.801,3567.267,
Contact STARLINK-4593 - MoonIOAGSO 0001,11030.539,20332.841,9302.302,
Contact STARLINK-4593 - MoonIOAGSO 0001,22495.151,31812.419,9317.268,
Contact STARLINK-4593 - MoonIOAGSO 0001,34265.800,37550.629,3284.829,
Contact STARLINK-4593 - MoonIOAGSO 0001,39703.909,49011.131,9307.222,
Contact STARLINK-4593 - MoonIOAGSO 0001,51159.892,60475.396,9315.504,
Contact STARLINK-4593 - MoonIOAGSO 0001,62622.798,71949.386,9326.588,
Contact STARLINK-4593 - MoonIOAGSO 0001,74098.577,76342.864,2244.287,
Contact STARLINK-4593 - MoonIOAGSO 0001,79835.180,86400.000,6564.820,
Contact STARLINK-4593 - MoonLRO,0.000,3140.952,3140.952,
Contact STARLINK-4593 - MoonLRO,5308.434,8878.233,3569.799,
Contact STARLINK-4593 - MoonLRO,11037.622,20348.243,9310.621,
Contact STARLINK-4593 - MoonLRO,22506.834,31808.769,9301.934,
Contact STARLINK-4593 - MoonLRO,33975.026,37542.884,3567.858,
Contact STARLINK-4593 - MoonLRO,39703.936,49019.188,9315.252,
Contact STARLINK-4593 - MoonLRO,51164.806,60485.697,9320.891,
Contact STARLINK-4593 - MoonLRO,62637.493,71951.344,9313.851,
Contact STARLINK-4593 - MoonLRO,74100.886,77690.045,3589.159,
Contact STARLINK-4593 - MoonLRO,79829.661,86400.000,6570.339,
Contact STARLINK-4593 - MarsSat1,5359.208,8968.254,3609.046,
Contact STARLINK-4593 - MarsSat1,11082.881,20416.635,9333.755,
Contact STARLINK-4593 - MarsSat1,22530.200,31864.990,9334.790,
Contact STARLINK-4593 - MarsSat1,33977.476,37589.162,3611.686,
Contact STARLINK-4593 - MarsSat1,39701.105,49037.527,9336.422,
Contact STARLINK-4593 - MarsSat1,51148.381,60485.978,9337.597,
Contact STARLINK-4593 - MarsSat1,62595.732,71934.562,9338.829,
Contact STARLINK-4593 - MarsSat1,74043.197,77658.905,3615.709,
Contact STARLINK-4593 - MarsSat1,79766.970,86400.000,6633.030,
Contact STARLINK-4593 - MarsSat2,0.000,3243.951,3243.951,
Contact STARLINK-4593 - MarsSat2,5359.115,8968.159,3609.044,
Contact STARLINK-4593 - MarsSat2,11082.819,20416.616,9333.797,
Contact STARLINK-4593 - MarsSat2,22530.227,31865.091,9334.864,
Contact STARLINK-4593 - MarsSat2,33977.623,37589.336,3611.713,
Contact STARLINK-4593 - MarsSat2,39701.321,49037.847,9336.527,
Contact STARLINK-4593 - MarsSat2,51148.721,60486.392,9337.671,
Contact STARLINK-4593 - MarsSat2,62596.134,71934.974,9338.840,
Contact STARLINK-4593 - MarsSat2,74043.566,77659.280,3615.714,
Contact STARLINK-4593 - MarsSat2,79767.290,86400.000,6632.710,
Contact STARLINK-4593 - MarsSat3,0.000,3243.951,3243.951,
Contact STARLINK-4593 - MarsSat3,5359.066,8968.099,3609.033,
Contact STARLINK-4593 - MarsSat3,11082.724,20416.507,9333.783,
Contact STARLINK-4593 - MarsSat3,22530.119,31864.974,9334.855,
Contact STARLINK-4593 - MarsSat3,33977.511,37589.210,3611.698,
Contact STARLINK-4593 - MarsSat3,39701.195,49037.687,9336.492,
Contact STARLINK-4593 - MarsSat3,51148.552,60486.184,9337.632,
Contact STARLINK-4593 - MarsSat3,62595.910,71934.712,9338.803,
Contact STARLINK-4593 - MarsSat3,74043.287,77658.993,3615.706,
Contact STARLINK-4593 - MarsSat3,79766.990,86400.000,6633.010,
Contact STARLINK-4593 - MarsSat4,0.000,3244.083,3244.083,
Contact STARLINK-4593 - MarsSat4,5359.190,8968.196,3609.006,
Contact STARLINK-4593 - MarsSat4,11082.777,20416.453,9333.676,
Contact STARLINK-4593 - MarsSat4,22530.035,31864.947,9334.912,
Contact STARLINK-4593 - MarsSat4,33977.454,37589.156,3611.702,
Contact STARLINK-4593 - MarsSat4,39701.095,49037.543,9336.448,
Contact STARLINK-4593 - MarsSat4,51148.393,60486.128,9337.735,
Contact STARLINK-4593 - MarsSat4,62595.909,71934.728,9338.819,
Contact STARLINK-4593 - MarsSat4,74043.309,77658.996,3615.687,
Contact STARLINK-4593 - MarsSat4,79767.001,86400.000,6632.999,
Contact STARLINK-31192 - STARLINK-4359,60830.057,61589.589,759.531,
Contact STARLINK-31192 - STARLINK-4359,74944.008,75970.494,1026.487,
Contact STARLINK-31192 - STARLINK-4359,86295.108,86400.000,104.892,
Contact STARLINK-31192 - STARLINK-4006,60953.990,61658.565,704.575,
Contact STARLINK-31192 - STARLINK-4006,74838.904,76152.722,1313.818,
Contact STARLINK-31192 - STARLINK-4006,83243.589,86400.000,3156.411,
Contact STARLINK-31192 - STARLINK-4111,0.000,6528.028,6528.028,
Contact STARLINK-31192 - STARLINK-4111,7318.718,17665.369,10346.651,
Contact STARLINK-31192 - STARLINK-4111,24724.536,25998.136,1273.599,
Contact STARLINK-31192 - STARLINK-5774,7186.626,7292.703,106.077,
Contact STARLINK-31192 - STARLINK-31128,0.000,209.278,209.278,
Contact STARLINK-31192 - STARLINK-31128,10555.220,11437.934,882.714,
Contact STARLINK-31192 - STARLINK-31128,24756.242,25472.126,715.884,
Contact STARLINK-31192 - STARLINK-5322,68220.534,68835.650,615.116,
Contact STARLINK-31192 - STARLINK-5322,82401.395,83162.642,761.247,
Contact STARLINK-31192 - STARLINK-2466,35467.317,42766.667,7299.350,
Contact STARLINK-31192 - STARLINK-2466,43716.963,86400.000,42683.037,
Contact STARLINK-31192 - STARLINK-5807,53869.053,54046.682,177.628,
Contact STARLINK-31192 - STARLINK-5807,61450.253,86400.000,24949.747,
Contact STARLINK-31192 - STARLINK-2367,0.000,71578.112,71578.112,
Contact STARLINK-31192 - STARLINK-2367,72615.908,79882.953,7267.045,
Contact STARLINK-31192 - STARLINK-4560,0.000,229.543,229.543,
Contact STARLINK-31192 - STARLINK-4560,13704.931,14436.859,731.928,
Contact STARLINK-31192 - STARLINK-4560,25157.010,25778.006,620.996,
Contact STARLINK-31192 - STARLINK-4560,39522.337,39904.428,382.090,
Contact STARLINK-31192 - STARLINK-4338,21488.292,22084.142,595.850,
Contact STARLINK-31192 - STARLINK-4338,35758.764,36307.414,548.651,
Contact STARLINK-31192 - STARLINK-4338,50038.095,50520.851,482.756,
Contact STARLINK-31192 - STARLINK-2476,10196.339,11387.601,1191.262,
Contact STARLINK-31192 - STARLINK-2476,18374.989,71658.322,53283.334,
Contact STARLINK-31192 - STARLINK-2476,72146.838,79821.154,7674.316,
Contact STARLINK-31192 - STARLINK-2105,3253.790,4028.725,774.936,
Contact STARLINK-31192 - STARLINK-2105,17400.460,18290.386,889.926,
Contact STARLINK-31192 - STARLINK-2105,28736.355,32526.286,3789.931,
Contact STARLINK-31192 - STARLINK-2105,42928.306,43896.083,967.777,
Contact STARLINK-31192 - STARLINK-2105,57146.560,58085.458,938.899,
Contact STARLINK-31192 - STARLINK-2105,71389.423,72250.129,860.706,
Contact STARLINK-31192 - STARLINK-11199 [DTC],18576.588,67196.188,48619.600,
Contact STARLINK-31192 - STARLINK-5849,0.000,3270.641,3270.641,
Contact STARLINK-31192 - STARLINK-5849,7297.897,17559.262,10261.366,
Contact STARLINK-31192 - STARLINK-5849,18691.242,31684.846,12993.604,
Contact STARLINK-31192 - STARLINK-5849,38927.271,40060.731,1133.460,
Contact STARLINK-31192 - STARLINK-30100,6587.725,7681.809,1094.085,
Contact STARLINK-31192 - STARLINK-30100,15123.696,21893.752,6770.056,
Contact STARLINK-31192 - STARLINK-30100,32249.475,36056.854,3807.378,
Contact STARLINK-31192 - STARLINK-30100,46584.114,47341.991,757.877,
Contact STARLINK-31192 - STARLINK-30100,61052.642,61324.189,271.546,
Contact STARLINK-31192 - STARLINK-11101 [DTC],0.000,69.574,69.574,
Contact STARLINK-31192 - STARLINK-11101 [DTC],10212.197,11332.683,1120.486,
Contact STARLINK-31192 - STARLINK-11101 [DTC],21315.268,28028.760,6713.492,
Contact STARLINK-31192 - STARLINK-11101 [DTC],35331.467,36296.611,965.144,
Contact STARLINK-31192 - STARLINK-11101 [DTC],46719.595,47173.115,453.520,
Contact STARLINK-31192 - STARLINK-4254,10272.634,11033.159,760.525,
Contact STARLINK-31192 - STARLINK-5535,57024.797,57943.804,919.007,
Contact STARLINK-31192 - STARLINK-5535,65371.286,75389.825,10018.540,
Contact STARLINK-31192 - STARLINK-5535,79441.886,86400.000,6958.114,
Contact STARLINK-31192 - STARLINK-3525,2977.577,3900.463,922.886,
Contact STARLINK-31192 - STARLINK-1276,0.000,683.863,683.863,
Contact STARLINK-31192 - STARLINK-5837,625.939,7897.790,7271.850,
Contact STARLINK-31192 - STARLINK-5837,20984.132,21824.402,840.270,
Contact STARLINK-31192 - STARLINK-5058,3031.320,4031.175,999.855,
Contact STARLINK-31192 - STARLINK-5239,3017.931,4024.837,1006.907,
Contact STARLINK-31192 - STARLINK-5239,14366.929,18232.802,3865.873,
Contact STARLINK-31192 - STARLINK-5239,28580.730,32417.464,3836.734,
Contact STARLINK-31192 - STARLINK-5239,42818.271,43742.842,924.571,
Contact STARLINK-31192 - STARLINK-5239,57092.134,57868.827,776.694,
Contact STARLINK-31192 - STARLINK-1302,49761.258,50581.682,820.425,
Contact STARLINK-31192 - STARLINK-1302,57952.670,68228.646,10275.976,
Contact STARLINK-31192 - STARLINK-1302,68988.400,86400.000,17411.600,
Contact STARLINK-31192 - STARLINK-6135,0.000,34877.978,34877.978,
Contact STARLINK-31192 - STARLINK-4356,10180.779,11358.054,1177.275,
Contact STARLINK-31192 - STARLINK-4356,24472.489,25561.906,1089.417,
Contact STARLINK-31192 - STARLINK-4356,35960.868,39681.211,3720.342,
Contact STARLINK-31192 - STARLINK-4383,50256.392,50960.628,704.236,
Contact STARLINK-31192 - STARLINK-4383,64460.055,65248.492,788.437,
Contact STARLINK-31192 - STARLINK-4383,78693.595,79507.038,813.443,
Contact STARLINK-31192 - STARLINK-30052,6671.501,7759.713,1088.211,
Contact STARLINK-31192 - STARLINK-30052,20938.736,21934.520,995.785,
Contact STARLINK-31192 - STARLINK-30052,32390.171,36059.414,3669.243,
Contact STARLINK-31192 - STARLINK-30052,46772.805,47298.985,526.180,
Contact STARLINK-31192 - STARLINK-5713,78941.408,79878.854,937.446,
Contact STARLINK-31192 - STARLINK-11265 [DTC],0.000,6637.005,6637.005,
Contact STARLINK-31192 - STARLINK-11265 [DTC],7535.366,17597.275,10061.909,
Contact STARLINK-31192 - STARLINK-11265 [DTC],24598.777,25637.882,1039.105,
Contact STARLINK-31192 - MoonARTEMIS1,0.000,6470.997,6470.997,
Contact STARLINK-31192 - MoonARTEMIS1,8652.833,17788.964,9136.131,
Contact STARLINK-31192 - MoonARTEMIS1,19976.131,23455.226,3479.095,
Contact STARLINK-31192 - MoonARTEMIS1,25634.817,34749.184,9114.367,
Contact STARLINK-31192 - MoonARTEMIS1,36926.704,46043.785,9117.081,
Contact STARLINK-31192 - MoonARTEMIS1,48220.994,57341.196,9120.202,
Contact STARLINK-31192 - MoonARTEMIS1,59518.032,62990.973,3472.941,
Contact STARLINK-31192 - MoonARTEMIS1,65167.578,74292.850,9125.272,
Contact STARLINK-31192 - MoonARTEMIS1,76468.894,85598.334,9129.440,
Contact STARLINK-31192 - MoonARTEMIS2,0.000,6535.278,6535.278,
Contact STARLINK-31192 - MoonARTEMIS2,8716.900,17837.817,9120.917,
Contact STARLINK-31192 - MoonARTEMIS2,20018.886,23487.985,3469.099,
Contact STARLINK-31192 - MoonARTEMIS2,25668.615,34785.700,9117.086,
Contact STARLINK-31192 - MoonARTEMIS2,36965.070,46078.660,9113.590,
Contact STARLINK-31192 - MoonARTEMIS2,48255.997,57363.201,9107.203,
Contact STARLINK-31192 - MoonARTEMIS2,65203.579,74347.879,9144.300,
Contact STARLINK-31192 - MoonARTEMIS2,76525.136,85666.596,9141.460,
Contact STARLINK-31192 - MoonIOAGEO,0.000,6482.711,6482.711,
Contact STARLINK-31192 - MoonIOAGEO,8663.307,16217.399,7554.092,
Contact STARLINK-31192 - MoonIOAGEO,20057.490,23457.384,3399.895,
Contact STARLINK-31192 - MoonIOAGEO,25640.538,34763.539,9123.001,
Contact STARLINK-31192 - MoonIOAGEO,36941.814,46051.636,9109.822,
Contact STARLINK-31192 - MoonIOAGEO,48229.987,57357.773,9127.786,
Contact STARLINK-31192 - MoonIOAGEO,65200.442,74337.304,9136.862,
Contact STARLINK-31192 - MoonIOAGEO,76512.234,85629.792,9117.558,
Contact STARLINK-31192 - MoonIOAGNO,0.000,6488.551,6488.551,
Contact STARLINK-31192 - MoonIOAGNO,8669.897,17805.177,9135.280,
Contact STARLINK-31192 - MoonIOAGNO,19987.009,23456.946,3469.937,
Contact STARLINK-31192 - MoonIOAGNO,25637.778,34755.666,9117.887,
Contact STARLINK-31192 - MoonIOAGNO,36935.587,46054.210,9118.624,
Contact STARLINK-31192 - MoonIOAGNO,48233.796,57371.361,9137.565,
Contact STARLINK-31192 - MoonIOAGNO,59552.428,63026.388,3473.960,
Contact STARLINK-31192 - MoonIOAGNO,65205.371,74326.972,9121.601,
Contact STARLINK-31192 - MoonIOAGNO,76504.001,85626.042,9122.041,
Contact STARLINK-31192 - MoonIOAGNO 0001,0.000,6499.000,6499.000,
Contact STARLINK-31192 - MoonIOAGNO 0001,8678.542,17796.493,9117.951,
Contact STARLINK-31192 - MoonIOAGNO 0001,19976.154,23445.500,3469.346,
Contact STARLINK-31192 - MoonIOAGNO 0001,25625.622,34758.678,9133.056,
Contact STARLINK-31192 - MoonIOAGNO 0001,36942.399,46066.325,9123.926,
Contact STARLINK-31192 - MoonIOAGNO 0001,48246.468,57365.056,9118.589,
Contact STARLINK-31192 - MoonIOAGNO 0001,59543.750,63014.311,3470.561,
Contact STARLINK-31192 - MoonIOAGNO 0001,65192.253,74320.937,9128.685,
Contact STARLINK-31192 - MoonIOAGNO 0001,76502.026,85639.451,9137.425,
Contact STARLINK-31192 - MoonIOAGSO,0.000,6486.218,6486.218,
Contact STARLINK-31192 - MoonIOAGSO,8670.716,17801.229,9130.513,
Contact STARLINK-31192 - MoonIOAGSO,19980.562,23449.143,3468.582,
Contact STARLINK-31192 - MoonIOAGSO,25628.317,34746.688,9118.371,
Contact STARLINK-31192 - MoonIOAGSO,36926.383,46050.556,9124.173,
Contact STARLINK-31192 - MoonIOAGSO,48232.059,54685.586,6453.527,
Contact STARLINK-31192 - MoonIOAGSO,59548.207,63021.794,3473.588,
Contact STARLINK-31192 - MoonIOAGSO,65196.889,74321.253,9124.365,
Contact STARLINK-31192 - MoonIOAGSO,76494.828,85623.818,9128.990,
Contact STARLINK-31192 - MoonIOAGSO 0001,0.000,6488.294,6488.294,
Contact STARLINK-31192 - MoonIOAGSO 0001,8668.117,17787.074,9118.956,
Contact STARLINK-31192 - MoonIOAGSO 0001,19968.348,23439.583,3471.235,
Contact STARLINK-31192 - MoonIOAGSO 0001,25622.079,34759.465,9137.385,
Contact STARLINK-31192 - MoonIOAGSO 0001,36939.951,46059.275,9119.324,
Contact STARLINK-31192 - MoonIOAGSO 0001,48236.673,57358.302,9121.629,
Contact STARLINK-31192 - MoonIOAGSO 0001,59535.623,63009.662,3474.039,
Contact STARLINK-31192 - MoonIOAGSO 0001,65187.483,74322.508,9135.025,
Contact STARLINK-31192 - MoonIOAGSO 0001,77781.358,85635.177,7853.819,
Contact STARLINK-31192 - MoonLRO,0.000,6496.544,6496.544,
Contact STARLINK-31192 - MoonLRO,8676.468,17793.746,9117.279,
Contact STARLINK-31192 - MoonLRO,19981.262,23447.746,3466.484,
Contact STARLINK-31192 - MoonLRO,25629.142,34759.083,9129.940,
Contact STARLINK-31192 - MoonLRO,36933.744,46057.642,9123.898,
Contact STARLINK-31192 - MoonLRO,48244.179,57364.300,9120.121,
Contact STARLINK-31192 - MoonLRO,59541.669,63021.623,3479.954,
Contact STARLINK-31192 - MoonLRO,65192.622,74325.912,9133.289,
Contact STARLINK-31192 - MoonLRO,76504.565,85628.027,9123.461,
Contact STARLINK-31192 - MarsSat1,3096.076,6593.868,3497.792,
Contact STARLINK-31192 - MarsSat1,8738.167,17878.392,9140.225,
Contact STARLINK-31192 - MarsSat1,20022.309,23520.637,3498.327,
Contact STARLINK-31192 - MarsSat1,25664.353,34805.087,9140.734,
Contact STARLINK-31192 - MarsSat1,36948.391,46089.516,9141.125,
Contact STARLINK-31192 - MarsSat1,48232.399,57373.984,9141.585,
Contact STARLINK-31192 - MarsSat1,59516.438,63016.250,3499.812,
Contact STARLINK-31192 - MarsSat1,65158.485,74300.862,9142.377,
Contact STARLINK-31192 - MarsSat1,76442.646,85585.567,9142.921,
Contact STARLINK-31192 - MarsSat2,0.000,6593.764,6593.764,
Contact STARLINK-31192 - MarsSat2,8738.075,17878.346,9140.270,
Contact STARLINK-31192 - MarsSat2,20022.289,23520.637,3498.347,
Contact STARLINK-31192 - MarsSat2,25664.385,34805.213,9140.828,
Contact STARLINK-31192 - MarsSat2,36948.554,46089.787,9141.233,
Contact STARLINK-31192 - MarsSat2,48232.700,57374.365,9141.665,
Contact STARLINK-31192 - MarsSat2,59516.832,63016.658,3499.826,
Contact STARLINK-31192 - MarsSat2,65158.893,74301.251,9142.357,
Contact STARLINK-31192 - MarsSat2,76443.012,85585.856,9142.844,
Contact STARLINK-31192 - MarsSat3,0.000,6593.737,6593.737,
Contact STARLINK-31192 - MarsSat3,8738.018,17878.246,9140.228,
Contact STARLINK-31192 - MarsSat3,20022.184,23520.529,3498.345,
Contact STARLINK-31192 - MarsSat3,25664.277,34805.094,9140.818,
Contact STARLINK-31192 - MarsSat3,36948.433,46089.643,9141.210,
Contact STARLINK-31192 - MarsSat3,48232.548,57374.182,9141.634,
Contact STARLINK-31192 - MarsSat3,59516.634,63016.451,3499.817,
Contact STARLINK-31192 - MarsSat3,65158.671,74300.994,9142.323,
Contact STARLINK-31192 - MarsSat3,76442.739,85585.556,9142.818,
Contact STARLINK-31192 - MarsSat4,0.000,6593.851,6593.851,
Contact STARLINK-31192 - MarsSat4,8738.114,17878.230,9140.117,
Contact STARLINK-31192 - MarsSat4,20022.133,23520.471,3498.338,
Contact STARLINK-31192 - MarsSat4,25664.221,34805.068,9140.846,
Contact STARLINK-31192 - MarsSat4,36948.382,46089.532,9141.149,
Contact STARLINK-31192 - MarsSat4,48232.410,57374.069,9141.659,
Contact STARLINK-31192 - MarsSat4,59516.567,63016.424,3499.857,
Contact STARLINK-31192 - MarsSat4,65158.672,74301.002,9142.330,
Contact STARLINK-31192 - MarsSat4,76442.747,85585.548,9142.801,
Contact STARLINK-30800 - STARLINK-31558,67104.504,86400.000,19295.496,
Contact STARLINK-30800 - STARLINK-30126,0.000,3259.207,3259.207,
Contact STARLINK-30800 - STARLINK-30126,4136.284,17618.406,13482.122,
Contact STARLINK-30800 - STARLINK-30126,18495.693,31960.438,13464.745,
Contact STARLINK-30800 - STARLINK-30126,32843.306,46319.509,13476.204,
Contact STARLINK-30800 - STARLINK-30126,47202.772,60661.551,13458.779,
Contact STARLINK-30800 - STARLINK-30126,61550.385,75020.495,13470.110,
Contact STARLINK-30800 - STARLINK-30126,75909.912,86400.000,10490.088,
Contact STARLINK-30800 - STARLINK-4299,0.000,86400.000,86400.000,
Contact STARLINK-30800 - STARLINK-3994,7061.591,7910.921,849.329,
Contact STARLINK-30800 - STARLINK-3994,21446.860,22175.863,729.003,
Contact STARLINK-30800 - STARLINK-3994,35868.266,36402.212,533.945,
Contact STARLINK-30800 - STARLINK-3994,50308.041,50612.453,304.412,
Contact STARLINK-30800 - STARLINK-31295,2872.529,3905.573,1033.044,
Contact STARLINK-30800 - STARLINK-31295,14244.915,18171.518,3926.603,
Contact STARLINK-30800 - STARLINK-31295,28488.878,35249.787,6760.909,
Contact STARLINK-30800 - STARLINK-31295,42763.439,43772.266,1008.827,
Contact STARLINK-30800 - STARLINK-31295,57072.143,57948.979,876.836,
Contact STARLINK-30800 - STARLINK-31295,71422.134,72084.844,662.710,
Contact STARLINK-30800 - STARLINK-31577,41154.874,79647.010,38492.137,
Contact STARLINK-30800 - STARLINK-5322,3543.541,7311.738,3768.196,
Contact STARLINK-30800 - STARLINK-5322,17941.106,21689.117,3748.012,
Contact STARLINK-30800 - STARLINK-5322,32334.825,36059.150,3724.325,
Contact STARLINK-30800 - STARLINK-5322,46735.723,50433.734,3698.011,
Contact STARLINK-30800 - STARLINK-5322,61132.368,64800.175,3667.807,
Contact STARLINK-30800 - STARLINK-5322,75537.086,76294.586,757.500,
Contact STARLINK-30800 - STARLINK-2704,78933.650,79769.293,835.643,
Contact STARLINK-30800 - STARLINK-3189,4258.932,11310.768,7051.836,
Contact STARLINK-30800 - STARLINK-3189,18607.800,25609.880,7002.080,
Contact STARLINK-30800 - STARLINK-3189,35825.132,39917.840,4092.708,
Contact STARLINK-30800 - STARLINK-3189,50171.512,54210.391,4038.879,
Contact STARLINK-30800 - STARLINK-3189,64531.228,68511.883,3980.655,
Contact STARLINK-30800 - STARLINK-3189,78884.161,79945.582,1061.421,
Contact STARLINK-30800 - STARLINK-31784,152.726,10264.533,10111.807,
Contact STARLINK-30800 - STARLINK-31784,17775.524,18377.299,601.775,
Contact STARLINK-30800 - STARLINK-5494,0.000,86400.000,86400.000,
Contact STARLINK-30800 - STARLINK-30421,50329.249,86400.000,36070.751,
Contact STARLINK-30800 - STARLINK-32197,67975.545,69027.746,1052.201,
Contact STARLINK-30800 - STARLINK-32197,82073.705,83289.690,1215.985,
Contact STARLINK-30800 - STARLINK-6148,0.000,3146.541,3146.541,
Contact STARLINK-30800 - STARLINK-6148,10320.560,17506.863,7186.303,
Contact STARLINK-30800 - STARLINK-6148,24681.023,31846.587,7165.564,
Contact STARLINK-30800 - STARLINK-6148,39024.716,46206.831,7182.115,
Contact STARLINK-30800 - STARLINK-6148,53385.173,60546.590,7161.417,
Contact STARLINK-30800 - STARLINK-6148,67728.850,74906.757,7177.907,
Contact STARLINK-30800 - STARLINK-6148,82089.302,83506.561,1417.259,
Contact STARLINK-30800 - STARLINK-11101 [DTC],78345.749,86400.000,8054.251,
Contact STARLINK-30800 - STARLINK-31853,32223.261,32905.441,682.181,
Contact STARLINK-30800 - STARLINK-31853,46230.967,47237.112,1006.145,
Contact STARLINK-30800 - STARLINK-31853,57518.060,61456.223,3938.163,
Contact STARLINK-30800 - STARLINK-31853,71715.522,72758.073,1042.551,
Contact STARLINK-30800 - STARLINK-31853,86026.126,86400.000,373.874,
Contact STARLINK-30800 - STARLINK-4551,3281.589,7261.042,3979.454,
Contact STARLINK-30800 - STARLINK-4551,17604.624,18726.222,1121.598,
Contact STARLINK-30800 - STARLINK-4551,31922.804,33059.160,1136.357,
Contact STARLINK-30800 - STARLINK-4551,46249.758,47383.574,1133.817,
Contact STARLINK-30800 - STARLINK-4551,60571.934,61712.506,1140.571,
Contact STARLINK-30800 - STARLINK-4551,74902.885,76032.868,1129.983,
Contact STARLINK-30800 - STARLINK-4551,83497.007,86400.000,2902.993,
Contact STARLINK-30800 - STARLINK-1578,417.854,7575.895,7158.040,
Contact STARLINK-30800 - STARLINK-1578,17637.275,24730.362,7093.088,
Contact STARLINK-30800 - STARLINK-1578,31984.785,39027.762,7042.977,
Contact STARLINK-30800 - STARLINK-1578,46352.217,53305.010,6952.793,
Contact STARLINK-30800 - STARLINK-1578,60709.521,61881.297,1171.776,
Contact STARLINK-30800 - STARLINK-1578,75089.431,76148.321,1058.891,
Contact STARLINK-30800 - STARLINK-31852,0.000,172.701,172.701,
Contact STARLINK-30800 - STARLINK-31852,10798.578,11347.464,548.886,
Contact STARLINK-30800 - STARLINK-1666,0.000,600.183,600.183,
Contact STARLINK-30800 - STARLINK-1666,13941.277,14932.720,991.443,
Contact STARLINK-30800 - STARLINK-1666,28280.285,29265.693,985.408,
Contact STARLINK-30800 - STARLINK-1666,42620.871,43597.104,976.233,
Contact STARLINK-30800 - STARLINK-1666,56960.934,57928.969,968.035,
Contact STARLINK-30800 - STARLINK-1666,71302.640,72259.241,956.602,
Contact STARLINK-30800 - STARLINK-1666,82775.963,86400.000,3624.037,
Contact STARLINK-30800 - STARLINK-1293,0.000,86400.000,86400.000,
Contact STARLINK-30800 - STARLINK-30879,0.000,21857.033,21857.033,
Contact STARLINK-30800 - STARLINK-31345,32083.572,32596.636,513.063,
Contact STARLINK-30800 - STARLINK-31345,46185.360,46938.265,752.904,
Contact STARLINK-30800 - STARLINK-31345,57503.151,61229.890,3726.739,
Contact STARLINK-30800 - STARLINK-31345,71683.493,72636.005,952.512,
Contact STARLINK-30800 - STARLINK-31345,85898.798,86400.000,501.202,
Contact STARLINK-30800 - STARLINK-31690,7077.898,7221.843,143.945,
Contact STARLINK-30800 - STARLINK-31690,20788.843,21851.919,1063.076,
Contact STARLINK-30800 - STARLINK-31690,31998.968,38998.841,6999.873,
Contact STARLINK-30800 - STARLINK-31690,46157.181,47481.629,1324.448,
Contact STARLINK-30800 - STARLINK-31690,54722.013,61504.210,6782.197,
Contact STARLINK-30800 - STARLINK-1788,3869.932,14247.937,10378.005,
Contact STARLINK-30800 - STARLINK-1788,18226.654,28578.692,10352.038,
Contact STARLINK-30800 - STARLINK-1788,32575.183,42890.086,10314.903,
Contact STARLINK-30800 - STARLINK-1788,46934.976,57217.901,10282.925,
Contact STARLINK-30800 - STARLINK-1788,64162.582,71526.735,7364.153,
Contact STARLINK-30800 - STARLINK-1788,78515.030,85851.869,7336.839,
Contact STARLINK-30800 - STARLINK-1080,10329.940,11391.276,1061.336,
Contact STARLINK-30800 - STARLINK-1080,24674.236,25685.244,1011.008,
Contact STARLINK-30800 - STARLINK-1080,39014.133,39984.153,970.021,
Contact STARLINK-30800 - STARLINK-1080,53366.034,54270.490,904.456,
Contact STARLINK-30800 - STARLINK-1080,67713.518,68561.694,848.176,
Contact STARLINK-30800 - STARLINK-1080,79198.357,82838.436,3640.080,
Contact STARLINK-30800 - STARLINK-31554,18103.367,70693.489,52590.122,
Contact STARLINK-30800 - STARLINK-4383,2933.599,3622.553,688.954,
Contact STARLINK-30800 - STARLINK-4383,43184.252,43875.787,691.535,
Contact STARLINK-30800 - STARLINK-4383,57559.613,58251.025,691.413,
Contact STARLINK-30800 - STARLINK-4383,71934.574,72628.117,693.543,
Contact STARLINK-30800 - STARLINK-4383,86310.141,86400.000,89.859,
Contact STARLINK-30800 - STARLINK-1303,0.000,86400.000,86400.000,
Contact STARLINK-30800 - STARLINK-11265 [DTC],67823.522,68932.598,1109.077,
Contact STARLINK-30800 - STARLINK-11265 [DTC],79048.193,82825.618,3777.425,
Contact STARLINK-30800 - STARLINK-4612,6941.237,10950.109,4008.873,
Contact STARLINK-30800 - STARLINK-4612,21307.833,25225.511,3917.678,
Contact STARLINK-30800 - STARLINK-4612,35693.042,36649.139,956.097,
Contact STARLINK-30800 - STARLINK-4612,50068.974,50933.124,864.150,
Contact STARLINK-30800 - STARLINK-4612,64470.174,65188.628,718.454,
Contact STARLINK-30800 - STARLINK-4612,78864.775,79453.740,588.965,
Contact STARLINK-30800 - STARLINK-5831,0.000,86400.000,86400.000,
Contact STARLINK-30800 - STARLINK-31034,14257.893,15014.464,756.571,
Contact STARLINK-30800 - STARLINK-31034,28407.269,29315.256,907.987,
Contact STARLINK-30800 - STARLINK-31034,42596.849,43574.647,977.797,
Contact STARLINK-30800 - STARLINK-31034,53972.410,57802.593,3830.183,
Contact STARLINK-30800 - STARLINK-31034,68221.141,69158.969,937.828,
Contact STARLINK-30800 - STARLINK-31034,82509.484,83320.060,810.575,
Contact STARLINK-30800 - STARLINK-3815,0.000,33877.685,33877.685,
Contact STARLINK-30800 - STARLINK-31611,0.000,81.402,81.402,
Contact STARLINK-30800 - STARLINK-31611,10312.971,17520.599,7207.629,
Contact STARLINK-30800 - STARLINK-31611,18684.925,31755.207,13070.282,
Contact STARLINK-30800 - STARLINK-31611,32815.102,40179.775,7364.672,
Contact STARLINK-30800 - STARLINK-31611,50121.308,54018.917,3897.609,
Contact STARLINK-30800 - MoonARTEMIS1,0.000,3231.852,3231.852,
Contact STARLINK-30800 - MoonARTEMIS1,5383.804,8995.540,3611.737,
Contact STARLINK-30800 - MoonARTEMIS1,11148.049,20539.120,9391.071,
Contact STARLINK-30800 - MoonARTEMIS1,22695.363,29391.026,6695.662,
Contact STARLINK-30800 - MoonARTEMIS1,34202.811,37814.209,3611.397,
Contact STARLINK-30800 - MoonARTEMIS1,39955.245,49322.556,9367.310,
Contact STARLINK-30800 - MoonARTEMIS1,51462.426,60833.651,9371.225,
Contact STARLINK-30800 - MoonARTEMIS1,62972.796,66590.317,3617.521,
Contact STARLINK-30800 - MoonARTEMIS1,68729.244,78106.176,9376.932,
Contact STARLINK-30800 - MoonARTEMIS1,80244.983,86400.000,6155.017,
Contact STARLINK-30800 - MoonARTEMIS2,0.000,3310.128,3310.128,
Contact STARLINK-30800 - MoonARTEMIS2,5461.305,9069.369,3608.064,
Contact STARLINK-30800 - MoonARTEMIS2,11219.614,20585.173,9365.559,
Contact STARLINK-30800 - MoonARTEMIS2,22733.517,32097.063,9363.545,
Contact STARLINK-30800 - MoonARTEMIS2,34243.299,37851.254,3607.955,
Contact STARLINK-30800 - MoonARTEMIS2,39996.254,49354.814,9358.559,
Contact STARLINK-30800 - MoonARTEMIS2,51496.421,59995.493,8499.072,
Contact STARLINK-30800 - MoonARTEMIS2,63008.907,66636.583,3627.676,
Contact STARLINK-30800 - MoonARTEMIS2,68781.742,78175.171,9393.429,
Contact STARLINK-30800 - MoonARTEMIS2,80317.691,86400.000,6082.309,
Contact STARLINK-30800 - MoonIOAGEO,0.000,3248.961,3248.961,
Contact STARLINK-30800 - MoonIOAGEO,5398.806,9007.257,3608.451,
Contact STARLINK-30800 - MoonIOAGEO,11159.118,14774.805,3615.687,
Contact STARLINK-30800 - MoonIOAGEO,22697.740,32075.610,9377.870,
Contact STARLINK-30800 - MoonIOAGEO,34219.568,37826.618,3607.050,
Contact STARLINK-30800 - MoonIOAGEO,39968.393,49327.102,9358.709,
Contact STARLINK-30800 - MoonIOAGEO,51471.257,60108.794,8637.537,
Contact STARLINK-30800 - MoonIOAGEO,64110.027,66631.793,2521.766,
Contact STARLINK-30800 - MoonIOAGEO,68776.019,78154.459,9378.440,
Contact STARLINK-30800 - MoonIOAGEO,80292.062,86400.000,6107.938,
Contact STARLINK-30800 - MoonIOAGNO,0.000,3251.277,3251.277,
Contact STARLINK-30800 - MoonIOAGNO,5404.371,9018.659,3614.288,
Contact STARLINK-30800 - MoonIOAGNO,11172.784,20541.689,9368.906,
Contact STARLINK-30800 - MoonIOAGNO,22691.578,32051.533,9359.955,
Contact STARLINK-30800 - MoonIOAGNO,34201.224,37808.612,3607.387,
Contact STARLINK-30800 - MoonIOAGNO,39957.426,49332.639,9375.214,
Contact STARLINK-30800 - MoonIOAGNO,51479.954,60865.638,9385.684,
Contact STARLINK-30800 - MoonIOAGNO,63009.379,66619.387,3610.008,
Contact STARLINK-30800 - MoonIOAGNO,68763.922,78129.535,9365.614,
Contact STARLINK-30800 - MoonIOAGNO,80273.866,86400.000,6126.134,
Contact STARLINK-30800 - MoonIOAGNO 0001,0.000,3258.007,3258.007,
Contact STARLINK-30800 - MoonIOAGNO 0001,5411.214,9013.308,3602.093,
Contact STARLINK-30800 - MoonIOAGNO 0001,11166.159,20528.783,9362.623,
Contact STARLINK-30800 - MoonIOAGNO 0001,22679.614,32062.339,9382.725,
Contact STARLINK-30800 - MoonIOAGNO 0001,34212.585,37826.136,3613.551,
Contact STARLINK-30800 - MoonIOAGNO 0001,39972.480,49334.741,9362.261,
Contact STARLINK-30800 - MoonIOAGNO 0001,51481.946,60847.902,9365.956,
Contact STARLINK-30800 - MoonIOAGNO 0001,62993.826,66608.568,3614.742,
Contact STARLINK-30800 - MoonIOAGNO 0001,68753.449,78149.238,9395.790,
Contact STARLINK-30800 - MoonIOAGNO 0001,80290.682,86400.000,6109.318,
Contact STARLINK-30800 - MoonIOAGSO,0.000,3252.012,3252.012,
Contact STARLINK-30800 - MoonIOAGSO,5402.882,9015.094,3612.213,
Contact STARLINK-30800 - MoonIOAGSO,12458.297,20552.119,8093.822,
Contact STARLINK-30800 - MoonIOAGSO,22695.718,32065.077,9369.359,
Contact STARLINK-30800 - MoonIOAGSO,34205.855,37820.219,3614.365,
Contact STARLINK-30800 - MoonIOAGSO,39961.265,49333.358,9372.093,
Contact STARLINK-30800 - MoonIOAGSO,51479.360,60873.611,9394.251,
Contact STARLINK-30800 - MoonIOAGSO,63013.391,66634.071,3620.680,
Contact STARLINK-30800 - MoonIOAGSO,68770.623,78147.210,9376.587,
Contact STARLINK-30800 - MoonIOAGSO,80282.234,86400.000,6117.766,
Contact STARLINK-30800 - MoonIOAGSO 0001,0.000,3269.255,3269.255,
Contact STARLINK-30800 - MoonIOAGSO 0001,5414.671,9024.720,3610.049,
Contact STARLINK-30800 - MoonIOAGSO 0001,11169.145,20535.094,9365.949,
Contact STARLINK-30800 - MoonIOAGSO 0001,22680.528,32058.488,9377.960,
Contact STARLINK-30800 - MoonIOAGSO 0001,34265.050,37831.880,3566.830,
Contact STARLINK-30800 - MoonIOAGSO 0001,39975.598,49350.198,9374.601,
Contact STARLINK-30800 - MoonIOAGSO 0001,51488.267,60861.165,9372.899,
Contact STARLINK-30800 - MoonIOAGSO 0001,62999.334,66616.588,3617.253,
Contact STARLINK-30800 - MoonIOAGSO 0001,68756.563,76334.386,7577.823,
Contact STARLINK-30800 - MoonIOAGSO 0001,80291.360,86400.000,6108.640,
Contact STARLINK-30800 - MoonLRO,0.000,3260.141,3260.141,
Contact STARLINK-30800 - MoonLRO,5410.061,9024.229,3614.168,
Contact STARLINK-30800 - MoonLRO,11167.070,20543.778,9376.709,
Contact STARLINK-30800 - MoonLRO,22691.516,32057.222,9365.706,
Contact STARLINK-30800 - MoonLRO,34210.927,37818.780,3607.853,
Contact STARLINK-30800 - MoonLRO,39966.096,49346.248,9380.152,
Contact STARLINK-30800 - MoonLRO,51482.405,60861.654,9379.249,
Contact STARLINK-30800 - MoonLRO,63008.860,66618.443,3609.583,
Contact STARLINK-30800 - MoonLRO,68768.287,78142.712,9374.425,
Contact STARLINK-30800 - MoonLRO,80280.072,86400.000,6119.928,
Contact STARLINK-30800 - MarsSat1,5519.493,9165.942,3646.449,
Contact STARLINK-30800 - MarsSat1,11265.332,20657.800,9392.468,
Contact STARLINK-30800 - MarsSat1,22756.972,32149.570,9392.598,
Contact STARLINK-30800 - MarsSat1,34248.542,37895.426,3646.883,
Contact STARLINK-30800 - MarsSat1,39994.309,49387.108,9392.799,
Contact STARLINK-30800 - MarsSat1,51485.845,60878.809,9392.964,
Contact STARLINK-30800 - MarsSat1,62977.440,66624.682,3647.242,
Contact STARLINK-30800 - MarsSat1,68723.275,78116.483,9393.208,
Contact STARLINK-30800 - MarsSat1,80215.022,86400.000,6184.978,
Contact STARLINK-30800 - MarsSat2,0.000,3419.870,3419.870,
Contact STARLINK-30800 - MarsSat2,5519.365,9165.805,3646.440,
Contact STARLINK-30800 - MarsSat2,11265.212,20657.705,9392.493,
Contact STARLINK-30800 - MarsSat2,22756.926,32149.591,9392.665,
Contact STARLINK-30800 - MarsSat2,34248.633,37895.524,3646.891,
Contact STARLINK-30800 - MarsSat2,39994.483,49387.369,9392.886,
Contact STARLINK-30800 - MarsSat2,51486.178,60879.187,9393.009,
Contact STARLINK-30800 - MarsSat2,62977.870,66625.086,3647.216,
Contact STARLINK-30800 - MarsSat2,68723.716,78116.866,9393.150,
Contact STARLINK-30800 - MarsSat2,80215.406,86400.000,6184.594,
Contact STARLINK-30800 - MarsSat3,0.000,3419.949,3419.949,
Contact STARLINK-30800 - MarsSat3,5519.388,9165.819,3646.431,
Contact STARLINK-30800 - MarsSat3,11265.169,20657.616,9392.447,
Contact STARLINK-30800 - MarsSat3,22756.815,32149.474,9392.658,
Contact STARLINK-30800 - MarsSat3,34248.505,37895.402,3646.897,
Contact STARLINK-30800 - MarsSat3,39994.347,49387.237,9392.890,
Contact STARLINK-30800 - MarsSat3,51486.019,60879.036,9393.017,
Contact STARLINK-30800 - MarsSat3,62977.675,66624.920,3647.245,
Contact STARLINK-30800 - MarsSat3,68723.497,78116.653,9393.155,
Contact STARLINK-30800 - MarsSat3,80215.134,86400.000,6184.866,
Contact STARLINK-30800 - MarsSat4,0.000,3420.038,3420.038,
Contact STARLINK-30800 - MarsSat4,5519.510,9165.939,3646.429,
Contact STARLINK-30800 - MarsSat4,11265.271,20657.638,9392.367,
Contact STARLINK-30800 - MarsSat4,22756.783,32149.512,9392.728,
Contact STARLINK-30800 - MarsSat4,34248.515,37895.440,3646.925,
Contact STARLINK-30800 - MarsSat4,39994.329,49387.158,9392.829,
Contact STARLINK-30800 - MarsSat4,51485.882,60878.926,9393.043,
Contact STARLINK-30800 - MarsSat4,62977.616,66624.878,3647.261,
Contact STARLINK-30800 - MarsSat4,68723.487,78116.625,9393.138,
Contact STARLINK-30800 - MarsSat4,80215.110,86400.000,6184.890,
Contact STARLINK-31558 - STARLINK-4359,3342.688,4010.481,667.794,
Contact STARLINK-31558 - STARLINK-4359,17489.324,18254.730,765.407,
Contact STARLINK-31558 - STARLINK-4359,31672.606,32463.116,790.510,
Contact STARLINK-31558 - STARLINK-4359,43035.067,43813.418,778.352,
Contact STARLINK-31558 - STARLINK-4359,57257.598,57981.463,723.864,
Contact STARLINK-31558 - STARLINK-4359,71508.215,72122.976,614.760,
Contact STARLINK-31558 - STARLINK-4006,0.000,55541.797,55541.797,
Contact STARLINK-31558 - STARLINK-30126,67966.390,68939.624,973.234,
Contact STARLINK-31558 - STARLINK-30126,76348.606,83277.571,6928.965,
Contact STARLINK-31558 - STARLINK-31577,0.000,21259.074,21259.074,
Contact STARLINK-31558 - STARLINK-31577,21903.605,32065.881,10162.276,
Contact STARLINK-31558 - STARLINK-31577,39164.489,40196.297,1031.808,
Contact STARLINK-31558 - STARLINK-5322,50113.396,50870.444,757.048,
Contact STARLINK-31558 - STARLINK-5322,64192.616,65199.163,1006.548,
Contact STARLINK-31558 - STARLINK-5322,75535.633,79418.800,3883.167,
Contact STARLINK-31558 - STARLINK-2466,0.000,32006.694,32006.694,
Contact STARLINK-31558 - STARLINK-2704,22433.235,86400.000,63966.765,
Contact STARLINK-31558 - STARLINK-5807,0.000,6599.092,6599.092,
Contact STARLINK-31558 - STARLINK-5807,8039.831,21146.665,13106.834,
Contact STARLINK-31558 - STARLINK-5807,21934.695,35228.131,13293.436,
Contact STARLINK-31558 - STARLINK-5807,36328.072,43470.048,7141.977,
Contact STARLINK-31558 - STARLINK-2367,7028.342,7860.250,831.908,
Contact STARLINK-31558 - STARLINK-2367,21348.686,21804.200,455.513,
Contact STARLINK-31558 - STARLINK-5494,74729.884,86400.000,11670.116,
Contact STARLINK-31558 - STARLINK-30421,3001.367,3989.045,987.678,
Contact STARLINK-31558 - STARLINK-30421,14135.863,20962.356,6826.493,
Contact STARLINK-31558 - STARLINK-30421,28062.267,29452.841,1390.573,
Contact STARLINK-31558 - STARLINK-30421,36439.016,46392.109,9953.093,
Contact STARLINK-31558 - STARLINK-30421,47602.384,60483.851,12881.467,
Contact STARLINK-31558 - STARLINK-30421,61558.899,71760.177,10201.278,
Contact STARLINK-31558 - STARLINK-30421,72737.270,85858.363,13121.093,
Contact STARLINK-31558 - STARLINK-32197,6623.213,7448.118,824.905,
Contact STARLINK-31558 - STARLINK-32197,17826.922,18662.019,835.097,
Contact STARLINK-31558 - STARLINK-32197,31835.196,32675.686,840.490,
Contact STARLINK-31558 - STARLINK-32197,43039.347,43889.138,849.791,
Contact STARLINK-31558 - STARLINK-32197,57041.594,57908.962,867.368,
Contact STARLINK-31558 - STARLINK-32197,68246.250,69121.905,875.656,
Contact STARLINK-31558 - STARLINK-32197,82255.500,83134.578,879.078,
Contact STARLINK-31558 - STARLINK-2476,0.000,15403.501,15403.501,
Contact STARLINK-31558 - STARLINK-2105,0.000,444.310,444.310,
Contact STARLINK-31558 - STARLINK-2105,10714.501,14633.432,3918.931,
Contact STARLINK-31558 - STARLINK-2105,24895.086,25932.123,1037.037,
Contact STARLINK-31558 - STARLINK-2105,39149.808,39986.466,836.658,
Contact STARLINK-31558 - STARLINK-6148,53974.583,57796.126,3821.543,
Contact STARLINK-31558 - STARLINK-6148,67953.043,74957.158,7004.116,
Contact STARLINK-31558 - STARLINK-6148,82103.664,83444.703,1341.039,
Contact STARLINK-31558 - STARLINK-11199 [DTC],82366.237,83151.825,785.589,
Contact STARLINK-31558 - STARLINK-5849,7134.656,7795.794,661.138,
Contact STARLINK-31558 - STARLINK-30100,0.000,3918.915,3918.915,
Contact STARLINK-31558 - STARLINK-11101 [DTC],50604.685,86400.000,35795.315,
Contact STARLINK-31558 - STARLINK-4551,75253.240,75910.954,657.713,
Contact STARLINK-31558 - STARLINK-4551,86386.801,86400.000,13.199,
Contact STARLINK-31558 - STARLINK-5535,0.000,3680.212,3680.212,
Contact STARLINK-31558 - STARLINK-5535,14000.335,15078.078,1077.743,
Contact STARLINK-31558 - STARLINK-5535,28244.846,29231.447,986.602,
Contact STARLINK-31558 - STARLINK-5535,42614.915,43259.756,644.841,
Contact STARLINK-31558 - STARLINK-1293,81851.249,86400.000,4548.751,
Contact STARLINK-31558 - STARLINK-31345,46787.580,47233.555,445.975,
Contact STARLINK-31558 - STARLINK-31345,60769.655,61346.552,576.896,
Contact STARLINK-31558 - STARLINK-31345,71968.495,72623.688,655.193,
Contact STARLINK-31558 - STARLINK-31345,85978.247,86400.000,421.753,
Contact STARLINK-31558 - STARLINK-5239,0.000,303.502,303.502,
Contact STARLINK-31558 - STARLINK-5239,10669.947,14417.042,3747.095,
Contact STARLINK-31558 - STARLINK-5239,24905.600,25667.812,762.212,
Contact STARLINK-31558 - STARLINK-5239,39222.629,39654.724,432.094,
Contact STARLINK-31558 - STARLINK-1302,0.000,46310.626,46310.626,
Contact STARLINK-31558 - STARLINK-4675,17311.211,18217.117,905.906,
Contact STARLINK-31558 - STARLINK-4675,28464.859,35408.351,6943.493,
Contact STARLINK-31558 - STARLINK-4675,42533.599,43923.682,1390.083,
Contact STARLINK-31558 - STARLINK-4675,51027.960,58029.714,7001.754,
Contact STARLINK-31558 - STARLINK-4675,68167.404,69218.577,1051.173,
Contact STARLINK-31558 - STARLINK-4675,82724.420,82961.061,236.641,
Contact STARLINK-31558 - STARLINK-1788,79142.100,79658.234,516.133,
Contact STARLINK-31558 - STARLINK-4356,7077.249,7661.555,584.306,
Contact STARLINK-31558 - STARLINK-4356,21371.858,21761.420,389.562,
Contact STARLINK-31558 - STARLINK-4383,6965.721,7410.875,445.154,
Contact STARLINK-31558 - STARLINK-4383,21126.526,21646.133,519.607,
Contact STARLINK-31558 - STARLINK-4383,46612.268,47271.084,658.816,
Contact STARLINK-31558 - STARLINK-4383,60783.779,61495.226,711.447,
Contact STARLINK-31558 - STARLINK-4383,74965.581,75707.009,741.427,
Contact STARLINK-31558 - STARLINK-4383,86320.480,86400.000,79.520,
Contact STARLINK-31558 - STARLINK-30052,3046.582,3773.745,727.164,
Contact STARLINK-31558 - STARLINK-5713,35319.351,36056.526,737.174,
Contact STARLINK-31558 - STARLINK-5713,46546.051,47505.361,959.311,
Contact STARLINK-31558 - STARLINK-5713,60667.001,61727.271,1060.271,
Contact STARLINK-31558 - STARLINK-5713,74880.375,75855.991,975.616,
Contact STARLINK-31558 - STARLINK-5713,86320.819,86400.000,79.181,
Contact STARLINK-31558 - STARLINK-1303,68358.826,86400.000,18041.174,
Contact STARLINK-31558 - STARLINK-11265 [DTC],21159.774,21855.348,695.573,
Contact STARLINK-31558 - STARLINK-11265 [DTC],32149.446,33006.114,856.668,
Contact STARLINK-31558 - STARLINK-11265 [DTC],43194.628,46869.920,3675.292,
Contact STARLINK-31558 - STARLINK-11265 [DTC],57069.393,57900.866,831.472,
Contact STARLINK-31558 - STARLINK-11265 [DTC],68237.300,68873.543,636.243,
Contact STARLINK-31558 - STARLINK-5831,53720.783,60608.105,6887.322,
Contact STARLINK-31558 - STARLINK-5831,61994.625,74987.838,12993.213,
Contact STARLINK-31558 - STARLINK-5831,76000.589,86277.454,10276.865,
Contact STARLINK-31558 - MoonARTEMIS1,2044.330,5493.744,3449.414,
Contact STARLINK-31558 - MoonARTEMIS1,7666.659,16744.047,9077.389,
Contact STARLINK-31558 - MoonARTEMIS1,18923.090,28000.302,9077.211,
Contact STARLINK-31558 - MoonARTEMIS1,31104.691,39226.015,8121.324,
Contact STARLINK-31558 - MoonARTEMIS1,41395.960,44839.132,3443.172,
Contact STARLINK-31558 - MoonARTEMIS1,47009.296,56066.723,9057.427,
Contact STARLINK-31558 - MoonARTEMIS1,58237.737,67296.391,9058.654,
Contact STARLINK-31558 - MoonARTEMIS1,69468.698,78528.513,9059.815,
Contact STARLINK-31558 - MoonARTEMIS1,80702.549,86400.000,5697.451,
Contact STARLINK-31558 - MoonARTEMIS2,2120.732,5563.736,3443.004,
Contact STARLINK-31558 - MoonARTEMIS2,7739.179,16797.940,9058.761,
Contact STARLINK-31558 - MoonARTEMIS2,18973.480,28028.756,9055.277,
Contact STARLINK-31558 - MoonARTEMIS2,30204.138,39255.707,9051.568,
Contact STARLINK-31558 - MoonARTEMIS2,41430.442,44867.380,3436.938,
Contact STARLINK-31558 - MoonARTEMIS2,47041.445,56085.819,9044.374,
Contact STARLINK-31558 - MoonARTEMIS2,63888.845,67338.733,3449.888,
Contact STARLINK-31558 - MoonARTEMIS2,69518.692,78589.389,9070.697,
Contact STARLINK-31558 - MoonARTEMIS2,80769.329,86400.000,5630.671,
Contact STARLINK-31558 - MoonIOAGEO,2063.256,5506.100,3442.844,
Contact STARLINK-31558 - MoonIOAGEO,7678.614,16121.905,8443.290,
Contact STARLINK-31558 - MoonIOAGEO,20082.197,28009.950,7927.754,
Contact STARLINK-31558 - MoonIOAGEO,30184.022,39233.864,9049.842,
Contact STARLINK-31558 - MoonIOAGEO,41404.504,44841.485,3436.981,
Contact STARLINK-31558 - MoonIOAGEO,47013.610,56077.424,9063.814,
Contact STARLINK-31558 - MoonIOAGEO,64143.705,67334.144,3190.438,
Contact STARLINK-31558 - MoonIOAGEO,69512.961,78569.921,9056.960,
Contact STARLINK-31558 - MoonIOAGEO,80744.209,86400.000,5655.791,
Contact STARLINK-31558 - MoonIOAGNO,2061.716,5511.178,3449.462,
Contact STARLINK-31558 - MoonIOAGNO,7687.709,16759.050,9071.341,
Contact STARLINK-31558 - MoonIOAGNO,18931.621,27982.530,9050.909,
Contact STARLINK-31558 - MoonIOAGNO,30157.933,39214.839,9056.905,
Contact STARLINK-31558 - MoonIOAGNO,41391.586,44835.791,3444.204,
Contact STARLINK-31558 - MoonIOAGNO,47013.366,56093.547,9080.181,
Contact STARLINK-31558 - MoonIOAGNO,58268.261,67315.305,9047.044,
Contact STARLINK-31558 - MoonIOAGNO,69492.087,78542.391,9050.305,
Contact STARLINK-31558 - MoonIOAGNO,80721.162,86400.000,5678.838,
Contact STARLINK-31558 - MoonIOAGNO 0001,2069.098,5508.483,3439.386,
Contact STARLINK-31558 - MoonIOAGNO 0001,7683.056,16740.837,9057.781,
Contact STARLINK-31558 - MoonIOAGNO 0001,18916.562,27987.216,9070.655,
Contact STARLINK-31558 - MoonIOAGNO 0001,30165.306,39232.518,9067.212,
Contact STARLINK-31558 - MoonIOAGNO 0001,41406.307,44843.134,3436.826,
Contact STARLINK-31558 - MoonIOAGNO 0001,47018.530,56070.389,9051.860,
Contact STARLINK-31558 - MoonIOAGNO 0001,58247.747,67309.248,9061.501,
Contact STARLINK-31558 - MoonIOAGNO 0001,69488.480,78565.858,9077.378,
Contact STARLINK-31558 - MoonIOAGNO 0001,80741.762,86400.000,5658.238,
Contact STARLINK-31558 - MoonIOAGSO,2066.647,5511.820,3445.173,
Contact STARLINK-31558 - MoonIOAGSO,7684.972,16770.445,9085.473,
Contact STARLINK-31558 - MoonIOAGSO,18943.520,28007.584,9064.064,
Contact STARLINK-31558 - MoonIOAGSO,30177.111,39234.647,9057.537,
Contact STARLINK-31558 - MoonIOAGSO,41405.015,44847.101,3442.086,
Contact STARLINK-31558 - MoonIOAGSO,47019.202,54709.926,7690.724,
Contact STARLINK-31558 - MoonIOAGSO,58272.129,67339.317,9067.189,
Contact STARLINK-31558 - MoonIOAGSO,69512.767,78568.700,9055.933,
Contact STARLINK-31558 - MoonIOAGSO,80741.832,86400.000,5658.168,
Contact STARLINK-31558 - MoonIOAGSO 0001,2084.991,5532.139,3447.148,
Contact STARLINK-31558 - MoonIOAGSO 0001,7700.505,16759.765,9059.260,
Contact STARLINK-31558 - MoonIOAGSO 0001,18928.756,27987.160,9058.403,
Contact STARLINK-31558 - MoonIOAGSO 0001,30161.914,39245.720,9083.806,
Contact STARLINK-31558 - MoonIOAGSO 0001,41419.668,44865.819,3446.151,
Contact STARLINK-31558 - MoonIOAGSO 0001,47037.593,56095.840,9058.247,
Contact STARLINK-31558 - MoonIOAGSO 0001,58267.065,67320.348,9053.283,
Contact STARLINK-31558 - MoonIOAGSO 0001,69494.186,76335.983,6841.797,
Contact STARLINK-31558 - MoonIOAGSO 0001,80747.361,86400.000,5652.639,
Contact STARLINK-31558 - MoonLRO,2077.602,5516.955,3439.352,
Contact STARLINK-31558 - MoonLRO,7697.291,16758.577,9061.286,
Contact STARLINK-31558 - MoonLRO,18927.652,27998.459,9070.807,
Contact STARLINK-31558 - MoonLRO,30170.100,39228.336,9058.236,
Contact STARLINK-31558 - MoonLRO,41409.757,44848.655,3438.898,
Contact STARLINK-31558 - MoonLRO,47024.064,56091.958,9067.894,
Contact STARLINK-31558 - MoonLRO,58261.186,67321.112,9059.925,
Contact STARLINK-31558 - MoonLRO,69504.591,78559.563,9054.972,
Contact STARLINK-31558 - MoonLRO,80734.116,86400.000,5665.884,
Contact STARLINK-31558 - MarsSat1,2204.320,5676.668,3472.348,
Contact STARLINK-31558 - MarsSat1,7809.774,16887.012,9077.239,
Contact STARLINK-31558 - MarsSat1,19020.627,28097.259,9076.632,
Contact STARLINK-31558 - MarsSat1,30231.380,39307.406,9076.026,
Contact STARLINK-31558 - MarsSat1,41442.040,44912.450,3470.411,
Contact STARLINK-31558 - MarsSat1,47047.347,56122.514,9075.167,
Contact STARLINK-31558 - MarsSat1,58257.952,67332.581,9074.629,
Contact STARLINK-31558 - MarsSat1,69468.581,78542.670,9074.089,
Contact STARLINK-31558 - MarsSat1,80679.245,86400.000,5720.755,
Contact STARLINK-31558 - MarsSat2,0.000,5676.549,5676.549,
Contact STARLINK-31558 - MarsSat2,7809.643,16886.882,9077.239,
Contact STARLINK-31558 - MarsSat2,19020.517,28097.196,9076.678,
Contact STARLINK-31558 - MarsSat2,30231.363,39307.463,9076.100,
Contact STARLINK-31558 - MarsSat2,41442.162,44912.577,3470.414,
Contact STARLINK-31558 - MarsSat2,47047.544,56122.766,9075.222,
Contact STARLINK-31558 - MarsSat2,58258.271,67332.902,9074.632,
Contact STARLINK-31558 - MarsSat2,69468.950,78542.987,9074.037,
Contact STARLINK-31558 - MarsSat2,80679.581,86400.000,5720.419,
Contact STARLINK-31558 - MarsSat3,0.000,5676.636,5676.636,
Contact STARLINK-31558 - MarsSat3,7809.684,16886.848,9077.164,
Contact STARLINK-31558 - MarsSat3,19020.449,28097.105,9076.657,
Contact STARLINK-31558 - MarsSat3,30231.258,39307.367,9076.109,
Contact STARLINK-31558 - MarsSat3,41442.051,44912.483,3470.432,
Contact STARLINK-31558 - MarsSat3,47047.431,56122.674,9075.244,
Contact STARLINK-31558 - MarsSat3,58258.148,67332.799,9074.651,
Contact STARLINK-31558 - MarsSat3,69468.803,78542.847,9074.045,
Contact STARLINK-31558 - MarsSat3,80679.388,86400.000,5720.612,
Contact STARLINK-31558 - MarsSat4,0.000,5676.716,5676.716,
Contact STARLINK-31558 - MarsSat4,7809.793,16886.946,9077.153,
Contact STARLINK-31558 - MarsSat4,19020.502,28097.135,9076.633,
Contact STARLINK-31558 - MarsSat4,30231.291,39307.440,9076.149,
Contact STARLINK-31558 - MarsSat4,41442.082,44912.513,3470.431,
Contact STARLINK-31558 - MarsSat4,47047.402,56122.542,9075.140,
Contact STARLINK-31558 - MarsSat4,58258.010,67332.747,9074.737,
Contact STARLINK-31558 - MarsSat4,69468.774,78542.809,9074.035,
Contact STARLINK-31558 - MarsSat4,80679.345,86400.000,5720.655,
Contact STARLINK-4359 - STARLINK-4006,3117.895,3935.437,817.543,
Contact STARLINK-4359 - STARLINK-4006,17454.442,18280.414,825.971,
Contact STARLINK-4359 - STARLINK-4006,31800.687,32616.725,816.038,
Contact STARLINK-4359 - STARLINK-4006,46139.563,46959.267,819.704,
Contact STARLINK-4359 - STARLINK-4006,60487.432,61293.811,806.379,
Contact STARLINK-4359 - STARLINK-4006,71963.050,75634.331,3671.280,
Contact STARLINK-4359 - STARLINK-4006,86304.526,86400.000,95.474,
Contact STARLINK-4359 - STARLINK-4111,35914.179,36082.244,168.065,
Contact STARLINK-4359 - STARLINK-4111,50215.394,50478.990,263.596,
Contact STARLINK-4359 - STARLINK-4111,64512.715,64878.565,365.851,
Contact STARLINK-4359 - STARLINK-4111,78837.865,79251.273,413.408,
Contact STARLINK-4359 - STARLINK-31295,10237.344,11219.433,982.089,
Contact STARLINK-4359 - STARLINK-31295,24483.521,25509.319,1025.799,
Contact STARLINK-4359 - STARLINK-31295,35907.461,39757.568,3850.106,
Contact STARLINK-4359 - STARLINK-31295,50224.349,51134.651,910.302,
Contact STARLINK-4359 - STARLINK-31295,64571.888,65324.242,752.354,
Contact STARLINK-4359 - STARLINK-31295,79005.032,79430.092,425.060,
Contact STARLINK-4359 - STARLINK-31577,3165.974,4089.650,923.676,
Contact STARLINK-4359 - STARLINK-31577,17307.868,18200.975,893.107,
Contact STARLINK-4359 - STARLINK-31577,28730.509,29382.843,652.334,
Contact STARLINK-4359 - STARLINK-31128,75579.788,76093.185,513.397,
Contact STARLINK-4359 - STARLINK-2466,3349.459,4175.445,825.986,
Contact STARLINK-4359 - STARLINK-2466,17695.161,18542.918,847.757,
Contact STARLINK-4359 - STARLINK-2466,32052.323,32899.855,847.532,
Contact STARLINK-4359 - STARLINK-2466,46400.590,47264.589,863.998,
Contact STARLINK-4359 - STARLINK-2466,60759.795,61619.334,859.540,
Contact STARLINK-4359 - STARLINK-2466,75110.247,75981.720,871.473,
Contact STARLINK-4359 - STARLINK-2704,0.000,652.378,652.378,
Contact STARLINK-4359 - STARLINK-2704,14222.303,14971.648,749.345,
Contact STARLINK-4359 - STARLINK-2704,28539.340,29293.992,754.652,
Contact STARLINK-4359 - STARLINK-2704,42860.381,43612.844,752.463,
Contact STARLINK-4359 - STARLINK-2704,57178.832,57933.584,754.752,
Contact STARLINK-4359 - STARLINK-2704,71499.879,72252.184,752.304,
Contact STARLINK-4359 - STARLINK-2704,85819.652,86400.000,580.348,
Contact STARLINK-4359 - STARLINK-5807,3049.301,4063.423,1014.122,
Contact STARLINK-4359 - STARLINK-5807,17440.273,18482.863,1042.590,
Contact STARLINK-4359 - STARLINK-5807,31847.230,32885.033,1037.803,
Contact STARLINK-4359 - STARLINK-5807,46239.977,47302.494,1062.517,
Contact STARLINK-4359 - STARLINK-5807,60648.223,61703.341,1055.118,
Contact STARLINK-4359 - STARLINK-5807,75042.544,76119.031,1076.487,
Contact STARLINK-4359 - STARLINK-4560,7076.395,7805.933,729.538,
Contact STARLINK-4359 - STARLINK-4560,21471.002,22191.382,720.380,
Contact STARLINK-4359 - STARLINK-4560,35856.225,36585.828,729.603,
Contact STARLINK-4359 - STARLINK-4560,50250.821,50971.266,720.445,
Contact STARLINK-4359 - STARLINK-4560,64636.026,65365.695,729.669,
Contact STARLINK-4359 - STARLINK-4560,79030.612,79751.123,720.510,
Contact STARLINK-4359 - STARLINK-31784,10474.469,11108.545,634.075,
Contact STARLINK-4359 - STARLINK-31784,24701.447,25275.629,574.182,
Contact STARLINK-4359 - STARLINK-31784,50326.430,50759.592,433.163,
Contact STARLINK-4359 - STARLINK-31784,64548.586,64931.837,383.251,
Contact STARLINK-4359 - STARLINK-30421,2889.595,4030.939,1141.345,
Contact STARLINK-4359 - STARLINK-30421,14311.553,18209.985,3898.432,
Contact STARLINK-4359 - STARLINK-30421,28658.357,29488.648,830.291,
Contact STARLINK-4359 - STARLINK-30421,43190.351,43416.823,226.472,
Contact STARLINK-4359 - STARLINK-4338,3534.241,7297.958,3763.717,
Contact STARLINK-4359 - STARLINK-4338,17920.649,21683.931,3763.282,
Contact STARLINK-4359 - STARLINK-4338,32317.586,36080.574,3762.989,
Contact STARLINK-4359 - STARLINK-4338,46703.991,50466.522,3762.531,
Contact STARLINK-4359 - STARLINK-4338,61100.937,64863.140,3762.203,
Contact STARLINK-4359 - STARLINK-4338,75487.340,79249.062,3761.722,
Contact STARLINK-4359 - STARLINK-32197,13837.917,21075.344,7237.426,
Contact STARLINK-4359 - STARLINK-32197,22050.680,49600.285,27549.605,
Contact STARLINK-4359 - STARLINK-32197,50480.897,60528.574,10047.677,
Contact STARLINK-4359 - STARLINK-2476,3589.203,4289.650,700.448,
Contact STARLINK-4359 - STARLINK-2476,17938.320,18670.524,732.204,
Contact STARLINK-4359 - STARLINK-2476,32300.144,33039.590,739.446,
Contact STARLINK-4359 - STARLINK-2476,46651.675,47417.900,766.225,
Contact STARLINK-4359 - STARLINK-2476,61015.213,61785.140,769.927,
Contact STARLINK-4359 - STARLINK-2476,75368.741,76161.312,792.571,
Contact STARLINK-4359 - STARLINK-6148,0.000,83.670,83.670,
Contact STARLINK-4359 - STARLINK-6148,13848.362,14402.756,554.393,
Contact STARLINK-4359 - STARLINK-11199 [DTC],54781.705,61659.606,6877.902,
Contact STARLINK-4359 - STARLINK-11199 [DTC],71551.104,72844.697,1293.593,
Contact STARLINK-4359 - STARLINK-11101 [DTC],6952.765,7393.364,440.599,
Contact STARLINK-4359 - STARLINK-11101 [DTC],32186.168,32788.468,602.301,
Contact STARLINK-4359 - STARLINK-11101 [DTC],46212.819,46886.834,674.016,
Contact STARLINK-4359 - STARLINK-11101 [DTC],57454.417,58145.360,690.943,
Contact STARLINK-4359 - STARLINK-11101 [DTC],71529.406,72196.338,666.932,
Contact STARLINK-4359 - STARLINK-4254,6823.126,7442.369,619.243,
Contact STARLINK-4359 - STARLINK-4254,21181.369,21783.577,602.208,
Contact STARLINK-4359 - STARLINK-4254,35529.462,36134.595,605.133,
Contact STARLINK-4359 - STARLINK-4254,49888.364,50475.155,586.791,
Contact STARLINK-4359 - STARLINK-4254,64236.845,64825.776,588.931,
Contact STARLINK-4359 - STARLINK-31853,39447.294,40110.165,662.871,
Contact STARLINK-4359 - STARLINK-31853,53557.120,54390.773,833.653,
Contact STARLINK-4359 - STARLINK-31853,67727.198,68609.426,882.228,
Contact STARLINK-4359 - STARLINK-31853,79098.035,79949.919,851.884,
Contact STARLINK-4359 - STARLINK-4551,10558.966,11265.199,706.232,
Contact STARLINK-4359 - STARLINK-4551,24891.599,25628.566,736.966,
Contact STARLINK-4359 - STARLINK-4551,39232.405,39983.319,750.913,
Contact STARLINK-4359 - STARLINK-4551,53565.767,54346.008,780.241,
Contact STARLINK-4359 - STARLINK-4551,67907.850,68699.522,791.673,
Contact STARLINK-4359 - STARLINK-4551,82242.359,83061.116,818.757,
Contact STARLINK-4359 - STARLINK-1578,10497.491,11256.509,759.018,
Contact STARLINK-4359 - STARLINK-1578,24840.746,25603.606,762.860,
Contact STARLINK-4359 - STARLINK-1578,39188.594,39945.925,757.331,
Contact STARLINK-4359 - STARLINK-1578,53531.710,54293.068,761.358,
Contact STARLINK-4359 - STARLINK-1578,67880.264,68634.630,754.366,
Contact STARLINK-4359 - STARLINK-1578,82223.355,82981.710,758.355,
Contact STARLINK-4359 - STARLINK-5535,3276.178,7512.927,4236.749,
Contact STARLINK-4359 - STARLINK-5535,17655.331,21898.343,4243.012,
Contact STARLINK-4359 - STARLINK-5535,32051.220,36304.018,4252.797,
Contact STARLINK-4359 - STARLINK-5535,46430.533,53578.580,7148.048,
Contact STARLINK-4359 - STARLINK-5535,60826.416,67963.797,7137.381,
Contact STARLINK-4359 - STARLINK-5535,75205.883,82369.365,7163.482,
Contact STARLINK-4359 - STARLINK-5289,6591.941,7415.022,823.080,
Contact STARLINK-4359 - STARLINK-5289,20994.404,21812.533,818.129,
Contact STARLINK-4359 - STARLINK-5289,35384.897,36223.151,838.254,
Contact STARLINK-4359 - STARLINK-5289,49787.397,50620.646,833.249,
Contact STARLINK-4359 - STARLINK-5289,64177.898,65031.223,853.325,
Contact STARLINK-4359 - STARLINK-5289,78580.459,79428.680,848.221,
Contact STARLINK-4359 - STARLINK-1666,6920.695,10984.995,4064.300,
Contact STARLINK-4359 - STARLINK-1666,21296.964,25343.358,4046.394,
Contact STARLINK-4359 - STARLINK-1666,35662.993,39686.403,4023.410,
Contact STARLINK-4359 - STARLINK-1666,50047.892,54037.042,3989.149,
Contact STARLINK-4359 - STARLINK-1666,64422.385,65509.655,1087.270,
Contact STARLINK-4359 - STARLINK-1666,78817.630,79839.513,1021.883,
Contact STARLINK-4359 - STARLINK-1293,10755.888,11289.544,533.656,
Contact STARLINK-4359 - STARLINK-1293,25117.809,25654.382,536.573,
Contact STARLINK-4359 - STARLINK-1293,39481.201,40017.613,536.412,
Contact STARLINK-4359 - STARLINK-1293,53842.335,54383.168,540.833,
Contact STARLINK-4359 - STARLINK-1293,68205.801,68746.291,540.490,
Contact STARLINK-4359 - STARLINK-1293,82566.245,83112.467,546.222,
Contact STARLINK-4359 - STARLINK-31345,39424.131,39942.916,518.785,
Contact STARLINK-4359 - STARLINK-31345,53485.813,54371.500,885.687,
Contact STARLINK-4359 - STARLINK-31345,67645.027,68702.223,1057.195,
Contact STARLINK-4359 - STARLINK-31345,79010.821,82982.816,3971.995,
Contact STARLINK-4359 - STARLINK-31690,0.000,230.370,230.370,
Contact STARLINK-4359 - STARLINK-31690,13816.024,14477.318,661.294,
Contact STARLINK-4359 - STARLINK-31690,25142.334,25863.432,721.099,
Contact STARLINK-4359 - STARLINK-31690,39317.578,40077.781,760.204,
Contact STARLINK-4359 - STARLINK-31690,53506.616,54279.399,772.782,
Contact STARLINK-4359 - STARLINK-31690,67722.194,68453.426,731.232,
Contact STARLINK-4359 - STARLINK-31690,79107.917,79780.083,672.165,
Contact STARLINK-4359 - STARLINK-1302,3134.514,4004.368,869.855,
Contact STARLINK-4359 - STARLINK-1302,17494.259,18371.757,877.498,
Contact STARLINK-4359 - STARLINK-1302,31863.974,32730.103,866.129,
Contact STARLINK-4359 - STARLINK-1302,46224.673,47096.425,871.752,
Contact STARLINK-4359 - STARLINK-1302,60595.019,61454.025,859.005,
Contact STARLINK-4359 - STARLINK-1302,74956.513,75819.449,862.936,
Contact STARLINK-4359 - STARLINK-4675,0.000,6932.808,6932.808,
Contact STARLINK-4359 - STARLINK-4675,11043.674,21247.077,10203.402,
Contact STARLINK-4359 - STARLINK-4675,28316.285,35574.109,7257.824,
Contact STARLINK-4359 - STARLINK-4675,42720.141,49873.647,7153.506,
Contact STARLINK-4359 - STARLINK-4675,57126.769,64186.278,7059.509,
Contact STARLINK-4359 - STARLINK-4675,71545.394,78471.966,6926.572,
Contact STARLINK-4359 - STARLINK-4675,85964.350,86400.000,435.650,
Contact STARLINK-4359 - STARLINK-31554,0.000,604.901,604.901,
Contact STARLINK-4359 - STARLINK-31554,14066.204,14756.446,690.242,
Contact STARLINK-4359 - STARLINK-31554,28322.749,28887.699,564.950,
Contact STARLINK-4359 - STARLINK-5713,25169.327,25802.634,633.307,
Contact STARLINK-4359 - STARLINK-5713,39535.707,40198.502,662.795,
Contact STARLINK-4359 - STARLINK-5713,53883.816,54609.751,725.934,
Contact STARLINK-4359 - STARLINK-5713,68251.125,69005.407,754.282,
Contact STARLINK-4359 - STARLINK-5713,82601.208,83414.963,813.755,
Contact STARLINK-4359 - STARLINK-1303,82775.268,83254.017,478.749,
Contact STARLINK-4359 - STARLINK-11265 [DTC],36945.598,49835.227,12889.629,
Contact STARLINK-4359 - STARLINK-11265 [DTC],50531.991,57825.955,7293.964,
Contact STARLINK-4359 - STARLINK-31034,10169.290,11414.937,1245.647,
Contact STARLINK-4359 - STARLINK-31034,18644.022,25757.679,7113.656,
Contact STARLINK-4359 - STARLINK-31034,32874.206,39985.006,7110.800,
Contact STARLINK-4359 - STARLINK-31034,50086.297,54111.166,4024.869,
Contact STARLINK-4359 - STARLINK-31034,64571.040,65305.530,734.490,
Contact STARLINK-4359 - STARLINK-31611,0.000,324.096,324.096,
Contact STARLINK-4359 - MoonARTEMIS1,1402.190,16555.960,15153.770,
Contact STARLINK-4359 - MoonARTEMIS1,18655.246,28037.275,9382.029,
Contact STARLINK-4359 - MoonARTEMIS1,30148.573,39536.719,9388.147,
Contact STARLINK-4359 - MoonARTEMIS1,41650.881,45286.840,3635.959,
Contact STARLINK-4359 - MoonARTEMIS1,47402.591,56786.917,9384.326,
Contact STARLINK-4359 - MoonARTEMIS1,58906.329,68286.448,9380.119,
Contact STARLINK-4359 - MoonARTEMIS1,70410.067,74035.926,3625.859,
Contact STARLINK-4359 - MoonARTEMIS1,76161.822,85534.129,9372.307,
Contact STARLINK-4359 - MoonARTEMIS2,1395.950,10783.813,9387.863,
Contact STARLINK-4359 - MoonARTEMIS2,12899.499,16532.698,3633.198,
Contact STARLINK-4359 - MoonARTEMIS2,18651.260,28031.530,9380.270,
Contact STARLINK-4359 - MoonARTEMIS2,30154.709,39531.679,9376.970,
Contact STARLINK-4359 - MoonARTEMIS2,41657.926,45282.225,3624.300,
Contact STARLINK-4359 - MoonARTEMIS2,47409.283,56783.331,9374.048,
Contact STARLINK-4359 - MoonARTEMIS2,64652.906,68268.192,3615.286,
Contact STARLINK-4359 - MoonARTEMIS2,70401.636,74013.899,3612.263,
Contact STARLINK-4359 - MoonARTEMIS2,76151.290,85508.619,9357.329,
Contact STARLINK-4359 - MoonIOAGEO,1403.657,16256.153,14852.495,
Contact STARLINK-4359 - MoonIOAGEO,19908.096,28033.330,8125.234,
Contact STARLINK-4359 - MoonIOAGEO,30149.060,39537.464,9388.404,
Contact STARLINK-4359 - MoonIOAGEO,41657.871,45291.069,3633.198,
Contact STARLINK-4359 - MoonIOAGEO,47410.652,56784.879,9374.226,
Contact STARLINK-4359 - MoonIOAGEO,64654.189,68270.224,3616.035,
Contact STARLINK-4359 - MoonIOAGEO,70403.041,74017.822,3614.781,
Contact STARLINK-4359 - MoonIOAGEO,76155.026,85524.299,9369.273,
Contact STARLINK-4359 - MoonIOAGNO,1412.926,10794.318,9381.392,
Contact STARLINK-4359 - MoonIOAGNO,12897.823,16552.401,3654.578,
Contact STARLINK-4359 - MoonIOAGNO,18664.062,28064.770,9400.708,
Contact STARLINK-4359 - MoonIOAGNO,30177.707,39559.177,9381.469,
Contact STARLINK-4359 - MoonIOAGNO,41673.212,45299.751,3626.539,
Contact STARLINK-4359 - MoonIOAGNO,47414.360,56777.574,9363.213,
Contact STARLINK-4359 - MoonIOAGNO,58911.429,68295.868,9384.439,
Contact STARLINK-4359 - MoonIOAGNO,70430.215,74048.116,3617.901,
Contact STARLINK-4359 - MoonIOAGNO,76182.219,85540.468,9358.249,
Contact STARLINK-4359 - MoonIOAGNO 0001,1419.045,16571.080,15152.035,
Contact STARLINK-4359 - MoonIOAGNO 0001,18671.792,28047.651,9375.860,
Contact STARLINK-4359 - MoonIOAGNO 0001,30151.365,39545.006,9393.641,
Contact STARLINK-4359 - MoonIOAGNO 0001,41669.376,45302.713,3633.337,
Contact STARLINK-4359 - MoonIOAGNO 0001,47427.276,56804.394,9377.118,
Contact STARLINK-4359 - MoonIOAGNO 0001,58929.204,68288.986,9359.782,
Contact STARLINK-4359 - MoonIOAGNO 0001,70413.947,74022.879,3608.931,
Contact STARLINK-4359 - MoonIOAGNO 0001,76152.804,85534.589,9381.785,
Contact STARLINK-4359 - MoonIOAGSO,1391.777,16534.890,15143.113,
Contact STARLINK-4359 - MoonIOAGSO,18637.225,28020.670,9383.445,
Contact STARLINK-4359 - MoonIOAGSO,30132.429,39524.434,9392.005,
Contact STARLINK-4359 - MoonIOAGSO,41643.426,45280.660,3637.234,
Contact STARLINK-4359 - MoonIOAGSO,47403.371,54695.443,7292.071,
Contact STARLINK-4359 - MoonIOAGSO,58898.617,68255.828,9357.211,
Contact STARLINK-4359 - MoonIOAGSO,70387.289,74004.361,3617.072,
Contact STARLINK-4359 - MoonIOAGSO,76138.946,85511.883,9372.937,
Contact STARLINK-4359 - MoonIOAGSO 0001,1379.288,10781.141,9401.853,
Contact STARLINK-4359 - MoonIOAGSO 0001,12881.699,16533.704,3652.004,
Contact STARLINK-4359 - MoonIOAGSO 0001,18638.278,28045.879,9407.601,
Contact STARLINK-4359 - MoonIOAGSO 0001,30158.598,39522.334,9363.736,
Contact STARLINK-4359 - MoonIOAGSO 0001,41638.616,45264.180,3625.564,
Contact STARLINK-4359 - MoonIOAGSO 0001,47385.000,56762.813,9377.813,
Contact STARLINK-4359 - MoonIOAGSO 0001,58890.433,68274.359,9383.926,
Contact STARLINK-4359 - MoonIOAGSO 0001,70408.318,74031.297,3622.979,
Contact STARLINK-4359 - MoonIOAGSO 0001,77738.717,85504.115,7765.398,
Contact STARLINK-4359 - MoonLRO,1397.634,10799.973,9402.339,
Contact STARLINK-4359 - MoonLRO,12905.435,16543.414,3637.980,
Contact STARLINK-4359 - MoonLRO,18654.064,28041.894,9387.830,
Contact STARLINK-4359 - MoonLRO,30148.998,39541.099,9392.101,
Contact STARLINK-4359 - MoonLRO,41656.312,45285.582,3629.270,
Contact STARLINK-4359 - MoonLRO,47409.943,56776.276,9366.333,
Contact STARLINK-4359 - MoonLRO,58906.696,68279.478,9372.782,
Contact STARLINK-4359 - MoonLRO,70404.361,74029.273,3624.912,
Contact STARLINK-4359 - MoonLRO,76158.380,85519.658,9361.278,
Contact STARLINK-4359 - MarsSat1,1335.799,10720.028,9384.228,
Contact STARLINK-4359 - MarsSat1,12817.743,16475.805,3658.062,
Contact STARLINK-4359 - MarsSat1,18573.337,27987.361,9414.024,
Contact STARLINK-4359 - MarsSat1,30084.512,39498.927,9414.416,
Contact STARLINK-4359 - MarsSat1,41595.677,45254.715,3659.037,
Contact STARLINK-4359 - MarsSat1,47351.261,56766.295,9415.034,
Contact STARLINK-4359 - MarsSat1,58862.436,68277.872,9415.436,
Contact STARLINK-4359 - MarsSat1,70373.621,74033.655,3660.034,
Contact STARLINK-4359 - MarsSat1,76129.215,85545.206,9415.991,
Contact STARLINK-4359 - MarsSat2,1306.518,10720.120,9413.603,
Contact STARLINK-4359 - MarsSat2,12817.825,16475.925,3658.100,
Contact STARLINK-4359 - MarsSat2,18573.449,27987.492,9414.043,
Contact STARLINK-4359 - MarsSat2,30084.653,39499.029,9414.376,
Contact STARLINK-4359 - MarsSat2,41595.822,45254.792,3658.970,
Contact STARLINK-4359 - MarsSat2,47351.398,56766.311,9414.913,
Contact STARLINK-4359 - MarsSat2,58862.539,68277.825,9415.286,
Contact STARLINK-4359 - MarsSat2,70373.668,74033.581,3659.913,
Contact STARLINK-4359 - MarsSat2,76129.230,85545.092,9415.862,
Contact STARLINK-4359 - MarsSat3,1306.398,10720.013,9413.615,
Contact STARLINK-4359 - MarsSat3,12817.719,16475.870,3658.151,
Contact STARLINK-4359 - MarsSat3,18573.389,27987.504,9414.115,
Contact STARLINK-4359 - MarsSat3,30084.639,39499.035,9414.395,
Contact STARLINK-4359 - MarsSat3,41595.789,45254.781,3658.992,
Contact STARLINK-4359 - MarsSat3,47351.343,56766.261,9414.917,
Contact STARLINK-4359 - MarsSat3,58862.435,68277.747,9415.312,
Contact STARLINK-4359 - MarsSat3,70373.530,74033.502,3659.972,
Contact STARLINK-4359 - MarsSat3,76129.088,85545.054,9415.967,
Contact STARLINK-4359 - MarsSat4,1306.524,10719.937,9413.413,
Contact STARLINK-4359 - MarsSat4,12817.631,16475.737,3658.106,
Contact STARLINK-4359 - MarsSat4,18573.253,27987.433,9414.180,
Contact STARLINK-4359 - MarsSat4,30084.551,39498.881,9414.330,
Contact STARLINK-4359 - MarsSat4,41595.621,45254.643,3659.023,
Contact STARLINK-4359 - MarsSat4,47351.199,56766.328,9415.129,
Contact STARLINK-4359 - MarsSat4,58862.510,68277.817,9415.307,
Contact STARLINK-4359 - MarsSat4,70373.590,74033.548,3659.958,
Contact STARLINK-4359 - MarsSat4,76129.133,85545.161,9416.028,
Contact STARLINK-4006 - STARLINK-31577,0.000,29454.161,29454.161,
Contact STARLINK-4006 - STARLINK-2466,0.000,86400.000,86400.000,
Contact STARLINK-4006 - STARLINK-2704,0.000,674.672,674.672,
Contact STARLINK-4006 - STARLINK-2704,7797.725,14698.436,6900.711,
Contact STARLINK-4006 - STARLINK-5807,0.000,7135.543,7135.543,
Contact STARLINK-4006 - STARLINK-5807,7623.658,21504.080,13880.421,
Contact STARLINK-4006 - STARLINK-5807,21940.743,35825.362,13884.619,
Contact STARLINK-4006 - STARLINK-5807,36352.919,50055.014,13702.095,
Contact STARLINK-4006 - STARLINK-5807,50808.371,64293.942,13485.571,
Contact STARLINK-4006 - STARLINK-5807,65304.870,78480.995,13176.126,
Contact STARLINK-4006 - STARLINK-5807,79801.276,86400.000,6598.724,
Contact STARLINK-4006 - STARLINK-2367,7135.590,7574.125,438.535,
Contact STARLINK-4006 - STARLINK-2367,21403.727,21861.527,457.800,
Contact STARLINK-4006 - STARLINK-2367,35659.901,36161.304,501.404,
Contact STARLINK-4006 - STARLINK-2367,49929.345,50447.230,517.885,
Contact STARLINK-4006 - STARLINK-2367,75599.748,76176.947,577.200,
Contact STARLINK-4006 - STARLINK-30421,0.000,10070.802,10070.802,
Contact STARLINK-4006 - STARLINK-30421,11068.523,21244.307,10175.783,
Contact STARLINK-4006 - STARLINK-30421,28372.186,29595.353,1223.168,
Contact STARLINK-4006 - STARLINK-32197,6451.121,7404.808,953.687,
Contact STARLINK-4006 - STARLINK-32197,17794.350,18705.068,910.718,
Contact STARLINK-4006 - STARLINK-32197,32013.344,32790.800,777.456,
Contact STARLINK-4006 - STARLINK-32197,46274.903,46834.662,559.758,
Contact STARLINK-4006 - STARLINK-2105,0.000,184.199,184.199,
Contact STARLINK-4006 - STARLINK-2105,10551.692,14481.779,3930.087,
Contact STARLINK-4006 - STARLINK-2105,24858.664,25922.644,1063.979,
Contact STARLINK-4006 - STARLINK-2105,39158.330,40227.235,1068.905,
Contact STARLINK-4006 - STARLINK-2105,53466.391,54523.223,1056.831,
Contact STARLINK-4006 - STARLINK-2105,67767.080,68826.704,1059.624,
Contact STARLINK-4006 - STARLINK-2105,82076.246,83121.535,1045.289,
Contact STARLINK-4006 - STARLINK-11199 [DTC],60490.201,61589.940,1099.738,
Contact STARLINK-4006 - STARLINK-11199 [DTC],71688.677,72798.212,1109.535,
Contact STARLINK-4006 - STARLINK-11199 [DTC],86007.507,86400.000,392.493,
Contact STARLINK-4006 - STARLINK-5849,7189.296,7543.393,354.097,
Contact STARLINK-4006 - STARLINK-30100,0.000,449.758,449.758,
Contact STARLINK-4006 - STARLINK-11101 [DTC],31697.237,63802.987,32105.750,
Contact STARLINK-4006 - STARLINK-5535,0.000,6526.542,6526.542,
Contact STARLINK-4006 - STARLINK-5535,13994.402,15115.988,1121.586,
Contact STARLINK-4006 - STARLINK-5535,28364.351,29440.254,1075.903,
Contact STARLINK-4006 - STARLINK-5535,42748.590,43746.982,998.392,
Contact STARLINK-4006 - STARLINK-5535,57131.543,58057.904,926.361,
Contact STARLINK-4006 - STARLINK-5535,71530.309,72349.993,819.684,
Contact STARLINK-4006 - STARLINK-5535,85928.301,86400.000,471.699,
Contact STARLINK-4006 - STARLINK-31345,21580.327,21792.266,211.939,
Contact STARLINK-4006 - STARLINK-5239,0.000,1.570,1.570,
Contact STARLINK-4006 - STARLINK-5239,10552.669,11436.992,884.323,
Contact STARLINK-4006 - STARLINK-5239,24857.478,25728.406,870.928,
Contact STARLINK-4006 - STARLINK-5239,39156.949,40024.920,867.971,
Contact STARLINK-4006 - STARLINK-5239,53462.243,54315.816,853.573,
Contact STARLINK-4006 - STARLINK-5239,67762.064,68611.935,849.871,
Contact STARLINK-4006 - STARLINK-5239,82067.862,82902.295,834.433,
Contact STARLINK-4006 - STARLINK-1302,0.000,86400.000,86400.000,
Contact STARLINK-4006 - STARLINK-4675,2956.564,4084.400,1127.836,
Contact STARLINK-4006 - STARLINK-4675,11522.503,18397.558,6875.055,
Contact STARLINK-4006 - STARLINK-4675,28667.651,32696.690,4029.039,
Contact STARLINK-4006 - STARLINK-4675,42961.926,47008.824,4046.898,
Contact STARLINK-4006 - STARLINK-4675,57244.220,64174.753,6930.533,
Contact STARLINK-4006 - STARLINK-4675,71539.184,78472.689,6933.504,
Contact STARLINK-4006 - STARLINK-4675,85822.410,86400.000,577.590,
Contact STARLINK-4006 - STARLINK-4356,7047.097,7472.862,425.766,
Contact STARLINK-4006 - STARLINK-4356,21406.579,21797.280,390.701,
Contact STARLINK-4006 - STARLINK-4356,35760.786,36126.665,365.879,
Contact STARLINK-4006 - STARLINK-4356,50117.498,50453.705,336.206,
Contact STARLINK-4006 - STARLINK-4383,6719.721,7335.078,615.357,
Contact STARLINK-4006 - STARLINK-4383,21064.394,21675.902,611.508,
Contact STARLINK-4006 - STARLINK-4383,35401.349,36023.584,622.235,
Contact STARLINK-4006 - STARLINK-4383,75553.872,76189.134,635.262,
Contact STARLINK-4006 - STARLINK-5713,21332.106,21640.297,308.191,
Contact STARLINK-4006 - STARLINK-5713,35586.960,36025.814,438.854,
Contact STARLINK-4006 - STARLINK-5713,75565.523,76241.046,675.524,
Contact STARLINK-4006 - STARLINK-11265 [DTC],21218.644,21883.945,665.301,
Contact STARLINK-4006 - STARLINK-11265 [DTC],32290.528,33169.321,878.793,
Contact STARLINK-4006 - STARLINK-11265 [DTC],46324.029,47081.140,757.110,
Contact STARLINK-4006 - MoonARTEMIS1,1601.502,5233.200,3631.698,
Contact STARLINK-4006 - MoonARTEMIS1,7340.140,16714.414,9374.273,
Contact STARLINK-4006 - MoonARTEMIS1,18830.381,28202.317,9371.936,
Contact STARLINK-4006 - MoonARTEMIS1,31260.694,33930.285,2669.591,
Contact STARLINK-4006 - MoonARTEMIS1,36038.401,45385.973,9347.571,
Contact STARLINK-4006 - MoonARTEMIS1,47495.037,56843.142,9348.105,
Contact STARLINK-4006 - MoonARTEMIS1,58954.283,68302.252,9347.969,
Contact STARLINK-4006 - MoonARTEMIS1,70416.341,74032.653,3616.313,
Contact STARLINK-4006 - MoonARTEMIS1,76148.536,85495.534,9346.998,
Contact STARLINK-4006 - MoonARTEMIS2,1685.823,5304.821,3618.998,
Contact STARLINK-4006 - MoonARTEMIS2,7420.194,16768.926,9348.731,
Contact STARLINK-4006 - MoonARTEMIS2,18885.919,28229.348,9343.428,
Contact STARLINK-4006 - MoonARTEMIS2,30347.438,33958.077,3610.639,
Contact STARLINK-4006 - MoonARTEMIS2,36076.411,45412.006,9335.596,
Contact STARLINK-4006 - MoonARTEMIS2,47529.742,56860.154,9330.413,
Contact STARLINK-4006 - MoonARTEMIS2,64726.547,68346.374,3619.828,
Contact STARLINK-4006 - MoonARTEMIS2,70472.391,74086.840,3614.449,
Contact STARLINK-4006 - MoonARTEMIS2,76214.596,85561.083,9346.488,
Contact STARLINK-4006 - MoonIOAGEO,1623.419,5245.843,3622.423,
Contact STARLINK-4006 - MoonIOAGEO,7353.614,16119.161,8765.548,
Contact STARLINK-4006 - MoonIOAGEO,20084.584,28212.139,8127.555,
Contact STARLINK-4006 - MoonIOAGEO,30325.519,33941.802,3616.283,
Contact STARLINK-4006 - MoonIOAGEO,36053.428,45386.524,9333.095,
Contact STARLINK-4006 - MoonIOAGEO,47499.736,56854.639,9354.904,
Contact STARLINK-4006 - MoonIOAGEO,64722.451,68341.372,3618.921,
Contact STARLINK-4006 - MoonIOAGEO,70465.528,74076.437,3610.908,
Contact STARLINK-4006 - MoonIOAGEO,76199.399,85523.438,9324.038,
Contact STARLINK-4006 - MoonIOAGNO,1621.054,5250.255,3629.201,
Contact STARLINK-4006 - MoonIOAGNO,7362.879,16728.920,9366.042,
Contact STARLINK-4006 - MoonIOAGNO,18840.442,28179.882,9339.440,
Contact STARLINK-4006 - MoonIOAGNO,30297.421,33909.772,3612.350,
Contact STARLINK-4006 - MoonIOAGNO,36028.550,45380.739,9352.189,
Contact STARLINK-4006 - MoonIOAGNO,47500.666,56869.301,9368.635,
Contact STARLINK-4006 - MoonIOAGNO,58987.194,68316.014,9328.820,
Contact STARLINK-4006 - MoonIOAGNO,70440.924,74042.953,3602.029,
Contact STARLINK-4006 - MoonIOAGNO,76169.882,85507.018,9337.136,
Contact STARLINK-4006 - MoonIOAGNO 0001,1630.224,5245.501,3615.277,
Contact STARLINK-4006 - MoonIOAGNO 0001,7359.518,16708.362,9348.843,
Contact STARLINK-4006 - MoonIOAGNO 0001,18823.982,28188.621,9364.639,
Contact STARLINK-4006 - MoonIOAGNO 0001,30305.479,33936.887,3631.408,
Contact STARLINK-4006 - MoonIOAGNO 0001,36050.024,45385.506,9335.482,
Contact STARLINK-4006 - MoonIOAGNO 0001,47505.277,56842.374,9337.096,
Contact STARLINK-4006 - MoonIOAGNO 0001,58965.567,68314.431,9348.864,
Contact STARLINK-4006 - MoonIOAGNO 0001,70439.608,74061.442,3621.834,
Contact STARLINK-4006 - MoonIOAGNO 0001,76189.551,85520.458,9330.906,
Contact STARLINK-4006 - MoonIOAGSO,1626.319,5252.460,3626.141,
Contact STARLINK-4006 - MoonIOAGSO,7360.421,16743.413,9382.992,
Contact STARLINK-4006 - MoonIOAGSO,18852.738,28212.620,9359.882,
Contact STARLINK-4006 - MoonIOAGSO,30317.596,33941.438,3623.842,
Contact STARLINK-4006 - MoonIOAGSO,36047.207,45394.214,9347.008,
Contact STARLINK-4006 - MoonIOAGSO,47506.019,54725.853,7219.833,
Contact STARLINK-4006 - MoonIOAGSO,58993.312,68348.072,9354.760,
Contact STARLINK-4006 - MoonIOAGSO,70464.098,74078.135,3614.037,
Contact STARLINK-4006 - MoonIOAGSO,76194.365,85530.588,9336.223,
Contact STARLINK-4006 - MoonIOAGSO 0001,1646.117,5276.482,3630.365,
Contact STARLINK-4006 - MoonIOAGSO 0001,7377.289,16733.629,9356.340,
Contact STARLINK-4006 - MoonIOAGSO 0001,18836.593,28188.304,9351.711,
Contact STARLINK-4006 - MoonIOAGSO 0001,30301.682,33092.161,2790.478,
Contact STARLINK-4006 - MoonIOAGSO 0001,36053.050,45415.573,9362.523,
Contact STARLINK-4006 - MoonIOAGSO 0001,47526.042,56874.577,9348.535,
Contact STARLINK-4006 - MoonIOAGSO 0001,58985.954,68325.771,9339.817,
Contact STARLINK-4006 - MoonIOAGSO 0001,70443.752,74054.582,3610.830,
Contact STARLINK-4006 - MoonIOAGSO 0001,77754.271,85545.117,7790.846,
Contact STARLINK-4006 - MoonLRO,1639.243,5256.553,3617.309,
Contact STARLINK-4006 - MoonLRO,7373.436,16730.552,9357.116,
Contact STARLINK-4006 - MoonLRO,18835.552,28200.281,9364.729,
Contact STARLINK-4006 - MoonLRO,30309.699,33929.615,3619.916,
Contact STARLINK-4006 - MoonLRO,36048.400,45393.729,9345.330,
Contact STARLINK-4006 - MoonLRO,47513.697,56867.959,9354.262,
Contact STARLINK-4006 - MoonLRO,58978.266,68329.476,9351.209,
Contact STARLINK-4006 - MoonLRO,70454.663,74058.326,3603.663,
Contact STARLINK-4006 - MoonLRO,76189.471,85526.731,9337.260,
Contact STARLINK-4006 - MarsSat1,1777.697,5431.519,3653.822,
Contact STARLINK-4006 - MarsSat1,7497.529,16869.952,9372.423,
Contact STARLINK-4006 - MarsSat1,18937.123,28308.268,9371.146,
Contact STARLINK-4006 - MarsSat1,30376.592,34027.380,3650.788,
Contact STARLINK-4006 - MarsSat1,36096.280,45465.527,9369.246,
Contact STARLINK-4006 - MarsSat1,47535.592,56903.609,9368.017,
Contact STARLINK-4006 - MarsSat1,58974.871,68341.673,9366.802,
Contact STARLINK-4006 - MarsSat1,70414.169,74060.706,3646.537,
Contact STARLINK-4006 - MarsSat1,76133.830,85498.765,9364.935,
Contact STARLINK-4006 - MarsSat2,1777.586,5431.401,3653.814,
Contact STARLINK-4006 - MarsSat2,7497.386,16869.803,9372.417,
Contact STARLINK-4006 - MarsSat2,18937.003,28308.180,9371.177,
Contact STARLINK-4006 - MarsSat2,30376.576,34027.345,3650.769,
Contact STARLINK-4006 - MarsSat2,36096.339,45465.625,9369.287,
Contact STARLINK-4006 - MarsSat2,47535.815,56903.834,9368.020,
Contact STARLINK-4006 - MarsSat2,58975.225,68341.972,9366.746,
Contact STARLINK-4006 - MarsSat2,70414.571,74061.013,3646.442,
Contact STARLINK-4006 - MarsSat2,76134.221,85499.043,9364.822,
Contact STARLINK-4006 - MarsSat3,1777.696,5431.515,3653.819,
Contact STARLINK-4006 - MarsSat3,7497.435,16869.786,9372.351,
Contact STARLINK-4006 - MarsSat3,18936.928,28308.095,9371.167,
Contact STARLINK-4006 - MarsSat3,30376.461,34027.256,3650.795,
Contact STARLINK-4006 - MarsSat3,36096.219,45465.545,9369.327,
Contact STARLINK-4006 - MarsSat3,47535.690,56903.766,9368.076,
Contact STARLINK-4006 - MarsSat3,58975.090,68341.899,9366.809,
Contact STARLINK-4006 - MarsSat3,70414.407,74060.927,3646.520,
Contact STARLINK-4006 - MarsSat3,76134.033,85498.896,9364.862,
Contact STARLINK-4006 - MarsSat4,1777.755,5431.580,3653.825,
Contact STARLINK-4006 - MarsSat4,7497.553,16869.909,9372.356,
Contact STARLINK-4006 - MarsSat4,18936.987,28308.142,9371.155,
Contact STARLINK-4006 - MarsSat4,30376.498,34027.353,3650.855,
Contact STARLINK-4006 - MarsSat4,36096.278,45465.601,9369.323,
Contact STARLINK-4006 - MarsSat4,47535.652,56903.626,9367.975,
Contact STARLINK-4006 - MarsSat4,58974.945,68341.841,9366.895,
Contact STARLINK-4006 - MarsSat4,70414.380,74060.891,3646.511,
Contact STARLINK-4006 - MarsSat4,76134.008,85498.794,9364.787,
Contact STARLINK-30089 - STARLINK-6374,0.000,10296.088,10296.088,
Contact STARLINK-30089 - STARLINK-6374,11076.498,24641.466,13564.967,
Contact STARLINK-30089 - STARLINK-6374,25429.220,39003.295,13574.074,
Contact STARLINK-30089 - STARLINK-6374,39793.294,53348.290,13554.996,
Contact STARLINK-30089 - STARLINK-6374,54146.392,67709.607,13563.215,
Contact STARLINK-30089 - STARLINK-6374,68510.963,79191.886,10680.923,
Contact STARLINK-30089 - STARLINK-6374,82864.420,86400.000,3535.580,
Contact STARLINK-30089 - STARLINK-5247,6790.271,7650.795,860.524,
Contact STARLINK-30089 - STARLINK-5247,21133.783,21956.290,822.507,
Contact STARLINK-30089 - STARLINK-5247,35477.615,36261.695,784.080,
Contact STARLINK-30089 - STARLINK-5247,49825.778,50562.490,736.712,
Contact STARLINK-30089 - STARLINK-5247,64174.788,64862.719,687.931,
Contact STARLINK-30089 - STARLINK-2314,0.000,7162.673,7162.673,
Contact STARLINK-30089 - STARLINK-2314,11024.620,21538.256,10513.636,
Contact STARLINK-30089 - STARLINK-2314,25313.367,35884.174,10570.807,
Contact STARLINK-30089 - STARLINK-2314,39618.181,50246.972,10628.791,
Contact STARLINK-30089 - STARLINK-2314,51062.883,64578.937,13516.054,
Contact STARLINK-30089 - STARLINK-2314,65371.222,78926.313,13555.091,
Contact STARLINK-30089 - STARLINK-2314,79695.853,86400.000,6704.147,
Contact STARLINK-30089 - STARLINK-3994,3372.222,7244.744,3872.522,
Contact STARLINK-30089 - STARLINK-3994,17676.064,18724.778,1048.713,
Contact STARLINK-30089 - STARLINK-3994,31974.758,33076.650,1101.891,
Contact STARLINK-30089 - STARLINK-3994,46284.824,47415.495,1130.671,
Contact STARLINK-30089 - STARLINK-3994,60590.016,61760.765,1170.750,
Contact STARLINK-30089 - STARLINK-3994,74905.903,76093.761,1187.857,
Contact STARLINK-30089 - STARLINK-3994,83490.796,86400.000,2909.204,
Contact STARLINK-30089 - STARLINK-5774,7099.187,7763.517,664.330,
Contact STARLINK-30089 - STARLINK-5774,21453.400,22118.655,665.255,
Contact STARLINK-30089 - STARLINK-5774,35797.104,36485.248,688.145,
Contact STARLINK-30089 - STARLINK-5774,50151.348,50840.356,689.008,
Contact STARLINK-30089 - STARLINK-5774,64495.444,65206.521,711.077,
Contact STARLINK-30089 - STARLINK-5774,78849.720,79561.600,711.880,
Contact STARLINK-30089 - STARLINK-31295,39339.480,39944.908,605.428,
Contact STARLINK-30089 - STARLINK-31295,53444.687,54326.494,881.807,
Contact STARLINK-30089 - STARLINK-31295,64770.774,68649.039,3878.265,
Contact STARLINK-30089 - STARLINK-31295,78965.905,82935.918,3970.012,
Contact STARLINK-30089 - STARLINK-31577,80124.930,86400.000,6275.070,
Contact STARLINK-30089 - STARLINK-31128,0.000,15901.306,15901.306,
Contact STARLINK-30089 - STARLINK-2643,6934.581,10815.850,3881.269,
Contact STARLINK-30089 - STARLINK-2643,21267.073,22279.260,1012.188,
Contact STARLINK-30089 - STARLINK-2643,35598.915,36608.346,1009.431,
Contact STARLINK-30089 - STARLINK-2643,49933.521,50934.693,1001.171,
Contact STARLINK-30089 - STARLINK-2643,64267.561,65261.543,993.982,
Contact STARLINK-30089 - STARLINK-2643,78604.317,79585.664,981.348,
Contact STARLINK-30089 - STARLINK-4560,0.000,3834.355,3834.355,
Contact STARLINK-30089 - STARLINK-4560,14226.419,18233.948,4007.529,
Contact STARLINK-30089 - STARLINK-4560,28595.810,32641.362,4045.552,
Contact STARLINK-30089 - STARLINK-4560,42950.088,47040.750,4090.661,
Contact STARLINK-30089 - STARLINK-4560,57320.889,61446.828,4125.939,
Contact STARLINK-30089 - STARLINK-4560,71676.617,75845.920,4169.303,
Contact STARLINK-30089 - STARLINK-4560,86049.020,86400.000,350.980,
Contact STARLINK-30089 - STARLINK-3189,6810.299,7261.743,451.443,
Contact STARLINK-30089 - STARLINK-3189,21073.274,21651.148,577.874,
Contact STARLINK-30089 - STARLINK-3189,35358.920,36016.635,657.715,
Contact STARLINK-30089 - STARLINK-3189,46787.858,47509.072,721.215,
Contact STARLINK-30089 - STARLINK-3189,61074.500,61874.716,800.217,
Contact STARLINK-30089 - STARLINK-3189,75374.050,76226.241,852.191,
Contact STARLINK-30089 - STARLINK-31784,13842.537,60875.746,47033.209,
Contact STARLINK-30089 - STARLINK-31784,68069.970,68527.052,457.082,
Contact STARLINK-30089 - STARLINK-4338,10638.497,11148.225,509.728,
Contact STARLINK-30089 - STARLINK-4338,25004.271,25539.433,535.162,
Contact STARLINK-30089 - STARLINK-4338,39377.930,39922.714,544.784,
Contact STARLINK-30089 - STARLINK-4338,53743.203,54314.584,571.381,
Contact STARLINK-30089 - STARLINK-4338,68116.581,68698.348,581.767,
Contact STARLINK-30089 - STARLINK-4338,82481.458,83090.781,609.323,
Contact STARLINK-30089 - STARLINK-31536,0.000,40212.838,40212.838,
Contact STARLINK-30089 - STARLINK-11199 [DTC],0.000,3967.694,3967.694,
Contact STARLINK-30089 - STARLINK-11199 [DTC],14208.020,14900.963,692.943,
Contact STARLINK-30089 - STARLINK-5649,3140.907,4328.462,1187.555,
Contact STARLINK-30089 - STARLINK-5649,17496.654,18680.516,1183.862,
Contact STARLINK-30089 - STARLINK-5649,31846.402,33038.761,1192.359,
Contact STARLINK-30089 - STARLINK-5649,46202.154,47390.792,1188.638,
Contact STARLINK-30089 - STARLINK-5649,60551.945,61748.969,1197.024,
Contact STARLINK-30089 - STARLINK-5649,74907.704,76100.975,1193.272,
Contact STARLINK-30089 - STARLINK-5649,83516.415,86400.000,2883.585,
Contact STARLINK-30089 - STARLINK-5197,3433.213,7305.769,3872.555,
Contact STARLINK-30089 - STARLINK-5197,17769.945,21626.212,3856.267,
Contact STARLINK-30089 - STARLINK-5197,32104.469,33079.906,975.437,
Contact STARLINK-30089 - STARLINK-5197,46444.460,47393.604,949.144,
Contact STARLINK-30089 - STARLINK-5197,60782.109,61709.624,927.515,
Contact STARLINK-30089 - STARLINK-5197,75125.511,76019.923,894.412,
Contact STARLINK-30089 - STARLINK-11101 [DTC],0.000,679.784,679.784,
Contact STARLINK-30089 - STARLINK-2685,0.000,86400.000,86400.000,
Contact STARLINK-30089 - STARLINK-31853,82345.003,83269.884,924.881,
Contact STARLINK-30089 - STARLINK-1578,43196.277,43577.824,381.547,
Contact STARLINK-30089 - STARLINK-1578,57341.776,58082.724,740.948,
Contact STARLINK-30089 - STARLINK-1578,71513.382,72558.282,1044.899,
Contact STARLINK-30089 - STARLINK-1578,85741.265,86400.000,658.735,
Contact STARLINK-30089 - STARLINK-3525,3461.207,3892.300,431.093,
Contact STARLINK-30089 - STARLINK-3525,17850.094,18145.308,295.214,
Contact STARLINK-30089 - STARLINK-5289,10370.432,11190.857,820.426,
Contact STARLINK-30089 - STARLINK-5289,24727.548,25596.533,868.985,
Contact STARLINK-30089 - STARLINK-5289,39094.639,39993.171,898.532,
Contact STARLINK-30089 - STARLINK-5289,53454.711,54395.827,941.116,
Contact STARLINK-30089 - STARLINK-5289,67824.506,68789.780,965.274,
Contact STARLINK-30089 - STARLINK-5289,82187.307,83189.641,1002.334,
Contact STARLINK-30089 - STARLINK-1276,0.000,86400.000,86400.000,
Contact STARLINK-30089 - STARLINK-5837,0.000,60.369,60.369,
Contact STARLINK-30089 - STARLINK-5837,10536.779,14456.731,3919.953,
Contact STARLINK-30089 - STARLINK-5837,24906.964,28840.643,3933.680,
Contact STARLINK-30089 - STARLINK-5837,39286.554,43233.782,3947.227,
Contact STARLINK-30089 - STARLINK-5837,53659.170,57615.101,3955.930,
Contact STARLINK-30089 - STARLINK-5837,68040.905,74877.292,6836.387,
Contact STARLINK-30089 - STARLINK-5837,82415.594,83512.727,1097.133,
Contact STARLINK-30089 - STARLINK-31852,6981.717,10800.977,3819.260,
Contact STARLINK-30089 - STARLINK-31852,21114.488,22159.873,1045.385,
Contact STARLINK-30089 - STARLINK-31852,35334.109,36280.372,946.263,
Contact STARLINK-30089 - STARLINK-31852,46779.759,47508.462,728.703,
Contact STARLINK-30089 - STARLINK-1666,10472.776,11136.742,663.966,
Contact STARLINK-30089 - STARLINK-1666,24790.593,25491.818,701.225,
Contact STARLINK-30089 - STARLINK-1666,39114.187,39841.533,727.346,
Contact STARLINK-30089 - STARLINK-1666,53434.190,54194.402,760.212,
Contact STARLINK-30089 - STARLINK-1666,67759.450,68542.397,782.947,
Contact STARLINK-30089 - STARLINK-1666,82081.290,82893.408,812.118,
Contact STARLINK-30089 - STARLINK-30879,17487.780,24606.230,7118.451,
Contact STARLINK-30089 - STARLINK-30879,25504.020,64382.423,38878.402,
Contact STARLINK-30089 - STARLINK-30879,65253.268,72429.715,7176.446,
Contact STARLINK-30089 - STARLINK-31345,82612.926,82954.915,341.989,
Contact STARLINK-30089 - STARLINK-5058,3449.191,3941.700,492.509,
Contact STARLINK-30089 - STARLINK-5058,17801.802,18296.877,495.075,
Contact STARLINK-30089 - STARLINK-5058,32148.489,32657.583,509.095,
Contact STARLINK-30089 - STARLINK-5058,46501.111,47012.721,511.610,
Contact STARLINK-30089 - STARLINK-5058,60848.033,61373.177,525.145,
Contact STARLINK-30089 - STARLINK-5058,75200.665,75728.277,527.612,
Contact STARLINK-30089 - STARLINK-31690,68103.308,75160.048,7056.740,
Contact STARLINK-30089 - STARLINK-31690,82028.830,86400.000,4371.170,
Contact STARLINK-30089 - STARLINK-1788,75572.569,75854.354,281.785,
Contact STARLINK-30089 - STARLINK-1080,6869.283,7604.644,735.361,
Contact STARLINK-30089 - STARLINK-1080,21157.407,21956.507,799.100,
Contact STARLINK-30089 - STARLINK-1080,35453.705,36299.604,845.899,
Contact STARLINK-30089 - STARLINK-1080,49749.099,50644.043,894.944,
Contact STARLINK-30089 - STARLINK-1080,61189.308,64980.760,3791.452,
Contact STARLINK-30089 - STARLINK-1080,75494.157,79319.026,3824.869,
Contact STARLINK-30089 - STARLINK-4356,0.000,160.160,160.160,
Contact STARLINK-30089 - STARLINK-4356,13989.198,14549.061,559.864,
Contact STARLINK-30089 - STARLINK-4356,28363.730,28926.596,562.866,
Contact STARLINK-30089 - STARLINK-4356,42727.373,43313.913,586.540,
Contact STARLINK-30089 - STARLINK-4356,57102.652,57690.566,587.914,
Contact STARLINK-30089 - STARLINK-4356,71467.465,72076.564,609.099,
Contact STARLINK-30089 - STARLINK-4356,85843.359,86400.000,556.641,
Contact STARLINK-30089 - STARLINK-31554,66592.521,86400.000,19807.479,
Contact STARLINK-30089 - STARLINK-4383,82799.602,83380.250,580.648,
Contact STARLINK-30089 - STARLINK-4612,3472.788,7200.770,3727.982,
Contact STARLINK-30089 - STARLINK-4612,17776.163,18689.670,913.507,
Contact STARLINK-30089 - STARLINK-4612,32072.247,33053.643,981.396,
Contact STARLINK-30089 - STARLINK-4612,46381.433,47402.657,1021.224,
Contact STARLINK-30089 - STARLINK-4612,60683.751,61760.339,1076.588,
Contact STARLINK-30089 - STARLINK-4612,74997.806,76104.460,1106.654,
Contact STARLINK-30089 - STARLINK-31034,64751.005,65431.650,680.645,
Contact STARLINK-30089 - STARLINK-31034,78893.156,79740.919,847.763,
Contact STARLINK-30089 - STARLINK-3815,27766.240,86400.000,58633.760,
Contact STARLINK-30089 - STARLINK-31611,60695.550,61881.961,1186.411,
Contact STARLINK-30089 - STARLINK-31611,69130.327,76142.616,7012.289,
Contact STARLINK-30089 - STARLINK-31611,83295.239,86400.000,3104.761,
Contact STARLINK-30089 - MoonARTEMIS1,0.000,2007.181,2007.181,
Contact STARLINK-30089 - MoonARTEMIS1,4154.988,13536.933,9381.944,
Contact STARLINK-30089 - MoonARTEMIS1,15689.155,25084.816,9395.661,
Contact STARLINK-30089 - MoonARTEMIS1,27231.815,30839.984,3608.169,
Contact STARLINK-30089 - MoonARTEMIS1,32985.471,42348.137,9362.666,
Contact STARLINK-30089 - MoonARTEMIS1,44493.464,53857.934,9364.469,
Contact STARLINK-30089 - MoonARTEMIS1,56003.976,59613.645,3609.670,
Contact STARLINK-30089 - MoonARTEMIS1,61760.255,71126.910,9366.655,
Contact STARLINK-30089 - MoonARTEMIS1,73275.039,82643.075,9368.036,
Contact STARLINK-30089 - MoonARTEMIS1,84793.270,86400.000,1606.730,
Contact STARLINK-30089 - MoonARTEMIS2,0.000,2081.514,2081.514,
Contact STARLINK-30089 - MoonARTEMIS2,4233.075,13599.758,9366.684,
Contact STARLINK-30089 - MoonARTEMIS2,15751.424,25114.386,9362.962,
Contact STARLINK-30089 - MoonARTEMIS2,27265.925,30870.244,3604.319,
Contact STARLINK-30089 - MoonARTEMIS2,33021.568,42378.498,9356.930,
Contact STARLINK-30089 - MoonARTEMIS2,44528.826,53880.423,9351.597,
Contact STARLINK-30089 - MoonARTEMIS2,56028.161,59633.871,3605.711,
Contact STARLINK-30089 - MoonARTEMIS2,62661.535,71178.881,8517.347,
Contact STARLINK-30089 - MoonARTEMIS2,73334.540,82710.394,9375.854,
Contact STARLINK-30089 - MoonARTEMIS2,84866.655,86400.000,1533.345,
Contact STARLINK-30089 - MoonIOAGEO,0.000,2024.615,2024.615,
Contact STARLINK-30089 - MoonIOAGEO,4171.153,13548.618,9377.465,
Contact STARLINK-30089 - MoonIOAGEO,21473.373,25090.626,3617.253,
Contact STARLINK-30089 - MoonIOAGEO,27241.739,30852.442,3610.703,
Contact STARLINK-30089 - MoonIOAGEO,33000.826,42352.893,9352.068,
Contact STARLINK-30089 - MoonIOAGEO,44499.681,53864.801,9365.119,
Contact STARLINK-30089 - MoonIOAGEO,56017.591,59633.551,3615.960,
Contact STARLINK-30089 - MoonIOAGEO,63966.148,71171.683,7205.535,
Contact STARLINK-30089 - MoonIOAGEO,73324.771,82679.036,9354.265,
Contact STARLINK-30089 - MoonIOAGEO,84828.508,86400.000,1571.492,
Contact STARLINK-30089 - MoonIOAGNO,0.000,2022.378,2022.378,
Contact STARLINK-30089 - MoonIOAGNO,4174.064,13562.308,9388.245,
Contact STARLINK-30089 - MoonIOAGNO,15710.358,25067.701,9357.343,
Contact STARLINK-30089 - MoonIOAGNO,27218.932,30822.715,3603.782,
Contact STARLINK-30089 - MoonIOAGNO,32974.874,42340.971,9366.097,
Contact STARLINK-30089 - MoonIOAGNO,44494.053,53881.024,9386.971,
Contact STARLINK-30089 - MoonIOAGNO,56035.052,59640.191,3605.138,
Contact STARLINK-30089 - MoonIOAGNO,61790.932,71144.417,9353.485,
Contact STARLINK-30089 - MoonIOAGNO,73298.372,82657.905,9359.533,
Contact STARLINK-30089 - MoonIOAGNO,84813.496,86400.000,1586.504,
Contact STARLINK-30089 - MoonIOAGNO 0001,0.000,2027.930,2027.930,
Contact STARLINK-30089 - MoonIOAGNO 0001,4178.385,13540.157,9361.772,
Contact STARLINK-30089 - MoonIOAGNO 0001,15692.013,25064.649,9372.636,
Contact STARLINK-30089 - MoonIOAGNO 0001,27217.257,30836.595,3619.338,
Contact STARLINK-30089 - MoonIOAGNO 0001,32991.271,42353.679,9362.409,
Contact STARLINK-30089 - MoonIOAGNO 0001,44504.644,53861.696,9357.051,
Contact STARLINK-30089 - MoonIOAGNO 0001,56015.033,59619.524,3604.491,
Contact STARLINK-30089 - MoonIOAGNO 0001,61773.466,71148.012,9374.547,
Contact STARLINK-30089 - MoonIOAGNO 0001,73304.783,82677.037,9372.255,
Contact STARLINK-30089 - MoonIOAGNO 0001,84829.780,86400.000,1570.220,
Contact STARLINK-30089 - MoonIOAGSO,0.000,2029.507,2029.507,
Contact STARLINK-30089 - MoonIOAGSO,4175.836,13564.032,9388.196,
Contact STARLINK-30089 - MoonIOAGSO,15716.264,25091.504,9375.240,
Contact STARLINK-30089 - MoonIOAGSO,27236.338,30848.031,3611.693,
Contact STARLINK-30089 - MoonIOAGSO,32992.435,42356.614,9364.179,
Contact STARLINK-30089 - MoonIOAGSO,44503.088,53874.045,9370.957,
Contact STARLINK-30089 - MoonIOAGSO,56033.081,59649.965,3616.884,
Contact STARLINK-30089 - MoonIOAGSO,61801.735,71171.550,9369.815,
Contact STARLINK-30089 - MoonIOAGSO,73319.520,82680.862,9361.341,
Contact STARLINK-30089 - MoonIOAGSO,84829.827,86400.000,1570.173,
Contact STARLINK-30089 - MoonIOAGSO 0001,0.000,2049.821,2049.821,
Contact STARLINK-30089 - MoonIOAGSO 0001,4193.951,13561.905,9367.955,
Contact STARLINK-30089 - MoonIOAGSO 0001,15705.566,25070.795,9365.229,
Contact STARLINK-30089 - MoonIOAGSO 0001,27218.492,30830.688,3612.196,
Contact STARLINK-30089 - MoonIOAGSO 0001,34230.680,42373.137,8142.457,
Contact STARLINK-30089 - MoonIOAGSO 0001,44520.636,53888.174,9367.539,
Contact STARLINK-30089 - MoonIOAGSO 0001,56034.189,59642.458,3608.269,
Contact STARLINK-30089 - MoonIOAGSO 0001,61789.226,71150.121,9360.894,
Contact STARLINK-30089 - MoonIOAGSO 0001,73302.620,82690.231,9387.611,
Contact STARLINK-30089 - MoonIOAGSO 0001,84843.087,86400.000,1556.913,
Contact STARLINK-30089 - MoonLRO,0.000,2040.175,2040.175,
Contact STARLINK-30089 - MoonLRO,4181.009,13557.579,9376.570,
Contact STARLINK-30089 - MoonLRO,15709.501,25073.564,9364.063,
Contact STARLINK-30089 - MoonLRO,27228.368,30836.707,3608.338,
Contact STARLINK-30089 - MoonLRO,32984.778,42362.518,9377.741,
Contact STARLINK-30089 - MoonLRO,44506.413,53875.786,9369.373,
Contact STARLINK-30089 - MoonLRO,56033.511,59633.540,3600.030,
Contact STARLINK-30089 - MoonLRO,61791.877,71158.999,9367.122,
Contact STARLINK-30089 - MoonLRO,73305.452,82679.711,9374.259,
Contact STARLINK-30089 - MoonLRO,84830.719,86400.000,1569.281,
Contact STARLINK-30089 - MarsSat1,4311.984,13697.606,9385.622,
Contact STARLINK-30089 - MarsSat1,15804.543,25189.531,9384.988,
Contact STARLINK-30089 - MarsSat1,27297.007,30935.452,3638.445,
Contact STARLINK-30089 - MarsSat1,33043.199,42427.221,9384.022,
Contact STARLINK-30089 - MarsSat1,44535.522,53918.934,9383.413,
Contact STARLINK-30089 - MarsSat1,56027.814,59664.788,3636.974,
Contact STARLINK-30089 - MarsSat1,61773.967,71156.511,9382.544,
Contact STARLINK-30089 - MarsSat1,73266.310,82648.261,9381.950,
Contact STARLINK-30089 - MarsSat1,84758.693,86400.000,1641.307,
Contact STARLINK-30089 - MarsSat2,0.000,2205.490,2205.490,
Contact STARLINK-30089 - MarsSat2,4311.861,13697.465,9385.604,
Contact STARLINK-30089 - MarsSat2,15804.419,25189.443,9385.024,
Contact STARLINK-30089 - MarsSat2,27296.965,30935.416,3638.450,
Contact STARLINK-30089 - MarsSat2,33043.222,42427.322,9384.100,
Contact STARLINK-30089 - MarsSat2,44535.701,53919.175,9383.474,
Contact STARLINK-30089 - MarsSat2,56028.134,59665.081,3636.948,
Contact STARLINK-30089 - MarsSat2,61774.333,71156.853,9382.520,
Contact STARLINK-30089 - MarsSat2,73266.697,82648.571,9381.874,
Contact STARLINK-30089 - MarsSat2,84759.016,86400.000,1640.984,
Contact STARLINK-30089 - MarsSat3,0.000,2205.607,2205.607,
Contact STARLINK-30089 - MarsSat3,4311.936,13697.461,9385.525,
Contact STARLINK-30089 - MarsSat3,15804.368,25189.356,9384.988,
Contact STARLINK-30089 - MarsSat3,27296.859,30935.317,3638.459,
Contact STARLINK-30089 - MarsSat3,33043.108,42427.223,9384.115,
Contact STARLINK-30089 - MarsSat3,44535.581,53919.079,9383.498,
Contact STARLINK-30089 - MarsSat3,56028.003,59664.983,3636.980,
Contact STARLINK-30089 - MarsSat3,61774.192,71156.734,9382.542,
Contact STARLINK-30089 - MarsSat3,73266.521,82648.402,9381.880,
Contact STARLINK-30089 - MarsSat3,84758.782,86400.000,1641.218,
Contact STARLINK-30089 - MarsSat4,0.000,2205.641,2205.641,
Contact STARLINK-30089 - MarsSat4,4312.028,13697.581,9385.553,
Contact STARLINK-30089 - MarsSat4,15804.455,25189.373,9384.917,
Contact STARLINK-30089 - MarsSat4,27296.864,30935.372,3638.508,
Contact STARLINK-30089 - MarsSat4,33043.155,42427.277,9384.122,
Contact STARLINK-30089 - MarsSat4,44535.574,53918.969,9383.394,
Contact STARLINK-30089 - MarsSat4,56027.857,59664.848,3636.991,
Contact STARLINK-30089 - MarsSat4,61774.092,71156.702,9382.610,
Contact STARLINK-30089 - MarsSat4,73266.503,82648.337,9381.834,
Contact STARLINK-30089 - MarsSat4,84758.717,86400.000,1641.283,
Contact STARLINK-6374 - STARLINK-5247,7076.774,11130.077,4053.303,
Contact STARLINK-6374 - STARLINK-5247,21398.049,25457.960,4059.912,
Contact STARLINK-6374 - STARLINK-5247,35729.929,39790.605,4060.676,
Contact STARLINK-6374 - STARLINK-5247,50058.218,56980.221,6922.002,
Contact STARLINK-6374 - STARLINK-5247,64397.065,71297.038,6899.973,
Contact STARLINK-6374 - STARLINK-5247,78732.230,79891.971,1159.741,
Contact STARLINK-6374 - STARLINK-2314,0.000,86400.000,86400.000,
Contact STARLINK-6374 - STARLINK-4299,35404.898,36014.434,609.536,
Contact STARLINK-6374 - STARLINK-4299,46783.677,50465.801,3682.124,
Contact STARLINK-6374 - STARLINK-4299,61017.810,64872.570,3854.760,
Contact STARLINK-6374 - STARLINK-4299,75286.534,82158.584,6872.050,
Contact STARLINK-6374 - STARLINK-3994,0.000,86400.000,86400.000,
Contact STARLINK-6374 - STARLINK-5774,10265.746,11396.833,1131.087,
Contact STARLINK-6374 - STARLINK-5774,24626.849,25754.204,1127.355,
Contact STARLINK-6374 - STARLINK-5774,38984.818,40114.640,1129.822,
Contact STARLINK-6374 - STARLINK-5774,53345.925,54472.008,1126.083,
Contact STARLINK-6374 - STARLINK-5774,67703.904,68832.432,1128.527,
Contact STARLINK-6374 - STARLINK-5774,76321.198,83189.798,6868.600,
Contact STARLINK-6374 - STARLINK-31295,82546.789,83295.543,748.754,
Contact STARLINK-6374 - STARLINK-31577,72766.778,86400.000,13633.222,
Contact STARLINK-6374 - STARLINK-31128,0.000,3747.318,3747.318,
Contact STARLINK-6374 - STARLINK-31128,14274.600,14894.882,620.282,
Contact STARLINK-6374 - STARLINK-2643,10305.108,11210.883,905.775,
Contact STARLINK-6374 - STARLINK-2643,24616.410,25568.543,952.133,
Contact STARLINK-6374 - STARLINK-2643,38921.750,39933.490,1011.740,
Contact STARLINK-6374 - STARLINK-2643,50371.885,54285.202,3913.317,
Contact STARLINK-6374 - STARLINK-2643,64691.231,68643.875,3952.644,
Contact STARLINK-6374 - STARLINK-2643,79005.013,82990.298,3985.285,
Contact STARLINK-6374 - STARLINK-4560,2910.636,3679.065,768.429,
Contact STARLINK-6374 - STARLINK-4560,17292.113,18058.217,766.104,
Contact STARLINK-6374 - STARLINK-4560,28795.075,32443.882,3648.807,
Contact STARLINK-6374 - STARLINK-4560,43170.778,46823.183,3652.405,
Contact STARLINK-6374 - STARLINK-4560,57552.213,61209.316,3657.102,
Contact STARLINK-6374 - STARLINK-4560,71927.570,72715.665,788.095,
Contact STARLINK-6374 - STARLINK-4560,86308.968,86400.000,91.032,
Contact STARLINK-6374 - STARLINK-3189,50225.209,50513.317,288.108,
Contact STARLINK-6374 - STARLINK-3189,64212.551,65177.335,964.784,
Contact STARLINK-6374 - STARLINK-3189,72651.046,79770.290,7119.243,
Contact STARLINK-6374 - STARLINK-31784,17474.598,18226.329,751.732,
Contact STARLINK-6374 - STARLINK-31784,28660.881,32582.540,3921.659,
Contact STARLINK-6374 - STARLINK-31784,42765.313,43964.871,1199.558,
Contact STARLINK-6374 - STARLINK-31784,56999.959,58078.561,1078.602,
Contact STARLINK-6374 - STARLINK-31784,71372.264,72057.863,685.598,
Contact STARLINK-6374 - STARLINK-5494,6881.158,10905.281,4024.123,
Contact STARLINK-6374 - STARLINK-5494,21351.983,22346.231,994.248,
Contact STARLINK-6374 - STARLINK-5494,35880.182,36616.242,736.060,
Contact STARLINK-6374 - STARLINK-4338,10695.396,11486.570,791.175,
Contact STARLINK-6374 - STARLINK-4338,25078.220,25866.908,788.688,
Contact STARLINK-6374 - STARLINK-4338,39458.365,40249.172,790.807,
Contact STARLINK-6374 - STARLINK-4338,53840.948,54629.733,788.784,
Contact STARLINK-6374 - STARLINK-4338,68221.231,69011.846,790.615,
Contact STARLINK-6374 - STARLINK-4338,82603.579,83392.629,789.050,
Contact STARLINK-6374 - STARLINK-31536,0.000,10185.703,10185.703,
Contact STARLINK-6374 - STARLINK-31536,11099.633,21359.691,10260.058,
Contact STARLINK-6374 - STARLINK-31536,28534.865,32425.766,3890.901,
Contact STARLINK-6374 - STARLINK-11199 [DTC],0.000,12221.451,12221.451,
Contact STARLINK-6374 - STARLINK-5649,0.000,86400.000,86400.000,
Contact STARLINK-6374 - STARLINK-5197,540.855,13894.407,13353.552,
Contact STARLINK-6374 - STARLINK-5197,14862.299,28232.807,13370.507,
Contact STARLINK-6374 - STARLINK-5197,29201.587,42543.299,13341.712,
Contact STARLINK-6374 - STARLINK-5197,43540.442,53993.521,10453.079,
Contact STARLINK-6374 - STARLINK-5197,57896.622,68308.694,10412.072,
Contact STARLINK-6374 - STARLINK-5197,72250.825,82598.455,10347.629,
Contact STARLINK-6374 - STARLINK-11101 [DTC],0.000,599.900,599.900,
Contact STARLINK-6374 - STARLINK-2685,0.000,86400.000,86400.000,
Contact STARLINK-6374 - STARLINK-4254,0.000,360.093,360.093,
Contact STARLINK-6374 - STARLINK-4254,13837.656,14673.130,835.474,
Contact STARLINK-6374 - STARLINK-4254,28198.632,28977.520,778.888,
Contact STARLINK-6374 - STARLINK-4254,42557.304,43284.481,727.176,
Contact STARLINK-6374 - STARLINK-4254,82795.016,83310.222,515.206,
Contact STARLINK-6374 - STARLINK-1578,32198.404,32450.923,252.518,
Contact STARLINK-6374 - STARLINK-1578,46448.229,46857.903,409.674,
Contact STARLINK-6374 - STARLINK-1578,60710.991,61251.243,540.252,
Contact STARLINK-6374 - STARLINK-1578,74996.713,75622.205,625.492,
Contact STARLINK-6374 - STARLINK-3525,3561.811,7476.410,3914.599,
Contact STARLINK-6374 - STARLINK-3525,17973.916,21728.620,3754.704,
Contact STARLINK-6374 - STARLINK-3525,32388.251,33109.315,721.064,
Contact STARLINK-6374 - STARLINK-5289,0.000,61.746,61.746,
Contact STARLINK-6374 - STARLINK-5289,10667.290,14443.570,3776.280,
Contact STARLINK-6374 - STARLINK-5289,25057.172,28828.640,3771.467,
Contact STARLINK-6374 - STARLINK-5289,39443.176,43209.969,3766.793,
Contact STARLINK-6374 - STARLINK-5289,53833.552,54716.148,882.597,
Contact STARLINK-6374 - STARLINK-5289,68220.378,69099.999,879.621,
Contact STARLINK-6374 - STARLINK-5289,82611.237,83480.653,869.416,
Contact STARLINK-6374 - STARLINK-1276,0.000,4133.993,4133.993,
Contact STARLINK-6374 - STARLINK-1276,11512.261,18419.877,6907.617,
Contact STARLINK-6374 - STARLINK-1276,25892.778,32727.103,6834.324,
Contact STARLINK-6374 - STARLINK-1276,43172.116,47000.631,3828.515,
Contact STARLINK-6374 - STARLINK-1276,57597.259,61297.710,3700.452,
Contact STARLINK-6374 - STARLINK-1276,71996.362,72715.088,718.726,
Contact STARLINK-6374 - STARLINK-31852,10516.195,11149.598,633.404,
Contact STARLINK-6374 - STARLINK-31852,18815.542,25616.132,6800.591,
Contact STARLINK-6374 - STARLINK-31852,35646.160,42706.136,7059.975,
Contact STARLINK-6374 - STARLINK-31852,49863.081,51160.011,1296.930,
Contact STARLINK-6374 - STARLINK-31852,64286.223,65082.468,796.245,
Contact STARLINK-6374 - STARLINK-1293,61093.380,61660.403,567.024,
Contact STARLINK-6374 - STARLINK-1293,75408.209,76038.655,630.447,
Contact STARLINK-6374 - STARLINK-30879,11789.757,67507.856,55718.099,
Contact STARLINK-6374 - STARLINK-5058,706.092,7735.414,7029.321,
Contact STARLINK-6374 - STARLINK-5058,15061.965,22097.324,7035.359,
Contact STARLINK-6374 - STARLINK-5058,29434.266,36439.616,7005.350,
Contact STARLINK-6374 - STARLINK-5058,43790.163,50801.434,7011.271,
Contact STARLINK-6374 - STARLINK-5058,58162.677,65143.571,6980.895,
Contact STARLINK-6374 - STARLINK-5058,75399.842,79505.299,4105.457,
Contact STARLINK-6374 - STARLINK-31690,71765.751,72437.950,672.199,
Contact STARLINK-6374 - STARLINK-31690,85789.758,86400.000,610.242,
Contact STARLINK-6374 - STARLINK-1080,50318.877,50921.914,603.037,
Contact STARLINK-6374 - STARLINK-1080,64499.340,65387.206,887.866,
Contact STARLINK-6374 - STARLINK-1080,78694.100,79844.791,1150.691,
Contact STARLINK-6374 - STARLINK-31554,61075.389,61614.748,539.359,
Contact STARLINK-6374 - STARLINK-31554,74781.692,76254.762,1473.070,
Contact STARLINK-6374 - STARLINK-31554,83148.554,86400.000,3251.446,
Contact STARLINK-6374 - STARLINK-4612,193.370,86400.000,86206.630,
Contact STARLINK-6374 - STARLINK-3815,20851.622,21804.422,952.800,
Contact STARLINK-6374 - STARLINK-3815,32006.196,39202.875,7196.678,
Contact STARLINK-6374 - STARLINK-3815,46072.352,53556.546,7484.194,
Contact STARLINK-6374 - STARLINK-3815,54551.581,67773.880,13222.299,
Contact STARLINK-6374 - STARLINK-3815,68833.830,76229.327,7395.496,
Contact STARLINK-6374 - STARLINK-3815,83230.411,86400.000,3169.589,
Contact STARLINK-6374 - STARLINK-31611,49620.998,86400.000,36779.002,
Contact STARLINK-6374 - MoonARTEMIS1,0.000,2033.938,2033.938,
Contact STARLINK-6374 - MoonARTEMIS1,4190.818,13557.338,9366.520,
Contact STARLINK-6374 - MoonARTEMIS1,15720.652,25091.292,9370.640,
Contact STARLINK-6374 - MoonARTEMIS1,27252.447,29819.126,2566.679,
Contact STARLINK-6374 - MoonARTEMIS1,33004.436,42348.020,9343.585,
Contact STARLINK-6374 - MoonARTEMIS1,44510.362,53855.783,9345.422,
Contact STARLINK-6374 - MoonARTEMIS1,56019.119,59610.741,3591.621,
Contact STARLINK-6374 - MoonARTEMIS1,61774.511,71122.902,9348.391,
Contact STARLINK-6374 - MoonARTEMIS1,73287.397,82638.448,9351.052,
Contact STARLINK-6374 - MoonARTEMIS1,84803.462,86400.000,1596.538,
Contact STARLINK-6374 - MoonARTEMIS2,0.000,2096.848,2096.848,
Contact STARLINK-6374 - MoonARTEMIS2,4258.485,13611.436,9352.951,
Contact STARLINK-6374 - MoonARTEMIS2,15774.653,25123.181,9348.528,
Contact STARLINK-6374 - MoonARTEMIS2,27287.245,30877.815,3590.570,
Contact STARLINK-6374 - MoonARTEMIS2,33042.021,42383.822,9341.801,
Contact STARLINK-6374 - MoonARTEMIS2,44547.621,53882.774,9335.154,
Contact STARLINK-6374 - MoonARTEMIS2,56044.454,59631.214,3586.760,
Contact STARLINK-6374 - MoonARTEMIS2,62616.099,71169.423,8553.323,
Contact STARLINK-6374 - MoonARTEMIS2,73337.346,82700.083,9362.737,
Contact STARLINK-6374 - MoonARTEMIS2,84865.604,86400.000,1534.396,
Contact STARLINK-6374 - MoonIOAGEO,0.000,2050.547,2050.547,
Contact STARLINK-6374 - MoonIOAGEO,4206.066,13565.409,9359.343,
Contact STARLINK-6374 - MoonIOAGEO,21496.107,25095.626,3599.519,
Contact STARLINK-6374 - MoonIOAGEO,27261.116,30855.650,3594.534,
Contact STARLINK-6374 - MoonIOAGEO,33019.576,42358.492,9338.915,
Contact STARLINK-6374 - MoonIOAGEO,44520.944,53867.039,9346.095,
Contact STARLINK-6374 - MoonIOAGEO,56034.118,59631.082,3596.963,
Contact STARLINK-6374 - MoonIOAGEO,63989.061,71163.047,7173.985,
Contact STARLINK-6374 - MoonIOAGEO,73329.384,82673.275,9343.891,
Contact STARLINK-6374 - MoonIOAGEO,84835.399,86400.000,1564.601,
Contact STARLINK-6374 - MoonIOAGNO,0.000,2055.423,2055.423,
Contact STARLINK-6374 - MoonIOAGNO,4210.863,13576.093,9365.230,
Contact STARLINK-6374 - MoonIOAGNO,15740.522,25096.307,9355.786,
Contact STARLINK-6374 - MoonIOAGNO,27257.819,30851.588,3593.769,
Contact STARLINK-6374 - MoonIOAGNO,33013.235,42359.456,9346.221,
Contact STARLINK-6374 - MoonIOAGNO,44522.531,53874.929,9352.398,
Contact STARLINK-6374 - MoonIOAGNO,56046.428,59643.543,3597.115,
Contact STARLINK-6374 - MoonIOAGNO,61811.127,71159.604,9348.477,
Contact STARLINK-6374 - MoonIOAGNO,73324.885,82669.108,9344.223,
Contact STARLINK-6374 - MoonIOAGNO,84833.306,86400.000,1566.694,
Contact STARLINK-6374 - MoonIOAGNO 0001,0.000,2066.870,2066.870,
Contact STARLINK-6374 - MoonIOAGNO 0001,4222.959,13576.677,9353.718,
Contact STARLINK-6374 - MoonIOAGNO 0001,15734.237,25083.737,9349.500,
Contact STARLINK-6374 - MoonIOAGNO 0001,27245.155,30840.720,3595.565,
Contact STARLINK-6374 - MoonIOAGNO 0001,33008.896,42370.262,9361.366,
Contact STARLINK-6374 - MoonIOAGNO 0001,44535.411,53882.212,9346.801,
Contact STARLINK-6374 - MoonIOAGNO 0001,56046.530,59636.449,3589.919,
Contact STARLINK-6374 - MoonIOAGNO 0001,61800.787,71146.503,9345.716,
Contact STARLINK-6374 - MoonIOAGNO 0001,73312.667,82679.120,9366.453,
Contact STARLINK-6374 - MoonIOAGNO 0001,84845.438,86400.000,1554.562,
Contact STARLINK-6374 - MoonIOAGSO,0.000,2045.956,2045.956,
Contact STARLINK-6374 - MoonIOAGSO,4206.180,13576.719,9370.539,
Contact STARLINK-6374 - MoonIOAGSO,15737.549,25082.609,9345.060,
Contact STARLINK-6374 - MoonIOAGSO,27245.655,30836.544,3590.889,
Contact STARLINK-6374 - MoonIOAGSO,33000.756,42349.846,9349.090,
Contact STARLINK-6374 - MoonIOAGSO,44516.331,53878.333,9362.002,
Contact STARLINK-6374 - MoonIOAGSO,56047.136,59638.771,3591.635,
Contact STARLINK-6374 - MoonIOAGSO,61803.099,71147.818,9344.720,
Contact STARLINK-6374 - MoonIOAGSO,73311.979,82660.911,9348.931,
Contact STARLINK-6374 - MoonIOAGSO,84825.803,86400.000,1574.197,
Contact STARLINK-6374 - MoonIOAGSO 0001,0.000,2052.952,2052.952,
Contact STARLINK-6374 - MoonIOAGSO 0001,4211.765,13560.661,9348.896,
Contact STARLINK-6374 - MoonIOAGSO 0001,15722.751,25077.516,9354.765,
Contact STARLINK-6374 - MoonIOAGSO 0001,27242.964,30843.264,3600.299,
Contact STARLINK-6374 - MoonIOAGSO 0001,34242.203,42360.462,8118.259,
Contact STARLINK-6374 - MoonIOAGSO 0001,44524.559,53869.035,9344.476,
Contact STARLINK-6374 - MoonIOAGSO 0001,56034.464,59625.474,3591.010,
Contact STARLINK-6374 - MoonIOAGSO 0001,61791.641,71146.098,9354.457,
Contact STARLINK-6374 - MoonIOAGSO 0001,73315.238,82672.783,9357.546,
Contact STARLINK-6374 - MoonIOAGSO 0001,84835.423,86400.000,1564.577,
Contact STARLINK-6374 - MoonLRO,0.000,2057.923,2057.923,
Contact STARLINK-6374 - MoonLRO,4211.733,13576.093,9364.360,
Contact STARLINK-6374 - MoonLRO,15734.300,25084.136,9349.836,
Contact STARLINK-6374 - MoonLRO,27254.475,30841.158,3586.683,
Contact STARLINK-6374 - MoonLRO,33009.545,42363.981,9354.436,
Contact STARLINK-6374 - MoonLRO,44522.368,53878.977,9356.609,
Contact STARLINK-6374 - MoonLRO,56046.238,59633.308,3587.070,
Contact STARLINK-6374 - MoonLRO,61805.886,71150.304,9344.418,
Contact STARLINK-6374 - MoonLRO,73316.253,82674.357,9358.103,
Contact STARLINK-6374 - MoonLRO,84832.701,86400.000,1567.299,
Contact STARLINK-6374 - MarsSat1,4283.451,13648.708,9365.256,
Contact STARLINK-6374 - MarsSat1,15780.415,25145.605,9365.190,
Contact STARLINK-6374 - MarsSat1,27277.325,30894.045,3616.720,
Contact STARLINK-6374 - MarsSat1,33025.759,42390.925,9365.166,
Contact STARLINK-6374 - MarsSat1,44522.607,53887.856,9365.249,
Contact STARLINK-6374 - MarsSat1,56019.484,59636.360,3616.877,
Contact STARLINK-6374 - MarsSat1,61767.952,71133.472,9365.520,
Contact STARLINK-6374 - MarsSat1,73264.969,82630.717,9365.748,
Contact STARLINK-6374 - MarsSat1,84762.081,86400.000,1637.919,
Contact STARLINK-6374 - MarsSat2,0.000,2151.697,2151.697,
Contact STARLINK-6374 - MarsSat2,4283.349,13648.648,9365.300,
Contact STARLINK-6374 - MarsSat2,15780.370,25145.637,9365.268,
Contact STARLINK-6374 - MarsSat2,27277.381,30894.138,3616.757,
Contact STARLINK-6374 - MarsSat2,33025.880,42391.159,9365.279,
Contact STARLINK-6374 - MarsSat2,44522.869,53888.212,9365.343,
Contact STARLINK-6374 - MarsSat2,56019.857,59636.753,3616.895,
Contact STARLINK-6374 - MarsSat2,61768.353,71133.865,9365.513,
Contact STARLINK-6374 - MarsSat2,73265.350,82631.022,9365.672,
Contact STARLINK-6374 - MarsSat2,84762.359,86400.000,1637.641,
Contact STARLINK-6374 - MarsSat3,0.000,2151.699,2151.699,
Contact STARLINK-6374 - MarsSat3,4283.328,13648.554,9365.226,
Contact STARLINK-6374 - MarsSat3,15780.268,25145.530,9365.262,
Contact STARLINK-6374 - MarsSat3,27277.273,30894.028,3616.755,
Contact STARLINK-6374 - MarsSat3,33025.766,42391.026,9365.260,
Contact STARLINK-6374 - MarsSat3,44522.729,53888.038,9365.309,
Contact STARLINK-6374 - MarsSat3,56019.673,59636.554,3616.881,
Contact STARLINK-6374 - MarsSat3,61768.142,71133.614,9365.472,
Contact STARLINK-6374 - MarsSat3,73265.086,82630.726,9365.640,
Contact STARLINK-6374 - MarsSat3,84762.055,86400.000,1637.945,
Contact STARLINK-6374 - MarsSat4,0.000,2151.832,2151.832,
Contact STARLINK-6374 - MarsSat4,4283.457,13648.582,9365.125,
Contact STARLINK-6374 - MarsSat4,15780.264,25145.468,9365.204,
Contact STARLINK-6374 - MarsSat4,27277.225,30893.996,3616.770,
Contact STARLINK-6374 - MarsSat4,33025.729,42390.927,9365.198,
Contact STARLINK-6374 - MarsSat4,44522.610,53887.894,9365.285,
Contact STARLINK-6374 - MarsSat4,56019.551,59636.493,3616.942,
Contact STARLINK-6374 - MarsSat4,61768.117,71133.632,9365.515,
Contact STARLINK-6374 - MarsSat4,73265.104,82630.724,9365.621,
Contact STARLINK-6374 - MarsSat4,84762.061,86400.000,1637.939,
Contact STARLINK-5247 - STARLINK-2314,10081.901,11122.223,1040.322,
Contact STARLINK-5247 - STARLINK-2314,21522.165,25419.000,3896.835,
Contact STARLINK-5247 - STARLINK-2314,35826.027,39722.907,3896.880,
Contact STARLINK-5247 - STARLINK-2314,50122.831,54019.607,3896.776,
Contact STARLINK-5247 - STARLINK-2314,64426.697,65459.804,1033.107,
Contact STARLINK-5247 - STARLINK-2314,78723.501,79763.592,1040.091,
Contact STARLINK-5247 - STARLINK-4111,3542.384,7287.040,3744.656,
Contact STARLINK-5247 - STARLINK-4111,17840.361,18727.198,886.837,
Contact STARLINK-5247 - STARLINK-4111,32140.612,33026.367,885.755,
Contact STARLINK-5247 - STARLINK-4111,46438.605,47327.548,888.942,
Contact STARLINK-5247 - STARLINK-4111,60738.838,61626.697,887.859,
Contact STARLINK-5247 - STARLINK-4111,75036.848,75927.833,890.985,
Contact STARLINK-5247 - STARLINK-3994,0.000,3162.967,3162.967,
Contact STARLINK-5247 - STARLINK-3994,10302.189,17467.587,7165.398,
Contact STARLINK-5247 - STARLINK-3994,24606.014,31757.930,7151.916,
Contact STARLINK-5247 - STARLINK-3994,38897.540,40343.524,1445.984,
Contact STARLINK-5247 - STARLINK-3994,47482.276,54633.870,7151.594,
Contact STARLINK-5247 - STARLINK-3994,61773.793,68938.406,7164.613,
Contact STARLINK-5247 - STARLINK-3994,76077.567,83228.755,7151.187,
Contact STARLINK-5247 - STARLINK-5774,0.000,86400.000,86400.000,
Contact STARLINK-5247 - STARLINK-31577,79144.249,79607.374,463.125,
Contact STARLINK-5247 - STARLINK-31128,3556.279,7388.339,3832.060,
Contact STARLINK-5247 - STARLINK-31128,17770.995,21604.157,3833.162,
Contact STARLINK-5247 - STARLINK-31128,32002.817,32969.416,966.599,
Contact STARLINK-5247 - STARLINK-31128,46242.961,47166.856,923.894,
Contact STARLINK-5247 - STARLINK-31128,60501.862,61345.572,843.709,
Contact STARLINK-5247 - STARLINK-31128,71918.041,72679.609,761.569,
Contact STARLINK-5247 - STARLINK-31128,86201.989,86400.000,198.011,
Contact STARLINK-5247 - STARLINK-2643,0.000,86400.000,86400.000,
Contact STARLINK-5247 - STARLINK-3189,0.000,447.176,447.176,
Contact STARLINK-5247 - STARLINK-3189,7879.854,14733.154,6853.301,
Contact STARLINK-5247 - STARLINK-3189,25041.037,29039.391,3998.354,
Contact STARLINK-5247 - STARLINK-3189,39332.777,43325.292,3992.515,
Contact STARLINK-5247 - STARLINK-3189,53643.032,60480.524,6837.492,
Contact STARLINK-5247 - STARLINK-3189,67934.738,69068.320,1133.582,
Contact STARLINK-5247 - STARLINK-3189,82245.057,83354.107,1109.050,
Contact STARLINK-5247 - STARLINK-31784,60778.058,61532.620,754.562,
Contact STARLINK-5247 - STARLINK-31784,71976.678,75822.842,3846.164,
Contact STARLINK-5247 - STARLINK-31784,86048.808,86400.000,351.192,
Contact STARLINK-5247 - STARLINK-5494,10381.441,11013.742,632.302,
Contact STARLINK-5247 - STARLINK-5494,24768.061,25344.183,576.122,
Contact STARLINK-5247 - STARLINK-5494,39152.816,39677.537,524.720,
Contact STARLINK-5247 - STARLINK-4338,0.000,242.666,242.666,
Contact STARLINK-5247 - STARLINK-4338,13968.651,14456.028,487.377,
Contact STARLINK-5247 - STARLINK-31536,6770.553,7635.520,864.967,
Contact STARLINK-5247 - STARLINK-31536,20922.109,21857.633,935.524,
Contact STARLINK-5247 - STARLINK-31536,32260.027,36057.954,3797.927,
Contact STARLINK-5247 - STARLINK-31536,46452.473,47400.059,947.586,
Contact STARLINK-5247 - STARLINK-31536,60672.046,61554.383,882.337,
Contact STARLINK-5247 - STARLINK-31536,74914.432,75686.269,771.837,
Contact STARLINK-5247 - STARLINK-31536,86332.782,86400.000,67.218,
Contact STARLINK-5247 - STARLINK-5649,4128.274,11511.761,7383.487,
Contact STARLINK-5247 - STARLINK-5649,18400.226,28773.183,10372.956,
Contact STARLINK-5247 - STARLINK-5649,32667.714,43137.414,10469.700,
Contact STARLINK-5247 - STARLINK-5649,46952.838,57517.728,10564.890,
Contact STARLINK-5247 - STARLINK-5649,61237.292,71864.353,10627.061,
Contact STARLINK-5247 - STARLINK-5649,72675.263,86224.421,13549.158,
Contact STARLINK-5247 - STARLINK-5197,0.000,86400.000,86400.000,
Contact STARLINK-5247 - STARLINK-30100,0.000,715.015,715.015,
Contact STARLINK-5247 - STARLINK-30100,13979.508,20883.417,6903.909,
Contact STARLINK-5247 - STARLINK-30100,28224.519,35292.413,7067.894,
Contact STARLINK-5247 - STARLINK-30100,42496.938,49676.551,7179.614,
Contact STARLINK-5247 - STARLINK-30100,51049.715,58316.225,7266.509,
Contact STARLINK-5247 - STARLINK-30100,65333.011,72689.568,7356.557,
Contact STARLINK-5247 - STARLINK-30100,79606.329,86400.000,6793.671,
Contact STARLINK-5247 - STARLINK-11101 [DTC],3362.247,4238.300,876.053,
Contact STARLINK-5247 - STARLINK-11101 [DTC],17395.771,18227.741,831.970,
Contact STARLINK-5247 - STARLINK-11101 [DTC],28768.759,29275.437,506.678,
Contact STARLINK-5247 - STARLINK-2685,6997.751,7918.624,920.874,
Contact STARLINK-5247 - STARLINK-2685,21310.503,22229.838,919.335,
Contact STARLINK-5247 - STARLINK-2685,35626.705,36537.714,911.009,
Contact STARLINK-5247 - STARLINK-2685,49940.044,50848.295,908.251,
Contact STARLINK-5247 - STARLINK-2685,64256.983,65155.420,898.437,
Contact STARLINK-5247 - STARLINK-2685,78570.912,79465.369,894.457,
Contact STARLINK-5247 - STARLINK-4254,3029.008,4144.940,1115.933,
Contact STARLINK-5247 - STARLINK-4254,17327.121,18449.605,1122.484,
Contact STARLINK-5247 - STARLINK-4254,25915.087,32741.907,6826.820,
Contact STARLINK-5247 - STARLINK-4254,43079.737,47046.464,3966.727,
Contact STARLINK-5247 - STARLINK-4254,57377.955,61338.602,3960.647,
Contact STARLINK-5247 - STARLINK-4254,71687.663,75643.053,3955.390,
Contact STARLINK-5247 - STARLINK-4254,85985.955,86400.000,414.045,
Contact STARLINK-5247 - STARLINK-5289,0.000,6496.499,6496.499,
Contact STARLINK-5247 - STARLINK-5289,14091.406,14954.508,863.102,
Contact STARLINK-5247 - STARLINK-1276,6582.351,7507.397,925.047,
Contact STARLINK-5247 - STARLINK-1276,20896.448,21819.560,923.112,
Contact STARLINK-5247 - STARLINK-1276,32347.463,36132.494,3785.031,
Contact STARLINK-5247 - STARLINK-1276,46661.017,50443.977,3782.960,
Contact STARLINK-5247 - STARLINK-1276,60976.009,61893.326,917.317,
Contact STARLINK-5247 - STARLINK-1276,75290.366,76205.126,914.760,
Contact STARLINK-5247 - STARLINK-5837,35970.505,36215.645,245.140,
Contact STARLINK-5247 - STARLINK-5837,50283.847,50601.894,318.047,
Contact STARLINK-5247 - STARLINK-5837,64610.188,64974.806,364.618,
Contact STARLINK-5247 - STARLINK-5837,78928.699,79355.942,427.243,
Contact STARLINK-5247 - STARLINK-31852,7526.249,71221.116,63694.867,
Contact STARLINK-5247 - STARLINK-30879,10470.827,11099.013,628.186,
Contact STARLINK-5247 - STARLINK-30879,24507.737,25372.070,864.333,
Contact STARLINK-5247 - STARLINK-30879,35779.488,36747.530,968.042,
Contact STARLINK-5247 - STARLINK-30879,49912.361,50923.105,1010.744,
Contact STARLINK-5247 - STARLINK-30879,64098.316,65045.799,947.483,
Contact STARLINK-5247 - STARLINK-30879,75482.552,76308.964,826.412,
Contact STARLINK-5247 - STARLINK-5058,35788.609,39791.784,4003.175,
Contact STARLINK-5247 - STARLINK-5058,49862.980,57264.575,7401.596,
Contact STARLINK-5247 - STARLINK-5058,58335.230,71818.952,13483.722,
Contact STARLINK-5247 - STARLINK-5058,72402.766,86400.000,13997.234,
Contact STARLINK-5247 - STARLINK-6135,61094.942,61774.285,679.342,
Contact STARLINK-5247 - STARLINK-6135,75392.063,76130.304,738.241,
Contact STARLINK-5247 - STARLINK-1788,0.000,206.408,206.408,
Contact STARLINK-5247 - STARLINK-1788,10748.602,14491.498,3742.896,
Contact STARLINK-5247 - STARLINK-1788,25084.975,25924.537,839.563,
Contact STARLINK-5247 - STARLINK-1788,39407.765,40222.605,814.840,
Contact STARLINK-5247 - STARLINK-1788,53747.365,54503.375,756.009,
Contact STARLINK-5247 - STARLINK-1788,68072.462,68799.075,726.613,
Contact STARLINK-5247 - STARLINK-1788,82416.457,83075.444,658.987,
Contact STARLINK-5247 - STARLINK-1080,0.000,741.228,741.228,
Contact STARLINK-5247 - STARLINK-1080,7920.132,15037.660,7117.528,
Contact STARLINK-5247 - STARLINK-1080,22174.810,29370.807,7195.997,
Contact STARLINK-5247 - STARLINK-1080,36460.505,43667.497,7206.993,
Contact STARLINK-5247 - STARLINK-1080,50716.229,60845.053,10128.825,
Contact STARLINK-5247 - STARLINK-1080,67841.224,75176.747,7335.522,
Contact STARLINK-5247 - STARLINK-1080,82126.054,86400.000,4273.946,
Contact STARLINK-5247 - STARLINK-30052,0.000,6764.837,6764.837,
Contact STARLINK-5247 - STARLINK-30052,13880.176,21136.133,7255.958,
Contact STARLINK-5247 - STARLINK-30052,28147.699,35517.417,7369.718,
Contact STARLINK-5247 - STARLINK-30052,36724.499,49877.853,13153.354,
Contact STARLINK-5247 - STARLINK-30052,51001.257,64246.883,13245.626,
Contact STARLINK-5247 - STARLINK-30052,65300.690,78594.756,13294.066,
Contact STARLINK-5247 - STARLINK-30052,79590.331,86400.000,6809.669,
Contact STARLINK-5247 - STARLINK-11265 [DTC],82584.012,83224.380,640.367,
Contact STARLINK-5247 - STARLINK-4612,0.000,282.907,282.907,
Contact STARLINK-5247 - STARLINK-4612,10400.047,17442.033,7041.985,
Contact STARLINK-5247 - STARLINK-4612,24711.354,31734.402,7023.048,
Contact STARLINK-5247 - STARLINK-4612,39010.551,40320.596,1310.045,
Contact STARLINK-5247 - STARLINK-4612,53322.107,54612.764,1290.658,
Contact STARLINK-5247 - STARLINK-4612,61899.272,68918.361,7019.089,
Contact STARLINK-5247 - STARLINK-4612,76211.032,83210.273,6999.241,
Contact STARLINK-5247 - STARLINK-3815,50138.339,50609.664,471.325,
Contact STARLINK-5247 - STARLINK-3815,64264.320,64892.544,628.224,
Contact STARLINK-5247 - STARLINK-3815,75582.717,76301.247,718.530,
Contact STARLINK-5247 - STARLINK-31611,53423.289,54435.599,1012.310,
Contact STARLINK-5247 - STARLINK-31611,61805.239,68738.604,6933.364,
Contact STARLINK-5247 - STARLINK-31611,78701.232,85743.639,7042.408,
Contact STARLINK-5247 - MoonARTEMIS1,0.000,86400.000,86400.000,
Contact STARLINK-5247 - MoonARTEMIS2,0.000,60014.877,60014.877,
Contact STARLINK-5247 - MoonARTEMIS2,62572.814,86400.000,23827.186,
Contact STARLINK-5247 - MoonIOAGEO,0.000,16366.888,16366.888,
Contact STARLINK-5247 - MoonIOAGEO,20067.730,60226.969,40159.239,
Contact STARLINK-5247 - MoonIOAGEO,63877.033,86400.000,22522.967,
Contact STARLINK-5247 - MoonIOAGNO,0.000,86400.000,86400.000,
Contact STARLINK-5247 - MoonIOAGNO 0001,0.000,86400.000,86400.000,
Contact STARLINK-5247 - MoonIOAGSO,0.000,86400.000,86400.000,
Contact STARLINK-5247 - MoonIOAGSO 0001,0.000,86400.000,86400.000,
Contact STARLINK-5247 - MoonLRO,0.000,86400.000,86400.000,
Contact STARLINK-5247 - MarsSat1,1334.507,86400.000,85065.493,
Contact STARLINK-5247 - MarsSat2,0.000,86400.000,86400.000,
Contact STARLINK-5247 - MarsSat3,0.000,86400.000,86400.000,
Contact STARLINK-5247 - MarsSat4,0.000,86400.000,86400.000,
Contact STARLINK-30126 - STARLINK-4299,10124.548,11271.048,1146.500,
Contact STARLINK-30126 - STARLINK-4299,24485.990,25568.549,1082.558,
Contact STARLINK-30126 - STARLINK-4299,35972.961,39874.937,3901.976,
Contact STARLINK-30126 - STARLINK-4299,50328.431,54164.561,3836.130,
Contact STARLINK-30126 - STARLINK-4299,64701.587,68463.487,3761.899,
Contact STARLINK-30126 - STARLINK-4299,79065.489,79893.454,827.966,
Contact STARLINK-30126 - STARLINK-31295,6406.215,7228.143,821.929,
Contact STARLINK-30126 - STARLINK-31295,17679.072,24487.624,6808.552,
Contact STARLINK-30126 - STARLINK-31295,31832.404,33078.533,1246.129,
Contact STARLINK-30126 - STARLINK-31295,40342.891,47366.544,7023.652,
Contact STARLINK-30126 - STARLINK-31295,54580.965,61592.051,7011.086,
Contact STARLINK-30126 - STARLINK-31295,71731.972,75773.893,4041.921,
Contact STARLINK-30126 - STARLINK-31295,86081.105,86400.000,318.895,
Contact STARLINK-30126 - STARLINK-31577,36767.631,46792.182,10024.551,
Contact STARLINK-30126 - STARLINK-31577,50443.252,60830.238,10386.986,
Contact STARLINK-30126 - STARLINK-31577,67766.327,68975.501,1209.174,
Contact STARLINK-30126 - STARLINK-2704,53944.978,54176.471,231.493,
Contact STARLINK-30126 - STARLINK-2704,68112.613,68607.605,494.992,
Contact STARLINK-30126 - STARLINK-2704,82339.271,82980.020,640.749,
Contact STARLINK-30126 - STARLINK-2643,0.000,578.103,578.103,
Contact STARLINK-30126 - STARLINK-2643,13990.542,14854.843,864.301,
Contact STARLINK-30126 - STARLINK-2643,28366.448,29142.998,776.551,
Contact STARLINK-30126 - STARLINK-2643,42768.789,43402.787,633.998,
Contact STARLINK-30126 - STARLINK-2643,57165.428,57670.047,504.619,
Contact STARLINK-30126 - STARLINK-3189,0.000,71955.920,71955.920,
Contact STARLINK-30126 - STARLINK-3189,78956.431,80197.311,1240.880,
Contact STARLINK-30126 - STARLINK-31784,6810.747,7846.988,1036.241,
Contact STARLINK-30126 - STARLINK-31784,21101.917,21901.358,799.441,
Contact STARLINK-30126 - STARLINK-5494,10635.340,11397.616,762.276,
Contact STARLINK-30126 - STARLINK-5494,24970.547,25843.692,873.146,
Contact STARLINK-30126 - STARLINK-5494,39291.560,40297.583,1006.023,
Contact STARLINK-30126 - STARLINK-5494,53639.940,60505.577,6865.637,
Contact STARLINK-30126 - STARLINK-5494,67973.448,74944.459,6971.011,
Contact STARLINK-30126 - STARLINK-5494,82330.734,86400.000,4069.266,
Contact STARLINK-30126 - STARLINK-30421,42465.883,86400.000,43934.117,
Contact STARLINK-30126 - STARLINK-4338,0.000,715.831,715.831,
Contact STARLINK-30126 - STARLINK-4338,14325.868,15090.610,764.742,
Contact STARLINK-30126 - STARLINK-4338,28699.310,29473.321,774.011,
Contact STARLINK-30126 - STARLINK-4338,43081.375,43848.001,766.626,
Contact STARLINK-30126 - STARLINK-4338,57455.097,58230.350,775.253,
Contact STARLINK-30126 - STARLINK-4338,71837.139,72604.969,767.830,
Contact STARLINK-30126 - STARLINK-4338,86211.115,86400.000,188.885,
Contact STARLINK-30126 - STARLINK-32197,51270.063,86400.000,35129.937,
Contact STARLINK-30126 - STARLINK-6148,0.000,86400.000,86400.000,
Contact STARLINK-30126 - STARLINK-11199 [DTC],80917.710,86400.000,5482.290,
Contact STARLINK-30126 - STARLINK-11101 [DTC],68286.614,68629.071,342.457,
Contact STARLINK-30126 - STARLINK-11101 [DTC],82025.252,82966.808,941.556,
Contact STARLINK-30126 - STARLINK-31853,49857.554,50438.814,581.260,
Contact STARLINK-30126 - STARLINK-31853,61016.472,64819.823,3803.351,
Contact STARLINK-30126 - STARLINK-31853,75090.408,76219.861,1129.453,
Contact STARLINK-30126 - STARLINK-4551,6861.985,7548.482,686.497,
Contact STARLINK-30126 - STARLINK-4551,21164.193,21900.204,736.011,
Contact STARLINK-30126 - STARLINK-4551,35466.002,36252.875,786.872,
Contact STARLINK-30126 - STARLINK-4551,49773.548,50599.244,825.697,
Contact STARLINK-30126 - STARLINK-4551,64080.266,64946.938,866.672,
Contact STARLINK-30126 - STARLINK-4551,75528.415,79288.940,3760.525,
Contact STARLINK-30126 - STARLINK-1578,6841.149,7854.463,1013.315,
Contact STARLINK-30126 - STARLINK-1578,21164.966,22180.252,1015.287,
Contact STARLINK-30126 - STARLINK-1578,35492.945,36501.932,1008.987,
Contact STARLINK-30126 - STARLINK-1578,49820.604,50823.839,1003.235,
Contact STARLINK-30126 - STARLINK-1578,64152.322,65141.659,989.337,
Contact STARLINK-30126 - STARLINK-1578,78483.876,79459.634,975.758,
Contact STARLINK-30126 - STARLINK-5289,17306.593,18003.676,697.083,
Contact STARLINK-30126 - STARLINK-5289,43175.734,43910.445,734.711,
Contact STARLINK-30126 - STARLINK-5289,57540.611,58310.183,769.572,
Contact STARLINK-30126 - STARLINK-5289,71916.856,72698.237,781.382,
Contact STARLINK-30126 - STARLINK-5289,86284.001,86400.000,115.999,
Contact STARLINK-30126 - STARLINK-31852,0.000,6683.285,6683.285,
Contact STARLINK-30126 - STARLINK-31852,14036.728,14897.396,860.668,
Contact STARLINK-30126 - STARLINK-1666,0.000,4132.408,4132.408,
Contact STARLINK-30126 - STARLINK-1666,11371.985,18484.984,7113.000,
Contact STARLINK-30126 - STARLINK-1666,25706.622,32823.430,7116.809,
Contact STARLINK-30126 - STARLINK-1666,40033.016,47172.806,7139.791,
Contact STARLINK-30126 - STARLINK-1666,57232.471,64382.628,7150.157,
Contact STARLINK-30126 - STARLINK-1666,71571.663,78716.530,7144.867,
Contact STARLINK-30126 - STARLINK-1666,85902.912,86400.000,497.088,
Contact STARLINK-30126 - STARLINK-1293,7121.921,11081.127,3959.205,
Contact STARLINK-30126 - STARLINK-1293,21466.976,25414.358,3947.382,
Contact STARLINK-30126 - STARLINK-1293,35820.016,39754.638,3934.622,
Contact STARLINK-30126 - STARLINK-1293,50165.996,54086.783,3920.787,
Contact STARLINK-30126 - STARLINK-1293,64520.137,68426.120,3905.983,
Contact STARLINK-30126 - STARLINK-1293,78867.062,79894.127,1027.065,
Contact STARLINK-30126 - STARLINK-30879,0.000,11293.488,11293.488,
Contact STARLINK-30126 - STARLINK-31345,61128.507,61436.462,307.955,
Contact STARLINK-30126 - STARLINK-31345,75064.196,75947.249,883.053,
Contact STARLINK-30126 - STARLINK-31345,86333.757,86400.000,66.243,
Contact STARLINK-30126 - STARLINK-31690,35636.074,36492.005,855.930,
Contact STARLINK-30126 - STARLINK-31690,49721.611,50748.969,1027.358,
Contact STARLINK-30126 - STARLINK-31690,61053.575,64918.059,3864.484,
Contact STARLINK-30126 - STARLINK-31690,75297.754,76188.847,891.093,
Contact STARLINK-30126 - STARLINK-1788,0.000,86400.000,86400.000,
Contact STARLINK-30126 - STARLINK-1080,0.000,46619.846,46619.846,
Contact STARLINK-30126 - STARLINK-1080,50422.565,60686.511,10263.946,
Contact STARLINK-30126 - STARLINK-1080,67884.149,69168.810,1284.660,
Contact STARLINK-30126 - STARLINK-1080,82509.433,83178.491,669.058,
Contact STARLINK-30126 - STARLINK-31554,24727.272,25880.823,1153.551,
Contact STARLINK-30126 - STARLINK-31554,33144.963,40148.279,7003.316,
Contact STARLINK-30126 - STARLINK-31554,47314.742,54244.195,6929.453,
Contact STARLINK-30126 - STARLINK-31554,64539.787,65401.125,861.338,
Contact STARLINK-30126 - STARLINK-1303,10142.492,11384.140,1241.648,
Contact STARLINK-30126 - STARLINK-1303,24489.349,25719.649,1230.300,
Contact STARLINK-30126 - STARLINK-1303,33091.042,40062.985,6971.943,
Contact STARLINK-30126 - STARLINK-1303,47439.019,54397.075,6958.057,
Contact STARLINK-30126 - STARLINK-1303,61779.187,68739.065,6959.878,
Contact STARLINK-30126 - STARLINK-1303,78993.402,83071.702,4078.300,
Contact STARLINK-30126 - STARLINK-11265 [DTC],56777.113,83056.899,26279.786,
Contact STARLINK-30126 - STARLINK-5831,0.000,86400.000,86400.000,
Contact STARLINK-30126 - STARLINK-31034,31666.197,32700.759,1034.562,
Contact STARLINK-30126 - STARLINK-31034,42865.635,50012.122,7146.487,
Contact STARLINK-30126 - STARLINK-31034,56963.156,64314.703,7351.547,
Contact STARLINK-30126 - STARLINK-31034,65485.748,78479.083,12993.335,
Contact STARLINK-30126 - STARLINK-31034,79772.711,86400.000,6627.289,
Contact STARLINK-30126 - STARLINK-3815,10166.282,11244.276,1077.994,
Contact STARLINK-30126 - STARLINK-3815,24600.490,25275.077,674.587,
Contact STARLINK-30126 - STARLINK-31611,0.000,49645.588,49645.588,
Contact STARLINK-30126 - MoonARTEMIS1,0.000,3492.475,3492.475,
Contact STARLINK-30126 - MoonARTEMIS1,5584.692,9247.431,3662.739,
Contact STARLINK-30126 - MoonARTEMIS1,11347.564,20766.710,9419.146,
Contact STARLINK-30126 - MoonARTEMIS1,22886.369,31168.163,8281.793,
Contact STARLINK-30126 - MoonARTEMIS1,34387.061,38012.557,3625.495,
Contact STARLINK-30126 - MoonARTEMIS1,40137.168,49508.711,9371.543,
Contact STARLINK-30126 - MoonARTEMIS1,51639.434,61007.449,9368.015,
Contact STARLINK-30126 - MoonARTEMIS1,63144.174,66757.758,3613.584,
Contact STARLINK-30126 - MoonARTEMIS1,68897.450,78260.388,9362.938,
Contact STARLINK-30126 - MoonARTEMIS1,80405.957,86400.000,5994.043,
Contact STARLINK-30126 - MoonARTEMIS2,0.000,3546.133,3546.133,
Contact STARLINK-30126 - MoonARTEMIS2,5656.363,9297.846,3641.483,
Contact STARLINK-30126 - MoonARTEMIS2,11412.543,20799.399,9386.856,
Contact STARLINK-30126 - MoonARTEMIS2,22921.763,32298.114,9376.350,
Contact STARLINK-30126 - MoonARTEMIS2,34426.523,38046.131,3619.608,
Contact STARLINK-30126 - MoonARTEMIS2,40176.919,49538.118,9361.199,
Contact STARLINK-30126 - MoonARTEMIS2,51671.941,59999.920,8327.978,
Contact STARLINK-30126 - MoonARTEMIS2,63174.016,66788.894,3614.879,
Contact STARLINK-30126 - MoonARTEMIS2,68939.249,78306.673,9367.425,
Contact STARLINK-30126 - MoonARTEMIS2,80462.178,86400.000,5937.822,
Contact STARLINK-30126 - MoonIOAGEO,0.000,3505.794,3505.794,
Contact STARLINK-30126 - MoonIOAGEO,5599.342,9255.594,3656.251,
Contact STARLINK-30126 - MoonIOAGEO,11357.417,15010.420,3653.003,
Contact STARLINK-30126 - MoonIOAGEO,22887.444,32277.634,9390.190,
Contact STARLINK-30126 - MoonIOAGEO,34403.226,38025.291,3622.065,
Contact STARLINK-30126 - MoonIOAGEO,40151.367,49517.885,9366.518,
Contact STARLINK-30126 - MoonIOAGEO,51650.321,60126.791,8476.470,
Contact STARLINK-30126 - MoonIOAGEO,64029.863,66785.985,2756.122,
Contact STARLINK-30126 - MoonIOAGEO,68934.832,78293.502,9358.670,
Contact STARLINK-30126 - MoonIOAGEO,80443.431,86400.000,5956.569,
Contact STARLINK-30126 - MoonIOAGNO,0.000,3512.108,3512.108,
Contact STARLINK-30126 - MoonIOAGNO,5605.152,9258.414,3653.262,
Contact STARLINK-30126 - MoonIOAGNO,11367.353,20779.381,9412.028,
Contact STARLINK-30126 - MoonIOAGNO,22891.051,32281.910,9390.860,
Contact STARLINK-30126 - MoonIOAGNO,34398.131,38029.551,3631.419,
Contact STARLINK-30126 - MoonIOAGNO,40149.927,49521.818,9371.891,
Contact STARLINK-30126 - MoonIOAGNO,51655.554,61039.955,9384.401,
Contact STARLINK-30126 - MoonIOAGNO,63182.695,66794.952,3612.257,
Contact STARLINK-30126 - MoonIOAGNO,68937.367,78295.183,9357.816,
Contact STARLINK-30126 - MoonIOAGNO,80440.342,86400.000,5959.658,
Contact STARLINK-30126 - MoonIOAGNO 0001,0.000,3526.555,3526.555,
Contact STARLINK-30126 - MoonIOAGNO 0001,5618.386,9276.883,3658.497,
Contact STARLINK-30126 - MoonIOAGNO 0001,11372.322,20770.970,9398.649,
Contact STARLINK-30126 - MoonIOAGNO 0001,22877.900,32266.040,9388.141,
Contact STARLINK-30126 - MoonIOAGNO 0001,34396.838,38030.312,3633.474,
Contact STARLINK-30126 - MoonIOAGNO 0001,40159.721,49538.653,9378.932,
Contact STARLINK-30126 - MoonIOAGNO 0001,51668.900,61035.444,9366.544,
Contact STARLINK-30126 - MoonIOAGNO 0001,63171.403,66781.910,3610.508,
Contact STARLINK-30126 - MoonIOAGNO 0001,68922.310,78289.970,9367.659,
Contact STARLINK-30126 - MoonIOAGNO 0001,80445.105,86400.000,5954.895,
Contact STARLINK-30126 - MoonIOAGSO,0.000,3501.385,3501.385,
Contact STARLINK-30126 - MoonIOAGSO,5601.826,9263.521,3661.695,
Contact STARLINK-30126 - MoonIOAGSO,12470.027,20760.433,8290.406,
Contact STARLINK-30126 - MoonIOAGSO,22878.938,32255.753,9376.815,
Contact STARLINK-30126 - MoonIOAGSO,34383.560,38007.180,3623.620,
Contact STARLINK-30126 - MoonIOAGSO,40138.326,49519.919,9381.594,
Contact STARLINK-30126 - MoonIOAGSO,51657.954,61027.929,9369.975,
Contact STARLINK-30126 - MoonIOAGSO,63171.215,66774.517,3603.302,
Contact STARLINK-30126 - MoonIOAGSO,68921.776,78273.957,9352.181,
Contact STARLINK-30126 - MoonIOAGSO,80426.680,86400.000,5973.320,
Contact STARLINK-30126 - MoonIOAGSO 0001,0.000,3500.623,3500.623,
Contact STARLINK-30126 - MoonIOAGSO 0001,5604.941,9248.528,3643.587,
Contact STARLINK-30126 - MoonIOAGSO 0001,11357.969,20752.684,9394.714,
Contact STARLINK-30126 - MoonIOAGSO 0001,22869.897,32272.732,9402.835,
Contact STARLINK-30126 - MoonIOAGSO 0001,34398.221,38021.394,3623.173,
Contact STARLINK-30126 - MoonIOAGSO 0001,40150.907,49514.303,9363.396,
Contact STARLINK-30126 - MoonIOAGSO 0001,51653.221,61016.412,9363.191,
Contact STARLINK-30126 - MoonIOAGSO 0001,63161.179,66771.580,3610.400,
Contact STARLINK-30126 - MoonIOAGSO 0001,68918.914,76310.097,7391.183,
Contact STARLINK-30126 - MoonIOAGSO 0001,80439.341,86400.000,5960.659,
Contact STARLINK-30126 - MoonLRO,0.000,3507.199,3507.199,
Contact STARLINK-30126 - MoonLRO,5610.763,9261.158,3650.394,
Contact STARLINK-30126 - MoonLRO,11364.065,20771.142,9407.078,
Contact STARLINK-30126 - MoonLRO,22880.722,32268.497,9387.774,
Contact STARLINK-30126 - MoonLRO,34398.390,38017.380,3618.990,
Contact STARLINK-30126 - MoonLRO,40151.539,49526.398,9374.859,
Contact STARLINK-30126 - MoonLRO,51656.835,61033.247,9376.412,
Contact STARLINK-30126 - MoonLRO,63173.759,66781.762,3608.002,
Contact STARLINK-30126 - MoonLRO,68931.424,78282.611,9351.187,
Contact STARLINK-30126 - MoonLRO,80436.152,86400.000,5963.848,
Contact STARLINK-30126 - MarsSat1,5676.709,9319.005,3642.297,
Contact STARLINK-30126 - MarsSat1,11422.516,20808.767,9386.252,
Contact STARLINK-30126 - MarsSat1,22914.058,32298.501,9384.443,
Contact STARLINK-30126 - MarsSat1,34405.494,38043.363,3637.868,
Contact STARLINK-30126 - MarsSat1,40151.182,49533.107,9381.924,
Contact STARLINK-30126 - MarsSat1,51642.535,61022.927,9380.392,
Contact STARLINK-30126 - MarsSat1,63133.912,66767.880,3633.968,
Contact STARLINK-30126 - MarsSat1,68879.623,78257.874,9378.251,
Contact STARLINK-30126 - MarsSat1,80371.089,86400.000,6028.911,
Contact STARLINK-30126 - MarsSat2,0.000,3574.030,3574.030,
Contact STARLINK-30126 - MarsSat2,5676.608,9318.949,3642.340,
Contact STARLINK-30126 - MarsSat2,11422.445,20808.796,9386.352,
Contact STARLINK-30126 - MarsSat2,22914.077,32298.638,9384.561,
Contact STARLINK-30126 - MarsSat2,34405.640,38043.561,3637.920,
Contact STARLINK-30126 - MarsSat2,40151.400,49533.418,9382.018,
Contact STARLINK-30126 - MarsSat2,51642.881,61023.299,9380.418,
Contact STARLINK-30126 - MarsSat2,63134.320,66768.250,3633.930,
Contact STARLINK-30126 - MarsSat2,68880.025,78258.175,9378.150,
Contact STARLINK-30126 - MarsSat2,80371.410,86400.000,6028.590,
Contact STARLINK-30126 - MarsSat3,0.000,3573.981,3573.981,
Contact STARLINK-30126 - MarsSat3,5676.567,9318.853,3642.286,
Contact STARLINK-30126 - MarsSat3,11422.355,20808.691,9386.336,
Contact STARLINK-30126 - MarsSat3,22913.967,32298.537,9384.570,
Contact STARLINK-30126 - MarsSat3,34405.524,38043.449,3637.925,
Contact STARLINK-30126 - MarsSat3,40151.270,49533.264,9381.994,
Contact STARLINK-30126 - MarsSat3,51642.711,61023.089,9380.378,
Contact STARLINK-30126 - MarsSat3,63134.096,66768.012,3633.916,
Contact STARLINK-30126 - MarsSat3,68879.773,78257.891,9378.118,
Contact STARLINK-30126 - MarsSat3,80371.112,86400.000,6028.888,
Contact STARLINK-30126 - MarsSat4,0.000,3574.119,3574.119,
Contact STARLINK-30126 - MarsSat4,5676.692,9318.919,3642.227,
Contact STARLINK-30126 - MarsSat4,11422.413,20808.599,9386.187,
Contact STARLINK-30126 - MarsSat4,22913.889,32298.476,9384.587,
Contact STARLINK-30126 - MarsSat4,34405.473,38043.348,3637.874,
Contact STARLINK-30126 - MarsSat4,40151.177,49533.103,9381.926,
Contact STARLINK-30126 - MarsSat4,51642.554,61023.082,9380.529,
Contact STARLINK-30126 - MarsSat4,63134.092,66768.045,3633.953,
Contact STARLINK-30126 - MarsSat4,68879.797,78257.909,9378.111,
Contact STARLINK-30126 - MarsSat4,80371.118,86400.000,6028.882,
Contact STARLINK-2314 - STARLINK-4299,3549.256,7413.921,3864.665,
Contact STARLINK-2314 - STARLINK-4299,17868.614,21729.362,3860.749,
Contact STARLINK-2314 - STARLINK-4299,32163.224,36017.072,3853.848,
Contact STARLINK-2314 - STARLINK-4299,46482.760,47458.251,975.491,
Contact STARLINK-2314 - STARLINK-4299,60777.349,61773.599,996.250,
Contact STARLINK-2314 - STARLINK-4299,75097.075,76060.993,963.918,
Contact STARLINK-2314 - STARLINK-3994,0.000,86400.000,86400.000,
Contact STARLINK-2314 - STARLINK-5774,10379.278,11322.831,943.553,
Contact STARLINK-2314 - STARLINK-5774,24700.504,25663.447,962.943,
Contact STARLINK-2314 - STARLINK-5774,39020.983,40004.430,983.447,
Contact STARLINK-2314 - STARLINK-5774,53345.637,54341.516,995.880,
Contact STARLINK-2314 - STARLINK-5774,67669.689,68678.892,1009.203,
Contact STARLINK-2314 - STARLINK-5774,79131.116,83012.478,3881.363,
Contact STARLINK-2314 - STARLINK-31295,82534.527,83090.854,556.327,
Contact STARLINK-2314 - STARLINK-31577,75320.396,86400.000,11079.604,
Contact STARLINK-2314 - STARLINK-2643,10379.229,11278.122,898.892,
Contact STARLINK-2314 - STARLINK-2643,24691.337,25578.391,887.054,
Contact STARLINK-2314 - STARLINK-2643,38995.412,39886.948,891.535,
Contact STARLINK-2314 - STARLINK-2643,53307.535,54187.102,879.568,
Contact STARLINK-2314 - STARLINK-2643,64754.013,68495.573,3741.559,
Contact STARLINK-2314 - STARLINK-2643,79058.064,79938.966,880.901,
Contact STARLINK-2314 - STARLINK-4560,43167.078,43822.900,655.822,
Contact STARLINK-2314 - STARLINK-4560,57504.317,58186.866,682.549,
Contact STARLINK-2314 - STARLINK-4560,71832.932,72560.092,727.160,
Contact STARLINK-2314 - STARLINK-4560,86171.913,86400.000,228.087,
Contact STARLINK-2314 - STARLINK-31784,3302.646,3943.584,640.938,
Contact STARLINK-2314 - STARLINK-31784,17288.581,18256.684,968.103,
Contact STARLINK-2314 - STARLINK-31784,28543.767,35311.385,6767.617,
Contact STARLINK-2314 - STARLINK-31784,42679.274,43800.131,1120.857,
Contact STARLINK-2314 - STARLINK-31784,56900.274,57876.206,975.932,
Contact STARLINK-2314 - STARLINK-31784,68339.285,69076.270,736.984,
Contact STARLINK-2314 - STARLINK-5494,0.000,14089.085,14089.085,
Contact STARLINK-2314 - STARLINK-5494,15011.436,28198.496,13187.061,
Contact STARLINK-2314 - STARLINK-5494,35541.905,36632.477,1090.572,
Contact STARLINK-2314 - STARLINK-4338,0.000,29.156,29.156,
Contact STARLINK-2314 - STARLINK-4338,10753.248,11510.685,757.437,
Contact STARLINK-2314 - STARLINK-4338,25105.293,25861.848,756.554,
Contact STARLINK-2314 - STARLINK-4338,39455.491,40214.411,758.920,
Contact STARLINK-2314 - STARLINK-4338,53807.087,54565.975,758.888,
Contact STARLINK-2314 - STARLINK-4338,68157.748,68918.001,760.253,
Contact STARLINK-2314 - STARLINK-4338,82508.904,83269.961,761.057,
Contact STARLINK-2314 - STARLINK-31536,0.000,7063.109,7063.109,
Contact STARLINK-2314 - STARLINK-31536,11117.890,18198.167,7080.277,
Contact STARLINK-2314 - STARLINK-31536,28601.536,29215.450,613.914,
Contact STARLINK-2314 - STARLINK-11199 [DTC],0.000,10069.898,10069.898,
Contact STARLINK-2314 - STARLINK-5649,449.905,14284.168,13834.262,
Contact STARLINK-2314 - STARLINK-5649,14678.333,28741.137,14062.804,
Contact STARLINK-2314 - STARLINK-5649,28900.977,86400.000,57499.023,
Contact STARLINK-2314 - STARLINK-5197,6627.582,13828.432,7200.850,
Contact STARLINK-2314 - STARLINK-5197,20923.872,28138.080,7214.208,
Contact STARLINK-2314 - STARLINK-5197,29511.898,36712.554,7200.656,
Contact STARLINK-2314 - STARLINK-5197,43808.167,51022.153,7213.986,
Contact STARLINK-2314 - STARLINK-5197,58117.242,65317.634,7200.393,
Contact STARLINK-2314 - STARLINK-5197,72413.483,79627.173,7213.689,
Contact STARLINK-2314 - STARLINK-2685,0.000,86400.000,86400.000,
Contact STARLINK-2314 - STARLINK-4254,0.000,168.025,168.025,
Contact STARLINK-2314 - STARLINK-4254,13953.201,14478.546,525.345,
Contact STARLINK-2314 - STARLINK-4254,68310.062,68833.367,523.305,
Contact STARLINK-2314 - STARLINK-4254,82608.154,83143.762,535.608,
Contact STARLINK-2314 - STARLINK-1578,3328.706,3966.227,637.521,
Contact STARLINK-2314 - STARLINK-1578,17630.328,18264.263,633.935,
Contact STARLINK-2314 - STARLINK-1578,31920.371,32573.536,653.165,
Contact STARLINK-2314 - STARLINK-1578,46221.911,46871.517,649.607,
Contact STARLINK-2314 - STARLINK-1578,71948.875,72623.157,674.282,
Contact STARLINK-2314 - STARLINK-1578,86250.306,86400.000,149.694,
Contact STARLINK-2314 - STARLINK-3525,6696.519,7495.673,799.154,
Contact STARLINK-2314 - STARLINK-3525,20996.795,21788.750,791.955,
Contact STARLINK-2314 - STARLINK-3525,35314.266,36064.342,750.076,
Contact STARLINK-2314 - STARLINK-3525,46761.893,47491.229,729.337,
Contact STARLINK-2314 - STARLINK-3525,61062.842,61783.475,720.633,
Contact STARLINK-2314 - STARLINK-3525,75382.508,76056.768,674.260,
Contact STARLINK-2314 - STARLINK-5289,0.000,80.150,80.150,
Contact STARLINK-2314 - STARLINK-5289,10723.014,14437.455,3714.441,
Contact STARLINK-2314 - STARLINK-5289,25079.876,25923.219,843.342,
Contact STARLINK-2314 - STARLINK-5289,39435.530,40279.670,844.140,
Contact STARLINK-2314 - STARLINK-5289,53795.468,54632.642,837.174,
Contact STARLINK-2314 - STARLINK-5289,68155.002,68985.081,830.079,
Contact STARLINK-2314 - STARLINK-5289,82517.997,83334.977,816.980,
Contact STARLINK-2314 - STARLINK-1276,43098.790,43808.544,709.753,
Contact STARLINK-2314 - STARLINK-1276,57371.123,58166.960,795.837,
Contact STARLINK-2314 - STARLINK-1276,71606.064,72566.033,959.969,
Contact STARLINK-2314 - STARLINK-1276,85887.482,86400.000,512.518,
Contact STARLINK-2314 - STARLINK-5837,53628.448,54083.155,454.707,
Contact STARLINK-2314 - STARLINK-5837,67715.429,68714.624,999.196,
Contact STARLINK-2314 - STARLINK-5837,76233.923,83274.469,7040.545,
Contact STARLINK-2314 - STARLINK-31852,10508.858,11293.265,784.407,
Contact STARLINK-2314 - STARLINK-31852,24521.036,25576.186,1055.151,
Contact STARLINK-2314 - STARLINK-31852,35792.250,39776.534,3984.284,
Contact STARLINK-2314 - STARLINK-31852,49951.796,51072.522,1120.726,
Contact STARLINK-2314 - STARLINK-31852,64209.305,65109.385,900.080,
Contact STARLINK-2314 - STARLINK-1293,3471.523,7210.252,3738.729,
Contact STARLINK-2314 - STARLINK-1293,17824.126,18643.056,818.931,
Contact STARLINK-2314 - STARLINK-1293,32161.183,32941.737,780.554,
Contact STARLINK-2314 - STARLINK-1293,46519.814,47218.074,698.260,
Contact STARLINK-2314 - STARLINK-1293,60861.548,61512.001,650.453,
Contact STARLINK-2314 - STARLINK-1293,75230.242,75778.250,548.008,
Contact STARLINK-2314 - STARLINK-30879,5242.802,72326.238,67083.436,
Contact STARLINK-2314 - STARLINK-5058,6778.932,7660.265,881.333,
Contact STARLINK-2314 - STARLINK-5058,21042.863,22055.610,1012.746,
Contact STARLINK-2314 - STARLINK-5058,35330.409,36428.239,1097.830,
Contact STARLINK-2314 - STARLINK-5058,43893.006,50810.144,6917.138,
Contact STARLINK-2314 - STARLINK-5058,58188.245,65173.285,6985.040,
Contact STARLINK-2314 - STARLINK-5058,75339.276,79545.448,4206.172,
Contact STARLINK-2314 - STARLINK-31690,71620.384,72293.856,673.472,
Contact STARLINK-2314 - STARLINK-31690,85666.735,86400.000,733.265,
Contact STARLINK-2314 - STARLINK-1080,79141.840,79425.467,283.627,
Contact STARLINK-2314 - STARLINK-4356,86087.870,86400.000,312.130,
Contact STARLINK-2314 - STARLINK-31554,60854.613,61359.967,505.354,
Contact STARLINK-2314 - STARLINK-31554,71799.332,78818.619,7019.287,
Contact STARLINK-2314 - STARLINK-31554,85729.677,86400.000,670.323,
Contact STARLINK-2314 - STARLINK-4612,0.000,28763.667,28763.667,
Contact STARLINK-2314 - STARLINK-4612,28937.860,42982.068,14044.208,
Contact STARLINK-2314 - STARLINK-4612,43287.538,57283.234,13995.696,
Contact STARLINK-2314 - STARLINK-4612,57639.568,86400.000,28760.432,
Contact STARLINK-2314 - STARLINK-3815,6555.327,7372.056,816.729,
Contact STARLINK-2314 - STARLINK-3815,17682.075,24752.211,7070.136,
Contact STARLINK-2314 - STARLINK-3815,31670.978,39141.572,7470.594,
Contact STARLINK-2314 - STARLINK-3815,40119.205,53429.421,13310.216,
Contact STARLINK-2314 - STARLINK-3815,54232.745,64785.060,10552.315,
Contact STARLINK-2314 - STARLINK-3815,68485.050,78894.410,10409.360,
Contact STARLINK-2314 - STARLINK-3815,85702.432,86400.000,697.568,
Contact STARLINK-2314 - STARLINK-31611,52981.111,57336.459,4355.348,
Contact STARLINK-2314 - STARLINK-31611,58132.258,86400.000,28267.742,
Contact STARLINK-2314 - MoonARTEMIS1,0.000,2176.818,2176.818,
Contact STARLINK-2314 - MoonARTEMIS1,4343.961,13653.672,9309.711,
Contact STARLINK-2314 - MoonARTEMIS1,15821.847,25141.765,9319.917,
Contact STARLINK-2314 - MoonARTEMIS1,27300.519,29615.656,2315.137,
Contact STARLINK-2314 - MoonARTEMIS1,33027.694,42329.292,9301.598,
Contact STARLINK-2314 - MoonARTEMIS1,44484.235,53791.015,9306.780,
Contact STARLINK-2314 - MoonARTEMIS1,55943.657,59523.015,3579.358,
Contact STARLINK-2314 - MoonARTEMIS1,61674.385,70989.431,9315.046,
Contact STARLINK-2314 - MoonARTEMIS1,73137.953,82459.527,9321.574,
Contact STARLINK-2314 - MoonARTEMIS1,84604.716,86400.000,1795.284,
Contact STARLINK-2314 - MoonARTEMIS2,0.000,2240.115,2240.115,
Contact STARLINK-2314 - MoonARTEMIS2,4405.080,13708.573,9303.493,
Contact STARLINK-2314 - MoonARTEMIS2,15871.072,19441.816,3570.745,
Contact STARLINK-2314 - MoonARTEMIS2,27333.959,30905.981,3572.023,
Contact STARLINK-2314 - MoonARTEMIS2,33064.038,42366.033,9301.995,
Contact STARLINK-2314 - MoonARTEMIS2,44520.528,53818.930,9298.402,
Contact STARLINK-2314 - MoonARTEMIS2,55968.552,59544.233,3575.681,
Contact STARLINK-2314 - MoonARTEMIS2,62622.047,71038.624,8416.577,
Contact STARLINK-2314 - MoonARTEMIS2,73185.086,82525.478,9340.392,
Contact STARLINK-2314 - MoonARTEMIS2,84664.167,86400.000,1735.833,
Contact STARLINK-2314 - MoonIOAGEO,0.000,2193.142,2193.142,
Contact STARLINK-2314 - MoonIOAGEO,4357.819,13661.875,9304.056,
Contact STARLINK-2314 - MoonIOAGEO,21569.483,25146.339,3576.857,
Contact STARLINK-2314 - MoonIOAGEO,27308.624,30883.405,3574.781,
Contact STARLINK-2314 - MoonIOAGEO,33042.185,42339.836,9297.651,
Contact STARLINK-2314 - MoonIOAGEO,44495.294,53802.396,9307.102,
Contact STARLINK-2314 - MoonIOAGEO,55958.329,59544.026,3585.697,
Contact STARLINK-2314 - MoonIOAGEO,64005.156,71031.921,7026.765,
Contact STARLINK-2314 - MoonIOAGEO,73177.708,82496.886,9319.177,
Contact STARLINK-2314 - MoonIOAGEO,84635.939,86400.000,1764.061,
Contact STARLINK-2314 - MoonIOAGNO,0.000,2197.860,2197.860,
Contact STARLINK-2314 - MoonIOAGNO,4362.732,13672.809,9310.077,
Contact STARLINK-2314 - MoonIOAGNO,15840.278,25145.962,9305.684,
Contact STARLINK-2314 - MoonIOAGNO,27309.369,30878.066,3568.697,
Contact STARLINK-2314 - MoonIOAGNO,33039.952,42340.174,9300.222,
Contact STARLINK-2314 - MoonIOAGNO,44498.135,53810.943,9312.808,
Contact STARLINK-2314 - MoonIOAGNO,55969.218,59556.792,3587.574,
Contact STARLINK-2314 - MoonIOAGNO,61710.884,71026.780,9315.896,
Contact STARLINK-2314 - MoonIOAGNO,73176.931,82490.997,9314.066,
Contact STARLINK-2314 - MoonIOAGNO,84635.742,86400.000,1764.258,
Contact STARLINK-2314 - MoonIOAGNO 0001,0.000,2209.156,2209.156,
Contact STARLINK-2314 - MoonIOAGNO 0001,4375.919,13672.359,9296.441,
Contact STARLINK-2314 - MoonIOAGNO 0001,15836.760,25133.590,9296.830,
Contact STARLINK-2314 - MoonIOAGNO 0001,27295.082,30868.101,3573.018,
Contact STARLINK-2314 - MoonIOAGNO 0001,33031.789,42351.376,9319.587,
Contact STARLINK-2314 - MoonIOAGNO 0001,44510.910,53817.195,9306.285,
Contact STARLINK-2314 - MoonIOAGNO 0001,55973.096,59548.673,3575.577,
Contact STARLINK-2314 - MoonIOAGNO 0001,61702.197,71014.031,9311.834,
Contact STARLINK-2314 - MoonIOAGNO 0001,73161.821,82502.158,9340.338,
Contact STARLINK-2314 - MoonIOAGNO 0001,84646.809,86400.000,1753.191,
Contact STARLINK-2314 - MoonIOAGSO,0.000,2189.050,2189.050,
Contact STARLINK-2314 - MoonIOAGSO,4357.110,13673.303,9316.193,
Contact STARLINK-2314 - MoonIOAGSO,15835.340,25133.518,9298.178,
Contact STARLINK-2314 - MoonIOAGSO,27291.771,30864.429,3572.657,
Contact STARLINK-2314 - MoonIOAGSO,33022.096,42331.476,9309.380,
Contact STARLINK-2314 - MoonIOAGSO,44489.291,53813.907,9324.617,
Contact STARLINK-2314 - MoonIOAGSO,56030.354,59552.781,3522.427,
Contact STARLINK-2314 - MoonIOAGSO,61700.004,71016.977,9316.974,
Contact STARLINK-2314 - MoonIOAGSO,73158.735,82484.484,9325.749,
Contact STARLINK-2314 - MoonIOAGSO,84624.411,86400.000,1775.589,
Contact STARLINK-2314 - MoonIOAGSO 0001,0.000,2196.181,2196.181,
Contact STARLINK-2314 - MoonIOAGSO 0001,4359.172,13657.519,9298.347,
Contact STARLINK-2314 - MoonIOAGSO 0001,15820.522,25127.812,9307.290,
Contact STARLINK-2314 - MoonIOAGSO 0001,27292.408,30870.377,3577.969,
Contact STARLINK-2314 - MoonIOAGSO 0001,34245.506,42342.752,8097.245,
Contact STARLINK-2314 - MoonIOAGSO 0001,44495.508,53805.693,9310.184,
Contact STARLINK-2314 - MoonIOAGSO 0001,55955.854,59539.156,3583.302,
Contact STARLINK-2314 - MoonIOAGSO 0001,61688.913,71013.644,9324.731,
Contact STARLINK-2314 - MoonIOAGSO 0001,73164.906,82497.030,9332.124,
Contact STARLINK-2314 - MoonIOAGSO 0001,84633.568,86400.000,1766.432,
Contact STARLINK-2314 - MoonLRO,0.000,2200.308,2200.308,
Contact STARLINK-2314 - MoonLRO,4362.507,13672.655,9310.148,
Contact STARLINK-2314 - MoonLRO,15832.728,25134.477,9301.749,
Contact STARLINK-2314 - MoonLRO,27303.678,30868.472,3564.794,
Contact STARLINK-2314 - MoonLRO,33033.846,42345.723,9311.877,
Contact STARLINK-2314 - MoonLRO,44495.650,53814.550,9318.899,
Contact STARLINK-2314 - MoonLRO,55969.710,59546.085,3576.376,
Contact STARLINK-2314 - MoonLRO,61704.734,71019.007,9314.273,
Contact STARLINK-2314 - MoonLRO,73165.333,82497.693,9332.361,
Contact STARLINK-2314 - MoonLRO,84632.859,86400.000,1767.141,
Contact STARLINK-2314 - MarsSat1,4416.906,13749.688,9332.782,
Contact STARLINK-2314 - MarsSat1,15866.291,30925.188,15058.897,
Contact STARLINK-2314 - MarsSat1,33040.266,42375.487,9335.221,
Contact STARLINK-2314 - MarsSat1,44489.534,53825.818,9336.284,
Contact STARLINK-2314 - MarsSat1,55938.827,59551.017,3612.190,
Contact STARLINK-2314 - MarsSat1,61663.501,71001.506,9338.005,
Contact STARLINK-2314 - MarsSat1,73112.925,82452.116,9339.191,
Contact STARLINK-2314 - MarsSat1,84562.438,86400.000,1837.562,
Contact STARLINK-2314 - MarsSat2,0.000,2299.208,2299.208,
Contact STARLINK-2314 - MarsSat2,4416.811,13749.622,9332.812,
Contact STARLINK-2314 - MarsSat2,15866.264,30925.279,15059.016,
Contact STARLINK-2314 - MarsSat2,33040.402,42375.725,9335.322,
Contact STARLINK-2314 - MarsSat2,44489.805,53826.185,9336.381,
Contact STARLINK-2314 - MarsSat2,55939.201,59551.424,3612.223,
Contact STARLINK-2314 - MarsSat2,61663.899,71001.919,9338.020,
Contact STARLINK-2314 - MarsSat2,73113.298,82452.441,9339.143,
Contact STARLINK-2314 - MarsSat2,84562.704,86400.000,1837.296,
Contact STARLINK-2314 - MarsSat3,0.000,2299.216,2299.216,
Contact STARLINK-2314 - MarsSat3,4416.771,13749.529,9332.758,
Contact STARLINK-2314 - MarsSat3,15866.155,25199.949,9333.794,
Contact STARLINK-2314 - MarsSat3,27315.590,30925.164,3609.574,
Contact STARLINK-2314 - MarsSat3,33040.292,42375.587,9335.295,
Contact STARLINK-2314 - MarsSat3,44489.664,53826.007,9336.343,
Contact STARLINK-2314 - MarsSat3,55939.011,59551.221,3612.210,
Contact STARLINK-2314 - MarsSat3,61663.680,71001.662,9337.981,
Contact STARLINK-2314 - MarsSat3,73113.024,82452.136,9339.112,
Contact STARLINK-2314 - MarsSat3,84562.394,86400.000,1837.606,
Contact STARLINK-2314 - MarsSat4,0.000,2299.349,2299.349,
Contact STARLINK-2314 - MarsSat4,4416.902,13749.562,9332.660,
Contact STARLINK-2314 - MarsSat4,15866.131,25199.889,9333.757,
Contact STARLINK-2314 - MarsSat4,27315.534,30925.135,3609.601,
Contact STARLINK-2314 - MarsSat4,33040.240,42375.492,9335.252,
Contact STARLINK-2314 - MarsSat4,44489.527,53825.858,9336.331,
Contact STARLINK-2314 - MarsSat4,55938.895,59551.150,3612.255,
Contact STARLINK-2314 - MarsSat4,61663.669,71001.679,9338.010,
Contact STARLINK-2314 - MarsSat4,73113.048,82452.130,9339.082,
Contact STARLINK-2314 - MarsSat4,84562.412,86400.000,1837.588,
Contact STARLINK-4299 - STARLINK-3994,6827.209,7851.941,1024.732,
Contact STARLINK-4299 - STARLINK-3994,21126.196,22156.181,1029.985,
Contact STARLINK-4299 - STARLINK-3994,35435.026,36450.264,1015.238,
Contact STARLINK-4299 - STARLINK-3994,49734.072,50754.412,1020.340,
Contact STARLINK-4299 - STARLINK-3994,61177.269,65048.371,3871.102,
Contact STARLINK-4299 - STARLINK-3994,75486.249,79352.427,3866.179,
Contact STARLINK-4299 - STARLINK-31295,0.000,742.360,742.360,
Contact STARLINK-4299 - STARLINK-31295,13972.579,14984.000,1011.420,
Contact STARLINK-4299 - STARLINK-31295,28192.075,29206.030,1013.956,
Contact STARLINK-4299 - STARLINK-31295,39577.590,43415.732,3838.142,
Contact STARLINK-4299 - STARLINK-31295,53822.238,57606.045,3783.807,
Contact STARLINK-4299 - STARLINK-31295,68087.046,68947.557,860.511,
Contact STARLINK-4299 - STARLINK-31295,82367.519,83109.046,741.526,
Contact STARLINK-4299 - STARLINK-31577,58033.360,86400.000,28366.640,
Contact STARLINK-4299 - STARLINK-5322,3251.696,4211.679,959.984,
Contact STARLINK-4299 - STARLINK-5322,17638.624,18547.360,908.736,
Contact STARLINK-4299 - STARLINK-5322,32022.277,32886.276,863.999,
Contact STARLINK-4299 - STARLINK-5322,46423.167,47208.108,784.941,
Contact STARLINK-4299 - STARLINK-5322,60821.227,61532.684,711.457,
Contact STARLINK-4299 - STARLINK-5322,75242.408,75834.353,591.945,
Contact STARLINK-4299 - STARLINK-2643,10584.996,11049.162,464.166,
Contact STARLINK-4299 - STARLINK-2643,24890.928,25357.792,466.864,
Contact STARLINK-4299 - STARLINK-2643,39195.084,39667.685,472.601,
Contact STARLINK-4299 - STARLINK-3189,7081.542,11026.347,3944.805,
Contact STARLINK-4299 - STARLINK-3189,21380.133,25324.601,3944.468,
Contact STARLINK-4299 - STARLINK-3189,35686.706,39631.137,3944.431,
Contact STARLINK-4299 - STARLINK-3189,49985.331,51073.026,1087.695,
Contact STARLINK-4299 - STARLINK-3189,64291.924,65371.230,1079.306,
Contact STARLINK-4299 - STARLINK-3189,78590.583,79677.682,1087.099,
Contact STARLINK-4299 - STARLINK-31784,0.000,21162.393,21162.393,
Contact STARLINK-4299 - STARLINK-5494,0.000,86400.000,86400.000,
Contact STARLINK-4299 - STARLINK-30421,78663.053,79482.949,819.895,
Contact STARLINK-4299 - STARLINK-32197,67969.772,68481.329,511.557,
Contact STARLINK-4299 - STARLINK-32197,79179.439,79930.065,750.625,
Contact STARLINK-4299 - STARLINK-6148,10544.825,11182.956,638.131,
Contact STARLINK-4299 - STARLINK-6148,24950.560,25434.226,483.665,
Contact STARLINK-4299 - STARLINK-6148,39357.009,39684.996,327.987,
Contact STARLINK-4299 - STARLINK-5197,21574.940,21747.541,172.601,
Contact STARLINK-4299 - STARLINK-5197,35900.726,36029.082,128.357,
Contact STARLINK-4299 - STARLINK-11101 [DTC],83744.195,86400.000,2655.805,
Contact STARLINK-4299 - STARLINK-31853,31955.302,32458.756,503.454,
Contact STARLINK-4299 - STARLINK-31853,43108.562,43943.501,834.940,
Contact STARLINK-4299 - STARLINK-31853,57156.786,58190.991,1034.205,
Contact STARLINK-4299 - STARLINK-31853,71275.844,72366.291,1090.447,
Contact STARLINK-4299 - STARLINK-31853,82626.231,86400.000,3773.769,
Contact STARLINK-4299 - STARLINK-4551,2945.124,4117.580,1172.456,
Contact STARLINK-4299 - STARLINK-4551,11531.293,18416.140,6884.847,
Contact STARLINK-4299 - STARLINK-4551,25828.592,32724.680,6896.087,
Contact STARLINK-4299 - STARLINK-4551,42991.214,47023.211,4031.996,
Contact STARLINK-4299 - STARLINK-4551,57298.264,61331.690,4033.426,
Contact STARLINK-4299 - STARLINK-4551,71595.624,78495.853,6900.229,
Contact STARLINK-4299 - STARLINK-4551,85902.686,86400.000,497.314,
Contact STARLINK-4299 - STARLINK-1578,0.000,10358.758,10358.758,
Contact STARLINK-4299 - STARLINK-1578,11217.322,24643.840,13426.518,
Contact STARLINK-4299 - STARLINK-1578,25515.406,38950.370,13434.964,
Contact STARLINK-4299 - STARLINK-1578,39828.273,50386.744,10558.471,
Contact STARLINK-4299 - STARLINK-1578,54126.672,64671.188,10544.516,
Contact STARLINK-4299 - STARLINK-1578,68440.040,78977.012,10536.972,
Contact STARLINK-4299 - STARLINK-1578,79884.971,86400.000,6515.029,
Contact STARLINK-4299 - STARLINK-5837,71844.914,72058.949,214.035,
Contact STARLINK-4299 - STARLINK-5837,86071.407,86400.000,328.593,
Contact STARLINK-4299 - STARLINK-31852,10490.349,11133.791,643.442,
Contact STARLINK-4299 - STARLINK-1666,0.000,311.640,311.640,
Contact STARLINK-4299 - STARLINK-1666,13711.414,14627.231,915.816,
Contact STARLINK-4299 - STARLINK-1666,25160.864,28940.765,3779.901,
Contact STARLINK-4299 - STARLINK-1666,39473.692,43256.169,3782.477,
Contact STARLINK-4299 - STARLINK-1666,53784.747,54707.627,922.880,
Contact STARLINK-4299 - STARLINK-1666,68097.791,69020.837,923.046,
Contact STARLINK-4299 - STARLINK-1666,82408.998,83335.980,926.982,
Contact STARLINK-4299 - STARLINK-1293,0.000,86400.000,86400.000,
Contact STARLINK-4299 - STARLINK-30879,0.000,28011.317,28011.317,
Contact STARLINK-4299 - STARLINK-30879,29272.533,36137.944,6865.411,
Contact STARLINK-4299 - STARLINK-31345,43061.171,43730.208,669.037,
Contact STARLINK-4299 - STARLINK-31345,57202.110,57987.912,785.801,
Contact STARLINK-4299 - STARLINK-31345,71359.717,72228.269,868.552,
Contact STARLINK-4299 - STARLINK-31345,82701.574,86400.000,3698.426,
Contact STARLINK-4299 - STARLINK-31690,17760.210,18431.243,671.034,
Contact STARLINK-4299 - STARLINK-31690,31615.717,32873.149,1257.432,
Contact STARLINK-4299 - STARLINK-31690,40023.067,49963.842,9940.775,
Contact STARLINK-4299 - STARLINK-31690,56982.210,64039.085,7056.875,
Contact STARLINK-4299 - STARLINK-31690,71270.096,72427.556,1157.460,
Contact STARLINK-4299 - STARLINK-1788,6876.993,11009.001,4132.008,
Contact STARLINK-4299 - STARLINK-1788,21188.129,28183.536,6995.407,
Contact STARLINK-4299 - STARLINK-1788,35510.035,42489.527,6979.492,
Contact STARLINK-4299 - STARLINK-1788,49821.778,51082.192,1260.414,
Contact STARLINK-4299 - STARLINK-1788,64144.339,65387.645,1243.306,
Contact STARLINK-4299 - STARLINK-1788,72729.599,79704.347,6974.747,
Contact STARLINK-4299 - STARLINK-1080,10177.245,11128.966,951.721,
Contact STARLINK-4299 - STARLINK-1080,24478.281,25421.056,942.775,
Contact STARLINK-4299 - STARLINK-1080,35916.930,39718.606,3801.676,
Contact STARLINK-4299 - STARLINK-1080,50212.470,54010.342,3797.872,
Contact STARLINK-4299 - STARLINK-1080,64513.878,65445.872,931.994,
Contact STARLINK-4299 - STARLINK-1080,78809.618,79743.004,933.386,
Contact STARLINK-4299 - STARLINK-4356,86358.036,86400.000,41.964,
Contact STARLINK-4299 - STARLINK-31554,29084.766,86400.000,57315.234,
Contact STARLINK-4299 - STARLINK-4383,0.000,608.512,608.512,
Contact STARLINK-4299 - STARLINK-4383,14210.508,14961.568,751.060,
Contact STARLINK-4299 - STARLINK-4383,28564.496,29309.939,745.443,
Contact STARLINK-4299 - STARLINK-4383,42914.938,43663.236,748.299,
Contact STARLINK-4299 - STARLINK-4383,57269.583,58010.964,741.381,
Contact STARLINK-4299 - STARLINK-4383,71619.845,72364.422,744.578,
Contact STARLINK-4299 - STARLINK-4383,85975.199,86400.000,424.801,
Contact STARLINK-4299 - STARLINK-1303,0.000,86400.000,86400.000,
Contact STARLINK-4299 - STARLINK-11265 [DTC],67791.496,68430.350,638.854,
Contact STARLINK-4299 - STARLINK-11265 [DTC],78840.849,79750.700,909.851,
Contact STARLINK-4299 - STARLINK-4612,6808.456,13663.114,6854.658,
Contact STARLINK-4299 - STARLINK-4612,21109.268,22252.266,1142.999,
Contact STARLINK-4299 - STARLINK-4612,35419.918,36553.661,1133.743,
Contact STARLINK-4299 - STARLINK-4612,49720.749,50865.424,1144.674,
Contact STARLINK-4299 - STARLINK-4612,58309.092,65166.830,6857.738,
Contact STARLINK-4299 - STARLINK-4612,75475.974,79478.564,4002.590,
Contact STARLINK-4299 - STARLINK-5831,10392.776,11040.200,647.424,
Contact STARLINK-4299 - STARLINK-5831,24870.144,25218.830,348.686,
Contact STARLINK-4299 - STARLINK-31034,0.000,478.340,478.340,
Contact STARLINK-4299 - STARLINK-31034,14026.958,14745.228,718.270,
Contact STARLINK-4299 - STARLINK-31034,28186.682,28991.500,804.818,
Contact STARLINK-4299 - STARLINK-31034,39525.686,43221.747,3696.061,
Contact STARLINK-4299 - STARLINK-31034,53713.322,54594.643,881.321,
Contact STARLINK-4299 - STARLINK-31034,67916.073,68797.477,881.404,
Contact STARLINK-4299 - STARLINK-31034,82134.478,82984.469,849.991,
Contact STARLINK-4299 - STARLINK-3815,0.000,61738.750,61738.750,
Contact STARLINK-4299 - STARLINK-31611,10480.025,11206.270,726.245,
Contact STARLINK-4299 - STARLINK-31611,24460.269,25534.704,1074.435,
Contact STARLINK-4299 - STARLINK-31611,35715.602,42597.015,6881.412,
Contact STARLINK-4299 - STARLINK-31611,49861.463,51083.255,1221.792,
Contact STARLINK-4299 - STARLINK-31611,64110.149,65141.291,1031.143,
Contact STARLINK-4299 - STARLINK-31611,75587.177,76311.492,724.315,
Contact STARLINK-4299 - MoonARTEMIS1,0.000,3075.056,3075.056,
Contact STARLINK-4299 - MoonARTEMIS1,5175.592,8820.558,3644.967,
Contact STARLINK-4299 - MoonARTEMIS1,10923.378,20327.000,9403.622,
Contact STARLINK-4299 - MoonARTEMIS1,22439.908,29084.305,6644.397,
Contact STARLINK-4299 - MoonARTEMIS1,33914.769,37551.046,3636.278,
Contact STARLINK-4299 - MoonARTEMIS1,39649.781,49022.439,9372.658,
Contact STARLINK-4299 - MoonARTEMIS1,51121.870,60495.764,9373.893,
Contact STARLINK-4299 - MoonARTEMIS1,62596.921,71971.379,9374.458,
Contact STARLINK-4299 - MoonARTEMIS1,74075.165,77710.186,3635.021,
Contact STARLINK-4299 - MoonARTEMIS1,79815.638,86400.000,6584.362,
Contact STARLINK-4299 - MoonARTEMIS2,0.000,3151.867,3151.867,
Contact STARLINK-4299 - MoonARTEMIS2,5259.592,8892.590,3632.997,
Contact STARLINK-4299 - MoonARTEMIS2,11000.741,20371.202,9370.461,
Contact STARLINK-4299 - MoonARTEMIS2,22480.005,31845.894,9365.889,
Contact STARLINK-4299 - MoonARTEMIS2,33954.830,37581.589,3626.759,
Contact STARLINK-4299 - MoonARTEMIS2,39690.245,49048.792,9358.546,
Contact STARLINK-4299 - MoonARTEMIS2,51155.464,59996.842,8841.378,
Contact STARLINK-4299 - MoonARTEMIS2,62659.004,77772.690,15113.686,
Contact STARLINK-4299 - MoonARTEMIS2,79889.599,86400.000,6510.401,
Contact STARLINK-4299 - MoonIOAGEO,0.000,3091.305,3091.305,
Contact STARLINK-4299 - MoonIOAGEO,5191.838,8831.993,3640.155,
Contact STARLINK-4299 - MoonIOAGEO,10935.622,14582.254,3646.632,
Contact STARLINK-4299 - MoonIOAGEO,22443.216,31828.655,9385.439,
Contact STARLINK-4299 - MoonIOAGEO,33931.662,37560.716,3629.054,
Contact STARLINK-4299 - MoonIOAGEO,39662.344,49023.372,9361.027,
Contact STARLINK-4299 - MoonIOAGEO,51128.946,60118.104,8989.158,
Contact STARLINK-4299 - MoonIOAGEO,64075.679,77754.306,13678.628,
Contact STARLINK-4299 - MoonIOAGEO,79864.272,86400.000,6535.728,
Contact STARLINK-4299 - MoonIOAGNO,0.000,3090.974,3090.974,
Contact STARLINK-4299 - MoonIOAGNO,5197.214,8845.198,3647.983,
Contact STARLINK-4299 - MoonIOAGNO,10951.832,20325.233,9373.402,
Contact STARLINK-4299 - MoonIOAGNO,22432.103,31795.526,9363.423,
Contact STARLINK-4299 - MoonIOAGNO,33905.927,37535.065,3629.138,
Contact STARLINK-4299 - MoonIOAGNO,39645.661,49027.689,9382.028,
Contact STARLINK-4299 - MoonIOAGNO,51138.440,60520.378,9381.939,
Contact STARLINK-4299 - MoonIOAGNO,62630.446,71985.444,9354.997,
Contact STARLINK-4299 - MoonIOAGNO,74101.155,77722.147,3620.992,
Contact STARLINK-4299 - MoonIOAGNO,79839.028,86400.000,6560.972,
Contact STARLINK-4299 - MoonIOAGNO 0001,0.000,3093.468,3093.468,
Contact STARLINK-4299 - MoonIOAGNO 0001,5201.197,8829.913,3628.716,
Contact STARLINK-4299 - MoonIOAGNO 0001,10938.744,20311.976,9373.232,
Contact STARLINK-4299 - MoonIOAGNO 0001,22420.191,31816.537,9396.347,
Contact STARLINK-4299 - MoonIOAGNO 0001,33924.072,37557.781,3633.709,
Contact STARLINK-4299 - MoonIOAGNO 0001,39663.741,49023.082,9359.341,
Contact STARLINK-4299 - MoonIOAGNO 0001,51135.079,60499.483,9364.404,
Contact STARLINK-4299 - MoonIOAGNO 0001,62612.991,71994.545,9381.554,
Contact STARLINK-4299 - MoonIOAGNO 0001,74110.022,77749.481,3639.459,
Contact STARLINK-4299 - MoonIOAGNO 0001,79861.087,86400.000,6538.913,
Contact STARLINK-4299 - MoonIOAGSO,0.000,3097.657,3097.657,
Contact STARLINK-4299 - MoonIOAGSO,5197.118,8838.572,3641.453,
Contact STARLINK-4299 - MoonIOAGSO,12429.686,20347.580,7917.895,
Contact STARLINK-4299 - MoonIOAGSO,22445.367,31826.009,9380.642,
Contact STARLINK-4299 - MoonIOAGSO,33921.631,37561.420,3639.789,
Contact STARLINK-4299 - MoonIOAGSO,39658.574,49030.585,9372.011,
Contact STARLINK-4299 - MoonIOAGSO,51136.906,60535.221,9398.315,
Contact STARLINK-4299 - MoonIOAGSO,62642.173,77754.842,15112.668,
Contact STARLINK-4299 - MoonIOAGSO,79859.066,86400.000,6540.934,
Contact STARLINK-4299 - MoonIOAGSO 0001,0.000,3120.581,3120.581,
Contact STARLINK-4299 - MoonIOAGSO 0001,5214.579,8858.660,3644.081,
Contact STARLINK-4299 - MoonIOAGSO 0001,10951.974,20329.638,9377.664,
Contact STARLINK-4299 - MoonIOAGSO 0001,22426.667,31808.294,9381.627,
Contact STARLINK-4299 - MoonIOAGSO 0001,34259.729,37568.461,3308.732,
Contact STARLINK-4299 - MoonIOAGSO 0001,39672.960,49054.665,9381.705,
Contact STARLINK-4299 - MoonIOAGSO 0001,51153.507,60526.172,9372.665,
Contact STARLINK-4299 - MoonIOAGSO 0001,62627.462,71994.285,9366.824,
Contact STARLINK-4299 - MoonIOAGSO 0001,74106.443,76331.187,2224.744,
Contact STARLINK-4299 - MoonIOAGSO 0001,79864.012,86400.000,6535.988,
Contact STARLINK-4299 - MoonLRO,0.000,3105.922,3105.922,
Contact STARLINK-4299 - MoonLRO,5203.445,8851.572,3648.127,
Contact STARLINK-4299 - MoonLRO,10945.343,20330.695,9385.351,
Contact STARLINK-4299 - MoonLRO,22437.934,31810.084,9372.150,
Contact STARLINK-4299 - MoonLRO,33919.650,37555.375,3635.725,
Contact STARLINK-4299 - MoonLRO,39657.493,49042.761,9385.268,
Contact STARLINK-4299 - MoonLRO,51143.515,60517.090,9373.575,
Contact STARLINK-4299 - MoonLRO,62633.849,77745.965,15112.116,
Contact STARLINK-4299 - MoonLRO,79850.168,86400.000,6549.832,
Contact STARLINK-4299 - MarsSat1,5338.530,9011.468,3672.938,
Contact STARLINK-4299 - MarsSat1,11065.660,20464.699,9399.038,
Contact STARLINK-4299 - MarsSat1,22519.854,31917.815,9397.962,
Contact STARLINK-4299 - MarsSat1,33973.938,37644.332,3670.395,
Contact STARLINK-4299 - MarsSat1,39700.945,49097.309,9396.364,
Contact STARLINK-4299 - MarsSat1,51154.928,60550.253,9395.325,
Contact STARLINK-4299 - MarsSat1,62608.924,77729.692,15120.768,
Contact STARLINK-4299 - MarsSat1,79790.024,86400.000,6609.976,
Contact STARLINK-4299 - MarsSat2,0.000,3284.712,3284.712,
Contact STARLINK-4299 - MarsSat2,5338.391,9011.323,3672.931,
Contact STARLINK-4299 - MarsSat2,11065.515,20464.562,9399.047,
Contact STARLINK-4299 - MarsSat2,22519.768,31917.769,9398.000,
Contact STARLINK-4299 - MarsSat2,33973.986,37644.352,3670.366,
Contact STARLINK-4299 - MarsSat2,39701.078,49097.475,9396.398,
Contact STARLINK-4299 - MarsSat2,51155.228,60550.538,9395.310,
Contact STARLINK-4299 - MarsSat2,62609.335,77730.020,15120.685,
Contact STARLINK-4299 - MarsSat2,79790.417,86400.000,6609.583,
Contact STARLINK-4299 - MarsSat3,0.000,3284.841,3284.841,
Contact STARLINK-4299 - MarsSat3,5338.454,9011.392,3672.938,
Contact STARLINK-4299 - MarsSat3,11065.505,20464.505,9398.999,
Contact STARLINK-4299 - MarsSat3,22519.665,31917.672,9398.007,
Contact STARLINK-4299 - MarsSat3,33973.859,37644.255,3670.396,
Contact STARLINK-4299 - MarsSat3,39700.947,49097.388,9396.441,
Contact STARLINK-4299 - MarsSat3,51155.087,60550.456,9395.369,
Contact STARLINK-4299 - MarsSat3,62609.171,77729.899,15120.727,
Contact STARLINK-4299 - MarsSat3,79790.184,86400.000,6609.816,
Contact STARLINK-4299 - MarsSat4,0.000,3284.880,3284.880,
Contact STARLINK-4299 - MarsSat4,5338.567,9011.509,3672.941,
Contact STARLINK-4299 - MarsSat4,11065.630,20464.583,9398.953,
Contact STARLINK-4299 - MarsSat4,22519.665,31917.750,9398.084,
Contact STARLINK-4299 - MarsSat4,33973.905,37644.356,3670.451,
Contact STARLINK-4299 - MarsSat4,39700.976,49097.376,9396.399,
Contact STARLINK-4299 - MarsSat4,51154.976,60550.316,9395.341,
Contact STARLINK-4299 - MarsSat4,62609.080,77729.857,15120.777,
Contact STARLINK-4299 - MarsSat4,79790.146,86400.000,6609.854,
Contact STARLINK-4111 - STARLINK-5774,6471.670,7576.249,1104.579,
Contact STARLINK-4111 - STARLINK-5774,17936.847,21901.798,3964.951,
Contact STARLINK-4111 - STARLINK-5774,32273.084,36231.089,3958.005,
Contact STARLINK-4111 - STARLINK-5774,46606.113,50552.120,3946.007,
Contact STARLINK-4111 - STARLINK-5774,60946.918,64876.894,3929.977,
Contact STARLINK-4111 - STARLINK-5774,75284.397,76332.687,1048.290,
Contact STARLINK-4111 - STARLINK-31128,0.000,86400.000,86400.000,
Contact STARLINK-4111 - STARLINK-2643,6740.479,7395.860,655.381,
Contact STARLINK-4111 - STARLINK-2643,21050.258,21697.447,647.190,
Contact STARLINK-4111 - STARLINK-2643,35356.522,36002.100,645.578,
Contact STARLINK-4111 - STARLINK-2643,61112.807,61745.982,633.175,
Contact STARLINK-4111 - STARLINK-2643,75419.049,76050.580,631.531,
Contact STARLINK-4111 - STARLINK-2367,0.000,81.005,81.005,
Contact STARLINK-4111 - STARLINK-2367,25115.683,25761.829,646.146,
Contact STARLINK-4111 - STARLINK-2367,39433.434,40014.584,581.150,
Contact STARLINK-4111 - STARLINK-2367,53738.305,54279.985,541.680,
Contact STARLINK-4111 - STARLINK-2367,68064.134,68524.534,460.399,
Contact STARLINK-4111 - STARLINK-4560,0.000,572.287,572.287,
Contact STARLINK-4111 - STARLINK-4560,7819.086,14922.445,7103.359,
Contact STARLINK-4111 - STARLINK-4560,22196.189,29253.629,7057.440,
Contact STARLINK-4111 - STARLINK-4560,36564.831,43586.160,7021.329,
Contact STARLINK-4111 - STARLINK-4560,53831.058,57897.701,4066.643,
Contact STARLINK-4111 - STARLINK-4560,68241.831,72209.828,3967.997,
Contact STARLINK-4111 - STARLINK-4560,82645.664,86400.000,3754.336,
Contact STARLINK-4111 - STARLINK-31784,50233.500,57141.838,6908.339,
Contact STARLINK-4111 - STARLINK-31784,58371.722,86400.000,28028.278,
Contact STARLINK-4111 - STARLINK-4338,7158.997,10845.838,3686.841,
Contact STARLINK-4111 - STARLINK-4338,21503.334,25212.546,3709.212,
Contact STARLINK-4111 - STARLINK-4338,35840.997,36701.700,860.703,
Contact STARLINK-4111 - STARLINK-4338,50188.048,51057.557,869.509,
Contact STARLINK-4111 - STARLINK-4338,64528.425,65420.753,892.328,
Contact STARLINK-4111 - STARLINK-4338,78878.737,79773.423,894.686,
Contact STARLINK-4111 - STARLINK-31536,9203.918,86400.000,77196.082,
Contact STARLINK-4111 - STARLINK-11199 [DTC],13717.639,14916.333,1198.694,
Contact STARLINK-4111 - STARLINK-11199 [DTC],24883.681,31682.972,6799.291,
Contact STARLINK-4111 - STARLINK-11199 [DTC],39273.514,39793.718,520.203,
Contact STARLINK-4111 - STARLINK-5849,0.000,110.561,110.561,
Contact STARLINK-4111 - STARLINK-5849,10724.062,14495.689,3771.627,
Contact STARLINK-4111 - STARLINK-5849,25056.781,28862.758,3805.977,
Contact STARLINK-4111 - STARLINK-5849,39406.698,43237.320,3830.622,
Contact STARLINK-4111 - STARLINK-5849,53749.354,54728.630,979.276,
Contact STARLINK-4111 - STARLINK-5849,68108.340,69082.914,974.574,
Contact STARLINK-4111 - STARLINK-5849,82460.230,83444.157,983.927,
Contact STARLINK-4111 - STARLINK-5649,3001.035,3874.837,873.802,
Contact STARLINK-4111 - STARLINK-5649,17366.398,18167.798,801.400,
Contact STARLINK-4111 - STARLINK-5649,31726.399,32466.416,740.018,
Contact STARLINK-4111 - STARLINK-5649,71986.626,72449.938,463.312,
Contact STARLINK-4111 - STARLINK-5197,3240.468,3980.112,739.643,
Contact STARLINK-4111 - STARLINK-5197,17544.710,18279.559,734.849,
Contact STARLINK-4111 - STARLINK-5197,31844.249,32584.123,739.874,
Contact STARLINK-4111 - STARLINK-5197,46148.477,46883.564,735.087,
Contact STARLINK-4111 - STARLINK-5197,57589.978,58325.159,735.182,
Contact STARLINK-4111 - STARLINK-5197,71889.503,72629.700,740.197,
Contact STARLINK-4111 - STARLINK-5197,86193.712,86400.000,206.288,
Contact STARLINK-4111 - STARLINK-30100,32372.986,32945.440,572.454,
Contact STARLINK-4111 - STARLINK-30100,46618.543,47364.645,746.102,
Contact STARLINK-4111 - STARLINK-30100,60896.930,61748.055,851.124,
Contact STARLINK-4111 - STARLINK-30100,75170.017,76139.695,969.678,
Contact STARLINK-4111 - STARLINK-11101 [DTC],0.000,17001.644,17001.644,
Contact STARLINK-4111 - STARLINK-4254,3823.621,14234.669,10411.048,
Contact STARLINK-4111 - STARLINK-4254,18119.553,28529.199,10409.646,
Contact STARLINK-4111 - STARLINK-4254,32429.710,42842.623,10412.913,
Contact STARLINK-4111 - STARLINK-4254,43872.163,57137.153,13264.989,
Contact STARLINK-4111 - STARLINK-4254,58168.152,71450.483,13282.331,
Contact STARLINK-4111 - STARLINK-4254,72478.337,85745.011,13266.674,
Contact STARLINK-4111 - STARLINK-3525,2868.465,3812.261,943.796,
Contact STARLINK-4111 - STARLINK-3525,14305.430,18105.970,3800.540,
Contact STARLINK-4111 - STARLINK-3525,28603.639,32403.453,3799.815,
Contact STARLINK-4111 - STARLINK-3525,42897.980,43839.849,941.869,
Contact STARLINK-4111 - STARLINK-3525,57196.310,58133.331,937.022,
Contact STARLINK-4111 - STARLINK-3525,71490.725,72430.633,939.908,
Contact STARLINK-4111 - STARLINK-3525,85789.179,86400.000,610.821,
Contact STARLINK-4111 - STARLINK-5289,6963.705,10823.147,3859.442,
Contact STARLINK-4111 - STARLINK-5289,21325.771,22305.253,979.482,
Contact STARLINK-4111 - STARLINK-5289,35684.236,36658.082,973.846,
Contact STARLINK-4111 - STARLINK-5289,50055.794,50997.622,941.828,
Contact STARLINK-4111 - STARLINK-5289,64423.434,65341.276,917.842,
Contact STARLINK-4111 - STARLINK-5289,78805.357,79670.486,865.130,
Contact STARLINK-4111 - STARLINK-1276,0.000,86400.000,86400.000,
Contact STARLINK-4111 - STARLINK-5837,10178.159,11263.061,1084.902,
Contact STARLINK-4111 - STARLINK-5837,24577.698,25577.478,999.780,
Contact STARLINK-4111 - STARLINK-5837,38996.168,39867.687,871.519,
Contact STARLINK-4111 - STARLINK-5837,53411.376,54165.669,754.293,
Contact STARLINK-4111 - STARLINK-5837,67856.536,68429.276,572.740,
Contact STARLINK-4111 - STARLINK-31852,32236.823,32929.323,692.500,
Contact STARLINK-4111 - STARLINK-31852,46298.339,47163.362,865.023,
Contact STARLINK-4111 - STARLINK-31852,57584.147,61347.549,3763.402,
Contact STARLINK-4111 - STARLINK-31852,71732.287,72660.703,928.416,
Contact STARLINK-4111 - STARLINK-31852,85929.451,86400.000,470.549,
Contact STARLINK-4111 - STARLINK-30879,65278.009,86400.000,21121.991,
Contact STARLINK-4111 - STARLINK-5058,0.000,3897.400,3897.400,
Contact STARLINK-4111 - STARLINK-5058,14307.856,18223.099,3915.243,
Contact STARLINK-4111 - STARLINK-5058,28641.712,32551.176,3909.464,
Contact STARLINK-4111 - STARLINK-5058,42973.171,46873.110,3899.938,
Contact STARLINK-4111 - STARLINK-5058,57310.772,58330.984,1020.212,
Contact STARLINK-4111 - STARLINK-5058,71646.068,72653.748,1007.680,
Contact STARLINK-4111 - STARLINK-5058,85987.534,86400.000,412.466,
Contact STARLINK-4111 - STARLINK-5239,57590.419,57845.684,255.265,
Contact STARLINK-4111 - STARLINK-5239,71888.994,72157.763,268.769,
Contact STARLINK-4111 - STARLINK-5239,86187.634,86400.000,212.366,
Contact STARLINK-4111 - STARLINK-6135,0.000,86400.000,86400.000,
Contact STARLINK-4111 - STARLINK-4356,10610.073,11464.752,854.679,
Contact STARLINK-4111 - STARLINK-4356,24955.762,25817.533,861.771,
Contact STARLINK-4111 - STARLINK-4356,39311.880,40160.820,848.940,
Contact STARLINK-4111 - STARLINK-4356,53659.906,54511.166,851.259,
Contact STARLINK-4111 - STARLINK-4356,68017.821,68852.531,834.710,
Contact STARLINK-4111 - STARLINK-4356,82367.787,83200.852,833.065,
Contact STARLINK-4111 - STARLINK-4383,10516.973,11102.540,585.567,
Contact STARLINK-4111 - STARLINK-4383,24861.981,25457.565,595.583,
Contact STARLINK-4111 - STARLINK-4383,39219.233,39800.071,580.838,
Contact STARLINK-4111 - STARLINK-4383,53564.324,54154.958,590.634,
Contact STARLINK-4111 - STARLINK-4383,67921.884,68497.186,575.302,
Contact STARLINK-4111 - STARLINK-4383,82267.103,82851.891,584.787,
Contact STARLINK-4111 - STARLINK-30052,6567.816,7326.043,758.226,
Contact STARLINK-4111 - STARLINK-30052,17987.255,21698.795,3711.540,
Contact STARLINK-4111 - STARLINK-30052,32275.366,36081.746,3806.379,
Contact STARLINK-4111 - STARLINK-30052,46555.994,50442.309,3886.315,
Contact STARLINK-4111 - STARLINK-30052,60854.257,67678.157,6823.901,
Contact STARLINK-4111 - STARLINK-30052,75145.331,76300.666,1155.334,
Contact STARLINK-4111 - STARLINK-11265 [DTC],0.000,561.657,561.657,
Contact STARLINK-4111 - MoonARTEMIS1,0.000,6962.631,6962.631,
Contact STARLINK-4111 - MoonARTEMIS1,9063.387,12709.518,3646.131,
Contact STARLINK-4111 - MoonARTEMIS1,14812.705,24222.166,9409.461,
Contact STARLINK-4111 - MoonARTEMIS1,26320.090,35692.718,9372.628,
Contact STARLINK-4111 - MoonARTEMIS1,37786.926,41427.068,3640.142,
Contact STARLINK-4111 - MoonARTEMIS1,43521.020,52897.184,9376.165,
Contact STARLINK-4111 - MoonARTEMIS1,54991.525,64369.568,9378.043,
Contact STARLINK-4111 - MoonARTEMIS1,66465.238,70106.715,3641.477,
Contact STARLINK-4111 - MoonARTEMIS1,72203.385,81583.244,9379.858,
Contact STARLINK-4111 - MoonARTEMIS1,83682.641,86400.000,2717.359,
Contact STARLINK-4111 - MoonARTEMIS2,0.000,7039.194,7039.194,
Contact STARLINK-4111 - MoonARTEMIS2,9144.113,12778.435,3634.321,
Contact STARLINK-4111 - MoonARTEMIS2,14883.304,24254.015,9370.712,
Contact STARLINK-4111 - MoonARTEMIS2,26358.594,35725.397,9366.803,
Contact STARLINK-4111 - MoonARTEMIS2,37829.119,41459.223,3630.104,
Contact STARLINK-4111 - MoonARTEMIS2,43562.093,52921.809,9359.716,
Contact STARLINK-4111 - MoonARTEMIS2,55021.012,58652.474,3631.462,
Contact STARLINK-4111 - MoonARTEMIS2,66514.988,70159.585,3644.597,
Contact STARLINK-4111 - MoonARTEMIS2,72267.023,81652.897,9385.875,
Contact STARLINK-4111 - MoonARTEMIS2,83762.743,86400.000,2637.257,
Contact STARLINK-4111 - MoonIOAGEO,0.000,6975.252,6975.252,
Contact STARLINK-4111 - MoonIOAGEO,9076.243,12721.837,3645.593,
Contact STARLINK-4111 - MoonIOAGEO,20578.562,24227.166,3648.604,
Contact STARLINK-4111 - MoonIOAGEO,26329.189,35705.037,9375.848,
Contact STARLINK-4111 - MoonIOAGEO,37802.224,41432.936,3630.712,
Contact STARLINK-4111 - MoonIOAGEO,43530.001,52902.601,9372.601,
Contact STARLINK-4111 - MoonIOAGEO,55005.147,58651.341,3646.193,
Contact STARLINK-4111 - MoonIOAGEO,66510.000,70152.913,3642.913,
Contact STARLINK-4111 - MoonIOAGEO,72257.774,81623.079,9365.305,
Contact STARLINK-4111 - MoonIOAGEO,83724.586,86400.000,2675.414,
Contact STARLINK-4111 - MoonIOAGNO,0.000,6984.186,6984.186,
Contact STARLINK-4111 - MoonIOAGNO,9088.274,12738.524,3650.250,
Contact STARLINK-4111 - MoonIOAGNO,14838.616,24204.259,9365.643,
Contact STARLINK-4111 - MoonIOAGNO,26309.925,35676.493,9366.569,
Contact STARLINK-4111 - MoonIOAGNO,37783.161,41417.299,3634.138,
Contact STARLINK-4111 - MoonIOAGNO,43523.133,52917.812,9394.680,
Contact STARLINK-4111 - MoonIOAGNO,55023.559,64392.218,9368.660,
Contact STARLINK-4111 - MoonIOAGNO,66498.737,70124.482,3625.745,
Contact STARLINK-4111 - MoonIOAGNO,72233.284,81597.352,9364.068,
Contact STARLINK-4111 - MoonIOAGNO,83707.482,86400.000,2692.518,
Contact STARLINK-4111 - MoonIOAGNO 0001,0.000,6977.088,6977.088,
Contact STARLINK-4111 - MoonIOAGNO 0001,9084.143,12714.343,3630.201,
Contact STARLINK-4111 - MoonIOAGNO 0001,14821.236,24199.096,9377.859,
Contact STARLINK-4111 - MoonIOAGNO 0001,26303.394,35701.255,9397.861,
Contact STARLINK-4111 - MoonIOAGNO 0001,37801.804,41432.724,3630.920,
Contact STARLINK-4111 - MoonIOAGNO 0001,43536.934,52899.879,9362.944,
Contact STARLINK-4111 - MoonIOAGNO 0001,55007.567,64378.990,9371.423,
Contact STARLINK-4111 - MoonIOAGNO 0001,66486.244,70126.099,3639.855,
Contact STARLINK-4111 - MoonIOAGNO 0001,72233.380,81619.893,9386.513,
Contact STARLINK-4111 - MoonIOAGNO 0001,83726.294,86400.000,2673.706,
Contact STARLINK-4111 - MoonIOAGSO,0.000,6981.626,6981.626,
Contact STARLINK-4111 - MoonIOAGSO,9085.260,12737.150,3651.890,
Contact STARLINK-4111 - MoonIOAGSO,14841.734,24230.017,9388.283,
Contact STARLINK-4111 - MoonIOAGSO,26321.910,35702.583,9380.674,
Contact STARLINK-4111 - MoonIOAGSO,37794.278,41436.521,3642.244,
Contact STARLINK-4111 - MoonIOAGSO,43530.651,52910.552,9379.901,
Contact STARLINK-4111 - MoonIOAGSO,56016.182,64415.554,8399.372,
Contact STARLINK-4111 - MoonIOAGSO,66512.504,70155.139,3642.635,
Contact STARLINK-4111 - MoonIOAGSO,72250.463,81625.192,9374.728,
Contact STARLINK-4111 - MoonIOAGSO,83722.565,86400.000,2677.435,
Contact STARLINK-4111 - MoonIOAGSO 0001,0.000,7003.169,7003.169,
Contact STARLINK-4111 - MoonIOAGSO 0001,9094.110,12738.804,3644.693,
Contact STARLINK-4111 - MoonIOAGSO 0001,14829.951,24207.841,9377.890,
Contact STARLINK-4111 - MoonIOAGSO 0001,26304.765,35704.544,9399.779,
Contact STARLINK-4111 - MoonIOAGSO 0001,37806.655,41452.945,3646.290,
Contact STARLINK-4111 - MoonIOAGSO 0001,43548.256,52930.229,9381.973,
Contact STARLINK-4111 - MoonIOAGSO 0001,55022.728,64398.070,9375.341,
Contact STARLINK-4111 - MoonIOAGSO 0001,66494.821,70131.493,3636.672,
Contact STARLINK-4111 - MoonIOAGSO 0001,72233.703,81632.032,9398.329,
Contact STARLINK-4111 - MoonIOAGSO 0001,83735.666,86400.000,2664.334,
Contact STARLINK-4111 - MoonLRO,0.000,6993.068,6993.068,
Contact STARLINK-4111 - MoonLRO,9094.166,12729.642,3635.476,
Contact STARLINK-4111 - MoonLRO,14837.504,24212.274,9374.770,
Contact STARLINK-4111 - MoonLRO,26312.622,35700.727,9388.105,
Contact STARLINK-4111 - MoonLRO,37793.079,41439.059,3645.980,
Contact STARLINK-4111 - MoonLRO,43538.595,52912.901,9374.306,
Contact STARLINK-4111 - MoonLRO,55022.516,64399.840,9377.325,
Contact STARLINK-4111 - MoonLRO,66496.429,70143.067,3646.639,
Contact STARLINK-4111 - MoonLRO,72237.856,81617.155,9379.300,
Contact STARLINK-4111 - MoonLRO,83727.522,86400.000,2672.478,
Contact STARLINK-4111 - MarsSat1,3483.458,7162.026,3678.568,
Contact STARLINK-4111 - MarsSat1,9209.390,12887.579,3678.190,
Contact STARLINK-4111 - MarsSat1,14935.305,24338.607,9403.302,
Contact STARLINK-4111 - MarsSat1,26387.063,35789.518,9402.455,
Contact STARLINK-4111 - MarsSat1,37838.722,41514.935,3676.214,
Contact STARLINK-4111 - MarsSat1,43564.526,52965.729,9401.203,
Contact STARLINK-4111 - MarsSat1,55016.128,64416.511,9400.383,
Contact STARLINK-4111 - MarsSat1,66467.775,70141.911,3674.136,
Contact STARLINK-4111 - MarsSat1,72193.627,81592.727,9399.100,
Contact STARLINK-4111 - MarsSat1,83645.377,86400.000,2754.623,
Contact STARLINK-4111 - MarsSat2,0.000,7161.885,7161.885,
Contact STARLINK-4111 - MarsSat2,9209.244,12887.424,3678.180,
Contact STARLINK-4111 - MarsSat2,14935.176,24338.498,9403.323,
Contact STARLINK-4111 - MarsSat2,26387.027,35789.528,9402.501,
Contact STARLINK-4111 - MarsSat2,37838.843,41515.021,3676.178,
Contact STARLINK-4111 - MarsSat2,43564.736,52965.964,9401.227,
Contact STARLINK-4111 - MarsSat2,55016.497,64416.847,9400.350,
Contact STARLINK-4111 - MarsSat2,66468.223,70142.266,3674.043,
Contact STARLINK-4111 - MarsSat2,72194.074,81593.060,9398.987,
Contact STARLINK-4111 - MarsSat2,83645.750,86400.000,2754.250,
Contact STARLINK-4111 - MarsSat3,0.000,7161.970,7161.970,
Contact STARLINK-4111 - MarsSat3,9209.247,12887.437,3678.190,
Contact STARLINK-4111 - MarsSat3,14935.113,24338.412,9403.299,
Contact STARLINK-4111 - MarsSat3,26386.906,35789.422,9402.516,
Contact STARLINK-4111 - MarsSat3,37838.707,41514.918,3676.211,
Contact STARLINK-4111 - MarsSat3,43564.595,52965.868,9401.273,
Contact STARLINK-4111 - MarsSat3,55016.337,64416.746,9400.409,
Contact STARLINK-4111 - MarsSat3,66468.030,70142.154,3674.124,
Contact STARLINK-4111 - MarsSat3,72193.857,81592.898,9399.041,
Contact STARLINK-4111 - MarsSat3,83645.473,86400.000,2754.527,
Contact STARLINK-4111 - MarsSat4,0.000,7162.074,7162.074,
Contact STARLINK-4111 - MarsSat4,9209.375,12887.571,3678.196,
Contact STARLINK-4111 - MarsSat4,14935.203,24338.438,9403.235,
Contact STARLINK-4111 - MarsSat4,26386.893,35789.515,9402.622,
Contact STARLINK-4111 - MarsSat4,37838.734,41514.994,3676.260,
Contact STARLINK-4111 - MarsSat4,43564.573,52965.771,9401.198,
Contact STARLINK-4111 - MarsSat4,55016.176,64416.654,9400.479,
Contact STARLINK-4111 - MarsSat4,66467.990,70142.112,3674.122,
Contact STARLINK-4111 - MarsSat4,72193.843,81592.834,9398.990,
Contact STARLINK-4111 - MarsSat4,83645.418,86400.000,2754.582,
Contact STARLINK-3994 - STARLINK-5774,0.000,397.855,397.855,
Contact STARLINK-3994 - STARLINK-5774,7909.817,14739.383,6829.566,
Contact STARLINK-3994 - STARLINK-5774,25085.256,29085.427,4000.171,
Contact STARLINK-3994 - STARLINK-5774,39397.669,43420.760,4023.091,
Contact STARLINK-3994 - STARLINK-5774,53720.973,57760.478,4039.505,
Contact STARLINK-3994 - STARLINK-5774,68039.689,74959.501,6919.812,
Contact STARLINK-3994 - STARLINK-5774,82369.197,86400.000,4030.803,
Contact STARLINK-3994 - STARLINK-31577,64526.878,65318.225,791.347,
Contact STARLINK-3994 - STARLINK-31577,72712.912,79741.371,7028.459,
Contact STARLINK-3994 - STARLINK-2643,0.000,485.934,485.934,
Contact STARLINK-3994 - STARLINK-2643,7727.178,14775.472,7048.295,
Contact STARLINK-3994 - STARLINK-2643,24898.420,29081.312,4182.891,
Contact STARLINK-3994 - STARLINK-2643,39200.575,46238.179,7037.604,
Contact STARLINK-3994 - STARLINK-2643,53517.664,60526.983,7009.319,
Contact STARLINK-3994 - STARLINK-2643,67820.020,69113.580,1293.561,
Contact STARLINK-3994 - STARLINK-2643,82137.545,83402.006,1264.461,
Contact STARLINK-3994 - STARLINK-4560,3225.410,3946.314,720.904,
Contact STARLINK-3994 - STARLINK-4560,17570.127,18295.616,725.489,
Contact STARLINK-3994 - STARLINK-4560,31914.382,32646.177,731.795,
Contact STARLINK-3994 - STARLINK-4560,46259.466,46995.102,735.636,
Contact STARLINK-3994 - STARLINK-4560,60603.130,61346.240,743.109,
Contact STARLINK-3994 - STARLINK-4560,74948.633,75694.739,746.106,
Contact STARLINK-3994 - STARLINK-3189,0.000,86400.000,86400.000,
Contact STARLINK-3994 - STARLINK-31784,6577.226,7254.467,677.241,
Contact STARLINK-3994 - STARLINK-31784,17815.418,18652.208,836.790,
Contact STARLINK-3994 - STARLINK-31784,31910.823,32850.736,939.913,
Contact STARLINK-3994 - STARLINK-31784,46055.010,47000.552,945.543,
Contact STARLINK-3994 - STARLINK-31784,57403.285,58287.467,884.182,
Contact STARLINK-3994 - STARLINK-31784,71634.512,72350.725,716.213,
Contact STARLINK-3994 - STARLINK-5494,6931.134,11111.182,4180.048,
Contact STARLINK-3994 - STARLINK-5494,21291.708,25452.920,4161.212,
Contact STARLINK-3994 - STARLINK-5494,35680.696,39792.079,4111.383,
Contact STARLINK-3994 - STARLINK-5494,50069.386,54105.097,4035.712,
Contact STARLINK-3994 - STARLINK-5494,64488.824,68414.926,3926.102,
Contact STARLINK-3994 - STARLINK-5494,78909.837,79845.010,935.173,
Contact STARLINK-3994 - STARLINK-4338,0.000,314.771,314.771,
Contact STARLINK-3994 - STARLINK-4338,13918.033,14652.691,734.658,
Contact STARLINK-3994 - STARLINK-4338,28270.856,28997.482,726.627,
Contact STARLINK-3994 - STARLINK-4338,42631.331,43335.341,704.009,
Contact STARLINK-3994 - STARLINK-4338,56984.600,57679.626,695.026,
Contact STARLINK-3994 - STARLINK-4338,71344.677,72017.801,673.124,
Contact STARLINK-3994 - STARLINK-31536,3420.681,4342.676,921.995,
Contact STARLINK-3994 - STARLINK-31536,17779.532,18357.979,578.447,
Contact STARLINK-3994 - STARLINK-5649,0.000,86400.000,86400.000,
Contact STARLINK-3994 - STARLINK-5197,0.000,86400.000,86400.000,
Contact STARLINK-3994 - STARLINK-30100,68366.887,68606.590,239.703,
Contact STARLINK-3994 - STARLINK-30100,82624.289,83008.412,384.124,
Contact STARLINK-3994 - STARLINK-2685,6551.475,7579.597,1028.122,
Contact STARLINK-3994 - STARLINK-2685,17978.155,21931.320,3953.165,
Contact STARLINK-3994 - STARLINK-2685,32254.172,36259.827,4005.656,
Contact STARLINK-3994 - STARLINK-2685,46549.994,50607.226,4057.232,
Contact STARLINK-3994 - STARLINK-2685,60829.962,67809.769,6979.808,
Contact STARLINK-3994 - STARLINK-2685,75128.183,82134.296,7006.113,
Contact STARLINK-3994 - STARLINK-4254,0.000,697.601,697.601,
Contact STARLINK-3994 - STARLINK-4254,14273.269,15000.601,727.332,
Contact STARLINK-3994 - STARLINK-4254,28572.149,29304.407,732.258,
Contact STARLINK-3994 - STARLINK-4254,42872.254,43607.374,735.120,
Contact STARLINK-3994 - STARLINK-4254,57171.192,57911.103,739.912,
Contact STARLINK-3994 - STARLINK-4254,71471.298,72214.036,742.738,
Contact STARLINK-3994 - STARLINK-4254,85770.293,86400.000,629.707,
Contact STARLINK-3994 - STARLINK-1578,46702.648,47221.331,518.683,
Contact STARLINK-3994 - STARLINK-1578,60996.152,61521.352,525.200,
Contact STARLINK-3994 - STARLINK-1578,75294.782,75816.802,522.019,
Contact STARLINK-3994 - STARLINK-5289,0.000,479.914,479.914,
Contact STARLINK-3994 - STARLINK-5289,13939.603,14818.653,879.051,
Contact STARLINK-3994 - STARLINK-5289,28301.624,29163.248,861.624,
Contact STARLINK-3994 - STARLINK-5289,42676.927,43495.343,818.416,
Contact STARLINK-3994 - STARLINK-5289,57045.791,57833.008,787.217,
Contact STARLINK-3994 - STARLINK-5289,71428.075,72158.201,730.126,
Contact STARLINK-3994 - STARLINK-5289,85804.179,86400.000,595.821,
Contact STARLINK-3994 - STARLINK-31852,0.000,507.942,507.942,
Contact STARLINK-3994 - STARLINK-31852,7930.269,15007.129,7076.860,
Contact STARLINK-3994 - STARLINK-31852,21823.012,32138.935,10315.923,
Contact STARLINK-3994 - STARLINK-31852,33085.374,46172.317,13086.943,
Contact STARLINK-3994 - STARLINK-31852,47381.935,54489.396,7107.461,
Contact STARLINK-3994 - STARLINK-1293,6772.953,7632.902,859.949,
Contact STARLINK-3994 - STARLINK-1293,21094.641,21940.941,846.301,
Contact STARLINK-3994 - STARLINK-1293,35424.999,36240.483,815.484,
Contact STARLINK-3994 - STARLINK-1293,49748.052,50547.129,799.077,
Contact STARLINK-3994 - STARLINK-1293,64080.272,64844.808,764.535,
Contact STARLINK-3994 - STARLINK-1293,75543.376,76285.535,742.159,
Contact STARLINK-3994 - STARLINK-30879,758.537,39574.856,38816.319,
Contact STARLINK-3994 - STARLINK-30879,43315.862,53196.614,9880.752,
Contact STARLINK-3994 - STARLINK-5058,64693.750,68472.790,3779.040,
Contact STARLINK-3994 - STARLINK-5058,78743.900,85945.633,7201.733,
Contact STARLINK-3994 - STARLINK-31690,86172.014,86400.000,227.986,
Contact STARLINK-3994 - STARLINK-1788,0.000,86400.000,86400.000,
Contact STARLINK-3994 - STARLINK-1080,0.000,86400.000,86400.000,
Contact STARLINK-3994 - STARLINK-31554,50016.293,50511.445,495.152,
Contact STARLINK-3994 - STARLINK-31554,61153.551,64859.263,3705.712,
Contact STARLINK-3994 - STARLINK-31554,75190.751,76254.782,1064.032,
Contact STARLINK-3994 - STARLINK-30052,68291.700,68820.697,528.997,
Contact STARLINK-3994 - STARLINK-30052,82583.928,83181.089,597.161,
Contact STARLINK-3994 - STARLINK-1303,7088.789,7749.228,660.439,
Contact STARLINK-3994 - STARLINK-1303,21414.945,22049.364,634.420,
Contact STARLINK-3994 - STARLINK-1303,35754.621,36336.120,581.499,
Contact STARLINK-3994 - STARLINK-1303,50083.455,50633.546,550.091,
Contact STARLINK-3994 - STARLINK-1303,64428.224,64915.198,486.974,
Contact STARLINK-3994 - STARLINK-1303,78761.182,79208.466,447.284,
Contact STARLINK-3994 - STARLINK-11265 [DTC],81641.199,86400.000,4758.801,
Contact STARLINK-3994 - STARLINK-4612,0.000,86400.000,86400.000,
Contact STARLINK-3994 - STARLINK-3815,6874.133,7869.790,995.657,
Contact STARLINK-3994 - STARLINK-3815,21023.240,22128.094,1104.854,
Contact STARLINK-3994 - STARLINK-3815,29535.325,36347.932,6812.606,
Contact STARLINK-3994 - STARLINK-3815,46578.862,50548.944,3970.082,
Contact STARLINK-3994 - STARLINK-3815,60807.390,61885.808,1078.418,
Contact STARLINK-3994 - STARLINK-3815,75076.913,76025.048,948.135,
Contact STARLINK-3994 - STARLINK-31611,34466.381,86400.000,51933.619,
Contact STARLINK-3994 - MoonARTEMIS1,0.000,2704.092,2704.092,
Contact STARLINK-3994 - MoonARTEMIS1,4774.823,14159.054,9384.230,
Contact STARLINK-3994 - MoonARTEMIS1,16250.435,19889.903,3639.469,
Contact STARLINK-3994 - MoonARTEMIS1,21994.837,30010.609,8015.772,
Contact STARLINK-3994 - MoonARTEMIS1,33446.210,42779.135,9332.925,
Contact STARLINK-3994 - MoonARTEMIS1,44896.755,48501.738,3604.983,
Contact STARLINK-3994 - MoonARTEMIS1,50622.982,59948.588,9325.607,
Contact STARLINK-3994 - MoonARTEMIS1,62077.041,71397.531,9320.490,
Contact STARLINK-3994 - MoonARTEMIS1,73533.133,77122.825,3589.692,
Contact STARLINK-3994 - MoonARTEMIS1,79261.974,86400.000,7138.026,
Contact STARLINK-3994 - MoonARTEMIS2,0.000,2741.832,2741.832,
Contact STARLINK-3994 - MoonARTEMIS2,4838.824,14191.390,9352.566,
Contact STARLINK-3994 - MoonARTEMIS2,16299.212,19915.561,3616.349,
Contact STARLINK-3994 - MoonARTEMIS2,22027.977,31362.415,9334.438,
Contact STARLINK-3994 - MoonARTEMIS2,33482.475,42806.498,9324.022,
Contact STARLINK-3994 - MoonARTEMIS2,44932.033,48526.863,3594.830,
Contact STARLINK-3994 - MoonARTEMIS2,50654.073,59962.530,9308.457,
Contact STARLINK-3994 - MoonARTEMIS2,62584.424,71425.488,8841.065,
Contact STARLINK-3994 - MoonARTEMIS2,73573.659,77155.972,3582.313,
Contact STARLINK-3994 - MoonARTEMIS2,79307.537,86400.000,7092.463,
Contact STARLINK-3994 - MoonIOAGEO,0.000,2714.880,2714.880,
Contact STARLINK-3994 - MoonIOAGEO,4789.440,14162.411,9372.970,
Contact STARLINK-3994 - MoonIOAGEO,21994.939,31344.813,9349.874,
Contact STARLINK-3994 - MoonIOAGEO,33460.820,42789.341,9328.521,
Contact STARLINK-3994 - MoonIOAGEO,44908.253,48510.877,3602.624,
Contact STARLINK-3994 - MoonIOAGEO,50633.723,59962.801,9329.078,
Contact STARLINK-3994 - MoonIOAGEO,63976.591,71421.570,7444.979,
Contact STARLINK-3994 - MoonIOAGEO,73567.329,77147.764,3580.435,
Contact STARLINK-3994 - MoonIOAGEO,79294.532,86400.000,7105.468,
Contact STARLINK-3994 - MoonIOAGNO,0.000,2722.322,2722.322,
Contact STARLINK-3994 - MoonIOAGNO,4794.962,14169.498,9374.535,
Contact STARLINK-3994 - MoonIOAGNO,16269.560,19904.582,3635.022,
Contact STARLINK-3994 - MoonIOAGNO,22004.401,31357.264,9352.863,
Contact STARLINK-3994 - MoonIOAGNO,33462.265,42797.572,9335.306,
Contact STARLINK-3994 - MoonIOAGNO,44912.481,48514.777,3602.296,
Contact STARLINK-3994 - MoonIOAGNO,50637.171,59974.813,9337.642,
Contact STARLINK-3994 - MoonIOAGNO,62112.863,71433.080,9320.217,
Contact STARLINK-3994 - MoonIOAGNO,73571.797,77156.653,3584.855,
Contact STARLINK-3994 - MoonIOAGNO,79297.148,86400.000,7102.852,
Contact STARLINK-3994 - MoonIOAGNO 0001,0.000,2735.601,2735.601,
Contact STARLINK-3994 - MoonIOAGNO 0001,4810.751,14181.954,9371.204,
Contact STARLINK-3994 - MoonIOAGNO 0001,16266.798,19900.790,3633.992,
Contact STARLINK-3994 - MoonIOAGNO 0001,21992.485,31334.772,9342.288,
Contact STARLINK-3994 - MoonIOAGNO 0001,33451.630,42804.671,9353.042,
Contact STARLINK-3994 - MoonIOAGNO 0001,44925.882,48532.115,3606.233,
Contact STARLINK-3994 - MoonIOAGNO 0001,50654.760,59977.243,9322.483,
Contact STARLINK-3994 - MoonIOAGNO 0001,62105.777,71414.325,9308.548,
Contact STARLINK-3994 - MoonIOAGNO 0001,73553.903,77141.584,3587.681,
Contact STARLINK-3994 - MoonIOAGNO 0001,79294.003,86400.000,7105.997,
Contact STARLINK-3994 - MoonIOAGSO,0.000,2706.906,2706.906,
Contact STARLINK-3994 - MoonIOAGSO,4789.016,14166.530,9377.514,
Contact STARLINK-3994 - MoonIOAGSO,16261.852,19881.351,3619.499,
Contact STARLINK-3994 - MoonIOAGSO,21985.937,31322.671,9336.734,
Contact STARLINK-3994 - MoonIOAGSO,33439.167,42776.792,9337.625,
Contact STARLINK-3994 - MoonIOAGSO,44901.669,48509.232,3607.563,
Contact STARLINK-3994 - MoonIOAGSO,50638.494,59962.139,9323.645,
Contact STARLINK-3994 - MoonIOAGSO,62097.920,71402.459,9304.539,
Contact STARLINK-3994 - MoonIOAGSO,73547.506,77127.092,3579.586,
Contact STARLINK-3994 - MoonIOAGSO,79275.349,86400.000,7124.651,
Contact STARLINK-3994 - MoonIOAGSO 0001,0.000,2702.294,2702.294,
Contact STARLINK-3994 - MoonIOAGSO 0001,4788.857,14147.840,9358.983,
Contact STARLINK-3994 - MoonIOAGSO 0001,16246.372,19875.594,3629.223,
Contact STARLINK-3994 - MoonIOAGSO 0001,21978.972,31342.680,9363.709,
Contact STARLINK-3994 - MoonIOAGSO 0001,34246.501,42779.908,8533.407,
Contact STARLINK-3994 - MoonIOAGSO 0001,44905.240,48500.353,3595.113,
Contact STARLINK-3994 - MoonIOAGSO 0001,50630.882,59950.332,9319.450,
Contact STARLINK-3994 - MoonIOAGSO 0001,62088.513,71413.284,9324.771,
Contact STARLINK-3994 - MoonIOAGSO 0001,73558.474,76353.716,2795.242,
Contact STARLINK-3994 - MoonIOAGSO 0001,79289.776,86400.000,7110.224,
Contact STARLINK-3994 - MoonLRO,0.000,2713.295,2713.295,
Contact STARLINK-3994 - MoonLRO,4795.745,14170.124,9374.379,
Contact STARLINK-3994 - MoonLRO,16258.417,19894.672,3636.255,
Contact STARLINK-3994 - MoonLRO,21993.784,31336.278,9342.494,
Contact STARLINK-3994 - MoonLRO,33455.370,42789.309,9333.940,
Contact STARLINK-3994 - MoonLRO,44908.142,48518.493,3610.351,
Contact STARLINK-3994 - MoonLRO,50638.946,59966.632,9327.685,
Contact STARLINK-3994 - MoonLRO,62105.217,71412.561,9307.344,
Contact STARLINK-3994 - MoonLRO,73559.153,77141.285,3582.132,
Contact STARLINK-3994 - MoonLRO,79284.518,86400.000,7115.482,
Contact STARLINK-3994 - MarsSat1,4840.344,14187.474,9347.131,
Contact STARLINK-3994 - MarsSat1,16284.696,19908.617,3623.920,
Contact STARLINK-3994 - MarsSat1,22006.837,31350.885,9344.049,
Contact STARLINK-3994 - MarsSat1,33451.043,42793.153,9342.110,
Contact STARLINK-3994 - MarsSat1,44895.178,48514.299,3619.121,
Contact STARLINK-3994 - MarsSat1,50617.236,59956.647,9339.410,
Contact STARLINK-3994 - MarsSat1,62061.371,71399.092,9337.721,
Contact STARLINK-3994 - MarsSat1,73505.555,77120.352,3614.797,
Contact STARLINK-3994 - MarsSat1,79227.663,86400.000,7172.337,
Contact STARLINK-3994 - MarsSat2,0.000,2745.109,2745.109,
Contact STARLINK-3994 - MarsSat2,4840.256,14187.484,9347.228,
Contact STARLINK-3994 - MarsSat2,16284.686,19908.668,3623.982,
Contact STARLINK-3994 - MarsSat2,22006.874,31351.028,9344.154,
Contact STARLINK-3994 - MarsSat2,33451.193,42793.390,9342.196,
Contact STARLINK-3994 - MarsSat2,44895.451,48514.577,3619.125,
Contact STARLINK-3994 - MarsSat2,50617.561,59956.966,9339.405,
Contact STARLINK-3994 - MarsSat2,62061.747,71399.382,9337.635,
Contact STARLINK-3994 - MarsSat2,73505.895,77120.602,3614.707,
Contact STARLINK-3994 - MarsSat2,79227.955,86400.000,7172.045,
Contact STARLINK-3994 - MarsSat3,0.000,2745.039,2745.039,
Contact STARLINK-3994 - MarsSat3,4840.198,14187.369,9347.171,
Contact STARLINK-3994 - MarsSat3,16284.574,19908.570,3623.996,
Contact STARLINK-3994 - MarsSat3,22006.768,31350.945,9344.177,
Contact STARLINK-3994 - MarsSat3,33451.089,42793.279,9342.191,
Contact STARLINK-3994 - MarsSat3,44895.314,48514.441,3619.127,
Contact STARLINK-3994 - MarsSat3,50617.400,59956.774,9339.374,
Contact STARLINK-3994 - MarsSat3,62061.530,71399.137,9337.607,
Contact STARLINK-3994 - MarsSat3,73505.624,77120.338,3614.714,
Contact STARLINK-3994 - MarsSat3,79227.666,86400.000,7172.334,
Contact STARLINK-3994 - MarsSat4,0.000,2745.181,2745.181,
Contact STARLINK-3994 - MarsSat4,4840.327,14187.327,9347.000,
Contact STARLINK-3994 - MarsSat4,16284.530,19908.462,3623.933,
Contact STARLINK-3994 - MarsSat4,22006.674,31350.871,9344.197,
Contact STARLINK-3994 - MarsSat4,33451.022,42793.122,9342.100,
Contact STARLINK-3994 - MarsSat4,44895.163,48514.276,3619.113,
Contact STARLINK-3994 - MarsSat4,50617.239,59956.781,9339.542,
Contact STARLINK-3994 - MarsSat4,62061.537,71399.178,9337.641,
Contact STARLINK-3994 - MarsSat4,73505.653,77120.367,3614.715,
Contact STARLINK-3994 - MarsSat4,79227.684,86400.000,7172.316,
Contact STARLINK-5774 - STARLINK-31295,86111.181,86400.000,288.819,
Contact STARLINK-5774 - STARLINK-31128,6485.843,7703.436,1217.593,
Contact STARLINK-5774 - STARLINK-31128,15011.832,21980.013,6968.182,
Contact STARLINK-5774 - STARLINK-31128,32108.015,36216.793,4108.778,
Contact STARLINK-5774 - STARLINK-31128,46404.833,47567.620,1162.787,
Contact STARLINK-5774 - STARLINK-31128,60763.035,61704.522,941.487,
Contact STARLINK-5774 - STARLINK-31128,75188.879,75775.597,586.718,
Contact STARLINK-5774 - STARLINK-2643,0.000,86400.000,86400.000,
Contact STARLINK-5774 - STARLINK-3189,0.000,508.952,508.952,
Contact STARLINK-5774 - STARLINK-3189,14087.024,14880.743,793.719,
Contact STARLINK-5774 - STARLINK-3189,28367.813,29257.729,889.916,
Contact STARLINK-5774 - STARLINK-3189,42665.624,43618.392,952.767,
Contact STARLINK-5774 - STARLINK-3189,56956.823,57984.931,1028.108,
Contact STARLINK-5774 - STARLINK-3189,68397.063,72337.544,3940.481,
Contact STARLINK-5774 - STARLINK-3189,82705.692,86400.000,3694.308,
Contact STARLINK-5774 - STARLINK-31784,49783.273,50405.000,621.727,
Contact STARLINK-5774 - STARLINK-31784,60721.952,67932.224,7210.273,
Contact STARLINK-5774 - STARLINK-31784,69056.724,82191.464,13134.739,
Contact STARLINK-5774 - STARLINK-31784,83192.341,86400.000,3207.659,
Contact STARLINK-5774 - STARLINK-4338,0.000,3095.193,3095.193,
Contact STARLINK-5774 - STARLINK-4338,10340.176,17468.158,7127.982,
Contact STARLINK-5774 - STARLINK-4338,24760.431,31822.041,7061.610,
Contact STARLINK-5774 - STARLINK-4338,39183.893,46192.412,7008.520,
Contact STARLINK-5774 - STARLINK-4338,53607.205,60543.712,6936.508,
Contact STARLINK-5774 - STARLINK-4338,68031.542,72030.796,3999.254,
Contact STARLINK-5774 - STARLINK-4338,82458.272,83516.869,1058.597,
Contact STARLINK-5774 - STARLINK-31536,7041.692,7795.204,753.512,
Contact STARLINK-5774 - STARLINK-31536,21114.127,22154.158,1040.030,
Contact STARLINK-5774 - STARLINK-31536,35260.194,36437.911,1177.717,
Contact STARLINK-5774 - STARLINK-31536,46630.243,50644.392,4014.148,
Contact STARLINK-5774 - STARLINK-31536,60909.896,61961.413,1051.517,
Contact STARLINK-5774 - STARLINK-31536,75263.066,76039.589,776.523,
Contact STARLINK-5774 - STARLINK-11199 [DTC],10267.423,11003.189,735.766,
Contact STARLINK-5774 - STARLINK-5649,0.000,3143.283,3143.283,
Contact STARLINK-5774 - STARLINK-5649,10358.154,17505.201,7147.047,
Contact STARLINK-5774 - STARLINK-5649,24720.702,31856.114,7135.412,
Contact STARLINK-5774 - STARLINK-5649,39074.032,46217.983,7143.950,
Contact STARLINK-5774 - STARLINK-5649,53436.586,60568.915,7132.328,
Contact STARLINK-5774 - STARLINK-5649,67789.924,74930.734,7140.810,
Contact STARLINK-5774 - STARLINK-5649,82152.486,86400.000,4247.514,
Contact STARLINK-5774 - STARLINK-5197,0.000,6472.325,6472.325,
Contact STARLINK-5774 - STARLINK-5197,7748.259,15047.223,7298.964,
Contact STARLINK-5774 - STARLINK-5197,22100.059,29353.048,7252.989,
Contact STARLINK-5774 - STARLINK-5197,36472.815,43638.365,7165.550,
Contact STARLINK-5774 - STARLINK-5197,50835.788,57933.182,7097.394,
Contact STARLINK-5774 - STARLINK-5197,68088.857,72205.448,4116.591,
Contact STARLINK-5774 - STARLINK-5197,82483.393,86400.000,3916.607,
Contact STARLINK-5774 - STARLINK-30100,0.000,6825.938,6825.938,
Contact STARLINK-5774 - STARLINK-30100,13874.434,21168.500,7294.066,
Contact STARLINK-5774 - STARLINK-30100,28194.505,35577.720,7383.215,
Contact STARLINK-5774 - STARLINK-30100,42559.759,49921.307,7361.548,
Contact STARLINK-5774 - STARLINK-30100,56880.702,64329.893,7449.191,
Contact STARLINK-5774 - STARLINK-30100,65507.780,78674.505,13166.726,
Contact STARLINK-5774 - STARLINK-30100,79829.297,86400.000,6570.703,
Contact STARLINK-5774 - STARLINK-11101 [DTC],3363.007,10153.377,6790.370,
Contact STARLINK-5774 - STARLINK-11101 [DTC],17405.494,18509.687,1104.193,
Contact STARLINK-5774 - STARLINK-2685,10125.466,10948.528,823.062,
Contact STARLINK-5774 - STARLINK-2685,21590.371,25303.569,3713.197,
Contact STARLINK-5774 - STARLINK-2685,35921.411,39655.690,3734.279,
Contact STARLINK-5774 - STARLINK-2685,50254.809,54009.154,3754.345,
Contact STARLINK-5774 - STARLINK-2685,64587.340,65490.557,903.218,
Contact STARLINK-5774 - STARLINK-2685,78922.177,79840.655,918.478,
Contact STARLINK-5774 - STARLINK-4254,0.000,10356.283,10356.283,
Contact STARLINK-5774 - STARLINK-4254,11241.346,24749.794,13508.448,
Contact STARLINK-5774 - STARLINK-4254,25529.947,39108.914,13578.967,
Contact STARLINK-5774 - STARLINK-4254,39818.804,53486.523,13667.719,
Contact STARLINK-5774 - STARLINK-4254,54122.238,67825.323,13703.086,
Contact STARLINK-5774 - STARLINK-4254,68432.060,86400.000,17967.940,
Contact STARLINK-5774 - STARLINK-5535,3424.904,3769.858,344.953,
Contact STARLINK-5774 - STARLINK-5535,17803.937,18151.153,347.217,
Contact STARLINK-5774 - STARLINK-5535,32196.902,32519.611,322.710,
Contact STARLINK-5774 - STARLINK-5535,46576.750,46900.132,323.382,
Contact STARLINK-5774 - STARLINK-5535,60971.375,61266.958,295.583,
Contact STARLINK-5774 - STARLINK-5535,75352.207,75646.540,294.333,
Contact STARLINK-5774 - STARLINK-5289,0.000,49661.487,49661.487,
Contact STARLINK-5774 - STARLINK-5289,50425.942,60977.557,10551.615,
Contact STARLINK-5774 - STARLINK-5289,65058.601,72315.332,7256.731,
Contact STARLINK-5774 - STARLINK-5289,82621.477,86400.000,3778.523,
Contact STARLINK-5774 - STARLINK-1276,6716.606,7741.603,1024.997,
Contact STARLINK-5774 - STARLINK-1276,21056.582,22088.678,1032.096,
Contact STARLINK-5774 - STARLINK-1276,35391.833,36441.177,1049.344,
Contact STARLINK-5774 - STARLINK-1276,49733.142,50786.930,1053.788,
Contact STARLINK-5774 - STARLINK-1276,64069.818,65137.977,1068.159,
Contact STARLINK-5774 - STARLINK-1276,75541.770,79482.428,3940.658,
Contact STARLINK-5774 - STARLINK-5837,7161.222,7863.574,702.352,
Contact STARLINK-5774 - STARLINK-5837,21543.338,22243.966,700.629,
Contact STARLINK-5774 - STARLINK-5837,35924.561,36624.508,699.948,
Contact STARLINK-5774 - STARLINK-5837,50306.401,51005.213,698.812,
Contact STARLINK-5774 - STARLINK-5837,64687.788,65385.627,697.839,
Contact STARLINK-5774 - STARLINK-5837,79069.335,79766.667,697.333,
Contact STARLINK-5774 - STARLINK-31852,11066.741,57922.843,46856.102,
Contact STARLINK-5774 - STARLINK-30879,24925.084,25558.843,633.760,
Contact STARLINK-5774 - STARLINK-30879,38957.275,39894.053,936.778,
Contact STARLINK-5774 - STARLINK-30879,50252.314,54133.218,3880.904,
Contact STARLINK-5774 - STARLINK-30879,64443.710,65465.917,1022.207,
Contact STARLINK-5774 - STARLINK-30879,78719.131,79556.874,837.743,
Contact STARLINK-5774 - STARLINK-5058,10705.797,11336.750,630.952,
Contact STARLINK-5774 - STARLINK-5058,25088.748,25665.970,577.222,
Contact STARLINK-5774 - STARLINK-5058,39431.900,40038.682,606.781,
Contact STARLINK-5774 - STARLINK-5058,53815.885,54366.915,551.030,
Contact STARLINK-5774 - STARLINK-5058,68158.498,68740.101,581.603,
Contact STARLINK-5774 - STARLINK-5058,82543.674,83067.192,523.518,
Contact STARLINK-5774 - STARLINK-6135,6838.468,7666.414,827.946,
Contact STARLINK-5774 - STARLINK-6135,21196.935,22022.461,825.526,
Contact STARLINK-5774 - STARLINK-6135,35554.658,36378.771,824.113,
Contact STARLINK-5774 - STARLINK-6135,49913.126,50734.801,821.675,
Contact STARLINK-5774 - STARLINK-6135,64270.860,65091.100,820.240,
Contact STARLINK-5774 - STARLINK-6135,78629.328,79447.113,817.785,
Contact STARLINK-5774 - STARLINK-1788,0.000,245.275,245.275,
Contact STARLINK-5774 - STARLINK-1788,14079.372,14614.512,535.140,
Contact STARLINK-5774 - STARLINK-1788,28384.814,28990.583,605.769,
Contact STARLINK-5774 - STARLINK-1788,42703.897,43353.623,649.726,
Contact STARLINK-5774 - STARLINK-1788,57015.580,57723.449,707.869,
Contact STARLINK-5774 - STARLINK-1788,71338.518,72082.596,744.078,
Contact STARLINK-5774 - STARLINK-1788,82794.448,86400.000,3605.552,
Contact STARLINK-5774 - STARLINK-1080,0.000,3651.443,3651.443,
Contact STARLINK-5774 - STARLINK-1080,14212.475,18064.877,3852.402,
Contact STARLINK-5774 - STARLINK-1080,28456.379,35333.562,6877.183,
Contact STARLINK-5774 - STARLINK-1080,42726.223,49707.260,6981.037,
Contact STARLINK-5774 - STARLINK-1080,56989.704,64085.735,7096.031,
Contact STARLINK-5774 - STARLINK-1080,71275.007,72699.256,1424.250,
Contact STARLINK-5774 - STARLINK-1080,79838.769,86400.000,6561.231,
Contact STARLINK-5774 - STARLINK-30052,0.000,86400.000,86400.000,
Contact STARLINK-5774 - STARLINK-11265 [DTC],85614.014,86400.000,785.986,
Contact STARLINK-5774 - STARLINK-4612,0.000,367.835,367.835,
Contact STARLINK-5774 - STARLINK-4612,13720.797,14717.050,996.254,
Contact STARLINK-5774 - STARLINK-4612,25172.374,29071.466,3899.092,
Contact STARLINK-5774 - STARLINK-4612,39485.056,43416.249,3931.194,
Contact STARLINK-5774 - STARLINK-4612,53807.610,57766.068,3958.458,
Contact STARLINK-5774 - STARLINK-4612,68124.805,72106.571,3981.767,
Contact STARLINK-5774 - STARLINK-4612,82451.574,86400.000,3948.426,
Contact STARLINK-5774 - STARLINK-31034,86198.100,86400.000,201.900,
Contact STARLINK-5774 - STARLINK-3815,64622.055,65137.817,515.762,
Contact STARLINK-5774 - STARLINK-3815,78711.837,79516.360,804.523,
Contact STARLINK-5774 - STARLINK-31611,42774.639,43245.858,471.219,
Contact STARLINK-5774 - STARLINK-31611,53891.318,57690.907,3799.589,
Contact STARLINK-5774 - STARLINK-31611,67945.863,69119.613,1173.749,
Contact STARLINK-5774 - STARLINK-31611,82124.653,83295.246,1170.593,
Contact STARLINK-5774 - MoonARTEMIS1,0.000,6944.770,6944.770,
Contact STARLINK-5774 - MoonARTEMIS1,8630.602,24351.559,15720.957,
Contact STARLINK-5774 - MoonARTEMIS1,25897.702,35897.717,10000.015,
Contact STARLINK-5774 - MoonARTEMIS1,37405.100,53221.949,15816.849,
Contact STARLINK-5774 - MoonARTEMIS1,54660.387,64783.514,10123.128,
Contact STARLINK-5774 - MoonARTEMIS1,66163.627,82151.468,15987.840,
Contact STARLINK-5774 - MoonARTEMIS1,83420.005,86400.000,2979.995,
Contact STARLINK-5774 - MoonARTEMIS2,0.000,7078.331,7078.331,
Contact STARLINK-5774 - MoonARTEMIS2,8632.762,24421.806,15789.044,
Contact STARLINK-5774 - MoonARTEMIS2,25882.113,35978.880,10096.768,
Contact STARLINK-5774 - MoonARTEMIS2,37383.524,53290.453,15906.929,
Contact STARLINK-5774 - MoonARTEMIS2,54644.680,59056.090,4411.409,
Contact STARLINK-5774 - MoonARTEMIS2,62600.001,82380.611,19780.611,
Contact STARLINK-5774 - MoonARTEMIS2,83431.084,86400.000,2968.916,
Contact STARLINK-5774 - MoonIOAGEO,0.000,6964.554,6964.554,
Contact STARLINK-5774 - MoonIOAGEO,8630.460,16350.847,7720.387,
Contact STARLINK-5774 - MoonIOAGEO,20144.309,24361.623,4217.314,
Contact STARLINK-5774 - MoonIOAGEO,25899.019,35926.664,10027.645,
Contact STARLINK-5774 - MoonIOAGEO,37395.432,53241.694,15846.262,
Contact STARLINK-5774 - MoonIOAGEO,54648.685,59054.161,4405.476,
Contact STARLINK-5774 - MoonIOAGEO,63883.771,82276.451,18392.680,
Contact STARLINK-5774 - MoonIOAGEO,83419.303,86400.000,2980.697,
Contact STARLINK-5774 - MoonIOAGNO,0.000,6979.436,6979.436,
Contact STARLINK-5774 - MoonIOAGNO,8640.551,24320.020,15679.470,
Contact STARLINK-5774 - MoonIOAGNO,25847.461,35874.247,10026.787,
Contact STARLINK-5774 - MoonIOAGNO,37349.043,53275.156,15926.113,
Contact STARLINK-5774 - MoonIOAGNO,54667.411,82237.472,27570.061,
Contact STARLINK-5774 - MoonIOAGNO,83362.771,86400.000,3037.229,
Contact STARLINK-5774 - MoonIOAGNO 0001,0.000,6964.239,6964.239,
Contact STARLINK-5774 - MoonIOAGNO 0001,8592.714,24308.835,15716.122,
Contact STARLINK-5774 - MoonIOAGNO 0001,25875.928,35919.479,10043.550,
Contact STARLINK-5774 - MoonIOAGNO 0001,37383.986,53252.622,15868.635,
Contact STARLINK-5774 - MoonIOAGNO 0001,54595.583,82287.157,27691.574,
Contact STARLINK-5774 - MoonIOAGNO 0001,83385.231,86400.000,3014.769,
Contact STARLINK-5774 - MoonIOAGSO,0.000,6975.143,6975.143,
Contact STARLINK-5774 - MoonIOAGSO,8627.613,24362.217,15734.604,
Contact STARLINK-5774 - MoonIOAGSO,25933.004,35912.424,9979.420,
Contact STARLINK-5774 - MoonIOAGSO,37432.716,53266.325,15833.609,
Contact STARLINK-5774 - MoonIOAGSO,56033.591,82247.400,26213.809,
Contact STARLINK-5774 - MoonIOAGSO,83467.724,86400.000,2932.276,
Contact STARLINK-5774 - MoonIOAGSO 0001,0.000,7012.727,7012.727,
Contact STARLINK-5774 - MoonIOAGSO 0001,8674.112,12782.652,4108.540,
Contact STARLINK-5774 - MoonIOAGSO 0001,14421.777,24322.660,9900.884,
Contact STARLINK-5774 - MoonIOAGSO 0001,25897.862,33092.256,7194.394,
Contact STARLINK-5774 - MoonIOAGSO 0001,37412.954,53286.950,15873.996,
Contact STARLINK-5774 - MoonIOAGSO 0001,54702.728,82285.200,27582.472,
Contact STARLINK-5774 - MoonIOAGSO 0001,83465.276,86400.000,2934.724,
Contact STARLINK-5774 - MoonLRO,0.000,6994.102,6994.102,
Contact STARLINK-5774 - MoonLRO,8640.938,24331.105,15690.168,
Contact STARLINK-5774 - MoonLRO,25884.761,35916.659,10031.898,
Contact STARLINK-5774 - MoonLRO,37404.425,53269.242,15864.817,
Contact STARLINK-5774 - MoonLRO,54643.824,82275.627,27631.803,
Contact STARLINK-5774 - MoonLRO,83427.640,86400.000,2972.360,
Contact STARLINK-5774 - MarsSat1,2987.082,13061.194,10074.112,
Contact STARLINK-5774 - MarsSat1,14477.195,24573.337,10096.143,
Contact STARLINK-5774 - MarsSat1,25967.265,41842.410,15875.145,
Contact STARLINK-5774 - MarsSat1,43202.247,53355.870,10153.623,
Contact STARLINK-5774 - MarsSat1,54692.097,82143.357,27451.260,
Contact STARLINK-5774 - MarsSat1,83416.058,86400.000,2983.942,
Contact STARLINK-5774 - MarsSat2,0.000,13060.904,13060.904,
Contact STARLINK-5774 - MarsSat2,14476.995,24573.215,10096.220,
Contact STARLINK-5774 - MarsSat2,25966.954,41842.829,15875.875,
Contact STARLINK-5774 - MarsSat2,43201.875,53356.693,10154.818,
Contact STARLINK-5774 - MarsSat2,54691.752,82144.314,27452.562,
Contact STARLINK-5774 - MarsSat2,83416.052,86400.000,2983.948,
Contact STARLINK-5774 - MarsSat3,0.000,13060.826,13060.826,
Contact STARLINK-5774 - MarsSat3,14477.211,24572.969,10095.758,
Contact STARLINK-5774 - MarsSat3,25967.014,41842.516,15875.502,
Contact STARLINK-5774 - MarsSat3,43201.986,53356.319,10154.333,
Contact STARLINK-5774 - MarsSat3,54691.990,82143.589,27451.600,
Contact STARLINK-5774 - MarsSat3,83416.443,86400.000,2983.557,
Contact STARLINK-5774 - MarsSat4,0.000,13061.058,13061.058,
Contact STARLINK-5774 - MarsSat4,14477.454,24572.930,10095.477,
Contact STARLINK-5774 - MarsSat4,25967.203,41842.494,15875.292,
Contact STARLINK-5774 - MarsSat4,43202.394,53355.970,10153.576,
Contact STARLINK-5774 - MarsSat4,54692.049,82143.501,27451.452,
Contact STARLINK-5774 - MarsSat4,83416.243,86400.000,2983.757,
Contact STARLINK-31295 - STARLINK-31577,32324.899,32561.935,237.036,
Contact STARLINK-31295 - STARLINK-31577,57268.863,58031.536,762.673,
Contact STARLINK-31295 - STARLINK-31577,71222.513,72084.671,862.158,
Contact STARLINK-31295 - STARLINK-31577,82413.708,83298.321,884.613,
Contact STARLINK-31295 - STARLINK-2643,75099.079,86400.000,11300.921,
Contact STARLINK-31295 - STARLINK-5807,6891.942,7427.718,535.776,
Contact STARLINK-31295 - STARLINK-4560,7130.850,7876.088,745.238,
Contact STARLINK-31295 - STARLINK-4560,21337.980,22207.436,869.456,
Contact STARLINK-31295 - STARLINK-4560,35567.131,36516.240,949.109,
Contact STARLINK-31295 - STARLINK-4560,49833.832,50787.286,953.454,
Contact STARLINK-31295 - STARLINK-4560,64116.863,65041.628,924.765,
Contact STARLINK-31295 - STARLINK-4560,75564.756,79262.411,3697.655,
Contact STARLINK-31295 - STARLINK-3189,60437.885,61213.808,775.923,
Contact STARLINK-31295 - STARLINK-3189,71701.061,72699.838,998.777,
Contact STARLINK-31295 - STARLINK-3189,85813.910,86400.000,586.090,
Contact STARLINK-31295 - STARLINK-31784,0.000,667.096,667.096,
Contact STARLINK-31295 - STARLINK-31784,7705.040,17498.233,9793.193,
Contact STARLINK-31295 - STARLINK-31784,24659.015,25903.919,1244.904,
Contact STARLINK-31295 - STARLINK-31784,33159.006,39871.999,6712.993,
Contact STARLINK-31295 - STARLINK-31784,50188.970,51022.170,833.200,
Contact STARLINK-31295 - STARLINK-31784,64456.398,64893.395,436.997,
Contact STARLINK-31295 - STARLINK-5494,0.000,682.537,682.537,
Contact STARLINK-31295 - STARLINK-5494,14189.959,15009.232,819.273,
Contact STARLINK-31295 - STARLINK-5494,28446.591,29309.195,862.604,
Contact STARLINK-31295 - STARLINK-5494,42720.358,43591.069,870.711,
Contact STARLINK-31295 - STARLINK-5494,57018.761,57849.478,830.717,
Contact STARLINK-31295 - STARLINK-5494,71336.090,72087.877,751.788,
Contact STARLINK-31295 - STARLINK-30421,7074.445,7374.705,300.260,
Contact STARLINK-31295 - STARLINK-30421,32350.922,32866.049,515.127,
Contact STARLINK-31295 - STARLINK-30421,46407.137,47013.913,606.776,
Contact STARLINK-31295 - STARLINK-30421,71733.714,72455.039,721.325,
Contact STARLINK-31295 - STARLINK-30421,85806.978,86400.000,593.022,
Contact STARLINK-31295 - STARLINK-4338,57223.788,64138.820,6915.032,
Contact STARLINK-31295 - STARLINK-4338,71376.138,78493.868,7117.730,
Contact STARLINK-31295 - STARLINK-4338,79906.279,86400.000,6493.721,
Contact STARLINK-31295 - STARLINK-32197,35674.844,36500.754,825.910,
Contact STARLINK-31295 - STARLINK-32197,49651.770,50684.320,1032.550,
Contact STARLINK-31295 - STARLINK-32197,60847.423,67676.110,6828.687,
Contact STARLINK-31295 - STARLINK-32197,74855.606,76165.550,1309.944,
Contact STARLINK-31295 - STARLINK-32197,83282.379,86400.000,3117.621,
Contact STARLINK-31295 - STARLINK-6148,708.922,7589.570,6880.648,
Contact STARLINK-31295 - STARLINK-6148,17718.354,21878.599,4160.245,
Contact STARLINK-31295 - STARLINK-6148,31953.759,38962.568,7008.809,
Contact STARLINK-31295 - STARLINK-6148,46232.359,47481.225,1248.865,
Contact STARLINK-31295 - STARLINK-6148,60573.513,61624.738,1051.225,
Contact STARLINK-31295 - STARLINK-6148,74971.811,75712.432,740.621,
Contact STARLINK-31295 - STARLINK-2685,53824.344,54365.759,541.416,
Contact STARLINK-31295 - STARLINK-2685,67968.279,68685.446,717.168,
Contact STARLINK-31295 - STARLINK-2685,82139.409,82977.293,837.884,
Contact STARLINK-31295 - STARLINK-31853,75501.058,86400.000,10898.942,
Contact STARLINK-31295 - STARLINK-4551,0.000,17765.992,17765.992,
Contact STARLINK-31295 - STARLINK-4551,18232.262,25897.738,7665.475,
Contact STARLINK-31295 - STARLINK-1578,0.000,3413.330,3413.330,
Contact STARLINK-31295 - STARLINK-1578,7494.532,17584.311,10089.779,
Contact STARLINK-31295 - STARLINK-1578,24620.174,31730.978,7110.804,
Contact STARLINK-31295 - STARLINK-1578,38941.933,40187.548,1245.615,
Contact STARLINK-31295 - STARLINK-1578,53294.861,54268.908,974.047,
Contact STARLINK-31295 - STARLINK-5535,7029.353,7799.102,769.749,
Contact STARLINK-31295 - STARLINK-5535,21318.722,22048.329,729.607,
Contact STARLINK-31295 - STARLINK-5535,35608.604,36297.125,688.521,
Contact STARLINK-31295 - STARLINK-5535,49915.772,50528.941,613.169,
Contact STARLINK-31295 - STARLINK-5289,46124.302,47143.509,1019.207,
Contact STARLINK-31295 - STARLINK-5289,54269.001,86400.000,32130.999,
Contact STARLINK-31295 - STARLINK-1276,78969.797,79597.145,627.348,
Contact STARLINK-31295 - STARLINK-1666,0.000,86400.000,86400.000,
Contact STARLINK-31295 - STARLINK-1293,0.000,646.627,646.627,
Contact STARLINK-31295 - STARLINK-1293,13763.676,14887.248,1123.572,
Contact STARLINK-31295 - STARLINK-1293,22318.133,29093.208,6775.074,
Contact STARLINK-31295 - STARLINK-1293,39451.489,43277.600,3826.111,
Contact STARLINK-31295 - STARLINK-1293,53759.833,54599.700,839.867,
Contact STARLINK-31295 - STARLINK-1293,68120.623,68707.067,586.444,
Contact STARLINK-31295 - STARLINK-30879,3261.120,3610.477,349.357,
Contact STARLINK-31295 - STARLINK-31690,53252.175,54367.349,1115.174,
Contact STARLINK-31295 - STARLINK-31690,64281.191,71579.219,7298.027,
Contact STARLINK-31295 - STARLINK-31690,72586.049,86400.000,13813.951,
Contact STARLINK-31295 - STARLINK-4675,6869.383,7780.050,910.667,
Contact STARLINK-31295 - STARLINK-4675,21168.667,21923.933,755.265,
Contact STARLINK-31295 - STARLINK-4675,35494.071,36041.591,547.520,
Contact STARLINK-31295 - STARLINK-1788,32012.927,32509.508,496.581,
Contact STARLINK-31295 - STARLINK-1788,46086.563,46895.914,809.351,
Contact STARLINK-31295 - STARLINK-1788,57393.050,61213.475,3820.426,
Contact STARLINK-31295 - STARLINK-1788,71561.842,72647.028,1085.186,
Contact STARLINK-31295 - STARLINK-1788,85751.059,86400.000,648.941,
Contact STARLINK-31295 - STARLINK-1080,60725.787,61337.468,611.681,
Contact STARLINK-31295 - STARLINK-1080,71870.398,75831.157,3960.760,
Contact STARLINK-31295 - STARLINK-1080,85881.052,86400.000,518.948,
Contact STARLINK-31295 - STARLINK-31554,28772.434,29324.335,551.901,
Contact STARLINK-31295 - STARLINK-31554,42732.726,43497.096,764.369,
Contact STARLINK-31295 - STARLINK-31554,53928.302,57629.902,3701.600,
Contact STARLINK-31295 - STARLINK-31554,67945.661,68922.875,977.214,
Contact STARLINK-31295 - STARLINK-31554,79170.826,83024.757,3853.931,
Contact STARLINK-31295 - STARLINK-4383,0.000,6827.389,6827.389,
Contact STARLINK-31295 - STARLINK-4383,13839.864,21006.117,7166.253,
Contact STARLINK-31295 - STARLINK-4383,28280.733,29467.946,1187.213,
Contact STARLINK-31295 - STARLINK-4383,42860.255,43436.833,576.578,
Contact STARLINK-31295 - STARLINK-5713,0.000,11666.182,11666.182,
Contact STARLINK-31295 - STARLINK-1303,0.000,3692.559,3692.559,
Contact STARLINK-31295 - STARLINK-1303,14045.775,15053.904,1008.129,
Contact STARLINK-31295 - STARLINK-1303,28333.365,29230.556,897.191,
Contact STARLINK-31295 - STARLINK-1303,42644.645,43384.030,739.385,
Contact STARLINK-31295 - STARLINK-11265 [DTC],60863.124,61937.740,1074.616,
Contact STARLINK-31295 - STARLINK-11265 [DTC],69099.921,75928.653,6828.732,
Contact STARLINK-31295 - STARLINK-11265 [DTC],85935.834,86400.000,464.166,
Contact STARLINK-31295 - STARLINK-4612,71669.647,72227.185,557.538,
Contact STARLINK-31295 - STARLINK-4612,85741.883,86400.000,658.117,
Contact STARLINK-31295 - STARLINK-5831,3390.690,7341.508,3950.817,
Contact STARLINK-31295 - STARLINK-5831,17597.877,24456.055,6858.178,
Contact STARLINK-31295 - STARLINK-5831,31847.399,32990.567,1143.168,
Contact STARLINK-31295 - STARLINK-5831,46129.022,47192.385,1063.363,
Contact STARLINK-31295 - STARLINK-5831,57584.986,61348.763,3763.777,
Contact STARLINK-31295 - STARLINK-5831,71954.273,72638.858,684.585,
Contact STARLINK-31295 - STARLINK-31034,0.000,86400.000,86400.000,
Contact STARLINK-31295 - STARLINK-3815,0.000,3638.097,3638.097,
Contact STARLINK-31295 - STARLINK-3815,13990.128,14935.820,945.692,
Contact STARLINK-31295 - STARLINK-3815,28123.603,29053.730,930.128,
Contact STARLINK-31295 - STARLINK-3815,39427.947,40350.711,922.764,
Contact STARLINK-31295 - STARLINK-3815,53555.322,54475.313,919.991,
Contact STARLINK-31295 - STARLINK-3815,67690.110,68591.723,901.613,
Contact STARLINK-31295 - STARLINK-3815,78995.505,79887.543,892.038,
Contact STARLINK-31295 - STARLINK-31611,6426.647,7567.937,1141.290,
Contact STARLINK-31295 - STARLINK-31611,17733.859,18777.856,1043.997,
Contact STARLINK-31295 - STARLINK-31611,31895.892,32762.626,866.734,
Contact STARLINK-31295 - STARLINK-31611,57502.936,57820.389,317.453,
Contact STARLINK-31295 - MoonARTEMIS1,0.000,3410.076,3410.076,
Contact STARLINK-31295 - MoonARTEMIS1,4792.005,20628.613,15836.608,
Contact STARLINK-31295 - MoonARTEMIS1,21775.274,32069.697,10294.423,
Contact STARLINK-31295 - MoonARTEMIS1,33120.319,60594.914,27474.595,
Contact STARLINK-31295 - MoonARTEMIS1,61449.208,86400.000,24950.792,
Contact STARLINK-31295 - MoonARTEMIS2,0.000,20801.621,20801.621,
Contact STARLINK-31295 - MoonARTEMIS2,21742.433,32235.939,10493.506,
Contact STARLINK-31295 - MoonARTEMIS2,33060.792,59994.818,26934.027,
Contact STARLINK-31295 - MoonARTEMIS2,62667.393,86400.000,23732.607,
Contact STARLINK-31295 - MoonIOAGEO,0.000,3453.659,3453.659,
Contact STARLINK-31295 - MoonIOAGEO,4784.486,16223.874,11439.389,
Contact STARLINK-31295 - MoonIOAGEO,21785.026,32129.279,10344.253,
Contact STARLINK-31295 - MoonIOAGEO,33104.936,60106.014,27001.078,
Contact STARLINK-31295 - MoonIOAGEO,63989.577,86400.000,22410.423,
Contact STARLINK-31295 - MoonIOAGNO,0.000,3459.952,3459.952,
Contact STARLINK-31295 - MoonIOAGNO,4775.315,20644.949,15869.633,
Contact STARLINK-31295 - MoonIOAGNO,21718.203,32069.561,10351.358,
Contact STARLINK-31295 - MoonIOAGNO,33014.744,60807.347,27792.603,
Contact STARLINK-31295 - MoonIOAGNO,61342.627,86400.000,25057.373,
Contact STARLINK-31295 - MoonIOAGNO 0001,0.000,3476.405,3476.405,
Contact STARLINK-31295 - MoonIOAGNO 0001,4729.863,20599.915,15870.051,
Contact STARLINK-31295 - MoonIOAGNO 0001,21732.420,32073.747,10341.328,
Contact STARLINK-31295 - MoonIOAGNO 0001,33123.180,60759.417,27636.237,
Contact STARLINK-31295 - MoonIOAGNO 0001,61303.209,86400.000,25096.791,
Contact STARLINK-31295 - MoonIOAGSO,0.000,3463.934,3463.934,
Contact STARLINK-31295 - MoonIOAGSO,4799.182,20658.785,15859.604,
Contact STARLINK-31295 - MoonIOAGSO,21833.506,32065.964,10232.458,
Contact STARLINK-31295 - MoonIOAGSO,33176.463,60742.470,27566.007,
Contact STARLINK-31295 - MoonIOAGSO,61493.459,86400.000,24906.541,
Contact STARLINK-31295 - MoonIOAGSO 0001,0.000,3511.625,3511.625,
Contact STARLINK-31295 - MoonIOAGSO 0001,4846.160,20607.211,15761.051,
Contact STARLINK-31295 - MoonIOAGSO 0001,21812.047,32073.933,10261.886,
Contact STARLINK-31295 - MoonIOAGSO 0001,34252.894,60672.839,26419.945,
Contact STARLINK-31295 - MoonIOAGSO 0001,61506.581,86400.000,24893.419,
Contact STARLINK-31295 - MoonLRO,0.000,3483.902,3483.902,
Contact STARLINK-31295 - MoonLRO,4788.681,20645.582,15856.901,
Contact STARLINK-31295 - MoonLRO,21778.199,32063.054,10284.855,
Contact STARLINK-31295 - MoonLRO,33087.581,60753.608,27666.026,
Contact STARLINK-31295 - MoonLRO,61394.693,86400.000,25005.307,
Contact STARLINK-31295 - MarsSat1,1335.758,20980.962,19645.204,
Contact STARLINK-31295 - MarsSat1,21890.064,32333.236,10443.172,
Contact STARLINK-31295 - MarsSat1,33204.114,60718.167,27514.053,
Contact STARLINK-31295 - MarsSat1,61488.557,86400.000,24911.443,
Contact STARLINK-31295 - MarsSat2,0.000,20980.894,20980.894,
Contact STARLINK-31295 - MarsSat2,21889.562,32333.743,10444.181,
Contact STARLINK-31295 - MarsSat2,33203.430,60720.270,27516.840,
Contact STARLINK-31295 - MarsSat2,61487.810,86400.000,24912.190,
Contact STARLINK-31295 - MarsSat3,0.000,20980.418,20980.418,
Contact STARLINK-31295 - MarsSat3,21889.773,32333.211,10443.438,
Contact STARLINK-31295 - MarsSat3,33203.556,60719.154,27515.598,
Contact STARLINK-31295 - MarsSat3,61488.518,86400.000,24911.482,
Contact STARLINK-31295 - MarsSat4,0.000,20980.169,20980.169,
Contact STARLINK-31295 - MarsSat4,21890.292,32333.064,10442.773,
Contact STARLINK-31295 - MarsSat4,33204.074,60718.983,27514.908,
Contact STARLINK-31295 - MarsSat4,61488.083,86400.000,24911.917,
Contact STARLINK-31577 - STARLINK-5322,10430.714,10836.413,405.699,
Contact STARLINK-31577 - STARLINK-5322,35687.988,36479.610,791.622,
Contact STARLINK-31577 - STARLINK-5322,49830.508,50614.067,783.559,
Contact STARLINK-31577 - STARLINK-5322,75523.325,75820.668,297.342,
Contact STARLINK-31577 - STARLINK-2466,0.000,15637.780,15637.780,
Contact STARLINK-31577 - STARLINK-2704,13744.996,14840.744,1095.748,
Contact STARLINK-31577 - STARLINK-2704,24842.378,31858.263,7015.885,
Contact STARLINK-31577 - STARLINK-2704,38902.937,40254.914,1351.977,
Contact STARLINK-31577 - STARLINK-2704,50321.281,54043.106,3721.825,
Contact STARLINK-31577 - STARLINK-2643,68027.955,68684.560,656.605,
Contact STARLINK-31577 - STARLINK-2643,82022.750,82861.153,838.403,
Contact STARLINK-31577 - STARLINK-5807,0.000,31328.612,31328.612,
Contact STARLINK-31577 - STARLINK-3189,53455.686,54408.964,953.279,
Contact STARLINK-31577 - STARLINK-3189,61746.276,71495.402,9749.125,
Contact STARLINK-31577 - STARLINK-3189,78621.906,79904.674,1282.768,
Contact STARLINK-31577 - STARLINK-5494,48234.309,83156.743,34922.434,
Contact STARLINK-31577 - STARLINK-30421,0.000,68771.336,68771.336,
Contact STARLINK-31577 - STARLINK-4338,17840.337,18255.782,415.446,
Contact STARLINK-31577 - STARLINK-4338,57502.979,57735.390,232.411,
Contact STARLINK-31577 - STARLINK-32197,6585.169,7722.945,1137.776,
Contact STARLINK-31577 - STARLINK-32197,17776.493,24400.523,6624.030,
Contact STARLINK-31577 - STARLINK-32197,31800.100,32715.146,915.046,
Contact STARLINK-31577 - STARLINK-32197,43039.488,43790.248,750.760,
Contact STARLINK-31577 - STARLINK-2476,0.000,4585.257,4585.257,
Contact STARLINK-31577 - STARLINK-2105,0.000,393.634,393.634,
Contact STARLINK-31577 - STARLINK-6148,28389.529,35633.159,7243.630,
Contact STARLINK-31577 - STARLINK-6148,36577.963,49752.839,13174.876,
Contact STARLINK-31577 - STARLINK-6148,50706.164,57929.393,7223.228,
Contact STARLINK-31577 - STARLINK-5649,78645.678,79452.582,806.904,
Contact STARLINK-31577 - STARLINK-5197,78715.894,79328.337,612.442,
Contact STARLINK-31577 - STARLINK-2685,78694.131,86400.000,7705.869,
Contact STARLINK-31577 - STARLINK-31853,0.000,19.809,19.809,
Contact STARLINK-31577 - STARLINK-31853,10391.463,11193.416,801.953,
Contact STARLINK-31577 - STARLINK-31853,21521.005,22360.075,839.071,
Contact STARLINK-31577 - STARLINK-31853,35442.956,36308.013,865.057,
Contact STARLINK-31577 - STARLINK-31853,46586.566,47460.252,873.686,
Contact STARLINK-31577 - STARLINK-31853,60523.464,61393.170,869.706,
Contact STARLINK-31577 - STARLINK-31853,71680.773,72531.454,850.681,
Contact STARLINK-31577 - STARLINK-31853,85637.626,86400.000,762.374,
Contact STARLINK-31577 - STARLINK-4551,35513.454,36117.967,604.513,
Contact STARLINK-31577 - STARLINK-4551,46673.673,47488.525,814.852,
Contact STARLINK-31577 - STARLINK-4551,60711.530,61612.636,901.106,
Contact STARLINK-31577 - STARLINK-4551,74846.311,75639.027,792.716,
Contact STARLINK-31577 - STARLINK-4551,86229.387,86400.000,170.613,
Contact STARLINK-31577 - STARLINK-1578,60834.287,61690.531,856.245,
Contact STARLINK-31577 - STARLINK-1578,69182.809,75895.373,6712.564,
Contact STARLINK-31577 - STARLINK-1578,86056.903,86400.000,343.097,
Contact STARLINK-31577 - STARLINK-5535,0.000,6656.321,6656.321,
Contact STARLINK-31577 - STARLINK-5535,7714.566,15046.713,7332.147,
Contact STARLINK-31577 - STARLINK-5535,25139.182,25942.392,803.210,
Contact STARLINK-31577 - STARLINK-5289,82700.917,83380.752,679.835,
Contact STARLINK-31577 - STARLINK-1666,32011.403,32428.448,417.045,
Contact STARLINK-31577 - STARLINK-1666,43143.091,43844.594,701.503,
Contact STARLINK-31577 - STARLINK-1666,57159.092,58011.021,851.929,
Contact STARLINK-31577 - STARLINK-1666,71262.855,72089.517,826.662,
Contact STARLINK-31577 - STARLINK-1666,82606.972,83291.578,684.606,
Contact STARLINK-31577 - STARLINK-1293,58124.676,68242.834,10118.158,
Contact STARLINK-31577 - STARLINK-1293,69032.237,82250.022,13217.784,
Contact STARLINK-31577 - STARLINK-1293,83246.584,86400.000,3153.416,
Contact STARLINK-31577 - STARLINK-31345,10117.591,10912.025,794.434,
Contact STARLINK-31577 - STARLINK-31345,21295.257,22107.154,811.897,
Contact STARLINK-31577 - STARLINK-31345,35284.530,36083.553,799.023,
Contact STARLINK-31577 - STARLINK-31345,46491.122,47249.534,758.412,
Contact STARLINK-31577 - STARLINK-31345,71759.870,72319.156,559.286,
Contact STARLINK-31577 - STARLINK-31690,35669.533,36186.872,517.339,
Contact STARLINK-31577 - STARLINK-31690,46742.469,47410.939,668.470,
Contact STARLINK-31577 - STARLINK-31690,60606.623,61417.996,811.373,
Contact STARLINK-31577 - STARLINK-31690,71716.505,72604.642,888.137,
Contact STARLINK-31577 - STARLINK-31690,85622.273,86400.000,777.727,
Contact STARLINK-31577 - STARLINK-5239,0.000,175.019,175.019,
Contact STARLINK-31577 - STARLINK-1302,0.000,24466.109,24466.109,
Contact STARLINK-31577 - STARLINK-4675,3015.920,35616.344,32600.424,
Contact STARLINK-31577 - STARLINK-1788,53138.582,54610.404,1471.821,
Contact STARLINK-31577 - STARLINK-1788,61357.027,71710.590,10353.563,
Contact STARLINK-31577 - STARLINK-1788,72636.518,79963.049,7326.531,
Contact STARLINK-31577 - STARLINK-1080,53699.096,54457.829,758.733,
Contact STARLINK-31577 - STARLINK-1080,67628.090,68674.755,1046.665,
Contact STARLINK-31577 - STARLINK-1080,78882.670,79935.074,1052.404,
Contact STARLINK-31577 - STARLINK-31554,49539.554,50973.110,1433.556,
Contact STARLINK-31577 - STARLINK-31554,57695.301,68278.945,10583.644,
Contact STARLINK-31577 - STARLINK-31554,68420.521,86400.000,17979.479,
Contact STARLINK-31577 - STARLINK-4383,6759.196,7487.824,728.628,
Contact STARLINK-31577 - STARLINK-4383,20900.219,21608.513,708.294,
Contact STARLINK-31577 - STARLINK-4383,32224.179,32893.557,669.377,
Contact STARLINK-31577 - STARLINK-4383,46391.323,46987.131,595.807,
Contact STARLINK-31577 - STARLINK-4383,71906.838,72344.386,437.548,
Contact STARLINK-31577 - STARLINK-4383,86065.713,86400.000,334.287,
Contact STARLINK-31577 - STARLINK-5713,7053.654,7818.664,765.010,
Contact STARLINK-31577 - STARLINK-5713,21070.509,22013.779,943.269,
Contact STARLINK-31577 - STARLINK-5713,32379.725,36075.147,3695.422,
Contact STARLINK-31577 - STARLINK-5713,46654.155,47210.912,556.757,
Contact STARLINK-31577 - STARLINK-1303,49657.668,82154.075,32496.407,
Contact STARLINK-31577 - STARLINK-11265 [DTC],68136.046,68678.973,542.926,
Contact STARLINK-31577 - STARLINK-11265 [DTC],79022.039,79835.030,812.991,
Contact STARLINK-31577 - STARLINK-4612,64376.116,71347.009,6970.893,
Contact STARLINK-31577 - STARLINK-4612,72625.048,79889.952,7264.904,
Contact STARLINK-31577 - STARLINK-5831,28208.617,61094.439,32885.821,
Contact STARLINK-31577 - STARLINK-31034,6863.403,7370.326,506.923,
Contact STARLINK-31577 - STARLINK-31034,17974.118,18638.253,664.136,
Contact STARLINK-31577 - STARLINK-31034,31902.106,32683.284,781.178,
Contact STARLINK-31577 - STARLINK-31034,43062.873,43900.389,837.516,
Contact STARLINK-31577 - STARLINK-31034,57035.145,57899.948,864.803,
Contact STARLINK-31577 - STARLINK-31034,68234.398,69078.197,843.799,
Contact STARLINK-31577 - STARLINK-31034,82260.823,83023.789,762.966,
Contact STARLINK-31577 - STARLINK-31611,64737.115,65398.082,660.967,
Contact STARLINK-31577 - STARLINK-31611,78433.850,79580.170,1146.320,
Contact STARLINK-31577 - MoonARTEMIS1,1652.932,5053.988,3401.056,
Contact STARLINK-31577 - MoonARTEMIS1,12791.186,16200.316,3409.130,
Contact STARLINK-31577 - MoonARTEMIS1,18366.686,27353.290,8986.604,
Contact STARLINK-31577 - MoonARTEMIS1,31125.910,38474.253,7348.344,
Contact STARLINK-31577 - MoonARTEMIS1,40621.547,49597.421,8975.875,
Contact STARLINK-31577 - MoonARTEMIS1,51741.699,60723.486,8981.787,
Contact STARLINK-31577 - MoonARTEMIS1,62864.935,66287.681,3422.745,
Contact STARLINK-31577 - MoonARTEMIS1,73991.471,77418.683,3427.211,
Contact STARLINK-31577 - MoonARTEMIS1,79556.142,86400.000,6843.858,
Contact STARLINK-31577 - MoonARTEMIS2,1726.645,5130.050,3403.405,
Contact STARLINK-31577 - MoonARTEMIS2,12855.836,16261.630,3405.794,
Contact STARLINK-31577 - MoonARTEMIS2,18419.286,27389.877,8970.591,
Contact STARLINK-31577 - MoonARTEMIS2,29543.589,38513.999,8970.411,
Contact STARLINK-31577 - MoonARTEMIS2,40663.516,49632.072,8968.556,
Contact STARLINK-31577 - MoonARTEMIS2,51776.480,59995.114,8218.635,
Contact STARLINK-31577 - MoonARTEMIS2,62899.533,66334.589,3435.056,
Contact STARLINK-31577 - MoonARTEMIS2,74053.047,77489.601,3436.553,
Contact STARLINK-31577 - MoonARTEMIS2,79626.370,86400.000,6773.630,
Contact STARLINK-31577 - MoonIOAGEO,1673.014,5068.678,3395.664,
Contact STARLINK-31577 - MoonIOAGEO,12800.809,16109.600,3308.792,
Contact STARLINK-31577 - MoonIOAGEO,20037.087,27363.384,7326.297,
Contact STARLINK-31577 - MoonIOAGEO,29517.883,38487.389,8969.506,
Contact STARLINK-31577 - MoonIOAGEO,40635.328,49603.764,8968.436,
Contact STARLINK-31577 - MoonIOAGEO,51752.337,60110.161,8357.824,
Contact STARLINK-31577 - MoonIOAGEO,64099.001,66329.858,2230.857,
Contact STARLINK-31577 - MoonIOAGEO,74042.188,77469.947,3427.759,
Contact STARLINK-31577 - MoonIOAGEO,79603.584,86400.000,6796.416,
Contact STARLINK-31577 - MoonIOAGNO,1675.651,5074.291,3398.640,
Contact STARLINK-31577 - MoonIOAGNO,12813.769,16220.962,3407.193,
Contact STARLINK-31577 - MoonIOAGNO,18382.716,27347.582,8964.866,
Contact STARLINK-31577 - MoonIOAGNO,29507.811,38474.393,8966.582,
Contact STARLINK-31577 - MoonIOAGNO,40630.366,49609.876,8979.510,
Contact STARLINK-31577 - MoonIOAGNO,51759.794,60759.024,8999.230,
Contact STARLINK-31577 - MoonIOAGNO,62904.947,66322.040,3417.093,
Contact STARLINK-31577 - MoonIOAGNO,74029.481,77447.799,3418.318,
Contact STARLINK-31577 - MoonIOAGNO,79590.900,86400.000,6809.100,
Contact STARLINK-31577 - MoonIOAGNO 0001,1687.384,5081.556,3394.172,
Contact STARLINK-31577 - MoonIOAGNO 0001,12810.352,16207.872,3397.520,
Contact STARLINK-31577 - MoonIOAGNO 0001,18371.507,27341.021,8969.514,
Contact STARLINK-31577 - MoonIOAGNO 0001,29498.737,38489.229,8990.491,
Contact STARLINK-31577 - MoonIOAGNO 0001,40643.078,49615.301,8972.223,
Contact STARLINK-31577 - MoonIOAGNO 0001,51767.864,60742.667,8974.803,
Contact STARLINK-31577 - MoonIOAGNO 0001,62890.809,66309.238,3418.430,
Contact STARLINK-31577 - MoonIOAGNO 0001,74023.050,77462.638,3439.588,
Contact STARLINK-31577 - MoonIOAGNO 0001,79601.843,86400.000,6798.157,
Contact STARLINK-31577 - MoonIOAGSO,1669.688,5071.965,3402.277,
Contact STARLINK-31577 - MoonIOAGSO,12815.035,16223.514,3408.479,
Contact STARLINK-31577 - MoonIOAGSO,18379.075,27352.059,8972.984,
Contact STARLINK-31577 - MoonIOAGSO,29500.530,38478.200,8977.670,
Contact STARLINK-31577 - MoonIOAGSO,40625.286,49609.763,8984.477,
Contact STARLINK-31577 - MoonIOAGSO,51760.882,60762.995,9002.113,
Contact STARLINK-31577 - MoonIOAGSO,62900.974,66329.836,3428.862,
Contact STARLINK-31577 - MoonIOAGSO,74025.424,77458.489,3433.065,
Contact STARLINK-31577 - MoonIOAGSO,79588.288,86400.000,6811.712,
Contact STARLINK-31577 - MoonIOAGSO 0001,1680.650,5083.656,3403.006,
Contact STARLINK-31577 - MoonIOAGSO 0001,12801.867,16208.799,3406.932,
Contact STARLINK-31577 - MoonIOAGSO 0001,18364.458,27339.967,8975.510,
Contact STARLINK-31577 - MoonIOAGSO 0001,29498.907,38492.319,8993.412,
Contact STARLINK-31577 - MoonIOAGSO 0001,40639.121,49622.424,8983.303,
Contact STARLINK-31577 - MoonIOAGSO 0001,51762.038,60749.418,8987.380,
Contact STARLINK-31577 - MoonIOAGSO 0001,62887.864,66313.811,3425.947,
Contact STARLINK-31577 - MoonIOAGSO 0001,74024.604,76343.104,2318.501,
Contact STARLINK-31577 - MoonIOAGSO 0001,79599.818,86400.000,6800.182,
Contact STARLINK-31577 - MoonLRO,1683.710,5078.737,3395.027,
Contact STARLINK-31577 - MoonLRO,12811.069,16215.780,3404.711,
Contact STARLINK-31577 - MoonLRO,18371.318,27352.210,8980.892,
Contact STARLINK-31577 - MoonLRO,29505.723,38479.129,8973.405,
Contact STARLINK-31577 - MoonLRO,40637.671,49621.807,8984.136,
Contact STARLINK-31577 - MoonLRO,51761.155,60753.361,8992.206,
Contact STARLINK-31577 - MoonLRO,62900.457,66317.026,3416.570,
Contact STARLINK-31577 - MoonLRO,74027.729,77458.970,3431.241,
Contact STARLINK-31577 - MoonLRO,79589.751,86400.000,6810.249,
Contact STARLINK-31577 - MarsSat1,1771.118,5223.675,3452.557,
Contact STARLINK-31577 - MarsSat1,12878.828,16332.273,3453.445,
Contact STARLINK-31577 - MarsSat1,18432.635,27440.711,9008.076,
Contact STARLINK-31577 - MarsSat1,29540.134,38548.984,9008.850,
Contact STARLINK-31577 - MarsSat1,40647.495,49657.136,9009.641,
Contact STARLINK-31577 - MarsSat1,51754.768,60765.230,9010.461,
Contact STARLINK-31577 - MarsSat1,62862.019,66319.270,3457.251,
Contact STARLINK-31577 - MarsSat1,73969.286,77427.348,3458.062,
Contact STARLINK-31577 - MarsSat1,79522.924,86400.000,6877.076,
Contact STARLINK-31577 - MarsSat2,1771.000,5223.543,3452.544,
Contact STARLINK-31577 - MarsSat2,12878.739,16332.168,3453.429,
Contact STARLINK-31577 - MarsSat2,18432.585,27440.704,9008.119,
Contact STARLINK-31577 - MarsSat2,29540.202,38549.129,9008.927,
Contact STARLINK-31577 - MarsSat2,40647.717,49657.444,9009.727,
Contact STARLINK-31577 - MarsSat2,51755.139,60765.651,9010.512,
Contact STARLINK-31577 - MarsSat2,62862.472,66319.715,3457.243,
Contact STARLINK-31577 - MarsSat2,73969.721,77427.763,3458.043,
Contact STARLINK-31577 - MarsSat2,79523.314,86400.000,6876.686,
Contact STARLINK-31577 - MarsSat3,1771.028,5223.579,3452.550,
Contact STARLINK-31577 - MarsSat3,12878.652,16332.087,3453.435,
Contact STARLINK-31577 - MarsSat3,18432.474,27440.583,9008.109,
Contact STARLINK-31577 - MarsSat3,29540.077,38548.994,9008.917,
Contact STARLINK-31577 - MarsSat3,40647.573,49657.291,9009.717,
Contact STARLINK-31577 - MarsSat3,51754.959,60765.468,9010.509,
Contact STARLINK-31577 - MarsSat3,62862.244,66319.512,3457.267,
Contact STARLINK-31577 - MarsSat3,73969.438,77427.510,3458.072,
Contact STARLINK-31577 - MarsSat3,79523.005,86400.000,6876.995,
Contact STARLINK-31577 - MarsSat4,1771.162,5223.699,3452.537,
Contact STARLINK-31577 - MarsSat4,12878.713,16332.142,3453.429,
Contact STARLINK-31577 - MarsSat4,18432.451,27440.570,9008.119,
Contact STARLINK-31577 - MarsSat4,29540.052,38548.998,9008.946,
Contact STARLINK-31577 - MarsSat4,40647.503,49657.178,9009.675,
Contact STARLINK-31577 - MarsSat4,51754.798,60765.368,9010.569,
Contact STARLINK-31577 - MarsSat4,62862.211,66319.481,3457.270,
Contact STARLINK-31577 - MarsSat4,73969.448,77427.493,3458.045,
Contact STARLINK-31577 - MarsSat4,79522.999,86400.000,6877.001,
Contact STARLINK-31128 - STARLINK-2466,80034.304,86400.000,6365.696,
Contact STARLINK-31128 - STARLINK-2643,6670.822,7550.601,879.779,
Contact STARLINK-31128 - STARLINK-2643,20947.636,21723.094,775.458,
Contact STARLINK-31128 - STARLINK-2643,32381.837,33048.503,666.666,
Contact STARLINK-31128 - STARLINK-2643,46698.374,47181.649,483.274,
Contact STARLINK-31128 - STARLINK-5807,86324.672,86400.000,75.328,
Contact STARLINK-31128 - STARLINK-2367,39319.526,39711.536,392.010,
Contact STARLINK-31128 - STARLINK-2367,53409.329,54031.273,621.944,
Contact STARLINK-31128 - STARLINK-2367,64712.526,65455.603,743.077,
Contact STARLINK-31128 - STARLINK-2367,78862.628,79714.757,852.129,
Contact STARLINK-31128 - STARLINK-4560,0.000,6628.197,6628.197,
Contact STARLINK-31128 - STARLINK-4560,13802.334,20842.320,7039.987,
Contact STARLINK-31128 - STARLINK-4560,28196.578,29328.905,1132.327,
Contact STARLINK-31128 - STARLINK-4560,42681.424,43392.385,710.961,
Contact STARLINK-31128 - STARLINK-31784,78355.711,82366.868,4011.157,
Contact STARLINK-31128 - STARLINK-31784,83686.020,86400.000,2713.980,
Contact STARLINK-31128 - STARLINK-4338,10153.733,10993.691,839.958,
Contact STARLINK-31128 - STARLINK-4338,21540.491,25306.296,3765.805,
Contact STARLINK-31128 - STARLINK-4338,35790.308,36736.617,946.309,
Contact STARLINK-31128 - STARLINK-4338,50072.116,50998.623,926.508,
Contact STARLINK-31128 - STARLINK-4338,64371.423,65243.937,872.515,
Contact STARLINK-31128 - STARLINK-4338,78709.984,79449.961,739.977,
Contact STARLINK-31128 - STARLINK-2476,46241.642,86400.000,40158.358,
Contact STARLINK-31128 - STARLINK-31536,0.000,86400.000,86400.000,
Contact STARLINK-31128 - STARLINK-11199 [DTC],0.000,746.764,746.764,
Contact STARLINK-31128 - STARLINK-11199 [DTC],13617.413,14786.419,1169.006,
Contact STARLINK-31128 - STARLINK-11199 [DTC],24824.736,25881.878,1057.142,
Contact STARLINK-31128 - STARLINK-5849,25049.135,25811.058,761.923,
Contact STARLINK-31128 - STARLINK-5849,39271.942,40139.237,867.296,
Contact STARLINK-31128 - STARLINK-5849,53514.739,54447.062,932.323,
Contact STARLINK-31128 - STARLINK-5849,67793.703,68718.897,925.194,
Contact STARLINK-31128 - STARLINK-5849,82091.270,82971.611,880.341,
Contact STARLINK-31128 - STARLINK-5649,0.000,3996.789,3996.789,
Contact STARLINK-31128 - STARLINK-5649,14279.285,18192.327,3913.042,
Contact STARLINK-31128 - STARLINK-5649,28611.297,29520.492,909.196,
Contact STARLINK-31128 - STARLINK-5649,42993.363,43633.204,639.841,
Contact STARLINK-31128 - STARLINK-5197,3152.062,4114.923,962.861,
Contact STARLINK-31128 - STARLINK-5197,17397.049,18312.065,915.016,
Contact STARLINK-31128 - STARLINK-5197,31654.297,32496.948,842.651,
Contact STARLINK-31128 - STARLINK-5197,43071.692,43833.402,761.710,
Contact STARLINK-31128 - STARLINK-5197,57361.059,57986.485,625.426,
Contact STARLINK-31128 - STARLINK-5197,71680.111,72110.036,429.925,
Contact STARLINK-31128 - STARLINK-30100,32279.512,33007.918,728.406,
Contact STARLINK-31128 - STARLINK-30100,46209.599,53363.658,7154.059,
Contact STARLINK-31128 - STARLINK-30100,54644.721,67749.830,13105.109,
Contact STARLINK-31128 - STARLINK-30100,68753.437,79186.763,10433.326,
Contact STARLINK-31128 - STARLINK-30100,82986.080,86400.000,3413.920,
Contact STARLINK-31128 - STARLINK-11101 [DTC],0.000,17249.875,17249.875,
Contact STARLINK-31128 - STARLINK-2685,0.000,529.802,529.802,
Contact STARLINK-31128 - STARLINK-4254,0.000,57401.625,57401.625,
Contact STARLINK-31128 - STARLINK-4254,57798.384,71284.160,13485.776,
Contact STARLINK-31128 - STARLINK-4254,72399.512,79611.770,7212.257,
Contact STARLINK-31128 - STARLINK-5535,60949.392,61272.553,323.161,
Contact STARLINK-31128 - STARLINK-5535,75033.475,75735.803,702.328,
Contact STARLINK-31128 - STARLINK-5535,86373.469,86400.000,26.531,
Contact STARLINK-31128 - STARLINK-3525,2974.213,3777.768,803.555,
Contact STARLINK-31128 - STARLINK-3525,14315.460,18030.047,3714.586,
Contact STARLINK-31128 - STARLINK-3525,28503.059,29423.779,920.719,
Contact STARLINK-31128 - STARLINK-3525,42700.778,43656.162,955.384,
Contact STARLINK-31128 - STARLINK-3525,56909.830,57877.421,967.591,
Contact STARLINK-31128 - STARLINK-3525,68284.438,72088.265,3803.827,
Contact STARLINK-31128 - STARLINK-3525,82512.271,83449.215,936.943,
Contact STARLINK-31128 - STARLINK-5289,7038.034,10991.876,3953.842,
Contact STARLINK-31128 - STARLINK-5289,21315.916,25261.173,3945.256,
Contact STARLINK-31128 - STARLINK-5289,35632.150,36638.545,1006.395,
Contact STARLINK-31128 - STARLINK-5289,50014.555,50805.489,790.934,
Contact STARLINK-31128 - STARLINK-5289,64481.598,64887.954,406.356,
Contact STARLINK-31128 - STARLINK-1276,0.000,48240.789,48240.789,
Contact STARLINK-31128 - STARLINK-5837,10231.522,11267.165,1035.643,
Contact STARLINK-31128 - STARLINK-5837,24558.076,25488.810,930.734,
Contact STARLINK-31128 - STARLINK-5837,38935.600,39658.786,723.186,
Contact STARLINK-31128 - STARLINK-31852,6911.102,7351.309,440.206,
Contact STARLINK-31128 - STARLINK-31852,32071.825,32841.266,769.441,
Contact STARLINK-31128 - STARLINK-31852,46086.435,46965.642,879.207,
Contact STARLINK-31128 - STARLINK-31852,57311.376,58251.798,940.422,
Contact STARLINK-31128 - STARLINK-31852,71357.204,72344.800,987.596,
Contact STARLINK-31128 - STARLINK-31852,82603.915,86400.000,3796.085,
Contact STARLINK-31128 - STARLINK-5058,2912.989,3859.067,946.078,
Contact STARLINK-31128 - STARLINK-5058,14265.771,18158.156,3892.385,
Contact STARLINK-31128 - STARLINK-5058,28487.137,35273.979,6786.842,
Contact STARLINK-31128 - STARLINK-5058,42739.356,43814.943,1075.587,
Contact STARLINK-31128 - STARLINK-5058,57025.359,58022.794,997.435,
Contact STARLINK-31128 - STARLINK-5058,71345.384,72196.877,851.493,
Contact STARLINK-31128 - STARLINK-5239,57319.721,57665.952,346.231,
Contact STARLINK-31128 - STARLINK-5239,71415.732,72019.335,603.602,
Contact STARLINK-31128 - STARLINK-5239,82726.280,83468.281,742.000,
Contact STARLINK-31128 - STARLINK-6135,0.000,3445.724,3445.724,
Contact STARLINK-31128 - STARLINK-6135,4372.595,60608.993,56236.398,
Contact STARLINK-31128 - STARLINK-6135,61245.838,71655.869,10410.031,
Contact STARLINK-31128 - STARLINK-6135,78933.879,79890.580,956.701,
Contact STARLINK-31128 - STARLINK-4356,10699.264,11425.836,726.572,
Contact STARLINK-31128 - STARLINK-4356,24944.041,25719.128,775.087,
Contact STARLINK-31128 - STARLINK-4356,39205.606,39996.493,790.887,
Contact STARLINK-31128 - STARLINK-4356,53468.643,54271.323,802.680,
Contact STARLINK-31128 - STARLINK-4356,67745.829,68532.928,787.099,
Contact STARLINK-31128 - STARLINK-4356,79170.287,79939.120,768.833,
Contact STARLINK-31128 - STARLINK-4383,10667.354,11079.817,412.463,
Contact STARLINK-31128 - STARLINK-4383,24961.786,25326.574,364.788,
Contact STARLINK-31128 - STARLINK-30052,20968.087,21675.840,707.753,
Contact STARLINK-31128 - STARLINK-30052,32110.609,39118.148,7007.539,
Contact STARLINK-31128 - STARLINK-30052,46147.718,53536.285,7388.566,
Contact STARLINK-31128 - STARLINK-30052,54622.788,67840.217,13217.428,
Contact STARLINK-31128 - STARLINK-30052,68806.161,82049.491,13243.330,
Contact STARLINK-31128 - STARLINK-30052,83113.991,86400.000,3286.009,
Contact STARLINK-31128 - STARLINK-11265 [DTC],0.000,422.652,422.652,
Contact STARLINK-31128 - MoonARTEMIS1,0.000,1507.778,1507.778,
Contact STARLINK-31128 - MoonARTEMIS1,9351.280,12866.430,3515.150,
Contact STARLINK-31128 - MoonARTEMIS1,15034.631,24244.354,9209.723,
Contact STARLINK-31128 - MoonARTEMIS1,26409.525,35585.375,9175.850,
Contact STARLINK-31128 - MoonARTEMIS1,37748.554,41254.968,3506.414,
Contact STARLINK-31128 - MoonARTEMIS1,43418.346,52595.297,9176.951,
Contact STARLINK-31128 - MoonARTEMIS1,54759.574,63937.542,9177.968,
Contact STARLINK-31128 - MoonARTEMIS1,66103.181,75282.065,9178.883,
Contact STARLINK-31128 - MoonARTEMIS1,77449.477,80955.349,3505.871,
Contact STARLINK-31128 - MoonARTEMIS1,83123.810,86400.000,3276.190,
Contact STARLINK-31128 - MoonARTEMIS2,0.000,1578.173,1578.173,
Contact STARLINK-31128 - MoonARTEMIS2,3746.079,12926.785,9180.706,
Contact STARLINK-31128 - MoonARTEMIS2,15095.160,24272.062,9176.901,
Contact STARLINK-31128 - MoonARTEMIS2,26440.649,35613.715,9173.066,
Contact STARLINK-31128 - MoonARTEMIS2,37782.083,41282.934,3500.852,
Contact STARLINK-31128 - MoonARTEMIS2,43450.921,52617.035,9166.115,
Contact STARLINK-31128 - MoonARTEMIS2,54783.166,58282.976,3499.810,
Contact STARLINK-31128 - MoonARTEMIS2,66144.608,75337.544,9192.936,
Contact STARLINK-31128 - MoonARTEMIS2,77511.312,81017.358,3506.046,
Contact STARLINK-31128 - MoonARTEMIS2,83191.376,86400.000,3208.624,
Contact STARLINK-31128 - MoonIOAGEO,0.000,1524.848,1524.848,
Contact STARLINK-31128 - MoonIOAGEO,9362.340,12877.424,3515.084,
Contact STARLINK-31128 - MoonIOAGEO,20733.448,24248.858,3515.410,
Contact STARLINK-31128 - MoonIOAGEO,26417.556,35596.056,9178.500,
Contact STARLINK-31128 - MoonIOAGEO,37760.315,41259.955,3499.641,
Contact STARLINK-31128 - MoonIOAGEO,43424.215,52599.388,9175.173,
Contact STARLINK-31128 - MoonIOAGEO,54769.406,58281.292,3511.887,
Contact STARLINK-31128 - MoonIOAGEO,66140.373,75325.201,9184.827,
Contact STARLINK-31128 - MoonIOAGEO,77494.659,80992.103,3497.444,
Contact STARLINK-31128 - MoonIOAGEO,83159.962,86400.000,3240.038,
Contact STARLINK-31128 - MoonIOAGNO,0.000,1520.860,1520.860,
Contact STARLINK-31128 - MoonIOAGNO,3688.635,12892.038,9203.403,
Contact STARLINK-31128 - MoonIOAGNO,15056.438,24227.107,9170.669,
Contact STARLINK-31128 - MoonIOAGNO,26394.407,35569.442,9175.035,
Contact STARLINK-31128 - MoonIOAGNO,37738.837,41244.962,3506.124,
Contact STARLINK-31128 - MoonIOAGNO,43415.215,52612.332,9197.117,
Contact STARLINK-31128 - MoonIOAGNO,54786.496,63957.515,9171.018,
Contact STARLINK-31128 - MoonIOAGNO,66126.863,75294.935,9168.072,
Contact STARLINK-31128 - MoonIOAGNO,77466.852,80967.590,3500.738,
Contact STARLINK-31128 - MoonIOAGNO,83140.505,86400.000,3259.495,
Contact STARLINK-31128 - MoonIOAGNO 0001,0.000,1526.470,1526.470,
Contact STARLINK-31128 - MoonIOAGNO 0001,9363.365,12868.795,3505.431,
Contact STARLINK-31128 - MoonIOAGNO 0001,15036.622,24223.253,9186.631,
Contact STARLINK-31128 - MoonIOAGNO 0001,26392.837,35592.599,9199.762,
Contact STARLINK-31128 - MoonIOAGNO 0001,37758.462,41259.112,3500.650,
Contact STARLINK-31128 - MoonIOAGNO 0001,43426.545,52596.502,9169.956,
Contact STARLINK-31128 - MoonIOAGNO 0001,54766.688,63944.837,9178.149,
Contact STARLINK-31128 - MoonIOAGNO 0001,66117.008,75314.729,9197.720,
Contact STARLINK-31128 - MoonIOAGNO 0001,77489.011,80988.994,3499.983,
Contact STARLINK-31128 - MoonIOAGNO 0001,83158.665,86400.000,3241.335,
Contact STARLINK-31128 - MoonIOAGSO,0.000,1530.189,1530.189,
Contact STARLINK-31128 - MoonIOAGSO,3692.324,12891.147,9198.823,
Contact STARLINK-31128 - MoonIOAGSO,15061.873,24252.261,9190.387,
Contact STARLINK-31128 - MoonIOAGSO,26415.471,35594.718,9179.247,
Contact STARLINK-31128 - MoonIOAGSO,37757.805,41263.671,3505.866,
Contact STARLINK-31128 - MoonIOAGSO,43427.838,52606.024,9178.187,
Contact STARLINK-31128 - MoonIOAGSO,56002.971,63978.257,7975.285,
Contact STARLINK-31128 - MoonIOAGSO,66146.794,75324.200,9177.406,
Contact STARLINK-31128 - MoonIOAGSO,77491.438,80993.534,3502.096,
Contact STARLINK-31128 - MoonIOAGSO,83161.183,86400.000,3238.817,
Contact STARLINK-31128 - MoonIOAGSO 0001,0.000,1550.102,1550.102,
Contact STARLINK-31128 - MoonIOAGSO 0001,3711.549,12893.361,9181.812,
Contact STARLINK-31128 - MoonIOAGSO 0001,15054.350,24231.998,9177.648,
Contact STARLINK-31128 - MoonIOAGSO 0001,26396.166,35595.297,9199.131,
Contact STARLINK-31128 - MoonIOAGSO 0001,37766.250,41277.947,3511.697,
Contact STARLINK-31128 - MoonIOAGSO 0001,43444.611,52625.007,9180.396,
Contact STARLINK-31128 - MoonIOAGSO 0001,54789.955,63963.267,9173.312,
Contact STARLINK-31128 - MoonIOAGSO 0001,66129.697,75307.243,9177.546,
Contact STARLINK-31128 - MoonIOAGSO 0001,77801.092,80998.035,3196.943,
Contact STARLINK-31128 - MoonIOAGSO 0001,83171.060,86400.000,3228.940,
Contact STARLINK-31128 - MoonLRO,0.000,1539.846,1539.846,
Contact STARLINK-31128 - MoonLRO,3698.122,12884.227,9186.106,
Contact STARLINK-31128 - MoonLRO,15056.608,24235.623,9179.015,
Contact STARLINK-31128 - MoonLRO,26401.560,35592.085,9190.525,
Contact STARLINK-31128 - MoonLRO,37753.470,41264.379,3510.909,
Contact STARLINK-31128 - MoonLRO,43433.473,52608.755,9175.282,
Contact STARLINK-31128 - MoonLRO,54783.285,63965.647,9182.361,
Contact STARLINK-31128 - MoonLRO,66128.354,75313.009,9184.655,
Contact STARLINK-31128 - MoonLRO,77485.938,80983.490,3497.552,
Contact STARLINK-31128 - MoonLRO,83162.084,86400.000,3237.916,
Contact STARLINK-31128 - MarsSat1,3828.725,13025.549,9196.824,
Contact STARLINK-31128 - MarsSat1,15152.867,24349.011,9196.144,
Contact STARLINK-31128 - MarsSat1,26476.914,35672.374,9195.460,
Contact STARLINK-31128 - MarsSat1,37800.858,41334.023,3533.165,
Contact STARLINK-31128 - MarsSat1,43462.800,52657.286,9194.486,
Contact STARLINK-31128 - MarsSat1,54786.658,63980.542,9193.884,
Contact STARLINK-31128 - MarsSat1,66110.524,75303.820,9193.296,
Contact STARLINK-31128 - MarsSat1,77434.421,80965.467,3531.046,
Contact STARLINK-31128 - MarsSat1,83096.378,86400.000,3303.622,
Contact STARLINK-31128 - MarsSat2,0.000,1701.919,1701.919,
Contact STARLINK-31128 - MarsSat2,3828.612,13025.411,9196.798,
Contact STARLINK-31128 - MarsSat2,15152.737,24348.912,9196.175,
Contact STARLINK-31128 - MarsSat2,26476.851,35672.378,9195.527,
Contact STARLINK-31128 - MarsSat2,37800.920,41334.093,3533.173,
Contact STARLINK-31128 - MarsSat2,43462.935,52657.488,9194.552,
Contact STARLINK-31128 - MarsSat2,54786.928,63980.834,9193.906,
Contact STARLINK-31128 - MarsSat2,66110.871,75304.133,9193.262,
Contact STARLINK-31128 - MarsSat2,77434.763,80965.764,3531.001,
Contact STARLINK-31128 - MarsSat2,83096.690,86400.000,3303.310,
Contact STARLINK-31128 - MarsSat3,0.000,1702.042,1702.042,
Contact STARLINK-31128 - MarsSat3,3828.703,13025.423,9196.719,
Contact STARLINK-31128 - MarsSat3,15152.705,24348.837,9196.131,
Contact STARLINK-31128 - MarsSat3,26476.756,35672.285,9195.529,
Contact STARLINK-31128 - MarsSat3,37800.814,41334.003,3533.189,
Contact STARLINK-31128 - MarsSat3,43462.829,52657.405,9194.575,
Contact STARLINK-31128 - MarsSat3,54786.819,63980.748,9193.928,
Contact STARLINK-31128 - MarsSat3,66110.746,75304.020,9193.274,
Contact STARLINK-31128 - MarsSat3,77434.602,80965.626,3531.025,
Contact STARLINK-31128 - MarsSat3,83096.500,86400.000,3303.500,
Contact STARLINK-31128 - MarsSat4,0.000,1702.056,1702.056,
Contact STARLINK-31128 - MarsSat4,3828.774,13025.543,9196.769,
Contact STARLINK-31128 - MarsSat4,15152.807,24348.862,9196.055,
Contact STARLINK-31128 - MarsSat4,26476.765,35672.370,9195.605,
Contact STARLINK-31128 - MarsSat4,37800.875,41334.074,3533.199,
Contact STARLINK-31128 - MarsSat4,43462.854,52657.326,9194.472,
Contact STARLINK-31128 - MarsSat4,54786.692,63980.661,9193.969,
Contact STARLINK-31128 - MarsSat4,66110.691,75303.990,9193.299,
Contact STARLINK-31128 - MarsSat4,77434.571,80965.573,3531.001,
Contact STARLINK-31128 - MarsSat4,83096.439,86400.000,3303.561,
Contact STARLINK-5322 - STARLINK-2704,49820.674,50648.626,827.952,
Contact STARLINK-5322 - STARLINK-2704,61158.861,65124.623,3965.762,
Contact STARLINK-5322 - STARLINK-2704,75385.947,79570.102,4184.155,
Contact STARLINK-5322 - STARLINK-5807,10228.109,10903.192,675.083,
Contact STARLINK-5322 - STARLINK-5807,24644.700,25320.202,675.502,
Contact STARLINK-5322 - STARLINK-5807,39061.253,39736.638,675.386,
Contact STARLINK-5322 - STARLINK-5807,53477.841,54153.636,675.794,
Contact STARLINK-5322 - STARLINK-5807,67894.382,68570.070,675.688,
Contact STARLINK-5322 - STARLINK-5807,82310.968,82987.056,676.088,
Contact STARLINK-5322 - STARLINK-2367,0.000,340.788,340.788,
Contact STARLINK-5322 - STARLINK-2367,14149.627,14764.216,614.590,
Contact STARLINK-5322 - STARLINK-2367,28446.783,29152.350,705.566,
Contact STARLINK-5322 - STARLINK-2367,42741.697,43543.075,801.378,
Contact STARLINK-5322 - STARLINK-2367,57059.156,57910.725,851.568,
Contact STARLINK-5322 - STARLINK-2367,71373.168,72281.916,908.747,
Contact STARLINK-5322 - STARLINK-2367,85706.732,86400.000,693.268,
Contact STARLINK-5322 - STARLINK-31784,3084.855,4154.989,1070.134,
Contact STARLINK-5322 - STARLINK-5494,3284.504,4119.914,835.411,
Contact STARLINK-5322 - STARLINK-5494,17707.901,18532.859,824.958,
Contact STARLINK-5322 - STARLINK-5494,32121.015,32957.351,836.336,
Contact STARLINK-5322 - STARLINK-5494,46544.389,47370.315,825.927,
Contact STARLINK-5322 - STARLINK-5494,60957.526,61794.776,837.250,
Contact STARLINK-5322 - STARLINK-5494,75380.875,76207.759,826.883,
Contact STARLINK-5322 - STARLINK-30421,10237.213,10969.777,732.564,
Contact STARLINK-5322 - STARLINK-30421,24443.868,25241.195,797.327,
Contact STARLINK-5322 - STARLINK-30421,35827.594,36640.090,812.495,
Contact STARLINK-5322 - STARLINK-30421,50078.651,50867.999,789.349,
Contact STARLINK-5322 - STARLINK-30421,64354.885,65069.620,714.735,
Contact STARLINK-5322 - STARLINK-30421,78654.042,79250.156,596.114,
Contact STARLINK-5322 - STARLINK-32197,0.000,203.482,203.482,
Contact STARLINK-5322 - STARLINK-32197,10636.108,14419.235,3783.127,
Contact STARLINK-5322 - STARLINK-32197,24909.152,25734.237,825.085,
Contact STARLINK-5322 - STARLINK-32197,39288.924,39787.351,498.427,
Contact STARLINK-5322 - STARLINK-6148,7161.988,7706.462,544.474,
Contact STARLINK-5322 - STARLINK-6148,21577.455,22062.146,484.691,
Contact STARLINK-5322 - STARLINK-6148,35986.638,36423.097,436.460,
Contact STARLINK-5322 - STARLINK-11199 [DTC],42658.898,43242.241,583.343,
Contact STARLINK-5322 - STARLINK-11199 [DTC],53838.549,54585.651,747.103,
Contact STARLINK-5322 - STARLINK-11199 [DTC],67913.470,68663.963,750.493,
Contact STARLINK-5322 - STARLINK-5849,0.000,613.153,613.153,
Contact STARLINK-5322 - STARLINK-5849,14267.619,15036.492,768.874,
Contact STARLINK-5322 - STARLINK-5849,28687.324,29444.133,756.809,
Contact STARLINK-5322 - STARLINK-5849,43092.458,43867.367,774.909,
Contact STARLINK-5322 - STARLINK-5849,57512.111,58275.036,762.925,
Contact STARLINK-5322 - STARLINK-5849,71917.322,72698.166,780.844,
Contact STARLINK-5322 - STARLINK-5849,86336.925,86400.000,63.075,
Contact STARLINK-5322 - STARLINK-11101 [DTC],64417.804,64971.082,553.278,
Contact STARLINK-5322 - STARLINK-11101 [DTC],75364.160,82161.204,6797.044,
Contact STARLINK-5322 - STARLINK-31853,4661.243,51143.051,46481.808,
Contact STARLINK-5322 - STARLINK-4551,0.000,56633.419,56633.419,
Contact STARLINK-5322 - STARLINK-1578,0.000,10117.279,10117.279,
Contact STARLINK-5322 - STARLINK-1578,11322.945,18632.636,7309.691,
Contact STARLINK-5322 - STARLINK-1578,25832.650,32815.200,6982.550,
Contact STARLINK-5322 - STARLINK-1578,46308.858,46887.291,578.433,
Contact STARLINK-5322 - STARLINK-5535,10341.454,11091.655,750.201,
Contact STARLINK-5322 - STARLINK-5535,24744.920,25501.077,756.157,
Contact STARLINK-5322 - STARLINK-5535,39154.819,39905.312,750.493,
Contact STARLINK-5322 - STARLINK-5535,53558.519,54314.500,755.981,
Contact STARLINK-5322 - STARLINK-5535,67968.514,68718.619,750.104,
Contact STARLINK-5322 - STARLINK-5535,82372.456,83127.567,755.111,
Contact STARLINK-5322 - STARLINK-5837,0.000,597.265,597.265,
Contact STARLINK-5322 - STARLINK-5837,14267.511,15010.514,743.002,
Contact STARLINK-5322 - STARLINK-5837,28679.755,29412.714,732.958,
Contact STARLINK-5322 - STARLINK-5837,43081.534,43826.033,744.499,
Contact STARLINK-5322 - STARLINK-5837,57493.702,58228.306,734.604,
Contact STARLINK-5322 - STARLINK-5837,71895.405,72641.687,746.282,
Contact STARLINK-5322 - STARLINK-5837,86307.503,86400.000,92.497,
Contact STARLINK-5322 - STARLINK-1293,3070.996,4207.171,1136.175,
Contact STARLINK-5322 - STARLINK-1293,17474.135,18554.918,1080.783,
Contact STARLINK-5322 - STARLINK-1293,31869.846,32908.242,1038.397,
Contact STARLINK-5322 - STARLINK-1293,46285.772,47243.300,957.529,
Contact STARLINK-5322 - STARLINK-1293,60694.421,61583.806,889.385,
Contact STARLINK-5322 - STARLINK-1293,75127.433,75901.872,774.439,
Contact STARLINK-5322 - STARLINK-31345,0.000,46146.726,46146.726,
Contact STARLINK-5322 - STARLINK-31690,917.184,39458.208,38541.024,
Contact STARLINK-5322 - STARLINK-31690,46647.256,47241.735,594.479,
Contact STARLINK-5322 - STARLINK-4675,10238.522,11091.640,853.118,
Contact STARLINK-5322 - STARLINK-4675,24601.828,25451.616,849.788,
Contact STARLINK-5322 - STARLINK-4675,38973.284,39804.236,830.952,
Contact STARLINK-5322 - STARLINK-4675,53341.264,54159.491,818.227,
Contact STARLINK-5322 - STARLINK-4675,67716.663,68508.225,791.562,
Contact STARLINK-5322 - STARLINK-4675,82089.227,82858.866,769.638,
Contact STARLINK-5322 - STARLINK-4356,0.000,3680.141,3680.141,
Contact STARLINK-5322 - STARLINK-4356,14305.554,18080.889,3775.335,
Contact STARLINK-5322 - STARLINK-4356,28714.841,32493.811,3778.970,
Contact STARLINK-5322 - STARLINK-4356,43112.801,46894.167,3781.367,
Contact STARLINK-5322 - STARLINK-4356,57522.551,61306.699,3784.148,
Contact STARLINK-5322 - STARLINK-4356,71920.897,75706.611,3785.714,
Contact STARLINK-5322 - STARLINK-4356,86331.166,86400.000,68.834,
Contact STARLINK-5322 - STARLINK-31554,6885.728,7616.895,731.166,
Contact STARLINK-5322 - STARLINK-31554,20949.553,21956.912,1007.359,
Contact STARLINK-5322 - STARLINK-31554,32289.189,36168.784,3879.596,
Contact STARLINK-5322 - STARLINK-31554,46572.269,47458.619,886.350,
Contact STARLINK-5322 - STARLINK-31554,61011.132,61425.688,414.555,
Contact STARLINK-5322 - STARLINK-5713,0.000,3446.495,3446.495,
Contact STARLINK-5322 - STARLINK-5713,4270.083,17768.828,13498.744,
Contact STARLINK-5322 - STARLINK-5713,18705.261,32119.646,13414.385,
Contact STARLINK-5322 - STARLINK-5713,36037.495,46435.174,10397.679,
Contact STARLINK-5322 - STARLINK-5713,53374.996,60777.930,7402.934,
Contact STARLINK-5322 - STARLINK-5713,67835.244,75086.326,7251.082,
Contact STARLINK-5322 - STARLINK-5713,82282.878,86400.000,4117.122,
Contact STARLINK-5322 - STARLINK-1303,3276.192,7264.623,3988.431,
Contact STARLINK-5322 - STARLINK-1303,17656.262,21639.783,3983.521,
Contact STARLINK-5322 - STARLINK-1303,32030.458,38878.368,6847.910,
Contact STARLINK-5322 - STARLINK-1303,46419.844,47490.251,1070.406,
Contact STARLINK-5322 - STARLINK-1303,60803.222,61852.670,1049.448,
Contact STARLINK-5322 - STARLINK-1303,75202.713,76199.991,997.278,
Contact STARLINK-5322 - STARLINK-11265 [DTC],14300.441,14732.177,431.736,
Contact STARLINK-5322 - STARLINK-11265 [DTC],28124.145,28979.112,854.967,
Contact STARLINK-5322 - STARLINK-11265 [DTC],39385.359,40171.581,786.221,
Contact STARLINK-5322 - STARLINK-5831,6927.925,7667.255,739.330,
Contact STARLINK-5322 - STARLINK-5831,21326.053,22038.165,712.113,
Contact STARLINK-5322 - STARLINK-5831,35722.911,36409.253,686.343,
Contact STARLINK-5322 - STARLINK-5831,50122.710,50778.497,655.786,
Contact STARLINK-5322 - STARLINK-5831,64521.940,65147.171,625.231,
Contact STARLINK-5322 - STARLINK-5831,78923.684,79514.474,590.789,
Contact STARLINK-5322 - STARLINK-31034,0.000,21.946,21.946,
Contact STARLINK-5322 - STARLINK-3815,3316.130,4243.171,927.041,
Contact STARLINK-5322 - STARLINK-3815,17649.724,18435.189,785.466,
Contact STARLINK-5322 - STARLINK-3815,32025.391,32586.998,561.606,
Contact STARLINK-5322 - MoonARTEMIS1,0.000,3349.826,3349.826,
Contact STARLINK-5322 - MoonARTEMIS1,5323.396,9126.454,3803.058,
Contact STARLINK-5322 - MoonARTEMIS1,11083.761,20690.922,9607.162,
Contact STARLINK-5322 - MoonARTEMIS1,22597.358,32257.178,9659.820,
Contact STARLINK-5322 - MoonARTEMIS1,34130.833,38033.979,3903.146,
Contact STARLINK-5322 - MoonARTEMIS1,39896.163,49587.607,9691.444,
Contact STARLINK-5322 - MoonARTEMIS1,51424.020,61142.987,9718.967,
Contact STARLINK-5322 - MoonARTEMIS1,62948.353,66921.755,3973.402,
Contact STARLINK-5322 - MoonARTEMIS1,68709.081,78482.392,9773.311,
Contact STARLINK-5322 - MoonARTEMIS1,80227.034,86400.000,6172.966,
Contact STARLINK-5322 - MoonARTEMIS2,0.000,3376.241,3376.241,
Contact STARLINK-5322 - MoonARTEMIS2,5284.881,9153.151,3868.271,
Contact STARLINK-5322 - MoonARTEMIS2,11046.005,20707.316,9661.311,
Contact STARLINK-5322 - MoonARTEMIS2,22569.064,32261.693,9692.629,
Contact STARLINK-5322 - MoonARTEMIS2,34094.125,38038.812,3944.686,
Contact STARLINK-5322 - MoonARTEMIS2,39857.986,49592.534,9734.548,
Contact STARLINK-5322 - MoonARTEMIS2,51390.990,60057.290,8666.300,
Contact STARLINK-5322 - MoonARTEMIS2,62922.470,66955.742,4033.272,
Contact STARLINK-5322 - MoonARTEMIS2,68669.559,78542.655,9873.096,
Contact STARLINK-5322 - MoonARTEMIS2,80162.823,86400.000,6237.177,
Contact STARLINK-5322 - MoonIOAGEO,0.000,3352.017,3352.017,
Contact STARLINK-5322 - MoonIOAGEO,5314.985,9130.005,3815.020,
Contact STARLINK-5322 - MoonIOAGEO,11079.215,14913.587,3834.372,
Contact STARLINK-5322 - MoonIOAGEO,22598.670,32260.498,9661.828,
Contact STARLINK-5322 - MoonIOAGEO,34117.411,38032.116,3914.706,
Contact STARLINK-5322 - MoonIOAGEO,39881.553,49579.701,9698.149,
Contact STARLINK-5322 - MoonIOAGEO,51410.702,60301.736,8891.034,
Contact STARLINK-5322 - MoonIOAGEO,64120.316,66951.280,2830.964,
Contact STARLINK-5322 - MoonIOAGEO,68674.190,78519.605,9845.415,
Contact STARLINK-5322 - MoonIOAGEO,80186.063,86400.000,6213.937,
Contact STARLINK-5322 - MoonIOAGNO,0.000,3346.504,3346.504,
Contact STARLINK-5322 - MoonIOAGNO,5310.293,9141.643,3831.350,
Contact STARLINK-5322 - MoonIOAGNO,11081.064,20673.938,9592.874,
Contact STARLINK-5322 - MoonIOAGNO,22578.181,32217.153,9638.972,
Contact STARLINK-5322 - MoonIOAGNO,34100.409,37998.248,3897.839,
Contact STARLINK-5322 - MoonIOAGNO,39867.415,49583.621,9716.206,
Contact STARLINK-5322 - MoonIOAGNO,51409.886,61144.294,9734.408,
Contact STARLINK-5322 - MoonIOAGNO,62900.942,66910.934,4009.991,
Contact STARLINK-5322 - MoonIOAGNO,68653.234,78467.456,9814.221,
Contact STARLINK-5322 - MoonIOAGNO,80173.395,86400.000,6226.605,
Contact STARLINK-5322 - MoonIOAGNO 0001,0.000,3334.191,3334.191,
Contact STARLINK-5322 - MoonIOAGNO 0001,5288.815,9106.528,3817.713,
Contact STARLINK-5322 - MoonIOAGNO 0001,11052.237,20668.728,9616.491,
Contact STARLINK-5322 - MoonIOAGNO 0001,22589.988,32259.431,9669.443,
Contact STARLINK-5322 - MoonIOAGNO 0001,34124.590,38023.913,3899.322,
Contact STARLINK-5322 - MoonIOAGNO 0001,39867.319,49558.435,9691.115,
Contact STARLINK-5322 - MoonIOAGNO 0001,51378.629,61121.360,9742.731,
Contact STARLINK-5322 - MoonIOAGNO 0001,62908.130,66914.630,4006.500,
Contact STARLINK-5322 - MoonIOAGNO 0001,68677.662,78515.125,9837.463,
Contact STARLINK-5322 - MoonIOAGNO 0001,80181.416,86400.000,6218.584,
Contact STARLINK-5322 - MoonIOAGSO,0.000,3362.800,3362.800,
Contact STARLINK-5322 - MoonIOAGSO,5318.353,9129.460,3811.106,
Contact STARLINK-5322 - MoonIOAGSO,12442.006,20718.183,8276.177,
Contact STARLINK-5322 - MoonIOAGSO,22617.373,32278.113,9660.740,
Contact STARLINK-5322 - MoonIOAGSO,34147.482,38050.812,3903.330,
Contact STARLINK-5322 - MoonIOAGSO,39905.488,49586.609,9681.121,
Contact STARLINK-5322 - MoonIOAGSO,51404.297,61180.457,9776.160,
Contact STARLINK-5322 - MoonIOAGSO,62934.697,66973.684,4038.987,
Contact STARLINK-5322 - MoonIOAGSO,68701.879,78537.985,9836.107,
Contact STARLINK-5322 - MoonIOAGSO,80220.149,86400.000,6179.851,
Contact STARLINK-5322 - MoonIOAGSO 0001,0.000,3386.783,3386.783,
Contact STARLINK-5322 - MoonIOAGSO 0001,5333.752,9163.531,3829.779,
Contact STARLINK-5322 - MoonIOAGSO 0001,11098.675,20704.708,9606.033,
Contact STARLINK-5322 - MoonIOAGSO 0001,22615.008,32243.204,9628.196,
Contact STARLINK-5322 - MoonIOAGSO 0001,34163.279,38048.154,3884.875,
Contact STARLINK-5322 - MoonIOAGSO 0001,39893.740,49623.925,9730.185,
Contact STARLINK-5322 - MoonIOAGSO 0001,51428.870,61175.166,9746.296,
Contact STARLINK-5322 - MoonIOAGSO 0001,62943.700,66944.787,4001.088,
Contact STARLINK-5322 - MoonIOAGSO 0001,68692.430,76327.332,7634.901,
Contact STARLINK-5322 - MoonIOAGSO 0001,80195.168,86400.000,6204.832,
Contact STARLINK-5322 - MoonLRO,0.000,3364.660,3364.660,
Contact STARLINK-5322 - MoonLRO,5310.266,9143.421,3833.154,
Contact STARLINK-5322 - MoonLRO,11078.440,20690.532,9612.092,
Contact STARLINK-5322 - MoonLRO,22602.557,32247.243,9644.686,
Contact STARLINK-5322 - MoonLRO,34116.658,38032.274,3915.616,
Contact STARLINK-5322 - MoonLRO,39879.907,49597.898,9717.990,
Contact STARLINK-5322 - MoonLRO,51410.385,61150.969,9740.584,
Contact STARLINK-5322 - MoonLRO,62920.431,66932.634,4012.202,
Contact STARLINK-5322 - MoonLRO,68673.086,78512.819,9839.733,
Contact STARLINK-5322 - MoonLRO,80193.805,86400.000,6206.195,
Contact STARLINK-5322 - MarsSat1,5288.494,9296.773,4008.279,
Contact STARLINK-5322 - MarsSat1,11053.692,20834.674,9780.982,
Contact STARLINK-5322 - MarsSat1,22584.081,32372.608,9788.527,
Contact STARLINK-5322 - MarsSat1,34114.467,38141.585,4027.117,
Contact STARLINK-5322 - MarsSat1,39879.649,49679.565,9799.916,
Contact STARLINK-5322 - MarsSat1,51409.945,66986.661,15576.716,
Contact STARLINK-5322 - MarsSat1,68705.090,78524.854,9819.764,
Contact STARLINK-5322 - MarsSat1,80234.945,86400.000,6165.055,
Contact STARLINK-5322 - MarsSat2,0.000,3527.773,3527.773,
Contact STARLINK-5322 - MarsSat2,5288.572,9296.625,4008.052,
Contact STARLINK-5322 - MarsSat2,11053.705,20834.464,9780.760,
Contact STARLINK-5322 - MarsSat2,22583.963,32372.432,9788.469,
Contact STARLINK-5322 - MarsSat2,34114.208,38141.450,4027.242,
Contact STARLINK-5322 - MarsSat2,39879.316,49679.545,9800.228,
Contact STARLINK-5322 - MarsSat2,51409.489,66986.818,15577.329,
Contact STARLINK-5322 - MarsSat2,68704.616,78525.084,9820.469,
Contact STARLINK-5322 - MarsSat2,80234.598,86400.000,6165.402,
Contact STARLINK-5322 - MarsSat3,0.000,3527.985,3527.985,
Contact STARLINK-5322 - MarsSat3,5288.716,9296.797,4008.081,
Contact STARLINK-5322 - MarsSat3,11053.884,20834.474,9780.590,
Contact STARLINK-5322 - MarsSat3,22584.099,32372.384,9788.285,
Contact STARLINK-5322 - MarsSat3,34114.336,38141.411,4027.074,
Contact STARLINK-5322 - MarsSat3,39879.468,49679.553,9800.085,
Contact STARLINK-5322 - MarsSat3,51409.721,66986.890,15577.169,
Contact STARLINK-5322 - MarsSat3,68704.989,78525.137,9820.148,
Contact STARLINK-5322 - MarsSat3,80235.030,86400.000,6164.970,
Contact STARLINK-5322 - MarsSat4,0.000,3527.922,3527.922,
Contact STARLINK-5322 - MarsSat4,5288.555,9296.899,4008.343,
Contact STARLINK-5322 - MarsSat4,11053.873,20834.653,9780.779,
Contact STARLINK-5322 - MarsSat4,22584.266,32372.549,9788.283,
Contact STARLINK-5322 - MarsSat4,34114.486,38141.638,4027.152,
Contact STARLINK-5322 - MarsSat4,39879.692,49679.657,9799.966,
Contact STARLINK-5322 - MarsSat4,51409.953,66986.765,15576.812,
Contact STARLINK-5322 - MarsSat4,68704.910,78525.056,9820.145,
Contact STARLINK-5322 - MarsSat4,80234.980,86400.000,6165.020,
Contact STARLINK-2466 - STARLINK-5807,0.000,7046.005,7046.005,
Contact STARLINK-2466 - STARLINK-5807,10813.958,86400.000,75586.042,
Contact STARLINK-2466 - STARLINK-2367,10102.457,10939.912,837.456,
Contact STARLINK-2466 - STARLINK-2367,21515.406,25265.898,3750.491,
Contact STARLINK-2466 - STARLINK-2367,35778.265,36719.351,941.086,
Contact STARLINK-2466 - STARLINK-2367,50055.175,51027.928,972.753,
Contact STARLINK-2466 - STARLINK-2367,64323.174,65346.123,1022.949,
Contact STARLINK-2466 - STARLINK-2367,78604.185,79650.437,1046.252,
Contact STARLINK-2466 - STARLINK-30421,0.000,9881.618,9881.618,
Contact STARLINK-2466 - STARLINK-4338,6547.922,7256.303,708.381,
Contact STARLINK-2466 - STARLINK-4338,46793.540,47422.884,629.344,
Contact STARLINK-2466 - STARLINK-4338,61177.001,61757.709,580.708,
Contact STARLINK-2466 - STARLINK-4338,75550.970,76102.933,551.962,
Contact STARLINK-2466 - STARLINK-32197,6745.489,7714.292,968.803,
Contact STARLINK-2466 - STARLINK-32197,21031.057,21762.210,731.153,
Contact STARLINK-2466 - STARLINK-2476,0.000,86400.000,86400.000,
Contact STARLINK-2466 - STARLINK-2105,0.000,434.704,434.704,
Contact STARLINK-2466 - STARLINK-2105,13781.879,14749.276,967.398,
Contact STARLINK-2466 - STARLINK-2105,28096.653,29069.266,972.614,
Contact STARLINK-2466 - STARLINK-2105,39550.579,43383.818,3833.238,
Contact STARLINK-2466 - STARLINK-2105,53870.614,57703.773,3833.159,
Contact STARLINK-2466 - STARLINK-2105,68185.359,72018.303,3832.944,
Contact STARLINK-2466 - STARLINK-2105,82505.360,83472.082,966.722,
Contact STARLINK-2466 - STARLINK-11199 [DTC],35985.548,36328.433,342.885,
Contact STARLINK-2466 - STARLINK-11199 [DTC],43992.322,50863.156,6870.834,
Contact STARLINK-2466 - STARLINK-11199 [DTC],60725.740,62033.773,1308.033,
Contact STARLINK-2466 - STARLINK-30100,0.000,3918.316,3918.316,
Contact STARLINK-2466 - STARLINK-30100,14309.168,18238.845,3929.677,
Contact STARLINK-2466 - STARLINK-30100,28670.122,32545.053,3874.931,
Contact STARLINK-2466 - STARLINK-30100,43044.447,46860.658,3816.210,
Contact STARLINK-2466 - STARLINK-30100,57410.610,58306.112,895.502,
Contact STARLINK-2466 - STARLINK-30100,71792.105,72602.922,810.816,
Contact STARLINK-2466 - STARLINK-30100,86165.309,86400.000,234.691,
Contact STARLINK-2466 - STARLINK-11101 [DTC],20678.989,24906.006,4227.017,
Contact STARLINK-2466 - STARLINK-11101 [DTC],25694.717,49827.984,24133.267,
Contact STARLINK-2466 - STARLINK-5535,0.000,3888.810,3888.810,
Contact STARLINK-2466 - STARLINK-5535,14067.242,18277.826,4210.584,
Contact STARLINK-2466 - STARLINK-5535,28415.596,35527.528,7111.932,
Contact STARLINK-2466 - STARLINK-5535,42775.054,49888.756,7113.702,
Contact STARLINK-2466 - STARLINK-5535,57135.640,64256.816,7121.176,
Contact STARLINK-2466 - STARLINK-5535,71506.590,78606.490,7099.899,
Contact STARLINK-2466 - STARLINK-5535,85877.769,86400.000,522.231,
Contact STARLINK-2466 - STARLINK-31852,82759.339,83119.870,360.531,
Contact STARLINK-2466 - STARLINK-5239,0.000,310.305,310.305,
Contact STARLINK-2466 - STARLINK-5239,13717.345,14623.269,905.924,
Contact STARLINK-2466 - STARLINK-5239,25167.331,28938.476,3771.145,
Contact STARLINK-2466 - STARLINK-5239,39478.629,43251.388,3772.759,
Contact STARLINK-2466 - STARLINK-5239,53792.366,54702.595,910.229,
Contact STARLINK-2466 - STARLINK-5239,68103.738,69017.671,913.933,
Contact STARLINK-2466 - STARLINK-5239,82417.496,83330.509,913.013,
Contact STARLINK-2466 - STARLINK-1302,0.000,86400.000,86400.000,
Contact STARLINK-2466 - STARLINK-4383,6938.478,7621.551,683.074,
Contact STARLINK-2466 - STARLINK-4383,21300.117,21975.891,675.774,
Contact STARLINK-2466 - STARLINK-4383,35652.042,36339.245,687.203,
Contact STARLINK-2466 - STARLINK-4383,50013.555,50693.696,680.140,
Contact STARLINK-2466 - STARLINK-4383,64365.897,65056.569,690.671,
Contact STARLINK-2466 - STARLINK-4383,78727.218,79411.199,683.981,
Contact STARLINK-2466 - STARLINK-30052,3017.751,3888.393,870.642,
Contact STARLINK-2466 - STARLINK-30052,17378.782,18200.330,821.548,
Contact STARLINK-2466 - STARLINK-30052,31755.668,32495.309,739.640,
Contact STARLINK-2466 - STARLINK-30052,46122.842,46801.008,678.167,
Contact STARLINK-2466 - STARLINK-5713,79075.874,79263.477,187.603,
Contact STARLINK-2466 - STARLINK-11265 [DTC],10479.040,10873.973,394.932,
Contact STARLINK-2466 - STARLINK-11265 [DTC],21406.127,22325.825,919.698,
Contact STARLINK-2466 - STARLINK-11265 [DTC],35398.341,36299.913,901.572,
Contact STARLINK-2466 - MoonARTEMIS1,1923.405,5572.023,3648.618,
Contact STARLINK-2466 - MoonARTEMIS1,7673.725,17082.610,9408.885,
Contact STARLINK-2466 - MoonARTEMIS1,19188.546,28597.134,9408.588,
Contact STARLINK-2466 - MoonARTEMIS1,30689.165,34337.740,3648.574,
Contact STARLINK-2466 - MoonARTEMIS1,36428.251,45819.634,9391.383,
Contact STARLINK-2466 - MoonARTEMIS1,47908.689,57303.872,9395.183,
Contact STARLINK-2466 - MoonARTEMIS1,59392.486,63046.987,3654.501,
Contact STARLINK-2466 - MoonARTEMIS1,65135.689,74535.441,9399.752,
Contact STARLINK-2466 - MoonARTEMIS1,76624.948,86027.412,9402.464,
Contact STARLINK-2466 - MoonARTEMIS2,2009.392,5652.593,3643.200,
Contact STARLINK-2466 - MoonARTEMIS2,7755.710,17143.911,9388.201,
Contact STARLINK-2466 - MoonARTEMIS2,19245.492,28631.234,9385.742,
Contact STARLINK-2466 - MoonARTEMIS2,30731.094,34373.217,3642.123,
Contact STARLINK-2466 - MoonARTEMIS2,36472.021,45852.964,9380.943,
Contact STARLINK-2466 - MoonARTEMIS2,47948.722,57325.244,9376.522,
Contact STARLINK-2466 - MoonARTEMIS2,65182.190,74599.899,9417.709,
Contact STARLINK-2466 - MoonARTEMIS2,76697.991,86105.076,9407.085,
Contact STARLINK-2466 - MoonIOAGEO,1945.622,5586.440,3640.819,
Contact STARLINK-2466 - MoonIOAGEO,7687.461,16123.520,8436.059,
Contact STARLINK-2466 - MoonIOAGEO,20113.784,28609.200,8495.416,
Contact STARLINK-2466 - MoonIOAGEO,30705.569,34352.077,3646.508,
Contact STARLINK-2466 - MoonIOAGEO,36445.405,45822.634,9377.229,
Contact STARLINK-2466 - MoonIOAGEO,47916.232,57319.948,9403.716,
Contact STARLINK-2466 - MoonIOAGEO,65177.766,74586.903,9409.136,
Contact STARLINK-2466 - MoonIOAGEO,76680.381,86059.996,9379.615,
Contact STARLINK-2466 - MoonIOAGNO,1946.392,5592.612,3646.220,
Contact STARLINK-2466 - MoonIOAGNO,7696.546,17099.315,9402.769,
Contact STARLINK-2466 - MoonIOAGNO,19200.552,28579.928,9379.376,
Contact STARLINK-2466 - MoonIOAGNO,30684.025,34323.189,3639.164,
Contact STARLINK-2466 - MoonIOAGNO,36426.695,45819.536,9392.841,
Contact STARLINK-2466 - MoonIOAGNO,47919.306,57335.582,9416.276,
Contact STARLINK-2466 - MoonIOAGNO,59431.075,63074.468,3643.392,
Contact STARLINK-2466 - MoonIOAGNO,65173.179,74554.621,9381.442,
Contact STARLINK-2466 - MoonIOAGNO,76656.090,86045.911,9389.822,
Contact STARLINK-2466 - MoonIOAGNO 0001,1957.500,5591.890,3634.390,
Contact STARLINK-2466 - MoonIOAGNO 0001,7699.254,17080.439,9381.185,
Contact STARLINK-2466 - MoonIOAGNO 0001,19185.456,28584.694,9399.238,
Contact STARLINK-2466 - MoonIOAGNO 0001,30685.476,34346.356,3660.880,
Contact STARLINK-2466 - MoonIOAGNO 0001,36443.241,45826.552,9383.311,
Contact STARLINK-2466 - MoonIOAGNO 0001,47927.991,57311.159,9383.168,
Contact STARLINK-2466 - MoonIOAGNO 0001,59412.757,63057.900,3645.142,
Contact STARLINK-2466 - MoonIOAGNO 0001,65158.104,74570.857,9412.753,
Contact STARLINK-2466 - MoonIOAGNO 0001,76670.066,86060.453,9390.387,
Contact STARLINK-2466 - MoonIOAGSO,1945.707,5592.427,3646.721,
Contact STARLINK-2466 - MoonIOAGSO,7694.652,17110.929,9416.277,
Contact STARLINK-2466 - MoonIOAGSO,19205.275,28603.851,9398.576,
Contact STARLINK-2466 - MoonIOAGSO,30691.233,34346.163,3654.930,
Contact STARLINK-2466 - MoonIOAGSO,36433.457,45828.677,9395.220,
Contact STARLINK-2466 - MoonIOAGSO,47921.216,54719.617,6798.401,
Contact STARLINK-2466 - MoonIOAGSO,59433.976,63092.742,3658.766,
Contact STARLINK-2466 - MoonIOAGSO,65181.434,74583.503,9402.069,
Contact STARLINK-2466 - MoonIOAGSO,76668.704,86065.054,9396.350,
Contact STARLINK-2466 - MoonIOAGSO 0001,1962.223,5613.054,3650.832,
Contact STARLINK-2466 - MoonIOAGSO 0001,7704.035,17097.091,9393.056,
Contact STARLINK-2466 - MoonIOAGSO 0001,19188.389,28583.149,9394.759,
Contact STARLINK-2466 - MoonIOAGSO 0001,30683.666,34344.619,3660.953,
Contact STARLINK-2466 - MoonIOAGSO 0001,36444.919,45850.087,9405.168,
Contact STARLINK-2466 - MoonIOAGSO 0001,47936.831,57336.128,9399.297,
Contact STARLINK-2466 - MoonIOAGSO 0001,59422.087,63076.877,3654.790,
Contact STARLINK-2466 - MoonIOAGSO 0001,65165.073,74564.353,9399.280,
Contact STARLINK-2466 - MoonIOAGSO 0001,77785.692,86082.004,8296.312,
Contact STARLINK-2466 - MoonLRO,1959.606,5599.202,3639.596,
Contact STARLINK-2466 - MoonLRO,7707.892,17096.149,9388.257,
Contact STARLINK-2466 - MoonLRO,19193.840,28597.424,9403.584,
Contact STARLINK-2466 - MoonLRO,30686.977,34342.102,3655.125,
Contact STARLINK-2466 - MoonLRO,36438.519,45830.198,9391.678,
Contact STARLINK-2466 - MoonLRO,47933.533,57331.740,9398.207,
Contact STARLINK-2466 - MoonLRO,59419.821,63081.680,3661.859,
Contact STARLINK-2466 - MoonLRO,65167.882,74569.508,9401.626,
Contact STARLINK-2466 - MoonLRO,76670.215,86061.557,9391.342,
Contact STARLINK-2466 - MarsSat1,2084.655,5776.199,3691.544,
Contact STARLINK-2466 - MarsSat1,7816.857,17240.282,9423.424,
Contact STARLINK-2466 - MarsSat1,19281.219,28704.254,9423.035,
Contact STARLINK-2466 - MarsSat1,30745.491,34436.197,3690.705,
Contact STARLINK-2466 - MarsSat1,36477.596,45900.017,9422.421,
Contact STARLINK-2466 - MarsSat1,47941.775,57363.801,9422.026,
Contact STARLINK-2466 - MarsSat1,59405.977,63095.698,3689.721,
Contact STARLINK-2466 - MarsSat1,65138.107,74559.520,9421.413,
Contact STARLINK-2466 - MarsSat1,76602.437,86023.369,9420.932,
Contact STARLINK-2466 - MarsSat2,0.000,5776.061,5776.061,
Contact STARLINK-2466 - MarsSat2,7816.715,17240.138,9423.423,
Contact STARLINK-2466 - MarsSat2,19281.129,28704.198,9423.068,
Contact STARLINK-2466 - MarsSat2,30745.529,34436.210,3690.680,
Contact STARLINK-2466 - MarsSat2,36477.719,45900.192,9422.474,
Contact STARLINK-2466 - MarsSat2,47942.078,57364.120,9422.042,
Contact STARLINK-2466 - MarsSat2,59406.415,63096.063,3689.648,
Contact STARLINK-2466 - MarsSat2,65138.575,74559.908,9421.333,
Contact STARLINK-2466 - MarsSat2,76602.881,86023.697,9420.816,
Contact STARLINK-2466 - MarsSat3,0.000,5776.150,5776.150,
Contact STARLINK-2466 - MarsSat3,7816.718,17240.088,9423.370,
Contact STARLINK-2466 - MarsSat3,19281.025,28704.089,9423.064,
Contact STARLINK-2466 - MarsSat3,30745.396,34436.094,3690.699,
Contact STARLINK-2466 - MarsSat3,36477.578,45900.078,9422.500,
Contact STARLINK-2466 - MarsSat3,47941.919,57364.004,9422.085,
Contact STARLINK-2466 - MarsSat3,59406.224,63095.940,3689.716,
Contact STARLINK-2466 - MarsSat3,65138.364,74559.751,9421.388,
Contact STARLINK-2466 - MarsSat3,76602.616,86023.472,9420.856,
Contact STARLINK-2466 - MarsSat4,0.000,5776.249,5776.249,
Contact STARLINK-2466 - MarsSat4,7816.850,17240.189,9423.339,
Contact STARLINK-2466 - MarsSat4,19281.038,28704.123,9423.085,
Contact STARLINK-2466 - MarsSat4,30745.407,34436.172,3690.765,
Contact STARLINK-2466 - MarsSat4,36477.592,45900.086,9422.495,
Contact STARLINK-2466 - MarsSat4,47941.820,57363.844,9422.024,
Contact STARLINK-2466 - MarsSat4,59406.096,63095.836,3689.740,
Contact STARLINK-2466 - MarsSat4,65138.321,74559.722,9421.401,
Contact STARLINK-2466 - MarsSat4,76602.602,86023.378,9420.776,
Contact STARLINK-2704 - STARLINK-5807,0.000,389.070,389.070,
Contact STARLINK-2704 - STARLINK-5807,13705.695,14628.385,922.690,
Contact STARLINK-2704 - STARLINK-5807,28144.044,28851.932,707.888,
Contact STARLINK-2704 - STARLINK-2367,46709.402,46824.117,114.715,
Contact STARLINK-2704 - STARLINK-5494,64306.278,64941.127,634.848,
Contact STARLINK-2704 - STARLINK-5494,75599.443,79494.470,3895.027,
Contact STARLINK-2704 - STARLINK-30421,0.000,671.807,671.807,
Contact STARLINK-2704 - STARLINK-30421,13734.722,14879.505,1144.783,
Contact STARLINK-2704 - STARLINK-30421,25034.058,29066.544,4032.486,
Contact STARLINK-2704 - STARLINK-30421,39181.588,46040.757,6859.169,
Contact STARLINK-2704 - STARLINK-30421,53372.989,54504.333,1131.344,
Contact STARLINK-2704 - STARLINK-30421,64745.636,68600.217,3854.581,
Contact STARLINK-2704 - STARLINK-30421,78988.524,79844.846,856.321,
Contact STARLINK-2704 - STARLINK-32197,3169.816,4029.505,859.689,
Contact STARLINK-2704 - STARLINK-32197,17300.846,18163.780,862.934,
Contact STARLINK-2704 - STARLINK-32197,28619.968,29456.708,836.740,
Contact STARLINK-2704 - STARLINK-32197,42788.106,43553.581,765.475,
Contact STARLINK-2704 - STARLINK-32197,56975.570,57631.456,655.886,
Contact STARLINK-2704 - STARLINK-32197,68347.101,68872.240,525.139,
Contact STARLINK-2704 - STARLINK-32197,82622.991,82861.902,238.910,
Contact STARLINK-2704 - STARLINK-2105,4280.755,11138.681,6857.926,
Contact STARLINK-2704 - STARLINK-2105,21474.001,25362.813,3888.811,
Contact STARLINK-2704 - STARLINK-2105,35819.515,36741.966,922.451,
Contact STARLINK-2704 - STARLINK-2105,50158.742,50965.523,806.780,
Contact STARLINK-2704 - STARLINK-2105,64535.084,65151.275,616.191,
Contact STARLINK-2704 - STARLINK-2105,78921.738,79327.220,405.482,
Contact STARLINK-2704 - STARLINK-6148,39598.957,40250.054,651.097,
Contact STARLINK-2704 - STARLINK-6148,53843.948,54602.257,758.309,
Contact STARLINK-2704 - STARLINK-6148,68093.502,68949.317,855.815,
Contact STARLINK-2704 - STARLINK-6148,82358.398,83281.273,922.876,
Contact STARLINK-2704 - STARLINK-11199 [DTC],57492.148,57841.288,349.141,
Contact STARLINK-2704 - STARLINK-11199 [DTC],71255.591,72065.252,809.662,
Contact STARLINK-2704 - STARLINK-11199 [DTC],82403.155,83305.229,902.074,
Contact STARLINK-2704 - STARLINK-11101 [DTC],52641.968,86400.000,33758.032,
Contact STARLINK-2704 - STARLINK-31853,6501.403,7848.658,1347.255,
Contact STARLINK-2704 - STARLINK-31853,15076.465,21764.456,6687.992,
Contact STARLINK-2704 - STARLINK-5535,0.000,238.397,238.397,
Contact STARLINK-2704 - STARLINK-5535,13934.950,14514.068,579.118,
Contact STARLINK-2704 - STARLINK-31345,6594.334,7389.916,795.582,
Contact STARLINK-2704 - STARLINK-31345,32303.257,32693.319,390.061,
Contact STARLINK-2704 - STARLINK-31690,483.987,7683.955,7199.968,
Contact STARLINK-2704 - STARLINK-5239,10111.928,10852.451,740.524,
Contact STARLINK-2704 - STARLINK-5239,21565.677,22242.419,676.742,
Contact STARLINK-2704 - STARLINK-5239,35897.410,36465.241,567.831,
Contact STARLINK-2704 - STARLINK-5239,50223.986,50693.181,469.195,
Contact STARLINK-2704 - STARLINK-5239,64595.379,64876.201,280.822,
Contact STARLINK-2704 - STARLINK-1302,0.000,500.367,500.367,
Contact STARLINK-2704 - STARLINK-4675,0.000,680.437,680.437,
Contact STARLINK-2704 - STARLINK-4675,13922.721,14953.798,1031.078,
Contact STARLINK-2704 - STARLINK-4675,28196.594,29232.007,1035.413,
Contact STARLINK-2704 - STARLINK-4675,42479.426,43501.116,1021.690,
Contact STARLINK-2704 - STARLINK-4675,53904.423,57775.002,3870.579,
Contact STARLINK-2704 - STARLINK-4675,68184.133,72039.755,3855.622,
Contact STARLINK-2704 - STARLINK-4675,82472.811,83452.734,979.923,
Contact STARLINK-2704 - STARLINK-4356,6537.367,7201.405,664.037,
Contact STARLINK-2704 - STARLINK-4356,17997.652,18654.251,656.599,
Contact STARLINK-2704 - STARLINK-4356,32320.388,32972.879,652.491,
Contact STARLINK-2704 - STARLINK-4356,46647.729,47286.713,638.985,
Contact STARLINK-2704 - STARLINK-4356,60969.227,61606.335,637.108,
Contact STARLINK-2704 - STARLINK-4356,75296.779,75919.789,623.009,
Contact STARLINK-2704 - STARLINK-31554,0.000,25784.875,25784.875,
Contact STARLINK-2704 - STARLINK-4383,32314.639,32524.799,210.161,
Contact STARLINK-2704 - STARLINK-4383,46590.494,46892.788,302.294,
Contact STARLINK-2704 - STARLINK-4383,60868.385,61259.722,391.336,
Contact STARLINK-2704 - STARLINK-4383,75156.952,75614.767,457.815,
Contact STARLINK-2704 - STARLINK-5713,3531.424,3992.370,460.946,
Contact STARLINK-2704 - STARLINK-5713,17739.882,18382.618,642.736,
Contact STARLINK-2704 - STARLINK-5713,31964.520,32757.479,792.959,
Contact STARLINK-2704 - STARLINK-5713,46213.971,47106.360,892.389,
Contact STARLINK-2704 - STARLINK-5713,60467.127,61452.280,985.153,
Contact STARLINK-2704 - STARLINK-5713,71880.130,75779.483,3899.353,
Contact STARLINK-2704 - STARLINK-5713,86158.280,86400.000,241.720,
Contact STARLINK-2704 - STARLINK-11265 [DTC],31826.430,32569.802,743.372,
Contact STARLINK-2704 - STARLINK-11265 [DTC],42962.341,43762.463,800.122,
Contact STARLINK-2704 - STARLINK-11265 [DTC],57001.540,57635.037,633.497,
Contact STARLINK-2704 - STARLINK-5831,25163.997,25754.824,590.827,
Contact STARLINK-2704 - STARLINK-5831,39371.244,40142.499,771.255,
Contact STARLINK-2704 - STARLINK-5831,53609.681,54499.359,889.678,
Contact STARLINK-2704 - STARLINK-5831,67851.151,68852.399,1001.248,
Contact STARLINK-2704 - STARLINK-5831,82113.061,83185.394,1072.333,
Contact STARLINK-2704 - STARLINK-31611,0.000,136.380,136.380,
Contact STARLINK-2704 - MoonARTEMIS1,1119.048,10390.490,9271.443,
Contact STARLINK-2704 - MoonARTEMIS1,12553.743,16108.617,3554.874,
Contact STARLINK-2704 - MoonARTEMIS1,18276.330,27551.626,9275.296,
Contact STARLINK-2704 - MoonARTEMIS1,31149.852,38969.403,7819.550,
Contact STARLINK-2704 - MoonARTEMIS1,41133.967,44677.999,3544.032,
Contact STARLINK-2704 - MoonARTEMIS1,52552.341,56095.794,3543.453,
Contact STARLINK-2704 - MoonARTEMIS1,58261.969,67514.823,9252.854,
Contact STARLINK-2704 - MoonARTEMIS1,69682.288,78935.553,9253.266,
Contact STARLINK-2704 - MoonARTEMIS1,81104.320,84646.755,3542.434,
Contact STARLINK-2704 - MoonARTEMIS2,1177.142,10435.756,9258.614,
Contact STARLINK-2704 - MoonARTEMIS2,12602.792,16146.889,3544.097,
Contact STARLINK-2704 - MoonARTEMIS2,18314.498,27567.365,9252.867,
Contact STARLINK-2704 - MoonARTEMIS2,29735.694,38985.238,9249.545,
Contact STARLINK-2704 - MoonARTEMIS2,41153.695,44693.021,3539.326,
Contact STARLINK-2704 - MoonARTEMIS2,52567.706,56106.066,3538.360,
Contact STARLINK-2704 - MoonARTEMIS2,63997.775,67545.747,3547.972,
Contact STARLINK-2704 - MoonARTEMIS2,69718.339,78980.589,9262.249,
Contact STARLINK-2704 - MoonARTEMIS2,81151.809,84695.883,3544.073,
Contact STARLINK-2704 - MoonIOAGEO,1133.789,10398.026,9264.237,
Contact STARLINK-2704 - MoonIOAGEO,12562.823,16118.712,3555.889,
Contact STARLINK-2704 - MoonIOAGEO,20000.387,27557.752,7557.365,
Contact STARLINK-2704 - MoonIOAGEO,29724.872,38972.060,9247.188,
Contact STARLINK-2704 - MoonIOAGEO,41137.018,44675.906,3538.888,
Contact STARLINK-2704 - MoonIOAGEO,52554.184,56101.098,3546.914,
Contact STARLINK-2704 - MoonIOAGEO,64138.669,67542.192,3403.523,
Contact STARLINK-2704 - MoonIOAGEO,69714.136,78964.718,9250.582,
Contact STARLINK-2704 - MoonIOAGEO,81132.461,84667.991,3535.530,
Contact STARLINK-2704 - MoonIOAGNO,1126.301,10412.146,9285.845,
Contact STARLINK-2704 - MoonIOAGNO,12576.846,16118.776,3541.930,
Contact STARLINK-2704 - MoonIOAGNO,18280.331,27526.849,9246.518,
Contact STARLINK-2704 - MoonIOAGNO,29693.149,38949.852,9256.703,
Contact STARLINK-2704 - MoonIOAGNO,41119.511,44667.416,3547.905,
Contact STARLINK-2704 - MoonIOAGNO,52566.133,56114.025,3547.892,
Contact STARLINK-2704 - MoonIOAGNO,58280.266,67518.449,9238.183,
Contact STARLINK-2704 - MoonIOAGNO,69687.009,78935.775,9248.766,
Contact STARLINK-2704 - MoonIOAGNO,81106.760,84649.983,3543.223,
Contact STARLINK-2704 - MoonIOAGNO 0001,1130.388,10385.507,9255.119,
Contact STARLINK-2704 - MoonIOAGNO 0001,12549.916,16098.533,3548.617,
Contact STARLINK-2704 - MoonIOAGNO 0001,18264.769,27538.073,9273.304,
Contact STARLINK-2704 - MoonIOAGNO 0001,29709.556,38967.354,9257.798,
Contact STARLINK-2704 - MoonIOAGNO 0001,41132.435,44670.036,3537.601,
Contact STARLINK-2704 - MoonIOAGNO 0001,52545.299,56086.514,3541.214,
Contact STARLINK-2704 - MoonIOAGNO 0001,58256.738,67518.472,9261.734,
Contact STARLINK-2704 - MoonIOAGNO 0001,69692.332,78961.375,9269.043,
Contact STARLINK-2704 - MoonIOAGNO 0001,81127.853,84662.421,3534.568,
Contact STARLINK-2704 - MoonIOAGSO,1141.533,10401.929,9260.396,
Contact STARLINK-2704 - MoonIOAGSO,12573.406,16132.772,3559.367,
Contact STARLINK-2704 - MoonIOAGSO,18300.368,27564.345,9263.977,
Contact STARLINK-2704 - MoonIOAGSO,29728.925,38980.027,9251.102,
Contact STARLINK-2704 - MoonIOAGSO,41144.711,44684.844,3540.133,
Contact STARLINK-2704 - MoonIOAGSO,52558.493,54694.879,2136.386,
Contact STARLINK-2704 - MoonIOAGSO,58287.564,67552.413,9264.849,
Contact STARLINK-2704 - MoonIOAGSO,69722.413,78971.301,9248.888,
Contact STARLINK-2704 - MoonIOAGSO,81139.637,84676.798,3537.161,
Contact STARLINK-2704 - MoonIOAGSO 0001,1160.252,10422.891,9262.639,
Contact STARLINK-2704 - MoonIOAGSO 0001,12583.105,16130.101,3546.996,
Contact STARLINK-2704 - MoonIOAGSO 0001,18290.858,27540.504,9249.647,
Contact STARLINK-2704 - MoonIOAGSO 0001,29705.158,38985.464,9280.307,
Contact STARLINK-2704 - MoonIOAGSO 0001,41155.755,44702.580,3546.826,
Contact STARLINK-2704 - MoonIOAGSO 0001,46870.960,56122.812,9251.852,
Contact STARLINK-2704 - MoonIOAGSO 0001,58290.007,67533.148,9243.141,
Contact STARLINK-2704 - MoonIOAGSO 0001,69700.451,76346.836,6646.385,
Contact STARLINK-2704 - MoonIOAGSO 0001,81139.924,84686.897,3546.973,
Contact STARLINK-2704 - MoonLRO,1145.968,10408.367,9262.399,
Contact STARLINK-2704 - MoonLRO,12567.337,16124.532,3557.195,
Contact STARLINK-2704 - MoonLRO,18281.828,27545.651,9263.823,
Contact STARLINK-2704 - MoonLRO,29716.470,38967.821,9251.351,
Contact STARLINK-2704 - MoonLRO,41139.011,44683.952,3544.942,
Contact STARLINK-2704 - MoonLRO,46848.782,56112.389,9263.607,
Contact STARLINK-2704 - MoonLRO,58278.454,67529.831,9251.376,
Contact STARLINK-2704 - MoonLRO,69707.217,78957.349,9250.133,
Contact STARLINK-2704 - MoonLRO,81124.687,84673.404,3548.717,
Contact STARLINK-2704 - MarsSat1,1334.331,10539.227,9204.897,
Contact STARLINK-2704 - MarsSat1,12671.601,16240.778,3569.177,
Contact STARLINK-2704 - MarsSat1,18373.397,27643.794,9270.397,
Contact STARLINK-2704 - MarsSat1,29776.872,39046.691,9269.819,
Contact STARLINK-2704 - MarsSat1,41180.194,44748.099,3567.905,
Contact STARLINK-2704 - MarsSat1,46881.805,56150.854,9269.049,
Contact STARLINK-2704 - MarsSat1,58284.947,67553.551,9268.604,
Contact STARLINK-2704 - MarsSat1,69688.008,78956.209,9268.200,
Contact STARLINK-2704 - MarsSat1,81091.001,84657.521,3566.520,
Contact STARLINK-2704 - MarsSat2,1267.853,10539.108,9271.255,
Contact STARLINK-2704 - MarsSat2,12671.472,16240.645,3569.173,
Contact STARLINK-2704 - MarsSat2,18373.265,27643.686,9270.421,
Contact STARLINK-2704 - MarsSat2,29776.784,39046.658,9269.873,
Contact STARLINK-2704 - MarsSat2,41180.196,44748.114,3567.917,
Contact STARLINK-2704 - MarsSat2,46881.859,56150.964,9269.105,
Contact STARLINK-2704 - MarsSat2,58285.098,67553.731,9268.633,
Contact STARLINK-2704 - MarsSat2,69688.218,78956.413,9268.195,
Contact STARLINK-2704 - MarsSat2,81091.220,84657.722,3566.503,
Contact STARLINK-2704 - MarsSat3,1267.985,10539.187,9271.202,
Contact STARLINK-2704 - MarsSat3,12671.518,16240.664,3569.146,
Contact STARLINK-2704 - MarsSat3,18373.255,27643.636,9270.381,
Contact STARLINK-2704 - MarsSat3,29776.723,39046.607,9269.884,
Contact STARLINK-2704 - MarsSat3,41180.140,44748.074,3567.933,
Contact STARLINK-2704 - MarsSat3,46881.814,56150.948,9269.134,
Contact STARLINK-2704 - MarsSat3,58285.071,67553.725,9268.654,
Contact STARLINK-2704 - MarsSat3,69688.195,78956.385,9268.190,
Contact STARLINK-2704 - MarsSat3,81091.165,84657.664,3566.499,
Contact STARLINK-2704 - MarsSat4,1267.949,10539.286,9271.337,
Contact STARLINK-2704 - MarsSat4,12671.636,16240.791,3569.155,
Contact STARLINK-2704 - MarsSat4,18373.366,27643.689,9270.323,
Contact STARLINK-2704 - MarsSat4,29776.787,39046.730,9269.943,
Contact STARLINK-2704 - MarsSat4,41180.249,44748.170,3567.921,
Contact STARLINK-2704 - MarsSat4,46881.874,56150.853,9268.979,
Contact STARLINK-2704 - MarsSat4,58284.948,67553.658,9268.710,
Contact STARLINK-2704 - MarsSat4,69688.144,78956.336,9268.192,
Contact STARLINK-2704 - MarsSat4,81091.106,84657.572,3566.466,
Contact STARLINK-2643 - STARLINK-4560,17984.881,18576.526,591.645,
Contact STARLINK-2643 - STARLINK-4560,32363.027,32906.021,542.993,
Contact STARLINK-2643 - STARLINK-4560,46730.766,47245.072,514.307,
Contact STARLINK-2643 - STARLINK-4560,61110.078,61573.245,463.167,
Contact STARLINK-2643 - STARLINK-4560,75478.773,75911.203,432.430,
Contact STARLINK-2643 - STARLINK-3189,0.000,6703.258,6703.258,
Contact STARLINK-2643 - STARLINK-3189,7793.457,21000.182,13206.724,
Contact STARLINK-2643 - STARLINK-3189,22089.099,35314.758,13225.659,
Contact STARLINK-2643 - STARLINK-3189,36399.759,46759.139,10359.380,
Contact STARLINK-2643 - STARLINK-3189,50695.743,61055.540,10359.797,
Contact STARLINK-2643 - STARLINK-3189,65006.726,75369.545,10362.820,
Contact STARLINK-2643 - STARLINK-3189,79303.044,86400.000,7096.956,
Contact STARLINK-2643 - STARLINK-31784,35534.057,36300.760,766.703,
Contact STARLINK-2643 - STARLINK-31784,46741.036,50581.766,3840.729,
Contact STARLINK-2643 - STARLINK-31784,60833.595,61946.960,1113.365,
Contact STARLINK-2643 - STARLINK-31784,74995.752,76086.444,1090.692,
Contact STARLINK-2643 - STARLINK-31784,86387.819,86400.000,12.181,
Contact STARLINK-2643 - STARLINK-5494,10526.437,11331.332,804.895,
Contact STARLINK-2643 - STARLINK-5494,24903.539,25683.155,779.616,
Contact STARLINK-2643 - STARLINK-5494,39280.296,40036.387,756.090,
Contact STARLINK-2643 - STARLINK-5494,53662.292,54383.280,720.987,
Contact STARLINK-2643 - STARLINK-5494,68042.932,68732.627,689.696,
Contact STARLINK-2643 - STARLINK-5494,82430.236,83074.189,643.953,
Contact STARLINK-2643 - STARLINK-30421,82658.229,83231.966,573.737,
Contact STARLINK-2643 - STARLINK-4338,0.000,6510.983,6510.983,
Contact STARLINK-2643 - STARLINK-4338,13840.580,15096.195,1255.614,
Contact STARLINK-2643 - STARLINK-4338,28235.056,29423.494,1188.438,
Contact STARLINK-2643 - STARLINK-4338,42647.340,43726.980,1079.640,
Contact STARLINK-2643 - STARLINK-4338,57052.814,58042.238,989.425,
Contact STARLINK-2643 - STARLINK-4338,71480.117,72330.839,850.722,
Contact STARLINK-2643 - STARLINK-4338,85900.898,86400.000,499.102,
Contact STARLINK-2643 - STARLINK-32197,85793.518,86400.000,606.482,
Contact STARLINK-2643 - STARLINK-31536,6941.863,7899.773,957.909,
Contact STARLINK-2643 - STARLINK-31536,21159.386,22067.365,907.979,
Contact STARLINK-2643 - STARLINK-31536,35402.536,36209.787,807.251,
Contact STARLINK-2643 - STARLINK-31536,61146.346,61561.070,414.724,
Contact STARLINK-2643 - STARLINK-5649,39441.873,39672.457,230.583,
Contact STARLINK-2643 - STARLINK-5649,53591.311,54185.523,594.212,
Contact STARLINK-2643 - STARLINK-5649,67783.534,68663.680,880.146,
Contact STARLINK-2643 - STARLINK-5649,79173.207,83074.917,3901.710,
Contact STARLINK-2643 - STARLINK-30100,86272.583,86400.000,127.417,
Contact STARLINK-2643 - STARLINK-11101 [DTC],3596.750,7214.663,3617.913,
Contact STARLINK-2643 - STARLINK-11101 [DTC],17828.052,18236.879,408.827,
Contact STARLINK-2643 - STARLINK-2685,10096.356,10997.503,901.146,
Contact STARLINK-2643 - STARLINK-2685,21548.885,25316.303,3767.418,
Contact STARLINK-2643 - STARLINK-2685,35865.995,39637.801,3771.806,
Contact STARLINK-2643 - STARLINK-2685,50180.511,51093.768,913.257,
Contact STARLINK-2643 - STARLINK-2685,64497.870,65412.160,914.290,
Contact STARLINK-2643 - STARLINK-2685,78812.576,79733.305,920.729,
Contact STARLINK-2643 - STARLINK-4254,3210.471,10129.836,6919.365,
Contact STARLINK-2643 - STARLINK-4254,17513.040,18719.003,1205.963,
Contact STARLINK-2643 - STARLINK-4254,31825.585,33020.352,1194.768,
Contact STARLINK-2643 - STARLINK-4254,46128.154,47332.099,1203.946,
Contact STARLINK-2643 - STARLINK-4254,54717.675,61633.408,6915.734,
Contact STARLINK-2643 - STARLINK-4254,69020.243,75945.098,6924.855,
Contact STARLINK-2643 - STARLINK-4254,86189.308,86400.000,210.692,
Contact STARLINK-2643 - STARLINK-5535,3498.239,3944.929,446.690,
Contact STARLINK-2643 - STARLINK-5535,17877.466,18275.854,398.388,
Contact STARLINK-2643 - STARLINK-5535,32281.140,32582.484,301.344,
Contact STARLINK-2643 - STARLINK-5535,46681.026,46892.818,211.792,
Contact STARLINK-2643 - STARLINK-5289,0.000,10081.137,10081.137,
Contact STARLINK-2643 - STARLINK-5289,10845.513,21504.015,10658.503,
Contact STARLINK-2643 - STARLINK-5289,25300.478,35785.477,10484.999,
Contact STARLINK-2643 - STARLINK-5289,39749.653,50023.828,10274.175,
Contact STARLINK-2643 - STARLINK-5289,57116.821,64280.418,7163.596,
Contact STARLINK-2643 - STARLINK-5289,71622.869,75659.591,4036.722,
Contact STARLINK-2643 - STARLINK-5289,86126.030,86400.000,273.970,
Contact STARLINK-2643 - STARLINK-1276,6854.190,7684.735,830.545,
Contact STARLINK-2643 - STARLINK-1276,21170.504,22006.659,836.155,
Contact STARLINK-2643 - STARLINK-1276,35485.076,36330.014,844.938,
Contact STARLINK-2643 - STARLINK-1276,49801.593,50651.676,850.083,
Contact STARLINK-2643 - STARLINK-1276,64116.503,64974.654,858.151,
Contact STARLINK-2643 - STARLINK-1276,75569.225,79296.054,3726.830,
Contact STARLINK-2643 - STARLINK-31852,0.000,46729.599,46729.599,
Contact STARLINK-2643 - STARLINK-30879,0.000,117.645,117.645,
Contact STARLINK-2643 - STARLINK-30879,10507.646,11500.103,992.457,
Contact STARLINK-2643 - STARLINK-30879,24652.997,25674.351,1021.354,
Contact STARLINK-2643 - STARLINK-30879,38848.771,39798.285,949.515,
Contact STARLINK-2643 - STARLINK-30879,50250.187,51053.364,803.177,
Contact STARLINK-2643 - STARLINK-30879,64587.370,65038.053,450.684,
Contact STARLINK-2643 - STARLINK-1788,0.000,634.015,634.015,
Contact STARLINK-2643 - STARLINK-1788,7902.288,14941.989,7039.701,
Contact STARLINK-2643 - STARLINK-1788,22214.958,29262.165,7047.207,
Contact STARLINK-2643 - STARLINK-1788,36539.381,43569.674,7030.293,
Contact STARLINK-2643 - STARLINK-1788,53722.031,57889.381,4167.350,
Contact STARLINK-2643 - STARLINK-1788,68035.324,75065.260,7029.935,
Contact STARLINK-2643 - STARLINK-1788,82360.442,86400.000,4039.558,
Contact STARLINK-2643 - STARLINK-1080,0.000,86400.000,86400.000,
Contact STARLINK-2643 - STARLINK-31554,78930.235,79615.274,685.038,
Contact STARLINK-2643 - STARLINK-30052,57550.742,58142.376,591.634,
Contact STARLINK-2643 - STARLINK-30052,71803.424,72554.425,751.001,
Contact STARLINK-2643 - STARLINK-30052,86047.597,86400.000,352.403,
Contact STARLINK-2643 - STARLINK-11265 [DTC],71561.114,72376.396,815.282,
Contact STARLINK-2643 - STARLINK-11265 [DTC],79562.073,86400.000,6837.927,
Contact STARLINK-2643 - STARLINK-4612,0.000,534.709,534.709,
Contact STARLINK-2643 - STARLINK-4612,7742.311,14834.947,7092.636,
Contact STARLINK-2643 - STARLINK-4612,22044.493,29149.758,7105.266,
Contact STARLINK-2643 - STARLINK-4612,39214.933,46318.768,7103.835,
Contact STARLINK-2643 - STARLINK-4612,53530.160,60618.991,7088.832,
Contact STARLINK-2643 - STARLINK-4612,67832.292,74933.753,7101.461,
Contact STARLINK-2643 - STARLINK-4612,82147.497,83510.976,1363.479,
Contact STARLINK-2643 - STARLINK-31034,71358.419,86400.000,15041.581,
Contact STARLINK-2643 - STARLINK-3815,10578.460,11071.834,493.375,
Contact STARLINK-2643 - STARLINK-3815,24710.497,25360.414,649.917,
Contact STARLINK-2643 - STARLINK-3815,38867.860,39623.794,755.934,
Contact STARLINK-2643 - STARLINK-3815,50205.102,51022.822,817.719,
Contact STARLINK-2643 - STARLINK-3815,64388.630,65259.422,870.792,
Contact STARLINK-2643 - STARLINK-3815,78589.959,79478.118,888.159,
Contact STARLINK-2643 - STARLINK-31611,28158.995,29207.951,1048.956,
Contact STARLINK-2643 - STARLINK-31611,36542.159,46373.572,9831.413,
Contact STARLINK-2643 - STARLINK-31611,53439.049,60526.055,7087.005,
Contact STARLINK-2643 - STARLINK-31611,67657.177,68966.164,1308.987,
Contact STARLINK-2643 - STARLINK-31611,79131.578,82908.356,3776.778,
Contact STARLINK-2643 - MoonARTEMIS1,0.000,86400.000,86400.000,
Contact STARLINK-2643 - MoonARTEMIS2,0.000,59997.196,59997.196,
Contact STARLINK-2643 - MoonARTEMIS2,62613.846,86400.000,23786.154,
Contact STARLINK-2643 - MoonIOAGEO,0.000,16378.840,16378.840,
Contact STARLINK-2643 - MoonIOAGEO,19987.345,60146.235,40158.890,
Contact STARLINK-2643 - MoonIOAGEO,63897.690,86400.000,22502.310,
Contact STARLINK-2643 - MoonIOAGNO,0.000,86400.000,86400.000,
Contact STARLINK-2643 - MoonIOAGNO 0001,0.000,86400.000,86400.000,
Contact STARLINK-2643 - MoonIOAGSO,0.000,86400.000,86400.000,
Contact STARLINK-2643 - MoonIOAGSO 0001,0.000,86400.000,86400.000,
Contact STARLINK-2643 - MoonLRO,0.000,86400.000,86400.000,
Contact STARLINK-2643 - MarsSat1,1335.126,86400.000,85064.874,
Contact STARLINK-2643 - MarsSat2,0.000,86400.000,86400.000,
Contact STARLINK-2643 - MarsSat3,0.000,86400.000,86400.000,
Contact STARLINK-2643 - MarsSat4,0.000,86400.000,86400.000,
Contact STARLINK-5807 - STARLINK-30421,0.000,36735.672,36735.672,
Contact STARLINK-5807 - STARLINK-4338,3344.188,4066.473,722.285,
Contact STARLINK-5807 - STARLINK-4338,17744.808,18479.629,734.821,
Contact STARLINK-5807 - STARLINK-4338,32155.263,32881.062,725.799,
Contact STARLINK-5807 - STARLINK-4338,46555.759,47294.335,738.576,
Contact STARLINK-5807 - STARLINK-4338,60966.115,61695.866,729.751,
Contact STARLINK-5807 - STARLINK-4338,75366.497,76109.245,742.748,
Contact STARLINK-5807 - STARLINK-32197,6819.819,7655.975,836.156,
Contact STARLINK-5807 - STARLINK-32197,20853.500,22049.257,1195.757,
Contact STARLINK-5807 - STARLINK-32197,29339.636,36288.290,6948.654,
Contact STARLINK-5807 - STARLINK-32197,46501.165,47559.419,1058.253,
Contact STARLINK-5807 - STARLINK-32197,61090.500,61401.223,310.723,
Contact STARLINK-5807 - STARLINK-2476,46128.530,46957.416,828.886,
Contact STARLINK-5807 - STARLINK-2476,57376.433,61613.232,4236.799,
Contact STARLINK-5807 - STARLINK-2476,68667.925,86400.000,17732.075,
Contact STARLINK-5807 - STARLINK-2105,0.000,81.035,81.035,
Contact STARLINK-5807 - STARLINK-2105,13758.243,14459.887,701.644,
Contact STARLINK-5807 - STARLINK-2105,28107.423,28844.382,736.958,
Contact STARLINK-5807 - STARLINK-2105,39590.881,43220.636,3629.755,
Contact STARLINK-5807 - STARLINK-2105,53949.606,57601.400,3651.794,
Contact STARLINK-5807 - STARLINK-2105,68303.813,69102.465,798.652,
Contact STARLINK-5807 - STARLINK-2105,82665.153,83475.075,809.922,
Contact STARLINK-5807 - STARLINK-11199 [DTC],50244.985,57104.681,6859.695,
Contact STARLINK-5807 - STARLINK-11199 [DTC],57883.498,76507.298,18623.799,
Contact STARLINK-5807 - STARLINK-30100,86366.887,86400.000,33.113,
Contact STARLINK-5807 - STARLINK-11101 [DTC],31677.605,32523.625,846.019,
Contact STARLINK-5807 - STARLINK-11101 [DTC],42726.001,43965.388,1239.387,
Contact STARLINK-5807 - STARLINK-11101 [DTC],57029.458,57775.320,745.862,
Contact STARLINK-5807 - STARLINK-31853,10337.506,11180.699,843.193,
Contact STARLINK-5807 - STARLINK-31853,24591.167,25335.264,744.096,
Contact STARLINK-5807 - STARLINK-5535,0.000,86400.000,86400.000,
Contact STARLINK-5807 - STARLINK-5289,3513.376,3843.341,329.965,
Contact STARLINK-5807 - STARLINK-5289,17914.228,18268.622,354.394,
Contact STARLINK-5807 - STARLINK-5289,32336.644,32670.273,333.629,
Contact STARLINK-5807 - STARLINK-5289,46737.581,47095.443,357.862,
Contact STARLINK-5807 - STARLINK-5289,61159.849,61497.207,337.357,
Contact STARLINK-5807 - STARLINK-5289,75560.871,75922.264,361.393,
Contact STARLINK-5807 - STARLINK-31345,10101.014,10919.151,818.137,
Contact STARLINK-5807 - STARLINK-31345,21501.498,22324.942,823.445,
Contact STARLINK-5807 - STARLINK-31345,35770.291,36564.744,794.453,
Contact STARLINK-5807 - STARLINK-31345,50063.727,50778.705,714.978,
Contact STARLINK-5807 - STARLINK-31345,64376.404,64975.205,598.801,
Contact STARLINK-5807 - STARLINK-31690,10490.451,11023.095,532.644,
Contact STARLINK-5807 - STARLINK-5239,68353.275,68903.012,549.738,
Contact STARLINK-5807 - STARLINK-5239,82691.893,83290.255,598.361,
Contact STARLINK-5807 - STARLINK-1302,0.000,86400.000,86400.000,
Contact STARLINK-5807 - STARLINK-4675,0.000,68341.575,68341.575,
Contact STARLINK-5807 - STARLINK-4675,68972.543,82412.354,13439.811,
Contact STARLINK-5807 - STARLINK-31554,0.000,271.247,271.247,
Contact STARLINK-5807 - STARLINK-4383,6679.672,7414.882,735.210,
Contact STARLINK-5807 - STARLINK-4383,21087.273,21818.358,731.085,
Contact STARLINK-5807 - STARLINK-4383,35485.757,36231.288,745.531,
Contact STARLINK-5807 - STARLINK-4383,49893.724,50634.343,740.619,
Contact STARLINK-5807 - STARLINK-4383,64292.553,65046.919,754.366,
Contact STARLINK-5807 - STARLINK-4383,78700.863,79449.576,748.714,
Contact STARLINK-5807 - STARLINK-5713,6922.839,7867.839,945.000,
Contact STARLINK-5807 - STARLINK-5713,21311.723,22250.473,938.749,
Contact STARLINK-5807 - STARLINK-5713,35698.380,36635.865,937.485,
Contact STARLINK-5807 - STARLINK-5713,50089.384,51016.350,926.965,
Contact STARLINK-5807 - STARLINK-5713,64477.813,65399.960,922.147,
Contact STARLINK-5807 - STARLINK-5713,78871.046,79778.190,907.144,
Contact STARLINK-5807 - STARLINK-11265 [DTC],35473.578,36463.424,989.845,
Contact STARLINK-5807 - STARLINK-11265 [DTC],46590.548,50534.293,3943.745,
Contact STARLINK-5807 - STARLINK-31034,6646.134,7520.042,873.908,
Contact STARLINK-5807 - STARLINK-31034,20949.506,21730.993,781.486,
Contact STARLINK-5807 - STARLINK-31034,46791.165,47217.780,426.615,
Contact STARLINK-5807 - STARLINK-31611,3538.954,4041.046,502.092,
Contact STARLINK-5807 - MoonARTEMIS1,982.431,10492.467,9510.036,
Contact STARLINK-5807 - MoonARTEMIS1,12543.979,16285.603,3741.624,
Contact STARLINK-5807 - MoonARTEMIS1,18330.169,27873.044,9542.875,
Contact STARLINK-5807 - MoonARTEMIS1,29886.963,39426.388,9539.425,
Contact STARLINK-5807 - MoonARTEMIS1,41429.238,45204.361,3775.123,
Contact STARLINK-5807 - MoonARTEMIS1,47201.831,56763.440,9561.609,
Contact STARLINK-5807 - MoonARTEMIS1,58749.621,68327.018,9577.397,
Contact STARLINK-5807 - MoonARTEMIS1,70300.903,74110.711,3809.808,
Contact STARLINK-5807 - MoonARTEMIS1,76077.980,85682.686,9604.706,
Contact STARLINK-5807 - MoonARTEMIS2,1046.110,10571.991,9525.881,
Contact STARLINK-5807 - MoonARTEMIS2,12600.763,16354.584,3753.821,
Contact STARLINK-5807 - MoonARTEMIS2,18377.048,27916.985,9539.938,
Contact STARLINK-5807 - MoonARTEMIS2,29927.109,39474.514,9547.404,
Contact STARLINK-5807 - MoonARTEMIS2,41472.638,45250.633,3777.995,
Contact STARLINK-5807 - MoonARTEMIS2,47242.790,56793.896,9551.106,
Contact STARLINK-5807 - MoonARTEMIS2,64560.551,68390.567,3830.017,
Contact STARLINK-5807 - MoonARTEMIS2,70349.843,74190.634,3840.791,
Contact STARLINK-5807 - MoonARTEMIS2,76137.321,85784.174,9646.853,
Contact STARLINK-5807 - MoonIOAGEO,1001.868,10504.585,9502.717,
Contact STARLINK-5807 - MoonIOAGEO,12551.393,16111.028,3559.635,
Contact STARLINK-5807 - MoonIOAGEO,20071.076,27885.695,7814.620,
Contact STARLINK-5807 - MoonIOAGEO,29900.117,39441.660,9541.543,
Contact STARLINK-5807 - MoonIOAGEO,41444.984,45213.750,3768.765,
Contact STARLINK-5807 - MoonIOAGEO,47214.804,56783.989,9569.184,
Contact STARLINK-5807 - MoonIOAGEO,64557.907,68383.445,3825.538,
Contact STARLINK-5807 - MoonIOAGEO,70343.948,74175.226,3831.278,
Contact STARLINK-5807 - MoonIOAGEO,76124.459,85727.628,9603.169,
Contact STARLINK-5807 - MoonIOAGNO,1008.178,10516.488,9508.309,
Contact STARLINK-5807 - MoonIOAGNO,12560.173,16309.176,3749.002,
Contact STARLINK-5807 - MoonIOAGNO,18348.774,27871.601,9522.827,
Contact STARLINK-5807 - MoonIOAGNO,29904.646,39431.719,9527.073,
Contact STARLINK-5807 - MoonIOAGNO,41449.475,45214.170,3764.694,
Contact STARLINK-5807 - MoonIOAGNO,47219.963,56803.465,9583.502,
Contact STARLINK-5807 - MoonIOAGNO,58788.026,68371.112,9583.086,
Contact STARLINK-5807 - MoonIOAGNO,70351.278,74151.938,3800.660,
Contact STARLINK-5807 - MoonIOAGNO,76126.429,85717.501,9591.072,
Contact STARLINK-5807 - MoonIOAGNO 0001,1020.819,10517.945,9497.126,
Contact STARLINK-5807 - MoonIOAGNO 0001,12570.917,16297.194,3726.277,
Contact STARLINK-5807 - MoonIOAGNO 0001,18342.630,27861.510,9518.880,
Contact STARLINK-5807 - MoonIOAGNO 0001,29884.136,39447.154,9563.018,
Contact STARLINK-5807 - MoonIOAGNO 0001,41459.595,45228.860,3769.265,
Contact STARLINK-5807 - MoonIOAGNO 0001,47238.745,56789.756,9551.011,
Contact STARLINK-5807 - MoonIOAGNO 0001,58787.282,68356.833,9569.551,
Contact STARLINK-5807 - MoonIOAGNO 0001,70329.759,74151.396,3821.637,
Contact STARLINK-5807 - MoonIOAGNO 0001,76110.126,85737.148,9627.023,
Contact STARLINK-5807 - MoonIOAGSO,992.277,10517.689,9525.413,
Contact STARLINK-5807 - MoonIOAGSO,12563.877,16309.101,3745.224,
Contact STARLINK-5807 - MoonIOAGSO,18332.985,27868.724,9535.739,
Contact STARLINK-5807 - MoonIOAGSO,29875.020,39429.629,9554.609,
Contact STARLINK-5807 - MoonIOAGSO,41429.071,45213.031,3783.960,
Contact STARLINK-5807 - MoonIOAGSO,47212.008,54721.613,7509.605,
Contact STARLINK-5807 - MoonIOAGSO,58779.127,68375.477,9596.351,
Contact STARLINK-5807 - MoonIOAGSO,70321.615,74158.058,3836.443,
Contact STARLINK-5807 - MoonIOAGSO,76097.005,85724.062,9627.057,
Contact STARLINK-5807 - MoonIOAGSO 0001,997.351,10511.281,9513.931,
Contact STARLINK-5807 - MoonIOAGSO 0001,12542.494,16291.043,3748.549,
Contact STARLINK-5807 - MoonIOAGSO 0001,18319.682,27859.680,9539.998,
Contact STARLINK-5807 - MoonIOAGSO 0001,29887.648,39447.484,9559.835,
Contact STARLINK-5807 - MoonIOAGSO 0001,41439.543,45229.364,3789.820,
Contact STARLINK-5807 - MoonIOAGSO 0001,47210.508,56791.578,9581.069,
Contact STARLINK-5807 - MoonIOAGSO 0001,58761.183,68358.581,9597.398,
Contact STARLINK-5807 - MoonIOAGSO 0001,70326.594,74150.624,3824.030,
Contact STARLINK-5807 - MoonIOAGSO 0001,77779.398,85742.669,7963.271,
Contact STARLINK-5807 - MoonLRO,1010.129,10513.450,9503.320,
Contact STARLINK-5807 - MoonLRO,12561.181,16300.869,3739.688,
Contact STARLINK-5807 - MoonLRO,18333.202,27875.030,9541.828,
Contact STARLINK-5807 - MoonLRO,29887.230,39436.386,9549.156,
Contact STARLINK-5807 - MoonLRO,41450.176,45219.251,3769.075,
Contact STARLINK-5807 - MoonLRO,47226.414,56798.498,9572.085,
Contact STARLINK-5807 - MoonLRO,58773.158,68373.358,9600.200,
Contact STARLINK-5807 - MoonLRO,70334.187,74155.404,3821.216,
Contact STARLINK-5807 - MoonLRO,76117.752,85726.824,9609.072,
Contact STARLINK-5807 - MarsSat1,1335.845,10658.788,9322.943,
Contact STARLINK-5807 - MarsSat1,12583.385,16428.650,3845.264,
Contact STARLINK-5807 - MarsSat1,18351.975,27968.318,9616.343,
Contact STARLINK-5807 - MarsSat1,29889.109,39507.921,9618.812,
Contact STARLINK-5807 - MarsSat1,41426.202,45277.716,3851.514,
Contact STARLINK-5807 - MarsSat1,47194.753,56817.352,9622.599,
Contact STARLINK-5807 - MarsSat1,58731.911,68357.113,9625.202,
Contact STARLINK-5807 - MarsSat1,70269.191,74127.051,3857.861,
Contact STARLINK-5807 - MarsSat1,76037.880,85667.026,9629.146,
Contact STARLINK-5807 - MarsSat2,1046.056,10658.640,9612.584,
Contact STARLINK-5807 - MarsSat2,12583.347,16428.537,3845.190,
Contact STARLINK-5807 - MarsSat2,18351.993,27968.339,9616.346,
Contact STARLINK-5807 - MarsSat2,29889.260,39508.140,9618.879,
Contact STARLINK-5807 - MarsSat2,41426.510,45278.042,3851.532,
Contact STARLINK-5807 - MarsSat2,47195.134,56817.853,9622.719,
Contact STARLINK-5807 - MarsSat2,58732.387,68357.677,9625.291,
Contact STARLINK-5807 - MarsSat2,70269.653,74127.595,3857.943,
Contact STARLINK-5807 - MarsSat2,76038.293,85667.445,9629.153,
Contact STARLINK-5807 - MarsSat3,1046.021,10658.586,9612.564,
Contact STARLINK-5807 - MarsSat3,12583.204,16428.426,3845.221,
Contact STARLINK-5807 - MarsSat3,18351.852,27968.187,9616.335,
Contact STARLINK-5807 - MarsSat3,29889.134,39507.968,9618.834,
Contact STARLINK-5807 - MarsSat3,41426.352,45277.856,3851.503,
Contact STARLINK-5807 - MarsSat3,47194.946,56817.626,9622.679,
Contact STARLINK-5807 - MarsSat3,58732.125,68357.392,9625.267,
Contact STARLINK-5807 - MarsSat3,70269.315,74127.276,3857.961,
Contact STARLINK-5807 - MarsSat3,76037.925,85667.055,9629.130,
Contact STARLINK-5807 - MarsSat4,1046.220,10658.716,9612.496,
Contact STARLINK-5807 - MarsSat4,12583.216,16428.471,3845.255,
Contact STARLINK-5807 - MarsSat4,18351.752,27968.164,9616.413,
Contact STARLINK-5807 - MarsSat4,29889.059,39507.939,9618.879,
Contact STARLINK-5807 - MarsSat4,41426.178,45277.756,3851.578,
Contact STARLINK-5807 - MarsSat4,47194.733,56817.443,9622.710,
Contact STARLINK-5807 - MarsSat4,58732.072,68357.382,9625.310,
Contact STARLINK-5807 - MarsSat4,70269.364,74127.274,3857.910,
Contact STARLINK-5807 - MarsSat4,76037.957,85667.012,9629.055,
Contact STARLINK-2367 - STARLINK-4560,25153.186,25792.889,639.703,
Contact STARLINK-2367 - STARLINK-4560,39495.276,40115.484,620.207,
Contact STARLINK-2367 - STARLINK-4560,53827.453,54448.074,620.621,
Contact STARLINK-2367 - STARLINK-4560,68170.309,68769.814,599.506,
Contact STARLINK-2367 - STARLINK-4560,82502.561,83102.170,599.609,
Contact STARLINK-2367 - STARLINK-2476,10143.531,11265.252,1121.721,
Contact STARLINK-2367 - STARLINK-2476,18710.774,25585.149,6874.376,
Contact STARLINK-2367 - STARLINK-2476,35859.305,39890.715,4031.410,
Contact STARLINK-2367 - STARLINK-2476,50158.569,54203.259,4044.690,
Contact STARLINK-2367 - STARLINK-2476,64451.420,71367.246,6915.825,
Contact STARLINK-2367 - STARLINK-2476,78757.701,85661.436,6903.735,
Contact STARLINK-2367 - STARLINK-2105,3251.263,4267.829,1016.566,
Contact STARLINK-2367 - STARLINK-2105,17564.424,18539.852,975.429,
Contact STARLINK-2367 - STARLINK-2105,31869.676,32820.161,950.485,
Contact STARLINK-2367 - STARLINK-2105,46187.043,47087.819,900.776,
Contact STARLINK-2367 - STARLINK-2105,60496.225,61364.060,867.835,
Contact STARLINK-2367 - STARLINK-2105,71949.430,75626.556,3677.126,
Contact STARLINK-2367 - STARLINK-2105,86274.185,86400.000,125.815,
Contact STARLINK-2367 - STARLINK-31536,79055.700,79817.148,761.448,
Contact STARLINK-2367 - STARLINK-11199 [DTC],22170.410,54528.577,32358.167,
Contact STARLINK-2367 - STARLINK-5849,0.000,68475.080,68475.080,
Contact STARLINK-2367 - STARLINK-30100,7017.842,7567.518,549.676,
Contact STARLINK-2367 - STARLINK-30100,21406.982,21807.932,400.950,
Contact STARLINK-2367 - STARLINK-11101 [DTC],10590.268,11069.804,479.536,
Contact STARLINK-2367 - STARLINK-11101 [DTC],24430.157,25229.873,799.716,
Contact STARLINK-2367 - STARLINK-11101 [DTC],35608.121,36450.351,842.230,
Contact STARLINK-2367 - STARLINK-11101 [DTC],61142.752,61316.987,174.235,
Contact STARLINK-2367 - STARLINK-31853,3022.415,3875.935,853.521,
Contact STARLINK-2367 - STARLINK-5837,2886.153,4213.372,1327.219,
Contact STARLINK-2367 - STARLINK-5837,17294.399,18489.360,1194.961,
Contact STARLINK-2367 - STARLINK-5837,31708.184,32752.527,1044.343,
Contact STARLINK-2367 - STARLINK-5837,46178.567,46967.492,788.925,
Contact STARLINK-2367 - STARLINK-31345,0.000,685.728,685.728,
Contact STARLINK-2367 - STARLINK-31345,14101.148,14705.443,604.294,
Contact STARLINK-2367 - STARLINK-5239,3200.594,4129.250,928.656,
Contact STARLINK-2367 - STARLINK-5239,17536.791,18369.703,832.912,
Contact STARLINK-2367 - STARLINK-5239,31857.744,32626.706,768.962,
Contact STARLINK-2367 - STARLINK-5239,46207.134,46853.880,646.746,
Contact STARLINK-2367 - STARLINK-1302,21572.729,21937.701,364.972,
Contact STARLINK-2367 - STARLINK-1302,35790.788,36320.177,529.389,
Contact STARLINK-2367 - STARLINK-1302,50044.187,50666.431,622.244,
Contact STARLINK-2367 - STARLINK-1302,64292.076,65018.893,726.817,
Contact STARLINK-2367 - STARLINK-1302,78559.763,79350.709,790.945,
Contact STARLINK-2367 - STARLINK-6135,0.000,455.536,455.536,
Contact STARLINK-2367 - STARLINK-6135,10554.989,14667.700,4112.711,
Contact STARLINK-2367 - STARLINK-6135,24988.454,28832.067,3843.613,
Contact STARLINK-2367 - STARLINK-6135,39485.383,40138.042,652.659,
Contact STARLINK-2367 - STARLINK-4356,0.000,28661.326,28661.326,
Contact STARLINK-2367 - STARLINK-4356,29195.723,42855.516,13659.793,
Contact STARLINK-2367 - STARLINK-4356,43703.535,57008.301,13304.766,
Contact STARLINK-2367 - STARLINK-4356,58244.767,65519.281,7274.514,
Contact STARLINK-2367 - STARLINK-4356,78617.240,79635.587,1018.347,
Contact STARLINK-2367 - STARLINK-4383,39000.443,39613.217,612.774,
Contact STARLINK-2367 - STARLINK-4383,50395.455,54049.675,3654.219,
Contact STARLINK-2367 - STARLINK-4383,64655.958,68439.463,3783.506,
Contact STARLINK-2367 - STARLINK-4383,78950.045,82830.635,3880.591,
Contact STARLINK-2367 - STARLINK-5713,82594.232,83400.098,805.866,
Contact STARLINK-2367 - STARLINK-11265 [DTC],760.039,31413.248,30653.209,
Contact STARLINK-2367 - MoonARTEMIS1,0.000,6353.707,6353.707,
Contact STARLINK-2367 - MoonARTEMIS1,8366.038,17782.800,9416.762,
Contact STARLINK-2367 - MoonARTEMIS1,19828.045,23497.492,3669.447,
Contact STARLINK-2367 - MoonARTEMIS1,25553.641,34912.307,9358.666,
Contact STARLINK-2367 - MoonARTEMIS1,36980.125,46330.480,9350.354,
Contact STARLINK-2367 - MoonARTEMIS1,48409.272,52040.447,3631.175,
Contact STARLINK-2367 - MoonARTEMIS1,54124.722,63461.860,9337.137,
Contact STARLINK-2367 - MoonARTEMIS1,65557.128,74885.178,9328.050,
Contact STARLINK-2367 - MoonARTEMIS1,76991.482,86310.573,9319.091,
Contact STARLINK-2367 - MoonARTEMIS2,0.000,6385.040,6385.040,
Contact STARLINK-2367 - MoonARTEMIS2,8433.575,17807.502,9373.927,
Contact STARLINK-2367 - MoonARTEMIS2,19871.475,23518.193,3646.718,
Contact STARLINK-2367 - MoonARTEMIS2,25588.755,34938.145,9349.390,
Contact STARLINK-2367 - MoonARTEMIS2,37019.722,46355.171,9335.449,
Contact STARLINK-2367 - MoonARTEMIS2,48444.576,52061.658,3617.082,
Contact STARLINK-2367 - MoonARTEMIS2,54153.266,57765.258,3611.992,
Contact STARLINK-2367 - MoonARTEMIS2,65588.657,74911.855,9323.199,
Contact STARLINK-2367 - MoonARTEMIS2,77037.468,86343.748,9306.279,
Contact STARLINK-2367 - MoonIOAGEO,0.000,6360.694,6360.694,
Contact STARLINK-2367 - MoonIOAGEO,8377.864,16167.733,7789.869,
Contact STARLINK-2367 - MoonIOAGEO,20011.392,23497.133,3485.741,
Contact STARLINK-2367 - MoonIOAGEO,25558.893,34922.308,9363.415,
Contact STARLINK-2367 - MoonIOAGEO,36996.284,46340.242,9343.958,
Contact STARLINK-2367 - MoonIOAGEO,48420.428,52050.025,3629.598,
Contact STARLINK-2367 - MoonIOAGEO,54138.116,57762.409,3624.293,
Contact STARLINK-2367 - MoonIOAGEO,65586.147,74906.645,9320.498,
Contact STARLINK-2367 - MoonIOAGEO,77027.137,86327.183,9300.046,
Contact STARLINK-2367 - MoonIOAGNO,0.000,6363.146,6363.146,
Contact STARLINK-2367 - MoonIOAGNO,8383.372,17797.240,9413.868,
Contact STARLINK-2367 - MoonIOAGNO,19843.466,23515.543,3672.077,
Contact STARLINK-2367 - MoonIOAGNO,25564.527,34937.458,9372.932,
Contact STARLINK-2367 - MoonIOAGNO,36997.661,46346.800,9349.139,
Contact STARLINK-2367 - MoonIOAGNO,48424.732,52049.211,3624.479,
Contact STARLINK-2367 - MoonIOAGNO,54143.749,63492.644,9348.895,
Contact STARLINK-2367 - MoonIOAGNO,65597.733,74920.182,9322.449,
Contact STARLINK-2367 - MoonIOAGNO,77030.065,86335.121,9305.055,
Contact STARLINK-2367 - MoonIOAGNO 0001,0.000,6385.799,6385.799,
Contact STARLINK-2367 - MoonIOAGNO 0001,8400.606,17800.945,9400.340,
Contact STARLINK-2367 - MoonIOAGNO 0001,19833.347,23503.855,3670.509,
Contact STARLINK-2367 - MoonIOAGNO 0001,25548.007,34919.652,9371.645,
Contact STARLINK-2367 - MoonIOAGNO 0001,36998.383,46361.038,9362.655,
Contact STARLINK-2367 - MoonIOAGNO 0001,48442.232,52073.274,3631.042,
Contact STARLINK-2367 - MoonIOAGNO 0001,54158.330,63488.223,9329.893,
Contact STARLINK-2367 - MoonIOAGNO 0001,65584.786,74897.005,9312.219,
Contact STARLINK-2367 - MoonIOAGNO 0001,77019.159,86342.764,9323.605,
Contact STARLINK-2367 - MoonIOAGSO,0.000,6359.969,6359.969,
Contact STARLINK-2367 - MoonIOAGSO,8385.730,17776.885,9391.155,
Contact STARLINK-2367 - MoonIOAGSO,19827.783,23480.304,3652.520,
Contact STARLINK-2367 - MoonIOAGSO,25541.900,34899.608,9357.707,
Contact STARLINK-2367 - MoonIOAGSO,36975.929,46333.055,9357.126,
Contact STARLINK-2367 - MoonIOAGSO,48420.876,52055.596,3634.720,
Contact STARLINK-2367 - MoonIOAGSO,55964.176,63467.642,7503.466,
Contact STARLINK-2367 - MoonIOAGSO,65576.830,74885.079,9308.249,
Contact STARLINK-2367 - MoonIOAGSO,77006.045,86315.166,9309.120,
Contact STARLINK-2367 - MoonIOAGSO 0001,0.000,6342.818,6342.818,
Contact STARLINK-2367 - MoonIOAGSO 0001,8376.727,17767.056,9390.330,
Contact STARLINK-2367 - MoonIOAGSO 0001,19816.170,23484.809,3668.638,
Contact STARLINK-2367 - MoonIOAGSO 0001,25540.691,34920.551,9379.860,
Contact STARLINK-2367 - MoonIOAGSO 0001,36992.175,46326.404,9334.229,
Contact STARLINK-2367 - MoonIOAGSO 0001,48418.246,52035.618,3617.372,
Contact STARLINK-2367 - MoonIOAGSO 0001,54133.956,63463.880,9329.924,
Contact STARLINK-2367 - MoonIOAGSO 0001,65572.348,74905.842,9333.494,
Contact STARLINK-2367 - MoonIOAGSO 0001,77778.754,86316.471,8537.717,
Contact STARLINK-2367 - MoonLRO,0.000,6368.293,6368.293,
Contact STARLINK-2367 - MoonLRO,8391.743,17781.718,9389.975,
Contact STARLINK-2367 - MoonLRO,19833.947,23491.362,3657.414,
Contact STARLINK-2367 - MoonLRO,25549.374,34922.110,9372.736,
Contact STARLINK-2367 - MoonLRO,36986.967,46343.841,9356.875,
Contact STARLINK-2367 - MoonLRO,48433.040,52051.067,3618.027,
Contact STARLINK-2367 - MoonLRO,54150.796,63476.105,9325.309,
Contact STARLINK-2367 - MoonLRO,65579.517,74906.816,9327.299,
Contact STARLINK-2367 - MoonLRO,77019.274,86324.929,9305.654,
Contact STARLINK-2367 - MarsSat1,2721.014,6374.826,3653.812,
Contact STARLINK-2367 - MarsSat1,8431.770,17792.985,9361.214,
Contact STARLINK-2367 - MarsSat1,19853.174,23502.046,3648.872,
Contact STARLINK-2367 - MarsSat1,25563.815,34920.132,9356.317,
Contact STARLINK-2367 - MarsSat1,36984.980,46338.196,9353.215,
Contact STARLINK-2367 - MarsSat1,48406.033,52047.233,3641.200,
Contact STARLINK-2367 - MarsSat1,54116.537,63465.345,9348.808,
Contact STARLINK-2367 - MarsSat1,65537.533,74883.517,9345.983,
Contact STARLINK-2367 - MarsSat1,76958.529,86301.734,9343.205,
Contact STARLINK-2367 - MarsSat2,0.000,6374.787,6374.787,
Contact STARLINK-2367 - MarsSat2,8431.697,17793.037,9361.340,
Contact STARLINK-2367 - MarsSat2,19853.191,23502.140,3648.950,
Contact STARLINK-2367 - MarsSat2,25563.886,34920.313,9356.428,
Contact STARLINK-2367 - MarsSat2,36985.179,46338.458,9353.279,
Contact STARLINK-2367 - MarsSat2,48406.357,52047.524,3641.167,
Contact STARLINK-2367 - MarsSat2,54116.906,63465.647,9348.741,
Contact STARLINK-2367 - MarsSat2,65537.930,74883.763,9345.832,
Contact STARLINK-2367 - MarsSat2,76958.861,86301.874,9343.012,
Contact STARLINK-2367 - MarsSat3,0.000,6374.674,6374.674,
Contact STARLINK-2367 - MarsSat3,8431.605,17792.930,9361.325,
Contact STARLINK-2367 - MarsSat3,19853.075,23502.055,3648.980,
Contact STARLINK-2367 - MarsSat3,25563.777,34920.232,9356.455,
Contact STARLINK-2367 - MarsSat3,36985.060,46338.336,9353.276,
Contact STARLINK-2367 - MarsSat3,48406.197,52047.373,3641.177,
Contact STARLINK-2367 - MarsSat3,54116.718,63465.436,9348.718,
Contact STARLINK-2367 - MarsSat3,65537.683,74883.506,9345.822,
Contact STARLINK-2367 - MarsSat3,76958.564,86301.614,9343.051,
Contact STARLINK-2367 - MarsSat4,0.000,6374.763,6374.763,
Contact STARLINK-2367 - MarsSat4,8431.696,17792.823,9361.127,
Contact STARLINK-2367 - MarsSat4,19852.987,23501.945,3648.958,
Contact STARLINK-2367 - MarsSat4,25563.698,34920.118,9356.420,
Contact STARLINK-2367 - MarsSat4,36984.965,46338.158,9353.193,
Contact STARLINK-2367 - MarsSat4,48406.026,52047.232,3641.207,
Contact STARLINK-2367 - MarsSat4,54116.577,63465.491,9348.914,
Contact STARLINK-2367 - MarsSat4,65537.715,74883.543,9345.828,
Contact STARLINK-2367 - MarsSat4,76958.585,86301.692,9343.107,
Contact STARLINK-4560 - STARLINK-3189,3477.277,4195.949,718.672,
Contact STARLINK-4560 - STARLINK-3189,17822.427,18546.696,724.269,
Contact STARLINK-4560 - STARLINK-3189,32170.244,32895.488,725.243,
Contact STARLINK-4560 - STARLINK-3189,46515.806,47245.807,730.000,
Contact STARLINK-4560 - STARLINK-3189,60863.035,61595.166,732.131,
Contact STARLINK-4560 - STARLINK-3189,75209.007,75945.061,736.054,
Contact STARLINK-4560 - STARLINK-31784,31799.942,39055.221,7255.279,
Contact STARLINK-4560 - STARLINK-31784,40210.530,53261.970,13051.440,
Contact STARLINK-4560 - STARLINK-31784,54455.233,61628.897,7173.665,
Contact STARLINK-4560 - STARLINK-32197,10382.571,10923.906,541.335,
Contact STARLINK-4560 - STARLINK-32197,35933.823,36518.179,584.356,
Contact STARLINK-4560 - STARLINK-32197,50131.767,50734.794,603.027,
Contact STARLINK-4560 - STARLINK-32197,64319.879,64960.379,640.500,
Contact STARLINK-4560 - STARLINK-31536,0.000,3767.388,3767.388,
Contact STARLINK-4560 - STARLINK-31536,14071.743,20996.167,6924.423,
Contact STARLINK-4560 - STARLINK-31536,28268.722,35242.936,6974.214,
Contact STARLINK-4560 - STARLINK-31536,42553.986,43746.442,1192.456,
Contact STARLINK-4560 - STARLINK-31536,56967.613,57820.338,852.725,
Contact STARLINK-4560 - STARLINK-6148,6885.293,7263.909,378.616,
Contact STARLINK-4560 - STARLINK-6148,21270.301,21630.385,360.084,
Contact STARLINK-4560 - STARLINK-6148,35647.378,36004.261,356.883,
Contact STARLINK-4560 - STARLINK-11199 [DTC],14036.610,14764.736,728.126,
Contact STARLINK-4560 - STARLINK-11199 [DTC],28128.337,28808.396,680.059,
Contact STARLINK-4560 - STARLINK-11199 [DTC],39438.199,40008.200,570.000,
Contact STARLINK-4560 - STARLINK-5849,0.000,67.003,67.003,
Contact STARLINK-4560 - STARLINK-5849,13727.201,14475.214,748.013,
Contact STARLINK-4560 - STARLINK-5849,28133.698,28872.549,738.851,
Contact STARLINK-4560 - STARLINK-5849,42530.112,43280.699,750.587,
Contact STARLINK-4560 - STARLINK-5849,56936.534,57678.083,741.549,
Contact STARLINK-4560 - STARLINK-5849,71332.990,72086.160,753.170,
Contact STARLINK-4560 - STARLINK-5849,85739.347,86400.000,660.653,
Contact STARLINK-4560 - STARLINK-5649,2932.719,3700.982,768.264,
Contact STARLINK-4560 - STARLINK-5649,17310.594,18078.228,767.633,
Contact STARLINK-4560 - STARLINK-5649,31687.135,32457.664,770.529,
Contact STARLINK-4560 - STARLINK-5649,43188.889,46834.732,3645.842,
Contact STARLINK-4560 - STARLINK-5649,57566.993,61214.363,3647.370,
Contact STARLINK-4560 - STARLINK-5649,71943.248,72717.047,773.799,
Contact STARLINK-4560 - STARLINK-5649,86321.515,86400.000,78.485,
Contact STARLINK-4560 - STARLINK-5197,3141.052,3813.026,671.974,
Contact STARLINK-4560 - STARLINK-5197,17492.617,18159.596,666.979,
Contact STARLINK-4560 - STARLINK-5197,31844.919,32506.129,661.210,
Contact STARLINK-4560 - STARLINK-5197,46196.587,46852.575,655.988,
Contact STARLINK-4560 - STARLINK-5197,60547.895,61200.028,652.133,
Contact STARLINK-4560 - STARLINK-5197,86380.687,86400.000,19.313,
Contact STARLINK-4560 - STARLINK-11101 [DTC],0.000,6540.543,6540.543,
Contact STARLINK-4560 - STARLINK-2685,14364.725,14984.077,619.352,
Contact STARLINK-4560 - STARLINK-2685,28703.250,29374.071,670.821,
Contact STARLINK-4560 - STARLINK-2685,43027.971,43777.276,749.305,
Contact STARLINK-4560 - STARLINK-2685,57370.584,58163.507,792.922,
Contact STARLINK-4560 - STARLINK-2685,71700.137,72562.004,861.868,
Contact STARLINK-4560 - STARLINK-2685,86046.087,86400.000,353.913,
Contact STARLINK-4560 - STARLINK-4254,0.000,4106.406,4106.406,
Contact STARLINK-4560 - STARLINK-4254,17392.161,18318.326,926.165,
Contact STARLINK-4560 - STARLINK-4254,32014.282,32410.708,396.425,
Contact STARLINK-4560 - STARLINK-31853,64512.530,65390.092,877.562,
Contact STARLINK-4560 - STARLINK-31853,78623.602,79670.904,1047.302,
Contact STARLINK-4560 - STARLINK-4551,64773.921,65498.113,724.192,
Contact STARLINK-4560 - STARLINK-4551,79054.401,82816.347,3761.946,
Contact STARLINK-4560 - STARLINK-1578,64348.634,65019.365,670.731,
Contact STARLINK-4560 - STARLINK-1578,78496.299,79575.132,1078.833,
Contact STARLINK-4560 - STARLINK-5535,6912.212,7648.199,735.986,
Contact STARLINK-4560 - STARLINK-5535,21310.130,22036.159,726.029,
Contact STARLINK-4560 - STARLINK-5535,35696.335,36434.864,738.529,
Contact STARLINK-4560 - STARLINK-5535,50094.264,50822.793,728.529,
Contact STARLINK-4560 - STARLINK-5535,64480.449,65221.505,741.056,
Contact STARLINK-4560 - STARLINK-5535,78878.390,79609.402,731.012,
Contact STARLINK-4560 - STARLINK-3525,28773.980,29212.925,438.945,
Contact STARLINK-4560 - STARLINK-3525,43115.364,43558.257,442.893,
Contact STARLINK-4560 - STARLINK-3525,57460.474,57899.507,439.033,
Contact STARLINK-4560 - STARLINK-3525,71799.280,72247.286,448.006,
Contact STARLINK-4560 - STARLINK-3525,86143.616,86400.000,256.384,
Contact STARLINK-4560 - STARLINK-1276,0.000,704.975,704.975,
Contact STARLINK-4560 - STARLINK-1276,13766.302,15097.138,1330.836,
Contact STARLINK-4560 - STARLINK-1276,28126.086,29475.901,1349.814,
Contact STARLINK-4560 - STARLINK-1276,42471.561,43862.171,1390.610,
Contact STARLINK-4560 - STARLINK-1276,51094.508,58235.191,7140.683,
Contact STARLINK-4560 - STARLINK-1276,65445.324,72614.697,7169.373,
Contact STARLINK-4560 - STARLINK-1276,79817.865,86400.000,6582.135,
Contact STARLINK-4560 - STARLINK-31852,6462.551,7228.206,765.656,
Contact STARLINK-4560 - STARLINK-31852,17860.693,18544.392,683.699,
Contact STARLINK-4560 - STARLINK-31852,32138.640,32660.631,521.990,
Contact STARLINK-4560 - STARLINK-1666,6804.702,7723.487,918.785,
Contact STARLINK-4560 - STARLINK-1666,21174.095,22074.221,900.126,
Contact STARLINK-4560 - STARLINK-1666,35534.017,36433.569,899.552,
Contact STARLINK-4560 - STARLINK-1666,49904.953,50782.635,877.682,
Contact STARLINK-4560 - STARLINK-1666,64266.414,65140.271,873.857,
Contact STARLINK-4560 - STARLINK-1666,78638.589,79487.972,849.384,
Contact STARLINK-4560 - STARLINK-30879,31844.698,32409.301,564.603,
Contact STARLINK-4560 - STARLINK-30879,43116.965,43867.494,750.529,
Contact STARLINK-4560 - STARLINK-30879,57262.334,58133.809,871.476,
Contact STARLINK-4560 - STARLINK-30879,71450.106,72358.036,907.930,
Contact STARLINK-4560 - STARLINK-30879,85700.015,86400.000,699.985,
Contact STARLINK-4560 - STARLINK-31345,25135.596,25268.134,132.538,
Contact STARLINK-4560 - STARLINK-31345,39169.598,39725.857,556.259,
Contact STARLINK-4560 - STARLINK-31345,53311.533,54074.803,763.270,
Contact STARLINK-4560 - STARLINK-31345,64662.603,65515.923,853.320,
Contact STARLINK-4560 - STARLINK-31345,78887.135,79781.472,894.337,
Contact STARLINK-4560 - STARLINK-5058,28784.667,29324.979,540.313,
Contact STARLINK-4560 - STARLINK-5058,43158.887,43706.493,547.606,
Contact STARLINK-4560 - STARLINK-5058,57535.125,58085.488,550.363,
Contact STARLINK-4560 - STARLINK-5058,71909.178,72467.103,557.924,
Contact STARLINK-4560 - STARLINK-5058,86285.726,86400.000,114.274,
Contact STARLINK-4560 - STARLINK-31690,64105.494,65273.888,1168.394,
Contact STARLINK-4560 - STARLINK-31690,72520.154,79596.026,7075.873,
Contact STARLINK-4560 - STARLINK-6135,0.000,298.999,298.999,
Contact STARLINK-4560 - STARLINK-6135,13755.636,14682.688,927.052,
Contact STARLINK-4560 - STARLINK-6135,28140.758,29056.461,915.703,
Contact STARLINK-4560 - STARLINK-6135,42516.782,43439.708,922.926,
Contact STARLINK-4560 - STARLINK-6135,56902.834,57812.825,909.990,
Contact STARLINK-4560 - STARLINK-6135,71279.571,72195.539,915.968,
Contact STARLINK-4560 - STARLINK-6135,82785.199,86400.000,3614.801,
Contact STARLINK-4560 - STARLINK-1788,3503.535,4074.667,571.132,
Contact STARLINK-4560 - STARLINK-1788,17861.690,18436.537,574.847,
Contact STARLINK-4560 - STARLINK-1788,32220.564,32798.369,577.805,
Contact STARLINK-4560 - STARLINK-1788,46578.599,47160.364,581.764,
Contact STARLINK-4560 - STARLINK-1788,60936.355,61523.335,586.980,
Contact STARLINK-4560 - STARLINK-1788,75294.234,75885.496,591.262,
Contact STARLINK-4560 - STARLINK-1080,3548.281,4312.867,764.586,
Contact STARLINK-4560 - STARLINK-1080,17889.373,18655.766,766.393,
Contact STARLINK-4560 - STARLINK-1080,32235.160,32994.752,759.592,
Contact STARLINK-4560 - STARLINK-1080,46576.940,47336.852,759.911,
Contact STARLINK-4560 - STARLINK-1080,60922.383,61676.051,753.667,
Contact STARLINK-4560 - STARLINK-1080,75264.782,76017.427,752.645,
Contact STARLINK-4560 - STARLINK-4356,0.000,35.748,35.748,
Contact STARLINK-4560 - STARLINK-4356,13702.202,14430.939,728.737,
Contact STARLINK-4560 - STARLINK-4356,28097.368,28817.192,719.824,
Contact STARLINK-4560 - STARLINK-4356,42483.652,43212.367,728.715,
Contact STARLINK-4560 - STARLINK-4356,53996.225,54724.931,728.706,
Contact STARLINK-4560 - STARLINK-4356,68391.382,69111.172,719.790,
Contact STARLINK-4560 - STARLINK-4356,82777.640,83506.324,728.684,
Contact STARLINK-4560 - STARLINK-31554,75332.379,75622.752,290.373,
Contact STARLINK-4560 - STARLINK-31554,86312.974,86400.000,87.026,
Contact STARLINK-4560 - STARLINK-4383,10340.970,11179.861,838.891,
Contact STARLINK-4560 - STARLINK-4383,24725.892,25578.711,852.819,
Contact STARLINK-4560 - STARLINK-4383,39124.224,39963.686,839.462,
Contact STARLINK-4560 - STARLINK-4383,53509.147,54362.512,853.364,
Contact STARLINK-4560 - STARLINK-4383,67907.458,68747.489,840.031,
Contact STARLINK-4560 - STARLINK-4383,82292.384,83146.290,853.907,
Contact STARLINK-4560 - STARLINK-5713,10535.429,10832.962,297.533,
Contact STARLINK-4560 - STARLINK-5713,24880.727,25242.237,361.511,
Contact STARLINK-4560 - STARLINK-5713,39249.609,39628.462,378.853,
Contact STARLINK-4560 - STARLINK-5713,53602.214,54030.201,427.987,
Contact STARLINK-4560 - STARLINK-5713,67973.772,68413.577,439.805,
Contact STARLINK-4560 - STARLINK-5713,82330.613,82810.861,480.248,
Contact STARLINK-4560 - STARLINK-11265 [DTC],0.000,324.817,324.817,
Contact STARLINK-4560 - STARLINK-11265 [DTC],25036.497,25532.623,496.126,
Contact STARLINK-4560 - STARLINK-11265 [DTC],50285.424,50797.271,511.847,
Contact STARLINK-4560 - STARLINK-11265 [DTC],64279.419,64865.352,585.933,
Contact STARLINK-4560 - STARLINK-11265 [DTC],75479.784,76114.495,634.711,
Contact STARLINK-4560 - STARLINK-4612,3288.722,3977.492,688.770,
Contact STARLINK-4560 - STARLINK-4612,17637.921,18331.710,693.789,
Contact STARLINK-4560 - STARLINK-4612,31986.692,32687.114,700.422,
Contact STARLINK-4560 - STARLINK-4612,46336.064,47041.170,705.106,
Contact STARLINK-4560 - STARLINK-4612,60684.076,61397.351,713.275,
Contact STARLINK-4560 - STARLINK-4612,75033.648,75751.220,717.572,
Contact STARLINK-4560 - STARLINK-31034,10088.124,10820.853,732.729,
Contact STARLINK-4560 - STARLINK-31034,21465.927,22240.536,774.609,
Contact STARLINK-4560 - STARLINK-31034,35696.717,36505.885,809.168,
Contact STARLINK-4560 - STARLINK-31034,49951.277,50748.466,797.189,
Contact STARLINK-4560 - STARLINK-31034,64209.327,64986.419,777.092,
Contact STARLINK-4560 - STARLINK-31034,78487.688,79205.362,717.674,
Contact STARLINK-4560 - STARLINK-3815,57552.584,58282.391,729.808,
Contact STARLINK-4560 - STARLINK-3815,71574.507,78529.129,6954.622,
Contact STARLINK-4560 - STARLINK-3815,85728.463,86400.000,671.537,
Contact STARLINK-4560 - STARLINK-31611,6906.287,7261.171,354.884,
Contact STARLINK-4560 - STARLINK-31611,32377.901,32919.672,541.771,
Contact STARLINK-4560 - STARLINK-31611,46534.489,47167.110,632.621,
Contact STARLINK-4560 - STARLINK-31611,60700.811,61406.079,705.267,
Contact STARLINK-4560 - STARLINK-31611,74881.395,75628.822,747.428,
Contact STARLINK-4560 - STARLINK-31611,86235.823,86400.000,164.177,
Contact STARLINK-4560 - MoonARTEMIS1,0.000,2115.450,2115.450,
Contact STARLINK-4560 - MoonARTEMIS1,4133.359,13622.591,9489.232,
Contact STARLINK-4560 - MoonARTEMIS1,15663.229,25134.617,9471.388,
Contact STARLINK-4560 - MoonARTEMIS1,27200.919,30895.025,3694.105,
Contact STARLINK-4560 - MoonARTEMIS1,32963.115,42412.399,9449.284,
Contact STARLINK-4560 - MoonARTEMIS1,44485.440,53927.766,9442.326,
Contact STARLINK-4560 - MoonARTEMIS1,56007.112,59685.008,3677.897,
Contact STARLINK-4560 - MoonARTEMIS1,61767.897,71198.870,9430.973,
Contact STARLINK-4560 - MoonARTEMIS1,73289.517,82712.097,9422.580,
Contact STARLINK-4560 - MoonARTEMIS1,84811.345,86400.000,1588.655,
Contact STARLINK-4560 - MoonARTEMIS2,0.000,2092.554,2092.554,
Contact STARLINK-4560 - MoonARTEMIS2,4154.147,13604.620,9450.473,
Contact STARLINK-4560 - MoonARTEMIS2,15677.524,25118.233,9440.709,
Contact STARLINK-4560 - MoonARTEMIS2,27199.988,30875.666,3675.679,
Contact STARLINK-4560 - MoonARTEMIS2,32960.976,42392.130,9431.154,
Contact STARLINK-4560 - MoonARTEMIS2,44482.718,53912.479,9429.761,
Contact STARLINK-4560 - MoonARTEMIS2,56005.531,59676.863,3671.331,
Contact STARLINK-4560 - MoonARTEMIS2,62627.269,71189.750,8562.480,
Contact STARLINK-4560 - MoonARTEMIS2,73300.668,82701.678,9401.010,
Contact STARLINK-4560 - MoonARTEMIS2,84823.494,86400.000,1576.506,
Contact STARLINK-4560 - MoonIOAGEO,0.000,2106.269,2106.269,
Contact STARLINK-4560 - MoonIOAGEO,4136.117,13622.143,9486.025,
Contact STARLINK-4560 - MoonIOAGEO,21437.868,25134.031,3696.164,
Contact STARLINK-4560 - MoonIOAGEO,27203.000,30889.082,3686.082,
Contact STARLINK-4560 - MoonIOAGEO,32963.756,42401.643,9437.887,
Contact STARLINK-4560 - MoonIOAGEO,44479.431,53918.688,9439.258,
Contact STARLINK-4560 - MoonIOAGEO,56005.173,59676.938,3671.765,
Contact STARLINK-4560 - MoonIOAGEO,63945.049,71190.513,7245.465,
Contact STARLINK-4560 - MoonIOAGEO,73298.920,82702.880,9403.960,
Contact STARLINK-4560 - MoonIOAGEO,84815.233,86400.000,1584.767,
Contact STARLINK-4560 - MoonIOAGNO,0.000,2097.815,2097.815,
Contact STARLINK-4560 - MoonIOAGNO,4132.520,13618.959,9486.439,
Contact STARLINK-4560 - MoonIOAGNO,15666.167,25111.210,9445.042,
Contact STARLINK-4560 - MoonIOAGNO,27172.044,30866.614,3694.570,
Contact STARLINK-4560 - MoonIOAGNO,32932.975,42389.530,9456.555,
Contact STARLINK-4560 - MoonIOAGNO,44468.153,53923.723,9455.570,
Contact STARLINK-4560 - MoonIOAGNO,56012.444,59666.513,3654.069,
Contact STARLINK-4560 - MoonIOAGNO,61759.525,71167.543,9408.019,
Contact STARLINK-4560 - MoonIOAGNO,73270.024,82687.177,9417.153,
Contact STARLINK-4560 - MoonIOAGNO,84798.209,86400.000,1601.791,
Contact STARLINK-4560 - MoonIOAGNO 0001,0.000,2085.732,2085.732,
Contact STARLINK-4560 - MoonIOAGNO 0001,4119.489,13598.030,9478.541,
Contact STARLINK-4560 - MoonIOAGNO 0001,15644.835,25126.373,9481.538,
Contact STARLINK-4560 - MoonIOAGNO 0001,27189.317,30894.941,3705.624,
Contact STARLINK-4560 - MoonIOAGNO 0001,32965.638,42386.616,9420.978,
Contact STARLINK-4560 - MoonIOAGNO 0001,44465.150,53895.278,9430.128,
Contact STARLINK-4560 - MoonIOAGNO 0001,55983.583,59655.945,3672.363,
Contact STARLINK-4560 - MoonIOAGNO 0001,61749.289,71188.485,9439.196,
Contact STARLINK-4560 - MoonIOAGNO 0001,73295.126,82693.521,9398.394,
Contact STARLINK-4560 - MoonIOAGNO 0001,84803.672,86400.000,1596.328,
Contact STARLINK-4560 - MoonIOAGSO,0.000,2117.123,2117.123,
Contact STARLINK-4560 - MoonIOAGSO,4144.774,13620.285,9475.512,
Contact STARLINK-4560 - MoonIOAGSO,15680.466,25152.343,9471.877,
Contact STARLINK-4560 - MoonIOAGSO,27219.400,30910.716,3691.316,
Contact STARLINK-4560 - MoonIOAGSO,32980.425,42416.689,9436.264,
Contact STARLINK-4560 - MoonIOAGSO,44491.645,53912.544,9420.900,
Contact STARLINK-4560 - MoonIOAGSO,56008.312,59682.688,3674.375,
Contact STARLINK-4560 - MoonIOAGSO,61785.287,71209.543,9424.255,
Contact STARLINK-4560 - MoonIOAGSO,73315.830,82720.245,9404.416,
Contact STARLINK-4560 - MoonIOAGSO,84829.610,86400.000,1570.390,
Contact STARLINK-4560 - MoonIOAGSO 0001,0.000,2125.750,2125.750,
Contact STARLINK-4560 - MoonIOAGSO 0001,4167.141,13640.175,9473.033,
Contact STARLINK-4560 - MoonIOAGSO 0001,15688.001,25139.956,9451.956,
Contact STARLINK-4560 - MoonIOAGSO 0001,27195.388,30885.582,3690.194,
Contact STARLINK-4560 - MoonIOAGSO 0001,34170.677,42418.542,8247.866,
Contact STARLINK-4560 - MoonIOAGSO 0001,44504.755,53937.985,9433.230,
Contact STARLINK-4560 - MoonIOAGSO 0001,56028.594,59692.167,3663.573,
Contact STARLINK-4560 - MoonIOAGSO 0001,61784.775,71190.534,9405.759,
Contact STARLINK-4560 - MoonIOAGSO 0001,73288.979,82715.201,9426.222,
Contact STARLINK-4560 - MoonIOAGSO 0001,84833.397,86400.000,1566.603,
Contact STARLINK-4560 - MoonLRO,0.000,2110.190,2110.190,
Contact STARLINK-4560 - MoonLRO,4144.146,13615.061,9470.915,
Contact STARLINK-4560 - MoonLRO,15674.552,25133.574,9459.022,
Contact STARLINK-4560 - MoonLRO,27192.467,30894.064,3701.597,
Contact STARLINK-4560 - MoonLRO,32954.612,42403.933,9449.321,
Contact STARLINK-4560 - MoonLRO,44487.180,53913.289,9426.109,
Contact STARLINK-4560 - MoonLRO,56010.246,59673.543,3663.297,
Contact STARLINK-4560 - MoonLRO,61767.862,71194.214,9426.352,
Contact STARLINK-4560 - MoonLRO,73291.336,82702.592,9411.256,
Contact STARLINK-4560 - MoonLRO,84821.366,86400.000,1578.634,
Contact STARLINK-4560 - MarsSat1,4217.667,13668.062,9450.395,
Contact STARLINK-4560 - MarsSat1,15730.290,25181.300,9451.010,
Contact STARLINK-4560 - MarsSat1,27242.920,30937.933,3695.013,
Contact STARLINK-4560 - MarsSat1,32999.234,42451.211,9451.977,
Contact STARLINK-4560 - MarsSat1,44511.854,53964.480,9452.625,
Contact STARLINK-4560 - MarsSat1,56024.455,59721.101,3696.646,
Contact STARLINK-4560 - MarsSat1,61780.748,71234.310,9453.562,
Contact STARLINK-4560 - MarsSat1,73293.322,82747.483,9454.161,
Contact STARLINK-4560 - MarsSat1,84805.890,86400.000,1594.110,
Contact STARLINK-4560 - MarsSat2,0.000,2154.909,2154.909,
Contact STARLINK-4560 - MarsSat2,4217.652,13668.011,9450.360,
Contact STARLINK-4560 - MarsSat2,15730.184,25181.176,9450.992,
Contact STARLINK-4560 - MarsSat2,27242.778,30937.776,3694.998,
Contact STARLINK-4560 - MarsSat2,32999.088,42451.001,9451.913,
Contact STARLINK-4560 - MarsSat2,44511.719,53964.244,9452.525,
Contact STARLINK-4560 - MarsSat2,56024.357,59720.870,3696.514,
Contact STARLINK-4560 - MarsSat2,61780.676,71234.128,9453.452,
Contact STARLINK-4560 - MarsSat2,73293.312,82747.389,9454.077,
Contact STARLINK-4560 - MarsSat2,84805.942,86400.000,1594.058,
Contact STARLINK-4560 - MarsSat3,0.000,2155.012,2155.012,
Contact STARLINK-4560 - MarsSat3,4217.789,13668.130,9450.341,
Contact STARLINK-4560 - MarsSat3,15730.266,25181.236,9450.970,
Contact STARLINK-4560 - MarsSat3,27242.791,30937.829,3695.038,
Contact STARLINK-4560 - MarsSat3,32999.097,42451.081,9451.985,
Contact STARLINK-4560 - MarsSat3,44511.757,53964.380,9452.623,
Contact STARLINK-4560 - MarsSat3,56024.443,59721.036,3696.593,
Contact STARLINK-4560 - MarsSat3,61780.785,71234.341,9453.557,
Contact STARLINK-4560 - MarsSat3,73293.446,82747.610,9454.163,
Contact STARLINK-4560 - MarsSat3,84806.049,86400.000,1593.951,
Contact STARLINK-4560 - MarsSat4,0.000,2154.870,2154.870,
Contact STARLINK-4560 - MarsSat4,4217.721,13668.204,9450.483,
Contact STARLINK-4560 - MarsSat4,15730.395,25181.331,9450.936,
Contact STARLINK-4560 - MarsSat4,27242.869,30937.923,3695.053,
Contact STARLINK-4560 - MarsSat4,32999.217,42451.262,9452.045,
Contact STARLINK-4560 - MarsSat4,44511.924,53964.461,9452.538,
Contact STARLINK-4560 - MarsSat4,56024.417,59720.985,3696.568,
Contact STARLINK-4560 - MarsSat4,61780.683,71234.286,9453.603,
Contact STARLINK-4560 - MarsSat4,73293.395,82747.548,9454.153,
Contact STARLINK-4560 - MarsSat4,84805.950,86400.000,1594.050,
Contact STARLINK-3189 - STARLINK-31784,6766.517,7639.771,873.254,
Contact STARLINK-3189 - STARLINK-31784,20880.852,21821.169,940.317,
Contact STARLINK-3189 - STARLINK-31784,32205.102,33133.561,928.459,
Contact STARLINK-3189 - STARLINK-31784,46401.550,47233.459,831.909,
Contact STARLINK-3189 - STARLINK-31784,60652.329,61279.437,627.108,
Contact STARLINK-3189 - STARLINK-5494,10171.297,11255.101,1083.803,
Contact STARLINK-3189 - STARLINK-5494,24507.703,25639.450,1131.747,
Contact STARLINK-3189 - STARLINK-5494,33104.273,40024.848,6920.575,
Contact STARLINK-3189 - STARLINK-5494,47456.657,54389.069,6932.412,
Contact STARLINK-3189 - STARLINK-5494,61806.879,68753.755,6946.876,
Contact STARLINK-3189 - STARLINK-5494,79048.473,83096.927,4048.455,
Contact STARLINK-3189 - STARLINK-30421,67983.467,68850.218,866.752,
Contact STARLINK-3189 - STARLINK-30421,76298.266,83329.565,7031.298,
Contact STARLINK-3189 - STARLINK-4338,0.000,599.116,599.116,
Contact STARLINK-3189 - STARLINK-4338,14126.685,14938.564,811.879,
Contact STARLINK-3189 - STARLINK-4338,28479.131,29286.032,806.901,
Contact STARLINK-3189 - STARLINK-4338,42841.669,43624.083,782.414,
Contact STARLINK-3189 - STARLINK-4338,57195.555,57970.030,774.475,
Contact STARLINK-3189 - STARLINK-4338,71558.951,72307.129,748.178,
Contact STARLINK-3189 - STARLINK-4338,85913.896,86400.000,486.104,
Contact STARLINK-3189 - STARLINK-32197,82655.529,86400.000,3744.471,
Contact STARLINK-3189 - STARLINK-5649,85748.349,86400.000,651.651,
Contact STARLINK-3189 - STARLINK-4254,3221.184,3733.787,512.602,
Contact STARLINK-3189 - STARLINK-4254,17518.652,18040.869,522.217,
Contact STARLINK-3189 - STARLINK-4254,57558.785,58094.161,535.376,
Contact STARLINK-3189 - STARLINK-4254,71861.265,72396.706,535.441,
Contact STARLINK-3189 - STARLINK-4254,86158.961,86400.000,241.039,
Contact STARLINK-3189 - STARLINK-1578,6848.919,7576.100,727.182,
Contact STARLINK-3189 - STARLINK-1578,21145.107,21875.547,730.440,
Contact STARLINK-3189 - STARLINK-1578,35442.767,36173.948,731.181,
Contact STARLINK-3189 - STARLINK-1578,49738.927,50473.340,734.413,
Contact STARLINK-3189 - STARLINK-1578,61176.428,61912.433,736.005,
Contact STARLINK-3189 - STARLINK-1578,75473.995,76210.795,736.800,
Contact STARLINK-3189 - STARLINK-5289,0.000,3640.415,3640.415,
Contact STARLINK-3189 - STARLINK-5289,14168.416,18001.855,3833.438,
Contact STARLINK-3189 - STARLINK-5289,28519.178,29483.416,964.237,
Contact STARLINK-3189 - STARLINK-5289,42885.425,43826.239,940.814,
Contact STARLINK-3189 - STARLINK-5289,57244.339,58175.974,931.635,
Contact STARLINK-3189 - STARLINK-5289,71618.572,72510.901,892.329,
Contact STARLINK-3189 - STARLINK-5289,85985.415,86400.000,414.585,
Contact STARLINK-3189 - STARLINK-31852,0.000,21290.583,21290.583,
Contact STARLINK-3189 - STARLINK-31852,21932.059,29571.129,7639.070,
Contact STARLINK-3189 - STARLINK-31852,39443.478,40512.254,1068.775,
Contact STARLINK-3189 - STARLINK-1666,3275.655,3600.090,324.435,
Contact STARLINK-3189 - STARLINK-1293,7003.546,10832.792,3829.246,
Contact STARLINK-3189 - STARLINK-1293,21319.866,22282.869,963.003,
Contact STARLINK-3189 - STARLINK-1293,35642.266,36592.223,949.957,
Contact STARLINK-3189 - STARLINK-1293,49959.485,50906.688,947.203,
Contact STARLINK-3189 - STARLINK-1293,64282.937,65214.991,932.055,
Contact STARLINK-3189 - STARLINK-1293,78601.059,79528.527,927.469,
Contact STARLINK-3189 - STARLINK-30879,0.000,3078.603,3078.603,
Contact STARLINK-3189 - STARLINK-30879,3857.392,14262.202,10404.810,
Contact STARLINK-3189 - STARLINK-30879,18234.679,28103.802,9869.123,
Contact STARLINK-3189 - STARLINK-30879,35822.261,36205.152,382.891,
Contact STARLINK-3189 - STARLINK-31690,61084.301,61673.688,589.387,
Contact STARLINK-3189 - STARLINK-31690,75109.792,75942.344,832.552,
Contact STARLINK-3189 - STARLINK-31690,86377.004,86400.000,22.996,
Contact STARLINK-3189 - STARLINK-1788,0.000,86400.000,86400.000,
Contact STARLINK-3189 - STARLINK-1080,0.000,86400.000,86400.000,
Contact STARLINK-3189 - STARLINK-31554,38872.671,39606.136,733.465,
Contact STARLINK-3189 - STARLINK-31554,50084.617,51026.146,941.529,
Contact STARLINK-3189 - STARLINK-31554,64172.758,65226.591,1053.833,
Contact STARLINK-3189 - STARLINK-31554,75489.858,79364.519,3874.662,
Contact STARLINK-3189 - STARLINK-1303,10099.746,11029.066,929.321,
Contact STARLINK-3189 - STARLINK-1303,21556.495,25332.644,3776.149,
Contact STARLINK-3189 - STARLINK-1303,35881.635,39643.159,3761.524,
Contact STARLINK-3189 - STARLINK-1303,50199.700,51088.249,888.549,
Contact STARLINK-3189 - STARLINK-1303,64525.931,65390.305,864.374,
Contact STARLINK-3189 - STARLINK-1303,78844.875,79699.554,854.679,
Contact STARLINK-3189 - STARLINK-11265 [DTC],70679.091,86400.000,15720.909,
Contact STARLINK-3189 - STARLINK-4612,0.000,86400.000,86400.000,
Contact STARLINK-3189 - STARLINK-5831,0.000,3125.994,3125.994,
Contact STARLINK-3189 - STARLINK-5831,10443.746,14436.750,3993.004,
Contact STARLINK-3189 - STARLINK-5831,25010.630,25713.277,702.647,
Contact STARLINK-3189 - STARLINK-31034,71500.069,72321.707,821.638,
Contact STARLINK-3189 - STARLINK-31034,79790.390,86400.000,6609.610,
Contact STARLINK-3189 - STARLINK-3815,7118.949,11025.546,3906.598,
Contact STARLINK-3189 - STARLINK-3815,21329.251,25212.112,3882.861,
Contact STARLINK-3189 - STARLINK-3815,35572.932,36547.053,974.121,
Contact STARLINK-3189 - STARLINK-3815,49833.258,50696.864,863.606,
Contact STARLINK-3189 - STARLINK-3815,64136.509,64804.889,668.380,
Contact STARLINK-3189 - STARLINK-31611,12768.880,79253.495,66484.615,
Contact STARLINK-3189 - MoonARTEMIS1,0.000,3227.660,3227.660,
Contact STARLINK-3189 - MoonARTEMIS1,5224.295,8953.003,3728.707,
Contact STARLINK-3189 - MoonARTEMIS1,10964.275,20408.130,9443.855,
Contact STARLINK-3189 - MoonARTEMIS1,22455.329,30432.921,7977.592,
Contact STARLINK-3189 - MoonARTEMIS1,33908.810,37570.617,3661.807,
Contact STARLINK-3189 - MoonARTEMIS1,39635.249,49014.189,9378.940,
Contact STARLINK-3189 - MoonARTEMIS1,51090.152,60459.938,9369.787,
Contact STARLINK-3189 - MoonARTEMIS1,62547.262,71907.633,9360.371,
Contact STARLINK-3189 - MoonARTEMIS1,74006.363,77632.228,3625.865,
Contact STARLINK-3189 - MoonARTEMIS1,79736.685,86400.000,6663.315,
Contact STARLINK-3189 - MoonARTEMIS2,0.000,3258.905,3258.905,
Contact STARLINK-3189 - MoonARTEMIS2,5296.009,8982.750,3686.741,
Contact STARLINK-3189 - MoonARTEMIS2,11028.722,20429.535,9400.813,
Contact STARLINK-3189 - MoonARTEMIS2,22490.769,31874.761,9383.992,
Contact STARLINK-3189 - MoonARTEMIS2,33948.216,37596.551,3648.335,
Contact STARLINK-3189 - MoonARTEMIS2,39674.978,49037.381,9362.403,
Contact STARLINK-3189 - MoonARTEMIS2,51122.986,59999.025,8876.039,
Contact STARLINK-3189 - MoonARTEMIS2,62595.773,71931.479,9335.706,
Contact STARLINK-3189 - MoonARTEMIS2,74049.742,77660.350,3610.608,
Contact STARLINK-3189 - MoonARTEMIS2,79784.924,86400.000,6615.076,
Contact STARLINK-3189 - MoonIOAGEO,0.000,3236.883,3236.883,
Contact STARLINK-3189 - MoonIOAGEO,5240.132,8958.076,3717.944,
Contact STARLINK-3189 - MoonIOAGEO,10974.151,14681.419,3707.268,
Contact STARLINK-3189 - MoonIOAGEO,22455.502,31858.230,9402.728,
Contact STARLINK-3189 - MoonIOAGEO,33924.890,37581.171,3656.281,
Contact STARLINK-3189 - MoonIOAGEO,39650.524,49023.692,9373.168,
Contact STARLINK-3189 - MoonIOAGEO,51101.756,60144.207,9042.452,
Contact STARLINK-3189 - MoonIOAGEO,63965.793,71927.975,7962.182,
Contact STARLINK-3189 - MoonIOAGEO,74042.671,77653.229,3610.558,
Contact STARLINK-3189 - MoonIOAGEO,79770.593,86400.000,6629.407,
Contact STARLINK-3189 - MoonIOAGNO,0.000,3244.502,3244.502,
Contact STARLINK-3189 - MoonIOAGNO,5246.230,8956.100,3709.870,
Contact STARLINK-3189 - MoonIOAGNO,10981.662,20424.079,9442.417,
Contact STARLINK-3189 - MoonIOAGNO,22464.686,31875.359,9410.672,
Contact STARLINK-3189 - MoonIOAGNO,33925.746,37595.231,3669.485,
Contact STARLINK-3189 - MoonIOAGNO,39652.961,49026.810,9373.849,
Contact STARLINK-3189 - MoonIOAGNO,51105.462,60485.726,9380.263,
Contact STARLINK-3189 - MoonIOAGNO,62585.863,71943.219,9357.356,
Contact STARLINK-3189 - MoonIOAGNO,74046.921,77665.869,3618.948,
Contact STARLINK-3189 - MoonIOAGNO,79773.230,86400.000,6626.770,
Contact STARLINK-3189 - MoonIOAGNO 0001,0.000,3259.953,3259.953,
Contact STARLINK-3189 - MoonIOAGNO 0001,5263.516,8983.793,3720.277,
Contact STARLINK-3189 - MoonIOAGNO 0001,10994.502,20420.359,9425.857,
Contact STARLINK-3189 - MoonIOAGNO 0001,22451.026,31848.948,9397.923,
Contact STARLINK-3189 - MoonIOAGNO 0001,33916.653,37586.578,3669.925,
Contact STARLINK-3189 - MoonIOAGNO 0001,39659.572,49046.511,9386.939,
Contact STARLINK-3189 - MoonIOAGNO 0001,51124.005,60489.321,9365.316,
Contact STARLINK-3189 - MoonIOAGNO 0001,62577.392,71922.067,9344.675,
Contact STARLINK-3189 - MoonIOAGNO 0001,74028.531,77648.961,3620.431,
Contact STARLINK-3189 - MoonIOAGNO 0001,79771.413,86400.000,6628.587,
Contact STARLINK-3189 - MoonIOAGSO,0.000,3228.455,3228.455,
Contact STARLINK-3189 - MoonIOAGSO,5240.954,8963.789,3722.835,
Contact STARLINK-3189 - MoonIOAGSO,12435.802,20394.962,7959.160,
Contact STARLINK-3189 - MoonIOAGSO,22444.967,31834.782,9389.815,
Contact STARLINK-3189 - MoonIOAGSO,33901.932,37560.245,3658.314,
Contact STARLINK-3189 - MoonIOAGSO,39633.747,49022.267,9388.520,
Contact STARLINK-3189 - MoonIOAGSO,51107.945,60469.170,9361.224,
Contact STARLINK-3189 - MoonIOAGSO,62569.404,71907.496,9338.092,
Contact STARLINK-3189 - MoonIOAGSO,74021.726,77631.890,3610.164,
Contact STARLINK-3189 - MoonIOAGSO,79750.995,86400.000,6649.005,
Contact STARLINK-3189 - MoonIOAGSO 0001,0.000,3219.194,3219.194,
Contact STARLINK-3189 - MoonIOAGSO 0001,5240.681,8939.654,3698.973,
Contact STARLINK-3189 - MoonIOAGSO 0001,10970.530,20392.043,9421.513,
Contact STARLINK-3189 - MoonIOAGSO 0001,22437.718,31859.199,9421.481,
Contact STARLINK-3189 - MoonIOAGSO 0001,34255.962,37574.333,3318.371,
Contact STARLINK-3189 - MoonIOAGSO 0001,39646.484,49009.020,9362.536,
Contact STARLINK-3189 - MoonIOAGSO 0001,51099.112,60458.746,9359.634,
Contact STARLINK-3189 - MoonIOAGSO 0001,62560.094,71922.554,9362.460,
Contact STARLINK-3189 - MoonIOAGSO 0001,74034.149,76335.548,2301.399,
Contact STARLINK-3189 - MoonIOAGSO 0001,79765.440,86400.000,6634.560,
Contact STARLINK-3189 - MoonLRO,0.000,3232.823,3232.823,
Contact STARLINK-3189 - MoonLRO,5249.732,8958.310,3708.578,
Contact STARLINK-3189 - MoonLRO,10979.782,20412.623,9432.841,
Contact STARLINK-3189 - MoonLRO,22451.460,31853.042,9401.583,
Contact STARLINK-3189 - MoonLRO,33920.398,37573.798,3653.400,
Contact STARLINK-3189 - MoonLRO,39648.482,49028.077,9379.595,
Contact STARLINK-3189 - MoonLRO,51106.615,60478.562,9371.948,
Contact STARLINK-3189 - MoonLRO,62576.389,71920.118,9343.730,
Contact STARLINK-3189 - MoonLRO,74035.876,77645.736,3609.860,
Contact STARLINK-3189 - MoonLRO,79761.802,86400.000,6638.198,
Contact STARLINK-3189 - MarsSat1,5299.566,8970.283,3670.717,
Contact STARLINK-3189 - MarsSat1,11022.795,20413.340,9390.545,
Contact STARLINK-3189 - MarsSat1,22469.166,31856.385,9387.219,
Contact STARLINK-3189 - MarsSat1,33915.410,37577.908,3662.497,
Contact STARLINK-3189 - MarsSat1,39638.495,49020.978,9382.484,
Contact STARLINK-3189 - MarsSat1,51084.624,60464.119,9379.495,
Contact STARLINK-3189 - MarsSat1,62530.755,71907.358,9376.603,
Contact STARLINK-3189 - MarsSat1,73976.920,77629.012,3652.092,
Contact STARLINK-3189 - MarsSat1,79700.015,86400.000,6699.985,
Contact STARLINK-3189 - MarsSat2,0.000,3248.691,3248.691,
Contact STARLINK-3189 - MarsSat2,5299.473,8970.267,3670.794,
Contact STARLINK-3189 - MarsSat2,11022.739,20413.413,9390.674,
Contact STARLINK-3189 - MarsSat2,22469.206,31856.544,9387.338,
Contact STARLINK-3189 - MarsSat2,33915.574,37578.110,3662.536,
Contact STARLINK-3189 - MarsSat2,39638.726,49021.255,9382.530,
Contact STARLINK-3189 - MarsSat2,51084.974,60464.424,9379.450,
Contact STARLINK-3189 - MarsSat2,62531.156,71907.622,9376.467,
Contact STARLINK-3189 - MarsSat2,73977.279,77629.234,3651.954,
Contact STARLINK-3189 - MarsSat2,79700.321,86400.000,6699.679,
Contact STARLINK-3189 - MarsSat3,0.000,3248.599,3248.599,
Contact STARLINK-3189 - MarsSat3,5299.409,8970.142,3670.733,
Contact STARLINK-3189 - MarsSat3,11022.631,20413.317,9390.686,
Contact STARLINK-3189 - MarsSat3,22469.094,31856.468,9387.374,
Contact STARLINK-3189 - MarsSat3,33915.461,37578.023,3662.562,
Contact STARLINK-3189 - MarsSat3,39638.599,49021.120,9382.522,
Contact STARLINK-3189 - MarsSat3,51084.800,60464.229,9379.429,
Contact STARLINK-3189 - MarsSat3,62530.923,71907.374,9376.451,
Contact STARLINK-3189 - MarsSat3,73976.991,77628.971,3651.979,
Contact STARLINK-3189 - MarsSat3,79700.014,86400.000,6699.986,
Contact STARLINK-3189 - MarsSat4,0.000,3248.738,3248.738,
Contact STARLINK-3189 - MarsSat4,5299.542,8970.181,3670.640,
Contact STARLINK-3189 - MarsSat4,11022.679,20413.194,9390.514,
Contact STARLINK-3189 - MarsSat4,22468.996,31856.378,9387.383,
Contact STARLINK-3189 - MarsSat4,33915.389,37577.884,3662.495,
Contact STARLINK-3189 - MarsSat4,39638.480,49020.950,9382.470,
Contact STARLINK-3189 - MarsSat4,51084.631,60464.259,9379.627,
Contact STARLINK-3189 - MarsSat4,62530.934,71907.420,9376.486,
Contact STARLINK-3189 - MarsSat4,73977.020,77629.005,3651.985,
Contact STARLINK-3189 - MarsSat4,79700.032,86400.000,6699.968,
Contact STARLINK-31784 - STARLINK-5494,0.000,4115.620,4115.620,
Contact STARLINK-31784 - STARLINK-5494,14210.635,18128.855,3918.220,
Contact STARLINK-31784 - STARLINK-4338,53438.768,54362.078,923.310,
Contact STARLINK-31784 - STARLINK-4338,64677.932,68696.494,4018.563,
Contact STARLINK-31784 - STARLINK-4338,78862.498,85707.017,6844.519,
Contact STARLINK-31784 - STARLINK-31536,39529.228,39834.539,305.311,
Contact STARLINK-31784 - STARLINK-31536,53168.307,54274.282,1105.974,
Contact STARLINK-31784 - STARLINK-31536,64213.433,71401.689,7188.256,
Contact STARLINK-31784 - STARLINK-31536,72523.840,86400.000,13876.160,
Contact STARLINK-31784 - STARLINK-6148,7086.721,7894.271,807.551,
Contact STARLINK-31784 - STARLINK-5849,68310.236,68680.808,370.573,
Contact STARLINK-31784 - STARLINK-5849,82370.874,83028.284,657.410,
Contact STARLINK-31784 - STARLINK-5649,32050.903,32450.063,399.160,
Contact STARLINK-31784 - STARLINK-5649,43197.097,46850.398,3653.300,
Contact STARLINK-31784 - STARLINK-5649,57262.685,58268.354,1005.670,
Contact STARLINK-31784 - STARLINK-5649,71419.648,72458.448,1038.801,
Contact STARLINK-31784 - STARLINK-5649,85664.127,86400.000,735.873,
Contact STARLINK-31784 - STARLINK-5197,46286.837,46899.571,612.734,
Contact STARLINK-31784 - STARLINK-5197,57511.862,58313.756,801.894,
Contact STARLINK-31784 - STARLINK-5197,71599.067,72524.469,925.402,
Contact STARLINK-31784 - STARLINK-5197,85731.818,86400.000,668.182,
Contact STARLINK-31784 - STARLINK-30100,83067.463,86400.000,3332.537,
Contact STARLINK-31784 - STARLINK-2685,14073.501,20929.008,6855.507,
Contact STARLINK-31784 - STARLINK-2685,28047.354,29508.327,1460.973,
Contact STARLINK-31784 - STARLINK-2685,36502.744,43686.223,7183.479,
Contact STARLINK-31784 - STARLINK-2685,53610.404,60471.316,6860.912,
Contact STARLINK-31784 - STARLINK-2685,68096.944,68735.423,638.479,
Contact STARLINK-31784 - STARLINK-4254,48297.952,86400.000,38102.048,
Contact STARLINK-31784 - STARLINK-4551,0.000,7142.045,7142.045,
Contact STARLINK-31784 - STARLINK-4551,13976.294,18019.047,4042.754,
Contact STARLINK-31784 - STARLINK-1578,0.000,32757.737,32757.737,
Contact STARLINK-31784 - STARLINK-5289,39045.876,39924.726,878.850,
Contact STARLINK-31784 - STARLINK-5289,47323.941,57315.993,9992.053,
Contact STARLINK-31784 - STARLINK-5289,61380.129,71479.654,10099.525,
Contact STARLINK-31784 - STARLINK-5289,78622.470,79835.985,1213.514,
Contact STARLINK-31784 - STARLINK-1276,38820.609,46348.506,7527.896,
Contact STARLINK-31784 - STARLINK-1276,47045.368,71837.214,24791.846,
Contact STARLINK-31784 - STARLINK-1276,72612.174,80050.199,7438.025,
Contact STARLINK-31784 - STARLINK-5837,13986.286,14522.522,536.237,
Contact STARLINK-31784 - STARLINK-5837,28096.870,28813.551,716.681,
Contact STARLINK-31784 - STARLINK-5837,39416.171,40214.514,798.343,
Contact STARLINK-31784 - STARLINK-5837,53597.744,54432.243,834.498,
Contact STARLINK-31784 - STARLINK-5837,67824.051,68606.303,782.252,
Contact STARLINK-31784 - STARLINK-1666,0.000,36.066,36.066,
Contact STARLINK-31784 - STARLINK-1666,10392.815,11467.050,1074.234,
Contact STARLINK-31784 - STARLINK-1666,24501.209,25671.184,1169.974,
Contact STARLINK-31784 - STARLINK-1666,35858.285,39772.988,3914.703,
Contact STARLINK-31784 - STARLINK-1666,50150.760,50986.279,835.519,
Contact STARLINK-31784 - STARLINK-1293,0.000,26276.026,26276.026,
Contact STARLINK-31784 - STARLINK-30879,527.045,10214.976,9687.932,
Contact STARLINK-31784 - STARLINK-30879,17337.639,18616.810,1279.170,
Contact STARLINK-31784 - STARLINK-30879,25738.552,35428.250,9689.698,
Contact STARLINK-31784 - STARLINK-30879,42549.805,43837.879,1288.075,
Contact STARLINK-31784 - STARLINK-30879,50960.218,60648.664,9688.446,
Contact STARLINK-31784 - STARLINK-30879,67772.206,69049.789,1277.583,
Contact STARLINK-31784 - STARLINK-30879,76173.698,85859.884,9686.186,
Contact STARLINK-31784 - STARLINK-5058,57544.121,57915.895,371.773,
Contact STARLINK-31784 - STARLINK-5058,71476.582,72333.553,856.971,
Contact STARLINK-31784 - STARLINK-5058,82731.581,86400.000,3668.419,
Contact STARLINK-31784 - STARLINK-6135,53684.264,54344.981,660.718,
Contact STARLINK-31784 - STARLINK-6135,61983.233,68812.068,6828.835,
Contact STARLINK-31784 - STARLINK-6135,78811.535,85902.898,7091.363,
Contact STARLINK-31784 - STARLINK-1788,6578.548,7557.912,979.364,
Contact STARLINK-31784 - STARLINK-1788,17909.648,21707.131,3797.483,
Contact STARLINK-31784 - STARLINK-1788,32127.105,32981.632,854.527,
Contact STARLINK-31784 - STARLINK-1788,46422.878,47005.631,582.753,
Contact STARLINK-31784 - STARLINK-1080,7028.624,7767.004,738.380,
Contact STARLINK-31784 - STARLINK-1080,21096.978,21983.502,886.524,
Contact STARLINK-31784 - STARLINK-1080,32383.748,36156.741,3772.994,
Contact STARLINK-31784 - STARLINK-1080,46529.122,47463.322,934.200,
Contact STARLINK-31784 - STARLINK-1080,60721.267,61555.485,834.217,
Contact STARLINK-31784 - STARLINK-1080,74960.656,75601.482,640.827,
Contact STARLINK-31784 - STARLINK-4356,14316.050,14663.516,347.466,
Contact STARLINK-31784 - STARLINK-4356,28507.969,28867.593,359.624,
Contact STARLINK-31784 - STARLINK-4356,68166.283,68717.345,551.062,
Contact STARLINK-31784 - STARLINK-4356,82327.084,82951.424,624.340,
Contact STARLINK-31784 - STARLINK-4383,0.000,521.452,521.452,
Contact STARLINK-31784 - STARLINK-4383,13900.656,14725.207,824.551,
Contact STARLINK-31784 - STARLINK-4383,28140.189,28881.942,741.753,
Contact STARLINK-31784 - STARLINK-4383,39560.126,40180.298,620.172,
Contact STARLINK-31784 - STARLINK-4383,53888.360,54251.359,362.999,
Contact STARLINK-31784 - STARLINK-30052,74946.341,86400.000,11453.659,
Contact STARLINK-31784 - STARLINK-5713,0.000,374.025,374.025,
Contact STARLINK-31784 - STARLINK-1303,0.000,9840.653,9840.653,
Contact STARLINK-31784 - STARLINK-4612,6544.088,7347.257,803.169,
Contact STARLINK-31784 - STARLINK-4612,17808.616,18725.298,916.682,
Contact STARLINK-31784 - STARLINK-4612,31935.690,32900.625,964.935,
Contact STARLINK-31784 - STARLINK-4612,46115.681,47023.512,907.831,
Contact STARLINK-31784 - STARLINK-4612,57497.459,58284.380,786.922,
Contact STARLINK-31784 - STARLINK-4612,71790.041,72295.918,505.877,
Contact STARLINK-31784 - STARLINK-5831,6950.236,7639.917,689.681,
Contact STARLINK-31784 - STARLINK-31034,0.000,337.640,337.640,
Contact STARLINK-31784 - STARLINK-31034,10732.586,11551.813,819.226,
Contact STARLINK-31784 - STARLINK-31034,24822.740,25565.683,742.942,
Contact STARLINK-31784 - STARLINK-31034,50233.372,50742.608,509.237,
Contact STARLINK-31784 - STARLINK-3815,0.000,10242.662,10242.662,
Contact STARLINK-31784 - STARLINK-3815,10882.749,21328.499,10445.750,
Contact STARLINK-31784 - STARLINK-3815,22294.786,35167.351,12872.565,
Contact STARLINK-31784 - STARLINK-3815,36542.980,43489.393,6946.413,
Contact STARLINK-31784 - STARLINK-3815,53723.353,54517.017,793.663,
Contact STARLINK-31784 - STARLINK-31611,7132.918,7891.113,758.195,
Contact STARLINK-31784 - STARLINK-31611,21141.408,21894.364,752.956,
Contact STARLINK-31784 - STARLINK-31611,32349.490,33095.820,746.330,
Contact STARLINK-31784 - STARLINK-31611,46361.293,47096.150,734.857,
Contact STARLINK-31784 - STARLINK-31611,57569.542,58297.456,727.914,
Contact STARLINK-31784 - STARLINK-31611,71578.270,72300.456,722.186,
Contact STARLINK-31784 - STARLINK-31611,82786.639,83501.642,715.003,
Contact STARLINK-31784 - MoonARTEMIS1,0.000,2938.371,2938.371,
Contact STARLINK-31784 - MoonARTEMIS1,5125.830,14178.075,9052.245,
Contact STARLINK-31784 - MoonARTEMIS1,16367.493,19805.045,3437.552,
Contact STARLINK-31784 - MoonARTEMIS1,21998.203,31046.380,9048.177,
Contact STARLINK-31784 - MoonARTEMIS1,33228.431,42270.822,9042.390,
Contact STARLINK-31784 - MoonARTEMIS1,44451.723,53496.093,9044.370,
Contact STARLINK-31784 - MoonARTEMIS1,55675.982,59109.294,3433.312,
Contact STARLINK-31784 - MoonARTEMIS1,66901.657,70337.106,3435.449,
Contact STARLINK-31784 - MoonARTEMIS1,72515.129,81567.264,9052.134,
Contact STARLINK-31784 - MoonARTEMIS1,83743.643,86400.000,2656.357,
Contact STARLINK-31784 - MoonARTEMIS2,0.000,2993.036,2993.036,
Contact STARLINK-31784 - MoonARTEMIS2,5178.747,14224.126,9045.379,
Contact STARLINK-31784 - MoonARTEMIS2,16408.205,19838.793,3430.588,
Contact STARLINK-31784 - MoonARTEMIS2,22021.995,31066.251,9044.256,
Contact STARLINK-31784 - MoonARTEMIS2,33247.613,42290.757,9043.144,
Contact STARLINK-31784 - MoonARTEMIS2,44470.220,53511.220,9040.999,
Contact STARLINK-31784 - MoonARTEMIS2,55688.997,59123.061,3434.064,
Contact STARLINK-31784 - MoonARTEMIS2,66933.143,70377.776,3444.633,
Contact STARLINK-31784 - MoonARTEMIS2,72555.010,81621.941,9066.931,
Contact STARLINK-31784 - MoonARTEMIS2,83793.467,86400.000,2606.533,
Contact STARLINK-31784 - MoonIOAGEO,0.000,2949.088,2949.088,
Contact STARLINK-31784 - MoonIOAGEO,5135.079,14187.885,9052.806,
Contact STARLINK-31784 - MoonIOAGEO,22002.455,31055.180,9052.725,
Contact STARLINK-31784 - MoonIOAGEO,33237.253,42271.974,9034.721,
Contact STARLINK-31784 - MoonIOAGEO,44451.933,53498.913,9046.980,
Contact STARLINK-31784 - MoonIOAGEO,55682.050,59122.787,3440.737,
Contact STARLINK-31784 - MoonIOAGEO,66929.710,70372.407,3442.697,
Contact STARLINK-31784 - MoonIOAGEO,72548.930,81597.698,9048.768,
Contact STARLINK-31784 - MoonIOAGEO,83768.056,86400.000,2631.944,
Contact STARLINK-31784 - MoonIOAGNO,0.000,2946.648,2946.648,
Contact STARLINK-31784 - MoonIOAGNO,5137.190,14196.349,9059.159,
Contact STARLINK-31784 - MoonIOAGNO,16378.188,19802.468,3424.281,
Contact STARLINK-31784 - MoonIOAGNO,21984.469,31023.733,9039.264,
Contact STARLINK-31784 - MoonIOAGNO,33206.707,42258.234,9051.527,
Contact STARLINK-31784 - MoonIOAGNO,44442.756,53513.300,9070.544,
Contact STARLINK-31784 - MoonIOAGNO,55696.524,59127.532,3431.009,
Contact STARLINK-31784 - MoonIOAGNO,66908.635,70344.323,3435.687,
Contact STARLINK-31784 - MoonIOAGNO,72518.263,81573.326,9055.063,
Contact STARLINK-31784 - MoonIOAGNO,83747.563,86400.000,2652.437,
Contact STARLINK-31784 - MoonIOAGNO 0001,0.000,2945.220,2945.220,
Contact STARLINK-31784 - MoonIOAGNO 0001,5129.993,14172.481,9042.487,
Contact STARLINK-31784 - MoonIOAGNO 0001,16358.723,19791.181,3432.458,
Contact STARLINK-31784 - MoonIOAGNO 0001,21978.445,31044.335,9065.891,
Contact STARLINK-31784 - MoonIOAGNO 0001,33233.328,42268.349,9035.021,
Contact STARLINK-31784 - MoonIOAGNO 0001,44447.123,53490.282,9043.159,
Contact STARLINK-31784 - MoonIOAGNO 0001,55669.432,59106.036,3436.603,
Contact STARLINK-31784 - MoonIOAGNO 0001,66906.025,70350.277,3444.253,
Contact STARLINK-31784 - MoonIOAGNO 0001,72532.835,81593.736,9060.901,
Contact STARLINK-31784 - MoonIOAGNO 0001,83762.676,86400.000,2637.324,
Contact STARLINK-31784 - MoonIOAGSO,0.000,2956.371,2956.371,
Contact STARLINK-31784 - MoonIOAGSO,5141.382,14201.020,9059.638,
Contact STARLINK-31784 - MoonIOAGSO,16391.622,19826.144,3434.522,
Contact STARLINK-31784 - MoonIOAGSO,22012.893,31057.740,9044.847,
Contact STARLINK-31784 - MoonIOAGSO,33241.278,42279.326,9038.048,
Contact STARLINK-31784 - MoonIOAGSO,44460.299,53504.423,9044.124,
Contact STARLINK-31784 - MoonIOAGSO,56014.860,59138.123,3123.263,
Contact STARLINK-31784 - MoonIOAGSO,66940.377,70377.707,3437.330,
Contact STARLINK-31784 - MoonIOAGSO,72555.169,81602.744,9047.575,
Contact STARLINK-31784 - MoonIOAGSO,83776.195,86400.000,2623.805,
Contact STARLINK-31784 - MoonIOAGSO 0001,0.000,2976.853,2976.853,
Contact STARLINK-31784 - MoonIOAGSO 0001,5163.519,14202.877,9039.358,
Contact STARLINK-31784 - MoonIOAGSO 0001,16387.442,19813.057,3425.615,
Contact STARLINK-31784 - MoonIOAGSO 0001,21996.752,31036.329,9039.577,
Contact STARLINK-31784 - MoonIOAGSO 0001,34232.173,42293.416,8061.243,
Contact STARLINK-31784 - MoonIOAGSO 0001,44477.227,53524.393,9047.166,
Contact STARLINK-31784 - MoonIOAGSO 0001,55704.629,59135.849,3431.220,
Contact STARLINK-31784 - MoonIOAGSO 0001,66922.544,70355.270,3432.725,
Contact STARLINK-31784 - MoonIOAGSO 0001,72530.907,81606.733,9075.826,
Contact STARLINK-31784 - MoonIOAGSO 0001,83783.818,86400.000,2616.182,
Contact STARLINK-31784 - MoonLRO,0.000,2962.277,2962.277,
Contact STARLINK-31784 - MoonLRO,5142.927,14194.573,9051.645,
Contact STARLINK-31784 - MoonLRO,16382.534,19807.110,3424.576,
Contact STARLINK-31784 - MoonLRO,21999.354,31042.856,9043.502,
Contact STARLINK-31784 - MoonLRO,33223.998,42280.297,9056.300,
Contact STARLINK-31784 - MoonLRO,44459.968,53506.276,9046.308,
Contact STARLINK-31784 - MoonLRO,55693.432,59123.697,3430.265,
Contact STARLINK-31784 - MoonLRO,66917.685,70364.535,3446.851,
Contact STARLINK-31784 - MoonLRO,72535.230,81592.176,9056.946,
Contact STARLINK-31784 - MoonLRO,83772.278,86400.000,2627.722,
Contact STARLINK-31784 - MarsSat1,5259.436,8714.610,3455.174,
Contact STARLINK-31784 - MarsSat1,16469.090,19924.734,3455.644,
Contact STARLINK-31784 - MarsSat1,22073.887,31134.808,9060.921,
Contact STARLINK-31784 - MarsSat1,33283.412,42344.835,9061.423,
Contact STARLINK-31784 - MarsSat1,44492.856,53554.845,9061.989,
Contact STARLINK-31784 - MarsSat1,55702.244,59159.855,3457.610,
Contact STARLINK-31784 - MarsSat1,66911.610,70369.904,3458.294,
Contact STARLINK-31784 - MarsSat1,72516.290,81580.000,9063.710,
Contact STARLINK-31784 - MarsSat1,83725.644,86400.000,2674.356,
Contact STARLINK-31784 - MarsSat2,0.000,3109.459,3109.459,
Contact STARLINK-31784 - MarsSat2,5259.346,8714.493,3455.147,
Contact STARLINK-31784 - MarsSat2,16468.959,19924.607,3455.648,
Contact STARLINK-31784 - MarsSat2,22073.765,31134.738,9060.973,
Contact STARLINK-31784 - MarsSat2,33283.350,42344.866,9061.516,
Contact STARLINK-31784 - MarsSat2,44492.888,53554.985,9062.097,
Contact STARLINK-31784 - MarsSat2,55702.374,59160.041,3457.667,
Contact STARLINK-31784 - MarsSat2,66911.807,70370.146,3458.339,
Contact STARLINK-31784 - MarsSat2,72516.504,81580.243,9063.739,
Contact STARLINK-31784 - MarsSat2,83725.857,86400.000,2674.143,
Contact STARLINK-31784 - MarsSat3,0.000,3109.582,3109.582,
Contact STARLINK-31784 - MarsSat3,5259.459,8714.574,3455.115,
Contact STARLINK-31784 - MarsSat3,16468.966,19924.578,3455.612,
Contact STARLINK-31784 - MarsSat3,22073.730,31134.669,9060.940,
Contact STARLINK-31784 - MarsSat3,33283.287,42344.803,9061.516,
Contact STARLINK-31784 - MarsSat3,44492.838,53554.938,9062.100,
Contact STARLINK-31784 - MarsSat3,55702.344,59159.999,3457.655,
Contact STARLINK-31784 - MarsSat3,66911.786,70370.100,3458.314,
Contact STARLINK-31784 - MarsSat3,72516.477,81580.158,9063.681,
Contact STARLINK-31784 - MarsSat3,83725.789,86400.000,2674.211,
Contact STARLINK-31784 - MarsSat4,0.000,3109.588,3109.588,
Contact STARLINK-31784 - MarsSat4,5259.494,8714.661,3455.168,
Contact STARLINK-31784 - MarsSat4,16469.085,19924.669,3455.584,
Contact STARLINK-31784 - MarsSat4,22073.801,31134.742,9060.941,
Contact STARLINK-31784 - MarsSat4,33283.381,42344.895,9061.514,
Contact STARLINK-31784 - MarsSat4,44492.923,53554.872,9061.949,
Contact STARLINK-31784 - MarsSat4,55702.251,59159.872,3457.621,
Contact STARLINK-31784 - MarsSat4,66911.718,70370.055,3458.338,
Contact STARLINK-31784 - MarsSat4,72516.438,81580.097,9063.659,
Contact STARLINK-31784 - MarsSat4,83725.708,86400.000,2674.292,
Contact STARLINK-5494 - STARLINK-30421,67486.120,86400.000,18913.880,
Contact STARLINK-5494 - STARLINK-32197,82426.922,83345.493,918.571,
Contact STARLINK-5494 - STARLINK-6148,82788.807,83466.540,677.733,
Contact STARLINK-5494 - STARLINK-5649,7084.812,7744.377,659.565,
Contact STARLINK-5494 - STARLINK-5649,21513.159,22094.798,581.639,
Contact STARLINK-5494 - STARLINK-5649,35969.553,36418.475,448.922,
Contact STARLINK-5494 - STARLINK-5197,7106.167,7924.283,818.117,
Contact STARLINK-5494 - STARLINK-5197,21492.924,22259.929,767.005,
Contact STARLINK-5494 - STARLINK-5197,35896.628,36578.339,681.711,
Contact STARLINK-5494 - STARLINK-5197,50298.063,50899.369,601.306,
Contact STARLINK-5494 - STARLINK-5197,64725.126,65194.532,469.406,
Contact STARLINK-5494 - STARLINK-5197,79160.335,79481.853,321.518,
Contact STARLINK-5494 - STARLINK-11101 [DTC],75365.682,82431.355,7065.673,
Contact STARLINK-5494 - STARLINK-31853,32060.341,32676.670,616.329,
Contact STARLINK-5494 - STARLINK-31853,46169.454,46978.794,809.340,
Contact STARLINK-5494 - STARLINK-31853,57501.506,61220.749,3719.243,
Contact STARLINK-5494 - STARLINK-31853,71718.219,72567.763,849.543,
Contact STARLINK-5494 - STARLINK-31853,86003.547,86400.000,396.453,
Contact STARLINK-5494 - STARLINK-4551,3069.951,3983.085,913.134,
Contact STARLINK-5494 - STARLINK-4551,17426.315,18347.487,921.172,
Contact STARLINK-5494 - STARLINK-4551,31776.556,32717.891,941.334,
Contact STARLINK-5494 - STARLINK-4551,46141.730,47073.561,931.831,
Contact STARLINK-5494 - STARLINK-4551,60501.020,61434.784,933.763,
Contact STARLINK-5494 - STARLINK-4551,71995.669,75781.980,3786.311,
Contact STARLINK-5494 - STARLINK-4551,86372.811,86400.000,27.189,
Contact STARLINK-5494 - STARLINK-1578,2928.667,4166.489,1237.822,
Contact STARLINK-5494 - STARLINK-1578,17316.740,18494.214,1177.473,
Contact STARLINK-5494 - STARLINK-1578,31701.167,32826.309,1125.142,
Contact STARLINK-5494 - STARLINK-1578,46114.338,47129.375,1015.036,
Contact STARLINK-5494 - STARLINK-1578,60523.498,61436.713,913.214,
Contact STARLINK-5494 - STARLINK-1578,74968.916,75707.970,739.054,
Contact STARLINK-5494 - STARLINK-3525,7164.083,7290.633,126.550,
Contact STARLINK-5494 - STARLINK-31852,0.000,33.576,33.576,
Contact STARLINK-5494 - STARLINK-31852,10538.175,11390.001,851.826,
Contact STARLINK-5494 - STARLINK-31852,24808.864,25530.657,721.793,
Contact STARLINK-5494 - STARLINK-31852,39151.325,39602.370,451.046,
Contact STARLINK-5494 - STARLINK-1666,0.000,327.846,327.846,
Contact STARLINK-5494 - STARLINK-1666,13869.255,14705.278,836.022,
Contact STARLINK-5494 - STARLINK-1666,28236.644,29079.849,843.206,
Contact STARLINK-5494 - STARLINK-1666,42603.906,43453.761,849.855,
Contact STARLINK-5494 - STARLINK-1666,56973.997,57825.650,851.653,
Contact STARLINK-5494 - STARLINK-1666,71344.748,72196.009,851.261,
Contact STARLINK-5494 - STARLINK-1666,85717.594,86400.000,682.406,
Contact STARLINK-5494 - STARLINK-1293,0.000,39432.667,39432.667,
Contact STARLINK-5494 - STARLINK-1293,39764.511,53629.404,13864.893,
Contact STARLINK-5494 - STARLINK-1293,54298.708,67893.220,13594.512,
Contact STARLINK-5494 - STARLINK-1293,68820.080,82123.612,13303.532,
Contact STARLINK-5494 - STARLINK-1293,83318.393,86400.000,3081.607,
Contact STARLINK-5494 - STARLINK-30879,0.000,31522.274,31522.274,
Contact STARLINK-5494 - STARLINK-31345,17805.716,18103.816,298.100,
Contact STARLINK-5494 - STARLINK-31345,31952.973,32469.341,516.367,
Contact STARLINK-5494 - STARLINK-31345,57509.324,58235.210,725.885,
Contact STARLINK-5494 - STARLINK-31345,71731.713,72524.175,792.461,
Contact STARLINK-5494 - STARLINK-31345,85977.523,86400.000,422.477,
Contact STARLINK-5494 - STARLINK-31690,17799.810,18508.534,708.723,
Contact STARLINK-5494 - STARLINK-31690,31862.574,32856.315,993.742,
Contact STARLINK-5494 - STARLINK-31690,46054.748,47071.934,1017.186,
Contact STARLINK-5494 - STARLINK-31690,57483.220,58370.657,887.436,
Contact STARLINK-5494 - STARLINK-31690,71890.220,72374.724,484.504,
Contact STARLINK-5494 - STARLINK-1788,4282.629,11322.391,7039.762,
Contact STARLINK-5494 - STARLINK-1788,18613.084,25735.398,7122.314,
Contact STARLINK-5494 - STARLINK-1788,32934.389,40150.890,7216.500,
Contact STARLINK-5494 - STARLINK-1788,47285.610,54542.890,7257.280,
Contact STARLINK-5494 - STARLINK-1788,61629.151,68935.056,7305.905,
Contact STARLINK-5494 - STARLINK-1788,76003.461,83303.555,7300.095,
Contact STARLINK-5494 - STARLINK-1080,10360.586,11306.693,946.107,
Contact STARLINK-5494 - STARLINK-1080,24702.879,25672.268,969.390,
Contact STARLINK-5494 - STARLINK-1080,39044.162,40038.968,994.806,
Contact STARLINK-5494 - STARLINK-1080,53400.514,54390.345,989.831,
Contact STARLINK-5494 - STARLINK-1080,67755.737,68743.010,987.274,
Contact STARLINK-5494 - STARLINK-1080,82126.893,83079.524,952.631,
Contact STARLINK-5494 - STARLINK-31554,31518.114,64679.463,33161.349,
Contact STARLINK-5494 - STARLINK-31554,71743.381,72601.908,858.528,
Contact STARLINK-5494 - STARLINK-4383,0.000,564.693,564.693,
Contact STARLINK-5494 - STARLINK-4383,14295.050,14977.440,682.390,
Contact STARLINK-5494 - STARLINK-4383,28703.101,29383.755,680.654,
Contact STARLINK-5494 - STARLINK-4383,43105.712,43796.220,690.508,
Contact STARLINK-5494 - STARLINK-4383,57513.598,58202.695,689.098,
Contact STARLINK-5494 - STARLINK-4383,71916.478,72614.864,698.386,
Contact STARLINK-5494 - STARLINK-4383,86324.225,86400.000,75.775,
Contact STARLINK-5494 - STARLINK-1303,0.000,86400.000,86400.000,
Contact STARLINK-5494 - STARLINK-11265 [DTC],68201.024,68906.013,704.988,
Contact STARLINK-5494 - STARLINK-11265 [DTC],82089.651,83078.330,988.680,
Contact STARLINK-5494 - STARLINK-4612,4070.616,11193.959,7123.343,
Contact STARLINK-5494 - STARLINK-4612,18433.738,25555.034,7121.295,
Contact STARLINK-5494 - STARLINK-4612,35677.322,39914.514,4237.192,
Contact STARLINK-5494 - STARLINK-4612,50053.732,54249.013,4195.281,
Contact STARLINK-5494 - STARLINK-4612,64459.947,68581.779,4121.832,
Contact STARLINK-5494 - STARLINK-4612,78863.997,82887.706,4023.709,
Contact STARLINK-5494 - STARLINK-5831,68251.419,72078.543,3827.124,
Contact STARLINK-5494 - STARLINK-5831,82532.407,86400.000,3867.593,
Contact STARLINK-5494 - STARLINK-31034,14312.955,14743.140,430.185,
Contact STARLINK-5494 - STARLINK-31034,28480.431,29095.787,615.355,
Contact STARLINK-5494 - STARLINK-31034,42678.086,43417.009,738.923,
Contact STARLINK-5494 - STARLINK-31034,56899.634,57714.874,815.239,
Contact STARLINK-5494 - STARLINK-31034,68293.873,69135.579,841.706,
Contact STARLINK-5494 - STARLINK-31034,82559.556,83387.869,828.313,
Contact STARLINK-5494 - STARLINK-3815,0.000,39021.275,39021.275,
Contact STARLINK-5494 - STARLINK-3815,39606.049,43984.624,4378.576,
Contact STARLINK-5494 - STARLINK-31611,24897.098,25832.498,935.400,
Contact STARLINK-5494 - STARLINK-31611,38906.092,40236.894,1330.803,
Contact STARLINK-5494 - STARLINK-31611,47419.162,54426.104,7006.941,
Contact STARLINK-5494 - STARLINK-31611,64657.880,68412.756,3754.876,
Contact STARLINK-5494 - MoonARTEMIS1,0.000,2837.426,2837.426,
Contact STARLINK-5494 - MoonARTEMIS1,4792.847,20244.444,15451.597,
Contact STARLINK-5494 - MoonARTEMIS1,22183.155,29180.985,6997.829,
Contact STARLINK-5494 - MoonARTEMIS1,33739.835,49182.112,15442.277,
Contact STARLINK-5494 - MoonARTEMIS1,51074.793,60753.341,9678.548,
Contact STARLINK-5494 - MoonARTEMIS1,62637.439,66540.563,3903.124,
Contact STARLINK-5494 - MoonARTEMIS1,68420.640,78118.630,9697.990,
Contact STARLINK-5494 - MoonARTEMIS1,79991.284,86400.000,6408.716,
Contact STARLINK-5494 - MoonARTEMIS2,0.000,2940.939,2940.939,
Contact STARLINK-5494 - MoonARTEMIS2,4881.487,20307.692,15426.204,
Contact STARLINK-5494 - MoonARTEMIS2,22232.556,31879.509,9646.953,
Contact STARLINK-5494 - MoonARTEMIS2,33794.383,49224.373,15429.989,
Contact STARLINK-5494 - MoonARTEMIS2,51122.583,59991.206,8868.623,
Contact STARLINK-5494 - MoonARTEMIS2,62681.715,66604.076,3922.361,
Contact STARLINK-5494 - MoonARTEMIS2,68486.251,78213.420,9727.169,
Contact STARLINK-5494 - MoonARTEMIS2,80085.282,86400.000,6314.718,
Contact STARLINK-5494 - MoonIOAGEO,0.000,2860.581,2860.581,
Contact STARLINK-5494 - MoonIOAGEO,4811.561,14448.676,9637.116,
Contact STARLINK-5494 - MoonIOAGEO,22184.451,31851.784,9667.334,
Contact STARLINK-5494 - MoonIOAGEO,33762.009,49186.906,15424.897,
Contact STARLINK-5494 - MoonIOAGEO,51089.394,60099.491,9010.098,
Contact STARLINK-5494 - MoonIOAGEO,64118.506,66597.404,2478.898,
Contact STARLINK-5494 - MoonIOAGEO,68479.256,78184.606,9705.350,
Contact STARLINK-5494 - MoonIOAGEO,80053.512,86400.000,6346.488,
Contact STARLINK-5494 - MoonIOAGNO,0.000,2862.406,2862.406,
Contact STARLINK-5494 - MoonIOAGNO,4818.378,20248.568,15430.190,
Contact STARLINK-5494 - MoonIOAGNO,22190.319,31815.996,9625.677,
Contact STARLINK-5494 - MoonIOAGNO,33752.951,49193.986,15441.035,
Contact STARLINK-5494 - MoonIOAGNO,51097.250,60794.287,9697.037,
Contact STARLINK-5494 - MoonIOAGNO,62692.536,66575.472,3882.936,
Contact STARLINK-5494 - MoonIOAGNO,68477.166,78144.696,9667.530,
Contact STARLINK-5494 - MoonIOAGNO,80040.492,86400.000,6359.508,
Contact STARLINK-5494 - MoonIOAGNO 0001,0.000,2871.324,2871.324,
Contact STARLINK-5494 - MoonIOAGNO 0001,4835.558,20230.929,15395.371,
Contact STARLINK-5494 - MoonIOAGNO 0001,22173.903,31833.139,9659.236,
Contact STARLINK-5494 - MoonIOAGNO 0001,33750.144,49194.043,15443.899,
Contact STARLINK-5494 - MoonIOAGNO 0001,51113.727,60768.189,9654.462,
Contact STARLINK-5494 - MoonIOAGNO 0001,62675.040,66562.260,3887.221,
Contact STARLINK-5494 - MoonIOAGNO 0001,68457.125,78177.694,9720.568,
Contact STARLINK-5494 - MoonIOAGNO 0001,80053.213,86400.000,6346.787,
Contact STARLINK-5494 - MoonIOAGSO,0.000,2864.613,2864.613,
Contact STARLINK-5494 - MoonIOAGSO,4812.241,20265.710,15453.469,
Contact STARLINK-5494 - MoonIOAGSO,22175.235,31840.159,9664.924,
Contact STARLINK-5494 - MoonIOAGSO,33734.883,49195.913,15461.030,
Contact STARLINK-5494 - MoonIOAGSO,51099.019,60809.898,9710.879,
Contact STARLINK-5494 - MoonIOAGSO,62682.364,66604.692,3922.328,
Contact STARLINK-5494 - MoonIOAGSO,68463.909,78179.990,9716.081,
Contact STARLINK-5494 - MoonIOAGSO,80030.745,86400.000,6369.255,
Contact STARLINK-5494 - MoonIOAGSO 0001,0.000,2888.680,2888.680,
Contact STARLINK-5494 - MoonIOAGSO 0001,4815.936,20242.425,15426.489,
Contact STARLINK-5494 - MoonIOAGSO 0001,22162.117,31826.356,9664.239,
Contact STARLINK-5494 - MoonIOAGSO 0001,34269.284,49223.107,14953.823,
Contact STARLINK-5494 - MoonIOAGSO 0001,51097.471,60793.801,9696.330,
Contact STARLINK-5494 - MoonIOAGSO 0001,62665.230,66577.823,3912.592,
Contact STARLINK-5494 - MoonIOAGSO 0001,68454.079,76353.015,7898.936,
Contact STARLINK-5494 - MoonIOAGSO 0001,80048.596,86400.000,6351.404,
Contact STARLINK-5494 - MoonLRO,0.000,2877.193,2877.193,
Contact STARLINK-5494 - MoonLRO,4820.695,20250.658,15429.964,
Contact STARLINK-5494 - MoonLRO,22180.746,31826.306,9645.560,
Contact STARLINK-5494 - MoonLRO,33752.153,49213.818,15461.665,
Contact STARLINK-5494 - MoonLRO,51100.801,60789.535,9688.734,
Contact STARLINK-5494 - MoonLRO,62684.783,66577.824,3893.041,
Contact STARLINK-5494 - MoonLRO,68472.427,78169.428,9697.001,
Contact STARLINK-5494 - MoonLRO,80037.520,86400.000,6362.480,
Contact STARLINK-5494 - MarsSat1,4915.042,20419.772,15504.730,
Contact STARLINK-5494 - MarsSat1,22228.790,31963.475,9734.685,
Contact STARLINK-5494 - MarsSat1,33771.195,49278.880,15507.686,
Contact STARLINK-5494 - MarsSat1,51084.763,60822.502,9737.738,
Contact STARLINK-5494 - MarsSat1,62627.257,78138.117,15510.861,
Contact STARLINK-5494 - MarsSat1,79941.310,86400.000,6458.690,
Contact STARLINK-5494 - MarsSat2,0.000,3103.863,3103.863,
Contact STARLINK-5494 - MarsSat2,4914.885,20419.607,15504.723,
Contact STARLINK-5494 - MarsSat2,22228.798,31963.461,9734.663,
Contact STARLINK-5494 - MarsSat2,33771.394,49279.199,15507.805,
Contact STARLINK-5494 - MarsSat2,51085.281,60822.993,9737.712,
Contact STARLINK-5494 - MarsSat2,62627.886,78138.641,15510.754,
Contact STARLINK-5494 - MarsSat2,79941.829,86400.000,6458.171,
Contact STARLINK-5494 - MarsSat3,0.000,3104.011,3104.011,
Contact STARLINK-5494 - MarsSat3,4914.844,20419.500,15504.655,
Contact STARLINK-5494 - MarsSat3,22228.631,31963.304,9734.673,
Contact STARLINK-5494 - MarsSat3,33771.216,49279.036,15507.821,
Contact STARLINK-5494 - MarsSat3,51085.027,60822.818,9737.791,
Contact STARLINK-5494 - MarsSat3,62627.553,78138.387,15510.834,
Contact STARLINK-5494 - MarsSat3,79941.378,86400.000,6458.622,
Contact STARLINK-5494 - MarsSat4,0.000,3104.104,3104.104,
Contact STARLINK-5494 - MarsSat4,4915.038,20419.569,15504.531,
Contact STARLINK-5494 - MarsSat4,22228.523,31963.383,9734.860,
Contact STARLINK-5494 - MarsSat4,33771.156,49278.963,15507.807,
Contact STARLINK-5494 - MarsSat4,51084.792,60822.640,9737.848,
Contact STARLINK-5494 - MarsSat4,62627.527,78138.336,15510.810,
Contact STARLINK-5494 - MarsSat4,79941.380,86400.000,6458.620,
Contact STARLINK-30421 - STARLINK-4338,3537.249,4076.730,539.480,
Contact STARLINK-30421 - STARLINK-4338,17773.258,18303.606,530.347,
Contact STARLINK-30421 - STARLINK-4338,32015.691,32523.625,507.934,
Contact STARLINK-30421 - STARLINK-4338,71845.885,72389.014,543.129,
Contact STARLINK-30421 - STARLINK-4338,86058.441,86400.000,341.559,
Contact STARLINK-30421 - STARLINK-32197,6565.205,7696.301,1131.096,
Contact STARLINK-30421 - STARLINK-32197,17769.402,24594.504,6825.102,
Contact STARLINK-30421 - STARLINK-32197,31787.999,33030.971,1242.972,
Contact STARLINK-30421 - STARLINK-32197,40185.554,47116.498,6930.945,
Contact STARLINK-30421 - STARLINK-32197,57003.918,58373.935,1370.017,
Contact STARLINK-30421 - STARLINK-32197,65423.874,72433.002,7009.128,
Contact STARLINK-30421 - STARLINK-32197,82249.629,86400.000,4150.371,
Contact STARLINK-30421 - STARLINK-2105,0.000,164.179,164.179,
Contact STARLINK-30421 - STARLINK-6148,17700.606,18159.640,459.035,
Contact STARLINK-30421 - STARLINK-6148,25613.964,78661.798,53047.833,
Contact STARLINK-30421 - STARLINK-6148,79359.330,86400.000,7040.670,
Contact STARLINK-30421 - STARLINK-11101 [DTC],67736.767,68637.353,900.586,
Contact STARLINK-30421 - STARLINK-11101 [DTC],78740.879,79873.676,1132.797,
Contact STARLINK-30421 - STARLINK-31853,0.000,26.070,26.070,
Contact STARLINK-30421 - STARLINK-31853,10361.500,11254.395,892.895,
Contact STARLINK-30421 - STARLINK-31853,21585.603,25288.121,3702.517,
Contact STARLINK-30421 - STARLINK-31853,35617.392,36513.302,895.910,
Contact STARLINK-30421 - STARLINK-31853,49652.031,50542.359,890.328,
Contact STARLINK-30421 - STARLINK-31853,60881.077,61764.298,883.220,
Contact STARLINK-30421 - STARLINK-31853,74918.903,75790.253,871.350,
Contact STARLINK-30421 - STARLINK-31853,86151.135,86400.000,248.865,
Contact STARLINK-30421 - STARLINK-4551,21523.328,22087.141,563.813,
Contact STARLINK-30421 - STARLINK-4551,35626.315,36347.944,721.628,
Contact STARLINK-30421 - STARLINK-4551,49756.301,50581.959,825.658,
Contact STARLINK-30421 - STARLINK-4551,61077.812,61951.240,873.428,
Contact STARLINK-30421 - STARLINK-4551,75250.930,76141.310,890.380,
Contact STARLINK-30421 - STARLINK-1578,75446.883,76134.353,687.470,
Contact STARLINK-30421 - STARLINK-5535,0.000,17768.265,17768.265,
Contact STARLINK-30421 - STARLINK-5535,24611.941,26035.309,1423.368,
Contact STARLINK-30421 - STARLINK-5289,71945.969,72320.328,374.358,
Contact STARLINK-30421 - STARLINK-5289,86081.941,86400.000,318.059,
Contact STARLINK-30421 - STARLINK-1666,32073.874,32661.370,587.497,
Contact STARLINK-30421 - STARLINK-1666,46165.819,46953.046,787.227,
Contact STARLINK-30421 - STARLINK-1666,57472.281,58353.314,881.033,
Contact STARLINK-30421 - STARLINK-1666,71637.759,72571.107,933.347,
Contact STARLINK-30421 - STARLINK-1666,85828.527,86400.000,571.473,
Contact STARLINK-30421 - STARLINK-1293,78471.471,79514.802,1043.331,
Contact STARLINK-30421 - STARLINK-31345,10090.015,10931.590,841.575,
Contact STARLINK-30421 - STARLINK-31345,21357.570,22193.308,835.738,
Contact STARLINK-30421 - STARLINK-31345,35440.331,36272.153,831.823,
Contact STARLINK-30421 - STARLINK-31345,46708.456,47533.280,824.824,
Contact STARLINK-30421 - STARLINK-31345,60795.976,61607.274,811.298,
Contact STARLINK-30421 - STARLINK-31345,74879.876,75684.943,805.068,
Contact STARLINK-30421 - STARLINK-31345,86148.893,86400.000,251.107,
Contact STARLINK-30421 - STARLINK-31690,0.000,22.656,22.656,
Contact STARLINK-30421 - STARLINK-31690,10493.151,11228.157,735.006,
Contact STARLINK-30421 - STARLINK-31690,24557.688,25228.687,670.999,
Contact STARLINK-30421 - STARLINK-31690,35810.752,36427.685,616.933,
Contact STARLINK-30421 - STARLINK-31690,49879.532,50423.964,544.432,
Contact STARLINK-30421 - STARLINK-31690,61142.872,61612.685,469.813,
Contact STARLINK-30421 - STARLINK-1302,0.000,21429.353,21429.353,
Contact STARLINK-30421 - STARLINK-1302,28635.941,29562.165,926.224,
Contact STARLINK-30421 - STARLINK-4675,0.000,50393.181,50393.181,
Contact STARLINK-30421 - STARLINK-4675,57402.316,57782.529,380.213,
Contact STARLINK-30421 - STARLINK-1788,67493.358,86400.000,18906.642,
Contact STARLINK-30421 - STARLINK-1080,68195.280,68917.566,722.286,
Contact STARLINK-30421 - STARLINK-1080,82208.551,83254.155,1045.605,
Contact STARLINK-30421 - STARLINK-31554,0.000,514.163,514.163,
Contact STARLINK-30421 - STARLINK-4383,6642.538,7420.316,777.777,
Contact STARLINK-30421 - STARLINK-4383,20906.293,21617.920,711.627,
Contact STARLINK-30421 - STARLINK-4383,32322.866,32970.044,647.179,
Contact STARLINK-30421 - STARLINK-4383,46599.913,47153.278,553.365,
Contact STARLINK-30421 - STARLINK-4383,60896.930,61318.491,421.561,
Contact STARLINK-30421 - STARLINK-5713,6906.242,7947.608,1041.365,
Contact STARLINK-30421 - STARLINK-5713,21121.308,22145.817,1024.509,
Contact STARLINK-30421 - STARLINK-5713,35387.299,36293.150,905.851,
Contact STARLINK-30421 - STARLINK-1303,64405.487,71388.848,6983.361,
Contact STARLINK-30421 - STARLINK-1303,72762.772,85756.981,12994.210,
Contact STARLINK-30421 - STARLINK-11265 [DTC],46419.790,46816.858,397.068,
Contact STARLINK-30421 - STARLINK-11265 [DTC],57109.979,58314.709,1204.730,
Contact STARLINK-30421 - STARLINK-11265 [DTC],65318.951,75069.164,9750.213,
Contact STARLINK-30421 - STARLINK-11265 [DTC],82039.171,83275.725,1236.555,
Contact STARLINK-30421 - STARLINK-5831,25795.540,86400.000,60604.460,
Contact STARLINK-30421 - STARLINK-31034,6642.336,7533.772,891.436,
Contact STARLINK-30421 - STARLINK-31034,17903.113,21622.053,3718.940,
Contact STARLINK-30421 - STARLINK-31034,31984.229,32895.535,911.305,
Contact STARLINK-30421 - STARLINK-31034,46057.545,46990.803,933.258,
Contact STARLINK-30421 - STARLINK-31034,57320.293,58262.965,942.673,
Contact STARLINK-30421 - STARLINK-31034,71403.686,72348.242,944.556,
Contact STARLINK-30421 - STARLINK-31034,82667.625,86400.000,3732.375,
Contact STARLINK-30421 - MoonARTEMIS1,1287.028,10400.310,9113.282,
Contact STARLINK-30421 - MoonARTEMIS1,12573.736,16048.801,3475.065,
Contact STARLINK-30421 - MoonARTEMIS1,18222.432,27346.885,9124.454,
Contact STARLINK-30421 - MoonARTEMIS1,29507.144,38617.621,9110.477,
Contact STARLINK-30421 - MoonARTEMIS1,40774.567,49891.083,9116.516,
Contact STARLINK-30421 - MoonARTEMIS1,52045.032,55528.963,3483.931,
Contact STARLINK-30421 - MoonARTEMIS1,63318.400,66807.121,3488.721,
Contact STARLINK-30421 - MoonARTEMIS1,68956.207,78088.842,9132.635,
Contact STARLINK-30421 - MoonARTEMIS1,80234.326,86400.000,6165.674,
Contact STARLINK-30421 - MoonARTEMIS2,1352.155,10463.796,9111.641,
Contact STARLINK-30421 - MoonARTEMIS2,12630.797,16103.916,3473.119,
Contact STARLINK-30421 - MoonARTEMIS2,18269.064,27381.930,9112.866,
Contact STARLINK-30421 - MoonARTEMIS2,29543.218,38656.213,9112.995,
Contact STARLINK-30421 - MoonARTEMIS2,40813.338,49924.683,9111.345,
Contact STARLINK-30421 - MoonARTEMIS2,52076.853,55555.167,3478.314,
Contact STARLINK-30421 - MoonARTEMIS2,63349.498,66850.917,3501.419,
Contact STARLINK-30421 - MoonARTEMIS2,69000.160,78154.600,9154.440,
Contact STARLINK-30421 - MoonARTEMIS2,80295.297,86400.000,6104.703,
Contact STARLINK-30421 - MoonIOAGEO,1305.848,10410.064,9104.216,
Contact STARLINK-30421 - MoonIOAGEO,12581.910,16057.691,3475.780,
Contact STARLINK-30421 - MoonIOAGEO,20019.535,27355.951,7336.416,
Contact STARLINK-30421 - MoonIOAGEO,29519.133,38630.871,9111.738,
Contact STARLINK-30421 - MoonIOAGEO,40787.952,49898.975,9111.023,
Contact STARLINK-30421 - MoonIOAGEO,52056.019,55543.002,3486.982,
Contact STARLINK-30421 - MoonIOAGEO,64092.413,66846.501,2754.088,
Contact STARLINK-30421 - MoonIOAGEO,68995.389,78135.272,9139.883,
Contact STARLINK-30421 - MoonIOAGEO,80274.701,86400.000,6125.299,
Contact STARLINK-30421 - MoonIOAGNO,1309.443,10418.662,9109.219,
Contact STARLINK-30421 - MoonIOAGNO,12592.315,16068.375,3476.060,
Contact STARLINK-30421 - MoonIOAGNO,18238.497,27348.693,9110.195,
Contact STARLINK-30421 - MoonIOAGNO,29515.635,38624.596,9108.962,
Contact STARLINK-30421 - MoonIOAGNO,40787.134,49904.626,9117.492,
Contact STARLINK-30421 - MoonIOAGNO,52061.564,55556.690,3495.125,
Contact STARLINK-30421 - MoonIOAGNO,57713.304,66844.335,9131.031,
Contact STARLINK-30421 - MoonIOAGNO,68996.364,78121.954,9125.589,
Contact STARLINK-30421 - MoonIOAGNO,80269.447,86400.000,6130.553,
Contact STARLINK-30421 - MoonIOAGNO 0001,1320.920,10423.164,9102.244,
Contact STARLINK-30421 - MoonIOAGNO 0001,12594.703,16060.609,3465.906,
Contact STARLINK-30421 - MoonIOAGNO 0001,18230.166,27338.044,9107.878,
Contact STARLINK-30421 - MoonIOAGNO 0001,29502.900,38634.780,9131.880,
Contact STARLINK-30421 - MoonIOAGNO 0001,40797.265,49914.622,9117.357,
Contact STARLINK-30421 - MoonIOAGNO 0001,52073.828,55552.900,3479.072,
Contact STARLINK-30421 - MoonIOAGNO 0001,63345.368,66831.078,3485.711,
Contact STARLINK-30421 - MoonIOAGNO 0001,68981.452,78129.937,9148.486,
Contact STARLINK-30421 - MoonIOAGNO 0001,80275.671,86400.000,6124.329,
Contact STARLINK-30421 - MoonIOAGSO,1300.382,10420.778,9120.395,
Contact STARLINK-30421 - MoonIOAGSO,12594.456,16066.730,3472.274,
Contact STARLINK-30421 - MoonIOAGSO,18230.745,27341.213,9110.467,
Contact STARLINK-30421 - MoonIOAGSO,29500.460,38618.196,9117.736,
Contact STARLINK-30421 - MoonIOAGSO,40776.187,49904.079,9127.892,
Contact STARLINK-30421 - MoonIOAGSO,52064.360,54734.400,2670.040,
Contact STARLINK-30421 - MoonIOAGSO,57710.695,66840.852,9130.158,
Contact STARLINK-30421 - MoonIOAGSO,68982.393,78119.757,9137.364,
Contact STARLINK-30421 - MoonIOAGSO,80257.680,86400.000,6142.320,
Contact STARLINK-30421 - MoonIOAGSO 0001,1308.531,10413.253,9104.722,
Contact STARLINK-30421 - MoonIOAGSO 0001,12579.480,16051.588,3472.108,
Contact STARLINK-30421 - MoonIOAGSO 0001,18217.649,27335.803,9118.154,
Contact STARLINK-30421 - MoonIOAGSO 0001,29503.911,38632.485,9128.573,
Contact STARLINK-30421 - MoonIOAGSO 0001,40787.922,49909.072,9121.149,
Contact STARLINK-30421 - MoonIOAGSO 0001,52059.024,55547.848,3488.825,
Contact STARLINK-30421 - MoonIOAGSO 0001,63336.195,66829.532,3493.336,
Contact STARLINK-30421 - MoonIOAGSO 0001,68978.578,76333.622,7355.044,
Contact STARLINK-30421 - MoonIOAGSO 0001,80270.753,86400.000,6129.247,
Contact STARLINK-30421 - MoonLRO,1315.022,10416.857,9101.835,
Contact STARLINK-30421 - MoonLRO,12590.949,16061.581,3470.632,
Contact STARLINK-30421 - MoonLRO,18226.117,27347.895,9121.777,
Contact STARLINK-30421 - MoonLRO,29508.413,38623.455,9115.042,
Contact STARLINK-30421 - MoonLRO,40791.109,49912.692,9121.583,
Contact STARLINK-30421 - MoonLRO,52062.870,55558.021,3495.151,
Contact STARLINK-30421 - MoonLRO,63348.133,66836.819,3488.685,
Contact STARLINK-30421 - MoonLRO,68991.337,78122.426,9131.088,
Contact STARLINK-30421 - MoonLRO,80265.662,86400.000,6134.338,
Contact STARLINK-30421 - MarsSat1,1376.769,10522.099,9145.330,
Contact STARLINK-30421 - MarsSat1,12637.049,16152.830,3515.781,
Contact STARLINK-30421 - MarsSat1,18267.184,27414.273,9147.089,
Contact STARLINK-30421 - MarsSat1,29527.427,38675.694,9148.267,
Contact STARLINK-30421 - MarsSat1,40787.650,49937.139,9149.488,
Contact STARLINK-30421 - MarsSat1,52047.904,55567.890,3519.987,
Contact STARLINK-30421 - MarsSat1,63308.249,66829.487,3521.238,
Contact STARLINK-30421 - MarsSat1,68938.468,78091.222,9152.754,
Contact STARLINK-30421 - MarsSat1,80199.001,86400.000,6200.999,
Contact STARLINK-30421 - MarsSat2,1376.662,10521.998,9145.336,
Contact STARLINK-30421 - MarsSat2,12636.987,16152.761,3515.774,
Contact STARLINK-30421 - MarsSat2,18267.163,27414.306,9147.142,
Contact STARLINK-30421 - MarsSat2,29527.517,38675.873,9148.356,
Contact STARLINK-30421 - MarsSat2,40787.879,49937.468,9149.589,
Contact STARLINK-30421 - MarsSat2,52048.260,55568.278,3520.018,
Contact STARLINK-30421 - MarsSat2,63308.668,66829.925,3521.258,
Contact STARLINK-30421 - MarsSat2,68938.883,78091.611,9152.729,
Contact STARLINK-30421 - MarsSat2,80199.337,86400.000,6200.663,
Contact STARLINK-30421 - MarsSat3,1376.666,10521.938,9145.272,
Contact STARLINK-30421 - MarsSat3,12636.890,16152.665,3515.775,
Contact STARLINK-30421 - MarsSat3,18267.053,27414.189,9147.136,
Contact STARLINK-30421 - MarsSat3,29527.405,38675.740,9148.335,
Contact STARLINK-30421 - MarsSat3,40787.746,49937.305,9149.559,
Contact STARLINK-30421 - MarsSat3,52048.085,55568.095,3520.010,
Contact STARLINK-30421 - MarsSat3,63308.438,66829.694,3521.256,
Contact STARLINK-30421 - MarsSat3,68938.625,78091.327,9152.703,
Contact STARLINK-30421 - MarsSat3,80199.031,86400.000,6200.969,
Contact STARLINK-30421 - MarsSat4,1376.808,10522.029,9145.221,
Contact STARLINK-30421 - MarsSat4,12636.928,16152.681,3515.754,
Contact STARLINK-30421 - MarsSat4,18267.006,27414.155,9147.149,
Contact STARLINK-30421 - MarsSat4,29527.364,38675.697,9148.333,
Contact STARLINK-30421 - MarsSat4,40787.646,49937.164,9149.518,
Contact STARLINK-30421 - MarsSat4,52047.926,55567.950,3520.024,
Contact STARLINK-30421 - MarsSat4,63308.435,66829.692,3521.257,
Contact STARLINK-30421 - MarsSat4,68938.648,78091.323,9152.674,
Contact STARLINK-30421 - MarsSat4,80199.036,86400.000,6200.964,
Contact STARLINK-4338 - STARLINK-32197,32368.461,32849.526,481.065,
Contact STARLINK-4338 - STARLINK-32197,46479.551,47156.191,676.640,
Contact STARLINK-4338 - STARLINK-32197,60642.366,61410.689,768.323,
Contact STARLINK-4338 - STARLINK-32197,71990.755,75643.651,3652.896,
Contact STARLINK-4338 - STARLINK-32197,86197.510,86400.000,202.490,
Contact STARLINK-4338 - STARLINK-2476,6676.955,7485.681,808.726,
Contact STARLINK-4338 - STARLINK-2476,21053.266,21844.132,790.867,
Contact STARLINK-4338 - STARLINK-2476,35421.323,36211.879,790.556,
Contact STARLINK-4338 - STARLINK-2476,49799.429,50568.637,769.208,
Contact STARLINK-4338 - STARLINK-2476,64169.004,64934.964,765.959,
Contact STARLINK-4338 - STARLINK-2476,78549.212,79289.730,740.517,
Contact STARLINK-4338 - STARLINK-31536,10532.077,11119.092,587.015,
Contact STARLINK-4338 - STARLINK-31536,24690.934,25440.691,749.757,
Contact STARLINK-4338 - STARLINK-31536,38884.906,39725.589,840.683,
Contact STARLINK-4338 - STARLINK-31536,50258.361,51135.557,877.196,
Contact STARLINK-4338 - STARLINK-31536,64498.828,65374.910,876.082,
Contact STARLINK-4338 - STARLINK-31536,78777.668,79575.310,797.643,
Contact STARLINK-4338 - STARLINK-6148,3029.465,3718.309,688.844,
Contact STARLINK-4338 - STARLINK-6148,17399.617,18102.364,702.748,
Contact STARLINK-4338 - STARLINK-6148,31779.711,32476.961,697.250,
Contact STARLINK-4338 - STARLINK-6148,46150.359,46860.428,710.069,
Contact STARLINK-4338 - STARLINK-6148,60530.615,61234.774,704.159,
Contact STARLINK-4338 - STARLINK-6148,74901.707,75617.713,716.005,
Contact STARLINK-4338 - STARLINK-11199 [DTC],10542.560,11102.429,559.869,
Contact STARLINK-4338 - STARLINK-11199 [DTC],35940.752,36361.117,420.365,
Contact STARLINK-4338 - STARLINK-11199 [DTC],50014.323,50429.841,415.518,
Contact STARLINK-4338 - STARLINK-11199 [DTC],75265.408,75834.521,569.113,
Contact STARLINK-4338 - STARLINK-5649,53993.852,54499.365,505.513,
Contact STARLINK-4338 - STARLINK-5649,68371.883,68881.194,509.311,
Contact STARLINK-4338 - STARLINK-5649,82758.051,83255.608,497.557,
Contact STARLINK-4338 - STARLINK-11101 [DTC],7030.654,7952.333,921.679,
Contact STARLINK-4338 - STARLINK-11101 [DTC],21086.600,22014.041,927.441,
Contact STARLINK-4338 - STARLINK-2685,10634.771,11280.606,645.835,
Contact STARLINK-4338 - STARLINK-2685,24993.637,25648.949,655.312,
Contact STARLINK-4338 - STARLINK-2685,39354.229,40015.144,660.915,
Contact STARLINK-4338 - STARLINK-2685,53712.239,54384.395,672.156,
Contact STARLINK-4338 - STARLINK-2685,68072.758,68750.681,677.922,
Contact STARLINK-4338 - STARLINK-2685,82430.001,83120.755,690.754,
Contact STARLINK-4338 - STARLINK-4254,4023.439,11227.515,7204.076,
Contact STARLINK-4338 - STARLINK-4254,18335.038,28497.725,10162.688,
Contact STARLINK-4338 - STARLINK-4254,32675.317,42881.040,10205.723,
Contact STARLINK-4338 - STARLINK-4254,47005.833,57249.936,10244.103,
Contact STARLINK-4338 - STARLINK-4254,64229.224,71610.705,7381.481,
Contact STARLINK-4338 - STARLINK-4254,78605.895,85956.143,7350.248,
Contact STARLINK-4338 - STARLINK-31853,86048.678,86400.000,351.322,
Contact STARLINK-4338 - STARLINK-5535,3455.627,4169.959,714.332,
Contact STARLINK-4338 - STARLINK-5535,17845.369,18568.524,723.155,
Contact STARLINK-4338 - STARLINK-5535,32244.146,32958.470,714.324,
Contact STARLINK-4338 - STARLINK-5535,46633.867,47357.028,723.161,
Contact STARLINK-4338 - STARLINK-5535,61032.655,61746.971,714.316,
Contact STARLINK-4338 - STARLINK-5535,75422.355,76145.521,723.166,
Contact STARLINK-4338 - STARLINK-5289,0.000,86400.000,86400.000,
Contact STARLINK-4338 - STARLINK-1276,10287.156,10979.047,691.892,
Contact STARLINK-4338 - STARLINK-1276,24637.947,25358.634,720.687,
Contact STARLINK-4338 - STARLINK-1276,38996.717,39729.939,733.222,
Contact STARLINK-4338 - STARLINK-1276,53347.668,54109.472,761.804,
Contact STARLINK-4338 - STARLINK-1276,67706.953,68480.339,773.386,
Contact STARLINK-4338 - STARLINK-1276,79191.330,82859.596,3668.266,
Contact STARLINK-4338 - STARLINK-5837,10238.750,10982.326,743.575,
Contact STARLINK-4338 - STARLINK-5837,24632.189,25378.780,746.591,
Contact STARLINK-4338 - STARLINK-5837,39028.503,39772.127,743.623,
Contact STARLINK-4338 - STARLINK-5837,53421.942,54168.560,746.618,
Contact STARLINK-4338 - STARLINK-5837,67818.249,68561.920,743.671,
Contact STARLINK-4338 - STARLINK-5837,82211.687,82958.333,746.646,
Contact STARLINK-4338 - STARLINK-31852,0.000,6477.335,6477.335,
Contact STARLINK-4338 - STARLINK-31852,13901.518,14964.551,1063.033,
Contact STARLINK-4338 - STARLINK-31852,28234.767,29029.999,795.232,
Contact STARLINK-4338 - STARLINK-1666,2955.433,3879.250,923.816,
Contact STARLINK-4338 - STARLINK-1666,17258.018,18314.306,1056.288,
Contact STARLINK-4338 - STARLINK-1666,28713.469,32716.769,4003.301,
Contact STARLINK-4338 - STARLINK-1666,43046.079,47130.417,4084.339,
Contact STARLINK-4338 - STARLINK-1666,57375.562,61516.807,4141.245,
Contact STARLINK-4338 - STARLINK-1666,71722.347,75914.498,4192.151,
Contact STARLINK-4338 - STARLINK-1666,86065.705,86400.000,334.295,
Contact STARLINK-4338 - STARLINK-30879,0.000,308.978,308.978,
Contact STARLINK-4338 - STARLINK-30879,13916.360,14549.565,633.205,
Contact STARLINK-4338 - STARLINK-30879,39443.108,40168.085,724.977,
Contact STARLINK-4338 - STARLINK-30879,53638.719,54387.272,748.553,
Contact STARLINK-4338 - STARLINK-30879,67846.914,68592.391,745.477,
Contact STARLINK-4338 - STARLINK-31690,82791.824,83401.863,610.039,
Contact STARLINK-4338 - STARLINK-1302,3577.731,4095.667,517.936,
Contact STARLINK-4338 - STARLINK-1302,17957.696,18449.258,491.562,
Contact STARLINK-4338 - STARLINK-1302,32355.802,32783.844,428.042,
Contact STARLINK-4338 - STARLINK-1302,46741.867,47131.437,389.570,
Contact STARLINK-4338 - STARLINK-1302,61153.669,61452.462,298.793,
Contact STARLINK-4338 - STARLINK-1302,75554.665,75785.228,230.562,
Contact STARLINK-4338 - STARLINK-4675,3459.214,4059.937,600.723,
Contact STARLINK-4338 - STARLINK-4675,17802.138,18423.038,620.900,
Contact STARLINK-4338 - STARLINK-4675,32156.101,32775.235,619.134,
Contact STARLINK-4338 - STARLINK-4675,46499.751,47137.559,637.807,
Contact STARLINK-4338 - STARLINK-4675,60854.171,61489.281,635.110,
Contact STARLINK-4338 - STARLINK-4675,75198.516,75850.865,652.349,
Contact STARLINK-4338 - STARLINK-6135,10098.061,10869.169,771.107,
Contact STARLINK-4338 - STARLINK-6135,24475.263,25251.152,775.888,
Contact STARLINK-4338 - STARLINK-6135,35978.420,39628.622,3650.202,
Contact STARLINK-4338 - STARLINK-6135,50359.335,54010.751,3651.416,
Contact STARLINK-4338 - STARLINK-6135,64736.384,65514.577,778.193,
Contact STARLINK-4338 - STARLINK-6135,79117.513,79891.785,774.271,
Contact STARLINK-4338 - STARLINK-1788,0.000,536.437,536.437,
Contact STARLINK-4338 - STARLINK-1788,14105.644,14893.367,787.723,
Contact STARLINK-4338 - STARLINK-1788,28464.719,29257.388,792.669,
Contact STARLINK-4338 - STARLINK-1788,42831.477,43614.301,782.824,
Contact STARLINK-4338 - STARLINK-1788,57190.943,57977.876,786.933,
Contact STARLINK-4338 - STARLINK-1788,71557.554,72334.875,777.321,
Contact STARLINK-4338 - STARLINK-1788,85917.352,86400.000,482.648,
Contact STARLINK-4338 - STARLINK-1080,0.000,719.090,719.090,
Contact STARLINK-4338 - STARLINK-1080,14147.797,15044.953,897.156,
Contact STARLINK-4338 - STARLINK-1080,28503.814,29378.561,874.747,
Contact STARLINK-4338 - STARLINK-1080,42873.905,43698.426,824.521,
Contact STARLINK-4338 - STARLINK-1080,57235.242,58026.480,791.238,
Contact STARLINK-4338 - STARLINK-1080,71610.773,72340.728,729.955,
Contact STARLINK-4338 - STARLINK-1080,85977.056,86400.000,422.944,
Contact STARLINK-4338 - STARLINK-30052,7152.999,7854.825,701.826,
Contact STARLINK-4338 - STARLINK-11265 [DTC],46742.054,47205.875,463.821,
Contact STARLINK-4338 - STARLINK-11265 [DTC],60650.085,61360.480,710.395,
Contact STARLINK-4338 - STARLINK-11265 [DTC],71858.716,72600.074,741.358,
Contact STARLINK-4338 - STARLINK-11265 [DTC],85961.877,86400.000,438.123,
Contact STARLINK-4338 - STARLINK-4612,0.000,372.964,372.964,
Contact STARLINK-4338 - STARLINK-4612,13956.085,14718.331,762.245,
Contact STARLINK-4338 - STARLINK-4612,28310.768,29070.476,759.708,
Contact STARLINK-4338 - STARLINK-4612,42672.879,43415.860,742.981,
Contact STARLINK-4338 - STARLINK-4612,57027.985,57767.541,739.556,
Contact STARLINK-4338 - STARLINK-4612,71389.785,72113.178,723.393,
Contact STARLINK-4338 - STARLINK-4612,85745.167,86400.000,654.833,
Contact STARLINK-4338 - STARLINK-5831,57597.037,58220.050,623.014,
Contact STARLINK-4338 - STARLINK-5831,71977.016,72592.118,615.103,
Contact STARLINK-4338 - STARLINK-5831,86348.940,86400.000,51.060,
Contact STARLINK-4338 - STARLINK-31034,32066.012,32694.243,628.230,
Contact STARLINK-4338 - STARLINK-31034,46140.844,47125.076,984.232,
Contact STARLINK-4338 - STARLINK-31034,57475.255,61444.845,3969.590,
Contact STARLINK-4338 - STARLINK-31034,71711.758,75708.761,3997.003,
Contact STARLINK-4338 - STARLINK-31034,86001.695,86400.000,398.305,
Contact STARLINK-4338 - STARLINK-3815,68185.226,68545.540,360.313,
Contact STARLINK-4338 - STARLINK-3815,82321.781,82920.849,599.067,
Contact STARLINK-4338 - STARLINK-31611,3119.087,3736.203,617.116,
Contact STARLINK-4338 - STARLINK-31611,28615.071,29373.313,758.242,
Contact STARLINK-4338 - STARLINK-31611,42813.313,43582.612,769.299,
Contact STARLINK-4338 - STARLINK-31611,57023.779,57778.583,754.805,
Contact STARLINK-4338 - STARLINK-31611,82651.630,83284.764,633.134,
Contact STARLINK-4338 - MoonARTEMIS1,0.000,6562.206,6562.206,
Contact STARLINK-4338 - MoonARTEMIS1,8662.477,12315.077,3652.600,
Contact STARLINK-4338 - MoonARTEMIS1,14408.710,23820.983,9412.273,
Contact STARLINK-4338 - MoonARTEMIS1,25898.019,35341.619,9443.600,
Contact STARLINK-4338 - MoonARTEMIS1,37410.485,52616.687,15206.203,
Contact STARLINK-4338 - MoonARTEMIS1,54673.744,64131.429,9457.685,
Contact STARLINK-4338 - MoonARTEMIS1,66179.127,81401.357,15222.231,
Contact STARLINK-4338 - MoonARTEMIS1,83431.296,86400.000,2968.704,
Contact STARLINK-4338 - MoonARTEMIS2,0.000,6532.923,6532.923,
Contact STARLINK-4338 - MoonARTEMIS2,8611.279,23801.131,15189.852,
Contact STARLINK-4338 - MoonARTEMIS2,25866.286,35316.109,9449.823,
Contact STARLINK-4338 - MoonARTEMIS2,37373.778,52596.017,15222.239,
Contact STARLINK-4338 - MoonARTEMIS2,54647.203,58361.113,3713.909,
Contact STARLINK-4338 - MoonARTEMIS2,66144.457,81379.667,15235.210,
Contact STARLINK-4338 - MoonARTEMIS2,83368.968,86400.000,3031.032,
Contact STARLINK-4338 - MoonIOAGEO,0.000,6555.637,6555.637,
Contact STARLINK-4338 - MoonIOAGEO,8654.291,12312.519,3658.228,
Contact STARLINK-4338 - MoonIOAGEO,20147.930,23821.411,3673.481,
Contact STARLINK-4338 - MoonIOAGEO,25893.039,35331.031,9437.992,
Contact STARLINK-4338 - MoonIOAGEO,37396.602,52606.140,15209.538,
Contact STARLINK-4338 - MoonIOAGEO,54660.668,58363.222,3702.555,
Contact STARLINK-4338 - MoonIOAGEO,66147.615,81385.217,15237.603,
Contact STARLINK-4338 - MoonIOAGEO,83397.603,86400.000,3002.397,
Contact STARLINK-4338 - MoonIOAGNO,0.000,6554.067,6554.067,
Contact STARLINK-4338 - MoonIOAGNO,8651.474,23802.164,15150.690,
Contact STARLINK-4338 - MoonIOAGNO,25885.333,35314.889,9429.556,
Contact STARLINK-4338 - MoonIOAGNO,37392.436,52609.208,15216.772,
Contact STARLINK-4338 - MoonIOAGNO,54654.353,64099.115,9444.762,
Contact STARLINK-4338 - MoonIOAGNO,66137.164,81368.951,15231.788,
Contact STARLINK-4338 - MoonIOAGNO,83395.466,86400.000,3004.534,
Contact STARLINK-4338 - MoonIOAGNO 0001,0.000,6533.021,6533.021,
Contact STARLINK-4338 - MoonIOAGNO 0001,8633.006,23814.461,15181.455,
Contact STARLINK-4338 - MoonIOAGNO 0001,25901.044,35332.235,9431.191,
Contact STARLINK-4338 - MoonIOAGNO 0001,37392.958,52581.566,15188.608,
Contact STARLINK-4338 - MoonIOAGNO 0001,54640.461,64104.293,9463.832,
Contact STARLINK-4338 - MoonIOAGNO 0001,66151.293,81377.676,15226.382,
Contact STARLINK-4338 - MoonIOAGNO 0001,83386.948,86400.000,3013.052,
Contact STARLINK-4338 - MoonIOAGSO,0.000,6555.564,6555.564,
Contact STARLINK-4338 - MoonIOAGSO,8647.852,23838.041,15190.189,
Contact STARLINK-4338 - MoonIOAGSO,25911.414,35353.395,9441.982,
Contact STARLINK-4338 - MoonIOAGSO,37416.980,52599.808,15182.829,
Contact STARLINK-4338 - MoonIOAGSO,55976.503,64131.926,8155.423,
Contact STARLINK-4338 - MoonIOAGSO,66159.445,81406.956,15247.511,
Contact STARLINK-4338 - MoonIOAGSO,83414.383,86400.000,2985.617,
Contact STARLINK-4338 - MoonIOAGSO 0001,0.000,6571.927,6571.927,
Contact STARLINK-4338 - MoonIOAGSO 0001,8661.609,12328.464,3666.854,
Contact STARLINK-4338 - MoonIOAGSO 0001,14414.116,23831.180,9417.064,
Contact STARLINK-4338 - MoonIOAGSO 0001,25909.024,33120.148,7211.124,
Contact STARLINK-4338 - MoonIOAGSO 0001,37400.611,52624.364,15223.753,
Contact STARLINK-4338 - MoonIOAGSO 0001,54666.967,64131.047,9464.079,
Contact STARLINK-4338 - MoonIOAGSO 0001,66164.157,81395.759,15231.602,
Contact STARLINK-4338 - MoonIOAGSO 0001,83402.133,86400.000,2997.867,
Contact STARLINK-4338 - MoonLRO,0.000,6548.602,6548.602,
Contact STARLINK-4338 - MoonLRO,8646.326,23826.226,15179.900,
Contact STARLINK-4338 - MoonLRO,25899.301,35332.732,9433.430,
Contact STARLINK-4338 - MoonLRO,37405.746,52603.776,15198.031,
Contact STARLINK-4338 - MoonLRO,54647.218,64121.639,9474.422,
Contact STARLINK-4338 - MoonLRO,66154.626,81382.913,15228.287,
Contact STARLINK-4338 - MoonLRO,83397.453,86400.000,3002.547,
Contact STARLINK-4338 - MarsSat1,2824.903,6587.937,3763.033,
Contact STARLINK-4338 - MarsSat1,8583.219,23861.736,15278.516,
Contact STARLINK-4338 - MarsSat1,25858.262,35377.657,9519.395,
Contact STARLINK-4338 - MarsSat1,37375.049,52651.556,15276.506,
Contact STARLINK-4338 - MarsSat1,54650.256,64167.444,9517.188,
Contact STARLINK-4338 - MarsSat1,66166.984,81441.181,15274.197,
Contact STARLINK-4338 - MarsSat1,83441.909,86400.000,2958.091,
Contact STARLINK-4338 - MarsSat2,0.000,6587.956,6587.956,
Contact STARLINK-4338 - MarsSat2,8583.297,23861.613,15278.316,
Contact STARLINK-4338 - MarsSat2,25858.182,35377.457,9519.275,
Contact STARLINK-4338 - MarsSat2,37374.829,52651.278,15276.449,
Contact STARLINK-4338 - MarsSat2,54649.851,64167.178,9517.327,
Contact STARLINK-4338 - MarsSat2,66166.553,81441.042,15274.489,
Contact STARLINK-4338 - MarsSat2,83441.622,86400.000,2958.378,
Contact STARLINK-4338 - MarsSat3,0.000,6588.093,6588.093,
Contact STARLINK-4338 - MarsSat3,8583.397,23861.691,15278.294,
Contact STARLINK-4338 - MarsSat3,25858.299,35377.529,9519.230,
Contact STARLINK-4338 - MarsSat3,37374.959,52651.428,15276.470,
Contact STARLINK-4338 - MarsSat3,54650.058,64167.393,9517.335,
Contact STARLINK-4338 - MarsSat3,66166.826,81441.300,15274.474,
Contact STARLINK-4338 - MarsSat3,83441.964,86400.000,2958.036,
Contact STARLINK-4338 - MarsSat4,0.000,6588.016,6588.016,
Contact STARLINK-4338 - MarsSat4,8583.302,23861.811,15278.508,
Contact STARLINK-4338 - MarsSat4,25858.381,35377.672,9519.291,
Contact STARLINK-4338 - MarsSat4,37375.066,52651.556,15276.490,
Contact STARLINK-4338 - MarsSat4,54650.203,64167.313,9517.110,
Contact STARLINK-4338 - MarsSat4,66166.789,81441.245,15274.457,
Contact STARLINK-4338 - MarsSat4,83441.937,86400.000,2958.063,
Contact STARLINK-32197 - STARLINK-2476,7064.842,7750.611,685.769,
Contact STARLINK-32197 - STARLINK-6148,39643.133,86400.000,46756.867,
Contact STARLINK-32197 - STARLINK-11199 [DTC],85632.834,86400.000,767.166,
Contact STARLINK-32197 - STARLINK-11101 [DTC],57497.786,57665.997,168.211,
Contact STARLINK-32197 - STARLINK-11101 [DTC],82238.956,82901.657,662.700,
Contact STARLINK-32197 - STARLINK-31853,0.000,750.100,750.100,
Contact STARLINK-32197 - STARLINK-31853,13797.294,14774.273,976.979,
Contact STARLINK-32197 - STARLINK-31853,24998.559,25989.031,990.472,
Contact STARLINK-32197 - STARLINK-31853,39006.104,40001.920,995.816,
Contact STARLINK-32197 - STARLINK-31853,50208.008,54024.618,3816.610,
Contact STARLINK-32197 - STARLINK-31853,64205.308,65238.337,1033.029,
Contact STARLINK-32197 - STARLINK-31853,75407.891,79250.056,3842.165,
Contact STARLINK-32197 - STARLINK-4551,0.000,62.285,62.285,
Contact STARLINK-32197 - STARLINK-4551,10651.918,11481.013,829.095,
Contact STARLINK-32197 - STARLINK-4551,24743.913,25706.004,962.091,
Contact STARLINK-32197 - STARLINK-4551,38891.231,39875.505,984.274,
Contact STARLINK-32197 - STARLINK-4551,50239.078,54006.463,3767.385,
Contact STARLINK-32197 - STARLINK-4551,64463.788,65273.507,809.720,
Contact STARLINK-32197 - STARLINK-4551,78762.421,79293.242,530.821,
Contact STARLINK-32197 - STARLINK-1578,25088.824,25563.607,474.783,
Contact STARLINK-32197 - STARLINK-1578,39143.735,39823.706,679.971,
Contact STARLINK-32197 - STARLINK-1578,53237.047,54044.201,807.154,
Contact STARLINK-32197 - STARLINK-1578,64535.830,65396.454,860.624,
Contact STARLINK-32197 - STARLINK-1578,78686.278,79559.826,873.548,
Contact STARLINK-32197 - STARLINK-5535,10237.783,10943.149,705.367,
Contact STARLINK-32197 - STARLINK-5535,21409.773,25386.558,3976.785,
Contact STARLINK-32197 - STARLINK-5535,35514.689,42495.268,6980.579,
Contact STARLINK-32197 - STARLINK-5535,49785.158,50961.940,1176.782,
Contact STARLINK-32197 - STARLINK-5535,64220.768,64944.949,724.181,
Contact STARLINK-32197 - STARLINK-5289,60834.443,61510.420,675.977,
Contact STARLINK-32197 - STARLINK-5289,74936.859,75831.661,894.802,
Contact STARLINK-32197 - STARLINK-5289,86278.009,86400.000,121.991,
Contact STARLINK-32197 - STARLINK-1666,35483.512,36090.382,606.870,
Contact STARLINK-32197 - STARLINK-1666,46487.848,53524.632,7036.784,
Contact STARLINK-32197 - STARLINK-1666,60455.253,67812.039,7356.786,
Contact STARLINK-32197 - STARLINK-1666,68905.146,76305.727,7400.581,
Contact STARLINK-32197 - STARLINK-1666,83165.810,86400.000,3234.190,
Contact STARLINK-32197 - STARLINK-1293,53683.338,54258.025,574.687,
Contact STARLINK-32197 - STARLINK-1293,67751.954,68538.951,786.996,
Contact STARLINK-32197 - STARLINK-1293,79045.828,79923.852,878.023,
Contact STARLINK-32197 - STARLINK-31345,0.000,512.397,512.397,
Contact STARLINK-32197 - STARLINK-31345,10492.180,17338.429,6846.249,
Contact STARLINK-32197 - STARLINK-31345,24584.867,25755.554,1170.687,
Contact STARLINK-32197 - STARLINK-31345,35872.188,39752.717,3880.529,
Contact STARLINK-32197 - STARLINK-31345,50001.043,50949.592,948.549,
Contact STARLINK-32197 - STARLINK-31345,64123.179,64944.757,821.577,
Contact STARLINK-32197 - STARLINK-31345,75443.415,76118.203,674.788,
Contact STARLINK-32197 - STARLINK-31690,0.000,779.085,779.085,
Contact STARLINK-32197 - STARLINK-31690,13874.136,14790.627,916.491,
Contact STARLINK-32197 - STARLINK-31690,25084.013,25997.675,913.663,
Contact STARLINK-32197 - STARLINK-31690,39099.243,40003.661,904.418,
Contact STARLINK-32197 - STARLINK-31690,50309.500,54014.602,3705.102,
Contact STARLINK-32197 - STARLINK-31690,64319.817,65221.092,901.274,
Contact STARLINK-32197 - STARLINK-31690,75530.407,79226.270,3695.863,
Contact STARLINK-32197 - STARLINK-1302,6508.885,7543.625,1034.740,
Contact STARLINK-32197 - STARLINK-1302,17870.671,21676.346,3805.675,
Contact STARLINK-32197 - STARLINK-1302,32138.303,32937.909,799.606,
Contact STARLINK-32197 - STARLINK-1302,46497.053,46927.615,430.562,
Contact STARLINK-32197 - STARLINK-4675,6741.860,7741.103,999.243,
Contact STARLINK-32197 - STARLINK-4675,14730.164,67544.716,52814.552,
Contact STARLINK-32197 - STARLINK-4675,68709.726,72860.173,4150.447,
Contact STARLINK-32197 - STARLINK-1788,79459.461,86400.000,6940.539,
Contact STARLINK-32197 - STARLINK-1080,80122.993,86400.000,6277.007,
Contact STARLINK-32197 - STARLINK-31554,3355.466,3883.779,528.314,
Contact STARLINK-32197 - STARLINK-31554,28599.552,29073.134,473.582,
Contact STARLINK-32197 - STARLINK-31554,53858.850,54247.096,388.246,
Contact STARLINK-32197 - STARLINK-31554,79116.778,79422.548,305.770,
Contact STARLINK-32197 - STARLINK-4383,6637.338,7900.500,1263.162,
Contact STARLINK-32197 - STARLINK-4383,20865.833,22081.106,1215.273,
Contact STARLINK-32197 - STARLINK-4383,32348.056,36139.228,3791.172,
Contact STARLINK-32197 - STARLINK-5713,0.000,3435.519,3435.519,
Contact STARLINK-32197 - STARLINK-5713,4368.677,17771.033,13402.356,
Contact STARLINK-32197 - STARLINK-5713,18410.884,31728.910,13318.026,
Contact STARLINK-32197 - STARLINK-5713,32872.465,39975.275,7102.810,
Contact STARLINK-32197 - STARLINK-1303,53815.882,54542.439,726.558,
Contact STARLINK-32197 - STARLINK-1303,67908.638,68795.065,886.428,
Contact STARLINK-32197 - STARLINK-1303,82055.839,82991.985,936.146,
Contact STARLINK-32197 - STARLINK-11265 [DTC],34787.129,84040.452,49253.322,
Contact STARLINK-32197 - STARLINK-5831,42918.615,49889.483,6970.868,
Contact STARLINK-32197 - STARLINK-5831,50988.604,86400.000,35411.396,
Contact STARLINK-32197 - STARLINK-31034,4363.997,11114.858,6750.861,
Contact STARLINK-32197 - STARLINK-31034,21036.514,28179.594,7143.080,
Contact STARLINK-32197 - STARLINK-31034,29372.593,39543.673,10171.080,
Contact STARLINK-32197 - STARLINK-31034,43308.548,53759.584,10451.037,
Contact STARLINK-32197 - STARLINK-31034,54448.050,86400.000,31951.950,
Contact STARLINK-32197 - MoonARTEMIS1,1796.699,5468.223,3671.524,
Contact STARLINK-32197 - MoonARTEMIS1,7426.390,16695.456,9269.066,
Contact STARLINK-32197 - MoonARTEMIS1,18693.734,27916.994,9223.260,
Contact STARLINK-32197 - MoonARTEMIS1,29942.595,39134.030,9191.435,
Contact STARLINK-32197 - MoonARTEMIS1,41173.957,50354.012,9180.056,
Contact STARLINK-32197 - MoonARTEMIS1,52407.973,55964.780,3556.807,
Contact STARLINK-32197 - MoonARTEMIS1,58025.774,67187.669,9161.895,
Contact STARLINK-32197 - MoonARTEMIS1,69262.783,78412.330,9149.547,
Contact STARLINK-32197 - MoonARTEMIS1,80501.663,86400.000,5898.337,
Contact STARLINK-32197 - MoonARTEMIS2,1878.603,5495.058,3616.455,
Contact STARLINK-32197 - MoonARTEMIS2,7501.946,16717.614,9215.668,
Contact STARLINK-32197 - MoonARTEMIS2,18744.839,27939.080,9194.241,
Contact STARLINK-32197 - MoonARTEMIS2,29982.873,39158.843,9175.970,
Contact STARLINK-32197 - MoonARTEMIS2,41215.606,44767.691,3552.085,
Contact STARLINK-32197 - MoonARTEMIS2,52440.772,55980.794,3540.022,
Contact STARLINK-32197 - MoonARTEMIS2,63673.413,67204.633,3531.220,
Contact STARLINK-32197 - MoonARTEMIS2,69301.933,78437.219,9135.287,
Contact STARLINK-32197 - MoonARTEMIS2,80551.942,86400.000,5848.058,
Contact STARLINK-32197 - MoonIOAGEO,1820.847,5475.214,3654.367,
Contact STARLINK-32197 - MoonIOAGEO,7440.582,16139.244,8698.662,
Contact STARLINK-32197 - MoonIOAGEO,19925.683,27921.388,7995.705,
Contact STARLINK-32197 - MoonIOAGEO,29956.331,39144.554,9188.223,
Contact STARLINK-32197 - MoonIOAGEO,41189.189,44754.044,3564.855,
Contact STARLINK-32197 - MoonIOAGEO,52420.824,55974.994,3554.170,
Contact STARLINK-32197 - MoonIOAGEO,64009.951,67203.189,3193.238,
Contact STARLINK-32197 - MoonIOAGEO,69297.839,78430.648,9132.809,
Contact STARLINK-32197 - MoonIOAGEO,80535.967,86400.000,5864.033,
Contact STARLINK-32197 - MoonIOAGNO,1826.775,5479.035,3652.259,
Contact STARLINK-32197 - MoonIOAGNO,7446.910,16708.099,9261.188,
Contact STARLINK-32197 - MoonIOAGNO,18713.078,27943.362,9230.285,
Contact STARLINK-32197 - MoonIOAGNO,29958.110,39159.903,9201.793,
Contact STARLINK-32197 - MoonIOAGNO,41192.363,44763.358,3570.995,
Contact STARLINK-32197 - MoonIOAGNO,52424.868,55976.894,3552.026,
Contact STARLINK-32197 - MoonIOAGNO,58058.508,67221.658,9163.150,
Contact STARLINK-32197 - MoonIOAGNO,69306.205,78445.436,9139.231,
Contact STARLINK-32197 - MoonIOAGNO,80538.768,86400.000,5861.232,
Contact STARLINK-32197 - MoonIOAGNO 0001,1842.972,5501.783,3658.811,
Contact STARLINK-32197 - MoonIOAGNO 0001,7465.657,16717.751,9252.094,
Contact STARLINK-32197 - MoonIOAGNO 0001,18703.859,27920.124,9216.265,
Contact STARLINK-32197 - MoonIOAGNO 0001,29939.183,39154.465,9215.283,
Contact STARLINK-32197 - MoonIOAGNO 0001,41202.274,44774.021,3571.747,
Contact STARLINK-32197 - MoonIOAGNO 0001,52443.578,55998.109,3554.531,
Contact STARLINK-32197 - MoonIOAGNO 0001,58060.005,67209.148,9149.143,
Contact STARLINK-32197 - MoonIOAGNO 0001,69288.436,78429.058,9140.622,
Contact STARLINK-32197 - MoonIOAGNO 0001,80538.978,86400.000,5861.022,
Contact STARLINK-32197 - MoonIOAGSO,1813.883,5471.389,3657.506,
Contact STARLINK-32197 - MoonIOAGSO,7446.895,16689.821,9242.926,
Contact STARLINK-32197 - MoonIOAGSO,18698.875,27898.481,9199.606,
Contact STARLINK-32197 - MoonIOAGSO,29932.521,39124.236,9191.714,
Contact STARLINK-32197 - MoonIOAGSO,41174.367,50364.966,9190.599,
Contact STARLINK-32197 - MoonIOAGSO,52430.333,54719.767,2289.435,
Contact STARLINK-32197 - MoonIOAGSO,58053.153,67186.590,9133.437,
Contact STARLINK-32197 - MoonIOAGSO,69281.077,78409.141,9128.063,
Contact STARLINK-32197 - MoonIOAGSO,80516.529,86400.000,5883.471,
Contact STARLINK-32197 - MoonIOAGSO 0001,1822.276,5453.298,3631.021,
Contact STARLINK-32197 - MoonIOAGSO 0001,7440.831,16677.104,9236.272,
Contact STARLINK-32197 - MoonIOAGSO 0001,18684.298,27916.854,9232.556,
Contact STARLINK-32197 - MoonIOAGSO 0001,29942.231,39134.034,9191.803,
Contact STARLINK-32197 - MoonIOAGSO 0001,41185.420,44737.823,3552.403,
Contact STARLINK-32197 - MoonIOAGSO 0001,52417.691,55958.275,3540.584,
Contact STARLINK-32197 - MoonIOAGSO 0001,58036.836,67192.633,9155.798,
Contact STARLINK-32197 - MoonIOAGSO 0001,69283.210,76298.340,7015.130,
Contact STARLINK-32197 - MoonIOAGSO 0001,80530.369,86400.000,5869.631,
Contact STARLINK-32197 - MoonLRO,1830.570,5479.348,3648.777,
Contact STARLINK-32197 - MoonLRO,7458.935,16692.168,9233.233,
Contact STARLINK-32197 - MoonLRO,18698.283,27923.502,9225.218,
Contact STARLINK-32197 - MoonLRO,29942.672,39143.232,9200.560,
Contact STARLINK-32197 - MoonLRO,41193.984,44750.046,3556.061,
Contact STARLINK-32197 - MoonLRO,52427.671,55978.767,3551.096,
Contact STARLINK-32197 - MoonLRO,58046.490,67205.799,9159.309,
Contact STARLINK-32197 - MoonLRO,69294.935,78422.802,9127.867,
Contact STARLINK-32197 - MoonLRO,80530.683,86400.000,5869.317,
Contact STARLINK-32197 - MarsSat1,1890.605,5475.473,3584.868,
Contact STARLINK-32197 - MarsSat1,7503.044,16695.875,9192.831,
Contact STARLINK-32197 - MarsSat1,18727.829,27916.277,9188.448,
Contact STARLINK-32197 - MarsSat1,29952.470,39136.686,9184.217,
Contact STARLINK-32197 - MarsSat1,41176.985,50357.137,9180.152,
Contact STARLINK-32197 - MarsSat1,52401.432,55967.390,3565.958,
Contact STARLINK-32197 - MarsSat1,58013.650,67187.969,9174.319,
Contact STARLINK-32197 - MarsSat1,69238.101,78408.648,9170.546,
Contact STARLINK-32197 - MarsSat1,80462.573,86400.000,5937.427,
Contact STARLINK-32197 - MarsSat2,1890.493,5475.436,3584.943,
Contact STARLINK-32197 - MarsSat2,7502.958,16695.933,9192.974,
Contact STARLINK-32197 - MarsSat2,18727.834,27916.416,9188.582,
Contact STARLINK-32197 - MarsSat2,29952.592,39136.905,9184.313,
Contact STARLINK-32197 - MarsSat2,41177.245,50357.417,9180.172,
Contact STARLINK-32197 - MarsSat2,52401.808,55967.684,3565.876,
Contact STARLINK-32197 - MarsSat2,58014.060,67188.246,9174.186,
Contact STARLINK-32197 - MarsSat2,69238.507,78408.846,9170.339,
Contact STARLINK-32197 - MarsSat2,80462.885,86400.000,5937.115,
Contact STARLINK-32197 - MarsSat3,1890.468,5475.314,3584.846,
Contact STARLINK-32197 - MarsSat3,7502.871,16695.818,9192.947,
Contact STARLINK-32197 - MarsSat3,18727.710,27916.343,9188.633,
Contact STARLINK-32197 - MarsSat3,29952.477,39136.816,9184.339,
Contact STARLINK-32197 - MarsSat3,41177.107,50357.276,9180.170,
Contact STARLINK-32197 - MarsSat3,52401.620,55967.513,3565.893,
Contact STARLINK-32197 - MarsSat3,58013.842,67188.016,9174.175,
Contact STARLINK-32197 - MarsSat3,69238.229,78408.583,9170.354,
Contact STARLINK-32197 - MarsSat3,80462.563,86400.000,5937.437,
Contact STARLINK-32197 - MarsSat4,1890.635,5475.417,3584.782,
Contact STARLINK-32197 - MarsSat4,7502.982,16695.709,9192.728,
Contact STARLINK-32197 - MarsSat4,18727.631,27916.261,9188.630,
Contact STARLINK-32197 - MarsSat4,29952.420,39136.653,9184.233,
Contact STARLINK-32197 - MarsSat4,41176.970,50357.113,9180.143,
Contact STARLINK-32197 - MarsSat4,52401.452,55967.456,3566.003,
Contact STARLINK-32197 - MarsSat4,58013.770,67188.081,9174.310,
Contact STARLINK-32197 - MarsSat4,69238.266,78408.620,9170.354,
Contact STARLINK-32197 - MarsSat4,80462.581,86400.000,5937.419,
Contact STARLINK-2476 - STARLINK-2105,0.000,549.976,549.976,
Contact STARLINK-2476 - STARLINK-2105,14034.490,14868.079,833.589,
Contact STARLINK-2476 - STARLINK-2105,28362.369,29191.622,829.253,
Contact STARLINK-2476 - STARLINK-2105,42695.826,43509.360,813.534,
Contact STARLINK-2476 - STARLINK-2105,57024.036,57832.554,808.518,
Contact STARLINK-2476 - STARLINK-2105,71357.854,72149.908,792.053,
Contact STARLINK-2476 - STARLINK-2105,85686.406,86400.000,713.594,
Contact STARLINK-2476 - STARLINK-31536,63698.735,86400.000,22701.265,
Contact STARLINK-2476 - STARLINK-11199 [DTC],35718.975,42673.692,6954.717,
Contact STARLINK-2476 - STARLINK-11199 [DTC],49676.368,51040.870,1364.502,
Contact STARLINK-2476 - STARLINK-5849,10269.365,11131.600,862.235,
Contact STARLINK-2476 - STARLINK-5849,24659.471,25487.292,827.821,
Contact STARLINK-2476 - STARLINK-5849,39066.839,39826.354,759.515,
Contact STARLINK-2476 - STARLINK-5849,53462.803,54176.137,713.334,
Contact STARLINK-2476 - STARLINK-5849,67878.393,68507.047,628.654,
Contact STARLINK-2476 - STARLINK-5849,82282.389,82848.755,566.366,
Contact STARLINK-2476 - STARLINK-30100,2892.298,4207.107,1314.809,
Contact STARLINK-2476 - STARLINK-30100,11499.422,18555.284,7055.863,
Contact STARLINK-2476 - STARLINK-30100,25857.308,32891.722,7034.414,
Contact STARLINK-2476 - STARLINK-30100,40207.015,47238.200,7031.185,
Contact STARLINK-2476 - STARLINK-30100,54566.594,61573.011,7006.416,
Contact STARLINK-2476 - STARLINK-30100,71793.758,75917.835,4124.077,
Contact STARLINK-2476 - STARLINK-30100,86146.043,86400.000,253.957,
Contact STARLINK-2476 - STARLINK-11101 [DTC],14898.172,38955.459,24057.287,
Contact STARLINK-2476 - STARLINK-5535,2983.098,3843.348,860.250,
Contact STARLINK-2476 - STARLINK-5535,17305.258,18269.454,964.196,
Contact STARLINK-2476 - STARLINK-5535,28772.285,32672.935,3900.650,
Contact STARLINK-2476 - STARLINK-5535,43115.384,47084.126,3968.742,
Contact STARLINK-2476 - STARLINK-5535,57456.323,61476.191,4019.868,
Contact STARLINK-2476 - STARLINK-5535,71809.132,75876.494,4067.362,
Contact STARLINK-2476 - STARLINK-5535,86159.465,86400.000,240.535,
Contact STARLINK-2476 - STARLINK-3525,0.000,209.408,209.408,
Contact STARLINK-2476 - STARLINK-3525,14106.876,14556.585,449.708,
Contact STARLINK-2476 - STARLINK-3525,28393.277,28893.942,500.665,
Contact STARLINK-2476 - STARLINK-3525,42678.382,43233.131,554.749,
Contact STARLINK-2476 - STARLINK-3525,82694.401,83364.266,669.865,
Contact STARLINK-2476 - STARLINK-5289,6752.740,7229.086,476.346,
Contact STARLINK-2476 - STARLINK-31852,71534.760,72128.670,593.910,
Contact STARLINK-2476 - STARLINK-31852,82760.407,86400.000,3639.593,
Contact STARLINK-2476 - STARLINK-5239,0.000,499.253,499.253,
Contact STARLINK-2476 - STARLINK-5239,13892.872,14819.079,926.206,
Contact STARLINK-2476 - STARLINK-5239,28214.710,29140.397,925.687,
Contact STARLINK-2476 - STARLINK-5239,42538.491,43459.796,921.304,
Contact STARLINK-2476 - STARLINK-5239,53997.010,57780.591,3783.581,
Contact STARLINK-2476 - STARLINK-5239,68319.608,72099.561,3779.954,
Contact STARLINK-2476 - STARLINK-5239,82643.988,86400.000,3756.012,
Contact STARLINK-2476 - STARLINK-1302,0.000,10247.043,10247.043,
Contact STARLINK-2476 - STARLINK-1302,17159.364,19189.543,2030.178,
Contact STARLINK-2476 - STARLINK-1302,26313.199,36194.203,9881.004,
Contact STARLINK-2476 - STARLINK-1302,46136.120,47536.804,1400.684,
Contact STARLINK-2476 - STARLINK-1302,75160.248,75841.078,680.830,
Contact STARLINK-2476 - STARLINK-4356,10225.106,10879.458,654.352,
Contact STARLINK-2476 - STARLINK-4356,24597.072,25239.314,642.242,
Contact STARLINK-2476 - STARLINK-4383,7132.387,7787.282,654.896,
Contact STARLINK-2476 - STARLINK-4383,21503.492,22148.683,645.192,
Contact STARLINK-2476 - STARLINK-4383,35863.729,36520.627,656.898,
Contact STARLINK-2476 - STARLINK-4383,50234.893,50881.979,647.086,
Contact STARLINK-2476 - STARLINK-4383,64595.507,65253.523,658.015,
Contact STARLINK-2476 - STARLINK-4383,78966.692,79614.867,648.175,
Contact STARLINK-2476 - STARLINK-30052,3022.056,4247.037,1224.981,
Contact STARLINK-2476 - STARLINK-30052,17369.918,18589.057,1219.139,
Contact STARLINK-2476 - STARLINK-30052,31727.663,32919.604,1191.941,
Contact STARLINK-2476 - STARLINK-30052,46076.425,47260.679,1184.254,
Contact STARLINK-2476 - STARLINK-30052,54693.531,61590.244,6896.713,
Contact STARLINK-2476 - STARLINK-30052,71918.744,75930.384,4011.641,
Contact STARLINK-2476 - STARLINK-30052,86268.752,86400.000,131.248,
Contact STARLINK-2476 - STARLINK-11265 [DTC],10434.834,11272.018,837.184,
Contact STARLINK-2476 - STARLINK-11265 [DTC],21552.476,25328.111,3775.636,
Contact STARLINK-2476 - STARLINK-11265 [DTC],35769.448,36307.545,538.097,
Contact STARLINK-2476 - MoonARTEMIS1,0.000,5924.666,5924.666,
Contact STARLINK-2476 - MoonARTEMIS1,8025.534,17449.450,9423.916,
Contact STARLINK-2476 - MoonARTEMIS1,19554.619,23225.022,3670.403,
Contact STARLINK-2476 - MoonARTEMIS1,25320.467,34723.228,9402.761,
Contact STARLINK-2476 - MoonARTEMIS1,36812.183,46218.579,9406.396,
Contact STARLINK-2476 - MoonARTEMIS1,48305.982,51967.136,3661.154,
Contact STARLINK-2476 - MoonARTEMIS1,54054.154,63466.254,9412.100,
Contact STARLINK-2476 - MoonARTEMIS1,65553.121,74968.345,9415.224,
Contact STARLINK-2476 - MoonARTEMIS1,77055.884,80720.685,3664.801,
Contact STARLINK-2476 - MoonARTEMIS1,82808.904,86400.000,3591.096,
Contact STARLINK-2476 - MoonARTEMIS2,0.000,6005.268,6005.268,
Contact STARLINK-2476 - MoonARTEMIS2,8107.123,17509.878,9402.755,
Contact STARLINK-2476 - MoonARTEMIS2,19610.028,23260.707,3650.679,
Contact STARLINK-2476 - MoonARTEMIS2,25359.957,34759.081,9399.124,
Contact STARLINK-2476 - MoonARTEMIS2,36856.202,46251.991,9395.788,
Contact STARLINK-2476 - MoonARTEMIS2,48345.868,51995.557,3649.689,
Contact STARLINK-2476 - MoonARTEMIS2,54086.762,57737.577,3650.815,
Contact STARLINK-2476 - MoonARTEMIS2,65601.028,75033.946,9432.918,
Contact STARLINK-2476 - MoonARTEMIS2,77129.801,80794.175,3664.374,
Contact STARLINK-2476 - MoonARTEMIS2,82890.396,86400.000,3509.604,
Contact STARLINK-2476 - MoonIOAGEO,0.000,5938.799,5938.799,
Contact STARLINK-2476 - MoonIOAGEO,8038.989,16154.980,8115.991,
Contact STARLINK-2476 - MoonIOAGEO,20119.898,23229.061,3109.163,
Contact STARLINK-2476 - MoonIOAGEO,25327.335,34737.503,9410.168,
Contact STARLINK-2476 - MoonIOAGEO,36829.166,46221.512,9392.346,
Contact STARLINK-2476 - MoonIOAGEO,48313.651,51972.460,3658.810,
Contact STARLINK-2476 - MoonIOAGEO,54066.993,57733.685,3666.692,
Contact STARLINK-2476 - MoonIOAGEO,65596.411,75020.027,9423.615,
Contact STARLINK-2476 - MoonIOAGEO,77111.096,80765.258,3654.162,
Contact STARLINK-2476 - MoonIOAGEO,82854.345,86400.000,3545.655,
Contact STARLINK-2476 - MoonIOAGNO,0.000,5945.712,5945.712,
Contact STARLINK-2476 - MoonIOAGNO,8048.512,17464.819,9416.306,
Contact STARLINK-2476 - MoonIOAGNO,19565.111,23211.207,3646.096,
Contact STARLINK-2476 - MoonIOAGNO,25313.523,34709.233,9395.711,
Contact STARLINK-2476 - MoonIOAGNO,36811.284,46219.499,9408.216,
Contact STARLINK-2476 - MoonIOAGNO,48317.485,51985.012,3667.527,
Contact STARLINK-2476 - MoonIOAGNO,54082.854,63493.745,9410.890,
Contact STARLINK-2476 - MoonIOAGNO,65590.811,74987.754,9396.943,
Contact STARLINK-2476 - MoonIOAGNO,77087.236,80738.562,3651.325,
Contact STARLINK-2476 - MoonIOAGNO,82837.481,86400.000,3562.519,
Contact STARLINK-2476 - MoonIOAGNO 0001,0.000,5944.306,5944.306,
Contact STARLINK-2476 - MoonIOAGNO 0001,8050.728,17446.486,9395.758,
Contact STARLINK-2476 - MoonIOAGNO 0001,19550.235,23202.432,3652.197,
Contact STARLINK-2476 - MoonIOAGNO 0001,25303.527,34732.398,9428.871,
Contact STARLINK-2476 - MoonIOAGNO 0001,36827.789,46225.753,9397.964,
Contact STARLINK-2476 - MoonIOAGNO 0001,48325.723,51973.722,3647.999,
Contact STARLINK-2476 - MoonIOAGNO 0001,54074.188,63477.880,9403.692,
Contact STARLINK-2476 - MoonIOAGNO 0001,65576.090,75005.691,9429.601,
Contact STARLINK-2476 - MoonIOAGNO 0001,77102.200,80762.213,3660.013,
Contact STARLINK-2476 - MoonIOAGNO 0001,82856.438,86400.000,3543.562,
Contact STARLINK-2476 - MoonIOAGSO,0.000,5944.873,5944.873,
Contact STARLINK-2476 - MoonIOAGSO,8046.652,17477.015,9430.363,
Contact STARLINK-2476 - MoonIOAGSO,19569.587,23231.786,3662.199,
Contact STARLINK-2476 - MoonIOAGSO,25319.581,34731.589,9412.008,
Contact STARLINK-2476 - MoonIOAGSO,36817.406,46227.704,9410.298,
Contact STARLINK-2476 - MoonIOAGSO,48318.992,51980.371,3661.379,
Contact STARLINK-2476 - MoonIOAGSO,55968.044,63512.588,7544.544,
Contact STARLINK-2476 - MoonIOAGSO,65598.836,75016.295,9417.458,
Contact STARLINK-2476 - MoonIOAGSO,77099.236,80764.401,3665.165,
Contact STARLINK-2476 - MoonIOAGSO,82848.557,86400.000,3551.443,
Contact STARLINK-2476 - MoonIOAGSO 0001,0.000,5965.066,5965.066,
Contact STARLINK-2476 - MoonIOAGSO 0001,8054.880,17462.390,9407.510,
Contact STARLINK-2476 - MoonIOAGSO 0001,19552.633,23210.878,3658.245,
Contact STARLINK-2476 - MoonIOAGSO 0001,25304.076,34732.007,9427.931,
Contact STARLINK-2476 - MoonIOAGSO 0001,36829.699,46249.294,9419.594,
Contact STARLINK-2476 - MoonIOAGSO 0001,48334.058,51999.902,3665.843,
Contact STARLINK-2476 - MoonIOAGSO 0001,54083.425,63495.997,9412.572,
Contact STARLINK-2476 - MoonIOAGSO 0001,65582.460,74998.659,9416.199,
Contact STARLINK-2476 - MoonIOAGSO 0001,77801.861,80770.284,2968.423,
Contact STARLINK-2476 - MoonIOAGSO 0001,82861.286,86400.000,3538.714,
Contact STARLINK-2476 - MoonLRO,0.000,5952.939,5952.939,
Contact STARLINK-2476 - MoonLRO,8059.237,17460.588,9401.351,
Contact STARLINK-2476 - MoonLRO,19560.013,23219.365,3659.352,
Contact STARLINK-2476 - MoonLRO,25309.775,34729.575,9419.800,
Contact STARLINK-2476 - MoonLRO,36821.282,46230.024,9408.742,
Contact STARLINK-2476 - MoonLRO,48332.484,51984.667,3652.182,
Contact STARLINK-2476 - MoonLRO,54082.286,63500.891,9418.605,
Contact STARLINK-2476 - MoonLRO,65584.725,75004.733,9420.008,
Contact STARLINK-2476 - MoonLRO,77100.287,80754.370,3654.084,
Contact STARLINK-2476 - MoonLRO,82855.467,86400.000,3544.533,
Contact STARLINK-2476 - MarsSat1,2427.704,6127.764,3700.060,
Contact STARLINK-2476 - MarsSat1,8166.543,17605.181,9438.638,
Contact STARLINK-2476 - MarsSat1,19644.187,23343.854,3699.667,
Contact STARLINK-2476 - MarsSat1,25382.981,34821.120,9438.139,
Contact STARLINK-2476 - MarsSat1,36860.511,46298.306,9437.795,
Contact STARLINK-2476 - MarsSat1,48338.006,52036.886,3698.880,
Contact STARLINK-2476 - MarsSat1,54076.763,63514.062,9437.298,
Contact STARLINK-2476 - MarsSat1,65554.341,74991.284,9436.944,
Contact STARLINK-2476 - MarsSat1,77032.024,86400.000,9367.976,
Contact STARLINK-2476 - MarsSat2,0.000,6127.622,6127.622,
Contact STARLINK-2476 - MarsSat2,8166.401,17605.040,9438.638,
Contact STARLINK-2476 - MarsSat2,19644.102,23343.748,3699.646,
Contact STARLINK-2476 - MarsSat2,25382.953,34821.140,9438.187,
Contact STARLINK-2476 - MarsSat2,36860.642,46298.490,9437.848,
Contact STARLINK-2476 - MarsSat2,48338.318,52037.149,3698.831,
Contact STARLINK-2476 - MarsSat2,54077.152,63514.434,9437.282,
Contact STARLINK-2476 - MarsSat2,65554.813,74991.675,9436.862,
Contact STARLINK-2476 - MarsSat2,77032.467,86400.000,9367.533,
Contact STARLINK-2476 - MarsSat3,0.000,6127.707,6127.707,
Contact STARLINK-2476 - MarsSat3,8166.398,17604.985,9438.587,
Contact STARLINK-2476 - MarsSat3,19643.995,23343.655,3699.660,
Contact STARLINK-2476 - MarsSat3,25382.827,34821.024,9438.196,
Contact STARLINK-2476 - MarsSat3,36860.500,46298.374,9437.874,
Contact STARLINK-2476 - MarsSat3,48338.156,52037.033,3698.877,
Contact STARLINK-2476 - MarsSat3,54076.976,63514.307,9437.331,
Contact STARLINK-2476 - MarsSat3,65554.597,74991.513,9436.916,
Contact STARLINK-2476 - MarsSat3,77032.196,86400.000,9367.804,
Contact STARLINK-2476 - MarsSat4,0.000,6127.810,6127.810,
Contact STARLINK-2476 - MarsSat4,8166.529,17605.081,9438.552,
Contact STARLINK-2476 - MarsSat4,19644.000,23343.676,3699.675,
Contact STARLINK-2476 - MarsSat4,25382.796,34821.101,9438.306,
Contact STARLINK-2476 - MarsSat4,36860.510,46298.375,9437.865,
Contact STARLINK-2476 - MarsSat4,48338.049,52036.935,3698.886,
Contact STARLINK-2476 - MarsSat4,54076.811,63514.209,9437.398,
Contact STARLINK-2476 - MarsSat4,65554.560,74991.484,9436.924,
Contact STARLINK-2476 - MarsSat4,77032.181,86400.000,9367.819,
Contact STARLINK-2105 - STARLINK-11199 [DTC],17927.138,18632.519,705.380,
Contact STARLINK-2105 - STARLINK-11199 [DTC],31866.856,32745.371,878.515,
Contact STARLINK-2105 - STARLINK-11199 [DTC],43136.356,43918.018,781.661,
Contact STARLINK-2105 - STARLINK-11199 [DTC],57448.384,57663.248,214.863,
Contact STARLINK-2105 - STARLINK-5849,3490.825,7259.499,3768.675,
Contact STARLINK-2105 - STARLINK-5849,17831.847,21656.453,3824.607,
Contact STARLINK-2105 - STARLINK-5849,32167.193,36038.726,3871.533,
Contact STARLINK-2105 - STARLINK-5849,46517.362,50426.111,3908.749,
Contact STARLINK-2105 - STARLINK-5849,60861.931,61928.846,1066.915,
Contact STARLINK-2105 - STARLINK-5849,75221.164,76298.377,1077.213,
Contact STARLINK-2105 - STARLINK-11101 [DTC],39266.871,40233.766,966.895,
Contact STARLINK-2105 - STARLINK-11101 [DTC],47588.128,54325.413,6737.285,
Contact STARLINK-2105 - STARLINK-11101 [DTC],64607.931,65343.417,735.486,
Contact STARLINK-2105 - STARLINK-5535,0.000,266.201,266.201,
Contact STARLINK-2105 - STARLINK-5535,13996.427,14624.243,627.816,
Contact STARLINK-2105 - STARLINK-5535,28353.146,28984.259,631.113,
Contact STARLINK-2105 - STARLINK-5535,42711.515,43342.970,631.456,
Contact STARLINK-2105 - STARLINK-5535,57068.375,57702.859,634.485,
Contact STARLINK-2105 - STARLINK-5535,71425.970,72062.310,636.341,
Contact STARLINK-2105 - STARLINK-5535,85782.925,86400.000,617.075,
Contact STARLINK-2105 - STARLINK-3525,6772.557,13726.270,6953.713,
Contact STARLINK-2105 - STARLINK-3525,21041.872,22333.131,1291.259,
Contact STARLINK-2105 - STARLINK-3525,35329.907,36650.693,1320.786,
Contact STARLINK-2105 - STARLINK-3525,43889.891,50986.042,7096.151,
Contact STARLINK-2105 - STARLINK-3525,58179.655,65301.309,7121.654,
Contact STARLINK-2105 - STARLINK-3525,72454.465,79633.778,7179.313,
Contact STARLINK-2105 - STARLINK-5837,3477.310,4243.400,766.090,
Contact STARLINK-2105 - STARLINK-5837,17839.535,18599.238,759.703,
Contact STARLINK-2105 - STARLINK-5837,32196.196,32960.794,764.598,
Contact STARLINK-2105 - STARLINK-5837,46558.995,47316.057,757.062,
Contact STARLINK-2105 - STARLINK-5837,60915.661,61677.590,761.930,
Contact STARLINK-2105 - STARLINK-5837,75279.098,76032.219,753.121,
Contact STARLINK-2105 - STARLINK-31852,75490.046,82551.382,7061.335,
Contact STARLINK-2105 - STARLINK-31852,83598.608,86400.000,2801.392,
Contact STARLINK-2105 - STARLINK-5058,6852.136,7666.070,813.934,
Contact STARLINK-2105 - STARLINK-5058,21244.639,21948.903,704.264,
Contact STARLINK-2105 - STARLINK-5058,35677.612,36187.796,510.184,
Contact STARLINK-2105 - STARLINK-5058,50115.838,50424.663,308.824,
Contact STARLINK-2105 - STARLINK-5239,0.000,86400.000,86400.000,
Contact STARLINK-2105 - STARLINK-1302,0.000,240.993,240.993,
Contact STARLINK-2105 - STARLINK-1302,10690.612,14562.961,3872.348,
Contact STARLINK-2105 - STARLINK-1302,25017.562,28891.236,3873.674,
Contact STARLINK-2105 - STARLINK-1302,39338.216,43212.999,3874.783,
Contact STARLINK-2105 - STARLINK-1302,53665.338,54672.885,1007.546,
Contact STARLINK-2105 - STARLINK-1302,67986.231,69000.799,1014.568,
Contact STARLINK-2105 - STARLINK-1302,82313.529,83322.272,1008.743,
Contact STARLINK-2105 - STARLINK-6135,3338.710,3916.079,577.369,
Contact STARLINK-2105 - STARLINK-6135,17701.977,18226.412,524.436,
Contact STARLINK-2105 - STARLINK-6135,32066.583,32534.966,468.383,
Contact STARLINK-2105 - STARLINK-6135,46438.057,46837.073,399.016,
Contact STARLINK-2105 - STARLINK-4356,6680.993,7205.936,524.943,
Contact STARLINK-2105 - STARLINK-4356,61142.969,61863.105,720.136,
Contact STARLINK-2105 - STARLINK-4356,75485.493,76236.172,750.679,
Contact STARLINK-2105 - STARLINK-11265 [DTC],3525.344,7364.521,3839.177,
Contact STARLINK-2105 - STARLINK-11265 [DTC],17670.662,18393.500,722.838,
Contact STARLINK-2105 - MoonARTEMIS1,1178.333,16721.705,15543.372,
Contact STARLINK-2105 - MoonARTEMIS1,18343.751,28281.839,9938.088,
Contact STARLINK-2105 - MoonARTEMIS1,31179.797,45545.129,14365.332,
Contact STARLINK-2105 - MoonARTEMIS1,46975.872,57064.404,10088.532,
Contact STARLINK-2105 - MoonARTEMIS1,58421.630,85941.215,27519.585,
Contact STARLINK-2105 - MoonARTEMIS2,1142.436,16820.136,15677.700,
Contact STARLINK-2105 - MoonARTEMIS2,18307.019,28341.187,10034.168,
Contact STARLINK-2105 - MoonARTEMIS2,29750.275,45616.031,15865.756,
Contact STARLINK-2105 - MoonARTEMIS2,46922.373,57115.955,10193.582,
Contact STARLINK-2105 - MoonARTEMIS2,64100.592,86346.051,22245.459,
Contact STARLINK-2105 - MoonIOAGEO,1166.799,16214.807,15048.008,
Contact STARLINK-2105 - MoonIOAGEO,20098.678,28302.129,8203.451,
Contact STARLINK-2105 - MoonIOAGEO,29785.151,45548.473,15763.322,
Contact STARLINK-2105 - MoonIOAGEO,46954.949,57100.593,10145.644,
Contact STARLINK-2105 - MoonIOAGEO,64102.440,86076.057,21973.617,
Contact STARLINK-2105 - MoonIOAGNO,1150.967,16743.978,15593.011,
Contact STARLINK-2105 - MoonIOAGNO,18319.769,28234.693,9914.924,
Contact STARLINK-2105 - MoonIOAGNO,29747.354,45537.509,15790.156,
Contact STARLINK-2105 - MoonIOAGNO,46941.653,57142.587,10200.934,
Contact STARLINK-2105 - MoonIOAGNO,58370.341,86035.836,27665.496,
Contact STARLINK-2105 - MoonIOAGNO 0001,1137.429,16705.559,15568.130,
Contact STARLINK-2105 - MoonIOAGNO 0001,18314.216,28255.092,9940.875,
Contact STARLINK-2105 - MoonIOAGNO 0001,29795.569,45550.621,15755.053,
Contact STARLINK-2105 - MoonIOAGNO 0001,46906.061,57077.764,10171.703,
Contact STARLINK-2105 - MoonIOAGNO 0001,58344.024,86110.168,27766.144,
Contact STARLINK-2105 - MoonIOAGSO,1185.958,16773.658,15587.699,
Contact STARLINK-2105 - MoonIOAGSO,18361.810,28302.418,9940.608,
Contact STARLINK-2105 - MoonIOAGSO,29829.348,45564.095,15734.747,
Contact STARLINK-2105 - MoonIOAGSO,46969.216,54693.367,7724.151,
Contact STARLINK-2105 - MoonIOAGSO,58393.443,86072.090,27678.647,
Contact STARLINK-2105 - MoonIOAGSO 0001,1196.055,16758.177,15562.121,
Contact STARLINK-2105 - MoonIOAGSO 0001,18372.592,28254.217,9881.625,
Contact STARLINK-2105 - MoonIOAGSO 0001,29786.663,45612.613,15825.950,
Contact STARLINK-2105 - MoonIOAGSO 0001,46992.677,57141.836,10149.158,
Contact STARLINK-2105 - MoonIOAGSO 0001,58434.227,86136.662,27702.435,
Contact STARLINK-2105 - MoonLRO,1166.312,16750.065,15583.753,
Contact STARLINK-2105 - MoonLRO,18343.803,28278.144,9934.341,
Contact STARLINK-2105 - MoonLRO,29796.904,45564.834,15767.930,
Contact STARLINK-2105 - MoonLRO,46942.680,57133.493,10190.812,
Contact STARLINK-2105 - MoonLRO,58397.574,86075.574,27678.000,
Contact STARLINK-2105 - MarsSat1,1333.645,17038.504,15704.859,
Contact STARLINK-2105 - MarsSat1,18351.173,28515.148,10163.976,
Contact STARLINK-2105 - MarsSat1,29798.856,45731.501,15932.645,
Contact STARLINK-2105 - MarsSat1,46969.432,57210.279,10240.847,
Contact STARLINK-2105 - MarsSat1,58415.626,85913.183,27497.557,
Contact STARLINK-2105 - MarsSat2,1179.022,17038.177,15859.155,
Contact STARLINK-2105 - MarsSat2,18351.005,28515.028,10164.023,
Contact STARLINK-2105 - MarsSat2,29798.491,45731.995,15933.503,
Contact STARLINK-2105 - MarsSat2,46968.761,57211.197,10242.436,
Contact STARLINK-2105 - MarsSat2,58414.836,85914.192,27499.356,
Contact STARLINK-2105 - MarsSat3,1179.217,17038.063,15858.846,
Contact STARLINK-2105 - MarsSat3,18351.244,28514.763,10163.518,
Contact STARLINK-2105 - MarsSat3,29798.658,45731.682,15933.023,
Contact STARLINK-2105 - MarsSat3,46969.072,57210.836,10241.764,
Contact STARLINK-2105 - MarsSat3,58415.327,85913.394,27498.067,
Contact STARLINK-2105 - MarsSat4,1178.846,17038.293,15859.447,
Contact STARLINK-2105 - MarsSat4,18351.535,28514.829,10163.294,
Contact STARLINK-2105 - MarsSat4,29798.861,45731.661,15932.801,
Contact STARLINK-2105 - MarsSat4,46969.542,57210.416,10240.875,
Contact STARLINK-2105 - MarsSat4,58415.322,85913.185,27497.862,
Contact STARLINK-31536 - STARLINK-11199 [DTC],0.000,3970.943,3970.943,
Contact STARLINK-31536 - STARLINK-11199 [DTC],13964.275,14981.019,1016.743,
Contact STARLINK-31536 - STARLINK-5849,39547.687,40301.847,754.160,
Contact STARLINK-31536 - STARLINK-5849,53706.600,54629.806,923.206,
Contact STARLINK-31536 - STARLINK-5849,67928.648,68893.549,964.901,
Contact STARLINK-31536 - STARLINK-5849,82192.856,83114.893,922.037,
Contact STARLINK-31536 - STARLINK-5649,3176.510,4332.993,1156.483,
Contact STARLINK-31536 - STARLINK-5649,17358.131,18577.824,1219.693,
Contact STARLINK-31536 - STARLINK-5649,25899.093,32753.556,6854.463,
Contact STARLINK-31536 - STARLINK-5649,43068.400,46846.712,3778.312,
Contact STARLINK-31536 - STARLINK-5649,57497.598,58038.875,541.277,
Contact STARLINK-31536 - STARLINK-5197,3462.366,7280.643,3818.276,
Contact STARLINK-31536 - STARLINK-5197,17642.668,18637.486,994.817,
Contact STARLINK-31536 - STARLINK-5197,31848.433,32809.605,961.173,
Contact STARLINK-31536 - STARLINK-5197,46085.422,46950.913,865.491,
Contact STARLINK-31536 - STARLINK-5197,57497.412,58241.882,744.470,
Contact STARLINK-31536 - STARLINK-5197,71803.318,72315.052,511.734,
Contact STARLINK-31536 - STARLINK-30100,60753.580,67703.472,6949.892,
Contact STARLINK-31536 - STARLINK-30100,69161.391,76321.201,7159.809,
Contact STARLINK-31536 - STARLINK-30100,83292.387,86400.000,3107.613,
Contact STARLINK-31536 - STARLINK-2685,0.000,32187.255,32187.255,
Contact STARLINK-31536 - STARLINK-4254,10533.151,11361.071,827.920,
Contact STARLINK-31536 - STARLINK-4254,24382.870,25893.241,1510.371,
Contact STARLINK-31536 - STARLINK-4254,32770.046,43154.359,10384.313,
Contact STARLINK-31536 - STARLINK-4254,46803.150,57383.257,10580.108,
Contact STARLINK-31536 - STARLINK-4254,58143.911,71459.268,13315.357,
Contact STARLINK-31536 - STARLINK-4254,72477.443,79841.991,7364.549,
Contact STARLINK-31536 - STARLINK-3525,3488.493,3900.232,411.739,
Contact STARLINK-31536 - STARLINK-3525,17546.688,18209.409,662.721,
Contact STARLINK-31536 - STARLINK-3525,31651.244,32471.794,820.550,
Contact STARLINK-31536 - STARLINK-3525,42957.122,43859.305,902.183,
Contact STARLINK-31536 - STARLINK-3525,57112.353,58070.679,958.326,
Contact STARLINK-31536 - STARLINK-3525,71289.584,72259.866,970.283,
Contact STARLINK-31536 - STARLINK-3525,82648.542,86400.000,3751.458,
Contact STARLINK-31536 - STARLINK-5289,10286.934,11156.744,869.811,
Contact STARLINK-31536 - STARLINK-5289,24461.809,25465.283,1003.474,
Contact STARLINK-31536 - STARLINK-5289,35846.891,39707.793,3860.901,
Contact STARLINK-31536 - STARLINK-5289,50136.068,51060.868,924.800,
Contact STARLINK-31536 - STARLINK-5289,64487.047,65194.200,707.153,
Contact STARLINK-31536 - STARLINK-1276,0.000,67552.492,67552.492,
Contact STARLINK-31536 - STARLINK-5837,0.000,33.465,33.465,
Contact STARLINK-31536 - STARLINK-5837,10437.497,11513.980,1076.483,
Contact STARLINK-31536 - STARLINK-5837,24643.658,25792.095,1148.437,
Contact STARLINK-31536 - STARLINK-5837,38932.617,39984.954,1052.337,
Contact STARLINK-31536 - STARLINK-5837,53291.664,54111.321,819.658,
Contact STARLINK-31536 - STARLINK-31852,7021.694,7871.888,850.194,
Contact STARLINK-31536 - STARLINK-31852,21036.833,21934.586,897.753,
Contact STARLINK-31536 - STARLINK-31852,32252.550,33181.029,928.479,
Contact STARLINK-31536 - STARLINK-31852,46276.464,47234.655,958.191,
Contact STARLINK-31536 - STARLINK-31852,57499.165,61283.612,3784.447,
Contact STARLINK-31536 - STARLINK-31852,71531.956,72519.399,987.443,
Contact STARLINK-31536 - STARLINK-31852,82761.421,86400.000,3638.579,
Contact STARLINK-31536 - STARLINK-1666,10573.757,10921.802,348.044,
Contact STARLINK-31536 - STARLINK-30879,68302.751,68614.370,311.619,
Contact STARLINK-31536 - STARLINK-30879,82014.223,82999.472,985.249,
Contact STARLINK-31536 - STARLINK-5058,3482.780,3952.759,469.979,
Contact STARLINK-31536 - STARLINK-5058,17510.633,18355.527,844.894,
Contact STARLINK-31536 - STARLINK-5058,31629.582,32666.116,1036.534,
Contact STARLINK-31536 - STARLINK-5058,42969.510,46912.971,3943.460,
Contact STARLINK-31536 - STARLINK-5058,57196.993,58269.736,1072.743,
Contact STARLINK-31536 - STARLINK-5058,71482.071,72413.882,931.811,
Contact STARLINK-31536 - STARLINK-5058,85842.997,86400.000,557.003,
Contact STARLINK-31536 - STARLINK-5239,71640.257,72126.435,486.178,
Contact STARLINK-31536 - STARLINK-5239,85710.955,86400.000,689.045,
Contact STARLINK-31536 - STARLINK-6135,21984.849,85949.558,63964.709,
Contact STARLINK-31536 - STARLINK-1080,6942.453,7484.850,542.397,
Contact STARLINK-31536 - STARLINK-4356,0.000,144.773,144.773,
Contact STARLINK-31536 - STARLINK-4356,13865.685,14475.872,610.188,
Contact STARLINK-31536 - STARLINK-4356,39411.964,40185.678,773.713,
Contact STARLINK-31536 - STARLINK-4356,53628.099,54444.051,815.952,
Contact STARLINK-31536 - STARLINK-4356,67869.004,68678.691,809.687,
Contact STARLINK-31536 - STARLINK-4356,82121.353,82900.757,779.405,
Contact STARLINK-31536 - STARLINK-4383,0.000,15.713,15.713,
Contact STARLINK-31536 - STARLINK-4383,25160.587,25596.884,436.297,
Contact STARLINK-31536 - STARLINK-4383,39431.626,39802.514,370.888,
Contact STARLINK-31536 - STARLINK-4383,53681.672,54030.256,348.584,
Contact STARLINK-31536 - STARLINK-30052,46720.826,50568.530,3847.704,
Contact STARLINK-31536 - STARLINK-30052,60720.876,67838.803,7117.927,
Contact STARLINK-31536 - STARLINK-30052,74833.054,82094.857,7261.803,
Contact STARLINK-31536 - STARLINK-30052,83369.203,86400.000,3030.797,
Contact STARLINK-31536 - STARLINK-4612,3535.909,4279.663,743.754,
Contact STARLINK-31536 - MoonARTEMIS1,0.000,1994.473,1994.473,
Contact STARLINK-31536 - MoonARTEMIS1,4158.883,13305.226,9146.343,
Contact STARLINK-31536 - MoonARTEMIS1,15473.402,24634.662,9161.261,
Contact STARLINK-31536 - MoonARTEMIS1,26797.493,30280.934,3483.441,
Contact STARLINK-31536 - MoonARTEMIS1,38086.390,41570.773,3484.382,
Contact STARLINK-31536 - MoonARTEMIS1,43731.385,52862.251,9130.865,
Contact STARLINK-31536 - MoonARTEMIS1,55023.302,64155.943,9132.641,
Contact STARLINK-31536 - MoonARTEMIS1,66317.931,75452.185,9134.253,
Contact STARLINK-31536 - MoonARTEMIS1,77615.583,81101.430,3485.846,
Contact STARLINK-31536 - MoonARTEMIS1,83265.728,86400.000,3134.272,
Contact STARLINK-31536 - MoonARTEMIS2,0.000,2068.695,2068.695,
Contact STARLINK-31536 - MoonARTEMIS2,4235.913,13368.434,9132.521,
Contact STARLINK-31536 - MoonARTEMIS2,15535.445,24664.766,9129.321,
Contact STARLINK-31536 - MoonARTEMIS2,26831.396,30311.560,3480.164,
Contact STARLINK-31536 - MoonARTEMIS2,38123.183,41601.888,3478.705,
Contact STARLINK-31536 - MoonARTEMIS2,43767.092,52886.274,9119.182,
Contact STARLINK-31536 - MoonARTEMIS2,55048.933,58527.406,3478.473,
Contact STARLINK-31536 - MoonARTEMIS2,66362.128,69853.152,3491.024,
Contact STARLINK-31536 - MoonARTEMIS2,77681.102,81167.376,3486.274,
Contact STARLINK-31536 - MoonARTEMIS2,83337.338,86400.000,3062.662,
Contact STARLINK-31536 - MoonIOAGEO,0.000,2012.026,2012.026,
Contact STARLINK-31536 - MoonIOAGEO,4174.881,13316.709,9141.828,
Contact STARLINK-31536 - MoonIOAGEO,21147.429,24639.772,3492.343,
Contact STARLINK-31536 - MoonIOAGEO,26806.552,30293.176,3486.624,
Contact STARLINK-31536 - MoonIOAGEO,38099.249,41576.732,3477.483,
Contact STARLINK-31536 - MoonIOAGEO,43738.447,52867.881,9129.433,
Contact STARLINK-31536 - MoonIOAGEO,55035.005,58526.023,3491.019,
Contact STARLINK-31536 - MoonIOAGEO,66357.666,69847.056,3489.390,
Contact STARLINK-31536 - MoonIOAGEO,77663.259,81140.453,3477.194,
Contact STARLINK-31536 - MoonIOAGEO,83304.027,86400.000,3095.973,
Contact STARLINK-31536 - MoonIOAGNO,0.000,2010.186,2010.186,
Contact STARLINK-31536 - MoonIOAGNO,4177.898,13330.854,9152.956,
Contact STARLINK-31536 - MoonIOAGNO,15495.023,24619.083,9124.060,
Contact STARLINK-31536 - MoonIOAGNO,26785.641,30264.846,3479.205,
Contact STARLINK-31536 - MoonIOAGNO,38080.533,41563.594,3483.061,
Contact STARLINK-31536 - MoonIOAGNO,43731.555,52881.471,9149.915,
Contact STARLINK-31536 - MoonIOAGNO,55052.145,64179.380,9127.236,
Contact STARLINK-31536 - MoonIOAGNO,66346.090,75468.843,9122.752,
Contact STARLINK-31536 - MoonIOAGNO,77637.653,81117.050,3479.397,
Contact STARLINK-31536 - MoonIOAGNO,83286.449,86400.000,3113.551,
Contact STARLINK-31536 - MoonIOAGNO 0001,0.000,2016.173,2016.173,
Contact STARLINK-31536 - MoonIOAGNO 0001,4182.655,13309.872,9127.217,
Contact STARLINK-31536 - MoonIOAGNO 0001,15477.385,24614.476,9137.091,
Contact STARLINK-31536 - MoonIOAGNO 0001,26782.412,30275.401,3492.989,
Contact STARLINK-31536 - MoonIOAGNO 0001,38098.597,41577.611,3479.014,
Contact STARLINK-31536 - MoonIOAGNO 0001,43743.381,52867.176,9123.795,
Contact STARLINK-31536 - MoonIOAGNO 0001,55035.050,64166.372,9131.323,
Contact STARLINK-31536 - MoonIOAGNO 0001,66335.188,75487.074,9151.886,
Contact STARLINK-31536 - MoonIOAGNO 0001,77657.301,81137.917,3480.617,
Contact STARLINK-31536 - MoonIOAGNO 0001,83304.334,86400.000,3095.666,
Contact STARLINK-31536 - MoonIOAGSO,0.000,2016.346,2016.346,
Contact STARLINK-31536 - MoonIOAGSO,4179.256,13331.768,9152.512,
Contact STARLINK-31536 - MoonIOAGSO,15500.005,24640.544,9140.539,
Contact STARLINK-31536 - MoonIOAGSO,26801.172,30288.033,3486.861,
Contact STARLINK-31536 - MoonIOAGSO,38094.291,41578.988,3484.697,
Contact STARLINK-31536 - MoonIOAGSO,43740.579,52875.615,9135.036,
Contact STARLINK-31536 - MoonIOAGSO,56017.076,64197.877,8180.801,
Contact STARLINK-31536 - MoonIOAGSO,66361.574,69847.694,3486.119,
Contact STARLINK-31536 - MoonIOAGSO,77657.024,81140.096,3483.072,
Contact STARLINK-31536 - MoonIOAGSO,83302.956,86400.000,3097.044,
Contact STARLINK-31536 - MoonIOAGSO 0001,0.000,2035.974,2035.974,
Contact STARLINK-31536 - MoonIOAGSO 0001,4196.515,13329.618,9133.103,
Contact STARLINK-31536 - MoonIOAGSO 0001,15489.508,24620.743,9131.236,
Contact STARLINK-31536 - MoonIOAGSO 0001,26784.021,30270.799,3486.779,
Contact STARLINK-31536 - MoonIOAGSO 0001,38105.031,41594.340,3489.309,
Contact STARLINK-31536 - MoonIOAGSO 0001,43757.209,52891.814,9134.606,
Contact STARLINK-31536 - MoonIOAGSO 0001,55052.729,64182.189,9129.459,
Contact STARLINK-31536 - MoonIOAGSO 0001,66344.913,75480.420,9135.506,
Contact STARLINK-31536 - MoonIOAGSO 0001,77803.892,81146.241,3342.350,
Contact STARLINK-31536 - MoonIOAGSO 0001,83314.022,86400.000,3085.978,
Contact STARLINK-31536 - MoonLRO,0.000,2027.202,2027.202,
Contact STARLINK-31536 - MoonLRO,4184.420,13325.349,9140.929,
Contact STARLINK-31536 - MoonLRO,15494.218,24624.194,9129.976,
Contact STARLINK-31536 - MoonLRO,26792.221,30279.333,3487.113,
Contact STARLINK-31536 - MoonLRO,38091.188,41583.244,3492.056,
Contact STARLINK-31536 - MoonLRO,43746.466,52877.585,9131.120,
Contact STARLINK-31536 - MoonLRO,55050.492,64185.120,9134.627,
Contact STARLINK-31536 - MoonLRO,66345.191,75486.430,9141.240,
Contact STARLINK-31536 - MoonLRO,77653.206,81132.488,3479.283,
Contact STARLINK-31536 - MoonLRO,83306.388,86400.000,3093.612,
Contact STARLINK-31536 - MarsSat1,4311.696,13463.655,9151.959,
Contact STARLINK-31536 - MarsSat1,15586.422,24737.926,9151.504,
Contact STARLINK-31536 - MarsSat1,26861.107,30375.039,3513.932,
Contact STARLINK-31536 - MarsSat1,32498.429,41649.229,9150.799,
Contact STARLINK-31536 - MarsSat1,43773.053,52923.409,9150.356,
Contact STARLINK-31536 - MarsSat1,55047.693,64197.631,9149.938,
Contact STARLINK-31536 - MarsSat1,66322.405,75471.926,9149.521,
Contact STARLINK-31536 - MarsSat1,77597.214,81109.100,3511.886,
Contact STARLINK-31536 - MarsSat1,83234.649,86400.000,3165.351,
Contact STARLINK-31536 - MarsSat2,0.000,2189.243,2189.243,
Contact STARLINK-31536 - MarsSat2,4311.575,13463.517,9151.943,
Contact STARLINK-31536 - MarsSat2,15586.301,24737.840,9151.539,
Contact STARLINK-31536 - MarsSat2,26861.066,30375.004,3513.938,
Contact STARLINK-31536 - MarsSat2,32498.452,41649.329,9150.877,
Contact STARLINK-31536 - MarsSat2,43773.226,52923.648,9150.421,
Contact STARLINK-31536 - MarsSat2,55048.006,64197.961,9149.955,
Contact STARLINK-31536 - MarsSat2,66322.792,75472.269,9149.477,
Contact STARLINK-31536 - MarsSat2,77597.584,81109.421,3511.837,
Contact STARLINK-31536 - MarsSat2,83234.982,86400.000,3165.018,
Contact STARLINK-31536 - MarsSat3,0.000,2189.354,2189.354,
Contact STARLINK-31536 - MarsSat3,4311.645,13463.511,9151.866,
Contact STARLINK-31536 - MarsSat3,15586.250,24737.754,9151.504,
Contact STARLINK-31536 - MarsSat3,26860.961,30374.905,3513.945,
Contact STARLINK-31536 - MarsSat3,32498.338,41649.226,9150.888,
Contact STARLINK-31536 - MarsSat3,43773.106,52923.547,9150.441,
Contact STARLINK-31536 - MarsSat3,55047.874,64197.850,9149.976,
Contact STARLINK-31536 - MarsSat3,66322.635,75472.127,9149.491,
Contact STARLINK-31536 - MarsSat3,77597.385,81109.252,3511.867,
Contact STARLINK-31536 - MarsSat3,83234.754,86400.000,3165.246,
Contact STARLINK-31536 - MarsSat4,0.000,2189.394,2189.394,
Contact STARLINK-31536 - MarsSat4,4311.738,13463.627,9151.889,
Contact STARLINK-31536 - MarsSat4,15586.334,24737.766,9151.432,
Contact STARLINK-31536 - MarsSat4,26860.960,30374.951,3513.991,
Contact STARLINK-31536 - MarsSat4,32498.378,41649.278,9150.900,
Contact STARLINK-31536 - MarsSat4,43773.101,52923.448,9150.347,
Contact STARLINK-31536 - MarsSat4,55047.733,64197.770,9150.037,
Contact STARLINK-31536 - MarsSat4,66322.591,75472.099,9149.508,
Contact STARLINK-31536 - MarsSat4,77597.359,81109.200,3511.841,
Contact STARLINK-31536 - MarsSat4,83234.700,86400.000,3165.300,
Contact STARLINK-6148 - STARLINK-11199 [DTC],73986.377,86400.000,12413.623,
Contact STARLINK-6148 - STARLINK-11101 [DTC],68220.343,69008.311,787.968,
Contact STARLINK-6148 - STARLINK-11101 [DTC],82158.097,83139.963,981.867,
Contact STARLINK-6148 - STARLINK-31853,35859.169,36414.982,555.813,
Contact STARLINK-6148 - STARLINK-31853,49819.309,50795.168,975.860,
Contact STARLINK-6148 - STARLINK-31853,61084.516,65043.432,3958.916,
Contact STARLINK-6148 - STARLINK-31853,75260.100,76360.907,1100.806,
Contact STARLINK-6148 - STARLINK-4551,6905.911,7836.617,930.706,
Contact STARLINK-6148 - STARLINK-4551,21221.239,22173.235,951.996,
Contact STARLINK-6148 - STARLINK-4551,35535.134,36511.698,976.564,
Contact STARLINK-6148 - STARLINK-4551,49853.872,50844.898,991.026,
Contact STARLINK-6148 - STARLINK-4551,64171.103,65179.953,1008.850,
Contact STARLINK-6148 - STARLINK-4551,78493.145,79509.844,1016.699,
Contact STARLINK-6148 - STARLINK-1578,7032.659,10858.512,3825.853,
Contact STARLINK-6148 - STARLINK-1578,21366.067,22309.009,942.942,
Contact STARLINK-6148 - STARLINK-1578,35703.238,36619.390,916.152,
Contact STARLINK-6148 - STARLINK-1578,50040.505,50929.821,889.315,
Contact STARLINK-6148 - STARLINK-1578,64381.605,65236.163,854.558,
Contact STARLINK-6148 - STARLINK-1578,78723.070,79542.353,819.283,
Contact STARLINK-6148 - STARLINK-5535,7048.532,7516.547,468.015,
Contact STARLINK-6148 - STARLINK-5535,21580.529,21762.380,181.852,
Contact STARLINK-6148 - STARLINK-5289,17627.097,18016.647,389.550,
Contact STARLINK-6148 - STARLINK-5289,31987.645,32418.295,430.650,
Contact STARLINK-6148 - STARLINK-5289,46334.611,46834.089,499.478,
Contact STARLINK-6148 - STARLINK-5289,60700.428,61230.444,530.015,
Contact STARLINK-6148 - STARLINK-5289,75054.169,75639.368,585.198,
Contact STARLINK-6148 - STARLINK-31852,0.000,3611.088,3611.088,
Contact STARLINK-6148 - STARLINK-1666,2916.755,10060.707,7143.952,
Contact STARLINK-6148 - STARLINK-1666,11516.938,18665.281,7148.344,
Contact STARLINK-6148 - STARLINK-1666,25864.334,32989.216,7124.882,
Contact STARLINK-6148 - STARLINK-1666,40203.366,47323.875,7120.510,
Contact STARLINK-6148 - STARLINK-1666,54553.243,61645.388,7092.145,
Contact STARLINK-6148 - STARLINK-1666,68894.639,75977.590,7082.951,
Contact STARLINK-6148 - STARLINK-1666,86111.683,86400.000,288.317,
Contact STARLINK-6148 - STARLINK-1293,10287.380,11114.141,826.761,
Contact STARLINK-6148 - STARLINK-1293,24646.911,25438.389,791.479,
Contact STARLINK-6148 - STARLINK-1293,38997.723,39771.522,773.798,
Contact STARLINK-6148 - STARLINK-1293,53359.087,54093.928,734.841,
Contact STARLINK-6148 - STARLINK-1293,67711.249,68425.698,714.449,
Contact STARLINK-6148 - STARLINK-1293,79197.704,79886.318,688.614,
Contact STARLINK-6148 - STARLINK-31345,60965.059,61920.395,955.336,
Contact STARLINK-6148 - STARLINK-31345,75075.567,76251.938,1176.371,
Contact STARLINK-6148 - STARLINK-31690,10455.570,10976.089,520.519,
Contact STARLINK-6148 - STARLINK-31690,24439.902,25334.870,894.968,
Contact STARLINK-6148 - STARLINK-31690,35711.520,36735.827,1024.307,
Contact STARLINK-6148 - STARLINK-31690,49880.466,50906.450,1025.984,
Contact STARLINK-6148 - STARLINK-31690,64136.613,64991.325,854.712,
Contact STARLINK-6148 - STARLINK-4675,17994.442,24911.083,6916.641,
Contact STARLINK-6148 - STARLINK-4675,26210.649,86400.000,60189.351,
Contact STARLINK-6148 - STARLINK-1080,0.000,547.668,547.668,
Contact STARLINK-6148 - STARLINK-1080,14010.424,14526.979,516.554,
Contact STARLINK-6148 - STARLINK-31554,0.000,310.854,310.854,
Contact STARLINK-6148 - STARLINK-31554,10722.720,14731.581,4008.861,
Contact STARLINK-6148 - STARLINK-31554,24785.878,31798.351,7012.473,
Contact STARLINK-6148 - STARLINK-31554,39001.091,40249.016,1247.925,
Contact STARLINK-6148 - STARLINK-31554,53406.279,54179.580,773.301,
Contact STARLINK-6148 - STARLINK-1303,0.000,2875.818,2875.818,
Contact STARLINK-6148 - STARLINK-1303,10379.419,11479.419,1100.001,
Contact STARLINK-6148 - STARLINK-1303,24733.611,25805.522,1071.911,
Contact STARLINK-6148 - STARLINK-1303,39079.059,40140.587,1061.528,
Contact STARLINK-6148 - STARLINK-1303,53434.793,54465.137,1030.343,
Contact STARLINK-6148 - STARLINK-1303,67781.506,68798.916,1017.410,
Contact STARLINK-6148 - STARLINK-1303,82138.921,83121.776,982.856,
Contact STARLINK-6148 - STARLINK-11265 [DTC],50965.008,75330.306,24365.299,
Contact STARLINK-6148 - STARLINK-5831,0.000,86400.000,86400.000,
Contact STARLINK-6148 - STARLINK-31034,17512.025,24502.367,6990.342,
Contact STARLINK-6148 - STARLINK-31034,25937.613,33115.140,7177.526,
Contact STARLINK-6148 - STARLINK-31034,40049.073,50234.581,10185.508,
Contact STARLINK-6148 - STARLINK-31034,54287.104,64380.978,10093.874,
Contact STARLINK-6148 - STARLINK-31034,71518.568,78403.963,6885.396,
Contact STARLINK-6148 - STARLINK-31034,86012.138,86400.000,387.862,
Contact STARLINK-6148 - STARLINK-3815,10654.837,11083.738,428.901,
Contact STARLINK-6148 - STARLINK-31611,0.000,36042.081,36042.081,
Contact STARLINK-6148 - MoonARTEMIS1,162.967,9583.007,9420.039,
Contact STARLINK-6148 - MoonARTEMIS1,11685.213,21101.340,9416.127,
Contact STARLINK-6148 - MoonARTEMIS1,23221.924,26852.080,3630.156,
Contact STARLINK-6148 - MoonARTEMIS1,28971.821,38343.855,9372.035,
Contact STARLINK-6148 - MoonARTEMIS1,40469.772,49838.534,9368.762,
Contact STARLINK-6148 - MoonARTEMIS1,51970.461,55586.852,3616.391,
Contact STARLINK-6148 - MoonARTEMIS1,57721.740,67085.364,9363.624,
Contact STARLINK-6148 - MoonARTEMIS1,69226.102,78586.528,9360.426,
Contact STARLINK-6148 - MoonARTEMIS1,80733.038,84338.247,3605.209,
Contact STARLINK-6148 - MoonARTEMIS2,237.925,9633.262,9395.337,
Contact STARLINK-6148 - MoonARTEMIS2,11749.535,21133.200,9383.665,
Contact STARLINK-6148 - MoonARTEMIS2,23256.963,26882.140,3625.177,
Contact STARLINK-6148 - MoonARTEMIS2,29009.048,38377.460,9368.412,
Contact STARLINK-6148 - MoonARTEMIS2,40509.411,49867.694,9358.283,
Contact STARLINK-6148 - MoonARTEMIS2,52002.516,55609.257,3606.741,
Contact STARLINK-6148 - MoonARTEMIS2,63504.224,67117.153,3612.929,
Contact STARLINK-6148 - MoonARTEMIS2,69268.430,78633.264,9364.835,
Contact STARLINK-6148 - MoonARTEMIS2,80789.497,84389.581,3600.085,
Contact STARLINK-6148 - MoonIOAGEO,186.982,9590.989,9404.007,
Contact STARLINK-6148 - MoonIOAGEO,11694.902,15345.324,3650.422,
Contact STARLINK-6148 - MoonIOAGEO,23223.331,26858.310,3634.978,
Contact STARLINK-6148 - MoonIOAGEO,28983.644,38356.495,9372.851,
Contact STARLINK-6148 - MoonIOAGEO,40483.724,49847.747,9364.023,
Contact STARLINK-6148 - MoonIOAGEO,51981.544,55599.597,3618.053,
Contact STARLINK-6148 - MoonIOAGEO,64044.018,67114.095,3070.076,
Contact STARLINK-6148 - MoonIOAGEO,69263.851,78619.523,9355.672,
Contact STARLINK-6148 - MoonIOAGEO,80770.084,84365.195,3595.111,
Contact STARLINK-6148 - MoonIOAGNO,189.241,9593.834,9404.593,
Contact STARLINK-6148 - MoonIOAGNO,11705.408,21113.338,9407.931,
Contact STARLINK-6148 - MoonIOAGNO,23226.425,26865.132,3638.707,
Contact STARLINK-6148 - MoonIOAGNO,28979.829,38360.718,9380.889,
Contact STARLINK-6148 - MoonIOAGNO,40482.575,49851.549,9368.975,
Contact STARLINK-6148 - MoonIOAGNO,51986.966,55607.262,3620.297,
Contact STARLINK-6148 - MoonIOAGNO,57753.487,67122.658,9369.171,
Contact STARLINK-6148 - MoonIOAGNO,69265.945,78621.074,9355.129,
Contact STARLINK-6148 - MoonIOAGNO,80767.119,84367.776,3600.657,
Contact STARLINK-6148 - MoonIOAGNO 0001,201.545,9611.985,9410.440,
Contact STARLINK-6148 - MoonIOAGNO 0001,11709.278,21104.374,9395.096,
Contact STARLINK-6148 - MoonIOAGNO 0001,23213.146,26848.976,3635.829,
Contact STARLINK-6148 - MoonIOAGNO 0001,28966.462,38362.297,9395.835,
Contact STARLINK-6148 - MoonIOAGNO 0001,40492.726,49868.499,9375.773,
Contact STARLINK-6148 - MoonIOAGNO 0001,51999.911,55616.885,3616.973,
Contact STARLINK-6148 - MoonIOAGNO 0001,57750.693,67109.259,9358.567,
Contact STARLINK-6148 - MoonIOAGNO 0001,69250.825,78616.971,9366.145,
Contact STARLINK-6148 - MoonIOAGNO 0001,80772.540,84376.047,3603.507,
Contact STARLINK-6148 - MoonIOAGSO,179.725,9599.621,9419.897,
Contact STARLINK-6148 - MoonIOAGSO,12484.623,21093.976,8609.353,
Contact STARLINK-6148 - MoonIOAGSO,23214.075,26839.787,3625.712,
Contact STARLINK-6148 - MoonIOAGSO,28964.967,38338.844,9373.877,
Contact STARLINK-6148 - MoonIOAGSO,40471.243,49850.467,9379.224,
Contact STARLINK-6148 - MoonIOAGSO,51989.802,54731.766,2741.963,
Contact STARLINK-6148 - MoonIOAGSO,57750.631,67102.082,9351.451,
Contact STARLINK-6148 - MoonIOAGSO,69250.266,78600.219,9349.954,
Contact STARLINK-6148 - MoonIOAGSO,80753.707,84352.668,3598.961,
Contact STARLINK-6148 - MoonIOAGSO 0001,191.566,9583.844,9392.278,
Contact STARLINK-6148 - MoonIOAGSO 0001,11694.962,21086.770,9391.808,
Contact STARLINK-6148 - MoonIOAGSO 0001,23205.510,26843.689,3638.179,
Contact STARLINK-6148 - MoonIOAGSO 0001,28966.584,38352.573,9385.989,
Contact STARLINK-6148 - MoonIOAGSO 0001,40483.498,49844.228,9360.730,
Contact STARLINK-6148 - MoonIOAGSO 0001,51984.258,55593.432,3609.173,
Contact STARLINK-6148 - MoonIOAGSO 0001,57736.557,67099.613,9363.056,
Contact STARLINK-6148 - MoonIOAGSO 0001,69247.903,76300.889,7052.986,
Contact STARLINK-6148 - MoonIOAGSO 0001,80766.150,84361.393,3595.244,
Contact STARLINK-6148 - MoonLRO,197.064,9595.384,9398.320,
Contact STARLINK-6148 - MoonLRO,11702.178,21104.666,9402.488,
Contact STARLINK-6148 - MoonLRO,23214.798,26855.010,3640.212,
Contact STARLINK-6148 - MoonLRO,28974.675,38349.470,9374.795,
Contact STARLINK-6148 - MoonLRO,40485.612,49855.088,9369.477,
Contact STARLINK-6148 - MoonLRO,51988.255,55610.259,3622.004,
Contact STARLINK-6148 - MoonLRO,57743.667,67110.768,9367.102,
Contact STARLINK-6148 - MoonLRO,69259.706,78608.474,9348.769,
Contact STARLINK-6148 - MoonLRO,80764.473,84362.703,3598.230,
Contact STARLINK-6148 - MarsSat1,1335.698,9654.351,8318.654,
Contact STARLINK-6148 - MarsSat1,11758.899,21142.518,9383.619,
Contact STARLINK-6148 - MarsSat1,23248.808,26886.589,3637.781,
Contact STARLINK-6148 - MarsSat1,28993.722,38374.716,9380.994,
Contact STARLINK-6148 - MarsSat1,40483.483,49862.863,9379.380,
Contact STARLINK-6148 - MarsSat1,51973.205,55606.962,3633.757,
Contact STARLINK-6148 - MarsSat1,57718.072,67095.241,9377.169,
Contact STARLINK-6148 - MarsSat1,69207.848,78583.637,9375.789,
Contact STARLINK-6148 - MarsSat1,80697.683,84327.870,3630.187,
Contact STARLINK-6148 - MarsSat2,268.792,9654.297,9385.505,
Contact STARLINK-6148 - MarsSat2,11758.830,21142.549,9383.719,
Contact STARLINK-6148 - MarsSat2,23248.830,26886.671,3637.841,
Contact STARLINK-6148 - MarsSat2,28993.804,38374.918,9381.114,
Contact STARLINK-6148 - MarsSat2,40483.705,49863.178,9379.473,
Contact STARLINK-6148 - MarsSat2,51973.554,55607.315,3633.761,
Contact STARLINK-6148 - MarsSat2,57718.462,67095.611,9377.149,
Contact STARLINK-6148 - MarsSat2,69208.248,78583.936,9375.687,
Contact STARLINK-6148 - MarsSat2,80698.001,84328.111,3630.110,
Contact STARLINK-6148 - MarsSat3,268.810,9654.200,9385.390,
Contact STARLINK-6148 - MarsSat3,11758.738,21142.444,9383.706,
Contact STARLINK-6148 - MarsSat3,23248.720,26886.572,3637.852,
Contact STARLINK-6148 - MarsSat3,28993.693,38374.805,9381.112,
Contact STARLINK-6148 - MarsSat3,40483.575,49863.022,9379.447,
Contact STARLINK-6148 - MarsSat3,51973.382,55607.132,3633.750,
Contact STARLINK-6148 - MarsSat3,57718.264,67095.371,9377.107,
Contact STARLINK-6148 - MarsSat3,69207.996,78583.651,9375.655,
Contact STARLINK-6148 - MarsSat3,80697.702,84327.816,3630.114,
Contact STARLINK-6148 - MarsSat4,268.948,9654.261,9385.313,
Contact STARLINK-6148 - MarsSat4,11758.791,21142.352,9383.561,
Contact STARLINK-6148 - MarsSat4,23248.643,26886.508,3637.865,
Contact STARLINK-6148 - MarsSat4,28993.651,38374.702,9381.050,
Contact STARLINK-6148 - MarsSat4,40483.479,49862.861,9379.383,
Contact STARLINK-6148 - MarsSat4,51973.226,55607.023,3633.797,
Contact STARLINK-6148 - MarsSat4,57718.173,67095.405,9377.231,
Contact STARLINK-6148 - MarsSat4,69208.020,78583.668,9375.648,
Contact STARLINK-6148 - MarsSat4,80697.707,84327.841,3630.134,
Contact STARLINK-11199 [DTC] - STARLINK-5849,13887.703,40291.435,26403.732,
Contact STARLINK-11199 [DTC] - STARLINK-5649,0.000,13472.134,13472.134,
Contact STARLINK-11199 [DTC] - STARLINK-5197,6705.865,7638.143,932.278,
Contact STARLINK-11199 [DTC] - STARLINK-30100,10123.595,10877.956,754.362,
Contact STARLINK-11199 [DTC] - STARLINK-30100,21288.707,22187.359,898.653,
Contact STARLINK-11199 [DTC] - STARLINK-30100,35426.726,36143.039,716.313,
Contact STARLINK-11199 [DTC] - STARLINK-11101 [DTC],0.000,506.053,506.053,
Contact STARLINK-11199 [DTC] - STARLINK-11101 [DTC],24591.895,25256.322,664.427,
Contact STARLINK-11199 [DTC] - STARLINK-11101 [DTC],35595.797,36254.087,658.290,
Contact STARLINK-11199 [DTC] - STARLINK-11101 [DTC],46599.764,47251.784,652.020,
Contact STARLINK-11199 [DTC] - STARLINK-11101 [DTC],82368.458,82988.475,620.017,
Contact STARLINK-11199 [DTC] - STARLINK-2685,0.000,10049.903,10049.903,
Contact STARLINK-11199 [DTC] - STARLINK-4254,0.000,289.097,289.097,
Contact STARLINK-11199 [DTC] - STARLINK-4254,10692.642,11533.297,840.654,
Contact STARLINK-11199 [DTC] - STARLINK-4254,24800.214,25469.343,669.129,
Contact STARLINK-11199 [DTC] - STARLINK-4551,78791.718,79568.235,776.517,
Contact STARLINK-11199 [DTC] - STARLINK-5535,53578.696,60653.308,7074.612,
Contact STARLINK-11199 [DTC] - STARLINK-5535,61636.542,71911.952,10275.410,
Contact STARLINK-11199 [DTC] - STARLINK-5535,78976.956,79887.349,910.393,
Contact STARLINK-11199 [DTC] - STARLINK-3525,639.156,10534.274,9895.118,
Contact STARLINK-11199 [DTC] - STARLINK-3525,17481.131,18788.055,1306.923,
Contact STARLINK-11199 [DTC] - STARLINK-5289,10643.988,11102.657,458.669,
Contact STARLINK-11199 [DTC] - STARLINK-1276,0.000,3879.453,3879.453,
Contact STARLINK-11199 [DTC] - STARLINK-1276,13832.434,15179.063,1346.629,
Contact STARLINK-11199 [DTC] - STARLINK-1276,28222.435,28833.293,610.859,
Contact STARLINK-11199 [DTC] - STARLINK-5837,6866.247,7707.881,841.633,
Contact STARLINK-11199 [DTC] - STARLINK-5837,14837.170,25071.334,10234.164,
Contact STARLINK-11199 [DTC] - STARLINK-5837,31969.370,33143.827,1174.457,
Contact STARLINK-11199 [DTC] - STARLINK-1666,75406.937,75870.558,463.621,
Contact STARLINK-11199 [DTC] - STARLINK-1666,86379.035,86400.000,20.965,
Contact STARLINK-11199 [DTC] - STARLINK-31345,64461.458,65187.488,726.030,
Contact STARLINK-11199 [DTC] - STARLINK-31345,75515.831,76407.188,891.357,
Contact STARLINK-11199 [DTC] - STARLINK-5058,664.111,13630.221,12966.110,
Contact STARLINK-11199 [DTC] - STARLINK-5058,14671.231,21664.560,6993.329,
Contact STARLINK-11199 [DTC] - STARLINK-5239,6654.809,7277.687,622.878,
Contact STARLINK-11199 [DTC] - STARLINK-5239,17709.667,18656.778,947.111,
Contact STARLINK-11199 [DTC] - STARLINK-5239,31741.676,32663.017,921.342,
Contact STARLINK-11199 [DTC] - STARLINK-5239,43162.522,43677.555,515.033,
Contact STARLINK-11199 [DTC] - STARLINK-1302,49511.715,50487.385,975.670,
Contact STARLINK-11199 [DTC] - STARLINK-1302,60540.109,61890.690,1350.581,
Contact STARLINK-11199 [DTC] - STARLINK-1302,69011.514,75699.875,6688.360,
Contact STARLINK-11199 [DTC] - STARLINK-4675,59947.256,86400.000,26452.744,
Contact STARLINK-11199 [DTC] - STARLINK-6135,8091.456,37273.538,29182.082,
Contact STARLINK-11199 [DTC] - STARLINK-4356,13541.065,14400.145,859.080,
Contact STARLINK-11199 [DTC] - STARLINK-4356,24463.357,25966.140,1502.783,
Contact STARLINK-11199 [DTC] - STARLINK-4356,32958.853,39747.431,6788.578,
Contact STARLINK-11199 [DTC] - STARLINK-4383,38988.075,39638.250,650.175,
Contact STARLINK-11199 [DTC] - STARLINK-4383,50146.084,50987.544,841.460,
Contact STARLINK-11199 [DTC] - STARLINK-4383,64243.553,65022.018,778.464,
Contact STARLINK-11199 [DTC] - STARLINK-30052,10160.978,11000.006,839.027,
Contact STARLINK-11199 [DTC] - STARLINK-30052,21371.787,22258.157,886.370,
Contact STARLINK-11199 [DTC] - STARLINK-30052,35572.024,36147.023,574.999,
Contact STARLINK-11199 [DTC] - STARLINK-5713,53389.775,54371.164,981.389,
Contact STARLINK-11199 [DTC] - STARLINK-5713,64509.512,71274.599,6765.087,
Contact STARLINK-11199 [DTC] - STARLINK-5713,78802.038,79485.611,683.573,
Contact STARLINK-11199 [DTC] - STARLINK-5831,76645.717,86400.000,9754.283,
Contact STARLINK-11199 [DTC] - STARLINK-31034,86357.946,86400.000,42.054,
Contact STARLINK-11199 [DTC] - MoonARTEMIS1,0.000,1802.239,1802.239,
Contact STARLINK-11199 [DTC] - MoonARTEMIS1,3989.809,12829.998,8840.189,
Contact STARLINK-11199 [DTC] - MoonARTEMIS1,15024.393,23866.246,8841.853,
Contact STARLINK-11199 [DTC] - MoonARTEMIS1,26061.389,34879.386,8817.997,
Contact STARLINK-11199 [DTC] - MoonARTEMIS1,37075.504,45894.502,8818.997,
Contact STARLINK-11199 [DTC] - MoonARTEMIS1,48092.106,56911.956,8819.850,
Contact STARLINK-11199 [DTC] - MoonARTEMIS1,59110.904,67931.655,8820.750,
Contact STARLINK-11199 [DTC] - MoonARTEMIS1,70131.764,73442.394,3310.630,
Contact STARLINK-11199 [DTC] - MoonARTEMIS1,81154.832,84465.908,3311.077,
Contact STARLINK-11199 [DTC] - MoonARTEMIS2,0.000,1850.543,1850.543,
Contact STARLINK-11199 [DTC] - MoonARTEMIS2,4045.274,12872.432,8827.159,
Contact STARLINK-11199 [DTC] - MoonARTEMIS2,15069.475,23892.359,8822.884,
Contact STARLINK-11199 [DTC] - MoonARTEMIS2,26090.915,34909.858,8818.942,
Contact STARLINK-11199 [DTC] - MoonARTEMIS2,37109.141,45923.794,8814.654,
Contact STARLINK-11199 [DTC] - MoonARTEMIS2,48122.808,56930.742,8807.935,
Contact STARLINK-11199 [DTC] - MoonARTEMIS2,64647.817,67962.913,3315.096,
Contact STARLINK-11199 [DTC] - MoonARTEMIS2,70167.092,73481.326,3314.233,
Contact STARLINK-11199 [DTC] - MoonARTEMIS2,81201.231,84515.168,3313.937,
Contact STARLINK-11199 [DTC] - MoonIOAGEO,0.000,1815.850,1815.850,
Contact STARLINK-11199 [DTC] - MoonIOAGEO,4003.160,12835.834,8832.674,
Contact STARLINK-11199 [DTC] - MoonIOAGEO,20548.835,23867.624,3318.789,
Contact STARLINK-11199 [DTC] - MoonIOAGEO,26066.536,34891.269,8824.733,
Contact STARLINK-11199 [DTC] - MoonIOAGEO,37089.116,45903.170,8814.054,
Contact STARLINK-11199 [DTC] - MoonIOAGEO,48101.681,56925.116,8823.435,
Contact STARLINK-11199 [DTC] - MoonIOAGEO,64645.842,67959.663,3313.821,
Contact STARLINK-11199 [DTC] - MoonIOAGEO,70163.017,73474.581,3311.564,
Contact STARLINK-11199 [DTC] - MoonIOAGEO,81184.996,84491.375,3306.379,
Contact STARLINK-11199 [DTC] - MoonIOAGNO,0.000,1821.917,1821.917,
Contact STARLINK-11199 [DTC] - MoonIOAGNO,4008.012,12842.485,8834.473,
Contact STARLINK-11199 [DTC] - MoonIOAGNO,15041.217,23875.590,8834.373,
Contact STARLINK-11199 [DTC] - MoonIOAGNO,26071.253,34894.463,8823.210,
Contact STARLINK-11199 [DTC] - MoonIOAGNO,37090.452,45907.744,8817.292,
Contact STARLINK-11199 [DTC] - MoonIOAGNO,48105.416,56934.628,8829.212,
Contact STARLINK-11199 [DTC] - MoonIOAGNO,59140.257,67966.511,8826.254,
Contact STARLINK-11199 [DTC] - MoonIOAGNO,70168.456,73477.009,3308.553,
Contact STARLINK-11199 [DTC] - MoonIOAGNO,81186.296,84493.515,3307.219,
Contact STARLINK-11199 [DTC] - MoonIOAGNO 0001,0.000,1832.628,1832.628,
Contact STARLINK-11199 [DTC] - MoonIOAGNO 0001,4021.330,12851.450,8830.121,
Contact STARLINK-11199 [DTC] - MoonIOAGNO 0001,15041.467,23864.022,8822.554,
Contact STARLINK-11199 [DTC] - MoonIOAGNO 0001,26057.219,34887.723,8830.504,
Contact STARLINK-11199 [DTC] - MoonIOAGNO 0001,37091.140,45920.151,8829.010,
Contact STARLINK-11199 [DTC] - MoonIOAGNO 0001,48120.166,56939.182,8819.015,
Contact STARLINK-11199 [DTC] - MoonIOAGNO 0001,59138.606,67953.283,8814.677,
Contact STARLINK-11199 [DTC] - MoonIOAGNO 0001,70152.983,73461.624,3308.641,
Contact STARLINK-11199 [DTC] - MoonIOAGNO 0001,81188.937,84501.713,3312.776,
Contact STARLINK-11199 [DTC] - MoonIOAGSO,0.000,1809.013,1809.013,
Contact STARLINK-11199 [DTC] - MoonIOAGSO,4001.247,12844.983,8843.736,
Contact STARLINK-11199 [DTC] - MoonIOAGSO,15037.290,23855.021,8817.731,
Contact STARLINK-11199 [DTC] - MoonIOAGSO,26051.433,34872.172,8820.740,
Contact STARLINK-11199 [DTC] - MoonIOAGSO,37071.863,45898.630,8826.767,
Contact STARLINK-11199 [DTC] - MoonIOAGSO,48101.496,54681.303,6579.807,
Contact STARLINK-11199 [DTC] - MoonIOAGSO,59133.110,67947.170,8814.060,
Contact STARLINK-11199 [DTC] - MoonIOAGSO,70147.634,73456.167,3308.534,
Contact STARLINK-11199 [DTC] - MoonIOAGSO,81168.814,84479.868,3311.054,
Contact STARLINK-11199 [DTC] - MoonIOAGSO 0001,0.000,1811.497,1811.497,
Contact STARLINK-11199 [DTC] - MoonIOAGSO 0001,4002.090,12827.413,8825.323,
Contact STARLINK-11199 [DTC] - MoonIOAGSO 0001,15022.348,23853.045,8830.696,
Contact STARLINK-11199 [DTC] - MoonIOAGSO 0001,26051.896,34888.537,8836.641,
Contact STARLINK-11199 [DTC] - MoonIOAGSO 0001,37085.582,45900.173,8814.591,
Contact STARLINK-11199 [DTC] - MoonIOAGSO 0001,48099.822,56918.623,8818.800,
Contact STARLINK-11199 [DTC] - MoonIOAGSO 0001,59120.562,67945.991,8825.429,
Contact STARLINK-11199 [DTC] - MoonIOAGSO 0001,70150.439,73465.100,3314.661,
Contact STARLINK-11199 [DTC] - MoonIOAGSO 0001,81180.241,84488.084,3307.843,
Contact STARLINK-11199 [DTC] - MoonLRO,0.000,1820.374,1820.374,
Contact STARLINK-11199 [DTC] - MoonLRO,4006.178,12843.967,8837.789,
Contact STARLINK-11199 [DTC] - MoonLRO,15037.560,23859.213,8821.654,
Contact STARLINK-11199 [DTC] - MoonLRO,26060.456,34889.066,8828.611,
Contact STARLINK-11199 [DTC] - MoonLRO,37081.072,45906.552,8825.480,
Contact STARLINK-11199 [DTC] - MoonLRO,48112.562,56929.773,8817.211,
Contact STARLINK-11199 [DTC] - MoonLRO,59129.596,67958.034,8828.438,
Contact STARLINK-11199 [DTC] - MoonLRO,70156.846,73465.832,3308.986,
Contact STARLINK-11199 [DTC] - MoonLRO,81182.775,84488.831,3306.055,
Contact STARLINK-11199 [DTC] - MarsSat1,4047.869,12889.078,8841.209,
Contact STARLINK-11199 [DTC] - MarsSat1,15058.291,23899.256,8840.965,
Contact STARLINK-11199 [DTC] - MarsSat1,26068.670,34909.426,8840.756,
Contact STARLINK-11199 [DTC] - MarsSat1,37079.005,45919.615,8840.610,
Contact STARLINK-11199 [DTC] - MarsSat1,48089.331,56929.869,8840.538,
Contact STARLINK-11199 [DTC] - MarsSat1,59099.698,67940.230,8840.532,
Contact STARLINK-11199 [DTC] - MarsSat1,70110.140,73445.454,3335.314,
Contact STARLINK-11199 [DTC] - MarsSat1,81120.662,84455.982,3335.319,
Contact STARLINK-11199 [DTC] - MarsSat2,0.000,1878.812,1878.812,
Contact STARLINK-11199 [DTC] - MarsSat2,4047.786,12889.047,8841.261,
Contact STARLINK-11199 [DTC] - MarsSat2,15058.272,23899.306,8841.034,
Contact STARLINK-11199 [DTC] - MarsSat2,26068.737,34909.578,8840.841,
Contact STARLINK-11199 [DTC] - MarsSat2,37079.180,45919.875,8840.694,
Contact STARLINK-11199 [DTC] - MarsSat2,48089.614,56930.205,8840.591,
Contact STARLINK-11199 [DTC] - MarsSat2,59100.045,67940.574,8840.529,
Contact STARLINK-11199 [DTC] - MarsSat2,70110.479,73445.774,3335.294,
Contact STARLINK-11199 [DTC] - MarsSat2,81120.922,84456.207,3335.285,
Contact STARLINK-11199 [DTC] - MarsSat3,0.000,1878.785,1878.785,
Contact STARLINK-11199 [DTC] - MarsSat3,4047.740,12888.947,8841.207,
Contact STARLINK-11199 [DTC] - MarsSat3,15058.169,23899.212,8841.043,
Contact STARLINK-11199 [DTC] - MarsSat3,26068.643,34909.480,8840.837,
Contact STARLINK-11199 [DTC] - MarsSat3,37079.076,45919.745,8840.669,
Contact STARLINK-11199 [DTC] - MarsSat3,48089.474,56930.028,8840.554,
Contact STARLINK-11199 [DTC] - MarsSat3,59099.856,67940.346,8840.490,
Contact STARLINK-11199 [DTC] - MarsSat3,70110.240,73445.524,3335.283,
Contact STARLINK-11199 [DTC] - MarsSat3,81120.647,84455.930,3335.284,
Contact STARLINK-11199 [DTC] - MarsSat4,0.000,1878.921,1878.921,
Contact STARLINK-11199 [DTC] - MarsSat4,4047.865,12888.956,8841.091,
Contact STARLINK-11199 [DTC] - MarsSat4,15058.147,23899.131,8840.984,
Contact STARLINK-11199 [DTC] - MarsSat4,26068.578,34909.410,8840.833,
Contact STARLINK-11199 [DTC] - MarsSat4,37078.992,45919.603,8840.611,
Contact STARLINK-11199 [DTC] - MarsSat4,48089.324,56929.949,8840.626,
Contact STARLINK-11199 [DTC] - MarsSat4,59099.818,67940.378,8840.560,
Contact STARLINK-11199 [DTC] - MarsSat4,70110.272,73445.549,3335.277,
Contact STARLINK-11199 [DTC] - MarsSat4,81120.662,84455.954,3335.292,
Contact STARLINK-5849 - STARLINK-30100,7140.762,7721.349,580.587,
Contact STARLINK-5849 - STARLINK-30100,21511.721,22124.487,612.766,
Contact STARLINK-5849 - STARLINK-30100,35884.829,36525.379,640.551,
Contact STARLINK-5849 - STARLINK-30100,50257.082,50927.220,670.138,
Contact STARLINK-5849 - STARLINK-30100,64631.768,65326.521,694.753,
Contact STARLINK-5849 - STARLINK-30100,79005.117,79727.261,722.144,
Contact STARLINK-5849 - STARLINK-11101 [DTC],10565.490,11225.797,660.307,
Contact STARLINK-5849 - STARLINK-11101 [DTC],24576.701,25351.572,774.872,
Contact STARLINK-5849 - STARLINK-11101 [DTC],35866.211,36571.843,705.632,
Contact STARLINK-5849 - STARLINK-11101 [DTC],50089.710,50489.577,399.867,
Contact STARLINK-5849 - STARLINK-2685,71890.379,72280.072,389.694,
Contact STARLINK-5849 - STARLINK-2685,86181.494,86400.000,218.506,
Contact STARLINK-5849 - STARLINK-4254,10732.834,11008.777,275.943,
Contact STARLINK-5849 - STARLINK-4254,25044.513,25413.479,368.966,
Contact STARLINK-5849 - STARLINK-4254,39374.887,39799.569,424.682,
Contact STARLINK-5849 - STARLINK-4254,53699.713,54191.021,491.309,
Contact STARLINK-5849 - STARLINK-4254,68035.504,68571.698,536.194,
Contact STARLINK-5849 - STARLINK-4254,82367.076,82956.301,589.225,
Contact STARLINK-5849 - STARLINK-31853,3157.902,4069.492,911.589,
Contact STARLINK-5849 - STARLINK-31853,17539.878,18089.148,549.270,
Contact STARLINK-5849 - STARLINK-3525,49723.702,50465.012,741.311,
Contact STARLINK-5849 - STARLINK-3525,60819.744,68261.718,7441.974,
Contact STARLINK-5849 - STARLINK-3525,69213.591,86400.000,17186.409,
Contact STARLINK-5849 - STARLINK-1276,0.000,181.723,181.723,
Contact STARLINK-5849 - STARLINK-1276,13890.809,14595.622,704.814,
Contact STARLINK-5849 - STARLINK-1276,28239.287,28987.581,748.294,
Contact STARLINK-5849 - STARLINK-1276,42576.850,43390.955,814.106,
Contact STARLINK-5849 - STARLINK-1276,56932.344,57775.895,843.551,
Contact STARLINK-5849 - STARLINK-1276,71277.480,72171.568,894.088,
Contact STARLINK-5849 - STARLINK-1276,82761.230,86400.000,3638.770,
Contact STARLINK-5849 - STARLINK-5837,0.000,4166.755,4166.755,
Contact STARLINK-5849 - STARLINK-5837,11226.770,18577.812,7351.042,
Contact STARLINK-5849 - STARLINK-5837,25612.369,33000.383,7388.014,
Contact STARLINK-5849 - STARLINK-5837,40022.214,47411.523,7389.309,
Contact STARLINK-5849 - STARLINK-5837,54407.819,61833.655,7425.836,
Contact STARLINK-5849 - STARLINK-5837,68818.485,76244.835,7426.350,
Contact STARLINK-5849 - STARLINK-5837,83204.130,86400.000,3195.870,
Contact STARLINK-5849 - STARLINK-31852,78426.899,79556.368,1129.469,
Contact STARLINK-5849 - STARLINK-30879,68365.888,72319.195,3953.306,
Contact STARLINK-5849 - STARLINK-30879,82387.934,86400.000,4012.066,
Contact STARLINK-5849 - STARLINK-31345,0.000,3803.467,3803.467,
Contact STARLINK-5849 - STARLINK-31345,14358.779,15017.737,658.958,
Contact STARLINK-5849 - STARLINK-31690,3365.009,3848.141,483.132,
Contact STARLINK-5849 - STARLINK-5239,3522.498,4300.177,777.679,
Contact STARLINK-5849 - STARLINK-5239,17809.302,21631.318,3822.016,
Contact STARLINK-5849 - STARLINK-5239,32091.642,36049.477,3957.834,
Contact STARLINK-5849 - STARLINK-5239,46405.175,53345.428,6940.253,
Contact STARLINK-5849 - STARLINK-5239,60711.694,67753.189,7041.495,
Contact STARLINK-5849 - STARLINK-5239,75045.642,82137.780,7092.138,
Contact STARLINK-5849 - STARLINK-6135,0.000,288.752,288.752,
Contact STARLINK-5849 - STARLINK-6135,10449.216,17573.075,7123.859,
Contact STARLINK-5849 - STARLINK-6135,24813.049,31982.549,7169.500,
Contact STARLINK-5849 - STARLINK-6135,39193.575,46369.259,7175.684,
Contact STARLINK-5849 - STARLINK-6135,53564.152,60771.748,7207.596,
Contact STARLINK-5849 - STARLINK-6135,67950.909,75152.373,7201.464,
Contact STARLINK-5849 - STARLINK-6135,82327.746,86400.000,4072.254,
Contact STARLINK-5849 - STARLINK-4356,0.000,86400.000,86400.000,
Contact STARLINK-5849 - STARLINK-30052,64766.756,65335.490,568.734,
Contact STARLINK-5849 - STARLINK-30052,79130.277,79739.437,609.160,
Contact STARLINK-5849 - STARLINK-11265 [DTC],616.121,24840.179,24224.058,
Contact STARLINK-5849 - STARLINK-3815,71730.856,72188.934,458.078,
Contact STARLINK-5849 - STARLINK-3815,85870.010,86400.000,529.990,
Contact STARLINK-5849 - MoonARTEMIS1,0.000,6677.447,6677.447,
Contact STARLINK-5849 - MoonARTEMIS1,8669.677,12437.357,3767.680,
Contact STARLINK-5849 - MoonARTEMIS1,14445.744,23952.553,9506.809,
Contact STARLINK-5849 - MoonARTEMIS1,25993.819,35471.032,9477.214,
Contact STARLINK-5849 - MoonARTEMIS1,37523.603,41231.977,3708.374,
Contact STARLINK-5849 - MoonARTEMIS1,43289.775,52755.158,9465.383,
Contact STARLINK-5849 - MoonARTEMIS1,54823.740,64279.562,9455.822,
Contact STARLINK-5849 - MoonARTEMIS1,66359.336,70042.156,3682.820,
Contact STARLINK-5849 - MoonARTEMIS1,72127.651,81568.111,9440.460,
Contact STARLINK-5849 - MoonARTEMIS1,83665.273,86400.000,2734.727,
Contact STARLINK-5849 - MoonARTEMIS2,0.000,6675.851,6675.851,
Contact STARLINK-5849 - MoonARTEMIS2,8713.834,12437.198,3723.364,
Contact STARLINK-5849 - MoonARTEMIS2,14483.493,23960.225,9476.733,
Contact STARLINK-5849 - MoonARTEMIS2,26020.544,35483.252,9462.708,
Contact STARLINK-5849 - MoonARTEMIS2,37554.325,41244.526,3690.201,
Contact STARLINK-5849 - MoonARTEMIS2,43319.685,52765.417,9445.732,
Contact STARLINK-5849 - MoonARTEMIS2,54845.062,58522.715,3677.653,
Contact STARLINK-5849 - MoonARTEMIS2,66379.376,70045.666,3666.291,
Contact STARLINK-5849 - MoonARTEMIS2,72152.147,81574.444,9422.298,
Contact STARLINK-5849 - MoonARTEMIS2,83694.534,86400.000,2705.466,
Contact STARLINK-5849 - MoonIOAGEO,0.000,6678.314,6678.314,
Contact STARLINK-5849 - MoonIOAGEO,8677.667,12435.430,3757.762,
Contact STARLINK-5849 - MoonIOAGEO,20223.682,23951.046,3727.364,
Contact STARLINK-5849 - MoonIOAGEO,25997.616,35475.745,9478.129,
Contact STARLINK-5849 - MoonIOAGEO,37536.892,41239.325,3702.432,
Contact STARLINK-5849 - MoonIOAGEO,43302.288,52762.168,9459.880,
Contact STARLINK-5849 - MoonIOAGEO,54835.543,58522.034,3686.491,
Contact STARLINK-5849 - MoonIOAGEO,66377.960,70045.166,3667.205,
Contact STARLINK-5849 - MoonIOAGEO,72149.118,81573.348,9424.230,
Contact STARLINK-5849 - MoonIOAGEO,83684.108,86400.000,2715.892,
Contact STARLINK-5849 - MoonIOAGNO,0.000,6676.796,6676.796,
Contact STARLINK-5849 - MoonIOAGNO,8678.435,12429.467,3751.033,
Contact STARLINK-5849 - MoonIOAGNO,14459.393,23976.476,9517.083,
Contact STARLINK-5849 - MoonIOAGNO,26013.969,35500.221,9486.252,
Contact STARLINK-5849 - MoonIOAGNO,37548.210,41255.834,3707.624,
Contact STARLINK-5849 - MoonIOAGNO,43310.644,52755.785,9445.141,
Contact STARLINK-5849 - MoonIOAGNO,54836.625,64301.163,9464.538,
Contact STARLINK-5849 - MoonIOAGNO,66395.453,70068.932,3673.479,
Contact STARLINK-5849 - MoonIOAGNO,72165.225,81591.634,9426.409,
Contact STARLINK-5849 - MoonIOAGNO,83694.095,86400.000,2705.905,
Contact STARLINK-5849 - MoonIOAGNO 0001,0.000,6700.908,6700.908,
Contact STARLINK-5849 - MoonIOAGNO 0001,8703.675,12460.534,3756.859,
Contact STARLINK-5849 - MoonIOAGNO 0001,14470.566,23966.899,9496.333,
Contact STARLINK-5849 - MoonIOAGNO 0001,25995.552,35476.400,9480.849,
Contact STARLINK-5849 - MoonIOAGNO 0001,37541.868,41252.186,3710.318,
Contact STARLINK-5849 - MoonIOAGNO 0001,43319.668,52784.581,9464.914,
Contact STARLINK-5849 - MoonIOAGNO 0001,54858.464,64299.933,9441.470,
Contact STARLINK-5849 - MoonIOAGNO 0001,66383.747,70051.826,3668.079,
Contact STARLINK-5849 - MoonIOAGNO 0001,72142.873,81580.594,9437.721,
Contact STARLINK-5849 - MoonIOAGNO 0001,83695.369,86400.000,2704.631,
Contact STARLINK-5849 - MoonIOAGSO,0.000,6675.711,6675.711,
Contact STARLINK-5849 - MoonIOAGSO,8684.424,11546.130,2861.706,
Contact STARLINK-5849 - MoonIOAGSO,14454.311,23933.304,9478.993,
Contact STARLINK-5849 - MoonIOAGSO,25977.832,35455.668,9477.836,
Contact STARLINK-5849 - MoonIOAGSO,37515.590,41222.805,3707.215,
Contact STARLINK-5849 - MoonIOAGSO,43289.395,52765.930,9476.536,
Contact STARLINK-5849 - MoonIOAGSO,55983.690,64268.498,8284.808,
Contact STARLINK-5849 - MoonIOAGSO,66363.747,70026.661,3662.913,
Contact STARLINK-5849 - MoonIOAGSO,72128.602,81555.374,9426.773,
Contact STARLINK-5849 - MoonIOAGSO,83667.648,86400.000,2732.352,
Contact STARLINK-5849 - MoonIOAGSO 0001,0.000,6650.012,6650.012,
Contact STARLINK-5849 - MoonIOAGSO 0001,8664.741,12411.644,3746.904,
Contact STARLINK-5849 - MoonIOAGSO 0001,14435.032,23946.758,9511.727,
Contact STARLINK-5849 - MoonIOAGSO 0001,25986.350,35473.775,9487.425,
Contact STARLINK-5849 - MoonIOAGSO 0001,37529.893,41222.085,3692.192,
Contact STARLINK-5849 - MoonIOAGSO 0001,43290.237,52738.936,9448.700,
Contact STARLINK-5849 - MoonIOAGSO 0001,54822.202,64272.239,9450.037,
Contact STARLINK-5849 - MoonIOAGSO 0001,66366.948,70044.253,3677.305,
Contact STARLINK-5849 - MoonIOAGSO 0001,72144.701,81563.856,9419.155,
Contact STARLINK-5849 - MoonIOAGSO 0001,83673.197,86400.000,2726.803,
Contact STARLINK-5849 - MoonLRO,0.000,6678.929,6678.929,
Contact STARLINK-5849 - MoonLRO,8683.162,12438.270,3755.107,
Contact STARLINK-5849 - MoonLRO,14458.058,23950.373,9492.314,
Contact STARLINK-5849 - MoonLRO,25996.181,35475.468,9479.287,
Contact STARLINK-5849 - MoonLRO,37528.324,41240.977,3712.653,
Contact STARLINK-5849 - MoonLRO,43299.520,52762.235,9462.715,
Contact STARLINK-5849 - MoonLRO,54844.845,64280.097,9435.252,
Contact STARLINK-5849 - MoonLRO,66377.215,70044.886,3667.671,
Contact STARLINK-5849 - MoonLRO,72141.881,81576.901,9435.020,
Contact STARLINK-5849 - MoonLRO,83681.225,86400.000,2718.775,
Contact STARLINK-5849 - MarsSat1,2910.007,6630.119,3720.111,
Contact STARLINK-5849 - MarsSat1,8675.482,12394.441,3718.959,
Contact STARLINK-5849 - MarsSat1,14440.942,23923.081,9482.139,
Contact STARLINK-5849 - MarsSat1,25971.802,35451.718,9479.915,
Contact STARLINK-5849 - MarsSat1,37502.592,41216.040,3713.448,
Contact STARLINK-5849 - MarsSat1,43267.971,52744.710,9476.739,
Contact STARLINK-5849 - MarsSat1,54798.729,64273.428,9474.699,
Contact STARLINK-5849 - MarsSat1,66329.520,70037.807,3708.287,
Contact STARLINK-5849 - MarsSat1,72094.933,81566.600,9471.667,
Contact STARLINK-5849 - MarsSat1,83625.785,86400.000,2774.215,
Contact STARLINK-5849 - MarsSat2,0.000,6630.131,6630.131,
Contact STARLINK-5849 - MarsSat2,8675.455,12394.503,3719.048,
Contact STARLINK-5849 - MarsSat2,14440.962,23923.209,9482.247,
Contact STARLINK-5849 - MarsSat2,25971.914,35451.889,9479.975,
Contact STARLINK-5849 - MarsSat2,37502.800,41216.226,3713.427,
Contact STARLINK-5849 - MarsSat2,43268.224,52744.906,9476.682,
Contact STARLINK-5849 - MarsSat2,54799.042,64273.596,9474.554,
Contact STARLINK-5849 - MarsSat2,66329.828,70037.947,3708.119,
Contact STARLINK-5849 - MarsSat2,72095.210,81566.662,9471.452,
Contact STARLINK-5849 - MarsSat2,83625.957,86400.000,2774.043,
Contact STARLINK-5849 - MarsSat3,0.000,6629.994,6629.994,
Contact STARLINK-5849 - MarsSat3,8675.333,12394.380,3719.047,
Contact STARLINK-5849 - MarsSat3,14440.839,23923.159,9482.320,
Contact STARLINK-5849 - MarsSat3,25971.829,35451.847,9480.018,
Contact STARLINK-5849 - MarsSat3,37502.706,41216.167,3713.461,
Contact STARLINK-5849 - MarsSat3,43268.109,52744.794,9476.685,
Contact STARLINK-5849 - MarsSat3,54798.870,64273.430,9474.560,
Contact STARLINK-5849 - MarsSat3,66329.595,70037.760,3708.165,
Contact STARLINK-5849 - MarsSat3,72094.954,81566.469,9471.515,
Contact STARLINK-5849 - MarsSat3,83625.684,86400.000,2774.316,
Contact STARLINK-5849 - MarsSat4,0.000,6630.040,6630.040,
Contact STARLINK-5849 - MarsSat4,8675.386,12394.312,3718.926,
Contact STARLINK-5849 - MarsSat4,14440.781,23923.050,9482.269,
Contact STARLINK-5849 - MarsSat4,25971.741,35451.706,9479.964,
Contact STARLINK-5849 - MarsSat4,37502.569,41215.989,3713.420,
Contact STARLINK-5849 - MarsSat4,43267.933,52744.703,9476.770,
Contact STARLINK-5849 - MarsSat4,54798.772,64273.514,9474.742,
Contact STARLINK-5849 - MarsSat4,66329.654,70037.822,3708.168,
Contact STARLINK-5849 - MarsSat4,72094.999,81566.527,9471.527,
Contact STARLINK-5849 - MarsSat4,83625.736,86400.000,2774.264,
Contact STARLINK-5649 - STARLINK-5197,0.000,86400.000,86400.000,
Contact STARLINK-5649 - STARLINK-30100,10512.002,11387.328,875.326,
Contact STARLINK-5649 - STARLINK-30100,24870.849,25745.669,874.820,
Contact STARLINK-5649 - STARLINK-30100,39224.056,40109.484,885.428,
Contact STARLINK-5649 - STARLINK-30100,53582.901,54467.817,884.916,
Contact STARLINK-5649 - STARLINK-30100,67936.197,68831.546,895.349,
Contact STARLINK-5649 - STARLINK-30100,82295.043,83189.872,894.829,
Contact STARLINK-5649 - STARLINK-11101 [DTC],0.000,3668.041,3668.041,
Contact STARLINK-5649 - STARLINK-11101 [DTC],14139.682,14767.557,627.875,
Contact STARLINK-5649 - STARLINK-2685,511.494,7671.169,7159.675,
Contact STARLINK-5649 - STARLINK-2685,14840.992,22024.312,7183.320,
Contact STARLINK-5649 - STARLINK-2685,29183.087,39239.946,10056.859,
Contact STARLINK-5649 - STARLINK-2685,46388.422,53579.503,7191.081,
Contact STARLINK-5649 - STARLINK-2685,60721.885,67928.634,7206.749,
Contact STARLINK-5649 - STARLINK-2685,75068.042,82265.594,7197.552,
Contact STARLINK-5649 - STARLINK-4254,0.000,604.988,604.988,
Contact STARLINK-5649 - STARLINK-4254,13930.537,14938.076,1007.538,
Contact STARLINK-5649 - STARLINK-4254,28258.906,29271.147,1012.241,
Contact STARLINK-5649 - STARLINK-4254,42590.136,43601.185,1011.049,
Contact STARLINK-5649 - STARLINK-4254,56921.463,57931.252,1009.789,
Contact STARLINK-5649 - STARLINK-4254,68388.170,72258.248,3870.078,
Contact STARLINK-5649 - STARLINK-4254,82723.696,86400.000,3676.304,
Contact STARLINK-5649 - STARLINK-3525,0.000,53624.500,53624.500,
Contact STARLINK-5649 - STARLINK-3525,60776.063,62020.177,1244.113,
Contact STARLINK-5649 - STARLINK-5289,0.000,29.216,29.216,
Contact STARLINK-5649 - STARLINK-1276,3067.413,4210.398,1142.984,
Contact STARLINK-5649 - STARLINK-1276,17420.838,18542.564,1121.725,
Contact STARLINK-5649 - STARLINK-1276,31766.649,32882.223,1115.574,
Contact STARLINK-5649 - STARLINK-1276,46121.729,47212.712,1090.983,
Contact STARLINK-5649 - STARLINK-1276,60469.028,61550.894,1081.866,
Contact STARLINK-5649 - STARLINK-1276,71950.888,75879.621,3928.733,
Contact STARLINK-5649 - STARLINK-1276,86308.440,86400.000,91.560,
Contact STARLINK-5649 - STARLINK-31852,24672.702,32045.463,7372.762,
Contact STARLINK-5649 - STARLINK-31852,32505.758,71467.730,38961.971,
Contact STARLINK-5649 - STARLINK-31852,78869.909,79225.053,355.144,
Contact STARLINK-5649 - STARLINK-30879,21075.394,22134.637,1059.243,
Contact STARLINK-5649 - STARLINK-30879,29310.026,42495.378,13185.352,
Contact STARLINK-5649 - STARLINK-30879,43209.476,53822.276,10612.800,
Contact STARLINK-5649 - STARLINK-30879,54595.964,67694.417,13098.453,
Contact STARLINK-5649 - STARLINK-30879,75058.987,75865.740,806.753,
Contact STARLINK-5649 - STARLINK-5058,0.000,86400.000,86400.000,
Contact STARLINK-5649 - STARLINK-31554,75453.714,76000.999,547.286,
Contact STARLINK-5649 - STARLINK-30052,0.000,67.477,67.477,
Contact STARLINK-5649 - STARLINK-30052,10512.174,14419.523,3907.348,
Contact STARLINK-5649 - STARLINK-30052,24870.677,25903.188,1032.511,
Contact STARLINK-5649 - STARLINK-30052,39224.106,40260.288,1036.182,
Contact STARLINK-5649 - STARLINK-30052,53582.597,54612.330,1029.733,
Contact STARLINK-5649 - STARLINK-30052,67936.037,68969.402,1033.366,
Contact STARLINK-5649 - STARLINK-30052,82294.516,83321.440,1026.924,
Contact STARLINK-5649 - STARLINK-4612,10100.447,17876.675,7776.228,
Contact STARLINK-5649 - STARLINK-4612,18338.664,86400.000,68061.336,
Contact STARLINK-5649 - STARLINK-3815,35360.469,36027.920,667.451,
Contact STARLINK-5649 - STARLINK-3815,46636.611,47524.689,888.078,
Contact STARLINK-5649 - STARLINK-3815,60783.407,61842.120,1058.713,
Contact STARLINK-5649 - STARLINK-3815,74986.159,76104.677,1118.518,
Contact STARLINK-5649 - STARLINK-3815,83524.093,86400.000,2875.907,
Contact STARLINK-5649 - STARLINK-31611,55429.055,86400.000,30970.945,
Contact STARLINK-5649 - MoonARTEMIS1,0.000,2081.723,2081.723,
Contact STARLINK-5649 - MoonARTEMIS1,3983.637,13588.633,9604.997,
Contact STARLINK-5649 - MoonARTEMIS1,15529.829,25098.048,9568.219,
Contact STARLINK-5649 - MoonARTEMIS1,27076.442,29882.469,2806.027,
Contact STARLINK-5649 - MoonARTEMIS1,32829.564,42333.969,9504.405,
Contact STARLINK-5649 - MoonARTEMIS1,44337.530,53828.549,9491.019,
Contact STARLINK-5649 - MoonARTEMIS1,55848.158,59576.739,3728.581,
Contact STARLINK-5649 - MoonARTEMIS1,61604.354,71074.802,9470.448,
Contact STARLINK-5649 - MoonARTEMIS1,73118.462,82575.209,9456.747,
Contact STARLINK-5649 - MoonARTEMIS1,84635.067,86400.000,1764.933,
Contact STARLINK-5649 - MoonARTEMIS2,0.000,2129.263,2129.263,
Contact STARLINK-5649 - MoonARTEMIS2,4080.813,13628.694,9547.881,
Contact STARLINK-5649 - MoonARTEMIS2,15604.033,25125.855,9521.822,
Contact STARLINK-5649 - MoonARTEMIS2,27120.982,30873.452,3752.470,
Contact STARLINK-5649 - MoonARTEMIS2,32877.067,42366.022,9488.955,
Contact STARLINK-5649 - MoonARTEMIS2,44383.684,53852.523,9468.839,
Contact STARLINK-5649 - MoonARTEMIS2,55879.185,59592.610,3713.424,
Contact STARLINK-5649 - MoonARTEMIS2,62574.994,71105.662,8530.668,
Contact STARLINK-5649 - MoonARTEMIS2,73174.769,82615.542,9440.773,
Contact STARLINK-5649 - MoonARTEMIS2,84702.336,86400.000,1697.664,
Contact STARLINK-5649 - MoonIOAGEO,0.000,2096.221,2096.221,
Contact STARLINK-5649 - MoonIOAGEO,4006.199,13593.174,9586.976,
Contact STARLINK-5649 - MoonIOAGEO,21316.687,25100.635,3783.949,
Contact STARLINK-5649 - MoonIOAGEO,27087.395,30852.498,3765.103,
Contact STARLINK-5649 - MoonIOAGEO,32848.818,42346.110,9497.292,
Contact STARLINK-5649 - MoonIOAGEO,44350.700,53840.253,9489.553,
Contact STARLINK-5649 - MoonIOAGEO,55866.090,59592.684,3726.594,
Contact STARLINK-5649 - MoonIOAGEO,63940.565,71101.525,7160.960,
Contact STARLINK-5649 - MoonIOAGEO,73166.197,82599.610,9433.413,
Contact STARLINK-5649 - MoonIOAGEO,84670.867,86400.000,1729.133,
Contact STARLINK-5649 - MoonIOAGNO,0.000,2106.268,2106.268,
Contact STARLINK-5649 - MoonIOAGNO,4012.371,13600.275,9587.904,
Contact STARLINK-5649 - MoonIOAGNO,15557.516,25118.404,9560.887,
Contact STARLINK-5649 - MoonIOAGNO,27081.564,30867.803,3786.239,
Contact STARLINK-5649 - MoonIOAGNO,32839.327,42356.180,9516.852,
Contact STARLINK-5649 - MoonIOAGNO,44352.252,53840.683,9488.430,
Contact STARLINK-5649 - MoonIOAGNO,55880.546,59605.979,3725.433,
Contact STARLINK-5649 - MoonIOAGNO,61647.970,71115.312,9467.342,
Contact STARLINK-5649 - MoonIOAGNO,73162.812,82608.324,9445.513,
Contact STARLINK-5649 - MoonIOAGNO,84669.582,86400.000,1730.418,
Contact STARLINK-5649 - MoonIOAGNO 0001,0.000,2121.341,2121.341,
Contact STARLINK-5649 - MoonIOAGNO 0001,4027.826,13617.980,9590.154,
Contact STARLINK-5649 - MoonIOAGNO 0001,15547.256,25100.760,9553.504,
Contact STARLINK-5649 - MoonIOAGNO 0001,27065.858,30840.844,3774.986,
Contact STARLINK-5649 - MoonIOAGNO 0001,32834.573,42363.367,9528.794,
Contact STARLINK-5649 - MoonIOAGNO 0001,44368.286,53864.915,9496.629,
Contact STARLINK-5649 - MoonIOAGNO 0001,55881.588,59610.235,3728.646,
Contact STARLINK-5649 - MoonIOAGNO 0001,61636.150,71094.245,9458.096,
Contact STARLINK-5649 - MoonIOAGNO 0001,73147.392,82608.981,9461.589,
Contact STARLINK-5649 - MoonIOAGNO 0001,84682.451,86400.000,1717.549,
Contact STARLINK-5649 - MoonIOAGSO,0.000,2084.833,2084.833,
Contact STARLINK-5649 - MoonIOAGSO,4007.174,13599.936,9592.762,
Contact STARLINK-5649 - MoonIOAGSO,15555.142,25079.813,9524.671,
Contact STARLINK-5649 - MoonIOAGSO,27068.710,30826.393,3757.682,
Contact STARLINK-5649 - MoonIOAGSO,32825.624,42330.505,9504.880,
Contact STARLINK-5649 - MoonIOAGSO,44344.910,53850.448,9505.538,
Contact STARLINK-5649 - MoonIOAGSO,56031.599,59592.707,3561.108,
Contact STARLINK-5649 - MoonIOAGSO,61638.117,71080.240,9442.123,
Contact STARLINK-5649 - MoonIOAGSO,73145.992,82581.169,9435.177,
Contact STARLINK-5649 - MoonIOAGSO,84659.068,86400.000,1740.932,
Contact STARLINK-5649 - MoonIOAGSO 0001,0.000,2081.350,2081.350,
Contact STARLINK-5649 - MoonIOAGSO 0001,4018.490,13575.706,9557.217,
Contact STARLINK-5649 - MoonIOAGSO 0001,15535.918,25086.391,9550.473,
Contact STARLINK-5649 - MoonIOAGSO 0001,27063.118,30848.935,3785.817,
Contact STARLINK-5649 - MoonIOAGSO 0001,34221.535,42335.236,8113.700,
Contact STARLINK-5649 - MoonIOAGSO 0001,44355.626,53827.245,9471.619,
Contact STARLINK-5649 - MoonIOAGSO 0001,55866.772,59578.383,3711.611,
Contact STARLINK-5649 - MoonIOAGSO 0001,61624.601,71091.924,9467.323,
Contact STARLINK-5649 - MoonIOAGSO 0001,73150.389,82591.662,9441.273,
Contact STARLINK-5649 - MoonIOAGSO 0001,84669.449,86400.000,1730.551,
Contact STARLINK-5649 - MoonLRO,0.000,2096.593,2096.593,
Contact STARLINK-5649 - MoonLRO,4015.057,13603.695,9588.638,
Contact STARLINK-5649 - MoonLRO,15551.035,25094.941,9543.906,
Contact STARLINK-5649 - MoonLRO,27077.720,30841.411,3763.691,
Contact STARLINK-5649 - MoonLRO,32834.564,42347.800,9513.236,
Contact STARLINK-5649 - MoonLRO,44352.727,53850.128,9497.400,
Contact STARLINK-5649 - MoonLRO,55881.340,59595.675,3714.335,
Contact STARLINK-5649 - MoonLRO,61641.457,71092.187,9450.730,
Contact STARLINK-5649 - MoonLRO,73151.142,82600.918,9449.776,
Contact STARLINK-5649 - MoonLRO,84667.776,86400.000,1732.224,
Contact STARLINK-5649 - MarsSat1,4119.523,13624.006,9504.483,
Contact STARLINK-5649 - MarsSat1,15615.359,25114.524,9499.165,
Contact STARLINK-5649 - MarsSat1,27110.999,30859.770,3748.770,
Contact STARLINK-5649 - MarsSat1,32858.746,42350.256,9491.510,
Contact STARLINK-5649 - MarsSat1,44354.122,53840.779,9486.658,
Contact STARLINK-5649 - MarsSat1,55849.408,59586.071,3736.663,
Contact STARLINK-5649 - MarsSat1,61597.042,71076.735,9479.693,
Contact STARLINK-5649 - MarsSat1,73092.313,82567.497,9475.185,
Contact STARLINK-5649 - MarsSat1,84587.577,86400.000,1812.423,
Contact STARLINK-5649 - MarsSat2,0.000,2133.374,2133.374,
Contact STARLINK-5649 - MarsSat2,4119.395,13624.013,9504.619,
Contact STARLINK-5649 - MarsSat2,15615.297,25114.630,9499.332,
Contact STARLINK-5649 - MarsSat2,27111.060,30859.929,3748.869,
Contact STARLINK-5649 - MarsSat2,32858.885,42350.524,9491.640,
Contact STARLINK-5649 - MarsSat2,44354.430,53841.128,9486.698,
Contact STARLINK-5649 - MarsSat2,55849.848,59586.435,3736.587,
Contact STARLINK-5649 - MarsSat2,61597.513,71077.066,9479.553,
Contact STARLINK-5649 - MarsSat2,73092.759,82567.722,9474.963,
Contact STARLINK-5649 - MarsSat2,84587.901,86400.000,1812.099,
Contact STARLINK-5649 - MarsSat3,0.000,2133.299,2133.299,
Contact STARLINK-5649 - MarsSat3,4119.379,13623.879,9504.500,
Contact STARLINK-5649 - MarsSat3,15615.177,25114.531,9499.354,
Contact STARLINK-5649 - MarsSat3,27110.929,30859.835,3748.906,
Contact STARLINK-5649 - MarsSat3,32858.748,42350.400,9491.651,
Contact STARLINK-5649 - MarsSat3,44354.264,53840.943,9486.679,
Contact STARLINK-5649 - MarsSat3,55849.631,59586.218,3736.586,
Contact STARLINK-5649 - MarsSat3,61597.266,71076.789,9479.522,
Contact STARLINK-5649 - MarsSat3,73092.452,82567.417,9474.965,
Contact STARLINK-5649 - MarsSat3,84587.549,86400.000,1812.451,
Contact STARLINK-5649 - MarsSat4,0.000,2133.472,2133.472,
Contact STARLINK-5649 - MarsSat4,4119.535,13623.840,9504.305,
Contact STARLINK-5649 - MarsSat4,15615.180,25114.430,9499.250,
Contact STARLINK-5649 - MarsSat4,27110.873,30859.752,3748.879,
Contact STARLINK-5649 - MarsSat4,32858.708,42350.221,9491.514,
Contact STARLINK-5649 - MarsSat4,44354.126,53840.810,9486.684,
Contact STARLINK-5649 - MarsSat4,55849.484,59586.219,3736.735,
Contact STARLINK-5649 - MarsSat4,61597.233,71076.837,9479.604,
Contact STARLINK-5649 - MarsSat4,73092.473,82567.457,9474.984,
Contact STARLINK-5649 - MarsSat4,84587.556,86400.000,1812.444,
Contact STARLINK-5197 - STARLINK-30100,0.000,215.520,215.520,
Contact STARLINK-5197 - STARLINK-30100,10757.882,14572.847,3814.965,
Contact STARLINK-5197 - STARLINK-30100,25066.493,28935.284,3868.791,
Contact STARLINK-5197 - STARLINK-30100,39369.645,43285.787,3916.142,
Contact STARLINK-5197 - STARLINK-30100,53684.694,57641.286,3956.592,
Contact STARLINK-5197 - STARLINK-30100,67994.486,69120.122,1125.637,
Contact STARLINK-5197 - STARLINK-30100,82315.611,83461.959,1146.348,
Contact STARLINK-5197 - STARLINK-11101 [DTC],3024.748,3836.603,811.854,
Contact STARLINK-5197 - STARLINK-11101 [DTC],14300.101,14986.490,686.388,
Contact STARLINK-5197 - STARLINK-2685,6533.155,7634.549,1101.394,
Contact STARLINK-5197 - STARLINK-2685,15117.259,21953.623,6836.364,
Contact STARLINK-5197 - STARLINK-2685,32294.218,36263.648,3969.429,
Contact STARLINK-5197 - STARLINK-2685,46612.967,50581.874,3968.908,
Contact STARLINK-5197 - STARLINK-2685,60923.789,64891.066,3967.278,
Contact STARLINK-5197 - STARLINK-2685,75243.372,82066.710,6823.339,
Contact STARLINK-5197 - STARLINK-4254,0.000,3680.481,3680.481,
Contact STARLINK-5197 - STARLINK-4254,14188.959,15122.931,933.972,
Contact STARLINK-5197 - STARLINK-4254,28490.501,29428.338,937.837,
Contact STARLINK-5197 - STARLINK-4254,42796.606,43729.032,932.425,
Contact STARLINK-5197 - STARLINK-4254,57098.156,58034.412,936.256,
Contact STARLINK-5197 - STARLINK-4254,71404.255,72335.095,930.840,
Contact STARLINK-5197 - STARLINK-4254,85705.814,86400.000,694.186,
Contact STARLINK-5197 - STARLINK-3525,0.000,86400.000,86400.000,
Contact STARLINK-5197 - STARLINK-5289,0.000,230.545,230.545,
Contact STARLINK-5197 - STARLINK-5289,14227.272,14416.464,189.192,
Contact STARLINK-5197 - STARLINK-1276,3346.857,4268.368,921.512,
Contact STARLINK-5197 - STARLINK-1276,17660.192,18585.706,925.514,
Contact STARLINK-5197 - STARLINK-1276,31968.837,32907.996,939.159,
Contact STARLINK-5197 - STARLINK-1276,46282.887,47224.620,941.733,
Contact STARLINK-5197 - STARLINK-1276,60592.200,61546.207,954.007,
Contact STARLINK-5197 - STARLINK-1276,74906.961,75862.123,955.162,
Contact STARLINK-5197 - STARLINK-1276,86356.974,86400.000,43.026,
Contact STARLINK-5197 - STARLINK-31852,22086.216,82919.444,60833.228,
Contact STARLINK-5197 - STARLINK-30879,21162.658,22212.528,1049.871,
Contact STARLINK-5197 - STARLINK-30879,29576.303,36481.446,6905.143,
Contact STARLINK-5197 - STARLINK-30879,43667.427,53476.563,9809.136,
Contact STARLINK-5197 - STARLINK-30879,60712.303,61926.770,1214.467,
Contact STARLINK-5197 - STARLINK-30879,75038.792,75911.097,872.305,
Contact STARLINK-5197 - STARLINK-5058,0.000,86400.000,86400.000,
Contact STARLINK-5197 - STARLINK-30052,0.000,380.212,380.212,
Contact STARLINK-5197 - STARLINK-30052,10770.728,14722.521,3951.793,
Contact STARLINK-5197 - STARLINK-30052,25086.894,29070.492,3983.599,
Contact STARLINK-5197 - STARLINK-30052,39397.185,43407.895,4010.710,
Contact STARLINK-5197 - STARLINK-30052,53718.169,57750.787,4032.618,
Contact STARLINK-5197 - STARLINK-30052,68033.480,74954.219,6920.739,
Contact STARLINK-5197 - STARLINK-30052,82359.316,86400.000,4040.684,
Contact STARLINK-5197 - STARLINK-4612,0.000,3441.698,3441.698,
Contact STARLINK-5197 - STARLINK-4612,3615.969,71936.831,68320.861,
Contact STARLINK-5197 - STARLINK-4612,72443.629,86238.307,13794.678,
Contact STARLINK-5197 - STARLINK-3815,21365.532,21827.188,461.656,
Contact STARLINK-5197 - STARLINK-3815,35482.763,36123.575,640.812,
Contact STARLINK-5197 - STARLINK-3815,46795.345,47541.674,746.329,
Contact STARLINK-5197 - STARLINK-3815,60952.298,61797.753,845.454,
Contact STARLINK-5197 - STARLINK-3815,75131.466,76031.593,900.127,
Contact STARLINK-5197 - STARLINK-31611,58362.190,86400.000,28037.810,
Contact STARLINK-5197 - MoonARTEMIS1,0.000,2743.125,2743.125,
Contact STARLINK-5197 - MoonARTEMIS1,4115.504,14155.753,10040.249,
Contact STARLINK-5197 - MoonARTEMIS1,15663.851,29966.357,14302.505,
Contact STARLINK-5197 - MoonARTEMIS1,32935.500,42702.787,9767.287,
Contact STARLINK-5197 - MoonARTEMIS1,44407.521,59851.869,15444.348,
Contact STARLINK-5197 - MoonARTEMIS1,61620.015,71287.578,9667.562,
Contact STARLINK-5197 - MoonARTEMIS1,73097.162,82725.355,9628.193,
Contact STARLINK-5197 - MoonARTEMIS1,84575.988,86400.000,1824.012,
Contact STARLINK-5197 - MoonARTEMIS2,0.000,2721.592,2721.592,
Contact STARLINK-5197 - MoonARTEMIS2,4283.632,14146.656,9863.024,
Contact STARLINK-5197 - MoonARTEMIS2,15780.923,31289.868,15508.945,
Contact STARLINK-5197 - MoonARTEMIS2,33004.184,42720.083,9715.899,
Contact STARLINK-5197 - MoonARTEMIS2,44472.166,59856.970,15384.804,
Contact STARLINK-5197 - MoonARTEMIS2,62555.841,71292.251,8736.411,
Contact STARLINK-5197 - MoonARTEMIS2,73167.381,82733.943,9566.563,
Contact STARLINK-5197 - MoonARTEMIS2,84655.943,86400.000,1744.057,
Contact STARLINK-5197 - MoonIOAGEO,0.000,2741.363,2741.363,
Contact STARLINK-5197 - MoonIOAGEO,4156.144,14148.670,9992.527,
Contact STARLINK-5197 - MoonIOAGEO,21455.303,31277.339,9822.036,
Contact STARLINK-5197 - MoonIOAGEO,32963.781,42714.552,9750.771,
Contact STARLINK-5197 - MoonIOAGEO,44426.439,59857.712,15431.273,
Contact STARLINK-5197 - MoonIOAGEO,63921.299,71291.475,7370.175,
Contact STARLINK-5197 - MoonIOAGEO,73157.101,82732.596,9575.495,
Contact STARLINK-5197 - MoonIOAGEO,84620.023,86400.000,1779.977,
Contact STARLINK-5197 - MoonIOAGNO,0.000,2757.123,2757.123,
Contact STARLINK-5197 - MoonIOAGNO,4166.723,14147.610,9980.887,
Contact STARLINK-5197 - MoonIOAGNO,15708.901,31325.140,15616.240,
Contact STARLINK-5197 - MoonIOAGNO,32950.354,42737.185,9786.832,
Contact STARLINK-5197 - MoonIOAGNO,44429.210,59870.575,15441.365,
Contact STARLINK-5197 - MoonIOAGNO,61678.928,71325.996,9647.068,
Contact STARLINK-5197 - MoonIOAGNO,73156.466,82756.129,9599.662,
Contact STARLINK-5197 - MoonIOAGNO,84620.674,86400.000,1779.326,
Contact STARLINK-5197 - MoonIOAGNO 0001,0.000,2776.957,2776.957,
Contact STARLINK-5197 - MoonIOAGNO 0001,4191.471,14195.104,10003.632,
Contact STARLINK-5197 - MoonIOAGNO 0001,15690.186,31273.722,15583.536,
Contact STARLINK-5197 - MoonIOAGNO 0001,32943.626,42737.561,9793.936,
Contact STARLINK-5197 - MoonIOAGNO 0001,44452.181,59889.746,15437.566,
Contact STARLINK-5197 - MoonIOAGNO 0001,61664.299,71297.001,9632.702,
Contact STARLINK-5197 - MoonIOAGNO 0001,73134.018,82745.513,9611.494,
Contact STARLINK-5197 - MoonIOAGNO 0001,84635.451,86400.000,1764.549,
Contact STARLINK-5197 - MoonIOAGSO,0.000,2718.929,2718.929,
Contact STARLINK-5197 - MoonIOAGSO,4160.091,14138.911,9978.820,
Contact STARLINK-5197 - MoonIOAGSO,15705.718,31245.319,15539.601,
Contact STARLINK-5197 - MoonIOAGSO,32929.876,42691.389,9761.513,
Contact STARLINK-5197 - MoonIOAGSO,44418.028,59845.667,15427.640,
Contact STARLINK-5197 - MoonIOAGSO,61663.611,71265.068,9601.456,
Contact STARLINK-5197 - MoonIOAGSO,73130.127,82709.357,9579.230,
Contact STARLINK-5197 - MoonIOAGSO,84603.757,86400.000,1796.243,
Contact STARLINK-5197 - MoonIOAGSO 0001,0.000,2685.568,2685.568,
Contact STARLINK-5197 - MoonIOAGSO 0001,4182.861,14109.638,9926.778,
Contact STARLINK-5197 - MoonIOAGSO 0001,15675.668,31292.229,15616.561,
Contact STARLINK-5197 - MoonIOAGSO 0001,34218.617,42683.651,8465.034,
Contact STARLINK-5197 - MoonIOAGSO 0001,44432.396,59833.361,15400.965,
Contact STARLINK-5197 - MoonIOAGSO 0001,61646.044,71293.650,9647.606,
Contact STARLINK-5197 - MoonIOAGSO 0001,73138.427,82716.479,9578.052,
Contact STARLINK-5197 - MoonIOAGSO 0001,84615.911,86400.000,1784.089,
Contact STARLINK-5197 - MoonLRO,0.000,2719.882,2719.882,
Contact STARLINK-5197 - MoonLRO,4173.552,14151.219,9977.667,
Contact STARLINK-5197 - MoonLRO,15697.714,31278.335,15580.622,
Contact STARLINK-5197 - MoonLRO,32943.959,42706.804,9762.845,
Contact STARLINK-5197 - MoonLRO,44428.919,59862.877,15433.957,
Contact STARLINK-5197 - MoonLRO,61669.650,71287.681,9618.031,
Contact STARLINK-5197 - MoonLRO,73139.044,82733.481,9594.437,
Contact STARLINK-5197 - MoonLRO,84615.576,86400.000,1784.424,
Contact STARLINK-5197 - MarsSat1,4341.664,14074.903,9733.239,
Contact STARLINK-5197 - MarsSat1,15795.659,31236.630,15440.971,
Contact STARLINK-5197 - MarsSat1,32975.931,42677.914,9701.983,
Contact STARLINK-5197 - MarsSat1,44429.019,59840.102,15411.083,
Contact STARLINK-5197 - MarsSat1,61608.271,71281.758,9673.487,
Contact STARLINK-5197 - MarsSat1,73060.972,82723.559,9662.587,
Contact STARLINK-5197 - MarsSat1,84513.567,86400.000,1886.433,
Contact STARLINK-5197 - MarsSat2,0.000,2633.835,2633.835,
Contact STARLINK-5197 - MarsSat2,4341.485,14075.019,9733.534,
Contact STARLINK-5197 - MarsSat2,15795.578,31236.864,15441.286,
Contact STARLINK-5197 - MarsSat2,32976.128,42678.189,9702.062,
Contact STARLINK-5197 - MarsSat2,44429.443,59840.364,15410.921,
Contact STARLINK-5197 - MarsSat2,61608.903,71281.946,9673.043,
Contact STARLINK-5197 - MarsSat2,73061.563,82723.635,9662.071,
Contact STARLINK-5197 - MarsSat2,84513.990,86400.000,1886.010,
Contact STARLINK-5197 - MarsSat3,0.000,2633.644,2633.644,
Contact STARLINK-5197 - MarsSat3,4341.458,14074.851,9733.393,
Contact STARLINK-5197 - MarsSat3,15795.409,31236.812,15441.403,
Contact STARLINK-5197 - MarsSat3,32975.941,42678.096,9702.155,
Contact STARLINK-5197 - MarsSat3,44429.217,59840.153,15410.937,
Contact STARLINK-5197 - MarsSat3,61608.569,71281.675,9673.105,
Contact STARLINK-5197 - MarsSat3,73061.150,82723.364,9662.214,
Contact STARLINK-5197 - MarsSat3,84513.522,86400.000,1886.478,
Contact STARLINK-5197 - MarsSat4,0.000,2633.833,2633.833,
Contact STARLINK-5197 - MarsSat4,4341.676,14074.702,9733.026,
Contact STARLINK-5197 - MarsSat4,15795.407,31236.661,15441.254,
Contact STARLINK-5197 - MarsSat4,32975.881,42677.829,9701.948,
Contact STARLINK-5197 - MarsSat4,44429.023,59840.251,15411.229,
Contact STARLINK-5197 - MarsSat4,61608.530,71281.756,9673.226,
Contact STARLINK-5197 - MarsSat4,73061.180,82723.458,9662.278,
Contact STARLINK-5197 - MarsSat4,84513.537,86400.000,1886.463,
Contact STARLINK-30100 - STARLINK-11101 [DTC],17023.864,21557.506,4533.642,
Contact STARLINK-30100 - STARLINK-11101 [DTC],22366.536,35489.942,13123.406,
Contact STARLINK-30100 - STARLINK-11101 [DTC],42804.610,43218.348,413.738,
Contact STARLINK-30100 - STARLINK-4254,71724.197,72479.526,755.328,
Contact STARLINK-30100 - STARLINK-4254,79972.150,86400.000,6427.850,
Contact STARLINK-30100 - STARLINK-5535,3014.967,3652.953,637.986,
Contact STARLINK-30100 - STARLINK-5535,17392.531,18038.288,645.757,
Contact STARLINK-30100 - STARLINK-5535,31777.627,32417.632,640.004,
Contact STARLINK-30100 - STARLINK-5535,46155.515,46802.611,647.095,
Contact STARLINK-30100 - STARLINK-3525,0.000,2998.788,2998.788,
Contact STARLINK-30100 - STARLINK-3525,10344.752,17319.258,6974.506,
Contact STARLINK-30100 - STARLINK-3525,24687.365,25901.481,1214.116,
Contact STARLINK-30100 - STARLINK-3525,39025.694,40213.818,1188.124,
Contact STARLINK-30100 - STARLINK-3525,53379.095,54510.959,1131.864,
Contact STARLINK-30100 - STARLINK-3525,67728.031,68812.768,1084.737,
Contact STARLINK-30100 - STARLINK-3525,82093.378,83097.982,1004.604,
Contact STARLINK-30100 - STARLINK-5837,6881.650,7615.541,733.892,
Contact STARLINK-30100 - STARLINK-5837,21264.438,21997.945,733.507,
Contact STARLINK-30100 - STARLINK-5837,35645.989,36381.076,735.086,
Contact STARLINK-30100 - STARLINK-5837,50028.475,50763.738,735.263,
Contact STARLINK-30100 - STARLINK-5837,64410.146,65146.714,736.568,
Contact STARLINK-30100 - STARLINK-5837,78792.346,79529.623,737.277,
Contact STARLINK-30100 - STARLINK-31852,42392.876,43522.765,1129.889,
Contact STARLINK-30100 - STARLINK-31852,53538.901,60756.033,7217.132,
Contact STARLINK-30100 - STARLINK-31852,67668.862,74861.324,7192.462,
Contact STARLINK-30100 - STARLINK-31852,76270.751,83207.201,6936.450,
Contact STARLINK-30100 - STARLINK-30879,64617.800,65099.386,481.585,
Contact STARLINK-30100 - STARLINK-30879,78585.632,79501.818,916.186,
Contact STARLINK-30100 - STARLINK-5058,0.000,2975.696,2975.696,
Contact STARLINK-30100 - STARLINK-5058,10225.707,17338.722,7113.015,
Contact STARLINK-30100 - STARLINK-5058,24587.600,31693.192,7105.592,
Contact STARLINK-30100 - STARLINK-5058,38941.845,40312.667,1370.822,
Contact STARLINK-30100 - STARLINK-5058,53303.772,54667.110,1363.338,
Contact STARLINK-30100 - STARLINK-5058,61914.830,69029.999,7115.169,
Contact STARLINK-30100 - STARLINK-5058,76276.785,83384.407,7107.621,
Contact STARLINK-30100 - STARLINK-5239,0.000,3.611,3.611,
Contact STARLINK-30100 - STARLINK-6135,6600.300,7683.050,1082.751,
Contact STARLINK-30100 - STARLINK-6135,20959.782,22040.300,1080.518,
Contact STARLINK-30100 - STARLINK-6135,35314.354,36403.054,1088.700,
Contact STARLINK-30100 - STARLINK-6135,43931.035,50760.295,6829.259,
Contact STARLINK-30100 - STARLINK-6135,61159.504,65122.985,3963.481,
Contact STARLINK-30100 - STARLINK-6135,75514.144,79480.215,3966.071,
Contact STARLINK-30100 - STARLINK-4356,35989.407,36487.027,497.620,
Contact STARLINK-30100 - STARLINK-4356,50371.805,50865.282,493.477,
Contact STARLINK-30100 - STARLINK-4356,64756.049,65241.230,485.181,
Contact STARLINK-30100 - STARLINK-4356,79138.119,79619.905,481.786,
Contact STARLINK-30100 - STARLINK-30052,0.000,86400.000,86400.000,
Contact STARLINK-30100 - STARLINK-11265 [DTC],7162.382,7854.773,692.391,
Contact STARLINK-30100 - STARLINK-31611,82352.202,82878.590,526.388,
Contact STARLINK-30100 - MoonARTEMIS1,0.000,6067.823,6067.823,
Contact STARLINK-30100 - MoonARTEMIS1,8154.487,17604.765,9450.278,
Contact STARLINK-30100 - MoonARTEMIS1,19676.147,23386.749,3710.602,
Contact STARLINK-30100 - MoonARTEMIS1,25442.262,34907.476,9465.215,
Contact STARLINK-30100 - MoonARTEMIS1,36951.406,46424.784,9473.378,
Contact STARLINK-30100 - MoonARTEMIS1,48458.800,52184.235,3725.434,
Contact STARLINK-30100 - MoonARTEMIS1,54212.668,63705.352,9492.684,
Contact STARLINK-30100 - MoonARTEMIS1,65721.122,75230.188,9509.067,
Contact STARLINK-30100 - MoonARTEMIS1,77230.932,80994.379,3763.447,
Contact STARLINK-30100 - MoonARTEMIS1,82986.526,86400.000,3413.474,
Contact STARLINK-30100 - MoonARTEMIS2,0.000,6128.141,6128.141,
Contact STARLINK-30100 - MoonARTEMIS2,8185.325,17651.843,9466.518,
Contact STARLINK-30100 - MoonARTEMIS2,19695.030,23412.935,3717.905,
Contact STARLINK-30100 - MoonARTEMIS2,25449.430,34933.152,9483.722,
Contact STARLINK-30100 - MoonARTEMIS2,36957.318,46449.580,9492.262,
Contact STARLINK-30100 - MoonARTEMIS2,48463.945,52205.635,3741.690,
Contact STARLINK-30100 - MoonARTEMIS2,54217.030,57961.406,3744.375,
Contact STARLINK-30100 - MoonARTEMIS2,65741.365,75296.986,9555.621,
Contact STARLINK-30100 - MoonARTEMIS2,77263.174,81071.616,3808.442,
Contact STARLINK-30100 - MoonARTEMIS2,83022.344,86400.000,3377.656,
Contact STARLINK-30100 - MoonIOAGEO,0.000,6076.915,6076.915,
Contact STARLINK-30100 - MoonIOAGEO,8158.869,16265.091,8106.222,
Contact STARLINK-30100 - MoonIOAGEO,20122.938,23391.097,3268.159,
Contact STARLINK-30100 - MoonIOAGEO,25445.703,34917.279,9471.576,
Contact STARLINK-30100 - MoonIOAGEO,36952.771,46423.522,9470.750,
Contact STARLINK-30100 - MoonIOAGEO,48453.617,52186.176,3732.559,
Contact STARLINK-30100 - MoonIOAGEO,54211.608,57959.003,3747.395,
Contact STARLINK-30100 - MoonIOAGEO,65738.732,75281.548,9542.815,
Contact STARLINK-30100 - MoonIOAGEO,77253.805,81038.781,3784.976,
Contact STARLINK-30100 - MoonIOAGEO,83003.478,86400.000,3396.522,
Contact STARLINK-30100 - MoonIOAGNO,0.000,6082.234,6082.234,
Contact STARLINK-30100 - MoonIOAGNO,8167.089,17612.141,9445.052,
Contact STARLINK-30100 - MoonIOAGNO,19667.254,23364.570,3697.316,
Contact STARLINK-30100 - MoonIOAGNO,25414.075,34882.453,9468.378,
Contact STARLINK-30100 - MoonIOAGNO,36922.779,46419.523,9496.745,
Contact STARLINK-30100 - MoonIOAGNO,48452.718,52200.303,3747.585,
Contact STARLINK-30100 - MoonIOAGNO,54226.474,63724.134,9497.660,
Contact STARLINK-30100 - MoonIOAGNO,65713.110,75241.093,9527.982,
Contact STARLINK-30100 - MoonIOAGNO,77216.292,81005.975,3789.684,
Contact STARLINK-30100 - MoonIOAGNO,82975.783,86400.000,3424.217,
Contact STARLINK-30100 - MoonIOAGNO 0001,0.000,6069.552,6069.552,
Contact STARLINK-30100 - MoonIOAGNO 0001,8141.807,17592.777,9450.970,
Contact STARLINK-30100 - MoonIOAGNO 0001,19657.910,23361.730,3703.819,
Contact STARLINK-30100 - MoonIOAGNO 0001,25423.947,34913.536,9489.589,
Contact STARLINK-30100 - MoonIOAGNO 0001,36947.824,46419.666,9471.842,
Contact STARLINK-30100 - MoonIOAGNO 0001,48437.697,52178.262,3740.565,
Contact STARLINK-30100 - MoonIOAGNO 0001,54190.706,63708.890,9518.184,
Contact STARLINK-30100 - MoonIOAGNO 0001,65712.185,75268.983,9556.798,
Contact STARLINK-30100 - MoonIOAGNO 0001,77253.076,81034.299,3781.223,
Contact STARLINK-30100 - MoonIOAGNO 0001,82993.205,86400.000,3406.795,
Contact STARLINK-30100 - MoonIOAGSO,0.000,6083.178,6083.178,
Contact STARLINK-30100 - MoonIOAGSO,8160.857,17633.395,9472.538,
Contact STARLINK-30100 - MoonIOAGSO,19699.686,23400.585,3700.900,
Contact STARLINK-30100 - MoonIOAGSO,25460.356,34920.719,9460.364,
Contact STARLINK-30100 - MoonIOAGSO,36967.326,46432.695,9465.369,
Contact STARLINK-30100 - MoonIOAGSO,48461.178,52192.396,3731.218,
Contact STARLINK-30100 - MoonIOAGSO,56013.096,63753.174,7740.078,
Contact STARLINK-30100 - MoonIOAGSO,65756.880,75282.359,9525.478,
Contact STARLINK-30100 - MoonIOAGSO,77269.814,81042.210,3772.396,
Contact STARLINK-30100 - MoonIOAGSO,83019.791,86400.000,3380.209,
Contact STARLINK-30100 - MoonIOAGSO 0001,0.000,6109.631,6109.631,
Contact STARLINK-30100 - MoonIOAGSO 0001,8189.515,17623.643,9434.128,
Contact STARLINK-30100 - MoonIOAGSO 0001,19690.967,23378.323,3687.356,
Contact STARLINK-30100 - MoonIOAGSO 0001,25437.494,34913.477,9475.983,
Contact STARLINK-30100 - MoonIOAGSO 0001,36960.290,46457.603,9497.313,
Contact STARLINK-30100 - MoonIOAGSO 0001,48487.691,52219.543,3731.852,
Contact STARLINK-30100 - MoonIOAGSO 0001,54242.389,63735.765,9493.377,
Contact STARLINK-30100 - MoonIOAGSO 0001,65740.433,75258.438,9518.005,
Contact STARLINK-30100 - MoonIOAGSO 0001,77786.130,81047.252,3261.121,
Contact STARLINK-30100 - MoonIOAGSO 0001,83022.032,86400.000,3377.968,
Contact STARLINK-30100 - MoonLRO,0.000,6087.123,6087.123,
Contact STARLINK-30100 - MoonLRO,8170.259,17615.216,9444.956,
Contact STARLINK-30100 - MoonLRO,19675.717,23383.045,3707.327,
Contact STARLINK-30100 - MoonLRO,25433.480,34910.250,9476.771,
Contact STARLINK-30100 - MoonLRO,36954.465,46431.540,9477.075,
Contact STARLINK-30100 - MoonLRO,48462.501,52197.754,3735.254,
Contact STARLINK-30100 - MoonLRO,54214.884,63737.388,9522.504,
Contact STARLINK-30100 - MoonLRO,65731.828,75265.652,9533.824,
Contact STARLINK-30100 - MoonLRO,77251.629,81027.866,3776.237,
Contact STARLINK-30100 - MoonLRO,83004.981,86400.000,3395.019,
Contact STARLINK-30100 - MarsSat1,2515.171,6261.323,3746.152,
Contact STARLINK-30100 - MarsSat1,8262.454,17760.821,9498.367,
Contact STARLINK-30100 - MarsSat1,19756.997,23510.589,3753.592,
Contact STARLINK-30100 - MarsSat1,25504.253,35010.156,9505.903,
Contact STARLINK-30100 - MarsSat1,36998.727,46509.783,9511.056,
Contact STARLINK-30100 - MarsSat1,48493.152,52259.634,3766.483,
Contact STARLINK-30100 - MarsSat1,54240.350,63759.452,9519.102,
Contact STARLINK-30100 - MarsSat1,65734.725,75259.454,9524.729,
Contact STARLINK-30100 - MarsSat1,77229.086,81009.527,3780.441,
Contact STARLINK-30100 - MarsSat1,82976.262,86400.000,3423.738,
Contact STARLINK-30100 - MarsSat2,0.000,6261.193,6261.193,
Contact STARLINK-30100 - MarsSat2,8262.360,17760.661,9498.301,
Contact STARLINK-30100 - MarsSat2,19756.845,23510.453,3753.608,
Contact STARLINK-30100 - MarsSat2,25504.099,35010.123,9506.024,
Contact STARLINK-30100 - MarsSat2,36998.604,46509.899,9511.295,
Contact STARLINK-30100 - MarsSat2,48493.093,52259.827,3766.734,
Contact STARLINK-30100 - MarsSat2,54240.328,63759.761,9519.433,
Contact STARLINK-30100 - MarsSat2,65734.778,75259.804,9525.026,
Contact STARLINK-30100 - MarsSat2,77229.198,81009.867,3780.670,
Contact STARLINK-30100 - MarsSat2,82976.395,86400.000,3423.605,
Contact STARLINK-30100 - MarsSat3,0.000,6261.314,6261.314,
Contact STARLINK-30100 - MarsSat3,8262.500,17760.639,9498.140,
Contact STARLINK-30100 - MarsSat3,19756.870,23510.384,3753.514,
Contact STARLINK-30100 - MarsSat3,25504.086,35010.028,9505.942,
Contact STARLINK-30100 - MarsSat3,36998.585,46509.815,9511.230,
Contact STARLINK-30100 - MarsSat3,48493.113,52259.750,3766.637,
Contact STARLINK-30100 - MarsSat3,54240.371,63759.686,9519.315,
Contact STARLINK-30100 - MarsSat3,65734.859,75259.699,9524.840,
Contact STARLINK-30100 - MarsSat3,77229.281,81009.729,3780.448,
Contact STARLINK-30100 - MarsSat3,82976.456,86400.000,3423.544,
Contact STARLINK-30100 - MarsSat4,0.000,6261.389,6261.389,
Contact STARLINK-30100 - MarsSat4,8262.549,17760.769,9498.220,
Contact STARLINK-30100 - MarsSat4,19757.017,23510.439,3753.422,
Contact STARLINK-30100 - MarsSat4,25504.168,35010.143,9505.975,
Contact STARLINK-30100 - MarsSat4,36998.753,46509.865,9511.112,
Contact STARLINK-30100 - MarsSat4,48493.227,52259.684,3766.457,
Contact STARLINK-30100 - MarsSat4,54240.353,63759.571,9519.218,
Contact STARLINK-30100 - MarsSat4,65734.756,75259.658,9524.902,
Contact STARLINK-30100 - MarsSat4,77229.225,81009.659,3780.434,
Contact STARLINK-30100 - MarsSat4,82976.360,86400.000,3423.640,
Contact STARLINK-11101 [DTC] - STARLINK-4254,0.000,21901.939,21901.939,
Contact STARLINK-11101 [DTC] - STARLINK-4551,86093.272,86400.000,306.728,
Contact STARLINK-11101 [DTC] - STARLINK-5535,17792.053,18313.801,521.749,
Contact STARLINK-11101 [DTC] - STARLINK-5535,31698.524,32534.574,836.050,
Contact STARLINK-11101 [DTC] - STARLINK-5535,42957.703,43774.333,816.631,
Contact STARLINK-11101 [DTC] - STARLINK-5535,57198.946,57660.352,461.406,
Contact STARLINK-11101 [DTC] - STARLINK-3525,13978.508,14778.956,800.448,
Contact STARLINK-11101 [DTC] - STARLINK-3525,25185.431,25987.414,801.983,
Contact STARLINK-11101 [DTC] - STARLINK-3525,39305.575,39888.184,582.609,
Contact STARLINK-11101 [DTC] - STARLINK-5289,6691.947,7874.023,1182.075,
Contact STARLINK-11101 [DTC] - STARLINK-5289,21012.905,21667.437,654.532,
Contact STARLINK-11101 [DTC] - STARLINK-1276,0.000,10933.862,10933.862,
Contact STARLINK-11101 [DTC] - STARLINK-5837,10355.668,10878.516,522.848,
Contact STARLINK-11101 [DTC] - STARLINK-1293,81044.139,86400.000,5355.861,
Contact STARLINK-11101 [DTC] - STARLINK-5058,13948.767,14845.317,896.550,
Contact STARLINK-11101 [DTC] - STARLINK-5239,39178.692,40108.814,930.122,
Contact STARLINK-11101 [DTC] - STARLINK-5239,53231.941,54085.978,854.036,
Contact STARLINK-11101 [DTC] - STARLINK-5239,64660.664,65085.996,425.333,
Contact STARLINK-11101 [DTC] - STARLINK-1302,31326.126,58085.145,26759.019,
Contact STARLINK-11101 [DTC] - STARLINK-4675,57066.498,58027.401,960.903,
Contact STARLINK-11101 [DTC] - STARLINK-4675,68290.494,69224.548,934.054,
Contact STARLINK-11101 [DTC] - STARLINK-4675,82582.408,82965.348,382.940,
Contact STARLINK-11101 [DTC] - STARLINK-6135,0.000,3082.721,3082.721,
Contact STARLINK-11101 [DTC] - STARLINK-6135,10109.449,11552.901,1443.452,
Contact STARLINK-11101 [DTC] - STARLINK-1788,79124.329,79553.832,429.503,
Contact STARLINK-11101 [DTC] - STARLINK-4356,10495.025,11175.089,680.064,
Contact STARLINK-11101 [DTC] - STARLINK-4356,24553.638,25242.496,688.858,
Contact STARLINK-11101 [DTC] - STARLINK-4356,35821.737,36475.990,654.253,
Contact STARLINK-11101 [DTC] - STARLINK-4356,49922.746,50503.255,580.510,
Contact STARLINK-11101 [DTC] - STARLINK-4356,75305.564,75751.873,446.309,
Contact STARLINK-11101 [DTC] - STARLINK-4383,61113.257,61370.038,256.781,
Contact STARLINK-11101 [DTC] - STARLINK-4383,86219.223,86400.000,180.777,
Contact STARLINK-11101 [DTC] - STARLINK-30052,11599.748,35342.262,23742.514,
Contact STARLINK-11101 [DTC] - STARLINK-5713,60868.170,61509.547,641.377,
Contact STARLINK-11101 [DTC] - STARLINK-5713,71942.531,75708.505,3765.974,
Contact STARLINK-11101 [DTC] - STARLINK-5713,86031.415,86400.000,368.585,
Contact STARLINK-11101 [DTC] - STARLINK-1303,73098.263,86400.000,13301.737,
Contact STARLINK-11101 [DTC] - STARLINK-11265 [DTC],0.000,239.230,239.230,
Contact STARLINK-11101 [DTC] - STARLINK-11265 [DTC],10734.990,11189.758,454.768,
Contact STARLINK-11101 [DTC] - STARLINK-11265 [DTC],57515.049,57669.299,154.250,
Contact STARLINK-11101 [DTC] - STARLINK-5831,67995.195,68911.543,916.348,
Contact STARLINK-11101 [DTC] - STARLINK-5831,76307.049,83042.998,6735.949,
Contact STARLINK-11101 [DTC] - MoonARTEMIS1,0.000,6906.118,6906.118,
Contact STARLINK-11101 [DTC] - MoonARTEMIS1,9094.002,12423.192,3329.189,
Contact STARLINK-11101 [DTC] - MoonARTEMIS1,20141.300,23472.509,3331.208,
Contact STARLINK-11101 [DTC] - MoonARTEMIS1,25665.663,34494.052,8828.388,
Contact STARLINK-11101 [DTC] - MoonARTEMIS1,36685.227,45512.069,8826.843,
Contact STARLINK-11101 [DTC] - MoonARTEMIS1,47704.361,56530.849,8826.488,
Contact STARLINK-11101 [DTC] - MoonARTEMIS1,58724.756,67550.854,8826.098,
Contact STARLINK-11101 [DTC] - MoonARTEMIS1,69746.670,78572.459,8825.788,
Contact STARLINK-11101 [DTC] - MoonARTEMIS1,80770.407,86400.000,5629.593,
Contact STARLINK-11101 [DTC] - MoonARTEMIS2,0.000,1445.301,1445.301,
Contact STARLINK-11101 [DTC] - MoonARTEMIS2,9151.831,12470.070,3318.239,
Contact STARLINK-11101 [DTC] - MoonARTEMIS2,20176.871,23492.355,3315.484,
Contact STARLINK-11101 [DTC] - MoonARTEMIS2,25688.279,34512.076,8823.796,
Contact STARLINK-11101 [DTC] - MoonARTEMIS2,36708.725,45528.808,8820.082,
Contact STARLINK-11101 [DTC] - MoonARTEMIS2,47725.418,56542.126,8816.709,
Contact STARLINK-11101 [DTC] - MoonARTEMIS2,64264.265,67583.067,3318.803,
Contact STARLINK-11101 [DTC] - MoonARTEMIS2,69785.898,78618.418,8832.520,
Contact STARLINK-11101 [DTC] - MoonARTEMIS2,80821.688,86400.000,5578.312,
Contact STARLINK-11101 [DTC] - MoonIOAGEO,0.000,6914.144,6914.144,
Contact STARLINK-11101 [DTC] - MoonIOAGEO,9103.210,12432.142,3328.932,
Contact STARLINK-11101 [DTC] - MoonIOAGEO,20149.404,23476.145,3326.741,
Contact STARLINK-11101 [DTC] - MoonIOAGEO,25671.320,34501.312,8829.992,
Contact STARLINK-11101 [DTC] - MoonIOAGEO,36693.871,45510.319,8816.448,
Contact STARLINK-11101 [DTC] - MoonIOAGEO,47704.701,56537.720,8833.019,
Contact STARLINK-11101 [DTC] - MoonIOAGEO,64261.155,67579.411,3318.256,
Contact STARLINK-11101 [DTC] - MoonIOAGEO,69781.314,78603.037,8821.722,
Contact STARLINK-11101 [DTC] - MoonIOAGEO,80801.701,86400.000,5598.299,
Contact STARLINK-11101 [DTC] - MoonIOAGNO,0.000,6920.887,6920.887,
Contact STARLINK-11101 [DTC] - MoonIOAGNO,9115.315,12445.630,3330.316,
Contact STARLINK-11101 [DTC] - MoonIOAGNO,20138.578,23453.181,3314.603,
Contact STARLINK-11101 [DTC] - MoonIOAGNO,25645.671,34471.908,8826.237,
Contact STARLINK-11101 [DTC] - MoonIOAGNO,36668.053,45504.335,8836.282,
Contact STARLINK-11101 [DTC] - MoonIOAGNO,47704.244,56549.866,8845.622,
Contact STARLINK-11101 [DTC] - MoonIOAGNO,58745.217,67556.503,8811.286,
Contact STARLINK-11101 [DTC] - MoonIOAGNO,69755.462,78574.381,8818.919,
Contact STARLINK-11101 [DTC] - MoonIOAGNO,80776.317,86400.000,5623.683,
Contact STARLINK-11101 [DTC] - MoonIOAGNO 0001,0.000,6907.275,6907.275,
Contact STARLINK-11101 [DTC] - MoonIOAGNO 0001,9097.681,12418.524,3320.844,
Contact STARLINK-11101 [DTC] - MoonIOAGNO 0001,20126.873,23451.422,3324.549,
Contact STARLINK-11101 [DTC] - MoonIOAGNO 0001,25647.307,34498.569,8851.262,
Contact STARLINK-11101 [DTC] - MoonIOAGNO 0001,36690.549,45505.536,8814.987,
Contact STARLINK-11101 [DTC] - MoonIOAGNO 0001,47701.649,56523.780,8822.131,
Contact STARLINK-11101 [DTC] - MoonIOAGNO 0001,58723.219,67555.862,8832.642,
Contact STARLINK-11101 [DTC] - MoonIOAGNO 0001,69759.075,78599.827,8840.752,
Contact STARLINK-11101 [DTC] - MoonIOAGNO 0001,80797.729,86400.000,5602.271,
Contact STARLINK-11101 [DTC] - MoonIOAGSO,0.000,6919.041,6919.041,
Contact STARLINK-11101 [DTC] - MoonIOAGSO,9108.371,11476.856,2368.485,
Contact STARLINK-11101 [DTC] - MoonIOAGSO,20161.035,23484.845,3323.811,
Contact STARLINK-11101 [DTC] - MoonIOAGSO,25675.965,34505.802,8829.837,
Contact STARLINK-11101 [DTC] - MoonIOAGSO,36696.847,45518.518,8821.671,
Contact STARLINK-11101 [DTC] - MoonIOAGSO,47711.784,54716.391,7004.607,
Contact STARLINK-11101 [DTC] - MoonIOAGSO,58753.580,67588.764,8835.184,
Contact STARLINK-11101 [DTC] - MoonIOAGSO,69787.588,78608.479,8820.891,
Contact STARLINK-11101 [DTC] - MoonIOAGSO,80806.669,86400.000,5593.331,
Contact STARLINK-11101 [DTC] - MoonIOAGSO 0001,0.000,1430.466,1430.466,
Contact STARLINK-11101 [DTC] - MoonIOAGSO 0001,9128.617,12452.182,3323.566,
Contact STARLINK-11101 [DTC] - MoonIOAGSO 0001,20146.887,23465.828,3318.942,
Contact STARLINK-11101 [DTC] - MoonIOAGSO 0001,25654.902,34496.429,8841.527,
Contact STARLINK-11101 [DTC] - MoonIOAGSO 0001,36697.667,45537.526,8839.859,
Contact STARLINK-11101 [DTC] - MoonIOAGSO 0001,47732.901,56557.811,8824.910,
Contact STARLINK-11101 [DTC] - MoonIOAGSO 0001,58752.871,67569.708,8816.836,
Contact STARLINK-11101 [DTC] - MoonIOAGSO 0001,69766.343,76342.493,6576.150,
Contact STARLINK-11101 [DTC] - MoonIOAGSO 0001,80807.314,86400.000,5592.686,
Contact STARLINK-11101 [DTC] - MoonLRO,0.000,1416.412,1416.412,
Contact STARLINK-11101 [DTC] - MoonLRO,9119.522,12436.038,3316.516,
Contact STARLINK-11101 [DTC] - MoonLRO,20143.585,23469.357,3325.771,
Contact STARLINK-11101 [DTC] - MoonLRO,25655.528,34493.657,8838.128,
Contact STARLINK-11101 [DTC] - MoonLRO,36691.390,45516.394,8825.003,
Contact STARLINK-11101 [DTC] - MoonLRO,47715.217,56549.250,8834.032,
Contact STARLINK-11101 [DTC] - MoonLRO,58741.384,67567.224,8825.841,
Contact STARLINK-11101 [DTC] - MoonLRO,69774.123,78596.232,8822.109,
Contact STARLINK-11101 [DTC] - MoonLRO,80792.771,86400.000,5607.229,
Contact STARLINK-11101 [DTC] - MarsSat1,9226.050,12569.204,3343.154,
Contact STARLINK-11101 [DTC] - MarsSat1,14728.450,23573.202,8844.752,
Contact STARLINK-11101 [DTC] - MarsSat1,25733.175,34577.123,8843.948,
Contact STARLINK-11101 [DTC] - MarsSat1,36737.795,45580.975,8843.180,
Contact STARLINK-11101 [DTC] - MarsSat1,47742.327,56584.785,8842.457,
Contact STARLINK-11101 [DTC] - MarsSat1,58746.807,67588.581,8841.774,
Contact STARLINK-11101 [DTC] - MarsSat1,69751.264,78592.380,8841.116,
Contact STARLINK-11101 [DTC] - MarsSat1,80755.710,86400.000,5644.290,
Contact STARLINK-11101 [DTC] - MarsSat2,0.000,1565.086,1565.086,
Contact STARLINK-11101 [DTC] - MarsSat2,9225.928,12569.076,3343.148,
Contact STARLINK-11101 [DTC] - MarsSat2,14728.318,23573.083,8844.765,
Contact STARLINK-11101 [DTC] - MarsSat2,25733.076,34577.066,8843.990,
Contact STARLINK-11101 [DTC] - MarsSat2,36737.780,45581.012,8843.232,
Contact STARLINK-11101 [DTC] - MarsSat2,47742.422,56584.916,8842.495,
Contact STARLINK-11101 [DTC] - MarsSat2,58746.998,67588.778,8841.780,
Contact STARLINK-11101 [DTC] - MarsSat2,69751.509,78592.597,8841.088,
Contact STARLINK-11101 [DTC] - MarsSat2,80755.954,86400.000,5644.046,
Contact STARLINK-11101 [DTC] - MarsSat3,0.000,1565.218,1565.218,
Contact STARLINK-11101 [DTC] - MarsSat3,9225.999,12569.126,3343.128,
Contact STARLINK-11101 [DTC] - MarsSat3,14728.329,23573.042,8844.712,
Contact STARLINK-11101 [DTC] - MarsSat3,25733.013,34577.006,8843.993,
Contact STARLINK-11101 [DTC] - MarsSat3,36737.708,45580.967,8843.259,
Contact STARLINK-11101 [DTC] - MarsSat3,47742.362,56584.890,8842.528,
Contact STARLINK-11101 [DTC] - MarsSat3,58746.951,67588.759,8841.808,
Contact STARLINK-11101 [DTC] - MarsSat3,69751.458,78592.555,8841.097,
Contact STARLINK-11101 [DTC] - MarsSat3,80755.871,86400.000,5644.129,
Contact STARLINK-11101 [DTC] - MarsSat4,0.000,1565.183,1565.183,
Contact STARLINK-11101 [DTC] - MarsSat4,9226.094,12569.243,3343.148,
Contact STARLINK-11101 [DTC] - MarsSat4,14728.448,23573.100,8844.651,
Contact STARLINK-11101 [DTC] - MarsSat4,25733.047,34577.110,8844.063,
Contact STARLINK-11101 [DTC] - MarsSat4,36737.807,45581.044,8843.237,
Contact STARLINK-11101 [DTC] - MarsSat4,47742.392,56584.785,8842.393,
Contact STARLINK-11101 [DTC] - MarsSat4,58746.824,67588.695,8841.871,
Contact STARLINK-11101 [DTC] - MarsSat4,69751.413,78592.510,8841.097,
Contact STARLINK-11101 [DTC] - MarsSat4,80755.816,86400.000,5644.184,
Contact STARLINK-2685 - STARLINK-31853,82681.845,83252.332,570.487,
Contact STARLINK-2685 - STARLINK-1578,3077.067,3644.085,567.018,
Contact STARLINK-2685 - STARLINK-1578,28787.546,29454.542,666.996,
Contact STARLINK-2685 - STARLINK-1578,43061.520,43803.480,741.960,
Contact STARLINK-2685 - STARLINK-1578,57354.896,58132.651,777.755,
Contact STARLINK-2685 - STARLINK-1578,71634.328,72476.068,841.740,
Contact STARLINK-2685 - STARLINK-1578,85930.683,86400.000,469.317,
Contact STARLINK-2685 - STARLINK-3525,3557.271,4343.460,786.188,
Contact STARLINK-2685 - STARLINK-3525,17886.563,18630.831,744.267,
Contact STARLINK-2685 - STARLINK-3525,32207.196,32926.574,719.378,
Contact STARLINK-2685 - STARLINK-3525,46539.575,47210.837,671.262,
Contact STARLINK-2685 - STARLINK-3525,60862.741,61503.988,641.247,
Contact STARLINK-2685 - STARLINK-3525,75199.233,75784.115,584.882,
Contact STARLINK-2685 - STARLINK-5289,10509.995,11307.616,797.621,
Contact STARLINK-2685 - STARLINK-5289,24866.387,25687.724,821.336,
Contact STARLINK-2685 - STARLINK-5289,39226.054,40063.901,837.847,
Contact STARLINK-2685 - STARLINK-5289,53584.837,54441.603,856.766,
Contact STARLINK-2685 - STARLINK-5289,67947.472,68814.749,867.276,
Contact STARLINK-2685 - STARLINK-5289,82308.726,83189.964,881.238,
Contact STARLINK-2685 - STARLINK-1276,0.000,86400.000,86400.000,
Contact STARLINK-2685 - STARLINK-5837,0.000,30.479,30.479,
Contact STARLINK-2685 - STARLINK-5837,10513.285,14497.622,3984.337,
Contact STARLINK-2685 - STARLINK-5837,24814.959,31823.680,7008.721,
Contact STARLINK-2685 - STARLINK-5837,39131.817,46238.337,7106.521,
Contact STARLINK-2685 - STARLINK-5837,53455.956,60665.633,7209.677,
Contact STARLINK-2685 - STARLINK-5837,67790.584,75061.626,7271.041,
Contact STARLINK-2685 - STARLINK-5837,82132.354,86400.000,4267.646,
Contact STARLINK-2685 - STARLINK-31852,10176.370,10987.548,811.178,
Contact STARLINK-2685 - STARLINK-31852,21436.813,25221.236,3784.423,
Contact STARLINK-2685 - STARLINK-31852,35573.833,36562.789,988.956,
Contact STARLINK-2685 - STARLINK-31852,49769.372,50685.426,916.054,
Contact STARLINK-2685 - STARLINK-31852,61177.988,61932.016,754.028,
Contact STARLINK-2685 - STARLINK-31852,75558.857,75871.609,312.752,
Contact STARLINK-2685 - STARLINK-1666,25193.583,25527.703,334.120,
Contact STARLINK-2685 - STARLINK-1666,39513.589,39855.877,342.288,
Contact STARLINK-2685 - STARLINK-1666,53832.935,54184.217,351.282,
Contact STARLINK-2685 - STARLINK-1666,68153.081,68512.217,359.135,
Contact STARLINK-2685 - STARLINK-1666,82472.656,82840.307,367.651,
Contact STARLINK-2685 - STARLINK-30879,15055.674,76123.669,61067.996,
Contact STARLINK-2685 - STARLINK-5058,3591.418,7303.095,3711.677,
Contact STARLINK-2685 - STARLINK-5058,17920.034,21666.898,3746.864,
Contact STARLINK-2685 - STARLINK-5058,32240.056,36020.335,3780.278,
Contact STARLINK-2685 - STARLINK-5058,46570.525,47506.050,935.524,
Contact STARLINK-2685 - STARLINK-5058,60892.758,61866.650,973.892,
Contact STARLINK-2685 - STARLINK-5058,75224.907,76217.652,992.745,
Contact STARLINK-2685 - STARLINK-31690,57314.951,57750.617,435.666,
Contact STARLINK-2685 - STARLINK-31690,71236.184,72148.766,912.582,
Contact STARLINK-2685 - STARLINK-31690,82479.362,83558.984,1079.622,
Contact STARLINK-2685 - STARLINK-1080,35930.336,36341.861,411.526,
Contact STARLINK-2685 - STARLINK-1080,50186.358,50700.677,514.319,
Contact STARLINK-2685 - STARLINK-1080,64466.548,65034.698,568.150,
Contact STARLINK-2685 - STARLINK-1080,78735.396,79380.572,645.176,
Contact STARLINK-2685 - STARLINK-4356,0.000,247.404,247.404,
Contact STARLINK-2685 - STARLINK-4356,14155.013,14663.471,508.458,
Contact STARLINK-2685 - STARLINK-4356,28491.360,29053.337,561.977,
Contact STARLINK-2685 - STARLINK-4356,42817.906,43452.629,634.723,
Contact STARLINK-2685 - STARLINK-4356,57162.992,57833.567,670.575,
Contact STARLINK-2685 - STARLINK-4356,71498.227,72223.898,725.671,
Contact STARLINK-2685 - STARLINK-4356,85848.936,86400.000,551.064,
Contact STARLINK-2685 - STARLINK-31554,71148.421,86400.000,15251.579,
Contact STARLINK-2685 - STARLINK-4383,0.000,77.788,77.788,
Contact STARLINK-2685 - STARLINK-4383,13979.855,14450.453,470.599,
Contact STARLINK-2685 - STARLINK-4383,28342.238,28812.698,470.459,
Contact STARLINK-2685 - STARLINK-4612,6734.346,7465.481,731.135,
Contact STARLINK-2685 - STARLINK-4612,21005.124,21829.935,824.811,
Contact STARLINK-2685 - STARLINK-4612,35306.389,36161.230,854.841,
Contact STARLINK-2685 - STARLINK-4612,46737.640,50519.588,3781.948,
Contact STARLINK-2685 - STARLINK-4612,61016.376,64848.842,3832.466,
Contact STARLINK-2685 - STARLINK-4612,75320.316,79202.950,3882.633,
Contact STARLINK-2685 - STARLINK-3815,20311.181,24789.142,4477.961,
Contact STARLINK-2685 - STARLINK-3815,25388.465,86400.000,61011.535,
Contact STARLINK-2685 - STARLINK-31611,61069.177,68029.159,6959.983,
Contact STARLINK-2685 - STARLINK-31611,74957.807,82380.606,7422.799,
Contact STARLINK-2685 - STARLINK-31611,83371.720,86400.000,3028.280,
Contact STARLINK-2685 - MoonARTEMIS1,0.000,2018.934,2018.934,
Contact STARLINK-2685 - MoonARTEMIS1,4143.996,13528.400,9384.404,
Contact STARLINK-2685 - MoonARTEMIS1,15651.560,25056.432,9404.872,
Contact STARLINK-2685 - MoonARTEMIS1,27164.749,30800.103,3635.354,
Contact STARLINK-2685 - MoonARTEMIS1,32904.927,42286.709,9381.782,
Contact STARLINK-2685 - MoonARTEMIS1,44387.390,53776.245,9388.855,
Contact STARLINK-2685 - MoonARTEMIS1,55873.397,59522.241,3648.845,
Contact STARLINK-2685 - MoonARTEMIS1,61617.737,71016.902,9399.165,
Contact STARLINK-2685 - MoonARTEMIS1,73109.275,82515.651,9406.376,
Contact STARLINK-2685 - MoonARTEMIS1,84605.197,86400.000,1794.803,
Contact STARLINK-2685 - MoonARTEMIS2,0.000,2100.919,2100.919,
Contact STARLINK-2685 - MoonARTEMIS2,4220.915,13599.008,9378.093,
Contact STARLINK-2685 - MoonARTEMIS2,15714.393,25093.519,9379.126,
Contact STARLINK-2685 - MoonARTEMIS2,27204.333,30839.240,3634.907,
Contact STARLINK-2685 - MoonARTEMIS2,32947.718,42326.765,9379.047,
Contact STARLINK-2685 - MoonARTEMIS2,44430.190,53806.407,9376.216,
Contact STARLINK-2685 - MoonARTEMIS2,55903.034,59547.143,3644.109,
Contact STARLINK-2685 - MoonARTEMIS2,62652.089,71078.479,8426.390,
Contact STARLINK-2685 - MoonARTEMIS2,73172.458,82596.613,9424.155,
Contact STARLINK-2685 - MoonARTEMIS2,84685.087,86400.000,1714.913,
Contact STARLINK-2685 - MoonIOAGEO,0.000,2039.095,2039.095,
Contact STARLINK-2685 - MoonIOAGEO,4160.863,13540.331,9379.469,
Contact STARLINK-2685 - MoonIOAGEO,21419.403,25062.614,3643.211,
Contact STARLINK-2685 - MoonIOAGEO,27174.816,30815.272,3640.457,
Contact STARLINK-2685 - MoonIOAGEO,32922.326,42295.694,9373.368,
Contact STARLINK-2685 - MoonIOAGEO,44398.441,53786.880,9388.439,
Contact STARLINK-2685 - MoonIOAGEO,55890.288,59546.794,3656.506,
Contact STARLINK-2685 - MoonIOAGEO,63987.577,71070.066,7082.489,
Contact STARLINK-2685 - MoonIOAGEO,73162.348,82560.151,9397.803,
Contact STARLINK-2685 - MoonIOAGEO,84645.489,86400.000,1754.511,
Contact STARLINK-2685 - MoonIOAGNO,0.000,2040.378,2040.378,
Contact STARLINK-2685 - MoonIOAGNO,4165.737,13555.117,9389.381,
Contact STARLINK-2685 - MoonIOAGNO,15674.107,25047.699,9373.592,
Contact STARLINK-2685 - MoonIOAGNO,27166.002,30792.937,3626.936,
Contact STARLINK-2685 - MoonIOAGNO,32909.647,42287.776,9378.129,
Contact STARLINK-2685 - MoonIOAGNO,44398.028,53802.384,9404.357,
Contact STARLINK-2685 - MoonIOAGNO,55906.310,59558.182,3651.873,
Contact STARLINK-2685 - MoonIOAGNO,61658.890,71048.100,9389.209,
Contact STARLINK-2685 - MoonIOAGNO,73148.948,82541.701,9392.753,
Contact STARLINK-2685 - MoonIOAGNO,84637.652,86400.000,1762.348,
Contact STARLINK-2685 - MoonIOAGNO 0001,0.000,2050.162,2050.162,
Contact STARLINK-2685 - MoonIOAGNO 0001,4177.384,13541.093,9363.709,
Contact STARLINK-2685 - MoonIOAGNO 0001,15664.416,25038.875,9374.459,
Contact STARLINK-2685 - MoonIOAGNO 0001,27154.487,30796.362,3641.875,
Contact STARLINK-2685 - MoonIOAGNO 0001,32909.997,42302.276,9392.279,
Contact STARLINK-2685 - MoonIOAGNO 0001,44412.180,53792.575,9380.395,
Contact STARLINK-2685 - MoonIOAGNO 0001,55900.254,59539.606,3639.351,
Contact STARLINK-2685 - MoonIOAGNO 0001,61644.383,71044.108,9399.725,
Contact STARLINK-2685 - MoonIOAGNO 0001,73140.776,82561.160,9420.384,
Contact STARLINK-2685 - MoonIOAGNO 0001,84653.857,86400.000,1746.143,
Contact STARLINK-2685 - MoonIOAGSO,0.000,2039.600,2039.600,
Contact STARLINK-2685 - MoonIOAGSO,4161.783,13556.562,9394.779,
Contact STARLINK-2685 - MoonIOAGSO,15672.930,25056.275,9383.345,
Contact STARLINK-2685 - MoonIOAGSO,27159.823,30802.067,3642.244,
Contact STARLINK-2685 - MoonIOAGSO,32903.431,42293.645,9390.214,
Contact STARLINK-2685 - MoonIOAGSO,44395.207,53799.098,9403.891,
Contact STARLINK-2685 - MoonIOAGSO,56037.587,59562.827,3525.240,
Contact STARLINK-2685 - MoonIOAGSO,61655.918,71062.749,9406.831,
Contact STARLINK-2685 - MoonIOAGSO,73145.914,82555.588,9409.674,
Contact STARLINK-2685 - MoonIOAGSO,84637.720,86400.000,1762.280,
Contact STARLINK-2685 - MoonIOAGSO 0001,0.000,2056.319,2056.319,
Contact STARLINK-2685 - MoonIOAGSO 0001,4170.456,13546.401,9375.945,
Contact STARLINK-2685 - MoonIOAGSO 0001,15657.167,25039.635,9382.468,
Contact STARLINK-2685 - MoonIOAGSO 0001,27152.772,30793.757,3640.985,
Contact STARLINK-2685 - MoonIOAGSO 0001,34237.510,42310.777,8073.267,
Contact STARLINK-2685 - MoonIOAGSO 0001,44407.712,53804.876,9397.164,
Contact STARLINK-2685 - MoonIOAGSO 0001,55896.117,59550.781,3654.665,
Contact STARLINK-2685 - MoonIOAGSO 0001,61641.815,71045.666,9403.850,
Contact STARLINK-2685 - MoonIOAGSO 0001,73142.104,82568.266,9426.162,
Contact STARLINK-2685 - MoonIOAGSO 0001,84650.997,86400.000,1749.003,
Contact STARLINK-2685 - MoonLRO,0.000,2052.962,2052.962,
Contact STARLINK-2685 - MoonLRO,4167.827,13551.997,9384.170,
Contact STARLINK-2685 - MoonLRO,15668.691,25045.009,9376.318,
Contact STARLINK-2685 - MoonLRO,27165.276,30796.928,3631.652,
Contact STARLINK-2685 - MoonLRO,32908.673,42305.182,9396.509,
Contact STARLINK-2685 - MoonLRO,44401.748,53800.607,9398.859,
Contact STARLINK-2685 - MoonLRO,55906.268,59547.986,3641.718,
Contact STARLINK-2685 - MoonLRO,61654.531,71054.830,9400.298,
Contact STARLINK-2685 - MoonLRO,73143.775,82560.610,9416.836,
Contact STARLINK-2685 - MoonLRO,84644.570,86400.000,1755.430,
Contact STARLINK-2685 - MarsSat1,4264.739,13684.883,9420.144,
Contact STARLINK-2685 - MarsSat1,15735.343,25156.421,9421.078,
Contact STARLINK-2685 - MarsSat1,27205.910,30892.162,3686.252,
Contact STARLINK-2685 - MarsSat1,32941.176,42363.605,9422.429,
Contact STARLINK-2685 - MarsSat1,44411.699,53835.049,9423.350,
Contact STARLINK-2685 - MarsSat1,55882.272,59570.795,3688.523,
Contact STARLINK-2685 - MarsSat1,61617.599,71042.361,9424.762,
Contact STARLINK-2685 - MarsSat1,73088.360,82514.029,9425.668,
Contact STARLINK-2685 - MarsSat1,84559.252,86400.000,1840.748,
Contact STARLINK-2685 - MarsSat2,0.000,2213.167,2213.167,
Contact STARLINK-2685 - MarsSat2,4264.611,13684.750,9420.139,
Contact STARLINK-2685 - MarsSat2,15735.266,25156.373,9421.107,
Contact STARLINK-2685 - MarsSat2,27205.947,30892.183,3686.236,
Contact STARLINK-2685 - MarsSat2,32941.290,42363.798,9422.509,
Contact STARLINK-2685 - MarsSat2,44411.986,53835.408,9423.422,
Contact STARLINK-2685 - MarsSat2,55882.702,59571.211,3688.510,
Contact STARLINK-2685 - MarsSat2,61618.068,71042.815,9424.747,
Contact STARLINK-2685 - MarsSat2,73088.822,82514.416,9425.594,
Contact STARLINK-2685 - MarsSat2,84559.605,86400.000,1840.395,
Contact STARLINK-2685 - MarsSat3,0.000,2213.253,2213.253,
Contact STARLINK-2685 - MarsSat3,4264.615,13684.699,9420.084,
Contact STARLINK-2685 - MarsSat3,15735.161,25156.254,9421.094,
Contact STARLINK-2685 - MarsSat3,27205.818,30892.054,3686.236,
Contact STARLINK-2685 - MarsSat3,32941.155,42363.657,9422.503,
Contact STARLINK-2685 - MarsSat3,44411.825,53835.248,9423.424,
Contact STARLINK-2685 - MarsSat3,55882.498,59571.037,3688.540,
Contact STARLINK-2685 - MarsSat3,61617.838,71042.600,9424.762,
Contact STARLINK-2685 - MarsSat3,73088.534,82514.141,9425.607,
Contact STARLINK-2685 - MarsSat3,84559.262,86400.000,1840.738,
Contact STARLINK-2685 - MarsSat4,0.000,2213.347,2213.347,
Contact STARLINK-2685 - MarsSat4,4264.756,13684.800,9420.044,
Contact STARLINK-2685 - MarsSat4,15735.183,25156.235,9421.052,
Contact STARLINK-2685 - MarsSat4,27205.777,30892.078,3686.301,
Contact STARLINK-2685 - MarsSat4,32941.135,42363.647,9422.512,
Contact STARLINK-2685 - MarsSat4,44411.718,53835.094,9423.377,
Contact STARLINK-2685 - MarsSat4,55882.342,59570.905,3688.563,
Contact STARLINK-2685 - MarsSat4,61617.782,71042.585,9424.803,
Contact STARLINK-2685 - MarsSat4,73088.544,82514.092,9425.549,
Contact STARLINK-2685 - MarsSat4,84559.246,86400.000,1840.754,
Contact STARLINK-4254 - STARLINK-5535,32350.430,32877.948,527.518,
Contact STARLINK-4254 - STARLINK-5535,46680.335,47252.626,572.291,
Contact STARLINK-4254 - STARLINK-5535,61023.109,61616.243,593.135,
Contact STARLINK-4254 - STARLINK-5535,75357.010,75986.836,629.826,
Contact STARLINK-4254 - STARLINK-3525,0.000,283.620,283.620,
Contact STARLINK-4254 - STARLINK-3525,14200.621,14561.749,361.128,
Contact STARLINK-4254 - STARLINK-3525,28507.179,28850.282,343.103,
Contact STARLINK-4254 - STARLINK-5289,255.714,14340.355,14084.642,
Contact STARLINK-4254 - STARLINK-5289,14584.183,28686.344,14102.161,
Contact STARLINK-4254 - STARLINK-5289,28936.976,42936.430,13999.454,
Contact STARLINK-4254 - STARLINK-5289,43426.911,57183.244,13756.332,
Contact STARLINK-4254 - STARLINK-5289,57879.058,71416.814,13537.756,
Contact STARLINK-4254 - STARLINK-5289,72387.869,79947.063,7559.194,
Contact STARLINK-4254 - STARLINK-1276,4236.734,11349.134,7112.400,
Contact STARLINK-4254 - STARLINK-1276,18563.982,25656.856,7092.874,
Contact STARLINK-4254 - STARLINK-1276,32910.850,39942.124,7031.274,
Contact STARLINK-4254 - STARLINK-1276,50117.366,54248.163,4130.797,
Contact STARLINK-4254 - STARLINK-1276,64447.196,71400.813,6953.617,
Contact STARLINK-4254 - STARLINK-1276,78798.648,85681.484,6882.836,
Contact STARLINK-4254 - STARLINK-5837,10299.114,11072.985,773.870,
Contact STARLINK-4254 - STARLINK-5837,24656.342,25422.082,765.740,
Contact STARLINK-4254 - STARLINK-5837,39021.062,39764.475,743.413,
Contact STARLINK-4254 - STARLINK-5837,53379.089,54112.741,733.652,
Contact STARLINK-4254 - STARLINK-5837,67743.871,68454.974,711.103,
Contact STARLINK-4254 - STARLINK-5837,82102.415,82802.696,700.281,
Contact STARLINK-4254 - STARLINK-31852,3408.279,4235.738,827.459,
Contact STARLINK-4254 - STARLINK-31852,17435.108,18505.527,1070.419,
Contact STARLINK-4254 - STARLINK-31852,25898.679,32680.869,6782.190,
Contact STARLINK-4254 - STARLINK-31852,42904.531,43966.789,1062.258,
Contact STARLINK-4254 - STARLINK-31852,57164.883,58003.077,838.194,
Contact STARLINK-4254 - STARLINK-30879,53698.774,54522.857,824.083,
Contact STARLINK-4254 - STARLINK-30879,67750.275,68787.142,1036.867,
Contact STARLINK-4254 - STARLINK-30879,79039.812,82987.073,3947.261,
Contact STARLINK-4254 - STARLINK-5058,0.000,365.732,365.732,
Contact STARLINK-4254 - STARLINK-5058,14015.568,14723.488,707.920,
Contact STARLINK-4254 - STARLINK-5058,28316.367,29084.227,767.860,
Contact STARLINK-4254 - STARLINK-5058,42625.458,43435.837,810.379,
Contact STARLINK-4254 - STARLINK-5058,56932.026,57790.745,858.719,
Contact STARLINK-4254 - STARLINK-5058,68380.998,72137.627,3756.629,
Contact STARLINK-4254 - STARLINK-5058,82696.512,86400.000,3703.488,
Contact STARLINK-4254 - STARLINK-6135,10143.656,11284.717,1141.061,
Contact STARLINK-4254 - STARLINK-6135,18729.457,25632.805,6903.348,
Contact STARLINK-4254 - STARLINK-6135,33052.634,39970.129,6917.495,
Contact STARLINK-4254 - STARLINK-6135,50238.481,54313.239,4074.758,
Contact STARLINK-4254 - STARLINK-6135,64558.502,68645.679,4087.177,
Contact STARLINK-4254 - STARLINK-6135,78889.439,82983.827,4094.388,
Contact STARLINK-4254 - STARLINK-1080,3286.631,4014.371,727.740,
Contact STARLINK-4254 - STARLINK-1080,17574.397,18319.389,744.992,
Contact STARLINK-4254 - STARLINK-1080,31868.648,32618.182,749.533,
Contact STARLINK-4254 - STARLINK-1080,46156.776,46922.750,765.975,
Contact STARLINK-4254 - STARLINK-1080,57589.865,61221.291,3631.426,
Contact STARLINK-4254 - STARLINK-1080,71884.320,72662.344,778.023,
Contact STARLINK-4254 - STARLINK-1080,86172.922,86400.000,227.078,
Contact STARLINK-4254 - STARLINK-4356,10572.780,11167.306,594.526,
Contact STARLINK-4254 - STARLINK-4356,24919.721,25520.976,601.255,
Contact STARLINK-4254 - STARLINK-4356,39273.078,39868.742,595.664,
Contact STARLINK-4254 - STARLINK-4356,53620.220,54222.211,601.990,
Contact STARLINK-4254 - STARLINK-4356,67972.869,68570.685,597.816,
Contact STARLINK-4254 - STARLINK-4356,82320.164,82924.003,603.839,
Contact STARLINK-4254 - STARLINK-30052,31655.378,32442.579,787.201,
Contact STARLINK-4254 - STARLINK-30052,39943.552,50210.113,10266.562,
Contact STARLINK-4254 - STARLINK-30052,51074.827,86400.000,35325.173,
Contact STARLINK-4254 - STARLINK-11265 [DTC],86169.463,86400.000,230.537,
Contact STARLINK-4254 - STARLINK-4612,14370.619,14977.499,606.880,
Contact STARLINK-4254 - STARLINK-4612,28676.946,29283.092,606.146,
Contact STARLINK-4254 - STARLINK-4612,42984.376,43588.018,603.642,
Contact STARLINK-4254 - STARLINK-4612,57290.700,57893.610,602.910,
Contact STARLINK-4254 - STARLINK-4612,71598.142,72198.514,600.372,
Contact STARLINK-4254 - STARLINK-4612,85904.463,86400.000,495.537,
Contact STARLINK-4254 - STARLINK-31034,75366.110,75846.507,480.397,
Contact STARLINK-4254 - STARLINK-31611,57443.411,57811.358,367.947,
Contact STARLINK-4254 - STARLINK-31611,71431.869,72134.577,702.707,
Contact STARLINK-4254 - STARLINK-31611,82683.978,83530.891,846.913,
Contact STARLINK-4254 - MoonARTEMIS1,0.000,7018.480,7018.480,
Contact STARLINK-4254 - MoonARTEMIS1,9184.783,12756.127,3571.344,
Contact STARLINK-4254 - MoonARTEMIS1,14922.447,24245.924,9323.476,
Contact STARLINK-4254 - MoonARTEMIS1,26406.250,35711.966,9305.717,
Contact STARLINK-4254 - MoonARTEMIS1,37868.427,41443.712,3575.285,
Contact STARLINK-4254 - MoonARTEMIS1,43598.991,52907.677,9308.687,
Contact STARLINK-4254 - MoonARTEMIS1,55060.414,64372.924,9312.510,
Contact STARLINK-4254 - MoonARTEMIS1,66522.609,70106.201,3583.592,
Contact STARLINK-4254 - MoonARTEMIS1,72254.095,81574.467,9320.372,
Contact STARLINK-4254 - MoonARTEMIS1,83718.089,86400.000,2681.911,
Contact STARLINK-4254 - MoonARTEMIS2,0.000,7059.458,7059.458,
Contact STARLINK-4254 - MoonARTEMIS2,9220.418,12793.486,3573.068,
Contact STARLINK-4254 - MoonARTEMIS2,14952.881,24260.283,9307.403,
Contact STARLINK-4254 - MoonARTEMIS2,26416.426,35725.204,9308.778,
Contact STARLINK-4254 - MoonARTEMIS2,37878.123,41456.810,3578.687,
Contact STARLINK-4254 - MoonARTEMIS2,43608.231,52917.852,9309.621,
Contact STARLINK-4254 - MoonARTEMIS2,55067.064,58649.602,3582.539,
Contact STARLINK-4254 - MoonARTEMIS2,66544.255,70140.201,3595.946,
Contact STARLINK-4254 - MoonARTEMIS2,72281.879,81621.482,9339.603,
Contact STARLINK-4254 - MoonARTEMIS2,83752.718,86400.000,2647.282,
Contact STARLINK-4254 - MoonIOAGEO,0.000,7024.288,7024.288,
Contact STARLINK-4254 - MoonIOAGEO,9190.371,12763.795,3573.424,
Contact STARLINK-4254 - MoonIOAGEO,20671.768,24249.496,3577.728,
Contact STARLINK-4254 - MoonIOAGEO,26410.439,35716.405,9305.965,
Contact STARLINK-4254 - MoonIOAGEO,37870.688,41443.071,3572.383,
Contact STARLINK-4254 - MoonIOAGEO,43596.832,52907.429,9310.596,
Contact STARLINK-4254 - MoonIOAGEO,55061.980,58649.308,3587.327,
Contact STARLINK-4254 - MoonIOAGEO,66541.732,70135.690,3593.957,
Contact STARLINK-4254 - MoonIOAGEO,72277.783,81599.801,9322.019,
Contact STARLINK-4254 - MoonIOAGEO,83734.239,86400.000,2665.761,
Contact STARLINK-4254 - MoonIOAGNO,0.000,7030.322,7030.322,
Contact STARLINK-4254 - MoonIOAGNO,9201.014,12774.812,3573.798,
Contact STARLINK-4254 - MoonIOAGNO,14933.408,24223.468,9290.061,
Contact STARLINK-4254 - MoonIOAGNO,26381.566,35687.975,9306.409,
Contact STARLINK-4254 - MoonIOAGNO,37846.108,41426.224,3580.115,
Contact STARLINK-4254 - MoonIOAGNO,43584.531,52920.042,9335.511,
Contact STARLINK-4254 - MoonIOAGNO,55075.070,64377.542,9302.472,
Contact STARLINK-4254 - MoonIOAGNO,66519.407,70105.817,3586.410,
Contact STARLINK-4254 - MoonIOAGNO,72246.704,81574.082,9327.378,
Contact STARLINK-4254 - MoonIOAGNO,83713.299,86400.000,2686.701,
Contact STARLINK-4254 - MoonIOAGNO 0001,0.000,7013.424,7013.424,
Contact STARLINK-4254 - MoonIOAGNO 0001,9176.791,12746.818,3570.027,
Contact STARLINK-4254 - MoonIOAGNO 0001,14910.595,24226.075,9315.480,
Contact STARLINK-4254 - MoonIOAGNO 0001,26391.273,35713.600,9322.327,
Contact STARLINK-4254 - MoonIOAGNO 0001,37865.620,41436.766,3571.146,
Contact STARLINK-4254 - MoonIOAGNO 0001,43587.993,52895.164,9307.172,
Contact STARLINK-4254 - MoonIOAGNO 0001,55045.546,64369.592,9324.046,
Contact STARLINK-4254 - MoonIOAGNO 0001,66519.457,70114.597,3595.140,
Contact STARLINK-4254 - MoonIOAGNO 0001,72264.912,81594.628,9329.716,
Contact STARLINK-4254 - MoonIOAGNO 0001,83726.150,86400.000,2673.850,
Contact STARLINK-4254 - MoonIOAGSO,0.000,7028.342,7028.342,
Contact STARLINK-4254 - MoonIOAGSO,9192.296,12772.110,3579.814,
Contact STARLINK-4254 - MoonIOAGSO,14941.976,24259.576,9317.600,
Contact STARLINK-4254 - MoonIOAGSO,26421.034,35724.377,9303.343,
Contact STARLINK-4254 - MoonIOAGSO,37881.365,41452.883,3571.518,
Contact STARLINK-4254 - MoonIOAGSO,43607.443,52910.540,9303.097,
Contact STARLINK-4254 - MoonIOAGSO,56004.922,64407.564,8402.642,
Contact STARLINK-4254 - MoonIOAGSO,66555.653,70144.740,3589.087,
Contact STARLINK-4254 - MoonIOAGSO,72289.400,81608.373,9318.972,
Contact STARLINK-4254 - MoonIOAGSO,83746.174,86400.000,2653.826,
Contact STARLINK-4254 - MoonIOAGSO 0001,0.000,7052.848,7052.848,
Contact STARLINK-4254 - MoonIOAGSO 0001,9217.080,12784.049,3566.970,
Contact STARLINK-4254 - MoonIOAGSO 0001,14946.596,24240.002,9293.405,
Contact STARLINK-4254 - MoonIOAGSO 0001,26398.989,33120.078,6721.089,
Contact STARLINK-4254 - MoonIOAGSO 0001,37880.180,41463.741,3583.561,
Contact STARLINK-4254 - MoonIOAGSO 0001,43621.172,52935.112,9313.941,
Contact STARLINK-4254 - MoonIOAGSO 0001,55086.750,64393.993,9307.244,
Contact STARLINK-4254 - MoonIOAGSO 0001,66539.591,70121.161,3581.570,
Contact STARLINK-4254 - MoonIOAGSO 0001,72263.547,81610.178,9346.632,
Contact STARLINK-4254 - MoonIOAGSO 0001,83751.009,86400.000,2648.991,
Contact STARLINK-4254 - MoonLRO,0.000,7033.685,7033.685,
Contact STARLINK-4254 - MoonLRO,9203.450,12765.966,3562.516,
Contact STARLINK-4254 - MoonLRO,14935.939,24240.703,9304.764,
Contact STARLINK-4254 - MoonLRO,26397.112,35714.690,9317.578,
Contact STARLINK-4254 - MoonLRO,37869.526,41446.595,3577.069,
Contact STARLINK-4254 - MoonLRO,43606.200,52913.532,9307.332,
Contact STARLINK-4254 - MoonLRO,55068.377,64392.050,9323.672,
Contact STARLINK-4254 - MoonLRO,66531.899,70129.091,3597.192,
Contact STARLINK-4254 - MoonLRO,72268.684,81594.182,9325.498,
Contact STARLINK-4254 - MoonLRO,83738.640,86400.000,2661.360,
Contact STARLINK-4254 - MarsSat1,3565.059,7167.475,3602.416,
Contact STARLINK-4254 - MarsSat1,9289.535,12892.457,3602.922,
Contact STARLINK-4254 - MarsSat1,15013.999,24342.410,9328.411,
Contact STARLINK-4254 - MarsSat1,26462.879,35792.334,9329.455,
Contact STARLINK-4254 - MarsSat1,37911.689,41517.287,3605.598,
Contact STARLINK-4254 - MarsSat1,43636.070,52967.192,9331.122,
Contact STARLINK-4254 - MarsSat1,55084.791,64417.117,9332.326,
Contact STARLINK-4254 - MarsSat1,66533.475,70142.095,3608.620,
Contact STARLINK-4254 - MarsSat1,72257.808,81592.088,9334.281,
Contact STARLINK-4254 - MarsSat1,83706.457,86400.000,2693.543,
Contact STARLINK-4254 - MarsSat2,0.000,7167.379,7167.379,
Contact STARLINK-4254 - MarsSat2,9289.438,12892.331,3602.893,
Contact STARLINK-4254 - MarsSat2,15013.876,24342.284,9328.409,
Contact STARLINK-4254 - MarsSat2,26462.754,35792.266,9329.512,
Contact STARLINK-4254 - MarsSat2,37911.609,41517.263,3605.653,
Contact STARLINK-4254 - MarsSat2,43636.022,52967.261,9331.239,
Contact STARLINK-4254 - MarsSat2,55084.817,64417.267,9332.450,
Contact STARLINK-4254 - MarsSat2,66533.566,70142.272,3608.706,
Contact STARLINK-4254 - MarsSat2,72257.922,81592.285,9334.363,
Contact STARLINK-4254 - MarsSat2,83706.599,86400.000,2693.401,
Contact STARLINK-4254 - MarsSat3,0.000,7167.493,7167.493,
Contact STARLINK-4254 - MarsSat3,9289.543,12892.392,3602.849,
Contact STARLINK-4254 - MarsSat3,15013.927,24342.251,9328.324,
Contact STARLINK-4254 - MarsSat3,26462.729,35792.217,9329.488,
Contact STARLINK-4254 - MarsSat3,37911.582,41517.222,3605.641,
Contact STARLINK-4254 - MarsSat3,43636.008,52967.247,9331.239,
Contact STARLINK-4254 - MarsSat3,55084.836,64417.270,9332.434,
Contact STARLINK-4254 - MarsSat3,66533.610,70142.275,3608.665,
Contact STARLINK-4254 - MarsSat3,72257.969,81592.256,9334.288,
Contact STARLINK-4254 - MarsSat3,83706.613,86400.000,2693.387,
Contact STARLINK-4254 - MarsSat4,0.000,7167.542,7167.542,
Contact STARLINK-4254 - MarsSat4,9289.611,12892.510,3602.898,
Contact STARLINK-4254 - MarsSat4,15014.054,24342.312,9328.259,
Contact STARLINK-4254 - MarsSat4,26462.789,35792.339,9329.550,
Contact STARLINK-4254 - MarsSat4,37911.719,41517.347,3605.628,
Contact STARLINK-4254 - MarsSat4,43636.138,52967.220,9331.082,
Contact STARLINK-4254 - MarsSat4,55084.787,64417.175,9332.388,
Contact STARLINK-4254 - MarsSat4,66533.531,70142.222,3608.691,
Contact STARLINK-4254 - MarsSat4,72257.921,81592.189,9334.269,
Contact STARLINK-4254 - MarsSat4,83706.528,86400.000,2693.472,
Contact STARLINK-31853 - STARLINK-4551,19549.081,83046.614,63497.533,
Contact STARLINK-31853 - STARLINK-1578,36734.875,46728.719,9993.844,
Contact STARLINK-31853 - STARLINK-1578,50434.120,75239.558,24805.438,
Contact STARLINK-31853 - STARLINK-1578,75795.782,86235.436,10439.654,
Contact STARLINK-31853 - STARLINK-5535,10602.528,11334.854,732.326,
Contact STARLINK-31853 - STARLINK-5535,24793.675,25538.156,744.481,
Contact STARLINK-31853 - STARLINK-5535,39000.829,39724.973,724.144,
Contact STARLINK-31853 - STARLINK-5535,50373.871,51067.400,693.528,
Contact STARLINK-31853 - STARLINK-5535,64596.758,65239.036,642.278,
Contact STARLINK-31853 - STARLINK-5535,78837.441,79393.235,555.793,
Contact STARLINK-31853 - STARLINK-5289,85426.141,86400.000,973.859,
Contact STARLINK-31853 - STARLINK-5837,3206.583,3742.665,536.082,
Contact STARLINK-31853 - STARLINK-5837,43069.233,43390.520,321.287,
Contact STARLINK-31853 - STARLINK-5837,82796.679,83174.368,377.689,
Contact STARLINK-31853 - STARLINK-1666,64588.768,86400.000,21811.232,
Contact STARLINK-31853 - STARLINK-1293,31689.231,32449.857,760.626,
Contact STARLINK-31853 - STARLINK-1293,42844.027,49664.878,6820.851,
Contact STARLINK-31853 - STARLINK-1293,56920.372,58191.322,1270.950,
Contact STARLINK-31853 - STARLINK-1293,65418.940,72314.627,6895.687,
Contact STARLINK-31853 - STARLINK-1293,82563.885,83518.397,954.511,
Contact STARLINK-31853 - STARLINK-31345,0.000,86400.000,86400.000,
Contact STARLINK-31853 - STARLINK-31690,0.000,86400.000,86400.000,
Contact STARLINK-31853 - STARLINK-1302,10444.456,10930.075,485.619,
Contact STARLINK-31853 - STARLINK-4675,10545.966,11335.528,789.562,
Contact STARLINK-31853 - STARLINK-4675,24621.277,25558.609,937.332,
Contact STARLINK-31853 - STARLINK-4675,35922.847,39721.255,3798.408,
Contact STARLINK-31853 - STARLINK-4675,50100.082,51015.143,915.061,
Contact STARLINK-31853 - STARLINK-4675,64328.946,65084.630,755.684,
Contact STARLINK-31853 - STARLINK-1788,75079.893,75705.406,625.512,
Contact STARLINK-31853 - STARLINK-1788,86288.984,86400.000,111.016,
Contact STARLINK-31853 - STARLINK-4356,3287.897,4158.409,870.512,
Contact STARLINK-31853 - STARLINK-4356,17509.871,18326.719,816.848,
Contact STARLINK-31853 - STARLINK-4356,31777.517,32450.906,673.389,
Contact STARLINK-31853 - STARLINK-31554,6779.066,7901.474,1122.407,
Contact STARLINK-31853 - STARLINK-31554,15173.547,21901.866,6728.319,
Contact STARLINK-31853 - STARLINK-31554,31970.260,33099.102,1128.842,
Contact STARLINK-31853 - STARLINK-31554,40372.514,47091.797,6719.284,
Contact STARLINK-31853 - STARLINK-31554,57169.231,58289.020,1119.789,
Contact STARLINK-31853 - STARLINK-31554,65563.673,72289.386,6725.713,
Contact STARLINK-31853 - STARLINK-31554,82360.372,83486.597,1126.225,
Contact STARLINK-31853 - STARLINK-4383,31741.975,32540.070,798.095,
Contact STARLINK-31853 - STARLINK-4383,42908.767,49820.429,6911.663,
Contact STARLINK-31853 - STARLINK-4383,57039.542,58358.585,1319.043,
Contact STARLINK-31853 - STARLINK-4383,71337.951,72448.300,1110.348,
Contact STARLINK-31853 - STARLINK-5713,13561.692,60579.311,47017.618,
Contact STARLINK-31853 - STARLINK-1303,17812.826,18451.132,638.306,
Contact STARLINK-31853 - STARLINK-1303,31769.580,32812.817,1043.238,
Contact STARLINK-31853 - STARLINK-1303,43030.258,47037.900,4007.642,
Contact STARLINK-31853 - STARLINK-1303,57202.851,58345.940,1143.089,
Contact STARLINK-31853 - STARLINK-1303,71474.499,72390.631,916.133,
Contact STARLINK-31853 - STARLINK-11265 [DTC],28257.329,29079.097,821.768,
Contact STARLINK-31853 - STARLINK-11265 [DTC],39248.037,40225.611,977.573,
Contact STARLINK-31853 - STARLINK-11265 [DTC],50305.714,54068.199,3762.485,
Contact STARLINK-31853 - STARLINK-11265 [DTC],64216.140,65064.187,848.046,
Contact STARLINK-31853 - STARLINK-11265 [DTC],75451.991,75967.188,515.197,
Contact STARLINK-31853 - STARLINK-5831,35572.290,36308.218,735.929,
Contact STARLINK-31853 - STARLINK-5831,46796.043,50604.790,3808.748,
Contact STARLINK-31853 - STARLINK-5831,60915.541,67634.854,6719.313,
Contact STARLINK-31853 - STARLINK-5831,75121.206,76103.588,982.383,
Contact STARLINK-31853 - STARLINK-31034,78691.635,79339.858,648.223,
Contact STARLINK-31853 - STARLINK-3815,82380.633,82960.318,579.685,
Contact STARLINK-31853 - MoonARTEMIS1,708.962,10042.160,9333.197,
Contact STARLINK-31853 - MoonARTEMIS1,11927.542,21329.548,9402.006,
Contact STARLINK-31853 - MoonARTEMIS1,23159.830,38208.307,15048.477,
Contact STARLINK-31853 - MoonARTEMIS1,39991.347,49452.324,9460.978,
Contact STARLINK-31853 - MoonARTEMIS1,51208.622,60702.008,9493.386,
Contact STARLINK-31853 - MoonARTEMIS1,62426.572,71959.030,9532.458,
Contact STARLINK-31853 - MoonARTEMIS1,73645.997,77590.971,3944.974,
Contact STARLINK-31853 - MoonARTEMIS1,79256.524,86400.000,7143.476,
Contact STARLINK-31853 - MoonARTEMIS2,727.831,10134.690,9406.859,
Contact STARLINK-31853 - MoonARTEMIS2,11944.214,21386.945,9442.732,
Contact STARLINK-31853 - MoonARTEMIS2,23160.624,38259.733,15099.109,
Contact STARLINK-31853 - MoonARTEMIS2,39985.887,49499.834,9513.947,
Contact STARLINK-31853 - MoonARTEMIS2,51204.112,60019.471,8815.359,
Contact STARLINK-31853 - MoonARTEMIS2,62661.715,77726.345,15064.630,
Contact STARLINK-31853 - MoonARTEMIS2,79288.500,86400.000,7111.500,
Contact STARLINK-31853 - MoonIOAGEO,711.414,10056.061,9344.647,
Contact STARLINK-31853 - MoonIOAGEO,11931.961,15695.237,3763.276,
Contact STARLINK-31853 - MoonIOAGEO,23163.701,38222.864,15059.163,
Contact STARLINK-31853 - MoonIOAGEO,39985.084,49455.550,9470.466,
Contact STARLINK-31853 - MoonIOAGEO,51199.678,60172.133,8972.456,
Contact STARLINK-31853 - MoonIOAGEO,64086.799,77685.494,13598.695,
Contact STARLINK-31853 - MoonIOAGEO,79275.200,86400.000,7124.800,
Contact STARLINK-31853 - MoonIOAGNO,695.909,10078.043,9382.134,
Contact STARLINK-31853 - MoonIOAGNO,11944.972,21315.963,9370.990,
Contact STARLINK-31853 - MoonIOAGNO,23127.065,38184.856,15057.791,
Contact STARLINK-31853 - MoonIOAGNO,39952.829,49464.875,9512.046,
Contact STARLINK-31853 - MoonIOAGNO,51208.645,60752.550,9543.904,
Contact STARLINK-31853 - MoonIOAGNO,62409.684,77631.762,15222.078,
Contact STARLINK-31853 - MoonIOAGNO,79222.040,86400.000,7177.960,
Contact STARLINK-31853 - MoonIOAGNO 0001,692.302,10044.702,9352.400,
Contact STARLINK-31853 - MoonIOAGNO 0001,11900.816,21300.819,9400.003,
Contact STARLINK-31853 - MoonIOAGNO 0001,23134.300,38219.078,15084.778,
Contact STARLINK-31853 - MoonIOAGNO 0001,39969.491,49457.983,9488.492,
Contact STARLINK-31853 - MoonIOAGNO 0001,51167.120,60716.722,9549.601,
Contact STARLINK-31853 - MoonIOAGNO 0001,62395.205,77673.070,15277.865,
Contact STARLINK-31853 - MoonIOAGNO 0001,79269.340,86400.000,7130.660,
Contact STARLINK-31853 - MoonIOAGSO,728.404,10064.997,9336.592,
Contact STARLINK-31853 - MoonIOAGSO,12439.047,21354.069,8915.022,
Contact STARLINK-31853 - MoonIOAGSO,23187.138,26980.519,3793.381,
Contact STARLINK-31853 - MoonIOAGSO,28800.191,38223.542,9423.351,
Contact STARLINK-31853 - MoonIOAGSO,40009.704,49467.096,9457.392,
Contact STARLINK-31853 - MoonIOAGSO,51201.132,60772.959,9571.827,
Contact STARLINK-31853 - MoonIOAGSO,62461.440,77671.085,15209.645,
Contact STARLINK-31853 - MoonIOAGSO,79306.392,86400.000,7093.608,
Contact STARLINK-31853 - MoonIOAGSO 0001,745.114,10091.957,9346.843,
Contact STARLINK-31853 - MoonIOAGSO 0001,11965.318,21326.700,9361.381,
Contact STARLINK-31853 - MoonIOAGSO 0001,23166.328,38238.378,15072.050,
Contact STARLINK-31853 - MoonIOAGSO 0001,40011.324,49503.427,9492.104,
Contact STARLINK-31853 - MoonIOAGSO 0001,51246.449,60752.682,9506.233,
Contact STARLINK-31853 - MoonIOAGSO 0001,62455.660,76283.961,13828.301,
Contact STARLINK-31853 - MoonIOAGSO 0001,79280.606,86400.000,7119.394,
Contact STARLINK-31853 - MoonLRO,716.334,10075.498,9359.165,
Contact STARLINK-31853 - MoonLRO,11932.562,21333.547,9400.984,
Contact STARLINK-31853 - MoonLRO,23163.216,38212.272,15049.056,
Contact STARLINK-31853 - MoonLRO,39979.837,49488.885,9509.048,
Contact STARLINK-31853 - MoonLRO,51214.683,60746.050,9531.366,
Contact STARLINK-31853 - MoonLRO,62432.373,77664.524,15232.150,
Contact STARLINK-31853 - MoonLRO,79270.755,86400.000,7129.245,
Contact STARLINK-31853 - MarsSat1,1334.191,10309.447,8975.257,
Contact STARLINK-31853 - MarsSat1,12032.276,21526.308,9494.032,
Contact STARLINK-31853 - MarsSat1,23235.905,27134.837,3898.932,
Contact STARLINK-31853 - MarsSat1,28837.722,38352.099,9514.377,
Contact STARLINK-31853 - MarsSat1,40041.349,49569.695,9528.347,
Contact STARLINK-31853 - MarsSat1,51244.961,60787.738,9542.777,
Contact STARLINK-31853 - MarsSat1,62448.557,77615.835,15167.278,
Contact STARLINK-31853 - MarsSat1,79253.944,86400.000,7146.056,
Contact STARLINK-31853 - MarsSat2,828.678,10309.214,9480.536,
Contact STARLINK-31853 - MarsSat2,12032.126,21526.125,9494.000,
Contact STARLINK-31853 - MarsSat2,23235.681,27134.730,3899.049,
Contact STARLINK-31853 - MarsSat2,28837.485,38352.221,9514.735,
Contact STARLINK-31853 - MarsSat2,40041.125,49570.092,9528.967,
Contact STARLINK-31853 - MarsSat2,51244.789,60788.355,9543.566,
Contact STARLINK-31853 - MarsSat2,62448.469,77616.516,15168.047,
Contact STARLINK-31853 - MarsSat2,79254.008,86400.000,7145.992,
Contact STARLINK-31853 - MarsSat3,828.885,10309.264,9480.379,
Contact STARLINK-31853 - MarsSat3,12032.302,21525.996,9493.694,
Contact STARLINK-31853 - MarsSat3,23235.715,27134.563,3898.848,
Contact STARLINK-31853 - MarsSat3,28837.490,38352.031,9514.541,
Contact STARLINK-31853 - MarsSat3,40041.151,49569.893,9528.742,
Contact STARLINK-31853 - MarsSat3,51244.889,60788.127,9543.238,
Contact STARLINK-31853 - MarsSat3,62448.648,77616.168,15167.521,
Contact STARLINK-31853 - MarsSat3,79254.223,86400.000,7145.777,
Contact STARLINK-31853 - MarsSat4,828.682,10309.463,9480.781,
Contact STARLINK-31853 - MarsSat4,12032.447,21526.060,9493.612,
Contact STARLINK-31853 - MarsSat4,23235.888,27134.591,3898.702,
Contact STARLINK-31853 - MarsSat4,28837.626,38352.140,9514.514,
Contact STARLINK-31853 - MarsSat4,40041.435,49569.791,9528.356,
Contact STARLINK-31853 - MarsSat4,51245.027,60787.915,9542.888,
Contact STARLINK-31853 - MarsSat4,62448.467,77616.115,15167.648,
Contact STARLINK-31853 - MarsSat4,79254.126,86400.000,7145.874,
Contact STARLINK-4551 - STARLINK-1578,0.000,86400.000,86400.000,
Contact STARLINK-4551 - STARLINK-5535,10208.690,10901.036,692.345,
Contact STARLINK-4551 - STARLINK-5535,24557.923,25251.578,693.655,
Contact STARLINK-4551 - STARLINK-5535,50393.699,51076.559,682.859,
Contact STARLINK-4551 - STARLINK-5535,64742.293,65427.656,685.362,
Contact STARLINK-4551 - STARLINK-5535,79097.206,79773.372,676.166,
Contact STARLINK-4551 - STARLINK-5837,0.000,403.008,403.008,
Contact STARLINK-4551 - STARLINK-5837,14163.153,14760.970,597.817,
Contact STARLINK-4551 - STARLINK-5837,28517.178,29108.743,591.566,
Contact STARLINK-4551 - STARLINK-5837,42860.691,43466.354,605.663,
Contact STARLINK-4551 - STARLINK-5837,57214.822,57814.003,599.181,
Contact STARLINK-4551 - STARLINK-5837,71558.693,72171.226,612.532,
Contact STARLINK-4551 - STARLINK-5837,85912.858,86400.000,487.142,
Contact STARLINK-4551 - STARLINK-1293,0.000,4134.643,4134.643,
Contact STARLINK-4551 - STARLINK-1293,11246.359,18449.367,7203.008,
Contact STARLINK-4551 - STARLINK-1293,25551.303,35633.659,10082.356,
Contact STARLINK-4551 - STARLINK-1293,42726.819,49959.383,7232.563,
Contact STARLINK-4551 - STARLINK-1293,57047.713,64269.749,7222.036,
Contact STARLINK-4551 - STARLINK-1293,71357.038,78592.731,7235.693,
Contact STARLINK-4551 - STARLINK-1293,85680.689,86400.000,719.311,
Contact STARLINK-4551 - STARLINK-30879,3536.655,4159.259,622.605,
Contact STARLINK-4551 - STARLINK-30879,17962.850,18047.343,84.492,
Contact STARLINK-4551 - STARLINK-31345,2690.148,3606.064,915.916,
Contact STARLINK-4551 - STARLINK-31345,13624.305,21313.223,7688.918,
Contact STARLINK-4551 - STARLINK-31345,21838.943,86327.154,64488.211,
Contact STARLINK-4551 - STARLINK-31690,11627.174,72805.196,61178.022,
Contact STARLINK-4551 - STARLINK-4675,10142.956,10972.018,829.062,
Contact STARLINK-4551 - STARLINK-4675,21586.602,25275.885,3689.283,
Contact STARLINK-4551 - STARLINK-4675,35889.497,36717.758,828.261,
Contact STARLINK-4551 - STARLINK-4675,50195.746,51018.553,822.807,
Contact STARLINK-4551 - STARLINK-4675,64498.645,65322.388,823.742,
Contact STARLINK-4551 - STARLINK-4675,78804.931,79623.128,818.197,
Contact STARLINK-4551 - STARLINK-1788,75520.317,75862.863,342.546,
Contact STARLINK-4551 - STARLINK-4356,0.000,651.470,651.470,
Contact STARLINK-4551 - STARLINK-4356,14303.248,14992.328,689.080,
Contact STARLINK-4551 - STARLINK-4356,28672.883,29319.894,647.011,
Contact STARLINK-4551 - STARLINK-4356,43033.559,43656.841,623.282,
Contact STARLINK-4551 - STARLINK-4356,57408.888,57978.816,569.928,
Contact STARLINK-4551 - STARLINK-4356,71774.851,72310.546,535.695,
Contact STARLINK-4551 - STARLINK-4356,86158.640,86400.000,241.360,
Contact STARLINK-4551 - STARLINK-31554,20778.985,21611.993,833.007,
Contact STARLINK-4551 - STARLINK-31554,31947.996,33074.111,1126.115,
Contact STARLINK-4551 - STARLINK-31554,40380.117,47289.770,6909.653,
Contact STARLINK-4551 - STARLINK-31554,57345.264,61410.502,4065.238,
Contact STARLINK-4551 - STARLINK-31554,71596.035,72625.720,1029.685,
Contact STARLINK-4551 - STARLINK-31554,86025.302,86400.000,374.698,
Contact STARLINK-4551 - STARLINK-4383,0.000,643.916,643.916,
Contact STARLINK-4551 - STARLINK-4383,14014.342,15051.097,1036.756,
Contact STARLINK-4551 - STARLINK-4383,28334.874,29438.909,1104.035,
Contact STARLINK-4551 - STARLINK-4383,42644.293,43833.061,1188.768,
Contact STARLINK-4551 - STARLINK-4383,56976.625,58209.826,1233.201,
Contact STARLINK-4551 - STARLINK-4383,71298.551,72591.236,1292.685,
Contact STARLINK-4551 - STARLINK-4383,79908.302,86400.000,6491.698,
Contact STARLINK-4551 - STARLINK-5713,0.000,6582.906,6582.906,
Contact STARLINK-4551 - STARLINK-5713,7203.705,17994.667,10790.962,
Contact STARLINK-4551 - STARLINK-5713,18716.239,32270.773,13554.534,
Contact STARLINK-4551 - STARLINK-5713,33113.501,46517.724,13404.223,
Contact STARLINK-4551 - STARLINK-5713,47503.847,60788.082,13284.236,
Contact STARLINK-4551 - STARLINK-5713,61907.840,75029.546,13121.706,
Contact STARLINK-4551 - STARLINK-5713,76302.684,86400.000,10097.316,
Contact STARLINK-4551 - STARLINK-1303,2948.737,4271.511,1322.775,
Contact STARLINK-4551 - STARLINK-1303,17273.979,18574.807,1300.828,
Contact STARLINK-4551 - STARLINK-1303,25860.432,32889.475,7029.043,
Contact STARLINK-4551 - STARLINK-1303,40187.078,47190.994,7003.916,
Contact STARLINK-4551 - STARLINK-1303,57373.322,61504.056,4130.733,
Contact STARLINK-4551 - STARLINK-1303,71690.261,75803.765,4113.503,
Contact STARLINK-4551 - STARLINK-1303,86019.784,86400.000,380.216,
Contact STARLINK-4551 - STARLINK-11265 [DTC],39239.616,40013.539,773.923,
Contact STARLINK-4551 - STARLINK-11265 [DTC],50357.908,54051.789,3693.881,
Contact STARLINK-4551 - STARLINK-11265 [DTC],64470.819,65104.838,634.019,
Contact STARLINK-4551 - STARLINK-5831,6712.292,7688.480,976.189,
Contact STARLINK-4551 - STARLINK-5831,21031.682,22019.208,987.526,
Contact STARLINK-4551 - STARLINK-5831,35352.847,36348.339,995.492,
Contact STARLINK-4551 - STARLINK-5831,49675.035,50676.255,1001.219,
Contact STARLINK-4551 - STARLINK-5831,61133.905,65002.652,3868.747,
Contact STARLINK-4551 - STARLINK-5831,75458.812,79327.775,3868.964,
Contact STARLINK-4551 - STARLINK-31034,0.000,3269.266,3269.266,
Contact STARLINK-4551 - STARLINK-31034,10333.501,17348.841,7015.340,
Contact STARLINK-4551 - STARLINK-31034,24674.195,25779.810,1105.615,
Contact STARLINK-4551 - STARLINK-31034,39147.463,39706.768,559.305,
Contact STARLINK-4551 - STARLINK-3815,3027.163,4145.204,1118.042,
Contact STARLINK-4551 - STARLINK-3815,17271.965,18310.793,1038.828,
Contact STARLINK-4551 - STARLINK-3815,28683.514,32462.233,3778.719,
Contact STARLINK-4551 - STARLINK-3815,42970.318,43752.993,782.675,
Contact STARLINK-4551 - STARLINK-3815,57332.061,57802.428,470.368,
Contact STARLINK-4551 - STARLINK-31611,6960.031,7806.517,846.486,
Contact STARLINK-4551 - STARLINK-31611,21229.922,21842.946,613.024,
Contact STARLINK-4551 - MoonARTEMIS1,0.000,3228.271,3228.271,
Contact STARLINK-4551 - MoonARTEMIS1,5256.249,8966.228,3709.980,
Contact STARLINK-4551 - MoonARTEMIS1,10982.170,20457.919,9475.748,
Contact STARLINK-4551 - MoonARTEMIS1,22439.750,31942.801,9503.051,
Contact STARLINK-4551 - MoonARTEMIS1,33896.139,37676.787,3780.648,
Contact STARLINK-4551 - MoonARTEMIS1,39621.778,49145.721,9523.943,
Contact STARLINK-4551 - MoonARTEMIS1,51071.969,60617.532,9545.563,
Contact STARLINK-4551 - MoonARTEMIS1,62521.412,77833.479,15312.066,
Contact STARLINK-4551 - MoonARTEMIS1,79694.749,86400.000,6705.251,
Contact STARLINK-4551 - MoonARTEMIS2,0.000,3282.725,3282.725,
Contact STARLINK-4551 - MoonARTEMIS2,5261.641,9019.619,3757.979,
Contact STARLINK-4551 - MoonARTEMIS2,10986.376,20492.758,9506.382,
Contact STARLINK-4551 - MoonARTEMIS2,22435.690,31964.529,9528.840,
Contact STARLINK-4551 - MoonARTEMIS2,33885.157,37699.580,3814.423,
Contact STARLINK-4551 - MoonARTEMIS2,39610.153,49166.854,9556.701,
Contact STARLINK-4551 - MoonARTEMIS2,51061.683,60029.166,8967.482,
Contact STARLINK-4551 - MoonARTEMIS2,62648.651,77913.455,15264.804,
Contact STARLINK-4551 - MoonARTEMIS2,79697.142,86400.000,6702.858,
Contact STARLINK-4551 - MoonIOAGEO,0.000,3237.208,3237.208,
Contact STARLINK-4551 - MoonIOAGEO,5255.612,8973.918,3718.306,
Contact STARLINK-4551 - MoonIOAGEO,10983.825,14718.974,3735.149,
Contact STARLINK-4551 - MoonIOAGEO,22443.138,31952.628,9509.490,
Contact STARLINK-4551 - MoonIOAGEO,33893.092,37682.256,3789.164,
Contact STARLINK-4551 - MoonIOAGEO,39614.926,49142.671,9527.745,
Contact STARLINK-4551 - MoonIOAGEO,51063.455,60204.797,9141.343,
Contact STARLINK-4551 - MoonIOAGEO,64105.149,77887.600,13782.451,
Contact STARLINK-4551 - MoonIOAGEO,79694.766,86400.000,6705.234,
Contact STARLINK-4551 - MoonIOAGNO,0.000,3233.523,3233.523,
Contact STARLINK-4551 - MoonIOAGNO,5253.751,8987.444,3733.693,
Contact STARLINK-4551 - MoonIOAGNO,10994.042,20447.561,9453.520,
Contact STARLINK-4551 - MoonIOAGNO,22416.843,31909.399,9492.556,
Contact STARLINK-4551 - MoonIOAGNO,33861.336,49146.915,15285.579,
Contact STARLINK-4551 - MoonIOAGNO,51068.249,60638.026,9569.777,
Contact STARLINK-4551 - MoonIOAGNO,62500.422,77839.703,15339.281,
Contact STARLINK-4551 - MoonIOAGNO,79662.082,86400.000,6737.918,
Contact STARLINK-4551 - MoonIOAGNO 0001,0.000,3227.126,3227.126,
Contact STARLINK-4551 - MoonIOAGNO 0001,5234.450,8958.468,3724.018,
Contact STARLINK-4551 - MoonIOAGNO 0001,10958.680,20436.823,9478.143,
Contact STARLINK-4551 - MoonIOAGNO 0001,22421.561,31944.351,9522.790,
Contact STARLINK-4551 - MoonIOAGNO 0001,33896.298,37676.670,3780.372,
Contact STARLINK-4551 - MoonIOAGNO 0001,39602.953,49132.754,9529.800,
Contact STARLINK-4551 - MoonIOAGNO 0001,51036.816,60611.059,9574.243,
Contact STARLINK-4551 - MoonIOAGNO 0001,62493.512,77881.714,15388.202,
Contact STARLINK-4551 - MoonIOAGNO 0001,79689.919,86400.000,6710.081,
Contact STARLINK-4551 - MoonIOAGSO,0.000,3247.109,3247.109,
Contact STARLINK-4551 - MoonIOAGSO,5261.641,8977.039,3715.398,
Contact STARLINK-4551 - MoonIOAGSO,12463.261,20484.278,8021.016,
Contact STARLINK-4551 - MoonIOAGSO,22461.761,31959.768,9498.007,
Contact STARLINK-4551 - MoonIOAGSO,33915.675,37691.846,3776.171,
Contact STARLINK-4551 - MoonIOAGSO,39635.697,49151.305,9515.608,
Contact STARLINK-4551 - MoonIOAGSO,51063.411,60662.937,9599.526,
Contact STARLINK-4551 - MoonIOAGSO,62538.804,77892.510,15353.706,
Contact STARLINK-4551 - MoonIOAGSO,79721.437,86400.000,6678.563,
Contact STARLINK-4551 - MoonIOAGSO 0001,0.000,3272.624,3272.624,
Contact STARLINK-4551 - MoonIOAGSO 0001,5285.184,9007.257,3722.073,
Contact STARLINK-4551 - MoonIOAGSO 0001,11010.794,20467.309,9456.515,
Contact STARLINK-4551 - MoonIOAGSO 0001,22449.630,31930.909,9481.279,
Contact STARLINK-4551 - MoonIOAGSO 0001,34202.370,37694.515,3492.146,
Contact STARLINK-4551 - MoonIOAGSO 0001,39632.769,49184.379,9551.611,
Contact STARLINK-4551 - MoonIOAGSO 0001,51096.042,60654.142,9558.101,
Contact STARLINK-4551 - MoonIOAGSO 0001,62537.642,76293.656,13756.013,
Contact STARLINK-4551 - MoonIOAGSO 0001,79701.752,86400.000,6698.248,
Contact STARLINK-4551 - MoonLRO,0.000,3252.048,3252.048,
Contact STARLINK-4551 - MoonLRO,5257.166,8991.568,3734.401,
Contact STARLINK-4551 - MoonLRO,10988.249,20459.526,9471.277,
Contact STARLINK-4551 - MoonLRO,22442.897,31934.861,9491.964,
Contact STARLINK-4551 - MoonLRO,33885.308,37679.316,3794.008,
Contact STARLINK-4551 - MoonLRO,39611.904,49163.970,9552.066,
Contact STARLINK-4551 - MoonLRO,51072.998,60637.076,9564.078,
Contact STARLINK-4551 - MoonLRO,62518.159,77877.240,15359.081,
Contact STARLINK-4551 - MoonLRO,79693.565,86400.000,6706.435,
Contact STARLINK-4551 - MarsSat1,5324.294,9162.658,3838.364,
Contact STARLINK-4551 - MarsSat1,11045.288,20612.573,9567.285,
Contact STARLINK-4551 - MarsSat1,22487.235,32062.569,9575.334,
Contact STARLINK-4551 - MarsSat1,33929.122,37787.597,3858.474,
Contact STARLINK-4551 - MarsSat1,39650.038,49237.738,9587.700,
Contact STARLINK-4551 - MarsSat1,51091.801,60688.042,9596.241,
Contact STARLINK-4551 - MarsSat1,62533.453,77863.912,15330.460,
Contact STARLINK-4551 - MarsSat1,79695.713,86400.000,6704.287,
Contact STARLINK-4551 - MarsSat2,0.000,3437.635,3437.635,
Contact STARLINK-4551 - MarsSat2,5324.275,9162.494,3838.220,
Contact STARLINK-4551 - MarsSat2,11045.203,20612.392,9567.188,
Contact STARLINK-4551 - MarsSat2,22487.071,32062.469,9575.398,
Contact STARLINK-4551 - MarsSat2,33928.919,37787.565,3858.646,
Contact STARLINK-4551 - MarsSat2,39649.825,49237.868,9588.042,
Contact STARLINK-4551 - MarsSat2,51091.590,60688.318,9596.728,
Contact STARLINK-4551 - MarsSat2,62533.282,77864.278,15330.996,
Contact STARLINK-4551 - MarsSat2,79695.667,86400.000,6704.333,
Contact STARLINK-4551 - MarsSat3,0.000,3437.810,3437.810,
Contact STARLINK-4551 - MarsSat3,5324.448,9162.612,3838.164,
Contact STARLINK-4551 - MarsSat3,11045.361,20612.352,9566.991,
Contact STARLINK-4551 - MarsSat3,22487.127,32062.375,9575.249,
Contact STARLINK-4551 - MarsSat3,33928.951,37787.473,3858.523,
Contact STARLINK-4551 - MarsSat3,39649.875,49237.798,9587.924,
Contact STARLINK-4551 - MarsSat3,51091.704,60688.266,9596.562,
Contact STARLINK-4551 - MarsSat3,62533.467,77864.184,15330.717,
Contact STARLINK-4551 - MarsSat3,79695.897,86400.000,6704.103,
Contact STARLINK-4551 - MarsSat4,0.000,3437.814,3437.814,
Contact STARLINK-4551 - MarsSat4,5324.376,9162.735,3838.360,
Contact STARLINK-4551 - MarsSat4,11045.433,20612.479,9567.045,
Contact STARLINK-4551 - MarsSat4,22487.281,32062.496,9575.215,
Contact STARLINK-4551 - MarsSat4,33929.117,37787.634,3858.517,
Contact STARLINK-4551 - MarsSat4,39650.098,49237.826,9587.728,
Contact STARLINK-4551 - MarsSat4,51091.845,60688.087,9596.242,
Contact STARLINK-4551 - MarsSat4,62533.343,77864.122,15330.779,
Contact STARLINK-4551 - MarsSat4,79695.826,86400.000,6704.174,
Contact STARLINK-1578 - STARLINK-5837,0.000,366.351,366.351,
Contact STARLINK-1578 - STARLINK-5837,14119.861,14739.202,619.340,
Contact STARLINK-1578 - STARLINK-5837,28458.438,29099.071,640.633,
Contact STARLINK-1578 - STARLINK-5837,42787.639,43467.029,679.391,
Contact STARLINK-1578 - STARLINK-5837,57129.599,57823.365,693.767,
Contact STARLINK-1578 - STARLINK-5837,71462.533,72187.409,724.876,
Contact STARLINK-1578 - STARLINK-5837,85807.292,86400.000,592.708,
Contact STARLINK-1578 - STARLINK-1666,10521.373,11271.639,750.267,
Contact STARLINK-1578 - STARLINK-1666,24802.339,25608.442,806.102,
Contact STARLINK-1578 - STARLINK-1666,39099.649,39927.705,828.056,
Contact STARLINK-1578 - STARLINK-1666,53383.503,54261.517,878.014,
Contact STARLINK-1578 - STARLINK-1666,67682.329,68579.176,896.847,
Contact STARLINK-1578 - STARLINK-1666,79116.453,82910.564,3794.111,
Contact STARLINK-1578 - STARLINK-1293,0.000,86400.000,86400.000,
Contact STARLINK-1578 - STARLINK-30879,3443.831,7368.215,3924.384,
Contact STARLINK-1578 - STARLINK-30879,17663.456,18635.815,972.359,
Contact STARLINK-1578 - STARLINK-30879,31950.388,32656.463,706.075,
Contact STARLINK-1578 - STARLINK-31345,14370.848,14815.301,444.453,
Contact STARLINK-1578 - STARLINK-31345,28345.478,29229.375,883.897,
Contact STARLINK-1578 - STARLINK-31345,36771.103,43557.750,6786.647,
Contact STARLINK-1578 - STARLINK-31345,53697.959,60670.833,6972.874,
Contact STARLINK-1578 - STARLINK-31345,67862.890,74871.764,7008.874,
Contact STARLINK-1578 - STARLINK-31345,82064.347,83379.104,1314.757,
Contact STARLINK-1578 - STARLINK-31690,22175.830,85774.649,63598.819,
Contact STARLINK-1578 - STARLINK-1788,6657.920,7538.664,880.744,
Contact STARLINK-1578 - STARLINK-1788,20962.000,21853.876,891.876,
Contact STARLINK-1578 - STARLINK-1788,35270.057,36165.351,895.294,
Contact STARLINK-1578 - STARLINK-1788,46715.212,50479.874,3764.662,
Contact STARLINK-1578 - STARLINK-1788,61020.156,61929.926,909.770,
Contact STARLINK-1578 - STARLINK-1788,75328.845,76240.620,911.774,
Contact STARLINK-1578 - STARLINK-1080,7157.447,7610.793,453.346,
Contact STARLINK-1578 - STARLINK-1080,21456.252,21895.776,439.524,
Contact STARLINK-1578 - STARLINK-1080,35751.998,36184.156,432.158,
Contact STARLINK-1578 - STARLINK-1080,50051.058,50468.722,417.664,
Contact STARLINK-1578 - STARLINK-4356,0.000,572.183,572.183,
Contact STARLINK-1578 - STARLINK-4356,14306.187,14919.312,613.125,
Contact STARLINK-1578 - STARLINK-4356,28661.307,29256.247,594.940,
Contact STARLINK-1578 - STARLINK-4356,43006.192,43603.038,596.846,
Contact STARLINK-1578 - STARLINK-4356,57361.955,57939.276,577.321,
Contact STARLINK-1578 - STARLINK-4356,71707.161,72285.674,578.513,
Contact STARLINK-1578 - STARLINK-4356,86063.542,86400.000,336.458,
Contact STARLINK-1578 - STARLINK-31554,46022.299,53561.706,7539.407,
Contact STARLINK-1578 - STARLINK-31554,54239.271,79100.880,24861.609,
Contact STARLINK-1578 - STARLINK-31554,79681.486,86400.000,6718.514,
Contact STARLINK-1578 - STARLINK-4383,0.000,475.439,475.439,
Contact STARLINK-1578 - STARLINK-4383,13961.694,14842.683,880.989,
Contact STARLINK-1578 - STARLINK-4383,28302.674,29197.352,894.679,
Contact STARLINK-1578 - STARLINK-4383,42635.885,43560.588,924.704,
Contact STARLINK-1578 - STARLINK-4383,56981.426,57910.791,929.366,
Contact STARLINK-1578 - STARLINK-4383,71319.299,72269.357,950.057,
Contact STARLINK-1578 - STARLINK-4383,82795.589,86400.000,3604.411,
Contact STARLINK-1578 - STARLINK-5713,0.000,413.405,413.405,
Contact STARLINK-1578 - STARLINK-5713,13798.534,14703.951,905.417,
Contact STARLINK-1578 - STARLINK-5713,28175.711,28975.897,800.186,
Contact STARLINK-1578 - STARLINK-5713,42547.904,43253.797,705.892,
Contact STARLINK-1578 - STARLINK-1303,0.000,10422.823,10422.823,
Contact STARLINK-1578 - STARLINK-1303,11333.442,24652.850,13319.408,
Contact STARLINK-1578 - STARLINK-1303,25700.552,38916.860,13216.309,
Contact STARLINK-1578 - STARLINK-1303,40090.901,47447.454,7356.553,
Contact STARLINK-1578 - STARLINK-1303,54456.624,61710.480,7253.856,
Contact STARLINK-1578 - STARLINK-1303,68852.306,75933.958,7081.652,
Contact STARLINK-1578 - STARLINK-1303,86115.790,86400.000,284.210,
Contact STARLINK-1578 - STARLINK-11265 [DTC],53372.595,54036.973,664.378,
Contact STARLINK-1578 - STARLINK-11265 [DTC],64485.092,65291.116,806.023,
Contact STARLINK-1578 - STARLINK-11265 [DTC],78515.886,79218.580,702.694,
Contact STARLINK-1578 - STARLINK-4612,6636.090,7294.291,658.201,
Contact STARLINK-1578 - STARLINK-4612,20931.729,21601.582,669.853,
Contact STARLINK-1578 - STARLINK-4612,32370.117,33045.729,675.612,
Contact STARLINK-1578 - STARLINK-4612,46670.338,47348.897,678.559,
Contact STARLINK-1578 - STARLINK-4612,60966.184,61655.891,689.707,
Contact STARLINK-1578 - STARLINK-4612,75266.403,75958.978,692.575,
Contact STARLINK-1578 - STARLINK-5831,6880.845,7806.179,925.334,
Contact STARLINK-1578 - STARLINK-5831,21219.577,22113.310,893.733,
Contact STARLINK-1578 - STARLINK-5831,35566.969,36411.575,844.606,
Contact STARLINK-1578 - STARLINK-5831,49910.768,50713.586,802.818,
Contact STARLINK-1578 - STARLINK-5831,64264.298,65005.620,741.322,
Contact STARLINK-1578 - STARLINK-5831,78614.534,79301.141,686.607,
Contact STARLINK-1578 - STARLINK-31034,0.000,294.858,294.858,
Contact STARLINK-1578 - STARLINK-31034,10607.373,14512.080,3904.707,
Contact STARLINK-1578 - STARLINK-31034,24806.474,25863.705,1057.232,
Contact STARLINK-1578 - STARLINK-31034,39040.377,40025.331,984.954,
Contact STARLINK-1578 - STARLINK-31034,53293.480,54168.161,874.682,
Contact STARLINK-1578 - STARLINK-31034,64723.439,65455.183,731.744,
Contact STARLINK-1578 - STARLINK-31034,79069.736,79505.370,435.634,
Contact STARLINK-1578 - STARLINK-3815,2833.413,10267.419,7434.007,
Contact STARLINK-1578 - STARLINK-3815,11319.858,24484.898,13165.039,
Contact STARLINK-1578 - STARLINK-3815,25493.716,35809.954,10316.238,
Contact STARLINK-1578 - STARLINK-3815,39770.340,49915.314,10144.974,
Contact STARLINK-1578 - STARLINK-3815,56981.374,58328.316,1346.942,
Contact STARLINK-1578 - STARLINK-3815,71391.507,72325.694,934.187,
Contact STARLINK-1578 - STARLINK-31611,7075.090,10820.808,3745.718,
Contact STARLINK-1578 - STARLINK-31611,21205.378,22153.241,947.863,
Contact STARLINK-1578 - STARLINK-31611,35379.712,36279.760,900.048,
Contact STARLINK-1578 - STARLINK-31611,46749.948,47550.678,800.730,
Contact STARLINK-1578 - STARLINK-31611,61010.018,61592.687,582.669,
Contact STARLINK-1578 - MoonARTEMIS1,0.000,3031.275,3031.275,
Contact STARLINK-1578 - MoonARTEMIS1,5198.438,8764.061,3565.623,
Contact STARLINK-1578 - MoonARTEMIS1,10931.263,20239.790,9308.526,
Contact STARLINK-1578 - MoonARTEMIS1,22409.055,31710.079,9301.024,
Contact STARLINK-1578 - MoonARTEMIS1,33868.722,43166.517,9297.795,
Contact STARLINK-1578 - MoonARTEMIS1,45322.859,48894.855,3571.996,
Contact STARLINK-1578 - MoonARTEMIS1,51050.016,60352.401,9302.384,
Contact STARLINK-1578 - MoonARTEMIS1,62504.866,71811.562,9306.696,
Contact STARLINK-1578 - MoonARTEMIS1,73960.697,77541.936,3581.238,
Contact STARLINK-1578 - MoonARTEMIS1,79689.093,86400.000,6710.907,
Contact STARLINK-1578 - MoonARTEMIS2,0.000,3073.672,3073.672,
Contact STARLINK-1578 - MoonARTEMIS2,5236.856,8804.463,3567.606,
Contact STARLINK-1578 - MoonARTEMIS2,10966.211,20264.773,9298.562,
Contact STARLINK-1578 - MoonARTEMIS2,22423.471,31723.267,9299.796,
Contact STARLINK-1578 - MoonARTEMIS2,33878.842,37451.722,3572.880,
Contact STARLINK-1578 - MoonARTEMIS2,45332.203,48906.616,3574.412,
Contact STARLINK-1578 - MoonARTEMIS2,51058.070,60018.811,8960.740,
Contact STARLINK-1578 - MoonARTEMIS2,62666.071,71848.050,9181.978,
Contact STARLINK-1578 - MoonARTEMIS2,73990.352,77585.238,3594.886,
Contact STARLINK-1578 - MoonARTEMIS2,79722.486,86400.000,6677.514,
Contact STARLINK-1578 - MoonIOAGEO,0.000,3038.661,3038.661,
Contact STARLINK-1578 - MoonIOAGEO,5204.617,8770.074,3565.457,
Contact STARLINK-1578 - MoonIOAGEO,10937.402,14507.697,3570.295,
Contact STARLINK-1578 - MoonIOAGEO,22412.646,31716.431,9303.785,
Contact STARLINK-1578 - MoonIOAGEO,33873.764,43164.571,9290.807,
Contact STARLINK-1578 - MoonIOAGEO,45319.972,48891.595,3571.623,
Contact STARLINK-1578 - MoonIOAGEO,51047.799,60183.963,9136.164,
Contact STARLINK-1578 - MoonIOAGEO,64058.829,71842.363,7783.534,
Contact STARLINK-1578 - MoonIOAGEO,73984.943,77571.859,3586.916,
Contact STARLINK-1578 - MoonIOAGEO,79710.109,86400.000,6689.891,
Contact STARLINK-1578 - MoonIOAGNO,0.000,3035.162,3035.162,
Contact STARLINK-1578 - MoonIOAGNO,5205.595,8780.317,3574.722,
Contact STARLINK-1578 - MoonIOAGNO,10950.754,20232.306,9281.552,
Contact STARLINK-1578 - MoonIOAGNO,22391.489,31684.148,9292.659,
Contact STARLINK-1578 - MoonIOAGNO,33843.626,43151.955,9308.330,
Contact STARLINK-1578 - MoonIOAGNO,45311.884,48893.577,3581.693,
Contact STARLINK-1578 - MoonIOAGNO,51054.501,60362.794,9308.293,
Contact STARLINK-1578 - MoonIOAGNO,62507.354,71810.481,9303.128,
Contact STARLINK-1578 - MoonIOAGNO,73953.162,77540.166,3587.004,
Contact STARLINK-1578 - MoonIOAGNO,79682.049,86400.000,6717.951,
Contact STARLINK-1578 - MoonIOAGNO 0001,0.000,3030.523,3030.523,
Contact STARLINK-1578 - MoonIOAGNO 0001,5194.502,8757.690,3563.188,
Contact STARLINK-1578 - MoonIOAGNO 0001,10922.211,20223.765,9301.554,
Contact STARLINK-1578 - MoonIOAGNO 0001,22389.391,31710.526,9321.135,
Contact STARLINK-1578 - MoonIOAGNO 0001,33872.530,43157.847,9285.317,
Contact STARLINK-1578 - MoonIOAGNO 0001,45310.546,48882.718,3572.173,
Contact STARLINK-1578 - MoonIOAGNO 0001,51035.071,60344.171,9309.100,
Contact STARLINK-1578 - MoonIOAGNO 0001,62495.886,71824.935,9329.049,
Contact STARLINK-1578 - MoonIOAGNO 0001,73977.257,77569.070,3591.813,
Contact STARLINK-1578 - MoonIOAGNO 0001,79706.150,86400.000,6693.850,
Contact STARLINK-1578 - MoonIOAGSO,0.000,3046.904,3046.904,
Contact STARLINK-1578 - MoonIOAGSO,5210.880,8772.527,3561.647,
Contact STARLINK-1578 - MoonIOAGSO,12436.489,20260.661,7824.172,
Contact STARLINK-1578 - MoonIOAGSO,22425.137,31723.456,9298.319,
Contact STARLINK-1578 - MoonIOAGSO,33883.302,37449.957,3566.656,
Contact STARLINK-1578 - MoonIOAGSO,45329.610,48897.889,3568.279,
Contact STARLINK-1578 - MoonIOAGSO,51051.099,60380.342,9329.242,
Contact STARLINK-1578 - MoonIOAGSO,62533.299,71850.307,9317.008,
Contact STARLINK-1578 - MoonIOAGSO,73996.020,77578.994,3582.975,
Contact STARLINK-1578 - MoonIOAGSO,79721.464,86400.000,6678.536,
Contact STARLINK-1578 - MoonIOAGSO 0001,0.000,3067.174,3067.174,
Contact STARLINK-1578 - MoonIOAGSO 0001,5233.564,8797.034,3563.470,
Contact STARLINK-1578 - MoonIOAGSO 0001,10961.711,20248.561,9286.850,
Contact STARLINK-1578 - MoonIOAGSO 0001,22409.912,31700.251,9290.339,
Contact STARLINK-1578 - MoonIOAGSO 0001,34222.644,37449.791,3227.147,
Contact STARLINK-1578 - MoonIOAGSO 0001,45346.900,48921.680,3574.780,
Contact STARLINK-1578 - MoonIOAGSO 0001,51076.814,60376.869,9300.055,
Contact STARLINK-1578 - MoonIOAGSO 0001,62526.527,71825.000,9298.474,
Contact STARLINK-1578 - MoonIOAGSO 0001,73969.254,76297.621,2328.367,
Contact STARLINK-1578 - MoonIOAGSO 0001,79713.406,86400.000,6686.594,
Contact STARLINK-1578 - MoonLRO,0.000,3051.131,3051.131,
Contact STARLINK-1578 - MoonLRO,5210.612,8783.979,3573.367,
Contact STARLINK-1578 - MoonLRO,10944.434,20240.704,9296.271,
Contact STARLINK-1578 - MoonLRO,22410.239,31704.627,9294.388,
Contact STARLINK-1578 - MoonLRO,33863.912,43174.672,9310.760,
Contact STARLINK-1578 - MoonLRO,45325.553,48904.874,3579.321,
Contact STARLINK-1578 - MoonLRO,51059.610,60362.251,9302.641,
Contact STARLINK-1578 - MoonLRO,62518.457,71831.811,9313.354,
Contact STARLINK-1578 - MoonLRO,73971.642,77567.420,3595.778,
Contact STARLINK-1578 - MoonLRO,79703.216,86400.000,6696.784,
Contact STARLINK-1578 - MarsSat1,5312.106,8909.609,3597.503,
Contact STARLINK-1578 - MarsSat1,11033.054,20352.448,9319.395,
Contact STARLINK-1578 - MarsSat1,22474.888,31795.240,9320.352,
Contact STARLINK-1578 - MarsSat1,33916.633,37516.617,3599.984,
Contact STARLINK-1578 - MarsSat1,39637.471,48959.344,9321.874,
Contact STARLINK-1578 - MarsSat1,51079.086,60402.060,9322.974,
Contact STARLINK-1578 - MarsSat1,62520.637,71844.792,9324.155,
Contact STARLINK-1578 - MarsSat1,73962.139,77566.167,3604.028,
Contact STARLINK-1578 - MarsSat1,79682.875,86400.000,6717.125,
Contact STARLINK-1578 - MarsSat2,0.000,3188.118,3188.118,
Contact STARLINK-1578 - MarsSat2,5312.039,8909.502,3597.463,
Contact STARLINK-1578 - MarsSat2,11032.946,20352.316,9319.370,
Contact STARLINK-1578 - MarsSat2,22474.758,31795.148,9320.389,
Contact STARLINK-1578 - MarsSat2,33916.535,37516.562,3600.027,
Contact STARLINK-1578 - MarsSat2,39637.402,48959.382,9321.980,
Contact STARLINK-1578 - MarsSat2,51079.090,60402.187,9323.097,
Contact STARLINK-1578 - MarsSat2,62520.711,71844.974,9324.263,
Contact STARLINK-1578 - MarsSat2,73962.263,77566.362,3604.099,
Contact STARLINK-1578 - MarsSat2,79683.013,86400.000,6716.987,
Contact STARLINK-1578 - MarsSat3,0.000,3188.251,3188.251,
Contact STARLINK-1578 - MarsSat3,5312.167,8909.601,3597.434,
Contact STARLINK-1578 - MarsSat3,11033.035,20352.305,9319.270,
Contact STARLINK-1578 - MarsSat3,22474.749,31795.097,9320.349,
Contact STARLINK-1578 - MarsSat3,33916.501,37516.515,3600.014,
Contact STARLINK-1578 - MarsSat3,39637.377,48959.358,9321.981,
Contact STARLINK-1578 - MarsSat3,51079.096,60402.185,9323.089,
Contact STARLINK-1578 - MarsSat3,62520.747,71844.975,9324.229,
Contact STARLINK-1578 - MarsSat3,73962.306,77566.350,3604.044,
Contact STARLINK-1578 - MarsSat3,79683.043,86400.000,6716.957,
Contact STARLINK-1578 - MarsSat4,0.000,3188.230,3188.230,
Contact STARLINK-1578 - MarsSat4,5312.170,8909.677,3597.507,
Contact STARLINK-1578 - MarsSat4,11033.127,20352.410,9319.283,
Contact STARLINK-1578 - MarsSat4,22474.839,31795.189,9320.350,
Contact STARLINK-1578 - MarsSat4,33916.616,37516.642,3600.027,
Contact STARLINK-1578 - MarsSat4,39637.517,48959.408,9321.891,
Contact STARLINK-1578 - MarsSat4,51079.131,60402.063,9322.931,
Contact STARLINK-1578 - MarsSat4,62520.639,71844.929,9324.290,
Contact STARLINK-1578 - MarsSat4,73962.262,77566.305,3604.043,
Contact STARLINK-1578 - MarsSat4,79682.988,86400.000,6717.012,
Contact STARLINK-5535 - STARLINK-5289,3469.277,4199.109,729.832,
Contact STARLINK-5535 - STARLINK-5289,17866.854,18606.908,740.053,
Contact STARLINK-5535 - STARLINK-5289,32274.234,33004.805,730.571,
Contact STARLINK-5535 - STARLINK-5289,46671.696,47412.680,740.984,
Contact STARLINK-5535 - STARLINK-5289,61079.040,61810.600,731.560,
Contact STARLINK-5535 - STARLINK-5289,75476.389,76218.548,742.160,
Contact STARLINK-5535 - STARLINK-1666,6659.350,7461.828,802.478,
Contact STARLINK-5535 - STARLINK-1666,21029.643,21813.603,783.960,
Contact STARLINK-5535 - STARLINK-1666,35391.569,36173.553,781.984,
Contact STARLINK-5535 - STARLINK-1666,49764.055,50523.193,759.137,
Contact STARLINK-5535 - STARLINK-1666,64127.960,64881.238,753.277,
Contact STARLINK-5535 - STARLINK-1666,78503.036,79228.355,725.320,
Contact STARLINK-5535 - STARLINK-31345,10440.115,11081.519,641.405,
Contact STARLINK-5535 - STARLINK-31345,24651.148,25363.269,712.121,
Contact STARLINK-5535 - STARLINK-31345,38877.110,39629.775,752.665,
Contact STARLINK-5535 - STARLINK-31345,50262.098,51038.719,776.621,
Contact STARLINK-5535 - STARLINK-31345,64499.121,65294.011,794.890,
Contact STARLINK-5535 - STARLINK-31345,78756.637,79528.891,772.254,
Contact STARLINK-5535 - STARLINK-31690,10595.500,11229.827,634.328,
Contact STARLINK-5535 - STARLINK-31690,24841.917,25379.830,537.914,
Contact STARLINK-5535 - STARLINK-31690,64759.108,64973.977,214.870,
Contact STARLINK-5535 - STARLINK-1302,0.000,6623.361,6623.361,
Contact STARLINK-5535 - STARLINK-1302,13894.650,20974.410,7079.761,
Contact STARLINK-5535 - STARLINK-1302,28277.014,35335.365,7058.352,
Contact STARLINK-5535 - STARLINK-1302,42667.655,49680.686,7013.031,
Contact STARLINK-5535 - STARLINK-1302,57054.890,58296.857,1241.967,
Contact STARLINK-5535 - STARLINK-1302,71450.602,72638.091,1187.489,
Contact STARLINK-5535 - STARLINK-1302,85842.010,86400.000,557.990,
Contact STARLINK-5535 - STARLINK-4675,0.000,3245.664,3245.664,
Contact STARLINK-5535 - STARLINK-4675,3631.183,17593.557,13962.375,
Contact STARLINK-5535 - STARLINK-4675,18005.869,31871.742,13865.873,
Contact STARLINK-5535 - STARLINK-4675,32476.381,46159.804,13683.423,
Contact STARLINK-5535 - STARLINK-4675,46911.931,57571.842,10659.911,
Contact STARLINK-5535 - STARLINK-4675,61404.658,71823.435,10418.777,
Contact STARLINK-5535 - STARLINK-4675,75869.721,86070.332,10200.612,
Contact STARLINK-5535 - STARLINK-4383,35982.470,36129.310,146.840,
Contact STARLINK-5535 - STARLINK-4383,64765.141,64920.152,155.010,
Contact STARLINK-5535 - STARLINK-4383,79186.698,79286.135,99.437,
Contact STARLINK-5535 - STARLINK-30052,3125.898,3716.284,590.386,
Contact STARLINK-5535 - STARLINK-30052,17498.547,18099.918,601.371,
Contact STARLINK-5535 - STARLINK-30052,31879.577,32476.764,597.187,
Contact STARLINK-5535 - STARLINK-30052,46252.704,46859.880,607.176,
Contact STARLINK-5535 - STARLINK-30052,60633.903,61236.490,602.587,
Contact STARLINK-5535 - STARLINK-30052,75007.476,75619.124,611.649,
Contact STARLINK-5535 - STARLINK-5713,10161.393,10984.544,823.152,
Contact STARLINK-5535 - STARLINK-5713,24532.913,25370.661,837.748,
Contact STARLINK-5535 - STARLINK-5713,38911.909,39749.235,837.325,
Contact STARLINK-5535 - STARLINK-5713,53283.236,54135.669,852.433,
Contact STARLINK-5535 - STARLINK-5713,64783.341,68514.277,3730.935,
Contact STARLINK-5535 - STARLINK-5713,79162.451,82900.983,3738.532,
Contact STARLINK-5535 - STARLINK-11265 [DTC],38799.681,39767.511,967.830,
Contact STARLINK-5535 - STARLINK-11265 [DTC],49891.101,51099.579,1208.478,
Contact STARLINK-5535 - STARLINK-31034,6974.941,7827.158,852.217,
Contact STARLINK-5535 - STARLINK-31034,21214.195,22087.923,873.728,
Contact STARLINK-5535 - STARLINK-31034,35468.551,36333.724,865.172,
Contact STARLINK-5535 - STARLINK-31034,49760.010,50542.626,782.616,
Contact STARLINK-5535 - STARLINK-31034,75559.301,76045.316,486.015,
Contact STARLINK-5535 - STARLINK-31611,7071.147,7426.547,355.400,
Contact STARLINK-5535 - MoonARTEMIS1,940.254,10411.110,9470.856,
Contact STARLINK-5535 - MoonARTEMIS1,12452.176,16178.326,3726.150,
Contact STARLINK-5535 - MoonARTEMIS1,18206.940,27708.571,9501.631,
Contact STARLINK-5535 - MoonARTEMIS1,29706.290,39224.457,9518.167,
Contact STARLINK-5535 - MoonARTEMIS1,41212.535,44983.627,3771.092,
Contact STARLINK-5535 - MoonARTEMIS1,46966.327,56503.994,9537.667,
Contact STARLINK-5535 - MoonARTEMIS1,58474.248,68026.990,9552.742,
Contact STARLINK-5535 - MoonARTEMIS1,69982.037,73789.563,3807.526,
Contact STARLINK-5535 - MoonARTEMIS1,75735.709,85317.314,9581.605,
Contact STARLINK-5535 - MoonARTEMIS2,944.201,10453.916,9509.715,
Contact STARLINK-5535 - MoonARTEMIS2,12454.359,16216.601,3762.242,
Contact STARLINK-5535 - MoonARTEMIS2,18209.076,27740.121,9531.045,
Contact STARLINK-5535 - MoonARTEMIS2,29717.737,39260.195,9542.458,
Contact STARLINK-5535 - MoonARTEMIS2,41225.163,45018.265,3793.101,
Contact STARLINK-5535 - MoonARTEMIS2,46978.181,56526.673,9548.491,
Contact STARLINK-5535 - MoonARTEMIS2,64224.630,68061.846,3837.216,
Contact STARLINK-5535 - MoonARTEMIS2,69974.759,73834.581,3859.822,
Contact STARLINK-5535 - MoonARTEMIS2,75725.536,85377.894,9652.358,
Contact STARLINK-5535 - MoonIOAGEO,944.674,10417.010,9472.336,
Contact STARLINK-5535 - MoonIOAGEO,12450.561,16160.777,3710.216,
Contact STARLINK-5535 - MoonIOAGEO,20066.784,27715.551,7648.767,
Contact STARLINK-5535 - MoonIOAGEO,29708.083,39237.898,9529.815,
Contact STARLINK-5535 - MoonIOAGEO,41221.739,44995.305,3773.566,
Contact STARLINK-5535 - MoonIOAGEO,46976.717,56518.903,9542.186,
Contact STARLINK-5535 - MoonIOAGEO,64226.087,68058.070,3831.983,
Contact STARLINK-5535 - MoonIOAGEO,69976.164,73826.058,3849.894,
Contact STARLINK-5535 - MoonIOAGEO,75729.595,85346.466,9616.871,
Contact STARLINK-5535 - MoonIOAGNO,955.239,10417.019,9461.780,
Contact STARLINK-5535 - MoonIOAGNO,12445.714,16193.940,3748.226,
Contact STARLINK-5535 - MoonIOAGNO,18217.405,27728.977,9511.572,
Contact STARLINK-5535 - MoonIOAGNO,29739.236,39247.654,9508.418,
Contact STARLINK-5535 - MoonIOAGNO,41239.999,45003.067,3763.068,
Contact STARLINK-5535 - MoonIOAGNO,46982.523,56527.810,9545.287,
Contact STARLINK-5535 - MoonIOAGNO,58482.297,68072.998,9590.700,
Contact STARLINK-5535 - MoonIOAGNO,70010.771,73836.365,3825.594,
Contact STARLINK-5535 - MoonIOAGNO,75765.146,85353.854,9588.708,
Contact STARLINK-5535 - MoonIOAGNO 0001,961.890,10440.576,9478.685,
Contact STARLINK-5535 - MoonIOAGNO 0001,12475.724,16198.822,3723.098,
Contact STARLINK-5535 - MoonIOAGNO 0001,18225.604,27708.042,9482.437,
Contact STARLINK-5535 - MoonIOAGNO 0001,29710.088,39248.055,9537.967,
Contact STARLINK-5535 - MoonIOAGNO 0001,41235.666,45017.260,3781.594,
Contact STARLINK-5535 - MoonIOAGNO 0001,46997.862,56541.543,9543.681,
Contact STARLINK-5535 - MoonIOAGNO 0001,58505.019,68054.535,9549.516,
Contact STARLINK-5535 - MoonIOAGNO 0001,69990.254,73810.563,3820.309,
Contact STARLINK-5535 - MoonIOAGNO 0001,75726.100,85364.867,9638.767,
Contact STARLINK-5535 - MoonIOAGSO,931.395,10426.567,9495.172,
Contact STARLINK-5535 - MoonIOAGSO,12453.411,16181.813,3728.402,
Contact STARLINK-5535 - MoonIOAGSO,18189.411,27691.959,9502.548,
Contact STARLINK-5535 - MoonIOAGSO,29687.306,39216.921,9529.615,
Contact STARLINK-5535 - MoonIOAGSO,41203.523,44985.332,3781.810,
Contact STARLINK-5535 - MoonIOAGSO,46967.304,54713.351,7746.047,
Contact STARLINK-5535 - MoonIOAGSO,58468.728,68037.925,9569.197,
Contact STARLINK-5535 - MoonIOAGSO,69954.607,73798.038,3843.431,
Contact STARLINK-5535 - MoonIOAGSO,75707.001,85329.463,9622.462,
Contact STARLINK-5535 - MoonIOAGSO 0001,921.096,10402.966,9481.871,
Contact STARLINK-5535 - MoonIOAGSO 0001,12428.113,16165.848,3737.735,
Contact STARLINK-5535 - MoonIOAGSO 0001,18187.596,27704.174,9516.578,
Contact STARLINK-5535 - MoonIOAGSO 0001,29716.283,39230.016,9513.733,
Contact STARLINK-5535 - MoonIOAGSO 0001,41200.289,44984.712,3784.423,
Contact STARLINK-5535 - MoonIOAGSO 0001,46946.903,56505.357,9558.453,
Contact STARLINK-5535 - MoonIOAGSO 0001,58455.622,68041.568,9585.946,
Contact STARLINK-5535 - MoonIOAGSO 0001,69980.752,73817.840,3837.089,
Contact STARLINK-5535 - MoonIOAGSO 0001,77784.671,85337.040,7552.368,
Contact STARLINK-5535 - MoonLRO,942.263,10417.571,9475.308,
Contact STARLINK-5535 - MoonLRO,12454.143,16181.240,3727.097,
Contact STARLINK-5535 - MoonLRO,18204.160,27714.730,9510.570,
Contact STARLINK-5535 - MoonLRO,29706.968,39235.260,9528.292,
Contact STARLINK-5535 - MoonLRO,41222.586,44993.925,3771.339,
Contact STARLINK-5535 - MoonLRO,46977.298,56524.674,9547.376,
Contact STARLINK-5535 - MoonLRO,58474.665,68058.568,9583.903,
Contact STARLINK-5535 - MoonLRO,69978.801,73819.093,3840.292,
Contact STARLINK-5535 - MoonLRO,75736.161,85340.520,9604.358,
Contact STARLINK-5535 - MarsSat1,1336.020,10462.138,9126.118,
Contact STARLINK-5535 - MarsSat1,12357.205,16219.261,3862.056,
Contact STARLINK-5535 - MarsSat1,18115.028,27733.446,9618.419,
Contact STARLINK-5535 - MarsSat1,29630.658,39247.565,9616.907,
Contact STARLINK-5535 - MarsSat1,41146.280,45004.615,3858.335,
Contact STARLINK-5535 - MarsSat1,46904.094,56518.740,9614.646,
Contact STARLINK-5535 - MarsSat1,58419.733,68032.943,9613.209,
Contact STARLINK-5535 - MarsSat1,69935.390,73790.078,3854.688,
Contact STARLINK-5535 - MarsSat1,75693.223,85304.399,9611.177,
Contact STARLINK-5535 - MarsSat2,841.507,10462.098,9620.590,
Contact STARLINK-5535 - MarsSat2,12357.307,16219.277,3861.969,
Contact STARLINK-5535 - MarsSat2,18115.171,27733.584,9618.413,
Contact STARLINK-5535 - MarsSat2,29630.841,39247.839,9616.997,
Contact STARLINK-5535 - MarsSat2,41146.469,45004.954,3858.484,
Contact STARLINK-5535 - MarsSat2,46904.274,56519.165,9614.892,
Contact STARLINK-5535 - MarsSat2,58419.871,68033.360,9613.490,
Contact STARLINK-5535 - MarsSat2,69935.457,73790.454,3854.997,
Contact STARLINK-5535 - MarsSat2,75693.248,85304.635,9611.387,
Contact STARLINK-5535 - MarsSat3,841.354,10461.954,9620.601,
Contact STARLINK-5535 - MarsSat3,12357.165,16219.132,3861.967,
Contact STARLINK-5535 - MarsSat3,18115.087,27733.469,9618.382,
Contact STARLINK-5535 - MarsSat3,29630.823,39247.703,9616.881,
Contact STARLINK-5535 - MarsSat3,41146.428,45004.791,3858.363,
Contact STARLINK-5535 - MarsSat3,46904.204,56518.932,9614.728,
Contact STARLINK-5535 - MarsSat3,58419.738,68033.054,9613.316,
Contact STARLINK-5535 - MarsSat3,69935.278,73790.118,3854.839,
Contact STARLINK-5535 - MarsSat3,75693.063,85304.279,9611.216,
Contact STARLINK-5535 - MarsSat4,841.530,10461.998,9620.468,
Contact STARLINK-5535 - MarsSat4,12357.059,16219.051,3861.992,
Contact STARLINK-5535 - MarsSat4,18114.911,27733.382,9618.471,
Contact STARLINK-5535 - MarsSat4,29630.712,39247.537,9616.825,
Contact STARLINK-5535 - MarsSat4,41146.210,45004.580,3858.370,
Contact STARLINK-5535 - MarsSat4,46904.012,56518.839,9614.828,
Contact STARLINK-5535 - MarsSat4,58419.826,68033.113,9613.288,
Contact STARLINK-5535 - MarsSat4,69935.358,73790.162,3854.803,
Contact STARLINK-5535 - MarsSat4,75693.121,85304.346,9611.224,
Contact STARLINK-3525 - STARLINK-1276,3089.101,3985.204,896.103,
Contact STARLINK-3525 - STARLINK-1276,17407.639,18285.493,877.855,
Contact STARLINK-3525 - STARLINK-1276,31721.722,32589.994,868.272,
Contact STARLINK-3525 - STARLINK-1276,43175.524,46888.782,3713.258,
Contact STARLINK-3525 - STARLINK-1276,57496.166,58329.301,833.135,
Contact STARLINK-3525 - STARLINK-1276,71811.979,72631.987,820.008,
Contact STARLINK-3525 - STARLINK-1276,86134.233,86400.000,265.767,
Contact STARLINK-3525 - STARLINK-5837,32346.933,33105.480,758.547,
Contact STARLINK-3525 - STARLINK-5837,46662.276,47484.690,822.414,
Contact STARLINK-3525 - STARLINK-5837,60969.886,61871.479,901.593,
Contact STARLINK-3525 - STARLINK-5837,75294.582,76241.493,946.911,
Contact STARLINK-3525 - STARLINK-31852,53018.707,86400.000,33381.293,
Contact STARLINK-3525 - STARLINK-30879,46563.886,47238.374,674.488,
Contact STARLINK-3525 - STARLINK-30879,60533.596,61570.736,1037.140,
Contact STARLINK-3525 - STARLINK-30879,71782.358,75797.055,4014.697,
Contact STARLINK-3525 - STARLINK-30879,85915.450,86400.000,484.550,
Contact STARLINK-3525 - STARLINK-5058,0.000,86400.000,86400.000,
Contact STARLINK-3525 - STARLINK-5239,0.000,86400.000,86400.000,
Contact STARLINK-3525 - STARLINK-6135,2885.259,3996.564,1111.305,
Contact STARLINK-3525 - STARLINK-6135,11468.026,18338.882,6870.857,
Contact STARLINK-3525 - STARLINK-6135,28630.042,32686.732,4056.690,
Contact STARLINK-3525 - STARLINK-6135,42932.883,47019.919,4087.036,
Contact STARLINK-3525 - STARLINK-6135,57248.190,64219.699,6971.508,
Contact STARLINK-3525 - STARLINK-6135,71560.207,78552.550,6992.343,
Contact STARLINK-3525 - STARLINK-6135,85884.344,86400.000,515.656,
Contact STARLINK-3525 - STARLINK-4356,78959.023,79412.986,453.963,
Contact STARLINK-3525 - STARLINK-30052,0.000,195.339,195.339,
Contact STARLINK-3525 - STARLINK-30052,10465.702,14493.023,4027.321,
Contact STARLINK-3525 - STARLINK-30052,24815.867,25931.844,1115.977,
Contact STARLINK-3525 - STARLINK-30052,39160.502,40231.532,1071.030,
Contact STARLINK-3525 - STARLINK-30052,53520.928,54515.190,994.262,
Contact STARLINK-3525 - STARLINK-30052,67875.756,68804.732,928.976,
Contact STARLINK-3525 - STARLINK-30052,82249.363,83075.211,825.849,
Contact STARLINK-3525 - STARLINK-11265 [DTC],0.000,4421.015,4421.015,
Contact STARLINK-3525 - STARLINK-3815,86389.142,86400.000,10.858,
Contact STARLINK-3525 - MoonARTEMIS1,0.000,13744.552,13744.552,
Contact STARLINK-3525 - MoonARTEMIS1,14748.862,25075.539,10326.677,
Contact STARLINK-3525 - MoonARTEMIS1,26367.066,42173.071,15806.005,
Contact STARLINK-3525 - MoonARTEMIS1,43591.969,53582.030,9990.062,
Contact STARLINK-3525 - MoonARTEMIS1,55075.430,70703.102,15627.673,
Contact STARLINK-3525 - MoonARTEMIS1,72301.384,82121.185,9819.801,
Contact STARLINK-3525 - MoonARTEMIS1,83785.920,86400.000,2614.080,
Contact STARLINK-3525 - MoonARTEMIS2,0.000,13675.622,13675.622,
Contact STARLINK-3525 - MoonARTEMIS2,14957.865,25072.223,10114.358,
Contact STARLINK-3525 - MoonARTEMIS2,26462.831,42181.003,15718.172,
Contact STARLINK-3525 - MoonARTEMIS2,43683.006,53590.035,9907.029,
Contact STARLINK-3525 - MoonARTEMIS2,55136.209,59288.671,4152.463,
Contact STARLINK-3525 - MoonARTEMIS2,62531.199,70694.388,8163.189,
Contact STARLINK-3525 - MoonARTEMIS2,72395.783,82115.354,9719.571,
Contact STARLINK-3525 - MoonARTEMIS2,83891.811,86400.000,2508.189,
Contact STARLINK-3525 - MoonIOAGEO,0.000,13722.171,13722.171,
Contact STARLINK-3525 - MoonIOAGEO,20600.679,25069.687,4469.009,
Contact STARLINK-3525 - MoonIOAGEO,26389.232,42184.717,15795.484,
Contact STARLINK-3525 - MoonIOAGEO,43617.313,53591.401,9974.088,
Contact STARLINK-3525 - MoonIOAGEO,55106.397,59289.010,4182.613,
Contact STARLINK-3525 - MoonIOAGEO,63970.071,70695.206,6725.135,
Contact STARLINK-3525 - MoonIOAGEO,72383.130,82120.231,9737.101,
Contact STARLINK-3525 - MoonIOAGEO,83846.680,86400.000,2553.320,
Contact STARLINK-3525 - MoonIOAGNO,0.000,13702.881,13702.881,
Contact STARLINK-3525 - MoonIOAGNO,14834.186,25145.773,10311.587,
Contact STARLINK-3525 - MoonIOAGNO,26358.151,42221.038,15862.887,
Contact STARLINK-3525 - MoonIOAGNO,43613.604,53572.152,9958.548,
Contact STARLINK-3525 - MoonIOAGNO,55132.925,70742.607,15609.682,
Contact STARLINK-3525 - MoonIOAGNO,72375.775,82154.103,9778.328,
Contact STARLINK-3525 - MoonIOAGNO,83842.502,86400.000,2557.498,
Contact STARLINK-3525 - MoonIOAGNO 0001,0.000,13797.998,13797.998,
Contact STARLINK-3525 - MoonIOAGNO 0001,14782.057,25119.958,10337.900,
Contact STARLINK-3525 - MoonIOAGNO 0001,26330.458,42211.691,15881.232,
Contact STARLINK-3525 - MoonIOAGNO 0001,43645.527,53633.768,9988.241,
Contact STARLINK-3525 - MoonIOAGNO 0001,55132.581,70710.580,15578.000,
Contact STARLINK-3525 - MoonIOAGNO 0001,72351.142,82133.860,9782.718,
Contact STARLINK-3525 - MoonIOAGNO 0001,83861.653,86400.000,2538.347,
Contact STARLINK-3525 - MoonIOAGSO,0.000,13696.515,13696.515,
Contact STARLINK-3525 - MoonIOAGSO,14840.177,25030.262,10190.085,
Contact STARLINK-3525 - MoonIOAGSO,26360.246,42153.088,15792.842,
Contact STARLINK-3525 - MoonIOAGSO,43607.687,53595.736,9988.049,
Contact STARLINK-3525 - MoonIOAGSO,56008.823,70664.584,14655.761,
Contact STARLINK-3525 - MoonIOAGSO,72353.154,82092.404,9739.250,
Contact STARLINK-3525 - MoonIOAGSO,83826.815,86400.000,2573.185,
Contact STARLINK-3525 - MoonIOAGSO 0001,0.000,13653.217,13653.217,
Contact STARLINK-3525 - MoonIOAGSO 0001,14801.653,25079.748,10278.095,
Contact STARLINK-3525 - MoonIOAGSO 0001,26328.841,42139.990,15811.149,
Contact STARLINK-3525 - MoonIOAGSO 0001,43634.917,53541.485,9906.568,
Contact STARLINK-3525 - MoonIOAGSO 0001,55116.265,70701.420,15585.155,
Contact STARLINK-3525 - MoonIOAGSO 0001,72353.944,82101.638,9747.694,
Contact STARLINK-3525 - MoonIOAGSO 0001,83844.410,86400.000,2555.590,
Contact STARLINK-3525 - MoonLRO,0.000,13719.039,13719.039,
Contact STARLINK-3525 - MoonLRO,14829.620,25090.821,10261.201,
Contact STARLINK-3525 - MoonLRO,26353.865,42175.892,15822.027,
Contact STARLINK-3525 - MoonLRO,43627.612,53592.257,9964.646,
Contact STARLINK-3525 - MoonLRO,55138.797,70694.403,15555.607,
Contact STARLINK-3525 - MoonLRO,72355.129,82125.072,9769.943,
Contact STARLINK-3525 - MoonLRO,83845.513,86400.000,2554.487,
Contact STARLINK-3525 - MarsSat1,1333.582,13548.691,12215.108,
Contact STARLINK-3525 - MarsSat1,15020.927,24977.050,9956.124,
Contact STARLINK-3525 - MarsSat1,26470.532,42120.109,15649.577,
Contact STARLINK-3525 - MarsSat1,43643.667,53549.166,9905.498,
Contact STARLINK-3525 - MarsSat1,55091.787,70693.271,15601.484,
Contact STARLINK-3525 - MarsSat1,72263.363,82122.989,9859.626,
Contact STARLINK-3525 - MarsSat1,83710.729,86400.000,2689.271,
Contact STARLINK-3525 - MarsSat2,0.000,13548.876,13548.876,
Contact STARLINK-3525 - MarsSat2,15020.758,24977.325,9956.567,
Contact STARLINK-3525 - MarsSat2,26470.582,42120.408,15649.827,
Contact STARLINK-3525 - MarsSat2,43644.177,53549.429,9905.253,
Contact STARLINK-3525 - MarsSat2,55092.547,70693.402,15600.855,
Contact STARLINK-3525 - MarsSat2,72264.162,82122.999,9858.837,
Contact STARLINK-3525 - MarsSat2,83711.326,86400.000,2688.674,
Contact STARLINK-3525 - MarsSat3,0.000,13548.664,13548.664,
Contact STARLINK-3525 - MarsSat3,15020.564,24977.273,9956.709,
Contact STARLINK-3525 - MarsSat3,26470.338,42120.332,15649.993,
Contact STARLINK-3525 - MarsSat3,43643.885,53549.259,9905.373,
Contact STARLINK-3525 - MarsSat3,55092.183,70693.116,15600.933,
Contact STARLINK-3525 - MarsSat3,72263.657,82122.722,9859.065,
Contact STARLINK-3525 - MarsSat3,83710.739,86400.000,2689.261,
Contact STARLINK-3525 - MarsSat4,0.000,13548.454,13548.454,
Contact STARLINK-3525 - MarsSat4,15020.639,24977.091,9956.452,
Contact STARLINK-3525 - MarsSat4,26470.249,42119.992,15649.743,
Contact STARLINK-3525 - MarsSat4,43643.695,53549.165,9905.469,
Contact STARLINK-3525 - MarsSat4,55091.894,70693.226,15601.332,
Contact STARLINK-3525 - MarsSat4,72263.683,82122.843,9859.160,
Contact STARLINK-3525 - MarsSat4,83710.727,86400.000,2689.273,
Contact STARLINK-5289 - STARLINK-1276,7188.662,11000.664,3812.002,
Contact STARLINK-5289 - STARLINK-1276,21552.119,25382.856,3830.737,
Contact STARLINK-5289 - STARLINK-1276,35910.196,39755.112,3844.916,
Contact STARLINK-5289 - STARLINK-1276,50278.127,54133.020,3854.893,
Contact STARLINK-5289 - STARLINK-1276,64640.508,68500.662,3860.154,
Contact STARLINK-5289 - STARLINK-1276,79013.090,82874.172,3861.081,
Contact STARLINK-5289 - STARLINK-5837,10266.238,11005.548,739.311,
Contact STARLINK-5289 - STARLINK-5837,24669.166,25409.763,740.598,
Contact STARLINK-5289 - STARLINK-5837,39074.628,39810.341,735.713,
Contact STARLINK-5289 - STARLINK-5837,53477.573,54214.512,736.939,
Contact STARLINK-5289 - STARLINK-5837,67883.178,68614.926,731.748,
Contact STARLINK-5289 - STARLINK-5837,82286.133,83019.059,732.926,
Contact STARLINK-5289 - STARLINK-31852,0.000,6912.729,6912.729,
Contact STARLINK-5289 - STARLINK-31852,13870.473,21037.316,7166.843,
Contact STARLINK-5289 - STARLINK-31852,28270.390,29406.026,1135.637,
Contact STARLINK-5289 - STARLINK-1666,3470.961,4017.507,546.546,
Contact STARLINK-5289 - STARLINK-1666,17583.184,18647.754,1064.571,
Contact STARLINK-5289 - STARLINK-1666,31805.887,38955.022,7149.135,
Contact STARLINK-5289 - STARLINK-1666,40330.817,53470.262,13139.445,
Contact STARLINK-5289 - STARLINK-1666,54584.813,67931.514,13346.701,
Contact STARLINK-5289 - STARLINK-1666,68831.220,82423.226,13592.007,
Contact STARLINK-5289 - STARLINK-1666,83102.416,86400.000,3297.584,
Contact STARLINK-5289 - STARLINK-30879,0.000,221.493,221.493,
Contact STARLINK-5289 - STARLINK-30879,13894.354,14559.706,665.351,
Contact STARLINK-5289 - STARLINK-30879,28034.536,28839.878,805.342,
Contact STARLINK-5289 - STARLINK-30879,39380.249,40230.218,849.970,
Contact STARLINK-5289 - STARLINK-30879,53601.508,54429.713,828.205,
Contact STARLINK-5289 - STARLINK-30879,67867.614,68583.302,715.688,
Contact STARLINK-5289 - STARLINK-31690,81858.770,86400.000,4541.230,
Contact STARLINK-5289 - STARLINK-4675,75528.516,75658.955,130.439,
Contact STARLINK-5289 - STARLINK-6135,10124.250,10809.631,685.381,
Contact STARLINK-5289 - STARLINK-1788,0.000,633.552,633.552,
Contact STARLINK-5289 - STARLINK-1788,14141.049,15001.837,860.788,
Contact STARLINK-5289 - STARLINK-1788,28497.890,29377.610,879.720,
Contact STARLINK-5289 - STARLINK-1788,42865.422,43742.966,877.545,
Contact STARLINK-5289 - STARLINK-1788,57225.657,58115.230,889.572,
Contact STARLINK-5289 - STARLINK-1788,71596.064,72477.736,881.673,
Contact STARLINK-5289 - STARLINK-1788,85959.569,86400.000,440.431,
Contact STARLINK-5289 - STARLINK-1080,0.000,3851.021,3851.021,
Contact STARLINK-5289 - STARLINK-1080,14205.355,18203.491,3998.136,
Contact STARLINK-5289 - STARLINK-1080,28557.074,32532.613,3975.539,
Contact STARLINK-5289 - STARLINK-1080,42932.017,46867.078,3935.060,
Contact STARLINK-5289 - STARLINK-1080,57301.301,58322.546,1021.245,
Contact STARLINK-5289 - STARLINK-1080,71694.941,72626.018,931.077,
Contact STARLINK-5289 - STARLINK-1080,86082.670,86400.000,317.330,
Contact STARLINK-5289 - STARLINK-31554,82493.725,83172.108,678.383,
Contact STARLINK-5289 - STARLINK-11265 [DTC],60839.038,61455.333,616.295,
Contact STARLINK-5289 - STARLINK-11265 [DTC],71944.266,75614.687,3670.422,
Contact STARLINK-5289 - STARLINK-11265 [DTC],86051.773,86400.000,348.227,
Contact STARLINK-5289 - STARLINK-4612,0.000,520.459,520.459,
Contact STARLINK-5289 - STARLINK-4612,13975.638,14870.305,894.667,
Contact STARLINK-5289 - STARLINK-4612,28335.510,29226.443,890.933,
Contact STARLINK-5289 - STARLINK-4612,42707.245,43571.359,864.114,
Contact STARLINK-5289 - STARLINK-4612,57072.332,57922.195,849.863,
Contact STARLINK-5289 - STARLINK-4612,71448.986,72262.266,813.280,
Contact STARLINK-5289 - STARLINK-4612,85819.198,86400.000,580.802,
Contact STARLINK-5289 - STARLINK-31034,46400.130,47417.609,1017.479,
Contact STARLINK-5289 - STARLINK-31034,60441.189,61877.131,1435.942,
Contact STARLINK-5289 - STARLINK-31034,68921.404,76205.789,7284.384,
Contact STARLINK-5289 - STARLINK-31034,83197.857,86400.000,3202.143,
Contact STARLINK-5289 - STARLINK-3815,53726.113,54298.202,572.089,
Contact STARLINK-5289 - STARLINK-3815,67875.886,68667.477,791.591,
Contact STARLINK-5289 - STARLINK-3815,82063.566,82997.503,933.936,
Contact STARLINK-5289 - STARLINK-31611,17415.344,18002.475,587.131,
Contact STARLINK-5289 - STARLINK-31611,28685.160,29463.518,778.357,
Contact STARLINK-5289 - STARLINK-31611,42839.298,43722.020,882.723,
Contact STARLINK-5289 - STARLINK-31611,57044.769,57928.194,883.425,
Contact STARLINK-5289 - STARLINK-31611,71317.146,72069.246,752.100,
Contact STARLINK-5289 - STARLINK-31611,82782.684,83334.939,552.255,
Contact STARLINK-5289 - MoonARTEMIS1,0.000,6879.614,6879.614,
Contact STARLINK-5289 - MoonARTEMIS1,8843.162,12654.156,3810.994,
Contact STARLINK-5289 - MoonARTEMIS1,14598.963,24220.740,9621.777,
Contact STARLINK-5289 - MoonARTEMIS1,26110.788,35770.942,9660.154,
Contact STARLINK-5289 - MoonARTEMIS1,37636.930,41544.342,3907.412,
Contact STARLINK-5289 - MoonARTEMIS1,43398.352,53091.789,9693.437,
Contact STARLINK-5289 - MoonARTEMIS1,54918.515,64641.416,9722.901,
Contact STARLINK-5289 - MoonARTEMIS1,66435.071,70417.465,3982.394,
Contact STARLINK-5289 - MoonARTEMIS1,72191.813,81973.099,9781.286,
Contact STARLINK-5289 - MoonARTEMIS1,83701.428,86400.000,2698.572,
Contact STARLINK-5289 - MoonARTEMIS2,0.000,6906.374,6906.374,
Contact STARLINK-5289 - MoonARTEMIS2,8804.713,12680.087,3875.374,
Contact STARLINK-5289 - MoonARTEMIS2,14562.658,24227.806,9665.148,
Contact STARLINK-5289 - MoonARTEMIS2,26079.561,35775.611,9696.050,
Contact STARLINK-5289 - MoonARTEMIS2,37598.942,41549.371,3950.429,
Contact STARLINK-5289 - MoonARTEMIS2,43360.307,53096.413,9736.106,
Contact STARLINK-5289 - MoonARTEMIS2,54890.278,58874.064,3983.786,
Contact STARLINK-5289 - MoonARTEMIS2,66400.682,70460.188,4059.505,
Contact STARLINK-5289 - MoonARTEMIS2,72144.210,82040.514,9896.304,
Contact STARLINK-5289 - MoonARTEMIS2,83630.065,86400.000,2769.935,
Contact STARLINK-5289 - MoonIOAGEO,0.000,6882.073,6882.073,
Contact STARLINK-5289 - MoonIOAGEO,8837.226,12660.441,3823.215,
Contact STARLINK-5289 - MoonIOAGEO,20352.144,24224.539,3872.396,
Contact STARLINK-5289 - MoonIOAGEO,26106.667,35771.493,9664.827,
Contact STARLINK-5289 - MoonIOAGEO,37622.275,41538.675,3916.400,
Contact STARLINK-5289 - MoonIOAGEO,43384.402,53087.615,9703.213,
Contact STARLINK-5289 - MoonIOAGEO,54903.391,58874.269,3970.878,
Contact STARLINK-5289 - MoonIOAGEO,66403.780,70453.788,4050.008,
Contact STARLINK-5289 - MoonIOAGEO,72152.047,82005.053,9853.006,
Contact STARLINK-5289 - MoonIOAGEO,83663.919,86400.000,2736.081,
Contact STARLINK-5289 - MoonIOAGNO,0.000,6886.962,6886.962,
Contact STARLINK-5289 - MoonIOAGNO,8838.601,12670.890,3832.289,
Contact STARLINK-5289 - MoonIOAGNO,14587.260,24188.173,9600.914,
Contact STARLINK-5289 - MoonIOAGNO,26086.242,35732.667,9646.425,
Contact STARLINK-5289 - MoonIOAGNO,37606.982,41514.543,3907.562,
Contact STARLINK-5289 - MoonIOAGNO,43372.717,53105.167,9732.450,
Contact STARLINK-5289 - MoonIOAGNO,54900.927,64634.466,9733.538,
Contact STARLINK-5289 - MoonIOAGNO,66381.460,70402.695,4021.235,
Contact STARLINK-5289 - MoonIOAGNO,72134.155,81961.915,9827.760,
Contact STARLINK-5289 - MoonIOAGNO,83652.314,86400.000,2747.686,
Contact STARLINK-5289 - MoonIOAGNO 0001,0.000,6860.819,6860.819,
Contact STARLINK-5289 - MoonIOAGNO 0001,8809.716,12633.410,3823.695,
Contact STARLINK-5289 - MoonIOAGNO 0001,14572.178,24196.932,9624.753,
Contact STARLINK-5289 - MoonIOAGNO 0001,26107.380,35768.134,9660.754,
Contact STARLINK-5289 - MoonIOAGNO 0001,37615.359,41525.180,3909.821,
Contact STARLINK-5289 - MoonIOAGNO 0001,43361.329,53062.185,9700.856,
Contact STARLINK-5289 - MoonIOAGNO 0001,54872.705,64627.477,9754.772,
Contact STARLINK-5289 - MoonIOAGNO 0001,66399.663,70424.169,4024.507,
Contact STARLINK-5289 - MoonIOAGNO 0001,72166.606,81993.788,9827.182,
Contact STARLINK-5289 - MoonIOAGNO 0001,83645.020,86400.000,2754.980,
Contact STARLINK-5289 - MoonIOAGSO,0.000,6885.711,6885.711,
Contact STARLINK-5289 - MoonIOAGSO,8831.039,12665.717,3834.678,
Contact STARLINK-5289 - MoonIOAGSO,14593.861,24242.954,9649.093,
Contact STARLINK-5289 - MoonIOAGSO,26131.818,35789.842,9658.024,
Contact STARLINK-5289 - MoonIOAGSO,37649.582,41556.927,3907.345,
Contact STARLINK-5289 - MoonIOAGSO,43401.170,53088.662,9687.492,
Contact STARLINK-5289 - MoonIOAGSO,55992.622,64689.054,8696.432,
Contact STARLINK-5289 - MoonIOAGSO,66425.739,70473.595,4047.856,
Contact STARLINK-5289 - MoonIOAGSO,72186.262,82024.843,9838.581,
Contact STARLINK-5289 - MoonIOAGSO,83691.283,86400.000,2708.717,
Contact STARLINK-5289 - MoonIOAGSO 0001,0.000,6917.440,6917.440,
Contact STARLINK-5289 - MoonIOAGSO 0001,8856.571,12688.150,3831.579,
Contact STARLINK-5289 - MoonIOAGSO 0001,14615.521,24218.611,9603.091,
Contact STARLINK-5289 - MoonIOAGSO 0001,26119.099,33125.817,7006.718,
Contact STARLINK-5289 - MoonIOAGSO 0001,37630.776,41569.335,3938.559,
Contact STARLINK-5289 - MoonIOAGSO 0001,43400.008,53129.112,9729.104,
Contact STARLINK-5289 - MoonIOAGSO 0001,54922.183,64668.585,9746.402,
Contact STARLINK-5289 - MoonIOAGSO 0001,66423.783,70433.571,4009.787,
Contact STARLINK-5289 - MoonIOAGSO 0001,72164.558,82027.233,9862.675,
Contact STARLINK-5289 - MoonIOAGSO 0001,83677.334,86400.000,2722.666,
Contact STARLINK-5289 - MoonLRO,0.000,6887.238,6887.238,
Contact STARLINK-5289 - MoonLRO,8835.479,12659.475,3823.996,
Contact STARLINK-5289 - MoonLRO,14589.280,24217.204,9627.924,
Contact STARLINK-5289 - MoonLRO,26106.959,35771.253,9664.294,
Contact STARLINK-5289 - MoonLRO,37632.352,41542.539,3910.187,
Contact STARLINK-5289 - MoonLRO,43387.715,53092.933,9705.217,
Contact STARLINK-5289 - MoonLRO,54889.792,64662.361,9772.569,
Contact STARLINK-5289 - MoonLRO,66407.642,70445.442,4037.800,
Contact STARLINK-5289 - MoonLRO,72167.513,81998.804,9831.291,
Contact STARLINK-5289 - MoonLRO,83666.642,86400.000,2733.358,
Contact STARLINK-5289 - MarsSat1,3048.729,7053.320,4004.592,
Contact STARLINK-5289 - MarsSat1,8810.646,12818.989,4008.343,
Contact STARLINK-5289 - MarsSat1,14572.556,24350.354,9777.799,
Contact STARLINK-5289 - MarsSat1,26096.368,35881.744,9785.376,
Contact STARLINK-5289 - MarsSat1,37620.167,41647.447,4027.280,
Contact STARLINK-5289 - MarsSat1,43382.045,53178.883,9796.838,
Contact STARLINK-5289 - MarsSat1,54905.712,64710.385,9804.674,
Contact STARLINK-5289 - MarsSat1,66429.203,70476.172,4046.970,
Contact STARLINK-5289 - MarsSat1,72190.871,82007.828,9816.956,
Contact STARLINK-5289 - MarsSat1,83714.068,86400.000,2685.932,
Contact STARLINK-5289 - MarsSat2,0.000,7053.199,7053.199,
Contact STARLINK-5289 - MarsSat2,8810.685,12818.808,4008.123,
Contact STARLINK-5289 - MarsSat2,14572.528,24350.147,9777.618,
Contact STARLINK-5289 - MarsSat2,26096.209,35881.591,9785.382,
Contact STARLINK-5289 - MarsSat2,37619.862,41647.344,4027.482,
Contact STARLINK-5289 - MarsSat2,43381.668,53178.901,9797.232,
Contact STARLINK-5289 - MarsSat2,54905.231,64710.522,9805.292,
Contact STARLINK-5289 - MarsSat2,66428.714,70476.357,4047.642,
Contact STARLINK-5289 - MarsSat2,72190.424,82008.071,9817.647,
Contact STARLINK-5289 - MarsSat2,83713.774,86400.000,2686.226,
Contact STARLINK-5289 - MarsSat3,0.000,7053.394,7053.394,
Contact STARLINK-5289 - MarsSat3,8810.858,12818.932,4008.074,
Contact STARLINK-5289 - MarsSat3,14572.703,24350.124,9777.421,
Contact STARLINK-5289 - MarsSat3,26096.335,35881.546,9785.212,
Contact STARLINK-5289 - MarsSat3,37620.003,41647.316,4027.313,
Contact STARLINK-5289 - MarsSat3,43381.842,53178.926,9797.084,
Contact STARLINK-5289 - MarsSat3,54905.492,64710.591,9805.098,
Contact STARLINK-5289 - MarsSat3,66429.072,70476.431,4047.359,
Contact STARLINK-5289 - MarsSat3,72190.822,82008.100,9817.278,
Contact STARLINK-5289 - MarsSat3,83714.209,86400.000,2685.791,
Contact STARLINK-5289 - MarsSat4,0.000,7053.437,7053.437,
Contact STARLINK-5289 - MarsSat4,8810.785,12819.107,4008.322,
Contact STARLINK-5289 - MarsSat4,14572.785,24350.242,9777.457,
Contact STARLINK-5289 - MarsSat4,26096.458,35881.758,9785.299,
Contact STARLINK-5289 - MarsSat4,37620.200,41647.545,4027.346,
Contact STARLINK-5289 - MarsSat4,43382.097,53178.917,9796.820,
Contact STARLINK-5289 - MarsSat4,54905.642,64710.437,9804.795,
Contact STARLINK-5289 - MarsSat4,66428.989,70476.340,4047.351,
Contact STARLINK-5289 - MarsSat4,72190.757,82007.983,9817.226,
Contact STARLINK-5289 - MarsSat4,83714.137,86400.000,2685.863,
Contact STARLINK-1276 - STARLINK-5837,0.000,2967.526,2967.526,
Contact STARLINK-1276 - STARLINK-5837,10230.763,17318.179,7087.415,
Contact STARLINK-1276 - STARLINK-5837,24609.456,31680.774,7071.317,
Contact STARLINK-1276 - STARLINK-5837,38999.971,40284.387,1284.416,
Contact STARLINK-1276 - STARLINK-5837,53384.591,54641.673,1257.082,
Contact STARLINK-1276 - STARLINK-5837,67781.237,68980.663,1199.426,
Contact STARLINK-1276 - STARLINK-5837,82170.910,83332.116,1161.206,
Contact STARLINK-1276 - STARLINK-31852,7068.542,7565.135,496.593,
Contact STARLINK-1276 - STARLINK-31852,21085.288,21871.253,785.966,
Contact STARLINK-1276 - STARLINK-31852,32354.656,36099.022,3744.366,
Contact STARLINK-1276 - STARLINK-31852,46493.828,47440.337,946.509,
Contact STARLINK-1276 - STARLINK-31852,60686.820,61568.399,881.579,
Contact STARLINK-1276 - STARLINK-31852,74943.586,75633.233,689.647,
Contact STARLINK-1276 - STARLINK-30879,42863.866,86400.000,43536.134,
Contact STARLINK-1276 - STARLINK-5058,3066.368,4075.583,1009.215,
Contact STARLINK-1276 - STARLINK-5058,17405.863,18421.423,1015.560,
Contact STARLINK-1276 - STARLINK-5058,31740.763,32771.517,1030.754,
Contact STARLINK-1276 - STARLINK-5058,46081.265,47116.319,1035.053,
Contact STARLINK-1276 - STARLINK-5058,57552.019,61465.320,3913.301,
Contact STARLINK-1276 - STARLINK-5058,71888.456,75809.079,3920.623,
Contact STARLINK-1276 - STARLINK-5058,86230.381,86400.000,169.619,
Contact STARLINK-1276 - STARLINK-31690,82196.982,82976.533,779.551,
Contact STARLINK-1276 - STARLINK-6135,0.000,86400.000,86400.000,
Contact STARLINK-1276 - STARLINK-4356,0.000,147.718,147.718,
Contact STARLINK-1276 - STARLINK-4356,13687.735,14520.062,832.327,
Contact STARLINK-1276 - STARLINK-4356,25175.375,28882.098,3706.723,
Contact STARLINK-1276 - STARLINK-4356,39540.677,43252.623,3711.946,
Contact STARLINK-1276 - STARLINK-4356,53896.499,57613.283,3716.784,
Contact STARLINK-1276 - STARLINK-4356,68262.971,69104.968,841.998,
Contact STARLINK-1276 - STARLINK-4356,82620.156,83473.369,853.213,
Contact STARLINK-1276 - STARLINK-4383,10706.182,11306.318,600.137,
Contact STARLINK-1276 - STARLINK-4383,25064.382,25675.417,611.034,
Contact STARLINK-1276 - STARLINK-4383,39433.969,40032.539,598.570,
Contact STARLINK-1276 - STARLINK-4383,53792.292,54401.488,609.197,
Contact STARLINK-1276 - STARLINK-4383,68162.328,68758.168,595.840,
Contact STARLINK-1276 - STARLINK-4383,82520.811,83126.932,606.121,
Contact STARLINK-1276 - STARLINK-11265 [DTC],0.000,687.732,687.732,
Contact STARLINK-1276 - STARLINK-3815,57455.161,86400.000,28944.839,
Contact STARLINK-1276 - STARLINK-31611,75029.756,75675.186,645.430,
Contact STARLINK-1276 - STARLINK-31611,86149.957,86400.000,250.043,
Contact STARLINK-1276 - MoonARTEMIS1,0.000,1570.733,1570.733,
Contact STARLINK-1276 - MoonARTEMIS1,3669.423,13084.048,9414.625,
Contact STARLINK-1276 - MoonARTEMIS1,15185.965,24618.433,9432.468,
Contact STARLINK-1276 - MoonARTEMIS1,26713.280,30365.165,3651.885,
Contact STARLINK-1276 - MoonARTEMIS1,32457.242,41855.521,9398.278,
Contact STARLINK-1276 - MoonARTEMIS1,43946.222,53347.660,9401.438,
Contact STARLINK-1276 - MoonARTEMIS1,55438.350,70590.505,15152.155,
Contact STARLINK-1276 - MoonARTEMIS1,72682.884,82089.452,9406.568,
Contact STARLINK-1276 - MoonARTEMIS1,84184.126,86400.000,2215.874,
Contact STARLINK-1276 - MoonARTEMIS2,0.000,1652.163,1652.163,
Contact STARLINK-1276 - MoonARTEMIS2,3755.170,13153.514,9398.343,
Contact STARLINK-1276 - MoonARTEMIS2,15255.885,24650.964,9395.079,
Contact STARLINK-1276 - MoonARTEMIS2,26752.536,30398.128,3645.591,
Contact STARLINK-1276 - MoonARTEMIS2,32499.134,41888.768,9389.633,
Contact STARLINK-1276 - MoonARTEMIS2,43987.921,53372.728,9384.807,
Contact STARLINK-1276 - MoonARTEMIS2,55467.689,59115.312,3647.623,
Contact STARLINK-1276 - MoonARTEMIS2,62639.057,70645.661,8006.604,
Contact STARLINK-1276 - MoonARTEMIS2,72748.176,82161.351,9413.175,
Contact STARLINK-1276 - MoonARTEMIS2,84265.730,86400.000,2134.270,
Contact STARLINK-1276 - MoonIOAGEO,0.000,1590.780,1590.780,
Contact STARLINK-1276 - MoonIOAGEO,3688.338,13096.605,9408.267,
Contact STARLINK-1276 - MoonIOAGEO,20962.357,24624.030,3661.674,
Contact STARLINK-1276 - MoonIOAGEO,26723.245,30378.515,3655.269,
Contact STARLINK-1276 - MoonIOAGEO,32474.725,41861.352,9386.628,
Contact STARLINK-1276 - MoonIOAGEO,43955.237,53354.249,9399.012,
Contact STARLINK-1276 - MoonIOAGEO,55453.291,59114.775,3661.485,
Contact STARLINK-1276 - MoonIOAGEO,63916.368,70638.414,6722.046,
Contact STARLINK-1276 - MoonIOAGEO,72738.181,82129.337,9391.156,
Contact STARLINK-1276 - MoonIOAGEO,84225.532,86400.000,2174.468,
Contact STARLINK-1276 - MoonIOAGNO,0.000,1587.662,1587.662,
Contact STARLINK-1276 - MoonIOAGNO,3691.587,13112.649,9421.062,
Contact STARLINK-1276 - MoonIOAGNO,15211.085,24600.755,9389.671,
Contact STARLINK-1276 - MoonIOAGNO,26704.350,30346.721,3642.371,
Contact STARLINK-1276 - MoonIOAGNO,32451.017,41847.209,9396.193,
Contact STARLINK-1276 - MoonIOAGNO,43949.817,53370.705,9420.888,
Contact STARLINK-1276 - MoonIOAGNO,55471.938,59123.837,3651.899,
Contact STARLINK-1276 - MoonIOAGNO,61223.005,70609.452,9386.446,
Contact STARLINK-1276 - MoonIOAGNO,72714.058,82104.889,9390.831,
Contact STARLINK-1276 - MoonIOAGNO,84210.120,86400.000,2189.880,
Contact STARLINK-1276 - MoonIOAGNO 0001,0.000,1595.001,1595.001,
Contact STARLINK-1276 - MoonIOAGNO 0001,3700.048,13089.209,9389.161,
Contact STARLINK-1276 - MoonIOAGNO 0001,15194.430,24595.984,9401.553,
Contact STARLINK-1276 - MoonIOAGNO 0001,26697.782,30359.408,3661.625,
Contact STARLINK-1276 - MoonIOAGNO 0001,32461.189,41861.983,9400.794,
Contact STARLINK-1276 - MoonIOAGNO 0001,43963.356,53351.729,9388.374,
Contact STARLINK-1276 - MoonIOAGNO 0001,55455.900,59100.630,3644.730,
Contact STARLINK-1276 - MoonIOAGNO 0001,61204.500,70611.898,9407.397,
Contact STARLINK-1276 - MoonIOAGNO 0001,72714.532,82126.621,9412.089,
Contact STARLINK-1276 - MoonIOAGNO 0001,84228.424,86400.000,2171.576,
Contact STARLINK-1276 - MoonIOAGSO,0.000,1595.344,1595.344,
Contact STARLINK-1276 - MoonIOAGSO,3691.385,13112.827,9421.442,
Contact STARLINK-1276 - MoonIOAGSO,15214.249,24625.481,9411.231,
Contact STARLINK-1276 - MoonIOAGSO,26714.450,30373.585,3659.135,
Contact STARLINK-1276 - MoonIOAGSO,32461.501,41864.785,9403.284,
Contact STARLINK-1276 - MoonIOAGSO,43955.888,53363.225,9407.337,
Contact STARLINK-1276 - MoonIOAGSO,56032.555,59132.947,3100.391,
Contact STARLINK-1276 - MoonIOAGSO,61229.587,70639.331,9409.745,
Contact STARLINK-1276 - MoonIOAGSO,72729.385,82131.282,9401.897,
Contact STARLINK-1276 - MoonIOAGSO,84223.428,86400.000,2176.572,
Contact STARLINK-1276 - MoonIOAGSO 0001,0.000,1616.919,1616.919,
Contact STARLINK-1276 - MoonIOAGSO 0001,3707.881,13111.849,9403.968,
Contact STARLINK-1276 - MoonIOAGSO 0001,15201.198,24603.310,9402.112,
Contact STARLINK-1276 - MoonIOAGSO 0001,26698.425,30353.969,3655.544,
Contact STARLINK-1276 - MoonIOAGSO 0001,34198.522,41882.114,7683.592,
Contact STARLINK-1276 - MoonIOAGSO 0001,43973.333,53380.725,9407.392,
Contact STARLINK-1276 - MoonIOAGSO 0001,55469.024,59126.315,3657.290,
Contact STARLINK-1276 - MoonIOAGSO 0001,61215.932,70615.763,9399.831,
Contact STARLINK-1276 - MoonIOAGSO 0001,72714.201,82139.906,9425.705,
Contact STARLINK-1276 - MoonIOAGSO 0001,84237.321,86400.000,2162.679,
Contact STARLINK-1276 - MoonLRO,0.000,1607.458,1607.458,
Contact STARLINK-1276 - MoonLRO,3698.401,13105.467,9407.066,
Contact STARLINK-1276 - MoonLRO,15209.479,24607.001,9397.522,
Contact STARLINK-1276 - MoonLRO,26708.276,30363.138,3654.862,
Contact STARLINK-1276 - MoonLRO,32455.891,41869.933,9414.042,
Contact STARLINK-1276 - MoonLRO,43962.520,53365.108,9402.588,
Contact STARLINK-1276 - MoonLRO,55471.289,59116.280,3644.991,
Contact STARLINK-1276 - MoonLRO,61219.698,70626.999,9407.301,
Contact STARLINK-1276 - MoonLRO,72717.180,82126.715,9409.535,
Contact STARLINK-1276 - MoonLRO,84227.992,86400.000,2172.008,
Contact STARLINK-1276 - MarsSat1,3831.062,13261.061,9429.999,
Contact STARLINK-1276 - MarsSat1,15304.515,24733.857,9429.342,
Contact STARLINK-1276 - MarsSat1,26777.885,30470.211,3692.326,
Contact STARLINK-1276 - MarsSat1,32514.535,41942.845,9428.310,
Contact STARLINK-1276 - MarsSat1,43987.784,53415.420,9427.636,
Contact STARLINK-1276 - MarsSat1,55461.026,70624.295,15163.270,
Contact STARLINK-1276 - MarsSat1,72671.009,82096.917,9425.907,
Contact STARLINK-1276 - MarsSat1,84144.430,86400.000,2255.570,
Contact STARLINK-1276 - MarsSat2,0.000,1788.070,1788.070,
Contact STARLINK-1276 - MarsSat2,3830.926,13260.906,9429.980,
Contact STARLINK-1276 - MarsSat2,15304.391,24733.755,9429.364,
Contact STARLINK-1276 - MarsSat2,26777.860,30470.165,3692.304,
Contact STARLINK-1276 - MarsSat2,32514.585,41942.946,9428.362,
Contact STARLINK-1276 - MarsSat2,43988.012,53415.674,9427.663,
Contact STARLINK-1276 - MarsSat2,55461.411,70624.665,15163.254,
Contact STARLINK-1276 - MarsSat2,72671.464,82097.258,9425.794,
Contact STARLINK-1276 - MarsSat2,84144.802,86400.000,2255.198,
Contact STARLINK-1276 - MarsSat3,0.000,1788.202,1788.202,
Contact STARLINK-1276 - MarsSat3,3830.990,13260.908,9429.918,
Contact STARLINK-1276 - MarsSat3,15304.319,24733.663,9429.343,
Contact STARLINK-1276 - MarsSat3,26777.736,30470.058,3692.322,
Contact STARLINK-1276 - MarsSat3,32514.452,41942.839,9428.387,
Contact STARLINK-1276 - MarsSat3,43987.865,53415.571,9427.706,
Contact STARLINK-1276 - MarsSat3,55461.243,70624.541,15163.298,
Contact STARLINK-1276 - MarsSat3,72671.234,82097.080,9425.846,
Contact STARLINK-1276 - MarsSat3,84144.511,86400.000,2255.489,
Contact STARLINK-1276 - MarsSat4,0.000,1788.230,1788.230,
Contact STARLINK-1276 - MarsSat4,3831.105,13261.042,9429.936,
Contact STARLINK-1276 - MarsSat4,15304.399,24733.683,9429.283,
Contact STARLINK-1276 - MarsSat4,26777.721,30470.115,3692.394,
Contact STARLINK-1276 - MarsSat4,32514.479,41942.905,9428.426,
Contact STARLINK-1276 - MarsSat4,43987.829,53415.461,9427.631,
Contact STARLINK-1276 - MarsSat4,55461.078,70624.502,15163.424,
Contact STARLINK-1276 - MarsSat4,72671.223,82097.013,9425.790,
Contact STARLINK-1276 - MarsSat4,84144.457,86400.000,2255.543,
Contact STARLINK-5837 - STARLINK-31852,50175.724,50561.408,385.684,
Contact STARLINK-5837 - STARLINK-31852,64227.013,64908.610,681.597,
Contact STARLINK-5837 - STARLINK-31852,75518.518,76335.354,816.836,
Contact STARLINK-5837 - STARLINK-1293,43115.170,43421.995,306.825,
Contact STARLINK-5837 - STARLINK-1293,57434.110,57840.013,405.903,
Contact STARLINK-5837 - STARLINK-1293,71748.238,72262.667,514.429,
Contact STARLINK-5837 - STARLINK-1293,86088.867,86400.000,311.133,
Contact STARLINK-5837 - STARLINK-30879,39443.053,39739.917,296.865,
Contact STARLINK-5837 - STARLINK-30879,47582.095,54494.892,6912.797,
Contact STARLINK-5837 - STARLINK-30879,61532.936,71696.270,10163.334,
Contact STARLINK-5837 - STARLINK-30879,78619.760,85734.010,7114.250,
Contact STARLINK-5837 - STARLINK-31345,14327.236,14948.050,620.814,
Contact STARLINK-5837 - STARLINK-31345,28628.204,29141.244,513.041,
Contact STARLINK-5837 - STARLINK-31345,42931.384,43332.591,401.207,
Contact STARLINK-5837 - STARLINK-5058,6677.600,7363.676,686.076,
Contact STARLINK-5837 - STARLINK-5058,21039.531,21766.952,727.421,
Contact STARLINK-5837 - STARLINK-5058,35414.656,36157.820,743.164,
Contact STARLINK-5837 - STARLINK-5058,49777.040,50560.911,783.871,
Contact STARLINK-5837 - STARLINK-5058,64152.350,64952.006,799.656,
Contact STARLINK-5837 - STARLINK-5058,78515.187,79354.915,839.728,
Contact STARLINK-5837 - STARLINK-31690,42979.861,43377.083,397.222,
Contact STARLINK-5837 - STARLINK-31690,57121.102,57634.105,513.003,
Contact STARLINK-5837 - STARLINK-31690,82593.859,83276.125,682.266,
Contact STARLINK-5837 - STARLINK-5239,3454.936,4257.761,802.825,
Contact STARLINK-5837 - STARLINK-5239,17809.554,18613.428,803.875,
Contact STARLINK-5837 - STARLINK-5239,32157.591,32976.119,818.527,
Contact STARLINK-5837 - STARLINK-5239,46513.446,47330.609,817.163,
Contact STARLINK-5837 - STARLINK-5239,60862.399,61692.444,830.045,
Contact STARLINK-5837 - STARLINK-5239,75219.768,76045.487,825.719,
Contact STARLINK-5837 - STARLINK-6135,6572.050,13981.295,7409.245,
Contact STARLINK-5837 - STARLINK-6135,20982.348,28341.044,7358.696,
Contact STARLINK-5837 - STARLINK-6135,35403.349,42716.372,7313.023,
Contact STARLINK-5837 - STARLINK-6135,49817.161,57073.467,7256.306,
Contact STARLINK-5837 - STARLINK-6135,64239.356,71445.683,7206.326,
Contact STARLINK-5837 - STARLINK-6135,78656.315,85800.299,7143.984,
Contact STARLINK-5837 - STARLINK-4356,0.000,6694.272,6694.272,
Contact STARLINK-5837 - STARLINK-4356,7892.808,21098.029,13205.220,
Contact STARLINK-5837 - STARLINK-4356,22293.440,35482.234,13188.794,
Contact STARLINK-5837 - STARLINK-4356,36676.729,49885.930,13209.202,
Contact STARLINK-5837 - STARLINK-4356,51077.411,64270.002,13192.590,
Contact STARLINK-5837 - STARLINK-4356,65460.810,78673.638,13212.828,
Contact STARLINK-5837 - STARLINK-4356,79861.547,86400.000,6538.453,
Contact STARLINK-5837 - STARLINK-31554,71502.519,72016.431,513.912,
Contact STARLINK-5837 - STARLINK-31554,82693.285,86400.000,3706.715,
Contact STARLINK-5837 - STARLINK-4383,0.000,89.119,89.119,
Contact STARLINK-5837 - STARLINK-4383,10771.947,14488.720,3716.773,
Contact STARLINK-5837 - STARLINK-4383,25160.672,28876.467,3715.795,
Contact STARLINK-5837 - STARLINK-4383,39560.673,43276.044,3715.370,
Contact STARLINK-5837 - STARLINK-4383,53949.408,57663.793,3714.385,
Contact STARLINK-5837 - STARLINK-4383,68349.399,72063.345,3713.946,
Contact STARLINK-5837 - STARLINK-4383,82738.143,86400.000,3661.857,
Contact STARLINK-5837 - STARLINK-30052,6953.796,7715.940,762.143,
Contact STARLINK-5837 - STARLINK-30052,21334.333,22094.049,759.716,
Contact STARLINK-5837 - STARLINK-30052,35712.983,36473.430,760.446,
Contact STARLINK-5837 - STARLINK-30052,50093.152,50851.848,758.696,
Contact STARLINK-5837 - STARLINK-30052,64471.896,65231.093,759.196,
Contact STARLINK-5837 - STARLINK-30052,78851.711,79609.811,758.100,
Contact STARLINK-5837 - STARLINK-11265 [DTC],3214.938,4365.425,1150.488,
Contact STARLINK-5837 - STARLINK-11265 [DTC],17362.632,18253.876,891.244,
Contact STARLINK-5837 - STARLINK-3815,42626.509,43385.559,759.051,
Contact STARLINK-5837 - STARLINK-3815,53906.488,57784.095,3877.607,
Contact STARLINK-5837 - STARLINK-3815,68091.558,74962.427,6870.869,
Contact STARLINK-5837 - STARLINK-3815,82332.195,83522.093,1189.898,
Contact STARLINK-5837 - MoonARTEMIS1,0.000,6728.325,6728.325,
Contact STARLINK-5837 - MoonARTEMIS1,8775.586,12494.472,3718.886,
Contact STARLINK-5837 - MoonARTEMIS1,14531.650,24032.527,9500.877,
Contact STARLINK-5837 - MoonARTEMIS1,26033.918,35548.576,9514.657,
Contact STARLINK-5837 - MoonARTEMIS1,37539.786,41307.780,3767.994,
Contact STARLINK-5837 - MoonARTEMIS1,43293.901,52828.338,9534.436,
Contact STARLINK-5837 - MoonARTEMIS1,54802.726,64351.522,9548.796,
Contact STARLINK-5837 - MoonARTEMIS1,66311.617,70114.142,3802.525,
Contact STARLINK-5837 - MoonARTEMIS1,72065.904,81641.782,9575.878,
Contact STARLINK-5837 - MoonARTEMIS1,83573.801,86400.000,2826.199,
Contact STARLINK-5837 - MoonARTEMIS2,0.000,6772.586,6772.586,
Contact STARLINK-5837 - MoonARTEMIS2,8778.239,12536.120,3757.881,
Contact STARLINK-5837 - MoonARTEMIS2,14533.610,24061.519,9527.908,
Contact STARLINK-5837 - MoonARTEMIS2,26043.605,35583.905,9540.300,
Contact STARLINK-5837 - MoonARTEMIS2,37552.469,41343.458,3790.988,
Contact STARLINK-5837 - MoonARTEMIS2,43306.338,52856.815,9550.477,
Contact STARLINK-5837 - MoonARTEMIS2,54811.508,58608.621,3797.113,
Contact STARLINK-5837 - MoonARTEMIS2,66306.487,70152.971,3846.483,
Contact STARLINK-5837 - MoonARTEMIS2,72057.465,81698.199,9640.734,
Contact STARLINK-5837 - MoonARTEMIS2,83560.047,86400.000,2839.953,
Contact STARLINK-5837 - MoonIOAGEO,0.000,6736.594,6736.594,
Contact STARLINK-5837 - MoonIOAGEO,8776.596,12499.384,3722.787,
Contact STARLINK-5837 - MoonIOAGEO,20280.230,24033.666,3753.436,
Contact STARLINK-5837 - MoonIOAGEO,26033.501,35562.098,9528.597,
Contact STARLINK-5837 - MoonIOAGEO,37546.876,41320.684,3773.807,
Contact STARLINK-5837 - MoonIOAGEO,43303.903,52840.449,9536.546,
Contact STARLINK-5837 - MoonIOAGEO,54809.442,58606.906,3797.464,
Contact STARLINK-5837 - MoonIOAGEO,66307.781,70147.859,3840.078,
Contact STARLINK-5837 - MoonIOAGEO,72059.451,81675.557,9616.106,
Contact STARLINK-5837 - MoonIOAGEO,83571.649,86400.000,2828.351,
Contact STARLINK-5837 - MoonIOAGNO,0.000,6739.623,6739.623,
Contact STARLINK-5837 - MoonIOAGNO,8770.543,12503.431,3732.888,
Contact STARLINK-5837 - MoonIOAGNO,14531.695,24048.744,9517.049,
Contact STARLINK-5837 - MoonIOAGNO,26063.433,35572.535,9509.102,
Contact STARLINK-5837 - MoonIOAGNO,37571.436,41329.983,3758.547,
Contact STARLINK-5837 - MoonIOAGNO,43318.033,52841.513,9523.480,
Contact STARLINK-5837 - MoonIOAGNO,54799.758,64394.344,9594.586,
Contact STARLINK-5837 - MoonIOAGNO,66336.948,70161.053,3824.105,
Contact STARLINK-5837 - MoonIOAGNO,72095.533,81683.174,9587.641,
Contact STARLINK-5837 - MoonIOAGNO,83595.790,86400.000,2804.210,
Contact STARLINK-5837 - MoonIOAGNO 0001,0.000,6760.736,6760.736,
Contact STARLINK-5837 - MoonIOAGNO 0001,8800.508,12521.393,3720.885,
Contact STARLINK-5837 - MoonIOAGNO 0001,14553.782,24034.444,9480.662,
Contact STARLINK-5837 - MoonIOAGNO 0001,26046.000,35560.703,9514.703,
Contact STARLINK-5837 - MoonIOAGNO 0001,37553.333,41335.935,3782.602,
Contact STARLINK-5837 - MoonIOAGNO 0001,43320.924,52866.460,9545.536,
Contact STARLINK-5837 - MoonIOAGNO 0001,54836.028,64383.514,9547.486,
Contact STARLINK-5837 - MoonIOAGNO 0001,66329.782,70138.949,3809.168,
Contact STARLINK-5837 - MoonIOAGNO 0001,72067.140,81683.910,9616.771,
Contact STARLINK-5837 - MoonIOAGNO 0001,83585.295,86400.000,2814.705,
Contact STARLINK-5837 - MoonIOAGSO,0.000,6737.856,6737.856,
Contact STARLINK-5837 - MoonIOAGSO,8779.375,11542.535,2763.160,
Contact STARLINK-5837 - MoonIOAGSO,14523.801,24015.552,9491.751,
Contact STARLINK-5837 - MoonIOAGSO,26014.111,35536.932,9522.821,
Contact STARLINK-5837 - MoonIOAGSO,37526.153,41303.149,3776.997,
Contact STARLINK-5837 - MoonIOAGSO,43288.105,52850.163,9562.058,
Contact STARLINK-5837 - MoonIOAGSO,56022.722,64365.612,8342.890,
Contact STARLINK-5837 - MoonIOAGSO,66287.791,70123.902,3836.111,
Contact STARLINK-5837 - MoonIOAGSO,72037.344,81651.484,9614.140,
Contact STARLINK-5837 - MoonIOAGSO,83551.054,86400.000,2848.946,
Contact STARLINK-5837 - MoonIOAGSO 0001,0.000,6723.560,6723.560,
Contact STARLINK-5837 - MoonIOAGSO 0001,8751.031,12484.688,3733.657,
Contact STARLINK-5837 - MoonIOAGSO 0001,14508.630,24018.281,9509.652,
Contact STARLINK-5837 - MoonIOAGSO 0001,26034.764,33063.051,7028.287,
Contact STARLINK-5837 - MoonIOAGSO 0001,37536.048,41311.356,3775.308,
Contact STARLINK-5837 - MoonIOAGSO 0001,43278.288,52828.351,9550.063,
Contact STARLINK-5837 - MoonIOAGSO 0001,54781.903,64360.211,9578.308,
Contact STARLINK-5837 - MoonIOAGSO 0001,66303.126,70133.054,3829.928,
Contact STARLINK-5837 - MoonIOAGSO 0001,72068.933,81667.582,9598.649,
Contact STARLINK-5837 - MoonIOAGSO 0001,83549.895,86400.000,2850.105,
Contact STARLINK-5837 - MoonLRO,0.000,6746.881,6746.881,
Contact STARLINK-5837 - MoonLRO,8770.917,12507.058,3736.141,
Contact STARLINK-5837 - MoonLRO,14530.363,24025.092,9494.730,
Contact STARLINK-5837 - MoonLRO,26042.204,35558.329,9516.126,
Contact STARLINK-5837 - MoonLRO,37541.678,41325.456,3783.778,
Contact STARLINK-5837 - MoonLRO,43295.015,52847.375,9552.360,
Contact STARLINK-5837 - MoonLRO,54810.920,64371.355,9560.435,
Contact STARLINK-5837 - MoonLRO,66315.044,70140.552,3825.508,
Contact STARLINK-5837 - MoonLRO,72062.227,81676.453,9614.226,
Contact STARLINK-5837 - MoonLRO,83566.326,86400.000,2833.674,
Contact STARLINK-5837 - MarsSat1,2920.689,6784.694,3864.005,
Contact STARLINK-5837 - MarsSat1,8679.032,12542.335,3863.303,
Contact STARLINK-5837 - MarsSat1,14437.369,24057.563,9620.194,
Contact STARLINK-5837 - MarsSat1,25954.026,35572.716,9618.689,
Contact STARLINK-5837 - MarsSat1,37470.671,41330.276,3859.604,
Contact STARLINK-5837 - MarsSat1,43228.994,52845.405,9616.410,
Contact STARLINK-5837 - MarsSat1,54745.652,64360.598,9614.946,
Contact STARLINK-5837 - MarsSat1,66262.328,70118.229,3855.902,
Contact STARLINK-5837 - MarsSat1,72020.671,81633.553,9612.882,
Contact STARLINK-5837 - MarsSat1,83537.359,86400.000,2862.641,
Contact STARLINK-5837 - MarsSat2,0.000,6784.619,6784.619,
Contact STARLINK-5837 - MarsSat2,8679.099,12542.315,3863.216,
Contact STARLINK-5837 - MarsSat2,14437.489,24057.660,9620.171,
Contact STARLINK-5837 - MarsSat2,25954.202,35572.946,9618.744,
Contact STARLINK-5837 - MarsSat2,37470.862,41330.575,3859.712,
Contact STARLINK-5837 - MarsSat2,43229.181,52845.812,9616.630,
Contact STARLINK-5837 - MarsSat2,54745.806,64361.030,9615.225,
Contact STARLINK-5837 - MarsSat2,66262.419,70118.635,3856.216,
Contact STARLINK-5837 - MarsSat2,72020.723,81633.839,9613.116,
Contact STARLINK-5837 - MarsSat2,83537.328,86400.000,2862.672,
Contact STARLINK-5837 - MarsSat3,0.000,6784.500,6784.500,
Contact STARLINK-5837 - MarsSat3,8678.930,12542.167,3863.237,
Contact STARLINK-5837 - MarsSat3,14437.367,24057.539,9620.172,
Contact STARLINK-5837 - MarsSat3,25954.174,35572.822,9618.649,
Contact STARLINK-5837 - MarsSat3,37470.834,41330.430,3859.596,
Contact STARLINK-5837 - MarsSat3,43229.130,52845.602,9616.472,
Contact STARLINK-5837 - MarsSat3,54745.693,64360.746,9615.053,
Contact STARLINK-5837 - MarsSat3,66262.251,70118.317,3856.066,
Contact STARLINK-5837 - MarsSat3,72020.540,81633.481,9612.941,
Contact STARLINK-5837 - MarsSat3,83537.165,86400.000,2862.835,
Contact STARLINK-5837 - MarsSat4,0.000,6784.621,6784.621,
Contact STARLINK-5837 - MarsSat4,8678.909,12542.163,3863.254,
Contact STARLINK-5837 - MarsSat4,14437.224,24057.417,9620.193,
Contact STARLINK-5837 - MarsSat4,25954.069,35572.695,9618.626,
Contact STARLINK-5837 - MarsSat4,37470.635,41330.243,3859.608,
Contact STARLINK-5837 - MarsSat4,43228.913,52845.425,9616.512,
Contact STARLINK-5837 - MarsSat4,54745.675,64360.800,9615.125,
Contact STARLINK-5837 - MarsSat4,66262.356,70118.372,3856.016,
Contact STARLINK-5837 - MarsSat4,72020.608,81633.519,9612.911,
Contact STARLINK-5837 - MarsSat4,83537.268,86400.000,2862.732,
Contact STARLINK-31852 - STARLINK-1666,0.000,6615.753,6615.753,
Contact STARLINK-31852 - STARLINK-1293,10517.532,10800.808,283.276,
Contact STARLINK-31852 - STARLINK-30879,0.000,395.075,395.075,
Contact STARLINK-31852 - STARLINK-30879,10477.509,11600.292,1122.782,
Contact STARLINK-31852 - STARLINK-30879,24490.355,25603.116,1112.762,
Contact STARLINK-31852 - STARLINK-30879,35698.273,42410.143,6711.870,
Contact STARLINK-31852 - STARLINK-30879,49705.224,50816.867,1111.643,
Contact STARLINK-31852 - STARLINK-30879,60913.641,67623.164,6709.523,
Contact STARLINK-31852 - STARLINK-30879,74927.741,76022.734,1094.993,
Contact STARLINK-31852 - STARLINK-30879,86136.666,86400.000,263.334,
Contact STARLINK-31852 - STARLINK-5058,38760.730,86400.000,47639.270,
Contact STARLINK-31852 - STARLINK-5239,69547.027,86400.000,16852.973,
Contact STARLINK-31852 - STARLINK-6135,46704.074,47267.795,563.720,
Contact STARLINK-31852 - STARLINK-6135,60644.377,61673.809,1029.432,
Contact STARLINK-31852 - STARLINK-6135,69090.154,75917.182,6827.028,
Contact STARLINK-31852 - STARLINK-6135,86104.126,86400.000,295.874,
Contact STARLINK-31852 - STARLINK-1788,0.000,6656.658,6656.658,
Contact STARLINK-31852 - STARLINK-1788,7923.421,15125.308,7201.887,
Contact STARLINK-31852 - STARLINK-1788,22162.665,29118.213,6955.548,
Contact STARLINK-31852 - STARLINK-1788,39538.399,40144.117,605.718,
Contact STARLINK-31852 - STARLINK-1080,0.000,35861.277,35861.277,
Contact STARLINK-31852 - STARLINK-1080,36354.905,43268.814,6913.909,
Contact STARLINK-31852 - STARLINK-30052,28526.237,29190.927,664.690,
Contact STARLINK-31852 - STARLINK-30052,36776.158,43723.425,6947.267,
Contact STARLINK-31852 - STARLINK-30052,50732.339,60827.885,10095.545,
Contact STARLINK-31852 - STARLINK-30052,67783.868,74836.630,7052.761,
Contact STARLINK-31852 - STARLINK-30052,82269.079,83114.860,845.780,
Contact STARLINK-31852 - STARLINK-4612,0.000,681.507,681.507,
Contact STARLINK-31852 - STARLINK-4612,7871.967,15065.895,7193.928,
Contact STARLINK-31852 - STARLINK-4612,21869.780,32076.053,10206.273,
Contact STARLINK-31852 - STARLINK-4612,38943.492,46042.304,7098.812,
Contact STARLINK-31852 - STARLINK-4612,53409.246,54312.201,902.955,
Contact STARLINK-31852 - STARLINK-5831,0.000,696.490,696.490,
Contact STARLINK-31852 - STARLINK-3815,10495.739,11151.162,655.423,
Contact STARLINK-31852 - STARLINK-3815,35900.142,36347.735,447.593,
Contact STARLINK-31852 - MoonARTEMIS1,0.000,30418.101,30418.101,
Contact STARLINK-31852 - MoonARTEMIS1,32427.460,42760.550,10333.090,
Contact STARLINK-31852 - MoonARTEMIS1,43742.284,53954.087,10211.803,
Contact STARLINK-31852 - MoonARTEMIS1,55050.722,70755.541,15704.818,
Contact STARLINK-31852 - MoonARTEMIS1,72008.786,81961.354,9952.569,
Contact STARLINK-31852 - MoonARTEMIS1,83312.966,86400.000,3087.034,
Contact STARLINK-31852 - MoonARTEMIS2,0.000,31641.564,31641.564,
Contact STARLINK-31852 - MoonARTEMIS2,32553.574,42821.322,10267.748,
Contact STARLINK-31852 - MoonARTEMIS2,43862.081,53997.094,10135.014,
Contact STARLINK-31852 - MoonARTEMIS2,55132.968,59575.734,4442.765,
Contact STARLINK-31852 - MoonARTEMIS2,62545.629,70783.637,8238.008,
Contact STARLINK-31852 - MoonARTEMIS2,72174.101,81996.443,9822.342,
Contact STARLINK-31852 - MoonARTEMIS2,83500.855,86400.000,2899.145,
Contact STARLINK-31852 - MoonIOAGEO,0.000,16377.033,16377.033,
Contact STARLINK-31852 - MoonIOAGEO,21061.842,31597.079,10535.237,
Contact STARLINK-31852 - MoonIOAGEO,32482.796,42794.801,10312.005,
Contact STARLINK-31852 - MoonIOAGEO,43756.899,53980.942,10224.043,
Contact STARLINK-31852 - MoonIOAGEO,55086.988,59576.474,4489.486,
Contact STARLINK-31852 - MoonIOAGEO,63906.143,70780.201,6874.058,
Contact STARLINK-31852 - MoonIOAGEO,72151.467,81987.027,9835.560,
Contact STARLINK-31852 - MoonIOAGEO,83417.539,86400.000,2982.461,
Contact STARLINK-31852 - MoonIOAGNO,0.000,42851.836,42851.836,
Contact STARLINK-31852 - MoonIOAGNO,43708.659,53962.959,10254.299,
Contact STARLINK-31852 - MoonIOAGNO,55149.135,70842.906,15693.772,
Contact STARLINK-31852 - MoonIOAGNO,72085.054,82028.769,9943.715,
Contact STARLINK-31852 - MoonIOAGNO,83377.568,86400.000,3022.432,
Contact STARLINK-31852 - MoonIOAGNO 0001,0.000,31574.052,31574.052,
Contact STARLINK-31852 - MoonIOAGNO 0001,32445.404,42859.210,10413.806,
Contact STARLINK-31852 - MoonIOAGNO 0001,43752.493,70786.821,27034.328,
Contact STARLINK-31852 - MoonIOAGNO 0001,72087.829,82007.049,9919.219,
Contact STARLINK-31852 - MoonIOAGNO 0001,83423.818,86400.000,2976.182,
Contact STARLINK-31852 - MoonIOAGSO,0.000,31506.795,31506.795,
Contact STARLINK-31852 - MoonIOAGSO,32485.015,42738.600,10253.584,
Contact STARLINK-31852 - MoonIOAGSO,43782.849,53999.860,10217.012,
Contact STARLINK-31852 - MoonIOAGSO,56033.660,70730.259,14696.599,
Contact STARLINK-31852 - MoonIOAGSO,72133.223,81943.232,9810.009,
Contact STARLINK-31852 - MoonIOAGSO,83407.685,86400.000,2992.315,
Contact STARLINK-31852 - MoonIOAGSO 0001,0.000,3525.874,3525.874,
Contact STARLINK-31852 - MoonIOAGSO 0001,4050.712,42730.707,38679.995,
Contact STARLINK-31852 - MoonIOAGSO 0001,43849.541,53917.770,10068.229,
Contact STARLINK-31852 - MoonIOAGSO 0001,55156.609,70774.876,15618.267,
Contact STARLINK-31852 - MoonIOAGSO 0001,72089.165,81963.651,9874.486,
Contact STARLINK-31852 - MoonIOAGSO 0001,83436.583,86400.000,2963.417,
Contact STARLINK-31852 - MoonLRO,0.000,42779.305,42779.305,
Contact STARLINK-31852 - MoonLRO,43796.765,53997.316,10200.551,
Contact STARLINK-31852 - MoonLRO,55140.323,70770.181,15629.858,
Contact STARLINK-31852 - MoonLRO,72101.783,81993.711,9891.928,
Contact STARLINK-31852 - MoonLRO,83422.932,86400.000,2977.068,
Contact STARLINK-31852 - MarsSat1,4586.426,31532.501,26946.076,
Contact STARLINK-31852 - MarsSat1,32676.523,42736.844,10060.322,
Contact STARLINK-31852 - MarsSat1,43910.673,53941.175,10030.502,
Contact STARLINK-31852 - MarsSat1,55143.941,81952.299,26808.358,
Contact STARLINK-31852 - MarsSat1,83224.203,86400.000,3175.797,
Contact STARLINK-31852 - MarsSat2,0.000,3520.914,3520.914,
Contact STARLINK-31852 - MarsSat2,4586.024,31533.001,26946.977,
Contact STARLINK-31852 - MarsSat2,32676.484,42737.488,10061.003,
Contact STARLINK-31852 - MarsSat2,43911.110,53941.877,10030.767,
Contact STARLINK-31852 - MarsSat2,55144.811,81952.596,26807.785,
Contact STARLINK-31852 - MarsSat2,83225.149,86400.000,3174.851,
Contact STARLINK-31852 - MarsSat3,0.000,3520.523,3520.523,
Contact STARLINK-31852 - MarsSat3,4586.400,31532.832,26946.432,
Contact STARLINK-31852 - MarsSat3,32676.151,42737.237,10061.086,
Contact STARLINK-31852 - MarsSat3,43910.774,53941.475,10030.700,
Contact STARLINK-31852 - MarsSat3,55144.462,81951.982,26807.520,
Contact STARLINK-31852 - MarsSat3,83224.519,86400.000,3175.481,
Contact STARLINK-31852 - MarsSat4,0.000,3520.937,3520.937,
Contact STARLINK-31852 - MarsSat4,4586.620,31532.526,26945.906,
Contact STARLINK-31852 - MarsSat4,32676.361,42736.691,10060.330,
Contact STARLINK-31852 - MarsSat4,43910.858,53941.229,10030.372,
Contact STARLINK-31852 - MarsSat4,55144.048,81952.129,26808.081,
Contact STARLINK-31852 - MarsSat4,83224.356,86400.000,3175.644,
Contact STARLINK-1666 - STARLINK-1293,0.000,152.204,152.204,
Contact STARLINK-1666 - STARLINK-1293,10737.766,14478.906,3741.140,
Contact STARLINK-1666 - STARLINK-1293,25064.382,28800.111,3735.728,
Contact STARLINK-1666 - STARLINK-1293,39396.282,40259.196,862.915,
Contact STARLINK-1666 - STARLINK-1293,53723.018,54585.708,862.690,
Contact STARLINK-1666 - STARLINK-1293,68055.043,68906.714,851.671,
Contact STARLINK-1666 - STARLINK-1293,82381.901,83233.088,851.187,
Contact STARLINK-1666 - STARLINK-30879,0.000,613.876,613.876,
Contact STARLINK-1666 - STARLINK-30879,13977.052,14668.460,691.408,
Contact STARLINK-1666 - STARLINK-31345,69025.071,86400.000,17374.929,
Contact STARLINK-1666 - STARLINK-31690,53380.273,54325.210,944.937,
Contact STARLINK-1666 - STARLINK-31690,64469.560,71614.322,7144.763,
Contact STARLINK-1666 - STARLINK-31690,78507.169,85797.730,7290.562,
Contact STARLINK-1666 - STARLINK-4675,32362.328,32944.764,582.435,
Contact STARLINK-1666 - STARLINK-4675,46656.396,47278.142,621.746,
Contact STARLINK-1666 - STARLINK-4675,60966.316,61595.805,629.489,
Contact STARLINK-1666 - STARLINK-4675,75261.875,75927.681,665.806,
Contact STARLINK-1666 - STARLINK-1788,2978.273,3660.644,682.371,
Contact STARLINK-1666 - STARLINK-1788,28746.033,29453.578,707.546,
Contact STARLINK-1666 - STARLINK-1788,43074.933,43768.741,693.808,
Contact STARLINK-1666 - STARLINK-1788,57386.614,58102.051,715.436,
Contact STARLINK-1666 - STARLINK-1788,71715.421,72417.282,701.861,
Contact STARLINK-1666 - STARLINK-1788,86027.205,86400.000,372.795,
Contact STARLINK-1666 - STARLINK-1080,3492.102,3722.091,229.990,
Contact STARLINK-1666 - STARLINK-31554,28633.596,29019.768,386.173,
Contact STARLINK-1666 - STARLINK-31554,42607.004,43359.009,752.005,
Contact STARLINK-1666 - STARLINK-31554,53858.738,54756.178,897.440,
Contact STARLINK-1666 - STARLINK-31554,67980.553,68944.376,963.823,
Contact STARLINK-1666 - STARLINK-31554,82156.175,83079.067,922.891,
Contact STARLINK-1666 - STARLINK-4383,0.000,416.804,416.804,
Contact STARLINK-1666 - STARLINK-1303,0.000,306.059,306.059,
Contact STARLINK-1666 - STARLINK-1303,13881.044,14630.330,749.286,
Contact STARLINK-1666 - STARLINK-1303,28209.851,28951.040,741.189,
Contact STARLINK-1666 - STARLINK-1303,42535.516,43275.229,739.713,
Contact STARLINK-1666 - STARLINK-1303,53997.336,54733.144,735.809,
Contact STARLINK-1666 - STARLINK-1303,68326.220,69053.745,727.525,
Contact STARLINK-1666 - STARLINK-1303,82651.965,83377.818,725.853,
Contact STARLINK-1666 - STARLINK-11265 [DTC],60514.726,67584.492,7069.765,
Contact STARLINK-1666 - STARLINK-11265 [DTC],68914.242,75745.594,6831.352,
Contact STARLINK-1666 - STARLINK-5831,2881.861,4044.755,1162.894,
Contact STARLINK-1666 - STARLINK-5831,11482.002,18380.078,6898.076,
Contact STARLINK-1666 - STARLINK-5831,28690.013,32707.070,4017.058,
Contact STARLINK-1666 - STARLINK-5831,43034.319,47040.891,4006.572,
Contact STARLINK-1666 - STARLINK-5831,57372.350,61366.395,3994.046,
Contact STARLINK-1666 - STARLINK-5831,71718.140,75698.737,3980.597,
Contact STARLINK-1666 - STARLINK-5831,86057.577,86400.000,342.423,
Contact STARLINK-1666 - STARLINK-31034,7005.756,86400.000,79394.244,
Contact STARLINK-1666 - STARLINK-3815,0.000,365.568,365.568,
Contact STARLINK-1666 - STARLINK-3815,13705.658,14600.995,895.338,
Contact STARLINK-1666 - STARLINK-3815,25076.604,28815.068,3738.464,
Contact STARLINK-1666 - STARLINK-3815,39307.841,40176.301,868.460,
Contact STARLINK-1666 - STARLINK-3815,53550.394,54365.962,815.569,
Contact STARLINK-1666 - STARLINK-3815,67817.333,68530.921,713.589,
Contact STARLINK-1666 - STARLINK-31611,3017.666,4349.193,1331.527,
Contact STARLINK-1666 - STARLINK-31611,11491.250,18516.301,7025.051,
Contact STARLINK-1666 - STARLINK-31611,28582.525,32548.200,3965.675,
Contact STARLINK-1666 - STARLINK-31611,42995.800,43666.667,670.867,
Contact STARLINK-1666 - MoonARTEMIS1,0.000,86400.000,86400.000,
Contact STARLINK-1666 - MoonARTEMIS2,0.000,59994.795,59994.795,
Contact STARLINK-1666 - MoonARTEMIS2,62669.730,86400.000,23730.270,
Contact STARLINK-1666 - MoonIOAGEO,0.000,16295.667,16295.667,
Contact STARLINK-1666 - MoonIOAGEO,19867.579,60103.579,40236.000,
Contact STARLINK-1666 - MoonIOAGEO,64004.105,86400.000,22395.895,
Contact STARLINK-1666 - MoonIOAGNO,0.000,86400.000,86400.000,
Contact STARLINK-1666 - MoonIOAGNO 0001,0.000,86400.000,86400.000,
Contact STARLINK-1666 - MoonIOAGSO,0.000,86400.000,86400.000,
Contact STARLINK-1666 - MoonIOAGSO 0001,0.000,86400.000,86400.000,
Contact STARLINK-1666 - MoonLRO,0.000,86400.000,86400.000,
Contact STARLINK-1666 - MarsSat1,1335.960,86400.000,85064.040,
Contact STARLINK-1666 - MarsSat2,0.000,86400.000,86400.000,
Contact STARLINK-1666 - MarsSat3,0.000,86400.000,86400.000,
Contact STARLINK-1666 - MarsSat4,0.000,86400.000,86400.000,
Contact STARLINK-1293 - STARLINK-30879,669.293,13621.753,12952.460,
Contact STARLINK-1293 - STARLINK-30879,14893.967,22019.032,7125.065,
Contact STARLINK-1293 - STARLINK-30879,32234.301,33097.565,863.264,
Contact STARLINK-1293 - STARLINK-31345,28731.558,29434.729,703.171,
Contact STARLINK-1293 - STARLINK-31345,42857.808,43732.522,874.714,
Contact STARLINK-1293 - STARLINK-31345,57027.546,57986.635,959.089,
Contact STARLINK-1293 - STARLINK-31345,68382.972,72215.867,3832.896,
Contact STARLINK-1293 - STARLINK-31345,82601.723,86400.000,3798.277,
Contact STARLINK-1293 - STARLINK-31690,17499.363,18358.226,858.863,
Contact STARLINK-1293 - STARLINK-31690,25662.297,35905.697,10243.400,
Contact STARLINK-1293 - STARLINK-31690,36711.149,50172.269,13461.121,
Contact STARLINK-1293 - STARLINK-31690,50811.928,64032.085,13220.157,
Contact STARLINK-1293 - STARLINK-31690,65290.895,72259.637,6968.742,
Contact STARLINK-1293 - STARLINK-1788,6826.595,7917.361,1090.766,
Contact STARLINK-1293 - STARLINK-1788,21150.378,22249.101,1098.723,
Contact STARLINK-1293 - STARLINK-1788,35481.951,36572.806,1090.856,
Contact STARLINK-1293 - STARLINK-1788,49805.822,50904.439,1098.616,
Contact STARLINK-1293 - STARLINK-1788,64137.482,65228.050,1090.568,
Contact STARLINK-1293 - STARLINK-1788,72730.304,79559.575,6829.271,
Contact STARLINK-1293 - STARLINK-1080,10099.273,10940.291,841.018,
Contact STARLINK-1293 - STARLINK-1080,21553.957,25240.046,3686.088,
Contact STARLINK-1293 - STARLINK-1080,35874.767,36680.504,805.737,
Contact STARLINK-1293 - STARLINK-1080,50192.860,50982.077,789.218,
Contact STARLINK-1293 - STARLINK-1080,64515.463,65279.250,763.787,
Contact STARLINK-1293 - STARLINK-1080,78835.072,79579.214,744.142,
Contact STARLINK-1293 - STARLINK-4356,71956.018,72484.203,528.184,
Contact STARLINK-1293 - STARLINK-4356,86319.914,86400.000,80.086,
Contact STARLINK-1293 - STARLINK-31554,29774.427,85630.650,55856.222,
Contact STARLINK-1293 - STARLINK-4383,0.000,554.617,554.617,
Contact STARLINK-1293 - STARLINK-4383,14131.161,14924.393,793.233,
Contact STARLINK-1293 - STARLINK-4383,28497.626,29287.561,789.935,
Contact STARLINK-1293 - STARLINK-4383,42858.725,43657.538,798.814,
Contact STARLINK-1293 - STARLINK-4383,57225.568,58020.369,794.801,
Contact STARLINK-1293 - STARLINK-4383,71586.576,72390.470,803.894,
Contact STARLINK-1293 - STARLINK-4383,85953.853,86400.000,446.147,
Contact STARLINK-1293 - STARLINK-5713,0.000,554.412,554.412,
Contact STARLINK-1293 - STARLINK-5713,14285.629,14885.774,600.145,
Contact STARLINK-1293 - STARLINK-5713,28649.034,29208.184,559.149,
Contact STARLINK-1293 - STARLINK-5713,43004.884,43537.823,532.939,
Contact STARLINK-1293 - STARLINK-5713,57371.263,57857.243,485.980,
Contact STARLINK-1293 - STARLINK-5713,71729.522,72184.445,454.923,
Contact STARLINK-1293 - STARLINK-5713,86100.538,86400.000,299.462,
Contact STARLINK-1293 - STARLINK-1303,0.000,86400.000,86400.000,
Contact STARLINK-1293 - STARLINK-11265 [DTC],53911.055,54153.111,242.057,
Contact STARLINK-1293 - STARLINK-11265 [DTC],67631.493,68426.945,795.452,
Contact STARLINK-1293 - STARLINK-11265 [DTC],78805.740,79643.577,837.837,
Contact STARLINK-1293 - STARLINK-4612,6759.720,7715.826,956.106,
Contact STARLINK-1293 - STARLINK-4612,21081.195,22033.420,952.225,
Contact STARLINK-1293 - STARLINK-4612,35410.809,36342.920,932.112,
Contact STARLINK-1293 - STARLINK-4612,49732.956,50659.833,926.877,
Contact STARLINK-1293 - STARLINK-4612,61194.091,64968.481,3774.390,
Contact STARLINK-1293 - STARLINK-4612,75524.929,79284.700,3759.771,
Contact STARLINK-1293 - STARLINK-5831,10135.879,10944.256,808.377,
Contact STARLINK-1293 - STARLINK-5831,24506.055,25256.295,750.239,
Contact STARLINK-1293 - STARLINK-5831,35996.294,36711.708,715.414,
Contact STARLINK-1293 - STARLINK-5831,50350.492,51039.409,688.918,
Contact STARLINK-1293 - STARLINK-5831,64727.095,65345.021,617.926,
Contact STARLINK-1293 - STARLINK-5831,79084.230,79669.760,585.529,
Contact STARLINK-1293 - STARLINK-31034,0.000,426.920,426.920,
Contact STARLINK-1293 - STARLINK-31034,13826.703,14688.558,861.855,
Contact STARLINK-1293 - STARLINK-31034,25180.423,28924.249,3743.826,
Contact STARLINK-1293 - STARLINK-31034,39393.233,40298.934,905.702,
Contact STARLINK-1293 - STARLINK-31034,53624.036,54499.498,875.461,
Contact STARLINK-1293 - STARLINK-31034,67879.508,68675.831,796.323,
Contact STARLINK-1293 - STARLINK-31034,82156.974,82830.257,673.283,
Contact STARLINK-1293 - STARLINK-3815,0.000,58437.572,58437.572,
Contact STARLINK-1293 - STARLINK-31611,10258.121,11101.606,843.486,
Contact STARLINK-1293 - STARLINK-31611,21506.633,25363.740,3857.107,
Contact STARLINK-1293 - STARLINK-31611,35642.368,36718.419,1076.050,
Contact STARLINK-1293 - STARLINK-31611,49847.964,50846.198,998.233,
Contact STARLINK-1293 - STARLINK-31611,64147.567,64881.908,734.340,
Contact STARLINK-1293 - MoonARTEMIS1,0.000,3112.955,3112.955,
Contact STARLINK-1293 - MoonARTEMIS1,5237.728,8865.548,3627.819,
Contact STARLINK-1293 - MoonARTEMIS1,10994.203,20383.620,9389.417,
Contact STARLINK-1293 - MoonARTEMIS1,22525.983,31888.661,9362.678,
Contact STARLINK-1293 - MoonARTEMIS1,34021.483,37633.111,3611.628,
Contact STARLINK-1293 - MoonARTEMIS1,39766.531,49122.295,9355.765,
Contact STARLINK-1293 - MoonARTEMIS1,51257.851,60612.725,9354.873,
Contact STARLINK-1293 - MoonARTEMIS1,62751.166,66358.542,3607.376,
Contact STARLINK-1293 - MoonARTEMIS1,68498.647,77851.657,9353.010,
Contact STARLINK-1293 - MoonARTEMIS1,79995.499,86400.000,6404.501,
Contact STARLINK-1293 - MoonARTEMIS2,0.000,3174.447,3174.447,
Contact STARLINK-1293 - MoonARTEMIS2,5310.353,8923.093,3612.740,
Contact STARLINK-1293 - MoonARTEMIS2,11060.494,20418.058,9357.564,
Contact STARLINK-1293 - MoonARTEMIS2,22557.961,31909.876,9351.915,
Contact STARLINK-1293 - MoonARTEMIS2,34051.510,37654.493,3602.983,
Contact STARLINK-1293 - MoonARTEMIS2,39796.613,49140.570,9343.957,
Contact STARLINK-1293 - MoonARTEMIS2,51282.437,60004.427,8721.990,
Contact STARLINK-1293 - MoonARTEMIS2,62781.278,66392.352,3611.074,
Contact STARLINK-1293 - MoonARTEMIS2,68543.087,77902.343,9359.256,
Contact STARLINK-1293 - MoonARTEMIS2,80056.025,86400.000,6343.975,
Contact STARLINK-1293 - MoonIOAGEO,0.000,3125.168,3125.168,
Contact STARLINK-1293 - MoonIOAGEO,5251.222,8874.575,3623.353,
Contact STARLINK-1293 - MoonIOAGEO,11005.084,14632.024,3626.940,
Contact STARLINK-1293 - MoonIOAGEO,22529.697,31898.150,9368.453,
Contact STARLINK-1293 - MoonIOAGEO,34034.437,37639.113,3604.675,
Contact STARLINK-1293 - MoonIOAGEO,39774.708,49120.901,9346.193,
Contact STARLINK-1293 - MoonIOAGEO,51261.381,60141.246,8879.865,
Contact STARLINK-1293 - MoonIOAGEO,64081.198,66388.605,2307.407,
Contact STARLINK-1293 - MoonIOAGEO,68538.247,77886.808,9348.561,
Contact STARLINK-1293 - MoonIOAGEO,80034.470,86400.000,6365.530,
Contact STARLINK-1293 - MoonIOAGNO,0.000,3123.187,3123.187,
Contact STARLINK-1293 - MoonIOAGNO,5255.368,8886.990,3631.622,
Contact STARLINK-1293 - MoonIOAGNO,11021.917,20378.044,9356.127,
Contact STARLINK-1293 - MoonIOAGNO,22512.494,31864.640,9352.146,
Contact STARLINK-1293 - MoonIOAGNO,34004.403,37613.225,3608.823,
Contact STARLINK-1293 - MoonIOAGNO,39754.775,49124.407,9369.632,
Contact STARLINK-1293 - MoonIOAGNO,51270.885,60628.977,9358.092,
Contact STARLINK-1293 - MoonIOAGNO,62772.964,66367.813,3594.848,
Contact STARLINK-1293 - MoonIOAGNO,68514.947,77855.568,9340.621,
Contact STARLINK-1293 - MoonIOAGNO,80006.921,86400.000,6393.079,
Contact STARLINK-1293 - MoonIOAGNO 0001,0.000,3121.692,3121.692,
Contact STARLINK-1293 - MoonIOAGNO 0001,5252.729,8866.555,3613.826,
Contact STARLINK-1293 - MoonIOAGNO 0001,11000.026,20367.158,9367.133,
Contact STARLINK-1293 - MoonIOAGNO 0001,22504.063,31889.717,9385.654,
Contact STARLINK-1293 - MoonIOAGNO 0001,34029.227,37635.309,3606.082,
Contact STARLINK-1293 - MoonIOAGNO 0001,39772.677,49115.623,9342.946,
Contact STARLINK-1293 - MoonIOAGNO 0001,51259.375,60609.791,9350.416,
Contact STARLINK-1293 - MoonIOAGNO 0001,62757.363,66363.047,3605.684,
Contact STARLINK-1293 - MoonIOAGNO 0001,68512.703,77883.277,9370.574,
Contact STARLINK-1293 - MoonIOAGNO 0001,80030.718,86400.000,6369.282,
Contact STARLINK-1293 - MoonIOAGSO,0.000,3132.930,3132.930,
Contact STARLINK-1293 - MoonIOAGSO,5257.591,8879.163,3621.572,
Contact STARLINK-1293 - MoonIOAGSO,12425.948,20404.908,7978.961,
Contact STARLINK-1293 - MoonIOAGSO,22536.671,31901.032,9364.361,
Contact STARLINK-1293 - MoonIOAGSO,34032.514,37644.449,3611.934,
Contact STARLINK-1293 - MoonIOAGSO,39777.419,49127.560,9350.141,
Contact STARLINK-1293 - MoonIOAGSO,51267.830,60646.159,9378.330,
Contact STARLINK-1293 - MoonIOAGSO,62792.395,66399.313,3606.918,
Contact STARLINK-1293 - MoonIOAGSO,68543.835,77891.391,9347.556,
Contact STARLINK-1293 - MoonIOAGSO,80036.410,86400.000,6363.590,
Contact STARLINK-1293 - MoonIOAGSO 0001,0.000,3155.731,3155.731,
Contact STARLINK-1293 - MoonIOAGSO 0001,5279.583,8902.734,3623.151,
Contact STARLINK-1293 - MoonIOAGSO 0001,11026.864,20389.388,9362.524,
Contact STARLINK-1293 - MoonIOAGSO 0001,22517.468,31879.976,9362.509,
Contact STARLINK-1293 - MoonIOAGSO 0001,34247.711,37647.946,3400.235,
Contact STARLINK-1293 - MoonIOAGSO 0001,39788.734,49152.003,9363.269,
Contact STARLINK-1293 - MoonIOAGSO 0001,51289.881,60639.808,9349.927,
Contact STARLINK-1293 - MoonIOAGSO 0001,62779.785,66380.721,3600.936,
Contact STARLINK-1293 - MoonIOAGSO 0001,68523.069,76323.641,7800.572,
Contact STARLINK-1293 - MoonIOAGSO 0001,80036.721,86400.000,6363.279,
Contact STARLINK-1293 - MoonLRO,0.000,3139.244,3139.244,
Contact STARLINK-1293 - MoonLRO,5261.734,8891.920,3630.185,
Contact STARLINK-1293 - MoonLRO,11014.399,20385.911,9371.512,
Contact STARLINK-1293 - MoonLRO,22524.895,31882.643,9357.749,
Contact STARLINK-1293 - MoonLRO,34022.954,37635.866,3612.912,
Contact STARLINK-1293 - MoonLRO,39770.355,49137.582,9367.227,
Contact STARLINK-1293 - MoonLRO,51275.230,60628.006,9352.776,
Contact STARLINK-1293 - MoonLRO,62780.821,66376.219,3595.397,
Contact STARLINK-1293 - MoonLRO,68527.866,77880.635,9352.769,
Contact STARLINK-1293 - MoonLRO,80022.730,86400.000,6377.270,
Contact STARLINK-1293 - MarsSat1,5397.057,9036.624,3639.567,
Contact STARLINK-1293 - MarsSat1,11134.174,20509.572,9375.397,
Contact STARLINK-1293 - MarsSat1,22608.335,31982.433,9374.098,
Contact STARLINK-1293 - MarsSat1,34082.379,37718.831,3636.452,
Contact STARLINK-1293 - MarsSat1,39819.362,49191.581,9372.219,
Contact STARLINK-1293 - MarsSat1,51293.277,60664.300,9371.023,
Contact STARLINK-1293 - MarsSat1,62767.166,66400.660,3633.494,
Contact STARLINK-1293 - MarsSat1,68504.113,77873.389,9369.275,
Contact STARLINK-1293 - MarsSat1,79978.017,86400.000,6421.983,
Contact STARLINK-1293 - MarsSat2,0.000,3300.043,3300.043,
Contact STARLINK-1293 - MarsSat2,5396.938,9036.498,3639.560,
Contact STARLINK-1293 - MarsSat2,11134.033,20509.435,9375.402,
Contact STARLINK-1293 - MarsSat2,22608.222,31982.359,9374.137,
Contact STARLINK-1293 - MarsSat2,34082.365,37718.807,3636.442,
Contact STARLINK-1293 - MarsSat2,39819.414,49191.672,9372.257,
Contact STARLINK-1293 - MarsSat2,51293.466,60664.491,9371.025,
Contact STARLINK-1293 - MarsSat2,62767.455,66400.884,3633.429,
Contact STARLINK-1293 - MarsSat2,68504.427,77873.636,9369.209,
Contact STARLINK-1293 - MarsSat2,79978.322,86400.000,6421.678,
Contact STARLINK-1293 - MarsSat3,0.000,3300.176,3300.176,
Contact STARLINK-1293 - MarsSat3,5397.036,9036.586,3639.550,
Contact STARLINK-1293 - MarsSat3,11134.068,20509.405,9375.337,
Contact STARLINK-1293 - MarsSat3,22608.152,31982.289,9374.136,
Contact STARLINK-1293 - MarsSat3,34082.271,37718.739,3636.468,
Contact STARLINK-1293 - MarsSat3,39819.321,49191.622,9372.301,
Contact STARLINK-1293 - MarsSat3,51293.382,60664.458,9371.077,
Contact STARLINK-1293 - MarsSat3,62767.371,66400.852,3633.482,
Contact STARLINK-1293 - MarsSat3,68504.334,77873.580,9369.246,
Contact STARLINK-1293 - MarsSat3,79978.191,86400.000,6421.809,
Contact STARLINK-1293 - MarsSat4,0.000,3300.181,3300.181,
Contact STARLINK-1293 - MarsSat4,5397.109,9036.681,3639.572,
Contact STARLINK-1293 - MarsSat4,11134.189,20509.499,9375.311,
Contact STARLINK-1293 - MarsSat4,22608.193,31982.377,9374.184,
Contact STARLINK-1293 - MarsSat4,34082.353,37718.858,3636.505,
Contact STARLINK-1293 - MarsSat4,39819.404,49191.645,9372.241,
Contact STARLINK-1293 - MarsSat4,51293.326,60664.329,9371.003,
Contact STARLINK-1293 - MarsSat4,62767.267,66400.776,3633.509,
Contact STARLINK-1293 - MarsSat4,68504.285,77873.536,9369.250,
Contact STARLINK-1293 - MarsSat4,79978.141,86400.000,6421.859,
Contact STARLINK-30879 - STARLINK-5058,35453.362,36025.950,572.588,
Contact STARLINK-30879 - STARLINK-5058,46514.433,53408.831,6894.398,
Contact STARLINK-30879 - STARLINK-5058,60537.762,67672.134,7134.373,
Contact STARLINK-30879 - STARLINK-5058,69039.408,76139.514,7100.106,
Contact STARLINK-30879 - STARLINK-5058,86222.775,86400.000,177.225,
Contact STARLINK-30879 - STARLINK-5239,86295.951,86400.000,104.049,
Contact STARLINK-30879 - STARLINK-6135,56579.482,86400.000,29820.518,
Contact STARLINK-30879 - STARLINK-1788,0.000,27937.854,27937.854,
Contact STARLINK-30879 - STARLINK-1080,0.000,2979.247,2979.247,
Contact STARLINK-30879 - STARLINK-1080,10107.539,11439.246,1331.707,
Contact STARLINK-30879 - STARLINK-1080,18672.092,25442.541,6770.449,
Contact STARLINK-30879 - STARLINK-1080,35932.948,36549.649,616.701,
Contact STARLINK-30879 - STARLINK-4356,68208.478,69093.909,885.431,
Contact STARLINK-30879 - STARLINK-4356,82339.109,83376.092,1036.983,
Contact STARLINK-30879 - STARLINK-4383,82700.996,82816.935,115.939,
Contact STARLINK-30879 - STARLINK-30052,64562.217,65291.428,729.211,
Contact STARLINK-30879 - STARLINK-30052,78601.623,79614.775,1013.152,
Contact STARLINK-30879 - STARLINK-1303,3708.366,13702.227,9993.861,
Contact STARLINK-30879 - STARLINK-1303,21213.195,21907.916,694.721,
Contact STARLINK-30879 - STARLINK-4612,0.000,39431.362,39431.362,
Contact STARLINK-30879 - STARLINK-4612,46589.494,47488.830,899.336,
Contact STARLINK-30879 - STARLINK-5831,0.000,328.659,328.659,
Contact STARLINK-30879 - STARLINK-3815,0.000,39556.983,39556.983,
Contact STARLINK-30879 - STARLINK-3815,39993.560,53409.202,13415.642,
Contact STARLINK-30879 - STARLINK-3815,54253.074,64504.994,10251.920,
Contact STARLINK-30879 - STARLINK-3815,71374.561,72829.220,1454.659,
Contact STARLINK-30879 - STARLINK-3815,85702.498,86400.000,697.502,
Contact STARLINK-30879 - MoonARTEMIS1,0.000,2877.214,2877.214,
Contact STARLINK-30879 - MoonARTEMIS1,5063.886,14131.682,9067.796,
Contact STARLINK-30879 - MoonARTEMIS1,16320.725,19766.589,3445.864,
Contact STARLINK-30879 - MoonARTEMIS1,21958.682,29833.090,7874.408,
Contact STARLINK-30879 - MoonARTEMIS1,33194.823,42249.484,9054.662,
Contact STARLINK-30879 - MoonARTEMIS1,44428.033,53486.568,9058.535,
Contact STARLINK-30879 - MoonARTEMIS1,55664.132,59106.193,3442.060,
Contact STARLINK-30879 - MoonARTEMIS1,66903.113,70347.743,3444.630,
Contact STARLINK-30879 - MoonARTEMIS1,72523.756,81592.771,9069.015,
Contact STARLINK-30879 - MoonARTEMIS1,83767.690,86400.000,2632.310,
Contact STARLINK-30879 - MoonARTEMIS2,0.000,2946.442,2946.442,
Contact STARLINK-30879 - MoonARTEMIS2,5132.198,14190.591,9058.393,
Contact STARLINK-30879 - MoonARTEMIS2,16374.962,19811.591,3436.629,
Contact STARLINK-30879 - MoonARTEMIS2,21995.166,31051.137,9055.971,
Contact STARLINK-30879 - MoonARTEMIS2,33232.863,42286.485,9053.622,
Contact STARLINK-30879 - MoonARTEMIS2,44465.843,53514.938,9049.095,
Contact STARLINK-30879 - MoonARTEMIS2,55690.574,59127.577,3437.003,
Contact STARLINK-30879 - MoonARTEMIS2,66944.806,70398.383,3453.577,
Contact STARLINK-30879 - MoonARTEMIS2,72576.561,81660.640,9084.078,
Contact STARLINK-30879 - MoonARTEMIS2,83834.689,86400.000,2565.311,
Contact STARLINK-30879 - MoonIOAGEO,0.000,2893.606,2893.606,
Contact STARLINK-30879 - MoonIOAGEO,5077.918,14141.161,9063.243,
Contact STARLINK-30879 - MoonIOAGEO,21960.321,31028.685,9068.364,
Contact STARLINK-30879 - MoonIOAGEO,33210.296,42259.234,9048.939,
Contact STARLINK-30879 - MoonIOAGEO,44438.093,53496.971,9058.879,
Contact STARLINK-30879 - MoonIOAGEO,55678.725,59126.913,3448.188,
Contact STARLINK-30879 - MoonIOAGEO,66940.749,70391.898,3451.149,
Contact STARLINK-30879 - MoonIOAGEO,72568.692,81632.925,9064.232,
Contact STARLINK-30879 - MoonIOAGEO,83803.758,86400.000,2596.242,
Contact STARLINK-30879 - MoonIOAGNO,0.000,2897.510,2897.510,
Contact STARLINK-30879 - MoonIOAGNO,5082.957,14153.159,9070.202,
Contact STARLINK-30879 - MoonIOAGNO,16339.955,19776.985,3437.030,
Contact STARLINK-30879 - MoonIOAGNO,21962.047,31016.978,9054.930,
Contact STARLINK-30879 - MoonIOAGNO,33200.543,42256.400,9055.857,
Contact STARLINK-30879 - MoonIOAGNO,44438.369,53507.214,9068.846,
Contact STARLINK-30879 - MoonIOAGNO,55691.945,59139.433,3447.487,
Contact STARLINK-30879 - MoonIOAGNO,66940.859,70382.038,3441.179,
Contact STARLINK-30879 - MoonIOAGNO,72560.186,81621.840,9061.654,
Contact STARLINK-30879 - MoonIOAGNO,83797.645,86400.000,2602.355,
Contact STARLINK-30879 - MoonIOAGNO 0001,0.000,2907.804,2907.804,
Contact STARLINK-30879 - MoonIOAGNO 0001,5093.472,14146.485,9053.012,
Contact STARLINK-30879 - MoonIOAGNO 0001,16331.155,19766.004,3434.850,
Contact STARLINK-30879 - MoonIOAGNO 0001,21950.218,31012.780,9062.562,
Contact STARLINK-30879 - MoonIOAGNO 0001,33200.279,42268.538,9068.259,
Contact STARLINK-30879 - MoonIOAGNO 0001,44451.077,53508.430,9057.353,
Contact STARLINK-30879 - MoonIOAGNO 0001,55689.260,59128.133,3438.873,
Contact STARLINK-30879 - MoonIOAGNO 0001,66927.380,70371.971,3444.591,
Contact STARLINK-30879 - MoonIOAGNO 0001,72550.040,81635.058,9085.018,
Contact STARLINK-30879 - MoonIOAGNO 0001,83810.720,86400.000,2589.280,
Contact STARLINK-30879 - MoonIOAGSO,0.000,2892.596,2892.596,
Contact STARLINK-30879 - MoonIOAGSO,5079.937,14153.775,9073.838,
Contact STARLINK-30879 - MoonIOAGSO,16337.837,19774.545,3436.707,
Contact STARLINK-30879 - MoonIOAGSO,21956.245,31012.342,9056.097,
Contact STARLINK-30879 - MoonIOAGSO,33192.955,42253.342,9060.387,
Contact STARLINK-30879 - MoonIOAGSO,44434.658,53507.827,9073.169,
Contact STARLINK-30879 - MoonIOAGSO,56038.280,59138.675,3100.395,
Contact STARLINK-30879 - MoonIOAGSO,66934.427,70380.951,3446.524,
Contact STARLINK-30879 - MoonIOAGSO,72553.551,81622.383,9068.832,
Contact STARLINK-30879 - MoonIOAGSO,83794.295,86400.000,2605.705,
Contact STARLINK-30879 - MoonIOAGSO 0001,0.000,2902.610,2902.610,
Contact STARLINK-30879 - MoonIOAGSO 0001,5085.961,14140.032,9054.071,
Contact STARLINK-30879 - MoonIOAGSO 0001,16323.624,19760.708,3437.084,
Contact STARLINK-30879 - MoonIOAGSO 0001,21944.942,31013.222,9068.280,
Contact STARLINK-30879 - MoonIOAGSO 0001,34250.272,42266.464,8016.192,
Contact STARLINK-30879 - MoonIOAGSO 0001,44444.825,53505.830,9061.006,
Contact STARLINK-30879 - MoonIOAGSO 0001,55682.594,59126.241,3443.647,
Contact STARLINK-30879 - MoonIOAGSO 0001,66925.297,70372.207,3446.909,
Contact STARLINK-30879 - MoonIOAGSO 0001,72551.386,81634.142,9082.756,
Contact STARLINK-30879 - MoonIOAGSO 0001,83805.589,86400.000,2594.411,
Contact STARLINK-30879 - MoonLRO,0.000,2901.325,2901.325,
Contact STARLINK-30879 - MoonLRO,5086.458,14152.256,9065.798,
Contact STARLINK-30879 - MoonLRO,16331.903,19771.817,3439.914,
Contact STARLINK-30879 - MoonLRO,21958.388,31012.574,9054.186,
Contact STARLINK-30879 - MoonLRO,33199.975,42266.313,9066.338,
Contact STARLINK-30879 - MoonLRO,44440.526,53508.388,9067.862,
Contact STARLINK-30879 - MoonLRO,55692.940,59128.568,3435.627,
Contact STARLINK-30879 - MoonLRO,66932.760,70381.626,3448.866,
Contact STARLINK-30879 - MoonLRO,72552.409,81629.850,9077.440,
Contact STARLINK-30879 - MoonLRO,83804.078,86400.000,2595.922,
Contact STARLINK-30879 - MarsSat1,5165.213,14245.289,9080.077,
Contact STARLINK-30879 - MarsSat1,16388.486,19857.206,3468.720,
Contact STARLINK-30879 - MarsSat1,22000.116,31081.026,9080.910,
Contact STARLINK-30879 - MarsSat1,33223.355,42304.842,9081.487,
Contact STARLINK-30879 - MarsSat1,44446.593,53528.709,9082.116,
Contact STARLINK-30879 - MarsSat1,55669.886,59140.680,3470.794,
Contact STARLINK-30879 - MarsSat1,66893.290,70364.724,3471.434,
Contact STARLINK-30879 - MarsSat1,72505.043,81588.905,9083.861,
Contact STARLINK-30879 - MarsSat1,83728.640,86400.000,2671.360,
Contact STARLINK-30879 - MarsSat2,0.000,3021.342,3021.342,
Contact STARLINK-30879 - MarsSat2,5165.105,14245.205,9080.100,
Contact STARLINK-30879 - MarsSat2,16388.430,19857.160,3468.729,
Contact STARLINK-30879 - MarsSat2,22000.105,31081.092,9080.987,
Contact STARLINK-30879 - MarsSat2,33223.465,42305.056,9081.591,
Contact STARLINK-30879 - MarsSat2,44446.848,53529.058,9082.210,
Contact STARLINK-30879 - MarsSat2,55670.260,59141.074,3470.814,
Contact STARLINK-30879 - MarsSat2,66893.707,70365.139,3471.432,
Contact STARLINK-30879 - MarsSat2,72505.445,81589.249,9083.804,
Contact STARLINK-30879 - MarsSat2,83728.950,86400.000,2671.050,
Contact STARLINK-30879 - MarsSat3,0.000,3021.369,3021.369,
Contact STARLINK-30879 - MarsSat3,5165.091,14245.126,9080.035,
Contact STARLINK-30879 - MarsSat3,16388.333,19857.058,3468.726,
Contact STARLINK-30879 - MarsSat3,21999.997,31080.976,9080.979,
Contact STARLINK-30879 - MarsSat3,33223.348,42304.922,9081.574,
Contact STARLINK-30879 - MarsSat3,44446.707,53528.893,9082.186,
Contact STARLINK-30879 - MarsSat3,55670.080,59140.889,3470.809,
Contact STARLINK-30879 - MarsSat3,66893.478,70364.908,3471.430,
Contact STARLINK-30879 - MarsSat3,72505.190,81588.968,9083.778,
Contact STARLINK-30879 - MarsSat3,83728.650,86400.000,2671.350,
Contact STARLINK-30879 - MarsSat4,0.000,3021.487,3021.487,
Contact STARLINK-30879 - MarsSat4,5165.213,14245.175,9079.961,
Contact STARLINK-30879 - MarsSat4,16388.335,19857.034,3468.699,
Contact STARLINK-30879 - MarsSat4,21999.939,31080.966,9081.027,
Contact STARLINK-30879 - MarsSat4,33223.324,42304.859,9081.536,
Contact STARLINK-30879 - MarsSat4,44446.604,53528.747,9082.143,
Contact STARLINK-30879 - MarsSat4,55669.945,59140.793,3470.848,
Contact STARLINK-30879 - MarsSat4,66893.483,70364.913,3471.429,
Contact STARLINK-30879 - MarsSat4,72505.203,81588.950,9083.748,
Contact STARLINK-30879 - MarsSat4,83728.641,86400.000,2671.359,
Contact STARLINK-31345 - STARLINK-31690,102.540,10323.860,10221.320,
Contact STARLINK-31345 - STARLINK-31690,11329.002,21559.059,10230.057,
Contact STARLINK-31345 - STARLINK-31690,25374.232,35575.328,10201.096,
Contact STARLINK-31345 - STARLINK-31690,36635.779,43983.674,7347.895,
Contact STARLINK-31345 - STARLINK-31690,50743.290,60765.803,10022.513,
Contact STARLINK-31345 - STARLINK-31690,67688.292,69139.000,1450.708,
Contact STARLINK-31345 - STARLINK-31690,76161.228,83096.855,6935.627,
Contact STARLINK-31345 - STARLINK-1302,21587.048,22029.886,442.838,
Contact STARLINK-31345 - STARLINK-4675,10259.705,10967.931,708.226,
Contact STARLINK-31345 - STARLINK-4675,21548.207,25257.463,3709.256,
Contact STARLINK-31345 - STARLINK-4675,35686.249,36659.894,973.646,
Contact STARLINK-31345 - STARLINK-4675,49862.219,50882.085,1019.866,
Contact STARLINK-31345 - STARLINK-4675,64057.950,65084.827,1026.877,
Contact STARLINK-31345 - STARLINK-4675,75438.017,79250.693,3812.676,
Contact STARLINK-31345 - STARLINK-4356,2962.244,4030.688,1068.444,
Contact STARLINK-31345 - STARLINK-4356,14397.194,18215.037,3817.843,
Contact STARLINK-31345 - STARLINK-4356,28760.058,29517.055,756.997,
Contact STARLINK-31345 - STARLINK-31554,6593.656,7527.488,933.832,
Contact STARLINK-31345 - STARLINK-31554,17837.341,18756.860,919.520,
Contact STARLINK-31345 - STARLINK-31554,31894.542,32791.016,896.475,
Contact STARLINK-31345 - STARLINK-31554,43146.611,46813.844,3667.233,
Contact STARLINK-31345 - STARLINK-31554,57220.297,58029.630,809.333,
Contact STARLINK-31345 - STARLINK-31554,71295.117,72046.216,751.098,
Contact STARLINK-31345 - STARLINK-31554,82563.086,83251.356,688.270,
Contact STARLINK-31345 - STARLINK-4383,17674.006,18323.598,649.592,
Contact STARLINK-31345 - STARLINK-4383,25874.568,38917.209,13042.641,
Contact STARLINK-31345 - STARLINK-4383,39795.804,64666.106,24870.302,
Contact STARLINK-31345 - STARLINK-4383,65405.849,78565.916,13160.067,
Contact STARLINK-31345 - STARLINK-4383,86000.300,86400.000,399.700,
Contact STARLINK-31345 - STARLINK-5713,0.000,71233.767,71233.767,
Contact STARLINK-31345 - STARLINK-1303,3451.870,3978.358,526.488,
Contact STARLINK-31345 - STARLINK-1303,17562.090,18289.726,727.636,
Contact STARLINK-31345 - STARLINK-1303,31704.283,32568.255,863.971,
Contact STARLINK-31345 - STARLINK-1303,43041.796,46811.721,3769.925,
Contact STARLINK-31345 - STARLINK-1303,57240.140,58189.478,949.338,
Contact STARLINK-31345 - STARLINK-1303,71459.475,72390.394,930.918,
Contact STARLINK-31345 - STARLINK-1303,85710.572,86400.000,689.428,
Contact STARLINK-31345 - STARLINK-11265 [DTC],25101.505,31726.058,6624.553,
Contact STARLINK-31345 - STARLINK-11265 [DTC],38839.847,40098.982,1259.136,
Contact STARLINK-31345 - STARLINK-11265 [DTC],50012.676,51126.862,1114.185,
Contact STARLINK-31345 - STARLINK-5831,46711.013,47398.505,687.492,
Contact STARLINK-31345 - STARLINK-5831,60818.231,61732.133,913.902,
Contact STARLINK-31345 - STARLINK-5831,74974.460,76016.660,1042.201,
Contact STARLINK-31345 - STARLINK-5831,86335.388,86400.000,64.612,
Contact STARLINK-31345 - MoonARTEMIS1,0.000,86400.000,86400.000,
Contact STARLINK-31345 - MoonARTEMIS2,0.000,60022.728,60022.728,
Contact STARLINK-31345 - MoonARTEMIS2,62657.377,86400.000,23742.623,
Contact STARLINK-31345 - MoonIOAGEO,0.000,16110.949,16110.949,
Contact STARLINK-31345 - MoonIOAGEO,19935.996,60178.580,40242.584,
Contact STARLINK-31345 - MoonIOAGEO,64100.547,86400.000,22299.453,
Contact STARLINK-31345 - MoonIOAGNO,0.000,86400.000,86400.000,
Contact STARLINK-31345 - MoonIOAGNO 0001,0.000,86400.000,86400.000,
Contact STARLINK-31345 - MoonIOAGSO,0.000,86400.000,86400.000,
Contact STARLINK-31345 - MoonIOAGSO 0001,0.000,86400.000,86400.000,
Contact STARLINK-31345 - MoonLRO,0.000,86400.000,86400.000,
Contact STARLINK-31345 - MarsSat1,1334.621,86400.000,85065.379,
Contact STARLINK-31345 - MarsSat2,0.000,86400.000,86400.000,
Contact STARLINK-31345 - MarsSat3,0.000,86400.000,86400.000,
Contact STARLINK-31345 - MarsSat4,0.000,86400.000,86400.000,
Contact STARLINK-5058 - STARLINK-5239,432.771,7930.484,7497.713,
Contact STARLINK-5058 - STARLINK-5239,14875.550,22167.650,7292.100,
Contact STARLINK-5058 - STARLINK-5239,29336.187,36361.361,7025.174,
Contact STARLINK-5058 - STARLINK-5239,46692.811,50582.462,3889.651,
Contact STARLINK-5058 - STARLINK-5239,61166.657,61921.913,755.256,
Contact STARLINK-5058 - STARLINK-6135,2884.628,4148.440,1263.812,
Contact STARLINK-5058 - STARLINK-6135,11503.415,18498.325,6994.909,
Contact STARLINK-5058 - STARLINK-6135,25854.039,32860.724,7006.686,
Contact STARLINK-5058 - STARLINK-6135,40215.148,47210.654,6995.507,
Contact STARLINK-5058 - STARLINK-6135,54565.790,61572.997,7007.207,
Contact STARLINK-5058 - STARLINK-6135,71792.834,75922.971,4130.137,
Contact STARLINK-5058 - STARLINK-6135,86153.894,86400.000,246.106,
Contact STARLINK-5058 - STARLINK-30052,0.000,3058.160,3058.160,
Contact STARLINK-5058 - STARLINK-30052,10309.303,17417.953,7108.650,
Contact STARLINK-5058 - STARLINK-30052,24668.158,31768.788,7100.630,
Contact STARLINK-5058 - STARLINK-30052,39019.164,46128.537,7109.373,
Contact STARLINK-5058 - STARLINK-30052,53377.998,60479.390,7101.393,
Contact STARLINK-5058 - STARLINK-30052,67729.018,69096.985,1367.968,
Contact STARLINK-5058 - STARLINK-30052,82087.831,83447.853,1360.021,
Contact STARLINK-5058 - STARLINK-11265 [DTC],0.000,2541.337,2541.337,
Contact STARLINK-5058 - STARLINK-3815,61004.436,61487.637,483.201,
Contact STARLINK-5058 - STARLINK-3815,75102.691,75856.025,753.334,
Contact STARLINK-5058 - STARLINK-31611,72723.222,86400.000,13676.778,
Contact STARLINK-5058 - MoonARTEMIS1,0.000,13377.802,13377.802,
Contact STARLINK-5058 - MoonARTEMIS1,14862.338,24869.221,10006.883,
Contact STARLINK-5058 - MoonARTEMIS1,26473.337,42091.415,15618.078,
Contact STARLINK-5058 - MoonARTEMIS1,43765.662,53579.147,9813.485,
Contact STARLINK-5058 - MoonARTEMIS1,55295.918,70815.955,15520.036,
Contact STARLINK-5058 - MoonARTEMIS1,72594.942,82310.154,9715.212,
Contact STARLINK-5058 - MoonARTEMIS1,84130.218,86400.000,2269.782,
Contact STARLINK-5058 - MoonARTEMIS2,0.000,13410.270,13410.270,
Contact STARLINK-5058 - MoonARTEMIS2,14998.808,24898.070,9899.262,
Contact STARLINK-5058 - MoonARTEMIS2,26543.553,42126.093,15582.540,
Contact STARLINK-5058 - MoonARTEMIS2,43836.177,53605.197,9769.019,
Contact STARLINK-5058 - MoonARTEMIS2,55343.841,59339.462,3995.621,
Contact STARLINK-5058 - MoonARTEMIS2,62547.957,70840.489,8292.532,
Contact STARLINK-5058 - MoonARTEMIS2,72680.280,82342.247,9661.967,
Contact STARLINK-5058 - MoonARTEMIS2,84229.702,86400.000,2170.298,
Contact STARLINK-5058 - MoonIOAGEO,0.000,13379.358,13379.358,
Contact STARLINK-5058 - MoonIOAGEO,20693.582,24870.176,4176.594,
Contact STARLINK-5058 - MoonIOAGEO,26489.876,42107.262,15617.385,
Contact STARLINK-5058 - MoonIOAGEO,43783.572,53593.340,9809.769,
Contact STARLINK-5058 - MoonIOAGEO,55320.626,59339.387,4018.761,
Contact STARLINK-5058 - MoonIOAGEO,63928.508,70837.316,6908.808,
Contact STARLINK-5058 - MoonIOAGEO,72668.026,82331.212,9663.186,
Contact STARLINK-5058 - MoonIOAGEO,84184.360,86400.000,2215.640,
Contact STARLINK-5058 - MoonIOAGNO,0.000,13382.391,13382.391,
Contact STARLINK-5058 - MoonIOAGNO,14914.153,24909.350,9995.197,
Contact STARLINK-5058 - MoonIOAGNO,26462.803,42128.141,15665.337,
Contact STARLINK-5058 - MoonIOAGNO,43778.686,53587.761,9809.075,
Contact STARLINK-5058 - MoonIOAGNO,55344.833,70865.713,15520.880,
Contact STARLINK-5058 - MoonIOAGNO,72653.869,82350.356,9696.487,
Contact STARLINK-5058 - MoonIOAGNO,84176.517,86400.000,2223.483,
Contact STARLINK-5058 - MoonIOAGNO 0001,0.000,13426.526,13426.526,
Contact STARLINK-5058 - MoonIOAGNO 0001,14880.584,24883.713,10003.130,
Contact STARLINK-5058 - MoonIOAGNO 0001,26446.433,42132.094,15685.660,
Contact STARLINK-5058 - MoonIOAGNO 0001,43802.979,53630.426,9827.447,
Contact STARLINK-5058 - MoonIOAGNO 0001,55336.479,70836.273,15499.794,
Contact STARLINK-5058 - MoonIOAGNO 0001,72638.509,82343.570,9705.061,
Contact STARLINK-5058 - MoonIOAGNO 0001,84196.341,86400.000,2203.659,
Contact STARLINK-5058 - MoonIOAGSO,0.000,13383.438,13383.438,
Contact STARLINK-5058 - MoonIOAGSO,14919.019,24837.872,9918.853,
Contact STARLINK-5058 - MoonIOAGSO,26471.139,42082.005,15610.866,
Contact STARLINK-5058 - MoonIOAGSO,43779.093,53604.274,9825.182,
Contact STARLINK-5058 - MoonIOAGSO,56025.559,70808.759,14783.199,
Contact STARLINK-5058 - MoonIOAGSO,72644.837,82305.798,9660.960,
Contact STARLINK-5058 - MoonIOAGSO,84170.687,86400.000,2229.313,
Contact STARLINK-5058 - MoonIOAGSO 0001,0.000,13343.441,13343.441,
Contact STARLINK-5058 - MoonIOAGSO 0001,14894.806,24856.143,9961.336,
Contact STARLINK-5058 - MoonIOAGSO 0001,26446.468,42083.818,15637.350,
Contact STARLINK-5058 - MoonIOAGSO 0001,43802.324,53566.055,9763.731,
Contact STARLINK-5058 - MoonIOAGSO 0001,55333.038,70830.733,15497.695,
Contact STARLINK-5058 - MoonIOAGSO 0001,72640.570,82317.920,9677.350,
Contact STARLINK-5058 - MoonIOAGSO 0001,84186.876,86400.000,2213.124,
Contact STARLINK-5058 - MoonLRO,0.000,13392.116,13392.116,
Contact STARLINK-5058 - MoonLRO,14911.427,24867.480,9956.053,
Contact STARLINK-5058 - MoonLRO,26463.794,42107.544,15643.750,
Contact STARLINK-5058 - MoonLRO,43792.654,53602.412,9809.759,
Contact STARLINK-5058 - MoonLRO,55347.399,70829.522,15482.123,
Contact STARLINK-5058 - MoonLRO,72642.344,82333.843,9691.499,
Contact STARLINK-5058 - MoonLRO,84183.438,86400.000,2216.562,
Contact STARLINK-5058 - MarsSat1,1333.633,13368.931,12035.298,
Contact STARLINK-5058 - MarsSat1,15059.176,24857.867,9798.691,
Contact STARLINK-5058 - MarsSat1,26561.496,42091.246,15529.750,
Contact STARLINK-5058 - MarsSat1,43814.121,53580.218,9766.097,
Contact STARLINK-5058 - MarsSat1,55315.453,70813.876,15498.423,
Contact STARLINK-5058 - MarsSat1,72567.089,82303.117,9736.028,
Contact STARLINK-5058 - MarsSat1,84067.972,86400.000,2332.028,
Contact STARLINK-5058 - MarsSat2,0.000,13368.988,13368.988,
Contact STARLINK-5058 - MarsSat2,15059.024,24858.048,9799.024,
Contact STARLINK-5058 - MarsSat2,26561.512,42091.588,15530.075,
Contact STARLINK-5058 - MarsSat2,43814.515,53580.623,9766.108,
Contact STARLINK-5058 - MarsSat2,55316.062,70814.221,15498.160,
Contact STARLINK-5058 - MarsSat2,72567.748,82303.326,9735.578,
Contact STARLINK-5058 - MarsSat2,84068.475,86400.000,2331.525,
Contact STARLINK-5058 - MarsSat3,0.000,13368.794,13368.794,
Contact STARLINK-5058 - MarsSat3,15058.885,24857.937,9799.052,
Contact STARLINK-5058 - MarsSat3,26561.319,42091.447,15530.128,
Contact STARLINK-5058 - MarsSat3,43814.283,53580.400,9766.117,
Contact STARLINK-5058 - MarsSat3,55315.776,70813.879,15498.102,
Contact STARLINK-5058 - MarsSat3,72567.350,82302.962,9735.612,
Contact STARLINK-5058 - MarsSat3,84068.002,86400.000,2331.998,
Contact STARLINK-5058 - MarsSat4,0.000,13368.702,13368.702,
Contact STARLINK-5058 - MarsSat4,15058.965,24857.782,9798.817,
Contact STARLINK-5058 - MarsSat4,26561.263,42091.178,15529.915,
Contact STARLINK-5058 - MarsSat4,43814.157,53580.243,9766.086,
Contact STARLINK-5058 - MarsSat4,55315.541,70813.958,15498.417,
Contact STARLINK-5058 - MarsSat4,72567.362,82303.037,9735.675,
Contact STARLINK-5058 - MarsSat4,84067.976,86400.000,2332.024,
Contact STARLINK-31690 - STARLINK-4675,0.000,141.790,141.790,
Contact STARLINK-31690 - STARLINK-4675,10524.975,11459.013,934.038,
Contact STARLINK-31690 - STARLINK-4675,24721.397,25562.190,840.792,
Contact STARLINK-31690 - STARLINK-4675,38974.888,39608.841,633.953,
Contact STARLINK-31690 - STARLINK-1788,60861.478,61714.546,853.068,
Contact STARLINK-31690 - STARLINK-1788,74975.882,75916.029,940.147,
Contact STARLINK-31690 - STARLINK-1788,86306.050,86400.000,93.950,
Contact STARLINK-31690 - STARLINK-1080,75374.985,76016.095,641.109,
Contact STARLINK-31690 - STARLINK-4356,3284.089,4006.259,722.170,
Contact STARLINK-31690 - STARLINK-4356,17522.083,18159.861,637.778,
Contact STARLINK-31690 - STARLINK-4356,43191.547,43597.646,406.099,
Contact STARLINK-31690 - STARLINK-4356,57529.361,57653.119,123.758,
Contact STARLINK-31690 - STARLINK-31554,3807.135,13845.250,10038.115,
Contact STARLINK-31690 - STARLINK-31554,15004.166,22251.375,7247.209,
Contact STARLINK-31690 - STARLINK-31554,29008.172,39049.818,10041.646,
Contact STARLINK-31690 - STARLINK-31554,40205.237,50248.763,10043.526,
Contact STARLINK-31690 - STARLINK-31554,54193.825,64240.630,10046.804,
Contact STARLINK-31690 - STARLINK-31554,65390.885,75439.566,10048.681,
Contact STARLINK-31690 - STARLINK-31554,79395.018,86400.000,7004.982,
Contact STARLINK-31690 - STARLINK-4383,28697.458,29465.617,768.159,
Contact STARLINK-31690 - STARLINK-4383,42793.832,43764.293,970.460,
Contact STARLINK-31690 - STARLINK-4383,56984.782,57967.626,982.843,
Contact STARLINK-31690 - STARLINK-4383,68397.620,72091.761,3694.141,
Contact STARLINK-31690 - STARLINK-4383,82765.256,83299.578,534.322,
Contact STARLINK-31690 - STARLINK-5713,0.000,3942.990,3942.990,
Contact STARLINK-31690 - STARLINK-5713,13822.512,21178.971,7356.459,
Contact STARLINK-31690 - STARLINK-5713,22279.188,35244.969,12965.780,
Contact STARLINK-31690 - STARLINK-5713,36570.622,43582.186,7011.564,
Contact STARLINK-31690 - STARLINK-1303,6353.976,7313.386,959.410,
Contact STARLINK-31690 - STARLINK-1303,17403.096,24662.286,7259.190,
Contact STARLINK-31690 - STARLINK-1303,25777.575,38857.630,13080.056,
Contact STARLINK-31690 - STARLINK-1303,39939.622,50036.673,10097.051,
Contact STARLINK-31690 - STARLINK-1303,57247.293,58323.367,1076.074,
Contact STARLINK-31690 - STARLINK-11265 [DTC],39536.097,40036.782,500.685,
Contact STARLINK-31690 - STARLINK-11265 [DTC],53242.329,54006.314,763.985,
Contact STARLINK-31690 - STARLINK-11265 [DTC],64270.762,65117.856,847.094,
Contact STARLINK-31690 - STARLINK-11265 [DTC],75341.848,76186.504,844.656,
Contact STARLINK-31690 - STARLINK-4612,60918.265,61350.534,432.269,
Contact STARLINK-31690 - STARLINK-4612,74914.892,75655.749,740.857,
Contact STARLINK-31690 - STARLINK-4612,86169.224,86400.000,230.776,
Contact STARLINK-31690 - STARLINK-5831,10158.111,10886.322,728.211,
Contact STARLINK-31690 - STARLINK-5831,21379.178,22337.182,958.004,
Contact STARLINK-31690 - STARLINK-5831,35495.971,36558.610,1062.639,
Contact STARLINK-31690 - STARLINK-5831,49700.574,50691.543,990.970,
Contact STARLINK-31690 - STARLINK-5831,61134.737,61928.951,794.214,
Contact STARLINK-31690 - STARLINK-31034,39311.096,40029.213,718.117,
Contact STARLINK-31690 - STARLINK-31034,53265.863,54175.130,909.267,
Contact STARLINK-31690 - STARLINK-31034,64452.169,65469.611,1017.442,
Contact STARLINK-31690 - STARLINK-31034,78455.959,79567.297,1111.338,
Contact STARLINK-31690 - STARLINK-3815,42957.679,43750.773,793.094,
Contact STARLINK-31690 - STARLINK-3815,56919.414,57899.100,979.686,
Contact STARLINK-31690 - STARLINK-3815,68101.017,74854.911,6753.894,
Contact STARLINK-31690 - STARLINK-3815,82089.847,83330.170,1240.324,
Contact STARLINK-31690 - STARLINK-31611,61004.661,61206.389,201.728,
Contact STARLINK-31690 - STARLINK-31611,86174.196,86400.000,225.804,
Contact STARLINK-31690 - MoonARTEMIS1,603.680,9691.914,9088.235,
Contact STARLINK-31690 - MoonARTEMIS1,11830.206,20942.701,9112.496,
Contact STARLINK-31690 - MoonARTEMIS1,23070.998,32180.067,9109.069,
Contact STARLINK-31690 - MoonARTEMIS1,34293.125,37792.220,3499.095,
Contact STARLINK-31690 - MoonARTEMIS1,39902.128,49017.225,9115.097,
Contact STARLINK-31690 - MoonARTEMIS1,51120.289,60244.197,9123.908,
Contact STARLINK-31690 - MoonARTEMIS1,62339.292,71473.847,9134.555,
Contact STARLINK-31690 - MoonARTEMIS1,73559.582,82707.043,9147.461,
Contact STARLINK-31690 - MoonARTEMIS1,84781.666,86400.000,1618.334,
Contact STARLINK-31690 - MoonARTEMIS2,640.619,9744.206,9103.587,
Contact STARLINK-31690 - MoonARTEMIS2,11862.576,20973.891,9111.315,
Contact STARLINK-31690 - MoonARTEMIS2,23083.101,32201.500,9118.399,
Contact STARLINK-31690 - MoonARTEMIS2,34302.188,37814.304,3512.116,
Contact STARLINK-31690 - MoonARTEMIS2,39911.142,49037.061,9125.918,
Contact STARLINK-31690 - MoonARTEMIS2,51127.732,60013.615,8885.883,
Contact STARLINK-31690 - MoonARTEMIS2,62669.904,71524.441,8854.537,
Contact STARLINK-31690 - MoonARTEMIS2,73591.475,77150.580,3559.105,
Contact STARLINK-31690 - MoonARTEMIS2,84821.600,86400.000,1578.400,
Contact STARLINK-31690 - MoonIOAGEO,612.340,9700.001,9087.661,
Contact STARLINK-31690 - MoonIOAGEO,11836.396,15323.893,3487.497,
Contact STARLINK-31690 - MoonIOAGEO,23074.251,32189.508,9115.257,
Contact STARLINK-31690 - MoonIOAGEO,34297.577,37798.039,3500.462,
Contact STARLINK-31690 - MoonIOAGEO,39902.215,49015.707,9113.492,
Contact STARLINK-31690 - MoonIOAGEO,51117.446,60162.472,9045.026,
Contact STARLINK-31690 - MoonIOAGEO,64045.708,71516.878,7471.170,
Contact STARLINK-31690 - MoonIOAGEO,73585.840,82741.907,9156.067,
Contact STARLINK-31690 - MoonIOAGEO,84798.333,86400.000,1601.667,
Contact STARLINK-31690 - MoonIOAGNO,601.536,9713.826,9112.290,
Contact STARLINK-31690 - MoonIOAGNO,11849.320,20933.002,9083.681,
Contact STARLINK-31690 - MoonIOAGNO,23049.550,32154.544,9104.993,
Contact STARLINK-31690 - MoonIOAGNO,34265.498,37771.084,3505.586,
Contact STARLINK-31690 - MoonIOAGNO,39879.756,49019.131,9139.376,
Contact STARLINK-31690 - MoonIOAGNO,51124.803,60263.515,9138.711,
Contact STARLINK-31690 - MoonIOAGNO,62340.908,71482.146,9141.238,
Contact STARLINK-31690 - MoonIOAGNO,73549.896,82715.833,9165.938,
Contact STARLINK-31690 - MoonIOAGNO,84776.986,86400.000,1623.014,
Contact STARLINK-31690 - MoonIOAGNO 0001,602.981,9688.750,9085.769,
Contact STARLINK-31690 - MoonIOAGNO 0001,11818.200,20924.099,9105.900,
Contact STARLINK-31690 - MoonIOAGNO 0001,23050.149,32182.180,9132.031,
Contact STARLINK-31690 - MoonIOAGNO 0001,34296.421,37793.917,3497.497,
Contact STARLINK-31690 - MoonIOAGNO 0001,39894.446,49010.028,9115.582,
Contact STARLINK-31690 - MoonIOAGNO 0001,51102.419,60241.352,9138.933,
Contact STARLINK-31690 - MoonIOAGNO 0001,62327.962,71493.008,9165.046,
Contact STARLINK-31690 - MoonIOAGNO 0001,73575.996,82737.546,9161.550,
Contact STARLINK-31690 - MoonIOAGNO 0001,84788.156,86400.000,1611.844,
Contact STARLINK-31690 - MoonIOAGSO,623.160,9703.947,9080.787,
Contact STARLINK-31690 - MoonIOAGSO,12448.358,20962.685,8514.327,
Contact STARLINK-31690 - MoonIOAGSO,23087.820,32192.996,9105.176,
Contact STARLINK-31690 - MoonIOAGSO,34308.997,37803.959,3494.962,
Contact STARLINK-31690 - MoonIOAGSO,39914.734,49022.855,9108.121,
Contact STARLINK-31690 - MoonIOAGSO,51120.691,60280.377,9159.686,
Contact STARLINK-31690 - MoonIOAGSO,62369.709,71521.323,9151.614,
Contact STARLINK-31690 - MoonIOAGSO,73598.792,77135.735,3536.943,
Contact STARLINK-31690 - MoonIOAGSO,84811.885,86400.000,1588.115,
Contact STARLINK-31690 - MoonIOAGSO 0001,638.686,9726.905,9088.219,
Contact STARLINK-31690 - MoonIOAGSO 0001,11860.612,20946.459,9085.847,
Contact STARLINK-31690 - MoonIOAGSO 0001,23070.632,32171.870,9101.238,
Contact STARLINK-31690 - MoonIOAGSO 0001,34291.994,37807.982,3515.988,
Contact STARLINK-31690 - MoonIOAGSO 0001,39919.556,49048.596,9129.040,
Contact STARLINK-31690 - MoonIOAGSO 0001,51149.219,60273.883,9124.664,
Contact STARLINK-31690 - MoonIOAGSO 0001,62362.947,71494.493,9131.546,
Contact STARLINK-31690 - MoonIOAGSO 0001,73568.473,82756.759,9188.286,
Contact STARLINK-31690 - MoonIOAGSO 0001,84820.730,86400.000,1579.270,
Contact STARLINK-31690 - MoonLRO,619.008,9714.307,9095.299,
Contact STARLINK-31690 - MoonLRO,11839.536,20944.850,9105.314,
Contact STARLINK-31690 - MoonLRO,23071.421,32173.403,9101.982,
Contact STARLINK-31690 - MoonLRO,34289.037,37794.434,3505.397,
Contact STARLINK-31690 - MoonLRO,39898.393,49033.261,9134.868,
Contact STARLINK-31690 - MoonLRO,51129.882,60260.578,9130.695,
Contact STARLINK-31690 - MoonLRO,62352.519,71503.347,9150.829,
Contact STARLINK-31690 - MoonLRO,73571.252,82742.878,9171.625,
Contact STARLINK-31690 - MoonLRO,84804.863,86400.000,1595.137,
Contact STARLINK-31690 - MarsSat1,1334.327,9859.615,8525.288,
Contact STARLINK-31690 - MarsSat1,11932.411,21068.532,9136.121,
Contact STARLINK-31690 - MarsSat1,23137.891,32277.467,9139.576,
Contact STARLINK-31690 - MarsSat1,34343.318,37881.942,3538.625,
Contact STARLINK-31690 - MarsSat1,39946.011,49090.928,9144.917,
Contact STARLINK-31690 - MarsSat1,51151.365,60299.999,9148.633,
Contact STARLINK-31690 - MarsSat1,62356.691,71509.194,9152.503,
Contact STARLINK-31690 - MarsSat1,73562.004,82718.527,9156.523,
Contact STARLINK-31690 - MarsSat1,84767.313,86400.000,1632.687,
Contact STARLINK-31690 - MarsSat2,726.874,9859.478,9132.604,
Contact STARLINK-31690 - MarsSat2,11932.291,21068.393,9136.102,
Contact STARLINK-31690 - MarsSat2,23137.748,32277.400,9139.651,
Contact STARLINK-31690 - MarsSat2,34343.207,37881.931,3538.724,
Contact STARLINK-31690 - MarsSat2,39945.930,49091.046,9145.116,
Contact STARLINK-31690 - MarsSat2,51151.359,60300.231,9148.872,
Contact STARLINK-31690 - MarsSat2,62356.759,71509.486,9152.727,
Contact STARLINK-31690 - MarsSat2,73562.129,82718.814,9156.686,
Contact STARLINK-31690 - MarsSat2,84767.467,86400.000,1632.533,
Contact STARLINK-31690 - MarsSat3,727.018,9859.557,9132.539,
Contact STARLINK-31690 - MarsSat3,11932.382,21068.351,9135.969,
Contact STARLINK-31690 - MarsSat3,23137.738,32277.320,9139.582,
Contact STARLINK-31690 - MarsSat3,34343.175,37881.852,3538.678,
Contact STARLINK-31690 - MarsSat3,39945.908,49090.982,9145.075,
Contact STARLINK-31690 - MarsSat3,51151.371,60300.178,9148.807,
Contact STARLINK-31690 - MarsSat3,62356.805,71509.422,9152.617,
Contact STARLINK-31690 - MarsSat3,73562.185,82718.698,9156.513,
Contact STARLINK-31690 - MarsSat3,84767.482,86400.000,1632.518,
Contact STARLINK-31690 - MarsSat4,726.920,9859.667,9132.747,
Contact STARLINK-31690 - MarsSat4,11932.493,21068.438,9135.945,
Contact STARLINK-31690 - MarsSat4,23137.831,32277.412,9139.581,
Contact STARLINK-31690 - MarsSat4,34343.306,37881.971,3538.665,
Contact STARLINK-31690 - MarsSat4,39946.065,49090.997,9144.932,
Contact STARLINK-31690 - MarsSat4,51151.414,60300.036,9148.622,
Contact STARLINK-31690 - MarsSat4,62356.685,71509.377,9152.692,
Contact STARLINK-31690 - MarsSat4,73562.135,82718.618,9156.483,
Contact STARLINK-31690 - MarsSat4,84767.374,86400.000,1632.626,
Contact STARLINK-5239 - STARLINK-1302,0.000,53.977,53.977,
Contact STARLINK-5239 - STARLINK-1302,10688.788,11514.202,825.415,
Contact STARLINK-5239 - STARLINK-1302,25006.436,25837.418,830.982,
Contact STARLINK-5239 - STARLINK-1302,39320.233,40164.154,843.921,
Contact STARLINK-5239 - STARLINK-1302,53638.226,54487.017,848.790,
Contact STARLINK-5239 - STARLINK-1302,67952.541,68813.251,860.710,
Contact STARLINK-5239 - STARLINK-1302,82270.876,83135.763,864.886,
Contact STARLINK-5239 - STARLINK-6135,3045.451,3972.427,926.977,
Contact STARLINK-5239 - STARLINK-6135,17393.565,18289.574,896.009,
Contact STARLINK-5239 - STARLINK-6135,31739.075,32609.196,870.121,
Contact STARLINK-5239 - STARLINK-6135,46090.485,46923.080,832.595,
Contact STARLINK-5239 - STARLINK-6135,57571.135,61239.514,3668.379,
Contact STARLINK-5239 - STARLINK-6135,71921.202,72689.639,768.436,
Contact STARLINK-5239 - STARLINK-6135,86278.099,86400.000,121.901,
Contact STARLINK-5239 - STARLINK-4356,61195.710,61892.707,696.997,
Contact STARLINK-5239 - STARLINK-4356,75509.053,76291.242,782.189,
Contact STARLINK-5239 - STARLINK-11265 [DTC],478.248,10103.194,9624.946,
Contact STARLINK-5239 - MoonARTEMIS1,0.000,86400.000,86400.000,
Contact STARLINK-5239 - MoonARTEMIS2,0.000,60065.828,60065.828,
Contact STARLINK-5239 - MoonARTEMIS2,62517.314,86400.000,23882.686,
Contact STARLINK-5239 - MoonIOAGEO,0.000,16218.170,16218.170,
Contact STARLINK-5239 - MoonIOAGEO,20113.588,60370.816,40257.228,
Contact STARLINK-5239 - MoonIOAGEO,64003.127,86400.000,22396.873,
Contact STARLINK-5239 - MoonIOAGNO,0.000,86400.000,86400.000,
Contact STARLINK-5239 - MoonIOAGNO 0001,0.000,86400.000,86400.000,
Contact STARLINK-5239 - MoonIOAGSO,0.000,86400.000,86400.000,
Contact STARLINK-5239 - MoonIOAGSO 0001,0.000,86400.000,86400.000,
Contact STARLINK-5239 - MoonLRO,0.000,86400.000,86400.000,
Contact STARLINK-5239 - MarsSat1,1333.581,86400.000,85066.419,
Contact STARLINK-5239 - MarsSat2,0.000,86400.000,86400.000,
Contact STARLINK-5239 - MarsSat3,0.000,86400.000,86400.000,
Contact STARLINK-5239 - MarsSat4,0.000,86400.000,86400.000,
Contact STARLINK-1302 - STARLINK-4675,2966.430,4256.908,1290.477,
Contact STARLINK-1302 - STARLINK-4675,17296.462,18565.872,1269.410,
Contact STARLINK-1302 - STARLINK-4675,25907.834,32856.066,6948.232,
Contact STARLINK-1302 - STARLINK-4675,40239.335,47163.108,6923.773,
Contact STARLINK-1302 - STARLINK-4675,57448.439,61450.600,4002.161,
Contact STARLINK-1302 - STARLINK-4675,71799.640,75755.548,3955.907,
Contact STARLINK-1302 - STARLINK-4675,86134.438,86400.000,265.562,
Contact STARLINK-1302 - STARLINK-4383,6735.546,7434.345,698.798,
Contact STARLINK-1302 - STARLINK-4383,21104.489,21795.623,691.133,
Contact STARLINK-1302 - STARLINK-4383,35465.247,36164.331,699.084,
Contact STARLINK-1302 - STARLINK-4383,49833.972,50525.837,691.865,
Contact STARLINK-1302 - STARLINK-4383,64195.059,64894.199,699.140,
Contact STARLINK-1302 - STARLINK-4383,78563.525,79255.974,692.450,
Contact STARLINK-1302 - STARLINK-5713,7057.096,7500.194,443.097,
Contact STARLINK-1302 - STARLINK-5713,21382.166,21860.890,478.724,
Contact STARLINK-1302 - STARLINK-5713,35706.832,36221.387,514.555,
Contact STARLINK-1302 - STARLINK-5713,50034.485,50579.464,544.979,
Contact STARLINK-1302 - STARLINK-5713,64361.525,64937.579,576.054,
Contact STARLINK-1302 - STARLINK-5713,78691.012,79293.784,602.772,
Contact STARLINK-1302 - STARLINK-11265 [DTC],21335.916,22009.540,673.624,
Contact STARLINK-1302 - STARLINK-11265 [DTC],32389.396,36148.959,3759.563,
Contact STARLINK-1302 - STARLINK-11265 [DTC],46484.916,47229.644,744.728,
Contact STARLINK-1302 - MoonARTEMIS1,1566.019,5223.214,3657.195,
Contact STARLINK-1302 - MoonARTEMIS1,7322.294,16744.071,9421.776,
Contact STARLINK-1302 - MoonARTEMIS1,18848.489,28270.956,9422.467,
Contact STARLINK-1302 - MoonARTEMIS1,30878.671,34017.295,3138.624,
Contact STARLINK-1302 - MoonARTEMIS1,36108.398,45510.336,9401.937,
Contact STARLINK-1302 - MoonARTEMIS1,47600.609,57005.505,9404.896,
Contact STARLINK-1302 - MoonARTEMIS1,59096.057,62754.016,3657.958,
Contact STARLINK-1302 - MoonARTEMIS1,64845.042,74253.117,9408.075,
Contact STARLINK-1302 - MoonARTEMIS1,76345.761,85755.516,9409.755,
Contact STARLINK-1302 - MoonARTEMIS2,1652.802,5302.591,3649.789,
Contact STARLINK-1302 - MoonARTEMIS2,7405.134,16805.006,9399.872,
Contact STARLINK-1302 - MoonARTEMIS2,18906.872,28303.453,9396.582,
Contact STARLINK-1302 - MoonARTEMIS2,30404.384,34051.034,3646.650,
Contact STARLINK-1302 - MoonARTEMIS2,36151.275,45542.136,9390.862,
Contact STARLINK-1302 - MoonARTEMIS2,47640.013,57026.097,9386.084,
Contact STARLINK-1302 - MoonARTEMIS2,64890.323,74315.080,9424.757,
Contact STARLINK-1302 - MoonARTEMIS2,76417.682,85830.383,9412.701,
Contact STARLINK-1302 - MoonIOAGEO,1589.040,5237.632,3648.592,
Contact STARLINK-1302 - MoonIOAGEO,7336.383,16109.535,8773.152,
Contact STARLINK-1302 - MoonIOAGEO,20092.146,28282.258,8190.112,
Contact STARLINK-1302 - MoonIOAGEO,30379.281,34031.113,3651.833,
Contact STARLINK-1302 - MoonIOAGEO,36125.385,45512.801,9387.416,
Contact STARLINK-1302 - MoonIOAGEO,47607.564,57020.020,9412.456,
Contact STARLINK-1302 - MoonIOAGEO,64886.015,74302.972,9416.957,
Contact STARLINK-1302 - MoonIOAGEO,76400.857,85787.393,9386.535,
Contact STARLINK-1302 - MoonIOAGNO,1588.590,5242.875,3654.286,
Contact STARLINK-1302 - MoonIOAGNO,7345.243,16761.336,9416.093,
Contact STARLINK-1302 - MoonIOAGNO,18861.296,28252.069,9390.773,
Contact STARLINK-1302 - MoonIOAGNO,30355.986,34000.783,3644.797,
Contact STARLINK-1302 - MoonIOAGNO,36104.634,45508.431,9403.797,
Contact STARLINK-1302 - MoonIOAGNO,47609.781,57036.002,9426.221,
Contact STARLINK-1302 - MoonIOAGNO,59133.639,62779.706,3646.067,
Contact STARLINK-1302 - MoonIOAGNO,64880.904,74270.054,9389.150,
Contact STARLINK-1302 - MoonIOAGNO,76374.912,85772.159,9397.247,
Contact STARLINK-1302 - MoonIOAGNO 0001,1599.633,5241.731,3642.098,
Contact STARLINK-1302 - MoonIOAGNO 0001,7347.152,16741.464,9394.312,
Contact STARLINK-1302 - MoonIOAGNO 0001,18845.584,28257.293,9411.709,
Contact STARLINK-1302 - MoonIOAGNO 0001,30358.319,34025.103,3666.784,
Contact STARLINK-1302 - MoonIOAGNO 0001,36122.422,45515.326,9392.904,
Contact STARLINK-1302 - MoonIOAGNO 0001,47617.897,57010.559,9392.662,
Contact STARLINK-1302 - MoonIOAGNO 0001,59114.314,62762.830,3648.517,
Contact STARLINK-1302 - MoonIOAGNO 0001,64865.801,74286.464,9420.663,
Contact STARLINK-1302 - MoonIOAGNO 0001,76389.905,85786.755,9396.850,
Contact STARLINK-1302 - MoonIOAGSO,1589.370,5243.781,3654.411,
Contact STARLINK-1302 - MoonIOAGSO,7343.230,16773.337,9430.106,
Contact STARLINK-1302 - MoonIOAGSO,18867.796,28278.667,9410.871,
Contact STARLINK-1302 - MoonIOAGSO,30366.442,34026.539,3660.097,
Contact STARLINK-1302 - MoonIOAGSO,36114.426,45519.239,9404.813,
Contact STARLINK-1302 - MoonIOAGSO,47612.685,54724.720,7112.035,
Contact STARLINK-1302 - MoonIOAGSO,59137.220,62798.857,3661.637,
Contact STARLINK-1302 - MoonIOAGSO,64891.488,74301.052,9409.564,
Contact STARLINK-1302 - MoonIOAGSO,76390.687,85792.965,9402.277,
Contact STARLINK-1302 - MoonIOAGSO 0001,1607.034,5265.740,3658.706,
Contact STARLINK-1302 - MoonIOAGSO 0001,7355.097,16760.897,9405.800,
Contact STARLINK-1302 - MoonIOAGSO 0001,18850.946,28256.509,9405.563,
Contact STARLINK-1302 - MoonIOAGSO 0001,30356.078,33104.739,2748.661,
Contact STARLINK-1302 - MoonIOAGSO 0001,36124.252,45540.789,9416.538,
Contact STARLINK-1302 - MoonIOAGSO 0001,47629.754,57037.958,9408.203,
Contact STARLINK-1302 - MoonIOAGSO 0001,59126.558,62783.855,3657.297,
Contact STARLINK-1302 - MoonIOAGSO 0001,64874.822,74280.012,9405.190,
Contact STARLINK-1302 - MoonIOAGSO 0001,77769.859,85809.228,8039.369,
Contact STARLINK-1302 - MoonLRO,1604.013,5249.253,3645.240,
Contact STARLINK-1302 - MoonLRO,7356.603,16760.149,9403.546,
Contact STARLINK-1302 - MoonLRO,18853.882,28270.102,9416.220,
Contact STARLINK-1302 - MoonLRO,30362.001,34019.175,3657.173,
Contact STARLINK-1302 - MoonLRO,36119.332,45520.100,9400.769,
Contact STARLINK-1302 - MoonLRO,47623.259,57033.416,9410.157,
Contact STARLINK-1302 - MoonLRO,59122.560,62787.228,3664.668,
Contact STARLINK-1302 - MoonLRO,64877.876,74284.478,9406.602,
Contact STARLINK-1302 - MoonLRO,76390.757,85789.543,9398.786,
Contact STARLINK-1302 - MarsSat1,1733.982,5429.135,3695.153,
Contact STARLINK-1302 - MarsSat1,7471.855,16904.279,9432.424,
Contact STARLINK-1302 - MarsSat1,18947.559,28379.319,9431.760,
Contact STARLINK-1302 - MarsSat1,30423.174,34116.797,3693.623,
Contact STARLINK-1302 - MarsSat1,36160.948,45591.689,9430.741,
Contact STARLINK-1302 - MarsSat1,47636.465,57066.545,9430.079,
Contact STARLINK-1302 - MarsSat1,59112.000,62803.976,3691.976,
Contact STARLINK-1302 - MarsSat1,64849.793,74278.866,9429.073,
Contact STARLINK-1302 - MarsSat1,76325.448,85753.783,9428.335,
Contact STARLINK-1302 - MarsSat2,1733.858,5429.002,3695.144,
Contact STARLINK-1302 - MarsSat2,7471.710,16904.131,9432.421,
Contact STARLINK-1302 - MarsSat2,18947.459,28379.250,9431.792,
Contact STARLINK-1302 - MarsSat2,30423.195,34116.793,3693.598,
Contact STARLINK-1302 - MarsSat2,36161.053,45591.842,9430.789,
Contact STARLINK-1302 - MarsSat2,47636.749,57066.839,9430.090,
Contact STARLINK-1302 - MarsSat2,59112.421,62804.317,3691.897,
Contact STARLINK-1302 - MarsSat2,64850.248,74279.236,9428.988,
Contact STARLINK-1302 - MarsSat2,76325.886,85754.101,9428.215,
Contact STARLINK-1302 - MarsSat3,1733.945,5429.103,3695.158,
Contact STARLINK-1302 - MarsSat3,7471.728,16904.092,9432.364,
Contact STARLINK-1302 - MarsSat3,18947.361,28379.147,9431.786,
Contact STARLINK-1302 - MarsSat3,30423.065,34116.684,3693.620,
Contact STARLINK-1302 - MarsSat3,36160.916,45591.736,9430.820,
Contact STARLINK-1302 - MarsSat3,47636.597,57066.735,9430.138,
Contact STARLINK-1302 - MarsSat3,59112.242,62804.209,3691.967,
Contact STARLINK-1302 - MarsSat3,64850.051,74279.098,9429.048,
Contact STARLINK-1302 - MarsSat3,76325.638,85753.897,9428.260,
Contact STARLINK-1302 - MarsSat4,1734.040,5429.190,3695.150,
Contact STARLINK-1302 - MarsSat4,7471.859,16904.203,9432.344,
Contact STARLINK-1302 - MarsSat4,18947.389,28379.183,9431.794,
Contact STARLINK-1302 - MarsSat4,30423.081,34116.768,3693.686,
Contact STARLINK-1302 - MarsSat4,36160.942,45591.761,9430.818,
Contact STARLINK-1302 - MarsSat4,47636.514,57066.579,9430.065,
Contact STARLINK-1302 - MarsSat4,59112.105,62804.098,3691.993,
Contact STARLINK-1302 - MarsSat4,64849.998,74279.067,9429.068,
Contact STARLINK-1302 - MarsSat4,76325.621,85753.801,9428.180,
Contact STARLINK-4675 - STARLINK-31554,0.000,6408.225,6408.225,
Contact STARLINK-4675 - STARLINK-31554,13826.410,14764.813,938.403,
Contact STARLINK-4675 - STARLINK-4383,6578.228,7390.184,811.956,
Contact STARLINK-4675 - STARLINK-4383,20958.995,21716.716,757.721,
Contact STARLINK-4675 - STARLINK-4383,35327.564,36054.356,726.791,
Contact STARLINK-4675 - STARLINK-4383,75587.329,76173.056,585.726,
Contact STARLINK-4675 - STARLINK-5713,6922.725,11009.613,4086.888,
Contact STARLINK-4675 - STARLINK-5713,21271.852,25330.431,4058.579,
Contact STARLINK-4675 - STARLINK-5713,35613.060,42505.741,6892.681,
Contact STARLINK-4675 - STARLINK-5713,49967.626,51086.366,1118.739,
Contact STARLINK-4675 - STARLINK-5713,64313.921,65400.158,1086.237,
Contact STARLINK-4675 - STARLINK-5713,78674.510,79699.435,1024.926,
Contact STARLINK-4675 - STARLINK-11265 [DTC],35729.624,36058.096,328.472,
Contact STARLINK-4675 - STARLINK-11265 [DTC],40431.542,61886.244,21454.702,
Contact STARLINK-4675 - STARLINK-5831,61938.451,86400.000,24461.549,
Contact STARLINK-4675 - STARLINK-31034,6523.893,7794.545,1270.652,
Contact STARLINK-4675 - STARLINK-31034,15063.006,21961.008,6898.002,
Contact STARLINK-4675 - STARLINK-31034,32177.969,36096.247,3918.278,
Contact STARLINK-4675 - STARLINK-31034,46487.677,47363.401,875.724,
Contact STARLINK-4675 - STARLINK-31034,60903.011,61354.320,451.309,
Contact STARLINK-4675 - STARLINK-31611,0.000,2119.860,2119.860,
Contact STARLINK-4675 - MoonARTEMIS1,1020.563,10335.496,9314.932,
Contact STARLINK-4675 - MoonARTEMIS1,12496.004,16073.442,3577.438,
Contact STARLINK-4675 - MoonARTEMIS1,18238.132,27547.007,9308.875,
Contact STARLINK-4675 - MoonARTEMIS1,29708.574,39002.138,9293.564,
Contact STARLINK-4675 - MoonARTEMIS1,41164.700,44730.782,3566.083,
Contact STARLINK-4675 - MoonARTEMIS1,46893.819,56190.079,9296.260,
Contact STARLINK-4675 - MoonARTEMIS1,58353.886,67652.004,9298.119,
Contact STARLINK-4675 - MoonARTEMIS1,69816.278,79116.800,9300.522,
Contact STARLINK-4675 - MoonARTEMIS1,81281.161,84850.456,3569.295,
Contact STARLINK-4675 - MoonARTEMIS2,1079.997,10383.405,9303.408,
Contact STARLINK-4675 - MoonARTEMIS2,12546.962,16115.075,3568.113,
Contact STARLINK-4675 - MoonARTEMIS2,18279.298,27576.592,9297.294,
Contact STARLINK-4675 - MoonARTEMIS2,29741.503,39034.991,9293.488,
Contact STARLINK-4675 - MoonARTEMIS2,41199.702,44762.505,3562.803,
Contact STARLINK-4675 - MoonARTEMIS2,46926.692,56211.303,9284.611,
Contact STARLINK-4675 - MoonARTEMIS2,64111.919,67685.703,3573.784,
Contact STARLINK-4675 - MoonARTEMIS2,69853.054,79166.173,9313.120,
Contact STARLINK-4675 - MoonARTEMIS2,81330.169,84904.837,3574.669,
Contact STARLINK-4675 - MoonIOAGEO,1038.772,10342.736,9303.964,
Contact STARLINK-4675 - MoonIOAGEO,12503.148,16078.809,3575.661,
Contact STARLINK-4675 - MoonIOAGEO,19985.554,27554.143,7568.589,
Contact STARLINK-4675 - MoonIOAGEO,29719.434,39014.101,9294.667,
Contact STARLINK-4675 - MoonIOAGEO,41177.334,44740.135,3562.802,
Contact STARLINK-4675 - MoonIOAGEO,46903.923,56203.255,9299.332,
Contact STARLINK-4675 - MoonIOAGEO,64110.049,67682.252,3572.203,
Contact STARLINK-4675 - MoonIOAGEO,69848.911,79150.630,9301.719,
Contact STARLINK-4675 - MoonIOAGEO,81312.777,84877.670,3564.893,
Contact STARLINK-4675 - MoonIOAGNO,1043.314,10346.153,9302.838,
Contact STARLINK-4675 - MoonIOAGNO,12511.669,16089.548,3577.879,
Contact STARLINK-4675 - MoonIOAGNO,18253.859,27558.614,9304.755,
Contact STARLINK-4675 - MoonIOAGNO,29721.074,39017.078,9296.004,
Contact STARLINK-4675 - MoonIOAGNO,41179.822,44744.600,3564.778,
Contact STARLINK-4675 - MoonIOAGNO,46907.852,56212.566,9304.714,
Contact STARLINK-4675 - MoonIOAGNO,58383.148,67688.521,9305.372,
Contact STARLINK-4675 - MoonIOAGNO,69854.501,79150.170,9295.668,
Contact STARLINK-4675 - MoonIOAGNO,81313.849,84879.112,3565.263,
Contact STARLINK-4675 - MoonIOAGNO 0001,1054.563,10361.039,9306.476,
Contact STARLINK-4675 - MoonIOAGNO 0001,12518.288,16089.424,3571.137,
Contact STARLINK-4675 - MoonIOAGNO 0001,18247.677,27543.460,9295.782,
Contact STARLINK-4675 - MoonIOAGNO 0001,29705.679,39020.817,9315.138,
Contact STARLINK-4675 - MoonIOAGNO 0001,41188.120,44756.353,3568.233,
Contact STARLINK-4675 - MoonIOAGNO 0001,46922.237,56218.267,9296.029,
Contact STARLINK-4675 - MoonIOAGNO 0001,58382.838,67674.979,9292.141,
Contact STARLINK-4675 - MoonIOAGNO 0001,69838.682,79149.399,9310.717,
Contact STARLINK-4675 - MoonIOAGNO 0001,81317.132,84888.854,3571.721,
Contact STARLINK-4675 - MoonIOAGSO,1031.653,10352.141,9320.488,
Contact STARLINK-4675 - MoonIOAGSO,12514.519,16082.588,3568.069,
Contact STARLINK-4675 - MoonIOAGSO,18242.926,27536.180,9293.253,
Contact STARLINK-4675 - MoonIOAGSO,29700.034,38998.513,9298.478,
Contact STARLINK-4675 - MoonIOAGSO,41164.987,44733.690,3568.703,
Contact STARLINK-4675 - MoonIOAGSO,46901.625,54716.543,7814.919,
Contact STARLINK-4675 - MoonIOAGSO,58377.804,67670.170,9292.366,
Contact STARLINK-4675 - MoonIOAGSO,69833.384,79132.428,9299.044,
Contact STARLINK-4675 - MoonIOAGSO,81296.109,84866.725,3570.616,
Contact STARLINK-4675 - MoonIOAGSO 0001,1038.019,10336.575,9298.556,
Contact STARLINK-4675 - MoonIOAGSO 0001,12497.979,16067.960,3569.982,
Contact STARLINK-4675 - MoonIOAGSO 0001,18231.129,27540.301,9309.172,
Contact STARLINK-4675 - MoonIOAGSO 0001,29707.739,39010.925,9303.186,
Contact STARLINK-4675 - MoonIOAGSO 0001,41174.257,44738.011,3563.754,
Contact STARLINK-4675 - MoonIOAGSO 0001,46902.302,56198.043,9295.741,
Contact STARLINK-4675 - MoonIOAGSO 0001,58363.949,67667.540,9303.591,
Contact STARLINK-4675 - MoonIOAGSO 0001,69835.489,76294.536,6459.046,
Contact STARLINK-4675 - MoonIOAGSO 0001,81307.893,84875.378,3567.485,
Contact STARLINK-4675 - MoonLRO,1047.000,10345.827,9298.827,
Contact STARLINK-4675 - MoonLRO,12511.533,16080.323,3568.790,
Contact STARLINK-4675 - MoonLRO,18241.033,27550.918,9309.885,
Contact STARLINK-4675 - MoonLRO,29709.241,39009.803,9300.562,
Contact STARLINK-4675 - MoonLRO,41181.320,44740.200,3558.880,
Contact STARLINK-4675 - MoonLRO,46912.148,56211.920,9299.772,
Contact STARLINK-4675 - MoonLRO,58372.015,67679.565,9307.550,
Contact STARLINK-4675 - MoonLRO,69843.827,79139.854,9296.027,
Contact STARLINK-4675 - MoonLRO,81310.887,84874.599,3563.712,
Contact STARLINK-4675 - MarsSat1,1335.915,10407.091,9071.177,
Contact STARLINK-4675 - MarsSat1,12539.692,16132.598,3592.906,
Contact STARLINK-4675 - MarsSat1,18265.180,27583.598,9318.417,
Contact STARLINK-4675 - MarsSat1,29716.111,39034.586,9318.474,
Contact STARLINK-4675 - MarsSat1,41166.998,44760.088,3593.090,
Contact STARLINK-4675 - MarsSat1,46892.439,56211.146,9318.707,
Contact STARLINK-4675 - MarsSat1,58343.355,67662.316,9318.961,
Contact STARLINK-4675 - MarsSat1,69794.350,79113.612,9319.262,
Contact STARLINK-4675 - MarsSat1,81245.430,84839.299,3593.869,
Contact STARLINK-4675 - MarsSat2,1088.589,10407.037,9318.448,
Contact STARLINK-4675 - MarsSat2,12539.653,16132.582,3592.929,
Contact STARLINK-4675 - MarsSat2,18265.183,27583.678,9318.495,
Contact STARLINK-4675 - MarsSat2,29716.216,39034.786,9318.571,
Contact STARLINK-4675 - MarsSat2,41167.224,44760.349,3593.126,
Contact STARLINK-4675 - MarsSat2,46892.723,56211.499,9318.776,
Contact STARLINK-4675 - MarsSat2,58343.715,67662.685,9318.970,
Contact STARLINK-4675 - MarsSat2,69794.707,79113.911,9319.204,
Contact STARLINK-4675 - MarsSat2,81245.701,84839.540,3593.839,
Contact STARLINK-4675 - MarsSat3,1088.574,10406.944,9318.371,
Contact STARLINK-4675 - MarsSat3,12539.551,16132.477,3592.926,
Contact STARLINK-4675 - MarsSat3,18265.077,27583.580,9318.503,
Contact STARLINK-4675 - MarsSat3,29716.117,39034.672,9318.555,
Contact STARLINK-4675 - MarsSat3,41167.104,44760.217,3593.113,
Contact STARLINK-4675 - MarsSat3,46892.582,56211.317,9318.735,
Contact STARLINK-4675 - MarsSat3,58343.523,67662.448,9318.926,
Contact STARLINK-4675 - MarsSat3,69794.459,79113.630,9319.170,
Contact STARLINK-4675 - MarsSat3,81245.414,84839.248,3593.834,
Contact STARLINK-4675 - MarsSat4,1088.718,10406.997,9318.279,
Contact STARLINK-4675 - MarsSat4,12539.569,16132.442,3592.872,
Contact STARLINK-4675 - MarsSat4,18265.012,27583.524,9318.512,
Contact STARLINK-4675 - MarsSat4,29716.067,39034.574,9318.507,
Contact STARLINK-4675 - MarsSat4,41166.985,44760.078,3593.093,
Contact STARLINK-4675 - MarsSat4,46892.429,56211.216,9318.787,
Contact STARLINK-4675 - MarsSat4,58343.467,67662.478,9319.012,
Contact STARLINK-4675 - MarsSat4,69794.492,79113.643,9319.151,
Contact STARLINK-4675 - MarsSat4,81245.429,84839.270,3593.841,
Contact STARLINK-6135 - STARLINK-4356,10376.337,11473.093,1096.756,
Contact STARLINK-6135 - STARLINK-4356,24754.564,25857.298,1102.734,
Contact STARLINK-6135 - STARLINK-4356,39141.284,40231.277,1089.992,
Contact STARLINK-6135 - STARLINK-4356,53520.088,54614.375,1094.286,
Contact STARLINK-6135 - STARLINK-4356,67907.342,68987.556,1080.214,
Contact STARLINK-6135 - STARLINK-4356,82286.611,83369.685,1083.074,
Contact STARLINK-6135 - STARLINK-4383,10731.366,10912.816,181.450,
Contact STARLINK-6135 - STARLINK-4383,25075.176,25326.816,251.640,
Contact STARLINK-6135 - STARLINK-4383,39450.774,39708.841,258.068,
Contact STARLINK-6135 - STARLINK-4383,53804.040,54113.260,309.220,
Contact STARLINK-6135 - STARLINK-4383,68181.460,68493.372,311.912,
Contact STARLINK-6135 - STARLINK-4383,82539.449,82892.949,353.500,
Contact STARLINK-6135 - STARLINK-30052,6641.531,7807.554,1166.023,
Contact STARLINK-6135 - STARLINK-30052,20999.386,22159.953,1160.567,
Contact STARLINK-6135 - STARLINK-30052,35352.611,36517.410,1164.800,
Contact STARLINK-6135 - STARLINK-30052,49710.458,50869.808,1159.350,
Contact STARLINK-6135 - STARLINK-30052,58321.471,65227.240,6905.768,
Contact STARLINK-6135 - STARLINK-30052,72679.313,79579.634,6900.322,
Contact STARLINK-6135 - STARLINK-11265 [DTC],0.000,6485.933,6485.933,
Contact STARLINK-6135 - STARLINK-11265 [DTC],7805.692,14627.764,6822.072,
Contact STARLINK-6135 - STARLINK-3815,85538.707,86400.000,861.293,
Contact STARLINK-6135 - MoonARTEMIS1,0.000,6673.639,6673.639,
Contact STARLINK-6135 - MoonARTEMIS1,8840.550,12438.416,3597.866,
Contact STARLINK-6135 - MoonARTEMIS1,14606.256,23983.200,9376.944,
Contact STARLINK-6135 - MoonARTEMIS1,26143.198,35490.554,9347.356,
Contact STARLINK-6135 - MoonARTEMIS1,37647.238,41244.306,3597.068,
Contact STARLINK-6135 - MoonARTEMIS1,43400.218,52754.069,9353.851,
Contact STARLINK-6135 - MoonARTEMIS1,54908.512,64266.960,9358.447,
Contact STARLINK-6135 - MoonARTEMIS1,66419.924,70024.665,3604.740,
Contact STARLINK-6135 - MoonARTEMIS1,72176.876,81542.963,9366.086,
Contact STARLINK-6135 - MoonARTEMIS1,83693.648,86400.000,2706.352,
Contact STARLINK-6135 - MoonARTEMIS2,0.000,6744.303,6744.303,
Contact STARLINK-6135 - MoonARTEMIS2,8908.529,12502.984,3594.455,
Contact STARLINK-6135 - MoonARTEMIS2,14666.212,24017.912,9351.700,
Contact STARLINK-6135 - MoonARTEMIS2,26178.951,35529.018,9350.067,
Contact STARLINK-6135 - MoonARTEMIS2,37687.511,41282.709,3595.198,
Contact STARLINK-6135 - MoonARTEMIS2,43439.701,52784.298,9344.597,
Contact STARLINK-6135 - MoonARTEMIS2,54937.137,58532.126,3594.989,
Contact STARLINK-6135 - MoonARTEMIS2,66462.263,70077.150,3614.886,
Contact STARLINK-6135 - MoonARTEMIS2,72231.381,81614.080,9382.699,
Contact STARLINK-6135 - MoonARTEMIS2,83763.532,86400.000,2636.468,
Contact STARLINK-6135 - MoonIOAGEO,0.000,6686.103,6686.103,
Contact STARLINK-6135 - MoonIOAGEO,8851.495,12448.582,3597.087,
Contact STARLINK-6135 - MoonIOAGEO,20383.722,23986.635,3602.912,
Contact STARLINK-6135 - MoonIOAGEO,26150.412,35505.463,9355.052,
Contact STARLINK-6135 - MoonIOAGEO,37662.582,41254.979,3592.396,
Contact STARLINK-6135 - MoonIOAGEO,43411.176,52763.639,9352.462,
Contact STARLINK-6135 - MoonIOAGEO,54922.366,58530.229,3607.863,
Contact STARLINK-6135 - MoonIOAGEO,66458.222,70070.604,3612.382,
Contact STARLINK-6135 - MoonIOAGEO,72223.532,81585.022,9361.490,
Contact STARLINK-6135 - MoonIOAGEO,83731.340,86400.000,2668.660,
Contact STARLINK-6135 - MoonIOAGNO,0.000,6692.819,6692.819,
Contact STARLINK-6135 - MoonIOAGNO,8859.123,12461.322,3602.199,
Contact STARLINK-6135 - MoonIOAGNO,14628.202,23980.877,9352.675,
Contact STARLINK-6135 - MoonIOAGNO,26144.281,35492.885,9348.604,
Contact STARLINK-6135 - MoonIOAGNO,37654.440,41249.610,3595.170,
Contact STARLINK-6135 - MoonIOAGNO,43409.937,52773.505,9363.568,
Contact STARLINK-6135 - MoonIOAGNO,54935.038,64302.678,9367.640,
Contact STARLINK-6135 - MoonIOAGNO,66458.611,70059.126,3600.515,
Contact STARLINK-6135 - MoonIOAGNO,72214.211,81572.027,9357.815,
Contact STARLINK-6135 - MoonIOAGNO,83724.342,86400.000,2675.658,
Contact STARLINK-6135 - MoonIOAGNO 0001,0.000,6700.357,6700.357,
Contact STARLINK-6135 - MoonIOAGNO 0001,8865.692,12456.140,3590.447,
Contact STARLINK-6135 - MoonIOAGNO 0001,14620.744,23969.836,9349.091,
Contact STARLINK-6135 - MoonIOAGNO 0001,26132.794,35502.170,9369.375,
Contact STARLINK-6135 - MoonIOAGNO 0001,37664.363,41262.428,3598.065,
Contact STARLINK-6135 - MoonIOAGNO 0001,43422.954,52775.183,9352.229,
Contact STARLINK-6135 - MoonIOAGNO 0001,54933.882,64288.954,9355.073,
Contact STARLINK-6135 - MoonIOAGNO 0001,66444.751,70049.314,3604.563,
Contact STARLINK-6135 - MoonIOAGNO 0001,72203.869,81586.679,9382.810,
Contact STARLINK-6135 - MoonIOAGNO 0001,83738.123,86400.000,2661.877,
Contact STARLINK-6135 - MoonIOAGSO,0.000,6690.675,6690.675,
Contact STARLINK-6135 - MoonIOAGSO,8859.528,11520.123,2660.595,
Contact STARLINK-6135 - MoonIOAGSO,14627.858,23979.361,9351.503,
Contact STARLINK-6135 - MoonIOAGSO,26137.988,35490.920,9352.932,
Contact STARLINK-6135 - MoonIOAGSO,37648.591,41248.105,3599.514,
Contact STARLINK-6135 - MoonIOAGSO,43406.204,52773.367,9367.163,
Contact STARLINK-6135 - MoonIOAGSO,56024.079,64303.456,8279.378,
Contact STARLINK-6135 - MoonIOAGSO,66453.177,70060.816,3607.639,
Contact STARLINK-6135 - MoonIOAGSO,72208.638,81575.096,9366.458,
Contact STARLINK-6135 - MoonIOAGSO,83721.846,86400.000,2678.154,
Contact STARLINK-6135 - MoonIOAGSO 0001,0.000,6696.557,6696.557,
Contact STARLINK-6135 - MoonIOAGSO 0001,8858.403,12451.869,3593.465,
Contact STARLINK-6135 - MoonIOAGSO 0001,14613.634,23967.092,9353.458,
Contact STARLINK-6135 - MoonIOAGSO 0001,26130.415,35502.660,9372.245,
Contact STARLINK-6135 - MoonIOAGSO 0001,37662.282,41262.369,3600.087,
Contact STARLINK-6135 - MoonIOAGSO 0001,43417.863,52775.296,9357.433,
Contact STARLINK-6135 - MoonIOAGSO 0001,54928.089,64289.776,9361.687,
Contact STARLINK-6135 - MoonIOAGSO 0001,66442.918,70050.001,3607.083,
Contact STARLINK-6135 - MoonIOAGSO 0001,72205.018,81586.909,9381.891,
Contact STARLINK-6135 - MoonIOAGSO 0001,83733.640,86400.000,2666.360,
Contact STARLINK-6135 - MoonLRO,0.000,6701.811,6701.811,
Contact STARLINK-6135 - MoonLRO,8865.186,12457.219,3592.033,
Contact STARLINK-6135 - MoonLRO,14626.560,23973.831,9347.271,
Contact STARLINK-6135 - MoonLRO,26138.975,35500.621,9361.647,
Contact STARLINK-6135 - MoonLRO,37653.320,41260.466,3607.146,
Contact STARLINK-6135 - MoonLRO,43415.733,52773.483,9357.750,
Contact STARLINK-6135 - MoonLRO,54937.781,64296.581,9358.800,
Contact STARLINK-6135 - MoonLRO,66448.796,70061.210,3612.414,
Contact STARLINK-6135 - MoonLRO,72206.623,81581.277,9374.654,
Contact STARLINK-6135 - MoonLRO,83731.932,86400.000,2668.068,
Contact STARLINK-6135 - MarsSat1,3190.361,6819.425,3629.064,
Contact STARLINK-6135 - MarsSat1,8937.728,12567.135,3629.407,
Contact STARLINK-6135 - MarsSat1,14685.092,24062.534,9377.441,
Contact STARLINK-6135 - MarsSat1,26179.791,35557.892,9378.101,
Contact STARLINK-6135 - MarsSat1,37674.449,41305.565,3631.116,
Contact STARLINK-6135 - MarsSat1,43421.776,52800.940,9379.164,
Contact STARLINK-6135 - MarsSat1,54916.468,64296.408,9379.940,
Contact STARLINK-6135 - MarsSat1,66411.262,70044.189,3632.927,
Contact STARLINK-6135 - MarsSat1,72158.708,81539.846,9381.138,
Contact STARLINK-6135 - MarsSat1,83653.688,86400.000,2746.312,
Contact STARLINK-6135 - MarsSat2,0.000,6819.306,6819.306,
Contact STARLINK-6135 - MarsSat2,8937.626,12567.033,3629.407,
Contact STARLINK-6135 - MarsSat2,14685.020,24062.514,9377.494,
Contact STARLINK-6135 - MarsSat2,26179.817,35558.010,9378.193,
Contact STARLINK-6135 - MarsSat2,37674.619,41305.765,3631.146,
Contact STARLINK-6135 - MarsSat2,43422.024,52801.288,9379.264,
Contact STARLINK-6135 - MarsSat2,54916.848,64296.835,9379.988,
Contact STARLINK-6135 - MarsSat2,66411.694,70044.619,3632.925,
Contact STARLINK-6135 - MarsSat2,72159.126,81540.205,9381.079,
Contact STARLINK-6135 - MarsSat2,83654.012,86400.000,2745.988,
Contact STARLINK-6135 - MarsSat3,0.000,6819.299,6819.299,
Contact STARLINK-6135 - MarsSat3,8937.575,12566.969,3629.394,
Contact STARLINK-6135 - MarsSat3,14684.927,24062.403,9377.475,
Contact STARLINK-6135 - MarsSat3,26179.702,35557.884,9378.182,
Contact STARLINK-6135 - MarsSat3,37674.490,41305.629,3631.139,
Contact STARLINK-6135 - MarsSat3,43421.881,52801.124,9379.243,
Contact STARLINK-6135 - MarsSat3,54916.666,64296.630,9379.964,
Contact STARLINK-6135 - MarsSat3,66411.461,70044.389,3632.928,
Contact STARLINK-6135 - MarsSat3,72158.867,81539.923,9381.056,
Contact STARLINK-6135 - MarsSat3,83653.703,86400.000,2746.297,
Contact STARLINK-6135 - MarsSat4,0.000,6819.419,6819.419,
Contact STARLINK-6135 - MarsSat4,8937.677,12567.047,3629.370,
Contact STARLINK-6135 - MarsSat4,14684.959,24062.359,9377.400,
Contact STARLINK-6135 - MarsSat4,26179.655,35557.878,9378.223,
Contact STARLINK-6135 - MarsSat4,37674.445,41305.585,3631.139,
Contact STARLINK-6135 - MarsSat4,43421.788,52800.977,9379.189,
Contact STARLINK-6135 - MarsSat4,54916.519,64296.598,9380.078,
Contact STARLINK-6135 - MarsSat4,66411.462,70044.389,3632.927,
Contact STARLINK-6135 - MarsSat4,72158.879,81539.900,9381.021,
Contact STARLINK-6135 - MarsSat4,83653.692,86400.000,2746.308,
Contact STARLINK-1788 - STARLINK-1080,0.000,86400.000,86400.000,
Contact STARLINK-1788 - STARLINK-31554,24722.887,25217.745,494.857,
Contact STARLINK-1788 - STARLINK-31554,35824.125,39637.738,3813.613,
Contact STARLINK-1788 - STARLINK-31554,49850.354,51049.889,1199.536,
Contact STARLINK-1788 - STARLINK-31554,58327.756,65208.131,6880.376,
Contact STARLINK-1788 - STARLINK-31554,75394.538,79265.199,3870.661,
Contact STARLINK-1788 - STARLINK-1303,7031.426,11015.262,3983.836,
Contact STARLINK-1788 - STARLINK-1303,21353.805,25335.471,3981.666,
Contact STARLINK-1788 - STARLINK-1303,35685.331,39665.207,3979.876,
Contact STARLINK-1788 - STARLINK-1303,50007.741,51125.156,1117.415,
Contact STARLINK-1788 - STARLINK-1303,64339.302,65445.298,1105.996,
Contact STARLINK-1788 - STARLINK-1303,78661.742,79774.955,1113.213,
Contact STARLINK-1788 - STARLINK-11265 [DTC],70470.450,86400.000,15929.550,
Contact STARLINK-1788 - STARLINK-4612,0.000,86400.000,86400.000,
Contact STARLINK-1788 - STARLINK-5831,0.000,17690.869,17690.869,
Contact STARLINK-1788 - STARLINK-5831,18186.257,31561.930,13375.673,
Contact STARLINK-1788 - STARLINK-5831,32915.682,40061.892,7146.211,
Contact STARLINK-1788 - STARLINK-31034,57342.869,57919.650,576.781,
Contact STARLINK-1788 - STARLINK-31034,71317.895,72366.318,1048.423,
Contact STARLINK-1788 - STARLINK-31034,82570.050,86400.000,3829.950,
Contact STARLINK-1788 - STARLINK-3815,6909.938,11007.798,4097.860,
Contact STARLINK-1788 - STARLINK-3815,21164.028,22340.699,1176.672,
Contact STARLINK-1788 - STARLINK-3815,35481.780,36456.410,974.629,
Contact STARLINK-1788 - STARLINK-3815,49848.599,50522.345,673.746,
Contact STARLINK-1788 - STARLINK-31611,11249.776,73090.072,61840.297,
Contact STARLINK-1788 - MoonARTEMIS1,0.000,3098.375,3098.375,
Contact STARLINK-1788 - MoonARTEMIS1,5221.518,8837.726,3616.207,
Contact STARLINK-1788 - MoonARTEMIS1,10966.995,20323.772,9356.777,
Contact STARLINK-1788 - MoonARTEMIS1,22468.132,30276.050,7807.918,
Contact STARLINK-1788 - MoonARTEMIS1,33938.258,37527.197,3588.939,
Contact STARLINK-1788 - MoonARTEMIS1,39673.230,48995.230,9322.000,
Contact STARLINK-1788 - MoonARTEMIS1,51145.157,60465.683,9320.527,
Contact STARLINK-1788 - MoonARTEMIS1,62619.346,71938.490,9319.143,
Contact STARLINK-1788 - MoonARTEMIS1,74095.691,77675.845,3580.154,
Contact STARLINK-1788 - MoonARTEMIS1,79834.725,86400.000,6565.275,
Contact STARLINK-1788 - MoonARTEMIS2,0.000,3142.766,3142.766,
Contact STARLINK-1788 - MoonARTEMIS2,5280.807,8879.872,3599.065,
Contact STARLINK-1788 - MoonARTEMIS2,11021.022,20352.654,9331.632,
Contact STARLINK-1788 - MoonARTEMIS2,22498.916,31823.171,9324.255,
Contact STARLINK-1788 - MoonARTEMIS2,33973.157,37557.318,3584.161,
Contact STARLINK-1788 - MoonARTEMIS2,39708.631,49022.160,9313.529,
Contact STARLINK-1788 - MoonARTEMIS2,51174.702,59996.822,8822.120,
Contact STARLINK-1788 - MoonARTEMIS2,62643.082,71972.595,9329.513,
Contact STARLINK-1788 - MoonARTEMIS2,74136.522,77716.036,3579.514,
Contact STARLINK-1788 - MoonARTEMIS2,79880.665,86400.000,6519.335,
Contact STARLINK-1788 - MoonIOAGEO,0.000,3110.010,3110.010,
Contact STARLINK-1788 - MoonIOAGEO,5234.464,8844.712,3610.247,
Contact STARLINK-1788 - MoonIOAGEO,10975.063,14583.392,3608.329,
Contact STARLINK-1788 - MoonIOAGEO,22468.187,31804.529,9336.342,
Contact STARLINK-1788 - MoonIOAGEO,33952.417,37538.869,3586.452,
Contact STARLINK-1788 - MoonIOAGEO,39686.788,49004.082,9317.294,
Contact STARLINK-1788 - MoonIOAGEO,51155.625,60129.953,8974.329,
Contact STARLINK-1788 - MoonIOAGEO,64007.676,71967.541,7959.865,
Contact STARLINK-1788 - MoonIOAGEO,74129.684,77705.284,3575.600,
Contact STARLINK-1788 - MoonIOAGEO,79866.632,86400.000,6533.368,
Contact STARLINK-1788 - MoonIOAGNO,0.000,3116.391,3116.391,
Contact STARLINK-1788 - MoonIOAGNO,5239.525,8846.193,3606.669,
Contact STARLINK-1788 - MoonIOAGNO,10980.906,20337.107,9356.201,
Contact STARLINK-1788 - MoonIOAGNO,22476.674,31811.980,9335.306,
Contact STARLINK-1788 - MoonIOAGNO,33953.599,37545.390,3591.791,
Contact STARLINK-1788 - MoonIOAGNO,39689.208,49007.800,9318.592,
Contact STARLINK-1788 - MoonIOAGNO,51158.906,60494.793,9335.887,
Contact STARLINK-1788 - MoonIOAGNO,62654.701,71974.455,9319.753,
Contact STARLINK-1788 - MoonIOAGNO,74133.116,77709.675,3576.559,
Contact STARLINK-1788 - MoonIOAGNO,79868.612,86400.000,6531.388,
Contact STARLINK-1788 - MoonIOAGNO 0001,0.000,3129.668,3129.668,
Contact STARLINK-1788 - MoonIOAGNO 0001,5254.541,8865.888,3611.347,
Contact STARLINK-1788 - MoonIOAGNO 0001,10992.891,20330.949,9338.058,
Contact STARLINK-1788 - MoonIOAGNO 0001,22464.910,31793.584,9328.674,
Contact STARLINK-1788 - MoonIOAGNO 0001,33945.229,37542.881,3597.651,
Contact STARLINK-1788 - MoonIOAGNO 0001,39694.988,49024.430,9329.441,
Contact STARLINK-1788 - MoonIOAGNO 0001,51175.678,60493.231,9317.553,
Contact STARLINK-1788 - MoonIOAGNO 0001,62646.750,71956.891,9310.140,
Contact STARLINK-1788 - MoonIOAGNO 0001,74116.370,77700.331,3583.961,
Contact STARLINK-1788 - MoonIOAGNO 0001,79867.590,86400.000,6532.410,
Contact STARLINK-1788 - MoonIOAGSO,0.000,3104.229,3104.229,
Contact STARLINK-1788 - MoonIOAGSO,5234.846,8850.867,3616.022,
Contact STARLINK-1788 - MoonIOAGSO,12443.863,20317.123,7873.259,
Contact STARLINK-1788 - MoonIOAGSO,22458.632,31783.263,9324.631,
Contact STARLINK-1788 - MoonIOAGSO,33931.901,37520.414,3588.513,
Contact STARLINK-1788 - MoonIOAGSO,39671.734,49004.398,9332.664,
Contact STARLINK-1788 - MoonIOAGSO,51161.282,60482.821,9321.538,
Contact STARLINK-1788 - MoonIOAGSO,62639.544,71948.831,9309.287,
Contact STARLINK-1788 - MoonIOAGSO,74110.088,77685.462,3575.374,
Contact STARLINK-1788 - MoonIOAGSO,79848.357,86400.000,6551.643,
Contact STARLINK-1788 - MoonIOAGSO 0001,0.000,3101.870,3101.870,
Contact STARLINK-1788 - MoonIOAGSO 0001,5233.535,8835.185,3601.650,
Contact STARLINK-1788 - MoonIOAGSO 0001,10970.945,20310.526,9339.581,
Contact STARLINK-1788 - MoonIOAGSO 0001,22452.834,31800.702,9347.868,
Contact STARLINK-1788 - MoonIOAGSO 0001,34259.389,37534.474,3275.085,
Contact STARLINK-1788 - MoonIOAGSO 0001,39682.983,48997.743,9314.760,
Contact STARLINK-1788 - MoonIOAGSO 0001,51152.978,60471.426,9318.448,
Contact STARLINK-1788 - MoonIOAGSO 0001,62631.051,71957.485,9326.433,
Contact STARLINK-1788 - MoonIOAGSO 0001,74121.650,76336.081,2214.430,
Contact STARLINK-1788 - MoonIOAGSO 0001,79861.794,86400.000,6538.206,
Contact STARLINK-1788 - MoonLRO,0.000,3109.942,3109.942,
Contact STARLINK-1788 - MoonLRO,5242.223,8849.806,3607.583,
Contact STARLINK-1788 - MoonLRO,10979.564,20328.562,9348.997,
Contact STARLINK-1788 - MoonLRO,22464.671,31795.568,9330.896,
Contact STARLINK-1788 - MoonLRO,33948.653,37531.056,3582.403,
Contact STARLINK-1788 - MoonLRO,39685.205,49012.363,9327.158,
Contact STARLINK-1788 - MoonLRO,51159.873,60487.451,9327.578,
Contact STARLINK-1788 - MoonLRO,62645.809,71956.678,9310.868,
Contact STARLINK-1788 - MoonLRO,74123.440,77696.291,3572.851,
Contact STARLINK-1788 - MoonLRO,79858.623,86400.000,6541.377,
Contact STARLINK-1788 - MarsSat1,5281.607,8891.562,3609.955,
Contact STARLINK-1788 - MarsSat1,11013.897,20355.170,9341.273,
Contact STARLINK-1788 - MarsSat1,22478.424,31818.757,9340.333,
Contact STARLINK-1788 - MarsSat1,33942.873,37550.547,3607.674,
Contact STARLINK-1788 - MarsSat1,39675.076,49014.149,9339.073,
Contact STARLINK-1788 - MarsSat1,51139.471,60477.823,9338.352,
Contact STARLINK-1788 - MarsSat1,62603.900,71941.604,9337.704,
Contact STARLINK-1788 - MarsSat1,74068.396,77673.536,3605.140,
Contact STARLINK-1788 - MarsSat1,79800.667,86400.000,6599.333,
Contact STARLINK-1788 - MarsSat2,0.000,3159.676,3159.676,
Contact STARLINK-1788 - MarsSat2,5281.525,8891.516,3609.991,
Contact STARLINK-1788 - MarsSat2,11013.849,20355.207,9341.358,
Contact STARLINK-1788 - MarsSat2,22478.464,31818.892,9340.428,
Contact STARLINK-1788 - MarsSat2,33943.024,37550.736,3607.713,
Contact STARLINK-1788 - MarsSat2,39675.287,49014.439,9339.151,
Contact STARLINK-1788 - MarsSat2,51139.790,60478.165,9338.375,
Contact STARLINK-1788 - MarsSat2,62604.267,71941.921,9337.654,
Contact STARLINK-1788 - MarsSat2,74068.725,77673.812,3605.088,
Contact STARLINK-1788 - MarsSat2,79800.947,86400.000,6599.053,
Contact STARLINK-1788 - MarsSat3,0.000,3159.621,3159.621,
Contact STARLINK-1788 - MarsSat3,5281.465,8891.418,3609.953,
Contact STARLINK-1788 - MarsSat3,11013.750,20355.107,9341.357,
Contact STARLINK-1788 - MarsSat3,22478.362,31818.801,9340.439,
Contact STARLINK-1788 - MarsSat3,33942.921,37550.635,3607.714,
Contact STARLINK-1788 - MarsSat3,39675.172,49014.296,9339.124,
Contact STARLINK-1788 - MarsSat3,51139.631,60477.967,9338.336,
Contact STARLINK-1788 - MarsSat3,62604.053,71941.671,9337.618,
Contact STARLINK-1788 - MarsSat3,74068.459,77673.542,3605.084,
Contact STARLINK-1788 - MarsSat3,79800.663,86400.000,6599.337,
Contact STARLINK-1788 - MarsSat4,0.000,3159.756,3159.756,
Contact STARLINK-1788 - MarsSat4,5281.584,8891.480,3609.896,
Contact STARLINK-1788 - MarsSat4,11013.791,20355.012,9341.221,
Contact STARLINK-1788 - MarsSat4,22478.272,31818.736,9340.465,
Contact STARLINK-1788 - MarsSat4,33942.854,37550.530,3607.676,
Contact STARLINK-1788 - MarsSat4,39675.061,49014.137,9339.076,
Contact STARLINK-1788 - MarsSat4,51139.477,60477.965,9338.488,
Contact STARLINK-1788 - MarsSat4,62604.065,71941.705,9337.640,
Contact STARLINK-1788 - MarsSat4,74068.485,77673.565,3605.079,
Contact STARLINK-1788 - MarsSat4,79800.680,86400.000,6599.320,
Contact STARLINK-1080 - STARLINK-31554,39175.152,39670.697,495.545,
Contact STARLINK-1080 - STARLINK-31554,50365.601,51104.142,738.541,
Contact STARLINK-1080 - STARLINK-31554,64423.142,65325.675,902.533,
Contact STARLINK-1080 - STARLINK-31554,78528.596,79498.201,969.605,
Contact STARLINK-1080 - STARLINK-1303,10353.866,11117.321,763.455,
Contact STARLINK-1080 - STARLINK-1303,24676.682,25410.987,734.305,
Contact STARLINK-1080 - STARLINK-1303,38994.590,39709.279,714.689,
Contact STARLINK-1080 - STARLINK-1303,53319.409,54000.857,681.448,
Contact STARLINK-1080 - STARLINK-1303,64777.586,65435.667,658.082,
Contact STARLINK-1080 - STARLINK-1303,79097.875,79731.439,633.564,
Contact STARLINK-1080 - STARLINK-11265 [DTC],70562.018,86400.000,15837.982,
Contact STARLINK-1080 - STARLINK-4612,0.000,86400.000,86400.000,
Contact STARLINK-1080 - STARLINK-5831,0.000,450.699,450.699,
Contact STARLINK-1080 - STARLINK-5831,10799.772,14660.805,3861.033,
Contact STARLINK-1080 - STARLINK-5831,28119.566,28876.620,757.054,
Contact STARLINK-1080 - STARLINK-31034,71432.887,78927.135,7494.248,
Contact STARLINK-1080 - STARLINK-31034,79260.667,86400.000,7139.333,
Contact STARLINK-1080 - STARLINK-3815,10193.090,11128.904,935.814,
Contact STARLINK-1080 - STARLINK-3815,21547.827,25331.110,3783.283,
Contact STARLINK-1080 - STARLINK-3815,35756.479,36684.317,927.838,
Contact STARLINK-1080 - STARLINK-3815,49975.165,50864.618,889.453,
Contact STARLINK-1080 - STARLINK-3815,64213.555,65025.656,812.101,
Contact STARLINK-1080 - STARLINK-31611,10779.048,71699.572,60920.524,
Contact STARLINK-1080 - STARLINK-31611,78892.845,79590.029,697.184,
Contact STARLINK-1080 - MoonARTEMIS1,0.000,3571.678,3571.678,
Contact STARLINK-1080 - MoonARTEMIS1,5131.474,9279.500,4148.026,
Contact STARLINK-1080 - MoonARTEMIS1,10887.833,20695.423,9807.589,
Contact STARLINK-1080 - MoonARTEMIS1,22417.338,30663.786,8246.448,
Contact STARLINK-1080 - MoonARTEMIS1,33876.472,37817.623,3941.151,
Contact STARLINK-1080 - MoonARTEMIS1,39604.026,49241.204,9637.178,
Contact STARLINK-1080 - MoonARTEMIS1,51061.267,60667.312,9606.045,
Contact STARLINK-1080 - MoonARTEMIS1,62520.691,77810.210,15289.519,
Contact STARLINK-1080 - MoonARTEMIS1,79713.202,86400.000,6686.798,
Contact STARLINK-1080 - MoonARTEMIS2,0.000,3569.739,3569.739,
Contact STARLINK-1080 - MoonARTEMIS2,5265.889,9280.281,4014.392,
Contact STARLINK-1080 - MoonARTEMIS2,11004.935,20702.676,9697.741,
Contact STARLINK-1080 - MoonARTEMIS2,22475.510,32125.926,9650.416,
Contact STARLINK-1080 - MoonARTEMIS2,33936.911,37837.511,3900.600,
Contact STARLINK-1080 - MoonARTEMIS2,39664.116,49259.373,9595.257,
Contact STARLINK-1080 - MoonARTEMIS2,51109.744,59998.600,8888.856,
Contact STARLINK-1080 - MoonARTEMIS2,62603.808,77822.267,15218.459,
Contact STARLINK-1080 - MoonARTEMIS2,79782.463,86400.000,6617.537,
Contact STARLINK-1080 - MoonIOAGEO,0.000,3574.487,3574.487,
Contact STARLINK-1080 - MoonIOAGEO,5161.349,9279.570,4118.221,
Contact STARLINK-1080 - MoonIOAGEO,10907.097,14983.292,4076.196,
Contact STARLINK-1080 - MoonIOAGEO,22419.019,32112.343,9693.325,
Contact STARLINK-1080 - MoonIOAGEO,33901.539,37826.939,3925.401,
Contact STARLINK-1080 - MoonIOAGEO,39626.405,49252.664,9626.259,
Contact STARLINK-1080 - MoonIOAGEO,51077.140,60146.424,9069.284,
Contact STARLINK-1080 - MoonIOAGEO,63929.797,77819.791,13889.994,
Contact STARLINK-1080 - MoonIOAGEO,79761.937,86400.000,6638.063,
Contact STARLINK-1080 - MoonIOAGNO,0.000,3584.751,3584.751,
Contact STARLINK-1080 - MoonIOAGNO,5171.968,9267.758,4095.789,
Contact STARLINK-1080 - MoonIOAGNO,10925.359,20719.686,9794.328,
Contact STARLINK-1080 - MoonIOAGNO,22425.028,32150.943,9725.915,
Contact STARLINK-1080 - MoonIOAGNO,33893.429,37857.038,3963.609,
Contact STARLINK-1080 - MoonIOAGNO,39623.839,49254.301,9630.462,
Contact STARLINK-1080 - MoonIOAGNO,51084.207,60690.146,9605.939,
Contact STARLINK-1080 - MoonIOAGNO,62574.758,77846.246,15271.488,
Contact STARLINK-1080 - MoonIOAGNO,79761.216,86400.000,6638.784,
Contact STARLINK-1080 - MoonIOAGNO 0001,0.000,9318.626,9318.626,
Contact STARLINK-1080 - MoonIOAGNO 0001,10932.398,20720.513,9788.115,
Contact STARLINK-1080 - MoonIOAGNO 0001,22403.184,32105.168,9701.984,
Contact STARLINK-1080 - MoonIOAGNO 0001,33888.939,37836.180,3947.241,
Contact STARLINK-1080 - MoonIOAGNO 0001,39637.702,49282.230,9644.528,
Contact STARLINK-1080 - MoonIOAGNO 0001,51105.842,60702.191,9596.349,
Contact STARLINK-1080 - MoonIOAGNO 0001,62560.813,77817.002,15256.190,
Contact STARLINK-1080 - MoonIOAGNO 0001,79762.395,86400.000,6637.605,
Contact STARLINK-1080 - MoonIOAGSO,0.000,3558.838,3558.838,
Contact STARLINK-1080 - MoonIOAGSO,5165.924,9284.605,4118.681,
Contact STARLINK-1080 - MoonIOAGSO,12433.310,20666.984,8233.674,
Contact STARLINK-1080 - MoonIOAGSO,22407.744,32082.384,9674.640,
Contact STARLINK-1080 - MoonIOAGSO,33870.789,37799.392,3928.603,
Contact STARLINK-1080 - MoonIOAGSO,39605.117,49248.455,9643.338,
Contact STARLINK-1080 - MoonIOAGSO,51086.723,60663.267,9576.543,
Contact STARLINK-1080 - MoonIOAGSO,62557.385,77794.287,15236.902,
Contact STARLINK-1080 - MoonIOAGSO,79737.882,86400.000,6662.118,
Contact STARLINK-1080 - MoonIOAGSO 0001,0.000,3530.332,3530.332,
Contact STARLINK-1080 - MoonIOAGSO 0001,5177.767,9237.957,4060.190,
Contact STARLINK-1080 - MoonIOAGSO 0001,10913.211,20672.762,9759.551,
Contact STARLINK-1080 - MoonIOAGSO 0001,22390.689,32122.893,9732.204,
Contact STARLINK-1080 - MoonIOAGSO 0001,34257.270,37813.909,3556.639,
Contact STARLINK-1080 - MoonIOAGSO 0001,39624.887,49221.381,9596.493,
Contact STARLINK-1080 - MoonIOAGSO 0001,51080.639,60654.199,9573.560,
Contact STARLINK-1080 - MoonIOAGSO 0001,62543.149,76328.746,13785.597,
Contact STARLINK-1080 - MoonIOAGSO 0001,79755.743,86400.000,6644.257,
Contact STARLINK-1080 - MoonLRO,0.000,3560.850,3560.850,
Contact STARLINK-1080 - MoonLRO,5179.784,9267.521,4087.737,
Contact STARLINK-1080 - MoonLRO,10919.490,20699.021,9779.531,
Contact STARLINK-1080 - MoonLRO,22412.234,32115.655,9703.421,
Contact STARLINK-1080 - MoonLRO,33891.858,37820.574,3928.716,
Contact STARLINK-1080 - MoonLRO,39622.169,49249.036,9626.866,
Contact STARLINK-1080 - MoonLRO,51087.057,60682.540,9595.483,
Contact STARLINK-1080 - MoonLRO,62564.054,77813.389,15249.335,
Contact STARLINK-1080 - MoonLRO,79749.211,86400.000,6650.789,
Contact STARLINK-1080 - MarsSat1,5302.773,9220.330,3917.557,
Contact STARLINK-1080 - MarsSat1,11023.400,20651.245,9627.845,
Contact STARLINK-1080 - MarsSat1,22464.411,32082.189,9617.778,
Contact STARLINK-1080 - MarsSat1,33905.091,37797.677,3892.586,
Contact STARLINK-1080 - MarsSat1,39625.322,49228.704,9603.382,
Contact STARLINK-1080 - MarsSat1,51065.624,60659.825,9594.201,
Contact STARLINK-1080 - MarsSat1,62505.792,77806.708,15300.916,
Contact STARLINK-1080 - MarsSat1,79665.895,86400.000,6734.105,
Contact STARLINK-1080 - MarsSat2,0.000,3504.851,3504.851,
Contact STARLINK-1080 - MarsSat2,5302.622,9220.370,3917.748,
Contact STARLINK-1080 - MarsSat2,11023.290,20651.392,9628.102,
Contact STARLINK-1080 - MarsSat2,22464.432,32082.407,9617.975,
Contact STARLINK-1080 - MarsSat2,33905.294,37797.924,3892.630,
Contact STARLINK-1080 - MarsSat2,39625.627,49228.987,9603.360,
Contact STARLINK-1080 - MarsSat2,51066.109,60660.096,9593.987,
Contact STARLINK-1080 - MarsSat2,62506.363,77806.858,15300.495,
Contact STARLINK-1080 - MarsSat2,79666.345,86400.000,6733.655,
Contact STARLINK-1080 - MarsSat3,0.000,3504.681,3504.681,
Contact STARLINK-1080 - MarsSat3,5302.569,9220.184,3917.615,
Contact STARLINK-1080 - MarsSat3,11023.162,20651.294,9628.132,
Contact STARLINK-1080 - MarsSat3,22464.271,32082.348,9618.077,
Contact STARLINK-1080 - MarsSat3,33905.127,37797.850,3892.724,
Contact STARLINK-1080 - MarsSat3,39625.443,49228.850,9603.407,
Contact STARLINK-1080 - MarsSat3,51065.870,60659.884,9594.014,
Contact STARLINK-1080 - MarsSat3,62506.051,77806.580,15300.530,
Contact STARLINK-1080 - MarsSat3,79665.932,86400.000,6734.068,
Contact STARLINK-1080 - MarsSat4,0.000,3504.837,3504.837,
Contact STARLINK-1080 - MarsSat4,5302.758,9220.182,3917.424,
Contact STARLINK-1080 - MarsSat4,11023.257,20651.109,9627.852,
Contact STARLINK-1080 - MarsSat4,22464.158,32082.204,9618.046,
Contact STARLINK-1080 - MarsSat4,33905.057,37797.637,3892.580,
Contact STARLINK-1080 - MarsSat4,39625.313,49228.645,9603.332,
Contact STARLINK-1080 - MarsSat4,51065.645,60659.975,9594.330,
Contact STARLINK-1080 - MarsSat4,62506.040,77806.637,15300.597,
Contact STARLINK-1080 - MarsSat4,79665.944,86400.000,6734.056,
Contact STARLINK-4356 - STARLINK-31554,71954.169,72152.053,197.884,
Contact STARLINK-4356 - STARLINK-31554,86024.969,86400.000,375.031,
Contact STARLINK-4356 - STARLINK-4383,0.000,84.440,84.440,
Contact STARLINK-4356 - STARLINK-4383,10755.512,14496.548,3741.037,
Contact STARLINK-4356 - STARLINK-4383,25126.438,28872.895,3746.457,
Contact STARLINK-4356 - STARLINK-4383,39532.731,43284.748,3752.016,
Contact STARLINK-4356 - STARLINK-4383,53903.886,57661.263,3757.377,
Contact STARLINK-4356 - STARLINK-4383,68309.994,72072.868,3762.874,
Contact STARLINK-4356 - STARLINK-4383,82681.367,86400.000,3718.633,
Contact STARLINK-4356 - STARLINK-5713,3086.685,3601.358,514.674,
Contact STARLINK-4356 - STARLINK-11265 [DTC],3999.815,14230.291,10230.476,
Contact STARLINK-4356 - STARLINK-11265 [DTC],14777.700,22269.483,7491.783,
Contact STARLINK-4356 - STARLINK-3815,43049.905,43535.703,485.798,
Contact STARLINK-4356 - STARLINK-3815,57245.771,57847.842,602.070,
Contact STARLINK-4356 - STARLINK-3815,71446.355,72154.199,707.844,
Contact STARLINK-4356 - STARLINK-3815,85674.987,86400.000,725.013,
Contact STARLINK-4356 - MoonARTEMIS1,0.000,6803.226,6803.226,
Contact STARLINK-4356 - MoonARTEMIS1,8891.063,12548.463,3657.400,
Contact STARLINK-4356 - MoonARTEMIS1,14642.748,24027.915,9385.167,
Contact STARLINK-4356 - MoonARTEMIS1,26137.165,35526.479,9389.314,
Contact STARLINK-4356 - MoonARTEMIS1,37639.427,41277.175,3637.748,
Contact STARLINK-4356 - MoonARTEMIS1,43391.603,52778.614,9387.011,
Contact STARLINK-4356 - MoonARTEMIS1,54896.493,64279.621,9383.128,
Contact STARLINK-4356 - MoonARTEMIS1,66401.540,70029.870,3628.330,
Contact STARLINK-4356 - MoonARTEMIS1,72153.995,81529.695,9375.700,
Contact STARLINK-4356 - MoonARTEMIS1,83658.548,86400.000,2741.452,
Contact STARLINK-4356 - MoonARTEMIS2,0.000,6771.462,6771.462,
Contact STARLINK-4356 - MoonARTEMIS2,8884.703,12520.700,3635.996,
Contact STARLINK-4356 - MoonARTEMIS2,14637.102,24020.294,9383.192,
Contact STARLINK-4356 - MoonARTEMIS2,26141.850,35521.245,9379.395,
Contact STARLINK-4356 - MoonARTEMIS2,37646.442,41272.204,3625.762,
Contact STARLINK-4356 - MoonARTEMIS2,43398.588,52774.911,9376.322,
Contact STARLINK-4356 - MoonARTEMIS2,54901.531,58524.541,3623.010,
Contact STARLINK-4356 - MoonARTEMIS2,66395.100,70010.230,3615.130,
Contact STARLINK-4356 - MoonARTEMIS2,72144.846,81504.863,9360.017,
Contact STARLINK-4356 - MoonARTEMIS2,83646.051,86400.000,2753.949,
Contact STARLINK-4356 - MoonIOAGEO,0.000,6798.487,6798.487,
Contact STARLINK-4356 - MoonIOAGEO,8890.513,12542.259,3651.746,
Contact STARLINK-4356 - MoonIOAGEO,20386.336,24025.072,3638.737,
Contact STARLINK-4356 - MoonIOAGEO,26136.129,35524.234,9388.106,
Contact STARLINK-4356 - MoonIOAGEO,37644.214,41279.221,3635.007,
Contact STARLINK-4356 - MoonIOAGEO,43399.244,52780.902,9381.657,
Contact STARLINK-4356 - MoonIOAGEO,54900.989,58524.820,3623.831,
Contact STARLINK-4356 - MoonIOAGEO,66396.294,70012.497,3616.204,
Contact STARLINK-4356 - MoonIOAGEO,72146.684,81516.029,9369.344,
Contact STARLINK-4356 - MoonIOAGEO,83655.384,86400.000,2744.616,
Contact STARLINK-4356 - MoonIOAGNO,0.000,6793.952,6793.952,
Contact STARLINK-4356 - MoonIOAGNO,8883.508,12531.456,3647.948,
Contact STARLINK-4356 - MoonIOAGNO,14640.358,24051.300,9410.942,
Contact STARLINK-4356 - MoonIOAGNO,26163.646,35552.805,9389.159,
Contact STARLINK-4356 - MoonIOAGNO,37666.261,41297.271,3631.010,
Contact STARLINK-4356 - MoonIOAGNO,43411.280,52770.431,9359.151,
Contact STARLINK-4356 - MoonIOAGNO,54892.389,64284.609,9392.220,
Contact STARLINK-4356 - MoonIOAGNO,66418.966,70040.526,3621.560,
Contact STARLINK-4356 - MoonIOAGNO,72174.651,81539.817,9365.165,
Contact STARLINK-4356 - MoonIOAGNO,83673.408,86400.000,2726.592,
Contact STARLINK-4356 - MoonIOAGNO 0001,0.000,6812.869,6812.869,
Contact STARLINK-4356 - MoonIOAGNO 0001,8911.574,12561.947,3650.373,
Contact STARLINK-4356 - MoonIOAGNO 0001,14661.696,24047.011,9385.315,
Contact STARLINK-4356 - MoonIOAGNO 0001,26148.988,35526.420,9377.432,
Contact STARLINK-4356 - MoonIOAGNO 0001,37649.751,41288.315,3638.564,
Contact STARLINK-4356 - MoonIOAGNO 0001,43412.586,52797.344,9384.758,
Contact STARLINK-4356 - MoonIOAGNO 0001,54921.901,64289.482,9367.581,
Contact STARLINK-4356 - MoonIOAGNO 0001,66414.226,70028.303,3614.077,
Contact STARLINK-4356 - MoonIOAGNO 0001,72153.247,81522.409,9369.162,
Contact STARLINK-4356 - MoonIOAGNO 0001,83665.071,86400.000,2734.929,
Contact STARLINK-4356 - MoonIOAGSO,0.000,6794.286,6794.286,
Contact STARLINK-4356 - MoonIOAGSO,8892.303,11539.665,2647.362,
Contact STARLINK-4356 - MoonIOAGSO,14632.467,24011.402,9378.934,
Contact STARLINK-4356 - MoonIOAGSO,26120.217,35511.455,9391.238,
Contact STARLINK-4356 - MoonIOAGSO,37627.729,41266.475,3638.746,
Contact STARLINK-4356 - MoonIOAGSO,43386.388,52780.253,9393.865,
Contact STARLINK-4356 - MoonIOAGSO,55968.629,64252.515,8283.886,
Contact STARLINK-4356 - MoonIOAGSO,66381.266,69998.469,3617.203,
Contact STARLINK-4356 - MoonIOAGSO,72130.773,81502.637,9371.863,
Contact STARLINK-4356 - MoonIOAGSO,83640.800,86400.000,2759.200,
Contact STARLINK-4356 - MoonIOAGSO 0001,0.000,6767.986,6767.986,
Contact STARLINK-4356 - MoonIOAGSO 0001,8865.508,12518.895,3653.387,
Contact STARLINK-4356 - MoonIOAGSO 0001,14620.421,24029.590,9409.169,
Contact STARLINK-4356 - MoonIOAGSO 0001,26139.525,35523.498,9383.973,
Contact STARLINK-4356 - MoonIOAGSO 0001,37634.744,41259.497,3624.753,
Contact STARLINK-4356 - MoonIOAGSO 0001,43377.151,52753.229,9376.078,
Contact STARLINK-4356 - MoonIOAGSO 0001,54878.431,64262.057,9383.626,
Contact STARLINK-4356 - MoonIOAGSO 0001,66393.684,70020.395,3626.711,
Contact STARLINK-4356 - MoonIOAGSO 0001,72154.936,81506.160,9351.224,
Contact STARLINK-4356 - MoonIOAGSO 0001,83639.504,86400.000,2760.496,
Contact STARLINK-4356 - MoonLRO,0.000,6791.966,6791.966,
Contact STARLINK-4356 - MoonLRO,8883.033,12541.244,3658.211,
Contact STARLINK-4356 - MoonLRO,14638.525,24030.226,9391.701,
Contact STARLINK-4356 - MoonLRO,26145.311,35525.917,9380.606,
Contact STARLINK-4356 - MoonLRO,37640.793,41278.363,3637.570,
Contact STARLINK-4356 - MoonLRO,43391.139,52776.702,9385.562,
Contact STARLINK-4356 - MoonLRO,54900.776,64266.805,9366.028,
Contact STARLINK-4356 - MoonLRO,66402.813,70016.285,3613.472,
Contact STARLINK-4356 - MoonLRO,72149.872,81521.434,9371.562,
Contact STARLINK-4356 - MoonLRO,83651.165,86400.000,2748.835,
Contact STARLINK-4356 - MarsSat1,3044.003,6702.571,3658.568,
Contact STARLINK-4356 - MarsSat1,8800.239,12458.983,3658.743,
Contact STARLINK-4356 - MarsSat1,14556.470,23971.805,9415.335,
Contact STARLINK-4356 - MarsSat1,26068.917,35484.637,9415.720,
Contact STARLINK-4356 - MarsSat1,37581.352,41241.057,3659.705,
Contact STARLINK-4356 - MarsSat1,43337.569,52753.907,9416.338,
Contact STARLINK-4356 - MarsSat1,54850.009,64266.758,9416.749,
Contact STARLINK-4356 - MarsSat1,66362.461,70023.180,3660.719,
Contact STARLINK-4356 - MarsSat1,72118.690,81536.011,9417.321,
Contact STARLINK-4356 - MarsSat1,83631.147,86400.000,2768.853,
Contact STARLINK-4356 - MarsSat2,0.000,6702.633,6702.633,
Contact STARLINK-4356 - MarsSat2,8800.292,12459.086,3658.794,
Contact STARLINK-4356 - MarsSat2,14556.563,23971.938,9415.376,
Contact STARLINK-4356 - MarsSat2,26069.052,35484.753,9415.701,
Contact STARLINK-4356 - MarsSat2,37581.498,41241.152,3659.654,
Contact STARLINK-4356 - MarsSat2,43337.712,52753.945,9416.233,
Contact STARLINK-4356 - MarsSat2,54850.127,64266.732,9416.605,
Contact STARLINK-4356 - MarsSat2,66362.530,70023.124,3660.595,
Contact STARLINK-4356 - MarsSat2,72118.728,81535.909,9417.181,
Contact STARLINK-4356 - MarsSat2,83631.121,86400.000,2768.879,
Contact STARLINK-4356 - MarsSat3,0.000,6702.502,6702.502,
Contact STARLINK-4356 - MarsSat3,8800.163,12458.994,3658.830,
Contact STARLINK-4356 - MarsSat3,14556.470,23971.937,9415.467,
Contact STARLINK-4356 - MarsSat3,26069.031,35484.766,9415.734,
Contact STARLINK-4356 - MarsSat3,37581.477,41241.154,3659.677,
Contact STARLINK-4356 - MarsSat3,43337.673,52753.908,9416.235,
Contact STARLINK-4356 - MarsSat3,54850.040,64266.661,9416.621,
Contact STARLINK-4356 - MarsSat3,66362.401,70023.045,3660.645,
Contact STARLINK-4356 - MarsSat3,72118.587,81535.849,9417.261,
Contact STARLINK-4356 - MarsSat3,83630.996,86400.000,2769.004,
Contact STARLINK-4356 - MarsSat4,0.000,6702.496,6702.496,
Contact STARLINK-4356 - MarsSat4,8800.144,12458.893,3658.749,
Contact STARLINK-4356 - MarsSat4,14556.360,23971.851,9415.491,
Contact STARLINK-4356 - MarsSat4,26068.952,35484.631,9415.679,
Contact STARLINK-4356 - MarsSat4,37581.323,41240.999,3659.676,
Contact STARLINK-4356 - MarsSat4,43337.506,52753.884,9416.378,
Contact STARLINK-4356 - MarsSat4,54850.029,64266.758,9416.729,
Contact STARLINK-4356 - MarsSat4,66362.481,70023.106,3660.624,
Contact STARLINK-4356 - MarsSat4,72118.640,81535.916,9417.275,
Contact STARLINK-4356 - MarsSat4,83631.077,86400.000,2768.923,
Contact STARLINK-31554 - STARLINK-4383,3390.326,4070.994,680.667,
Contact STARLINK-31554 - STARLINK-4383,17563.526,18287.987,724.461,
Contact STARLINK-31554 - STARLINK-4383,31748.677,32494.766,746.089,
Contact STARLINK-31554 - STARLINK-4383,43105.941,43850.200,744.259,
Contact STARLINK-31554 - STARLINK-4383,57316.922,58029.084,712.163,
Contact STARLINK-31554 - STARLINK-4383,71536.672,72201.483,664.811,
Contact STARLINK-31554 - STARLINK-5713,3367.368,7235.157,3867.788,
Contact STARLINK-31554 - STARLINK-5713,17527.223,18571.903,1044.680,
Contact STARLINK-31554 - STARLINK-5713,31777.517,32661.230,883.712,
Contact STARLINK-31554 - STARLINK-1303,15697.097,74108.896,58411.798,
Contact STARLINK-31554 - STARLINK-11265 [DTC],78626.156,79411.621,785.466,
Contact STARLINK-31554 - STARLINK-4612,49915.315,50697.661,782.346,
Contact STARLINK-31554 - STARLINK-4612,61110.165,64985.209,3875.044,
Contact STARLINK-31554 - STARLINK-4612,75196.236,76347.406,1151.170,
Contact STARLINK-31554 - STARLINK-5831,0.000,130.117,130.117,
Contact STARLINK-31554 - STARLINK-5831,10396.399,17594.111,7197.713,
Contact STARLINK-31554 - STARLINK-5831,18756.454,31818.994,13062.540,
Contact STARLINK-31554 - STARLINK-5831,32882.648,40227.609,7344.962,
Contact STARLINK-31554 - STARLINK-5831,50214.922,54016.401,3801.479,
Contact STARLINK-31554 - STARLINK-31034,3235.517,4004.244,768.727,
Contact STARLINK-31554 - STARLINK-31034,17259.756,18078.371,818.615,
Contact STARLINK-31554 - STARLINK-31034,28483.290,29333.571,850.281,
Contact STARLINK-31554 - STARLINK-31034,42517.378,43397.948,880.570,
Contact STARLINK-31554 - STARLINK-31034,53749.177,54644.830,895.653,
Contact STARLINK-31554 - STARLINK-31034,67794.695,68697.562,902.867,
Contact STARLINK-31554 - STARLINK-31034,79034.578,79936.332,901.754,
Contact STARLINK-31554 - STARLINK-3815,65106.953,86400.000,21293.047,
Contact STARLINK-31554 - STARLINK-31611,0.000,493.570,493.570,
Contact STARLINK-31554 - STARLINK-31611,13619.020,14502.330,883.309,
Contact STARLINK-31554 - STARLINK-31611,24813.734,25712.696,898.961,
Contact STARLINK-31554 - STARLINK-31611,38802.652,39729.687,927.035,
Contact STARLINK-31554 - STARLINK-31611,49997.908,50939.502,941.594,
Contact STARLINK-31554 - STARLINK-31611,61193.375,64947.209,3753.834,
Contact STARLINK-31554 - STARLINK-31611,75192.697,76156.593,963.897,
Contact STARLINK-31554 - STARLINK-31611,86388.594,86400.000,11.406,
Contact STARLINK-31554 - MoonARTEMIS1,828.237,9896.627,9068.389,
Contact STARLINK-31554 - MoonARTEMIS1,12071.674,21154.767,9083.092,
Contact STARLINK-31554 - MoonARTEMIS1,23335.514,26777.888,3442.375,
Contact STARLINK-31554 - MoonARTEMIS1,34560.384,38000.977,3440.593,
Contact STARLINK-31554 - MoonARTEMIS1,40171.668,49224.590,9052.923,
Contact STARLINK-31554 - MoonARTEMIS1,51395.833,60450.058,9054.225,
Contact STARLINK-31554 - MoonARTEMIS1,62622.360,71677.702,9055.342,
Contact STARLINK-31554 - MoonARTEMIS1,73851.487,77292.475,3440.987,
Contact STARLINK-31554 - MoonARTEMIS1,79467.164,86400.000,6932.836,
Contact STARLINK-31554 - MoonARTEMIS2,904.799,9962.202,9057.403,
Contact STARLINK-31554 - MoonARTEMIS2,12138.344,21192.204,9053.860,
Contact STARLINK-31554 - MoonARTEMIS2,23368.405,26805.923,3437.518,
Contact STARLINK-31554 - MoonARTEMIS2,28982.044,38030.464,9048.419,
Contact STARLINK-31554 - MoonARTEMIS2,40206.050,49250.075,9044.025,
Contact STARLINK-31554 - MoonARTEMIS2,51424.118,59998.283,8574.165,
Contact STARLINK-31554 - MoonARTEMIS2,62661.797,71728.514,9066.718,
Contact STARLINK-31554 - MoonARTEMIS2,73909.127,77351.538,3442.412,
Contact STARLINK-31554 - MoonARTEMIS2,79532.262,86400.000,6867.738,
Contact STARLINK-31554 - MoonIOAGEO,849.392,9907.110,9057.718,
Contact STARLINK-31554 - MoonIOAGEO,12082.626,15532.980,3450.354,
Contact STARLINK-31554 - MoonIOAGEO,23338.826,26785.911,3447.086,
Contact STARLINK-31554 - MoonIOAGEO,28961.272,38010.011,9048.739,
Contact STARLINK-31554 - MoonIOAGEO,40181.403,49226.189,9044.785,
Contact STARLINK-31554 - MoonIOAGEO,51401.467,60120.852,8719.385,
Contact STARLINK-31554 - MoonIOAGEO,64063.054,71721.071,7658.017,
Contact STARLINK-31554 - MoonIOAGEO,73898.997,77335.009,3436.012,
Contact STARLINK-31554 - MoonIOAGEO,79510.541,86400.000,6889.459,
Contact STARLINK-31554 - MoonIOAGNO,845.176,9921.199,9076.022,
Contact STARLINK-31554 - MoonIOAGNO,12098.664,21149.321,9050.656,
Contact STARLINK-31554 - MoonIOAGNO,23323.833,26760.021,3436.189,
Contact STARLINK-31554 - MoonIOAGNO,34549.591,37988.337,3438.746,
Contact STARLINK-31554 - MoonIOAGNO,40165.654,49230.778,9065.125,
Contact STARLINK-31554 - MoonIOAGNO,51410.892,60474.482,9063.590,
Contact STARLINK-31554 - MoonIOAGNO,62650.114,71693.518,9043.404,
Contact STARLINK-31554 - MoonIOAGNO,73871.955,77306.240,3434.286,
Contact STARLINK-31554 - MoonIOAGNO,79485.605,86400.000,6914.395,
Contact STARLINK-31554 - MoonIOAGNO 0001,854.406,9904.744,9050.339,
Contact STARLINK-31554 - MoonIOAGNO 0001,12080.449,21138.602,9058.153,
Contact STARLINK-31554 - MoonIOAGNO 0001,23315.365,26761.575,3446.210,
Contact STARLINK-31554 - MoonIOAGNO 0001,34569.589,38007.905,3438.316,
Contact STARLINK-31554 - MoonIOAGNO 0001,40181.993,49227.303,9045.310,
Contact STARLINK-31554 - MoonIOAGNO 0001,51404.330,60455.540,9051.210,
Contact STARLINK-31554 - MoonIOAGNO 0001,62634.221,71699.184,9064.963,
Contact STARLINK-31554 - MoonIOAGNO 0001,73881.649,77329.672,3448.023,
Contact STARLINK-31554 - MoonIOAGNO 0001,79507.100,86400.000,6892.900,
Contact STARLINK-31554 - MoonIOAGSO,851.821,9914.427,9062.606,
Contact STARLINK-31554 - MoonIOAGSO,12479.101,21169.316,8690.215,
Contact STARLINK-31554 - MoonIOAGSO,23340.874,26784.995,3444.121,
Contact STARLINK-31554 - MoonIOAGSO,34568.403,38009.752,3441.349,
Contact STARLINK-31554 - MoonIOAGSO,40180.661,49232.641,9051.980,
Contact STARLINK-31554 - MoonIOAGSO,51408.546,60486.567,9078.022,
Contact STARLINK-31554 - MoonIOAGSO,62663.402,71720.889,9057.487,
Contact STARLINK-31554 - MoonIOAGSO,73894.794,77333.417,3438.622,
Contact STARLINK-31554 - MoonIOAGSO,79507.380,86400.000,6892.620,
Contact STARLINK-31554 - MoonIOAGSO 0001,869.934,9928.693,9058.759,
Contact STARLINK-31554 - MoonIOAGSO 0001,12097.579,21151.998,9054.419,
Contact STARLINK-31554 - MoonIOAGSO 0001,23322.838,26764.277,3441.439,
Contact STARLINK-31554 - MoonIOAGSO 0001,34568.517,38018.100,3449.583,
Contact STARLINK-31554 - MoonIOAGSO 0001,40193.737,49253.543,9059.806,
Contact STARLINK-31554 - MoonIOAGSO 0001,51425.568,60477.659,9052.091,
Contact STARLINK-31554 - MoonIOAGSO 0001,62650.339,71699.818,9049.479,
Contact STARLINK-31554 - MoonIOAGSO 0001,73878.018,76318.147,2440.129,
Contact STARLINK-31554 - MoonIOAGSO 0001,79509.568,86400.000,6890.432,
Contact STARLINK-31554 - MoonLRO,862.446,9920.722,9058.276,
Contact STARLINK-31554 - MoonLRO,12090.070,21157.753,9067.683,
Contact STARLINK-31554 - MoonLRO,23329.831,26770.546,3440.715,
Contact STARLINK-31554 - MoonLRO,34566.620,38003.931,3437.312,
Contact STARLINK-31554 - MoonLRO,40179.539,49244.385,9064.846,
Contact STARLINK-31554 - MoonLRO,51414.038,60470.729,9056.690,
Contact STARLINK-31554 - MoonLRO,62654.579,71706.581,9052.002,
Contact STARLINK-31554 - MoonLRO,73881.288,77327.293,3446.005,
Contact STARLINK-31554 - MoonLRO,79497.714,86400.000,6902.286,
Contact STARLINK-31554 - MarsSat1,1334.842,10065.526,8730.684,
Contact STARLINK-31554 - MarsSat1,12199.792,21273.000,9073.208,
Contact STARLINK-31554 - MarsSat1,23407.785,26876.698,3468.913,
Contact STARLINK-31554 - MarsSat1,29011.741,38084.017,9072.276,
Contact STARLINK-31554 - MarsSat1,40219.582,49291.261,9071.679,
Contact STARLINK-31554 - MarsSat1,51427.362,60498.479,9071.116,
Contact STARLINK-31554 - MarsSat1,62635.137,71705.708,9070.571,
Contact STARLINK-31554 - MarsSat1,73842.940,77309.330,3466.389,
Contact STARLINK-31554 - MarsSat1,79446.853,86400.000,6953.147,
Contact STARLINK-31554 - MarsSat2,991.620,10065.391,9073.771,
Contact STARLINK-31554 - MarsSat2,12199.659,21272.887,9073.228,
Contact STARLINK-31554 - MarsSat2,23407.703,26876.623,3468.920,
Contact STARLINK-31554 - MarsSat2,29011.710,38084.057,9072.347,
Contact STARLINK-31554 - MarsSat2,40219.686,49291.437,9071.752,
Contact STARLINK-31554 - MarsSat2,51427.609,60498.762,9071.153,
Contact STARLINK-31554 - MarsSat2,62635.481,71706.033,9070.552,
Contact STARLINK-31554 - MarsSat2,73843.302,77309.648,3466.346,
Contact STARLINK-31554 - MarsSat2,79447.193,86400.000,6952.807,
Contact STARLINK-31554 - MarsSat3,991.728,10065.431,9073.704,
Contact STARLINK-31554 - MarsSat3,12199.652,21272.823,9073.171,
Contact STARLINK-31554 - MarsSat3,23407.614,26876.537,3468.922,
Contact STARLINK-31554 - MarsSat3,29011.607,38083.962,9072.355,
Contact STARLINK-31554 - MarsSat3,40219.576,49291.347,9071.771,
Contact STARLINK-31554 - MarsSat3,51427.495,60498.671,9071.175,
Contact STARLINK-31554 - MarsSat3,62635.354,71705.922,9070.568,
Contact STARLINK-31554 - MarsSat3,73843.143,77309.516,3466.373,
Contact STARLINK-31554 - MarsSat3,79447.010,86400.000,6952.990,
Contact STARLINK-31554 - MarsSat4,991.767,10065.545,9073.778,
Contact STARLINK-31554 - MarsSat4,12199.764,21272.873,9073.108,
Contact STARLINK-31554 - MarsSat4,23407.621,26876.559,3468.938,
Contact STARLINK-31554 - MarsSat4,29011.632,38084.040,9072.409,
Contact STARLINK-31554 - MarsSat4,40219.617,49291.318,9071.701,
Contact STARLINK-31554 - MarsSat4,51427.407,60498.547,9071.140,
Contact STARLINK-31554 - MarsSat4,62635.264,71705.891,9070.627,
Contact STARLINK-31554 - MarsSat4,73843.122,77309.483,3466.360,
Contact STARLINK-31554 - MarsSat4,79446.973,86400.000,6953.027,
Contact STARLINK-4383 - STARLINK-5713,2879.965,10246.153,7366.188,
Contact STARLINK-4383 - STARLINK-5713,11508.851,24670.739,13161.888,
Contact STARLINK-4383 - STARLINK-5713,25864.865,39074.118,13209.253,
Contact STARLINK-4383 - STARLINK-5713,40243.454,53495.666,13252.212,
Contact STARLINK-4383 - STARLINK-5713,54603.577,67893.382,13289.805,
Contact STARLINK-4383 - STARLINK-5713,68986.850,82311.142,13324.292,
Contact STARLINK-4383 - STARLINK-5713,83351.693,86400.000,3048.307,
Contact STARLINK-4383 - STARLINK-1303,0.000,3607.746,3607.746,
Contact STARLINK-4383 - STARLINK-1303,14324.888,15099.281,774.393,
Contact STARLINK-4383 - STARLINK-1303,28688.622,29461.490,772.868,
Contact STARLINK-4383 - STARLINK-1303,43049.356,43828.170,778.814,
Contact STARLINK-4383 - STARLINK-1303,57413.397,58190.088,776.691,
Contact STARLINK-4383 - STARLINK-1303,71773.831,72557.082,783.251,
Contact STARLINK-4383 - STARLINK-1303,86138.206,86400.000,261.794,
Contact STARLINK-4383 - STARLINK-11265 [DTC],35418.332,36563.365,1145.033,
Contact STARLINK-4383 - STARLINK-5831,3434.994,3760.442,325.448,
Contact STARLINK-4383 - STARLINK-5831,17812.285,18135.299,323.014,
Contact STARLINK-4383 - STARLINK-5831,32207.071,32493.858,286.787,
Contact STARLINK-4383 - STARLINK-5831,46583.243,46869.614,286.371,
Contact STARLINK-4383 - STARLINK-5831,60977.472,61228.544,251.072,
Contact STARLINK-4383 - STARLINK-5831,75352.355,75605.380,253.026,
Contact STARLINK-4383 - STARLINK-31034,0.000,10492.199,10492.199,
Contact STARLINK-4383 - STARLINK-31034,11088.496,18847.165,7758.669,
Contact STARLINK-4383 - STARLINK-31034,25764.730,32609.427,6844.697,
Contact STARLINK-4383 - STARLINK-3815,0.000,661.319,661.319,
Contact STARLINK-4383 - STARLINK-3815,14200.618,14912.749,712.131,
Contact STARLINK-4383 - STARLINK-3815,28466.956,29154.352,687.396,
Contact STARLINK-4383 - STARLINK-3815,42727.183,43403.640,676.457,
Contact STARLINK-4383 - STARLINK-3815,56997.986,57640.658,642.671,
Contact STARLINK-4383 - STARLINK-3815,82672.490,83282.673,610.183,
Contact STARLINK-4383 - MoonARTEMIS1,0.000,7122.098,7122.098,
Contact STARLINK-4383 - MoonARTEMIS1,8688.555,12846.236,4157.681,
Contact STARLINK-4383 - MoonARTEMIS1,14411.002,24268.401,9857.400,
Contact STARLINK-4383 - MoonARTEMIS1,25832.820,35764.480,9931.660,
Contact STARLINK-4383 - MoonARTEMIS1,37315.649,52999.962,15684.313,
Contact STARLINK-4383 - MoonARTEMIS1,54542.332,64481.905,9939.573,
Contact STARLINK-4383 - MoonARTEMIS1,66024.079,81691.158,15667.079,
Contact STARLINK-4383 - MoonARTEMIS1,83241.365,86400.000,3158.635,
Contact STARLINK-4383 - MoonARTEMIS2,0.000,6982.469,6982.469,
Contact STARLINK-4383 - MoonARTEMIS2,8581.500,24196.230,15614.730,
Contact STARLINK-4383 - MoonARTEMIS2,25798.012,35681.662,9883.650,
Contact STARLINK-4383 - MoonARTEMIS2,37282.494,52933.951,15651.456,
Contact STARLINK-4383 - MoonARTEMIS2,54520.701,58693.678,4172.977,
Contact STARLINK-4383 - MoonARTEMIS2,65969.534,81549.038,15579.503,
Contact STARLINK-4383 - MoonARTEMIS2,83157.362,86400.000,3242.638,
Contact STARLINK-4383 - MoonIOAGEO,0.000,7097.491,7097.491,
Contact STARLINK-4383 - MoonIOAGEO,8671.218,16162.194,7490.977,
Contact STARLINK-4383 - MoonIOAGEO,20102.632,24261.225,4158.593,
Contact STARLINK-4383 - MoonIOAGEO,25822.182,35730.614,9908.432,
Contact STARLINK-4383 - MoonIOAGEO,37306.412,52976.313,15669.901,
Contact STARLINK-4383 - MoonIOAGEO,54537.193,58697.785,4160.592,
Contact STARLINK-4383 - MoonIOAGEO,65975.645,81604.142,15628.498,
Contact STARLINK-4383 - MoonIOAGEO,83199.857,86400.000,3200.143,
Contact STARLINK-4383 - MoonIOAGNO,0.000,7085.202,7085.202,
Contact STARLINK-4383 - MoonIOAGNO,8648.196,24266.867,15618.671,
Contact STARLINK-4383 - MoonIOAGNO,25880.750,35751.384,9870.634,
Contact STARLINK-4383 - MoonIOAGNO,37359.191,52957.196,15598.006,
Contact STARLINK-4383 - MoonIOAGNO,54505.842,64404.342,9898.500,
Contact STARLINK-4383 - MoonIOAGNO,66018.097,81629.541,15611.444,
Contact STARLINK-4383 - MoonIOAGNO,83243.382,86400.000,3156.618,
Contact STARLINK-4383 - MoonIOAGNO 0001,0.000,7063.854,7063.854,
Contact STARLINK-4383 - MoonIOAGNO 0001,8686.877,12806.923,4120.046,
Contact STARLINK-4383 - MoonIOAGNO 0001,14423.332,24291.626,9868.293,
Contact STARLINK-4383 - MoonIOAGNO 0001,25870.513,35736.205,9865.693,
Contact STARLINK-4383 - MoonIOAGNO 0001,37314.619,52949.749,15635.130,
Contact STARLINK-4383 - MoonIOAGNO 0001,54564.002,64432.320,9868.318,
Contact STARLINK-4383 - MoonIOAGNO 0001,66024.954,81600.843,15575.889,
Contact STARLINK-4383 - MoonIOAGNO 0001,83212.974,86400.000,3187.026,
Contact STARLINK-4383 - MoonIOAGSO,0.000,7087.458,7087.458,
Contact STARLINK-4383 - MoonIOAGSO,8662.629,24280.817,15618.188,
Contact STARLINK-4383 - MoonIOAGSO,25806.079,35764.486,9958.407,
Contact STARLINK-4383 - MoonIOAGSO,37290.624,52955.137,15664.513,
Contact STARLINK-4383 - MoonIOAGSO,55925.882,64407.082,8481.199,
Contact STARLINK-4383 - MoonIOAGSO,65948.622,81625.283,15676.661,
Contact STARLINK-4383 - MoonIOAGSO,83177.910,86400.000,3222.090,
Contact STARLINK-4383 - MoonIOAGSO 0001,0.000,7085.673,7085.673,
Contact STARLINK-4383 - MoonIOAGSO 0001,8613.432,24300.421,15686.989,
Contact STARLINK-4383 - MoonIOAGSO 0001,25854.318,33129.040,7274.722,
Contact STARLINK-4383 - MoonIOAGSO 0001,37290.298,52956.776,15666.478,
Contact STARLINK-4383 - MoonIOAGSO 0001,54482.991,64433.352,9950.361,
Contact STARLINK-4383 - MoonIOAGSO 0001,65983.333,81602.061,15618.729,
Contact STARLINK-4383 - MoonIOAGSO 0001,83167.946,86400.000,3232.054,
Contact STARLINK-4383 - MoonLRO,0.000,7064.937,7064.937,
Contact STARLINK-4383 - MoonLRO,8637.411,24288.053,15650.641,
Contact STARLINK-4383 - MoonLRO,25854.642,35741.890,9887.248,
Contact STARLINK-4383 - MoonLRO,37309.258,52955.391,15646.133,
Contact STARLINK-4383 - MoonLRO,54522.137,64420.291,9898.154,
Contact STARLINK-4383 - MoonLRO,65995.175,81612.031,15616.856,
Contact STARLINK-4383 - MoonLRO,83194.161,86400.000,3205.839,
Contact STARLINK-4383 - MarsSat1,2593.403,6904.203,4310.800,
Contact STARLINK-4383 - MarsSat1,8351.299,24180.306,15829.007,
Contact STARLINK-4383 - MarsSat1,25625.033,35697.938,10072.905,
Contact STARLINK-4383 - MarsSat1,37140.936,52974.532,15833.596,
Contact STARLINK-4383 - MarsSat1,54414.883,64492.138,10077.255,
Contact STARLINK-4383 - MarsSat1,65930.839,81768.175,15837.336,
Contact STARLINK-4383 - MarsSat1,83204.663,86400.000,3195.337,
Contact STARLINK-4383 - MarsSat2,0.000,6904.462,6904.462,
Contact STARLINK-4383 - MarsSat2,8351.516,24180.314,15828.798,
Contact STARLINK-4383 - MarsSat2,25625.325,35697.629,10072.304,
Contact STARLINK-4383 - MarsSat2,37141.115,52973.715,15832.599,
Contact STARLINK-4383 - MarsSat2,54414.783,64491.160,10076.377,
Contact STARLINK-4383 - MarsSat2,65930.570,81767.391,15836.821,
Contact STARLINK-4383 - MarsSat2,83204.277,86400.000,3195.723,
Contact STARLINK-4383 - MarsSat3,0.000,6904.506,6904.506,
Contact STARLINK-4383 - MarsSat3,8351.257,24180.570,15829.313,
Contact STARLINK-4383 - MarsSat3,25625.387,35697.915,10072.528,
Contact STARLINK-4383 - MarsSat3,37141.195,52974.106,15832.911,
Contact STARLINK-4383 - MarsSat3,54414.766,64491.662,10076.895,
Contact STARLINK-4383 - MarsSat3,65930.504,81768.073,15837.569,
Contact STARLINK-4383 - MarsSat3,83204.294,86400.000,3195.706,
Contact STARLINK-4383 - MarsSat4,0.000,6904.237,6904.237,
Contact STARLINK-4383 - MarsSat4,8351.127,24180.691,15829.565,
Contact STARLINK-4383 - MarsSat4,25625.246,35697.970,10072.723,
Contact STARLINK-4383 - MarsSat4,37140.885,52974.452,15833.567,
Contact STARLINK-4383 - MarsSat4,54414.865,64491.697,10076.832,
Contact STARLINK-4383 - MarsSat4,65930.698,81768.099,15837.401,
Contact STARLINK-4383 - MarsSat4,83204.482,86400.000,3195.518,
Contact STARLINK-30052 - STARLINK-31611,82317.041,83042.303,725.262,
Contact STARLINK-30052 - MoonARTEMIS1,0.000,6244.094,6244.094,
Contact STARLINK-30052 - MoonARTEMIS1,8327.396,17776.427,9449.031,
Contact STARLINK-30052 - MoonARTEMIS1,19843.863,23555.878,3712.015,
Contact STARLINK-30052 - MoonARTEMIS1,25606.962,35071.206,9464.244,
Contact STARLINK-30052 - MoonARTEMIS1,37110.719,46583.495,9472.776,
Contact STARLINK-30052 - MoonARTEMIS1,48612.805,52340.456,3727.651,
Contact STARLINK-30052 - MoonARTEMIS1,54364.016,63856.635,9492.618,
Contact STARLINK-30052 - MoonARTEMIS1,65867.154,75376.599,9509.445,
Contact STARLINK-30052 - MoonARTEMIS1,77371.644,81138.386,3766.742,
Contact STARLINK-30052 - MoonARTEMIS1,83124.578,86400.000,3275.422,
Contact STARLINK-30052 - MoonARTEMIS2,0.000,6304.764,6304.764,
Contact STARLINK-30052 - MoonARTEMIS2,8357.774,17823.443,9465.670,
Contact STARLINK-30052 - MoonARTEMIS2,19862.093,23582.023,3719.930,
Contact STARLINK-30052 - MoonARTEMIS2,25613.810,35097.197,9483.386,
Contact STARLINK-30052 - MoonARTEMIS2,37116.357,46608.527,9492.170,
Contact STARLINK-30052 - MoonARTEMIS2,48617.687,52361.995,3744.308,
Contact STARLINK-30052 - MoonARTEMIS2,54368.174,58115.400,3747.226,
Contact STARLINK-30052 - MoonARTEMIS2,65887.457,75444.468,9557.011,
Contact STARLINK-30052 - MoonARTEMIS2,77403.781,81216.784,3813.002,
Contact STARLINK-30052 - MoonARTEMIS2,83160.252,86400.000,3239.748,
Contact STARLINK-30052 - MoonIOAGEO,0.000,6253.178,6253.178,
Contact STARLINK-30052 - MoonIOAGEO,8331.743,16278.667,7946.924,
Contact STARLINK-30052 - MoonIOAGEO,20115.804,23560.287,3444.484,
Contact STARLINK-30052 - MoonIOAGEO,25610.436,35080.997,9470.561,
Contact STARLINK-30052 - MoonIOAGEO,37111.844,46582.224,9470.379,
Contact STARLINK-30052 - MoonIOAGEO,48607.555,52342.685,3735.130,
Contact STARLINK-30052 - MoonIOAGEO,54363.039,58113.361,3750.321,
Contact STARLINK-30052 - MoonIOAGEO,65884.832,75428.503,9543.671,
Contact STARLINK-30052 - MoonIOAGEO,77394.257,81183.039,3788.782,
Contact STARLINK-30052 - MoonIOAGEO,83141.209,86400.000,3258.791,
Contact STARLINK-30052 - MoonIOAGNO,0.000,6259.008,6259.008,
Contact STARLINK-30052 - MoonIOAGNO,8340.419,17783.115,9442.696,
Contact STARLINK-30052 - MoonIOAGNO,19834.130,23533.129,3698.999,
Contact STARLINK-30052 - MoonIOAGNO,25578.388,35046.228,9467.840,
Contact STARLINK-30052 - MoonIOAGNO,37082.016,46578.708,9496.692,
Contact STARLINK-30052 - MoonIOAGNO,48607.083,52357.432,3750.349,
Contact STARLINK-30052 - MoonIOAGNO,54377.943,63875.554,9497.611,
Contact STARLINK-30052 - MoonIOAGNO,65858.572,75387.783,9529.212,
Contact STARLINK-30052 - MoonIOAGNO,77356.651,81150.346,3793.695,
Contact STARLINK-30052 - MoonIOAGNO,83113.662,86400.000,3286.338,
Contact STARLINK-30052 - MoonIOAGNO 0001,0.000,6245.665,6245.665,
Contact STARLINK-30052 - MoonIOAGNO 0001,8314.319,17764.111,9449.792,
Contact STARLINK-30052 - MoonIOAGNO 0001,19825.384,23530.757,3705.373,
Contact STARLINK-30052 - MoonIOAGNO 0001,25588.984,35077.232,9488.248,
Contact STARLINK-30052 - MoonIOAGNO 0001,37106.594,46578.389,9471.795,
Contact STARLINK-30052 - MoonIOAGNO 0001,48591.283,52334.603,3743.319,
Contact STARLINK-30052 - MoonIOAGNO 0001,54341.748,63860.578,9518.830,
Contact STARLINK-30052 - MoonIOAGNO 0001,65858.275,75416.429,9558.155,
Contact STARLINK-30052 - MoonIOAGNO 0001,77393.436,81178.585,3785.148,
Contact STARLINK-30052 - MoonIOAGNO 0001,83130.621,86400.000,3269.379,
Contact STARLINK-30052 - MoonIOAGSO,0.000,6259.311,6259.311,
Contact STARLINK-30052 - MoonIOAGSO,8333.442,17805.087,9471.644,
Contact STARLINK-30052 - MoonIOAGSO,19867.359,23569.555,3702.196,
Contact STARLINK-30052 - MoonIOAGSO,25625.216,35084.471,9459.256,
Contact STARLINK-30052 - MoonIOAGSO,37126.625,46591.394,9464.768,
Contact STARLINK-30052 - MoonIOAGSO,48614.878,52349.017,3734.139,
Contact STARLINK-30052 - MoonIOAGSO,56016.919,63905.101,7888.182,
Contact STARLINK-30052 - MoonIOAGSO,65903.121,75429.155,9526.034,
Contact STARLINK-30052 - MoonIOAGSO,77410.534,81186.499,3775.966,
Contact STARLINK-30052 - MoonIOAGSO,83157.724,86400.000,3242.276,
Contact STARLINK-30052 - MoonIOAGSO 0001,0.000,6285.963,6285.963,
Contact STARLINK-30052 - MoonIOAGSO 0001,8362.341,17794.759,9432.418,
Contact STARLINK-30052 - MoonIOAGSO 0001,19858.216,23546.893,3688.677,
Contact STARLINK-30052 - MoonIOAGSO 0001,25601.944,33079.324,7477.380,
Contact STARLINK-30052 - MoonIOAGSO 0001,37120.108,46616.678,9496.570,
Contact STARLINK-30052 - MoonIOAGSO 0001,48641.837,52376.033,3734.196,
Contact STARLINK-30052 - MoonIOAGSO 0001,54393.764,63887.187,9493.422,
Contact STARLINK-30052 - MoonIOAGSO 0001,65886.216,75405.784,9519.568,
Contact STARLINK-30052 - MoonIOAGSO 0001,77781.363,81192.199,3410.836,
Contact STARLINK-30052 - MoonIOAGSO 0001,83160.413,86400.000,3239.587,
Contact STARLINK-30052 - MoonLRO,0.000,6263.977,6263.977,
Contact STARLINK-30052 - MoonLRO,8343.610,17785.854,9442.244,
Contact STARLINK-30052 - MoonLRO,19843.225,23551.271,3708.046,
Contact STARLINK-30052 - MoonLRO,25597.676,35074.831,9477.155,
Contact STARLINK-30052 - MoonLRO,37113.496,46590.713,9477.217,
Contact STARLINK-30052 - MoonLRO,48617.157,52353.807,3736.650,
Contact STARLINK-30052 - MoonLRO,54366.512,63888.739,9522.227,
Contact STARLINK-30052 - MoonLRO,65877.096,75413.331,9536.235,
Contact STARLINK-30052 - MoonLRO,77392.414,81172.883,3780.469,
Contact STARLINK-30052 - MoonLRO,83143.588,86400.000,3256.412,
Contact STARLINK-30052 - MarsSat1,2690.130,6438.378,3748.248,
Contact STARLINK-30052 - MarsSat1,8434.775,17932.733,9497.959,
Contact STARLINK-30052 - MarsSat1,19924.038,23679.930,3755.892,
Contact STARLINK-30052 - MarsSat1,25668.652,35174.351,9505.699,
Contact STARLINK-30052 - MarsSat1,37157.841,46668.833,9510.992,
Contact STARLINK-30052 - MarsSat1,48646.978,52416.113,3769.135,
Contact STARLINK-30052 - MarsSat1,54391.530,63910.786,9519.256,
Contact STARLINK-30052 - MarsSat1,65880.611,75405.646,9525.034,
Contact STARLINK-30052 - MarsSat1,77369.673,81153.147,3783.474,
Contact STARLINK-30052 - MarsSat1,83114.199,86400.000,3285.801,
Contact STARLINK-30052 - MarsSat2,0.000,6438.246,6438.246,
Contact STARLINK-30052 - MarsSat2,8434.679,17932.573,9497.894,
Contact STARLINK-30052 - MarsSat2,19923.885,23679.794,3755.909,
Contact STARLINK-30052 - MarsSat2,25668.497,35174.321,9505.824,
Contact STARLINK-30052 - MarsSat2,37157.718,46668.954,9511.237,
Contact STARLINK-30052 - MarsSat2,48646.918,52416.310,3769.393,
Contact STARLINK-30052 - MarsSat2,54391.507,63911.101,9519.594,
Contact STARLINK-30052 - MarsSat2,65880.662,75406.000,9525.338,
Contact STARLINK-30052 - MarsSat2,77369.783,81153.491,3783.708,
Contact STARLINK-30052 - MarsSat2,83114.331,86400.000,3285.669,
Contact STARLINK-30052 - MarsSat3,0.000,6438.365,6438.365,
Contact STARLINK-30052 - MarsSat3,8434.819,17932.549,9497.730,
Contact STARLINK-30052 - MarsSat3,19923.909,23679.723,3755.814,
Contact STARLINK-30052 - MarsSat3,25668.485,35174.225,9505.740,
Contact STARLINK-30052 - MarsSat3,37157.700,46668.869,9511.170,
Contact STARLINK-30052 - MarsSat3,48646.939,52416.232,3769.293,
Contact STARLINK-30052 - MarsSat3,54391.552,63911.024,9519.471,
Contact STARLINK-30052 - MarsSat3,65880.746,75405.892,9525.146,
Contact STARLINK-30052 - MarsSat3,77369.870,81153.349,3783.480,
Contact STARLINK-30052 - MarsSat3,83114.393,86400.000,3285.607,
Contact STARLINK-30052 - MarsSat4,0.000,6438.444,6438.444,
Contact STARLINK-30052 - MarsSat4,8434.871,17932.677,9497.806,
Contact STARLINK-30052 - MarsSat4,19924.056,23679.775,3755.720,
Contact STARLINK-30052 - MarsSat4,25668.567,35174.342,9505.775,
Contact STARLINK-30052 - MarsSat4,37157.870,46668.916,9511.046,
Contact STARLINK-30052 - MarsSat4,48647.053,52416.161,3769.108,
Contact STARLINK-30052 - MarsSat4,54391.531,63910.910,9519.379,
Contact STARLINK-30052 - MarsSat4,65880.643,75405.850,9525.207,
Contact STARLINK-30052 - MarsSat4,77369.813,81153.278,3783.465,
Contact STARLINK-30052 - MarsSat4,83114.295,86400.000,3285.705,
Contact STARLINK-5713 - STARLINK-1303,2925.941,3751.050,825.109,
Contact STARLINK-5713 - STARLINK-1303,17279.763,18079.568,799.805,
Contact STARLINK-5713 - STARLINK-1303,28761.418,32411.784,3650.366,
Contact STARLINK-5713 - STARLINK-1303,43111.605,43875.425,763.820,
Contact STARLINK-5713 - STARLINK-1303,57467.217,58202.131,734.914,
Contact STARLINK-5713 - STARLINK-1303,71818.541,72532.737,714.197,
Contact STARLINK-5713 - STARLINK-1303,86175.666,86400.000,224.334,
Contact STARLINK-5713 - STARLINK-11265 [DTC],27827.460,31997.464,4170.004,
Contact STARLINK-5713 - STARLINK-11265 [DTC],33167.687,45955.371,12787.684,
Contact STARLINK-5713 - STARLINK-11265 [DTC],47323.946,51213.979,3890.033,
Contact STARLINK-5713 - STARLINK-31034,0.000,20599.350,20599.350,
Contact STARLINK-5713 - MoonARTEMIS1,0.000,86088.340,86088.340,
Contact STARLINK-5713 - MoonARTEMIS2,0.000,60042.908,60042.908,
Contact STARLINK-5713 - MoonARTEMIS2,62616.600,86014.063,23397.463,
Contact STARLINK-5713 - MoonIOAGEO,0.000,16120.656,16120.656,
Contact STARLINK-5713 - MoonIOAGEO,19908.511,60240.554,40332.044,
Contact STARLINK-5713 - MoonIOAGEO,64139.396,86057.605,21918.209,
Contact STARLINK-5713 - MoonIOAGNO,0.000,86233.947,86233.947,
Contact STARLINK-5713 - MoonIOAGNO 0001,0.000,86176.214,86176.214,
Contact STARLINK-5713 - MoonIOAGSO,0.000,85965.726,85965.726,
Contact STARLINK-5713 - MoonIOAGSO 0001,0.000,85939.207,85939.207,
Contact STARLINK-5713 - MoonLRO,0.000,86030.877,86030.877,
Contact STARLINK-5713 - MarsSat1,1335.424,86400.000,85064.576,
Contact STARLINK-5713 - MarsSat2,0.000,86400.000,86400.000,
Contact STARLINK-5713 - MarsSat3,0.000,86400.000,86400.000,
Contact STARLINK-5713 - MarsSat4,0.000,86400.000,86400.000,
Contact STARLINK-1303 - STARLINK-11265 [DTC],53985.206,54491.468,506.262,
Contact STARLINK-1303 - STARLINK-11265 [DTC],67797.393,68666.755,869.361,
Contact STARLINK-1303 - STARLINK-11265 [DTC],79022.708,79828.253,805.545,
Contact STARLINK-1303 - STARLINK-4612,7044.549,7863.292,818.743,
Contact STARLINK-1303 - STARLINK-4612,21367.338,22176.157,808.819,
Contact STARLINK-1303 - STARLINK-4612,35701.065,36478.043,776.978,
Contact STARLINK-1303 - STARLINK-4612,50024.596,50790.152,765.557,
Contact STARLINK-1303 - STARLINK-4612,64359.591,65090.775,731.183,
Contact STARLINK-1303 - STARLINK-4612,78683.945,79402.047,718.101,
Contact STARLINK-1303 - STARLINK-5831,10117.272,11429.384,1312.112,
Contact STARLINK-1303 - STARLINK-5831,18736.172,25748.035,7011.863,
Contact STARLINK-1303 - STARLINK-5831,33082.300,40080.013,6997.713,
Contact STARLINK-1303 - STARLINK-5831,47444.209,54396.531,6952.322,
Contact STARLINK-1303 - STARLINK-5831,64670.859,68726.920,4056.061,
Contact STARLINK-1303 - STARLINK-5831,79019.491,83041.082,4021.592,
Contact STARLINK-1303 - STARLINK-31034,0.000,674.640,674.640,
Contact STARLINK-1303 - STARLINK-31034,14028.259,14913.856,885.598,
Contact STARLINK-1303 - STARLINK-31034,28238.607,29131.871,893.263,
Contact STARLINK-1303 - STARLINK-31034,42466.793,43331.787,864.993,
Contact STARLINK-1303 - STARLINK-31034,53864.223,54677.054,812.831,
Contact STARLINK-1303 - STARLINK-31034,68130.277,68839.578,709.301,
Contact STARLINK-1303 - STARLINK-31034,82422.776,82975.905,553.129,
Contact STARLINK-1303 - STARLINK-3815,0.000,38460.170,38460.170,
Contact STARLINK-1303 - STARLINK-31611,0.000,7.369,7.369,
Contact STARLINK-1303 - STARLINK-31611,10372.185,11436.260,1064.075,
Contact STARLINK-1303 - STARLINK-31611,24501.176,25636.244,1135.068,
Contact STARLINK-1303 - STARLINK-31611,35863.179,39758.054,3894.875,
Contact STARLINK-1303 - STARLINK-31611,50145.005,50986.078,841.073,
Contact STARLINK-1303 - STARLINK-31611,64651.251,64813.496,162.245,
Contact STARLINK-1303 - MoonARTEMIS1,0.000,3414.463,3414.463,
Contact STARLINK-1303 - MoonARTEMIS1,5525.246,9167.600,3642.354,
Contact STARLINK-1303 - MoonARTEMIS1,11281.939,20688.721,9406.782,
Contact STARLINK-1303 - MoonARTEMIS1,22815.377,29017.455,6202.077,
Contact STARLINK-1303 - MoonARTEMIS1,34307.929,37935.703,3627.774,
Contact STARLINK-1303 - MoonARTEMIS1,40052.158,49423.865,9371.707,
Contact STARLINK-1303 - MoonARTEMIS1,51542.230,60913.535,9371.305,
Contact STARLINK-1303 - MoonARTEMIS1,63034.729,66659.058,3624.328,
Contact STARLINK-1303 - MoonARTEMIS1,68781.959,78151.749,9369.790,
Contact STARLINK-1303 - MoonARTEMIS1,80278.638,86400.000,6121.362,
Contact STARLINK-1303 - MoonARTEMIS2,0.000,3482.871,3482.871,
Contact STARLINK-1303 - MoonARTEMIS2,5604.121,9231.418,3627.297,
Contact STARLINK-1303 - MoonARTEMIS2,11353.927,20725.912,9371.985,
Contact STARLINK-1303 - MoonARTEMIS2,22850.542,32216.862,9366.319,
Contact STARLINK-1303 - MoonARTEMIS2,34342.890,37960.867,3617.977,
Contact STARLINK-1303 - MoonARTEMIS2,40087.197,49445.230,9358.033,
Contact STARLINK-1303 - MoonARTEMIS2,51570.734,60001.540,8430.806,
Contact STARLINK-1303 - MoonARTEMIS2,63069.129,66697.037,3627.908,
Contact STARLINK-1303 - MoonARTEMIS2,68831.799,78207.660,9375.861,
Contact STARLINK-1303 - MoonARTEMIS2,80346.121,86400.000,6053.879,
Contact STARLINK-1303 - MoonIOAGEO,0.000,3428.088,3428.088,
Contact STARLINK-1303 - MoonIOAGEO,5539.863,9177.731,3637.868,
Contact STARLINK-1303 - MoonIOAGEO,11293.654,14935.971,3642.317,
Contact STARLINK-1303 - MoonIOAGEO,22818.848,32202.816,9383.968,
Contact STARLINK-1303 - MoonIOAGEO,34322.729,37942.843,3620.114,
Contact STARLINK-1303 - MoonIOAGEO,40061.972,49423.503,9361.531,
Contact STARLINK-1303 - MoonIOAGEO,51547.672,60128.842,8581.170,
Contact STARLINK-1303 - MoonIOAGEO,64114.852,66692.884,2578.032,
Contact STARLINK-1303 - MoonIOAGEO,68826.322,78190.161,9363.839,
Contact STARLINK-1303 - MoonIOAGEO,80321.669,86400.000,6078.331,
Contact STARLINK-1303 - MoonIOAGNO,0.000,3427.538,3427.538,
Contact STARLINK-1303 - MoonIOAGNO,5545.298,9191.439,3646.140,
Contact STARLINK-1303 - MoonIOAGNO,11310.938,20682.661,9371.723,
Contact STARLINK-1303 - MoonIOAGNO,22802.942,32169.169,9366.227,
Contact STARLINK-1303 - MoonIOAGNO,34294.303,37917.441,3623.137,
Contact STARLINK-1303 - MoonIOAGNO,40043.847,49428.281,9384.434,
Contact STARLINK-1303 - MoonIOAGNO,51558.246,60932.683,9374.437,
Contact STARLINK-1303 - MoonIOAGNO,63061.578,66671.558,3609.980,
Contact STARLINK-1303 - MoonIOAGNO,68803.915,78158.713,9354.798,
Contact STARLINK-1303 - MoonIOAGNO,80295.233,86400.000,6104.767,
Contact STARLINK-1303 - MoonIOAGNO 0001,0.000,3426.743,3426.743,
Contact STARLINK-1303 - MoonIOAGNO 0001,5544.735,9171.516,3626.781,
Contact STARLINK-1303 - MoonIOAGNO 0001,11291.499,20671.473,9379.974,
Contact STARLINK-1303 - MoonIOAGNO 0001,22793.447,32194.116,9400.670,
Contact STARLINK-1303 - MoonIOAGNO 0001,34317.080,37939.345,3622.265,
Contact STARLINK-1303 - MoonIOAGNO 0001,40061.661,49419.867,9358.205,
Contact STARLINK-1303 - MoonIOAGNO 0001,51548.772,60913.412,9364.641,
Contact STARLINK-1303 - MoonIOAGNO 0001,63045.513,66666.391,3620.877,
Contact STARLINK-1303 - MoonIOAGNO 0001,68800.031,78186.263,9386.233,
Contact STARLINK-1303 - MoonIOAGNO 0001,80318.333,86400.000,6081.667,
Contact STARLINK-1303 - MoonIOAGSO,0.000,3435.375,3435.375,
Contact STARLINK-1303 - MoonIOAGSO,5545.992,9183.311,3637.319,
Contact STARLINK-1303 - MoonIOAGSO,12443.975,20708.825,8264.850,
Contact STARLINK-1303 - MoonIOAGSO,22823.202,32203.629,9380.427,
Contact STARLINK-1303 - MoonIOAGSO,34317.458,37946.738,3629.280,
Contact STARLINK-1303 - MoonIOAGSO,40062.367,49430.268,9367.901,
Contact STARLINK-1303 - MoonIOAGSO,51555.013,60950.292,9395.279,
Contact STARLINK-1303 - MoonIOAGSO,63078.740,66702.566,3623.826,
Contact STARLINK-1303 - MoonIOAGSO,68829.102,78193.423,9364.321,
Contact STARLINK-1303 - MoonIOAGSO,80320.948,86400.000,6079.052,
Contact STARLINK-1303 - MoonIOAGSO 0001,0.000,3458.847,3458.847,
Contact STARLINK-1303 - MoonIOAGSO 0001,5566.314,9205.243,3638.929,
Contact STARLINK-1303 - MoonIOAGSO 0001,11312.815,20691.564,9378.749,
Contact STARLINK-1303 - MoonIOAGSO 0001,22803.605,32184.825,9381.220,
Contact STARLINK-1303 - MoonIOAGSO 0001,34314.917,37952.654,3637.737,
Contact STARLINK-1303 - MoonIOAGSO 0001,40075.777,49455.005,9379.228,
Contact STARLINK-1303 - MoonIOAGSO 0001,51574.728,60941.954,9367.226,
Contact STARLINK-1303 - MoonIOAGSO 0001,63064.491,66682.754,3618.263,
Contact STARLINK-1303 - MoonIOAGSO 0001,68808.527,76335.029,7526.502,
Contact STARLINK-1303 - MoonIOAGSO 0001,80324.243,86400.000,6075.757,
Contact STARLINK-1303 - MoonLRO,0.000,3441.587,3441.587,
Contact STARLINK-1303 - MoonLRO,5551.962,9195.445,3643.484,
Contact STARLINK-1303 - MoonLRO,11302.389,20691.595,9389.206,
Contact STARLINK-1303 - MoonLRO,22812.252,32185.667,9373.415,
Contact STARLINK-1303 - MoonLRO,34312.646,37938.024,3625.378,
Contact STARLINK-1303 - MoonLRO,40059.109,49441.979,9382.870,
Contact STARLINK-1303 - MoonLRO,51560.701,60932.543,9371.842,
Contact STARLINK-1303 - MoonLRO,63068.293,66679.140,3610.847,
Contact STARLINK-1303 - MoonLRO,68816.593,78182.367,9365.774,
Contact STARLINK-1303 - MoonLRO,80309.543,86400.000,6090.457,
Contact STARLINK-1303 - MarsSat1,1334.314,9347.673,8013.359,
Contact STARLINK-1303 - MarsSat1,11424.814,20818.588,9393.774,
Contact STARLINK-1303 - MarsSat1,22896.996,32289.399,9392.403,
Contact STARLINK-1303 - MarsSat1,34369.057,38024.767,3655.709,
Contact STARLINK-1303 - MarsSat1,40105.049,49495.448,9390.399,
Contact STARLINK-1303 - MarsSat1,51576.985,60966.094,9389.109,
Contact STARLINK-1303 - MarsSat1,63048.909,66701.416,3652.507,
Contact STARLINK-1303 - MarsSat1,68784.880,78172.068,9387.188,
Contact STARLINK-1303 - MarsSat1,80256.842,86400.000,6143.158,
Contact STARLINK-1303 - MarsSat2,0.000,9347.537,9347.537,
Contact STARLINK-1303 - MarsSat2,11424.669,20818.451,9393.782,
Contact STARLINK-1303 - MarsSat2,22896.895,32289.337,9392.442,
Contact STARLINK-1303 - MarsSat2,34369.073,38024.762,3655.689,
Contact STARLINK-1303 - MarsSat2,40105.140,49495.571,9390.431,
Contact STARLINK-1303 - MarsSat2,51577.229,60966.324,9389.095,
Contact STARLINK-1303 - MarsSat2,63049.257,66701.679,3652.422,
Contact STARLINK-1303 - MarsSat2,68785.249,78172.347,9387.099,
Contact STARLINK-1303 - MarsSat2,80257.187,86400.000,6142.813,
Contact STARLINK-1303 - MarsSat3,0.000,9347.616,9347.616,
Contact STARLINK-1303 - MarsSat3,11424.681,20818.408,9393.726,
Contact STARLINK-1303 - MarsSat3,22896.808,32289.256,9392.448,
Contact STARLINK-1303 - MarsSat3,34368.963,38024.683,3655.719,
Contact STARLINK-1303 - MarsSat3,40105.030,49495.508,9390.478,
Contact STARLINK-1303 - MarsSat3,51577.118,60966.272,9389.154,
Contact STARLINK-1303 - MarsSat3,63049.137,66701.626,3652.489,
Contact STARLINK-1303 - MarsSat3,68785.116,78172.265,9387.149,
Contact STARLINK-1303 - MarsSat3,80257.008,86400.000,6142.992,
Contact STARLINK-1303 - MarsSat4,0.000,9347.723,9347.723,
Contact STARLINK-1303 - MarsSat4,11424.806,20818.493,9393.687,
Contact STARLINK-1303 - MarsSat4,22896.829,32289.345,9392.515,
Contact STARLINK-1303 - MarsSat4,34369.033,38024.796,3655.763,
Contact STARLINK-1303 - MarsSat4,40105.089,49495.512,9390.422,
Contact STARLINK-1303 - MarsSat4,51577.033,60966.141,9389.108,
Contact STARLINK-1303 - MarsSat4,63049.041,66701.553,3652.512,
Contact STARLINK-1303 - MarsSat4,68785.075,78172.219,9387.144,
Contact STARLINK-1303 - MarsSat4,80256.961,86400.000,6143.039,
Contact STARLINK-11265 [DTC] - STARLINK-4612,78655.784,86400.000,7744.216,
Contact STARLINK-11265 [DTC] - STARLINK-5831,56655.444,75176.571,18521.127,
Contact STARLINK-11265 [DTC] - STARLINK-31034,49578.798,53425.134,3846.335,
Contact STARLINK-11265 [DTC] - STARLINK-31034,54835.834,78647.496,23811.662,
Contact STARLINK-11265 [DTC] - STARLINK-31034,79693.163,86400.000,6706.837,
Contact STARLINK-11265 [DTC] - MoonARTEMIS1,0.000,6705.845,6705.845,
Contact STARLINK-11265 [DTC] - MoonARTEMIS1,8746.093,17665.574,8919.482,
Contact STARLINK-11265 [DTC] - MoonARTEMIS1,19737.881,23145.675,3407.794,
Contact STARLINK-11265 [DTC] - MoonARTEMIS1,30707.580,34091.621,3384.041,
Contact STARLINK-11265 [DTC] - MoonARTEMIS1,41666.302,45040.798,3374.496,
Contact STARLINK-11265 [DTC] - MoonARTEMIS1,47146.616,55992.093,8845.477,
Contact STARLINK-11265 [DTC] - MoonARTEMIS1,58108.751,66945.111,8836.360,
Contact STARLINK-11265 [DTC] - MoonARTEMIS1,69072.651,77899.794,8827.143,
Contact STARLINK-11265 [DTC] - MoonARTEMIS1,80038.285,86400.000,6361.715,
Contact STARLINK-11265 [DTC] - MoonARTEMIS2,0.000,6736.256,6736.256,
Contact STARLINK-11265 [DTC] - MoonARTEMIS2,8812.602,17689.496,8876.894,
Contact STARLINK-11265 [DTC] - MoonARTEMIS2,19781.014,23165.633,3384.619,
Contact STARLINK-11265 [DTC] - MoonARTEMIS2,30745.292,34116.667,3371.374,
Contact STARLINK-11265 [DTC] - MoonARTEMIS2,41704.933,45065.254,3360.320,
Contact STARLINK-11265 [DTC] - MoonARTEMIS2,47182.489,56008.462,8825.973,
Contact STARLINK-11265 [DTC] - MoonARTEMIS2,63617.448,66963.292,3345.844,
Contact STARLINK-11265 [DTC] - MoonARTEMIS2,69108.524,77926.280,8817.756,
Contact STARLINK-11265 [DTC] - MoonARTEMIS2,80084.648,86400.000,6315.352,
Contact STARLINK-11265 [DTC] - MoonIOAGEO,0.000,6712.542,6712.542,
Contact STARLINK-11265 [DTC] - MoonIOAGEO,8757.555,16162.740,7405.184,
Contact STARLINK-11265 [DTC] - MoonIOAGEO,19997.452,23144.822,3147.370,
Contact STARLINK-11265 [DTC] - MoonIOAGEO,30721.103,34101.055,3379.952,
Contact STARLINK-11265 [DTC] - MoonIOAGEO,41680.395,45050.762,3370.366,
Contact STARLINK-11265 [DTC] - MoonIOAGEO,47158.108,56002.466,8844.357,
Contact STARLINK-11265 [DTC] - MoonIOAGEO,64003.428,66961.764,2958.336,
Contact STARLINK-11265 [DTC] - MoonIOAGEO,69104.828,77919.510,8814.682,
Contact STARLINK-11265 [DTC] - MoonIOAGEO,80070.598,86400.000,6329.402,
Contact STARLINK-11265 [DTC] - MoonIOAGNO,0.000,6714.284,6714.284,
Contact STARLINK-11265 [DTC] - MoonIOAGNO,8762.768,17679.896,8917.128,
Contact STARLINK-11265 [DTC] - MoonIOAGNO,19753.954,23163.871,3409.917,
Contact STARLINK-11265 [DTC] - MoonIOAGNO,30724.006,34117.556,3393.550,
Contact STARLINK-11265 [DTC] - MoonIOAGNO,41684.361,45058.937,3374.576,
Contact STARLINK-11265 [DTC] - MoonIOAGNO,47162.693,56005.262,8842.568,
Contact STARLINK-11265 [DTC] - MoonIOAGNO,58139.412,66978.524,8839.111,
Contact STARLINK-11265 [DTC] - MoonIOAGNO,69113.854,77932.606,8818.752,
Contact STARLINK-11265 [DTC] - MoonIOAGNO,80074.062,86400.000,6325.938,
Contact STARLINK-11265 [DTC] - MoonIOAGNO 0001,0.000,6738.373,6738.373,
Contact STARLINK-11265 [DTC] - MoonIOAGNO 0001,8781.051,17684.452,8903.401,
Contact STARLINK-11265 [DTC] - MoonIOAGNO 0001,19744.266,23153.028,3408.762,
Contact STARLINK-11265 [DTC] - MoonIOAGNO 0001,30705.575,34095.850,3390.275,
Contact STARLINK-11265 [DTC] - MoonIOAGNO 0001,41694.022,45070.258,3376.236,
Contact STARLINK-11265 [DTC] - MoonIOAGNO 0001,47179.464,56024.147,8844.683,
Contact STARLINK-11265 [DTC] - MoonIOAGNO 0001,58141.509,66966.707,8825.198,
Contact STARLINK-11265 [DTC] - MoonIOAGNO 0001,69096.958,77916.234,8819.276,
Contact STARLINK-11265 [DTC] - MoonIOAGNO 0001,80072.352,86400.000,6327.648,
Contact STARLINK-11265 [DTC] - MoonIOAGSO,0.000,6712.606,6712.606,
Contact STARLINK-11265 [DTC] - MoonIOAGSO,8766.391,17659.332,8892.940,
Contact STARLINK-11265 [DTC] - MoonIOAGSO,19737.172,23128.175,3391.004,
Contact STARLINK-11265 [DTC] - MoonIOAGSO,30697.886,34077.892,3380.006,
Contact STARLINK-11265 [DTC] - MoonIOAGSO,41666.855,45040.767,3373.912,
Contact STARLINK-11265 [DTC] - MoonIOAGSO,47155.631,54713.921,7558.290,
Contact STARLINK-11265 [DTC] - MoonIOAGSO,58133.806,66946.446,8812.640,
Contact STARLINK-11265 [DTC] - MoonIOAGSO,69088.850,77898.576,8809.727,
Contact STARLINK-11265 [DTC] - MoonIOAGSO,80051.376,86400.000,6348.624,
Contact STARLINK-11265 [DTC] - MoonIOAGSO 0001,0.000,6693.735,6693.735,
Contact STARLINK-11265 [DTC] - MoonIOAGSO 0001,8755.019,17649.281,8894.262,
Contact STARLINK-11265 [DTC] - MoonIOAGSO 0001,19725.663,23132.303,3406.640,
Contact STARLINK-11265 [DTC] - MoonIOAGSO 0001,30710.486,33121.107,2410.620,
Contact STARLINK-11265 [DTC] - MoonIOAGSO 0001,41676.057,45036.547,3360.490,
Contact STARLINK-11265 [DTC] - MoonIOAGSO 0001,47154.859,55987.514,8832.655,
Contact STARLINK-11265 [DTC] - MoonIOAGSO 0001,58118.254,66950.791,8832.536,
Contact STARLINK-11265 [DTC] - MoonIOAGSO 0001,69091.221,76316.269,7225.048,
Contact STARLINK-11265 [DTC] - MoonIOAGSO 0001,80065.300,86400.000,6334.700,
Contact STARLINK-11265 [DTC] - MoonLRO,0.000,6720.290,6720.290,
Contact STARLINK-11265 [DTC] - MoonLRO,8769.279,17663.994,8894.715,
Contact STARLINK-11265 [DTC] - MoonLRO,19743.758,23139.931,3396.173,
Contact STARLINK-11265 [DTC] - MoonLRO,30706.531,34102.640,3396.110,
Contact STARLINK-11265 [DTC] - MoonLRO,41685.104,45048.322,3363.218,
Contact STARLINK-11265 [DTC] - MoonLRO,47168.159,56006.757,8838.598,
Contact STARLINK-11265 [DTC] - MoonLRO,58127.797,66962.928,8835.131,
Contact STARLINK-11265 [DTC] - MoonLRO,69102.952,77911.788,8808.837,
Contact STARLINK-11265 [DTC] - MoonLRO,80063.556,86400.000,6336.444,
Contact STARLINK-11265 [DTC] - MarsSat1,3330.397,6723.113,3392.716,
Contact STARLINK-11265 [DTC] - MarsSat1,8807.040,17672.805,8865.765,
Contact STARLINK-11265 [DTC] - MarsSat1,19760.241,23147.647,3387.406,
Contact STARLINK-11265 [DTC] - MarsSat1,30713.314,34097.322,3384.009,
Contact STARLINK-11265 [DTC] - MarsSat1,41666.277,45047.009,3380.732,
Contact STARLINK-11265 [DTC] - MarsSat1,47142.733,55996.744,8854.010,
Contact STARLINK-11265 [DTC] - MarsSat1,58095.630,66946.558,8850.927,
Contact STARLINK-11265 [DTC] - MarsSat1,69048.540,77896.457,8847.917,
Contact STARLINK-11265 [DTC] - MarsSat1,80001.468,86400.000,6398.532,
Contact STARLINK-11265 [DTC] - MarsSat2,0.000,6723.081,6723.081,
Contact STARLINK-11265 [DTC] - MarsSat2,8806.972,17672.861,8865.889,
Contact STARLINK-11265 [DTC] - MarsSat2,19760.261,23147.742,3387.482,
Contact STARLINK-11265 [DTC] - MarsSat2,30713.442,34097.498,3384.056,
Contact STARLINK-11265 [DTC] - MarsSat2,41666.530,45047.260,3380.729,
Contact STARLINK-11265 [DTC] - MarsSat2,47143.044,55997.038,8853.994,
Contact STARLINK-11265 [DTC] - MarsSat2,58096.015,66946.839,8850.824,
Contact STARLINK-11265 [DTC] - MarsSat2,69048.920,77896.667,8847.748,
Contact STARLINK-11265 [DTC] - MarsSat2,80001.763,86400.000,6398.237,
Contact STARLINK-11265 [DTC] - MarsSat3,0.000,6722.963,6722.963,
Contact STARLINK-11265 [DTC] - MarsSat3,8806.875,17672.754,8865.879,
Contact STARLINK-11265 [DTC] - MarsSat3,19760.145,23147.658,3387.513,
Contact STARLINK-11265 [DTC] - MarsSat3,30713.335,34097.421,3384.086,
Contact STARLINK-11265 [DTC] - MarsSat3,41666.399,45047.146,3380.748,
Contact STARLINK-11265 [DTC] - MarsSat3,47142.890,55996.869,8853.979,
Contact STARLINK-11265 [DTC] - MarsSat3,58095.808,66946.616,8850.808,
Contact STARLINK-11265 [DTC] - MarsSat3,69048.656,77896.409,8847.753,
Contact STARLINK-11265 [DTC] - MarsSat3,80001.459,86400.000,6398.541,
Contact STARLINK-11265 [DTC] - MarsSat4,0.000,6723.043,6723.043,
Contact STARLINK-11265 [DTC] - MarsSat4,8806.957,17672.645,8865.687,
Contact STARLINK-11265 [DTC] - MarsSat4,19760.055,23147.544,3387.489,
Contact STARLINK-11265 [DTC] - MarsSat4,30713.276,34097.312,3384.036,
Contact STARLINK-11265 [DTC] - MarsSat4,41666.260,45046.967,3380.707,
Contact STARLINK-11265 [DTC] - MarsSat4,47142.720,55996.808,8854.088,
Contact STARLINK-11265 [DTC] - MarsSat4,58095.746,66946.675,8850.929,
Contact STARLINK-11265 [DTC] - MarsSat4,69048.694,77896.443,8847.749,
Contact STARLINK-11265 [DTC] - MarsSat4,80001.478,86400.000,6398.522,
Contact STARLINK-4612 - STARLINK-3815,6851.211,13661.084,6809.873,
Contact STARLINK-4612 - STARLINK-3815,21022.448,22205.618,1183.170,
Contact STARLINK-4612 - STARLINK-3815,29550.748,36406.203,6855.455,
Contact STARLINK-4612 - STARLINK-3815,46632.139,50583.343,3951.204,
Contact STARLINK-4612 - STARLINK-3815,60898.681,61895.967,997.286,
Contact STARLINK-4612 - STARLINK-3815,75220.541,75992.307,771.765,
Contact STARLINK-4612 - STARLINK-31611,27635.371,86400.000,58764.629,
Contact STARLINK-4612 - MoonARTEMIS1,0.000,2792.954,2792.954,
Contact STARLINK-4612 - MoonARTEMIS1,4886.024,14257.138,9371.114,
Contact STARLINK-4612 - MoonARTEMIS1,16367.794,19992.991,3625.197,
Contact STARLINK-4612 - MoonARTEMIS1,22115.093,30064.235,7949.143,
Contact STARLINK-4612 - MoonARTEMIS1,33573.162,42899.734,9326.571,
Contact STARLINK-4612 - MoonARTEMIS1,45030.848,48626.580,3595.732,
Contact STARLINK-4612 - MoonARTEMIS1,50760.643,60081.960,9321.317,
Contact STARLINK-4612 - MoonARTEMIS1,62221.855,71539.523,9317.667,
Contact STARLINK-4612 - MoonARTEMIS1,73685.140,77269.171,3584.031,
Contact STARLINK-4612 - MoonARTEMIS1,79417.599,86400.000,6982.401,
Contact STARLINK-4612 - MoonARTEMIS2,0.000,2833.097,2833.097,
Contact STARLINK-4612 - MoonARTEMIS2,4947.828,14291.418,9343.590,
Contact STARLINK-4612 - MoonARTEMIS2,16414.977,20019.926,3604.949,
Contact STARLINK-4612 - MoonARTEMIS2,22147.192,31475.357,9328.165,
Contact STARLINK-4612 - MoonARTEMIS2,33608.709,42927.861,9319.152,
Contact STARLINK-4612 - MoonARTEMIS2,45065.409,48652.355,3586.947,
Contact STARLINK-4612 - MoonARTEMIS2,50791.054,60001.004,9209.950,
Contact STARLINK-4612 - MoonARTEMIS2,62589.331,71569.553,8980.222,
Contact STARLINK-4612 - MoonARTEMIS2,73725.436,77304.719,3579.283,
Contact STARLINK-4612 - MoonARTEMIS2,79462.942,86400.000,6937.058,
Contact STARLINK-4612 - MoonIOAGEO,0.000,2804.100,2804.100,
Contact STARLINK-4612 - MoonIOAGEO,4899.978,14260.918,9360.940,
Contact STARLINK-4612 - MoonIOAGEO,22115.128,31457.394,9342.266,
Contact STARLINK-4612 - MoonIOAGEO,33587.506,42909.880,9322.374,
Contact STARLINK-4612 - MoonIOAGEO,45042.070,48635.594,3593.524,
Contact STARLINK-4612 - MoonIOAGEO,50771.227,60096.974,9325.747,
Contact STARLINK-4612 - MoonIOAGEO,63985.553,71565.282,7579.729,
Contact STARLINK-4612 - MoonIOAGEO,73719.020,77295.711,3576.692,
Contact STARLINK-4612 - MoonIOAGEO,79449.751,86400.000,6950.249,
Contact STARLINK-4612 - MoonIOAGNO,0.000,2811.146,2811.146,
Contact STARLINK-4612 - MoonIOAGNO,4905.311,14268.585,9363.274,
Contact STARLINK-4612 - MoonIOAGNO,16386.312,20007.253,3620.941,
Contact STARLINK-4612 - MoonIOAGNO,22124.320,31468.009,9343.690,
Contact STARLINK-4612 - MoonIOAGNO,33588.966,42917.320,9328.354,
Contact STARLINK-4612 - MoonIOAGNO,45046.240,48639.427,3593.187,
Contact STARLINK-4612 - MoonIOAGNO,50774.578,60109.118,9334.540,
Contact STARLINK-4612 - MoonIOAGNO,62257.293,71575.184,9317.891,
Contact STARLINK-4612 - MoonIOAGNO,73723.232,77302.986,3579.754,
Contact STARLINK-4612 - MoonIOAGNO,79452.218,86400.000,6947.782,
Contact STARLINK-4612 - MoonIOAGNO 0001,0.000,2824.333,2824.333,
Contact STARLINK-4612 - MoonIOAGNO 0001,4920.754,14279.216,9358.462,
Contact STARLINK-4612 - MoonIOAGNO 0001,16383.473,20002.674,3619.200,
Contact STARLINK-4612 - MoonIOAGNO 0001,22112.581,31446.955,9334.374,
Contact STARLINK-4612 - MoonIOAGNO 0001,33578.928,42925.051,9346.123,
Contact STARLINK-4612 - MoonIOAGNO 0001,45059.527,48656.463,3596.936,
Contact STARLINK-4612 - MoonIOAGNO 0001,50791.868,60110.190,9318.322,
Contact STARLINK-4612 - MoonIOAGNO 0001,62250.040,71556.862,9306.822,
Contact STARLINK-4612 - MoonIOAGNO 0001,73705.688,77289.807,3584.118,
Contact STARLINK-4612 - MoonIOAGNO 0001,79449.648,86400.000,6950.352,
Contact STARLINK-4612 - MoonIOAGSO,0.000,2796.856,2796.856,
Contact STARLINK-4612 - MoonIOAGSO,4899.729,14265.458,9365.729,
Contact STARLINK-4612 - MoonIOAGSO,16378.435,19985.344,3606.909,
Contact STARLINK-4612 - MoonIOAGSO,22106.020,31435.619,9329.599,
Contact STARLINK-4612 - MoonIOAGSO,33566.313,42898.043,9331.729,
Contact STARLINK-4612 - MoonIOAGSO,45035.851,48634.564,3598.713,
Contact STARLINK-4612 - MoonIOAGSO,50776.187,60096.796,9320.609,
Contact STARLINK-4612 - MoonIOAGSO,62242.326,71546.386,9304.060,
Contact STARLINK-4612 - MoonIOAGSO,73699.346,77275.340,3575.995,
Contact STARLINK-4612 - MoonIOAGSO,79430.894,86400.000,6969.106,
Contact STARLINK-4612 - MoonIOAGSO 0001,0.000,2793.197,2793.197,
Contact STARLINK-4612 - MoonIOAGSO 0001,4899.151,14247.365,9348.214,
Contact STARLINK-4612 - MoonIOAGSO 0001,16363.502,19979.211,3615.710,
Contact STARLINK-4612 - MoonIOAGSO 0001,22099.497,31454.533,9355.035,
Contact STARLINK-4612 - MoonIOAGSO 0001,34251.771,42901.626,8649.855,
Contact STARLINK-4612 - MoonIOAGSO 0001,45039.106,48626.601,3587.495,
Contact STARLINK-4612 - MoonIOAGSO 0001,50768.378,60085.110,9316.732,
Contact STARLINK-4612 - MoonIOAGSO 0001,62233.249,71556.324,9323.075,
Contact STARLINK-4612 - MoonIOAGSO 0001,73710.465,76349.617,2639.153,
Contact STARLINK-4612 - MoonIOAGSO 0001,79444.985,86400.000,6955.015,
Contact STARLINK-4612 - MoonLRO,0.000,2803.129,2803.129,
Contact STARLINK-4612 - MoonLRO,4906.514,14268.636,9362.122,
Contact STARLINK-4612 - MoonLRO,16374.855,19997.830,3622.975,
Contact STARLINK-4612 - MoonLRO,22113.403,31448.548,9335.145,
Contact STARLINK-4612 - MoonLRO,33582.648,42909.937,9327.289,
Contact STARLINK-4612 - MoonLRO,45042.274,48643.576,3601.303,
Contact STARLINK-4612 - MoonLRO,50776.031,60101.126,9325.095,
Contact STARLINK-4612 - MoonLRO,62249.418,71555.614,9306.196,
Contact STARLINK-4612 - MoonLRO,73711.457,77288.454,3576.997,
Contact STARLINK-4612 - MoonLRO,79440.268,86400.000,6959.732,
Contact STARLINK-4612 - MarsSat1,4948.770,14291.445,9342.675,
Contact STARLINK-4612 - MarsSat1,16400.387,20016.442,3616.055,
Contact STARLINK-4612 - MarsSat1,22126.164,31466.423,9340.259,
Contact STARLINK-4612 - MarsSat1,33577.655,42916.408,9338.753,
Contact STARLINK-4612 - MarsSat1,45029.089,48641.415,3612.326,
Contact STARLINK-4612 - MarsSat1,50754.802,60091.491,9336.688,
Contact STARLINK-4612 - MarsSat1,62206.256,71541.672,9335.417,
Contact STARLINK-4612 - MarsSat1,73657.770,77266.803,3609.034,
Contact STARLINK-4612 - MarsSat1,79383.548,86400.000,7016.452,
Contact STARLINK-4612 - MarsSat2,0.000,2841.371,2841.371,
Contact STARLINK-4612 - MarsSat2,4948.685,14291.449,9342.763,
Contact STARLINK-4612 - MarsSat2,16400.378,20016.488,3616.110,
Contact STARLINK-4612 - MarsSat2,22126.202,31466.562,9340.360,
Contact STARLINK-4612 - MarsSat2,33577.805,42916.646,9338.841,
Contact STARLINK-4612 - MarsSat2,45029.360,48641.697,3612.336,
Contact STARLINK-4612 - MarsSat2,50755.123,60091.818,9336.695,
Contact STARLINK-4612 - MarsSat2,62206.627,71541.972,9335.345,
Contact STARLINK-4612 - MarsSat2,73658.104,77267.062,3608.959,
Contact STARLINK-4612 - MarsSat2,79383.834,86400.000,7016.166,
Contact STARLINK-4612 - MarsSat3,0.000,2841.307,2841.307,
Contact STARLINK-4612 - MarsSat3,4948.627,14291.336,9342.709,
Contact STARLINK-4612 - MarsSat3,16400.267,20016.389,3616.122,
Contact STARLINK-4612 - MarsSat3,22126.098,31466.477,9340.379,
Contact STARLINK-4612 - MarsSat3,33577.702,42916.533,9338.831,
Contact STARLINK-4612 - MarsSat3,45029.225,48641.559,3612.334,
Contact STARLINK-4612 - MarsSat3,50754.964,60091.624,9336.660,
Contact STARLINK-4612 - MarsSat3,62206.411,71541.725,9335.314,
Contact STARLINK-4612 - MarsSat3,73657.836,77266.798,3608.961,
Contact STARLINK-4612 - MarsSat3,79383.548,86400.000,7016.452,
Contact STARLINK-4612 - MarsSat4,0.000,2841.447,2841.447,
Contact STARLINK-4612 - MarsSat4,4948.752,14291.298,9342.546,
Contact STARLINK-4612 - MarsSat4,16400.222,20016.286,3616.064,
Contact STARLINK-4612 - MarsSat4,22126.006,31466.407,9340.401,
Contact STARLINK-4612 - MarsSat4,33577.635,42916.381,9338.745,
Contact STARLINK-4612 - MarsSat4,45029.074,48641.396,3612.322,
Contact STARLINK-4612 - MarsSat4,50754.806,60091.627,9336.821,
Contact STARLINK-4612 - MarsSat4,62206.420,71541.764,9335.344,
Contact STARLINK-4612 - MarsSat4,73657.864,77266.824,3608.960,
Contact STARLINK-4612 - MarsSat4,79383.566,86400.000,7016.434,
Contact STARLINK-5831 - STARLINK-31034,3457.626,4028.357,570.731,
Contact STARLINK-5831 - STARLINK-31034,17472.831,18462.726,989.895,
Contact STARLINK-5831 - STARLINK-31034,25940.625,32784.807,6844.182,
Contact STARLINK-5831 - STARLINK-31034,42939.384,47049.988,4110.604,
Contact STARLINK-5831 - STARLINK-31034,57172.092,64076.219,6904.126,
Contact STARLINK-5831 - STARLINK-31034,71479.267,72549.053,1069.786,
Contact STARLINK-5831 - STARLINK-31034,85852.742,86400.000,547.258,
Contact STARLINK-5831 - STARLINK-3815,10562.643,10879.424,316.781,
Contact STARLINK-5831 - STARLINK-31611,0.000,40297.082,40297.082,
Contact STARLINK-5831 - MoonARTEMIS1,71.815,9427.269,9355.454,
Contact STARLINK-5831 - MoonARTEMIS1,11589.162,20953.393,9364.232,
Contact STARLINK-5831 - MoonARTEMIS1,23121.643,26708.911,3587.268,
Contact STARLINK-5831 - MoonARTEMIS1,28870.851,38204.405,9333.554,
Contact STARLINK-5831 - MoonARTEMIS1,40367.171,49702.622,9335.451,
Contact STARLINK-5831 - MoonARTEMIS1,51866.347,55452.809,3586.462,
Contact STARLINK-5831 - MoonARTEMIS1,57616.956,66955.365,9338.408,
Contact STARLINK-5831 - MoonARTEMIS1,69120.221,78461.105,9340.884,
Contact STARLINK-5831 - MoonARTEMIS1,80626.471,86400.000,5773.529,
Contact STARLINK-5831 - MoonARTEMIS2,141.166,9486.221,9345.055,
Contact STARLINK-5831 - MoonARTEMIS2,11649.973,20990.555,9340.583,
Contact STARLINK-5831 - MoonARTEMIS2,23155.302,26741.576,3586.274,
Contact STARLINK-5831 - MoonARTEMIS2,28906.552,38240.762,9334.211,
Contact STARLINK-5831 - MoonARTEMIS2,40405.595,49734.354,9328.759,
Contact STARLINK-5831 - MoonARTEMIS2,51897.798,55477.446,3579.648,
Contact STARLINK-5831 - MoonARTEMIS2,63398.930,66993.956,3595.026,
Contact STARLINK-5831 - MoonARTEMIS2,69163.377,78518.536,9355.159,
Contact STARLINK-5831 - MoonARTEMIS2,80685.316,84278.633,3593.316,
Contact STARLINK-5831 - MoonIOAGEO,93.901,9436.601,9342.700,
Contact STARLINK-5831 - MoonIOAGEO,11598.242,15194.793,3596.552,
Contact STARLINK-5831 - MoonIOAGEO,23122.975,26716.070,3593.095,
Contact STARLINK-5831 - MoonIOAGEO,28882.112,38217.518,9335.406,
Contact STARLINK-5831 - MoonIOAGEO,40380.527,49710.932,9330.405,
Contact STARLINK-5831 - MoonIOAGEO,51876.827,55466.089,3589.262,
Contact STARLINK-5831 - MoonIOAGEO,64070.991,66990.126,2919.135,
Contact STARLINK-5831 - MoonIOAGEO,69158.674,78501.336,9342.663,
Contact STARLINK-5831 - MoonIOAGEO,80664.845,84247.755,3582.910,
Contact STARLINK-5831 - MoonIOAGNO,95.755,9442.403,9346.648,
Contact STARLINK-5831 - MoonIOAGNO,11608.089,20962.301,9354.212,
Contact STARLINK-5831 - MoonIOAGNO,23125.161,26714.734,3589.573,
Contact STARLINK-5831 - MoonIOAGNO,28877.261,38215.085,9337.824,
Contact STARLINK-5831 - MoonIOAGNO,40378.398,49715.732,9337.335,
Contact STARLINK-5831 - MoonIOAGNO,51882.496,55477.049,3594.553,
Contact STARLINK-5831 - MoonIOAGNO,57648.183,66992.351,9344.169,
Contact STARLINK-5831 - MoonIOAGNO,69158.761,78494.547,9335.786,
Contact STARLINK-5831 - MoonIOAGNO,80659.659,84244.814,3585.156,
Contact STARLINK-5831 - MoonIOAGNO 0001,106.948,9453.232,9346.284,
Contact STARLINK-5831 - MoonIOAGNO 0001,11611.254,20952.092,9340.838,
Contact STARLINK-5831 - MoonIOAGNO 0001,23112.828,26701.902,3589.073,
Contact STARLINK-5831 - MoonIOAGNO 0001,28865.351,38221.513,9356.161,
Contact STARLINK-5831 - MoonIOAGNO 0001,40388.564,49728.535,9339.971,
Contact STARLINK-5831 - MoonIOAGNO 0001,51893.754,55479.053,3585.298,
Contact STARLINK-5831 - MoonIOAGNO 0001,57644.103,66979.183,9335.080,
Contact STARLINK-5831 - MoonIOAGNO 0001,69144.571,78497.641,9353.070,
Contact STARLINK-5831 - MoonIOAGNO 0001,80666.617,84256.434,3589.818,
Contact STARLINK-5831 - MoonIOAGSO,87.201,9445.156,9357.955,
Contact STARLINK-5831 - MoonIOAGSO,12485.263,20951.857,8466.594,
Contact STARLINK-5831 - MoonIOAGSO,23114.872,26700.620,3585.747,
Contact STARLINK-5831 - MoonIOAGSO,28864.856,38202.592,9337.736,
Contact STARLINK-5831 - MoonIOAGSO,40368.954,49714.777,9345.823,
Contact STARLINK-5831 - MoonIOAGSO,51884.717,54732.945,2848.228,
Contact STARLINK-5831 - MoonIOAGSO,57645.971,66981.763,9335.792,
Contact STARLINK-5831 - MoonIOAGSO,69146.310,78484.415,9338.105,
Contact STARLINK-5831 - MoonIOAGSO,80649.319,84237.904,3588.585,
Contact STARLINK-5831 - MoonIOAGSO 0001,98.329,9436.797,9338.468,
Contact STARLINK-5831 - MoonIOAGSO 0001,11598.878,20941.176,9342.299,
Contact STARLINK-5831 - MoonIOAGSO 0001,23106.159,26698.051,3591.892,
Contact STARLINK-5831 - MoonIOAGSO 0001,28865.249,38216.614,9351.365,
Contact STARLINK-5831 - MoonIOAGSO 0001,40381.102,49715.519,9334.417,
Contact STARLINK-5831 - MoonIOAGSO 0001,51881.082,55466.539,3585.457,
Contact STARLINK-5831 - MoonIOAGSO 0001,57632.732,66974.231,9341.498,
Contact STARLINK-5831 - MoonIOAGSO 0001,69142.316,76313.567,7171.251,
Contact STARLINK-5831 - MoonIOAGSO 0001,80661.475,84248.967,3587.492,
Contact STARLINK-5831 - MoonLRO,102.891,9444.813,9341.922,
Contact STARLINK-5831 - MoonLRO,11604.851,20957.436,9352.586,
Contact STARLINK-5831 - MoonLRO,23115.332,26708.870,3593.538,
Contact STARLINK-5831 - MoonLRO,28873.729,38209.535,9335.807,
Contact STARLINK-5831 - MoonLRO,40381.737,49722.569,9340.832,
Contact STARLINK-5831 - MoonLRO,51883.674,55479.451,3595.776,
Contact STARLINK-5831 - MoonLRO,57639.190,66983.212,9344.023,
Contact STARLINK-5831 - MoonLRO,69154.305,78488.926,9334.621,
Contact STARLINK-5831 - MoonLRO,80658.095,84247.099,3589.004,
Contact STARLINK-5831 - MarsSat1,1335.439,9530.054,8194.616,
Contact STARLINK-5831 - MarsSat1,11662.378,21018.404,9356.026,
Contact STARLINK-5831 - MarsSat1,23150.728,26762.568,3611.840,
Contact STARLINK-5831 - MarsSat1,28894.878,38250.881,9356.003,
Contact STARLINK-5831 - MarsSat1,40383.142,49739.215,9356.073,
Contact STARLINK-5831 - MarsSat1,51871.404,55483.410,3612.006,
Contact STARLINK-5831 - MarsSat1,57615.555,66971.890,9356.335,
Contact STARLINK-5831 - MarsSat1,69103.927,78460.502,9356.575,
Contact STARLINK-5831 - MarsSat1,80592.396,86400.000,5807.604,
Contact STARLINK-5831 - MarsSat2,173.877,9529.971,9356.093,
Contact STARLINK-5831 - MarsSat2,11662.306,21018.399,9356.092,
Contact STARLINK-5831 - MarsSat2,23150.743,26762.617,3611.874,
Contact STARLINK-5831 - MarsSat2,28894.952,38251.064,9356.112,
Contact STARLINK-5831 - MarsSat2,40383.354,49739.533,9356.180,
Contact STARLINK-5831 - MarsSat2,51871.744,55483.779,3612.034,
Contact STARLINK-5831 - MarsSat2,57615.938,66972.295,9356.357,
Contact STARLINK-5831 - MarsSat2,69104.326,78460.848,9356.521,
Contact STARLINK-5831 - MarsSat2,80592.719,86400.000,5807.281,
Contact STARLINK-5831 - MarsSat3,173.901,9529.902,9356.001,
Contact STARLINK-5831 - MarsSat3,11662.222,21018.292,9356.071,
Contact STARLINK-5831 - MarsSat3,23150.636,26762.509,3611.873,
Contact STARLINK-5831 - MarsSat3,28894.842,38250.941,9356.099,
Contact STARLINK-5831 - MarsSat3,40383.226,49739.376,9356.150,
Contact STARLINK-5831 - MarsSat3,51871.577,55483.598,3612.021,
Contact STARLINK-5831 - MarsSat3,57615.747,66972.063,9356.316,
Contact STARLINK-5831 - MarsSat3,69104.081,78460.566,9356.484,
Contact STARLINK-5831 - MarsSat3,80592.426,86400.000,5807.574,
Contact STARLINK-5831 - MarsSat4,174.030,9529.986,9355.955,
Contact STARLINK-5831 - MarsSat4,11662.278,21018.229,9355.951,
Contact STARLINK-5831 - MarsSat4,23150.564,26762.459,3611.895,
Contact STARLINK-5831 - MarsSat4,28894.805,38250.876,9356.071,
Contact STARLINK-5831 - MarsSat4,40383.140,49739.229,9356.089,
Contact STARLINK-5831 - MarsSat4,51871.426,55483.468,3612.043,
Contact STARLINK-5831 - MarsSat4,57615.651,66972.076,9356.425,
Contact STARLINK-5831 - MarsSat4,69104.101,78460.570,9356.468,
Contact STARLINK-5831 - MarsSat4,80592.428,86400.000,5807.572,
Contact STARLINK-31034 - STARLINK-3815,0.000,558.903,558.903,
Contact STARLINK-31034 - STARLINK-3815,14061.767,14673.019,611.252,
Contact STARLINK-31034 - STARLINK-3815,39452.053,40071.393,619.340,
Contact STARLINK-31034 - STARLINK-3815,53554.350,54185.046,630.696,
Contact STARLINK-31034 - STARLINK-3815,78944.778,79583.025,638.247,
Contact STARLINK-31034 - MoonARTEMIS1,0.000,78999.853,78999.853,
Contact STARLINK-31034 - MoonARTEMIS1,79479.528,86400.000,6920.472,
Contact STARLINK-31034 - MoonARTEMIS2,0.000,59994.017,59994.017,
Contact STARLINK-31034 - MoonARTEMIS2,62659.738,78803.930,16144.192,
Contact STARLINK-31034 - MoonARTEMIS2,79854.633,86400.000,6545.367,
Contact STARLINK-31034 - MoonIOAGEO,0.000,16200.713,16200.713,
Contact STARLINK-31034 - MoonIOAGEO,19862.227,60104.547,40242.320,
Contact STARLINK-31034 - MoonIOAGEO,63981.196,78846.709,14865.513,
Contact STARLINK-31034 - MoonIOAGEO,79757.556,86400.000,6642.444,
Contact STARLINK-31034 - MoonIOAGNO,0.000,79007.698,79007.698,
Contact STARLINK-31034 - MoonIOAGNO,79640.968,86400.000,6759.032,
Contact STARLINK-31034 - MoonIOAGNO 0001,0.000,78860.021,78860.021,
Contact STARLINK-31034 - MoonIOAGNO 0001,79745.888,86400.000,6654.112,
Contact STARLINK-31034 - MoonIOAGSO,0.000,78793.207,78793.207,
Contact STARLINK-31034 - MoonIOAGSO,79720.518,86400.000,6679.482,
Contact STARLINK-31034 - MoonIOAGSO 0001,0.000,76295.910,76295.910,
Contact STARLINK-31034 - MoonIOAGSO 0001,79750.185,86400.000,6649.815,
Contact STARLINK-31034 - MoonLRO,0.000,78869.065,78869.065,
Contact STARLINK-31034 - MoonLRO,79692.088,86400.000,6707.912,
Contact STARLINK-31034 - MarsSat1,1335.811,86400.000,85064.189,
Contact STARLINK-31034 - MarsSat2,0.000,86400.000,86400.000,
Contact STARLINK-31034 - MarsSat3,0.000,86400.000,86400.000,
Contact STARLINK-31034 - MarsSat4,0.000,86400.000,86400.000,
Contact STARLINK-3815 - STARLINK-31611,10558.529,11140.877,582.348,
Contact STARLINK-3815 - STARLINK-31611,24530.387,25293.674,763.287,
Contact STARLINK-3815 - STARLINK-31611,35719.287,36603.398,884.111,
Contact STARLINK-3815 - STARLINK-31611,49714.366,50729.815,1015.449,
Contact STARLINK-3815 - STARLINK-31611,60926.237,67656.358,6730.122,
Contact STARLINK-3815 - STARLINK-31611,74958.425,76108.546,1150.122,
Contact STARLINK-3815 - STARLINK-31611,86187.457,86400.000,212.543,
Contact STARLINK-3815 - MoonARTEMIS1,0.000,3120.654,3120.654,
Contact STARLINK-3815 - MoonARTEMIS1,5237.175,8789.342,3552.168,
Contact STARLINK-3815 - MoonARTEMIS1,10907.650,20141.657,9234.008,
Contact STARLINK-3815 - MoonARTEMIS1,22268.960,31477.705,9208.746,
Contact STARLINK-3815 - MoonARTEMIS1,33590.299,42794.790,9204.491,
Contact STARLINK-3815 - MoonARTEMIS1,44906.887,48453.888,3547.001,
Contact STARLINK-3815 - MoonARTEMIS1,50566.223,59773.611,9207.387,
Contact STARLINK-3815 - MoonARTEMIS1,61887.092,71095.624,9208.532,
Contact STARLINK-3815 - MoonARTEMIS1,73211.077,82420.380,9209.303,
Contact STARLINK-3815 - MoonARTEMIS1,84538.683,86400.000,1861.317,
Contact STARLINK-3815 - MoonARTEMIS2,0.000,3198.517,3198.517,
Contact STARLINK-3815 - MoonARTEMIS2,5320.363,8862.496,3542.133,
Contact STARLINK-3815 - MoonARTEMIS2,10984.423,20187.667,9203.244,
Contact STARLINK-3815 - MoonARTEMIS2,22309.629,31508.963,9199.334,
Contact STARLINK-3815 - MoonARTEMIS2,33630.552,42825.691,9195.139,
Contact STARLINK-3815 - MoonARTEMIS2,44945.986,48481.841,3535.855,
Contact STARLINK-3815 - MoonARTEMIS2,50600.760,59794.927,9194.167,
Contact STARLINK-3815 - MoonARTEMIS2,62666.027,71149.207,8483.180,
Contact STARLINK-3815 - MoonARTEMIS2,73275.108,82489.131,9214.023,
Contact STARLINK-3815 - MoonARTEMIS2,84617.431,86400.000,1782.569,
Contact STARLINK-3815 - MoonIOAGEO,0.000,3137.205,3137.205,
Contact STARLINK-3815 - MoonIOAGEO,5253.239,8800.967,3547.727,
Contact STARLINK-3815 - MoonIOAGEO,10919.745,14474.124,3554.379,
Contact STARLINK-3815 - MoonIOAGEO,22272.280,31490.898,9218.618,
Contact STARLINK-3815 - MoonIOAGEO,33607.282,42798.892,9191.610,
Contact STARLINK-3815 - MoonIOAGEO,44914.152,48455.191,3541.039,
Contact STARLINK-3815 - MoonIOAGEO,50573.129,59794.542,9221.413,
Contact STARLINK-3815 - MoonIOAGEO,63982.865,71141.824,7158.959,
Contact STARLINK-3815 - MoonIOAGEO,73264.711,82457.567,9192.856,
Contact STARLINK-3815 - MoonIOAGEO,84577.485,86400.000,1822.515,
Contact STARLINK-3815 - MoonIOAGNO,0.000,3137.381,3137.381,
Contact STARLINK-3815 - MoonIOAGNO,5258.740,8813.889,3555.149,
Contact STARLINK-3815 - MoonIOAGNO,10935.455,20141.829,9206.375,
Contact STARLINK-3815 - MoonIOAGNO,22262.662,31458.763,9196.101,
Contact STARLINK-3815 - MoonIOAGNO,33582.483,42787.002,9204.519,
Contact STARLINK-3815 - MoonIOAGNO,44910.097,48458.180,3548.083,
Contact STARLINK-3815 - MoonIOAGNO,50581.193,59800.289,9219.096,
Contact STARLINK-3815 - MoonIOAGNO,61921.661,71112.004,9190.343,
Contact STARLINK-3815 - MoonIOAGNO,73238.628,82434.018,9195.390,
Contact STARLINK-3815 - MoonIOAGNO,84562.028,86400.000,1837.972,
Contact STARLINK-3815 - MoonIOAGNO 0001,0.000,3140.550,3140.550,
Contact STARLINK-3815 - MoonIOAGNO 0001,5263.272,8800.309,3537.037,
Contact STARLINK-3815 - MoonIOAGNO 0001,10923.777,20128.096,9204.319,
Contact STARLINK-3815 - MoonIOAGNO 0001,22250.422,31476.931,9226.509,
Contact STARLINK-3815 - MoonIOAGNO 0001,33598.619,42799.300,9200.682,
Contact STARLINK-3815 - MoonIOAGNO 0001,44921.486,48456.355,3534.868,
Contact STARLINK-3815 - MoonIOAGNO 0001,50580.569,59778.363,9197.794,
Contact STARLINK-3815 - MoonIOAGNO 0001,61903.660,71116.975,9213.316,
Contact STARLINK-3815 - MoonIOAGNO 0001,73243.029,82454.686,9211.657,
Contact STARLINK-3815 - MoonIOAGNO 0001,84579.597,86400.000,1820.403,
Contact STARLINK-3815 - MoonIOAGSO,0.000,3143.053,3143.053,
Contact STARLINK-3815 - MoonIOAGSO,5258.310,8807.768,3549.458,
Contact STARLINK-3815 - MoonIOAGSO,12427.470,20162.147,7734.677,
Contact STARLINK-3815 - MoonIOAGSO,22274.179,31487.009,9212.830,
Contact STARLINK-3815 - MoonIOAGSO,33596.350,42803.890,9207.540,
Contact STARLINK-3815 - MoonIOAGSO,44917.072,48462.375,3545.303,
Contact STARLINK-3815 - MoonIOAGSO,50580.687,59812.002,9231.315,
Contact STARLINK-3815 - MoonIOAGSO,61931.158,71143.107,9211.949,
Contact STARLINK-3815 - MoonIOAGSO,73257.498,82460.616,9203.118,
Contact STARLINK-3815 - MoonIOAGSO,84577.350,86400.000,1822.650,
Contact STARLINK-3815 - MoonIOAGSO 0001,0.000,3165.295,3165.295,
Contact STARLINK-3815 - MoonIOAGSO 0001,5274.733,8826.477,3551.744,
Contact STARLINK-3815 - MoonIOAGSO 0001,10935.058,20144.424,9209.367,
Contact STARLINK-3815 - MoonIOAGSO 0001,22256.030,31469.503,9213.472,
Contact STARLINK-3815 - MoonIOAGSO 0001,34253.126,42822.069,8568.944,
Contact STARLINK-3815 - MoonIOAGSO 0001,44935.134,48485.552,3550.418,
Contact STARLINK-3815 - MoonIOAGSO 0001,50596.945,59804.294,9207.349,
Contact STARLINK-3815 - MoonIOAGSO 0001,61917.318,71119.427,9202.109,
Contact STARLINK-3815 - MoonIOAGSO 0001,73241.371,82469.371,9228.000,
Contact STARLINK-3815 - MoonIOAGSO 0001,84591.184,86400.000,1808.816,
Contact STARLINK-3815 - MoonLRO,0.000,3151.321,3151.321,
Contact STARLINK-3815 - MoonLRO,5264.888,8820.508,3555.620,
Contact STARLINK-3815 - MoonLRO,10929.282,20145.590,9216.308,
Contact STARLINK-3815 - MoonLRO,22267.812,31472.612,9204.800,
Contact STARLINK-3815 - MoonLRO,33593.754,42810.026,9216.272,
Contact STARLINK-3815 - MoonLRO,44920.207,48473.003,3552.796,
Contact STARLINK-3815 - MoonLRO,50589.698,59794.061,9204.363,
Contact STARLINK-3815 - MoonLRO,61922.401,71129.018,9206.617,
Contact STARLINK-3815 - MoonLRO,73244.226,82456.960,9212.734,
Contact STARLINK-3815 - MoonLRO,84579.836,86400.000,1820.164,
Contact STARLINK-3815 - MarsSat1,5396.064,8979.233,3583.169,
Contact STARLINK-3815 - MarsSat1,11046.526,20279.314,9232.787,
Contact STARLINK-3815 - MarsSat1,22347.366,31579.253,9231.886,
Contact STARLINK-3815 - MarsSat1,33648.077,42879.061,9230.984,
Contact STARLINK-3815 - MarsSat1,44948.680,48528.928,3580.248,
Contact STARLINK-3815 - MarsSat1,50598.961,59828.625,9229.663,
Contact STARLINK-3815 - MarsSat1,61899.521,71128.303,9228.782,
Contact STARLINK-3815 - MarsSat1,73200.112,82427.972,9227.860,
Contact STARLINK-3815 - MarsSat1,84500.729,86400.000,1899.271,
Contact STARLINK-3815 - MarsSat2,0.000,3329.039,3329.039,
Contact STARLINK-3815 - MarsSat2,5395.926,8979.087,3583.161,
Contact STARLINK-3815 - MarsSat2,11046.384,20279.180,9232.796,
Contact STARLINK-3815 - MarsSat2,22347.285,31579.212,9231.926,
Contact STARLINK-3815 - MarsSat2,33648.127,42879.160,9231.034,
Contact STARLINK-3815 - MarsSat2,44948.900,48529.102,3580.202,
Contact STARLINK-3815 - MarsSat2,50599.261,59828.920,9229.659,
Contact STARLINK-3815 - MarsSat2,61899.934,71128.650,9228.717,
Contact STARLINK-3815 - MarsSat2,73200.541,82428.293,9227.752,
Contact STARLINK-3815 - MarsSat2,84501.083,86400.000,1898.917,
Contact STARLINK-3815 - MarsSat3,0.000,3329.161,3329.161,
Contact STARLINK-3815 - MarsSat3,5395.982,8979.150,3583.168,
Contact STARLINK-3815 - MarsSat3,11046.369,20279.119,9232.750,
Contact STARLINK-3815 - MarsSat3,22347.181,31579.111,9231.930,
Contact STARLINK-3815 - MarsSat3,33647.999,42879.061,9231.062,
Contact STARLINK-3815 - MarsSat3,44948.762,48529.007,3580.245,
Contact STARLINK-3815 - MarsSat3,50599.116,59828.827,9229.711,
Contact STARLINK-3815 - MarsSat3,61899.766,71128.540,9228.774,
Contact STARLINK-3815 - MarsSat3,73200.333,82428.132,9227.799,
Contact STARLINK-3815 - MarsSat3,84500.815,86400.000,1899.185,
Contact STARLINK-3815 - MarsSat4,0.000,3329.209,3329.209,
Contact STARLINK-3815 - MarsSat4,5396.098,8979.268,3583.170,
Contact STARLINK-3815 - MarsSat4,11046.491,20279.193,9232.702,
Contact STARLINK-3815 - MarsSat4,22347.177,31579.181,9232.003,
Contact STARLINK-3815 - MarsSat4,33648.039,42879.125,9231.086,
Contact STARLINK-3815 - MarsSat4,44948.732,48528.995,3580.263,
Contact STARLINK-3815 - MarsSat4,50599.009,59828.683,9229.674,
Contact STARLINK-3815 - MarsSat4,61899.668,71128.502,9228.834,
Contact STARLINK-3815 - MarsSat4,73200.318,82428.061,9227.743,
Contact STARLINK-3815 - MarsSat4,84500.754,86400.000,1899.246,
Contact STARLINK-31611 - MoonARTEMIS1,369.883,9500.772,9130.889,
Contact STARLINK-31611 - MoonARTEMIS1,11617.892,20744.157,9126.264,
Contact STARLINK-31611 - MoonARTEMIS1,22880.097,30745.476,7865.379,
Contact STARLINK-31611 - MoonARTEMIS1,34105.619,37577.374,3471.756,
Contact STARLINK-31611 - MoonARTEMIS1,45331.285,48798.306,3467.020,
Contact STARLINK-31611 - MoonARTEMIS1,50945.061,60021.640,9076.579,
Contact STARLINK-31611 - MoonARTEMIS1,62174.314,71247.291,9072.977,
Contact STARLINK-31611 - MoonARTEMIS1,73405.825,82475.485,9069.660,
Contact STARLINK-31611 - MoonARTEMIS1,84639.849,86400.000,1760.151,
Contact STARLINK-31611 - MoonARTEMIS2,443.564,9549.967,9106.403,
Contact STARLINK-31611 - MoonARTEMIS2,11681.161,20776.155,9094.994,
Contact STARLINK-31611 - MoonARTEMIS2,22914.810,31999.676,9084.866,
Contact STARLINK-31611 - MoonARTEMIS2,34144.283,37610.195,3465.912,
Contact STARLINK-31611 - MoonARTEMIS2,39757.179,48827.570,9070.391,
Contact STARLINK-31611 - MoonARTEMIS2,50977.731,59998.274,9020.543,
Contact STARLINK-31611 - MoonARTEMIS2,62601.514,71284.074,8682.560,
Contact STARLINK-31611 - MoonARTEMIS2,73453.210,82523.522,9070.312,
Contact STARLINK-31611 - MoonARTEMIS2,84697.389,86400.000,1702.611,
Contact STARLINK-31611 - MoonIOAGEO,393.177,9508.645,9115.468,
Contact STARLINK-31611 - MoonIOAGEO,11627.425,15125.782,3498.357,
Contact STARLINK-31611 - MoonIOAGEO,22881.099,31979.542,9098.443,
Contact STARLINK-31611 - MoonIOAGEO,34121.434,37589.963,3468.529,
Contact STARLINK-31611 - MoonIOAGEO,45341.969,48807.296,3465.327,
Contact STARLINK-31611 - MoonIOAGEO,50955.447,60039.468,9084.021,
Contact STARLINK-31611 - MoonIOAGEO,63977.547,71279.021,7301.474,
Contact STARLINK-31611 - MoonIOAGEO,73445.702,82503.696,9057.994,
Contact STARLINK-31611 - MoonIOAGEO,84670.324,86400.000,1729.676,
Contact STARLINK-31611 - MoonIOAGNO,395.800,9511.310,9115.510,
Contact STARLINK-31611 - MoonIOAGNO,11637.516,20756.794,9119.278,
Contact STARLINK-31611 - MoonIOAGNO,22885.047,31984.214,9099.167,
Contact STARLINK-31611 - MoonIOAGNO,34116.824,37594.397,3477.573,
Contact STARLINK-31611 - MoonIOAGNO,39730.934,48811.439,9080.506,
Contact STARLINK-31611 - MoonIOAGNO,50960.195,60051.936,9091.740,
Contact STARLINK-31611 - MoonIOAGNO,62211.455,71284.280,9072.825,
Contact STARLINK-31611 - MoonIOAGNO,73443.991,82506.227,9062.235,
Contact STARLINK-31611 - MoonIOAGNO,84669.868,86400.000,1730.132,
Contact STARLINK-31611 - MoonIOAGNO 0001,408.083,9529.633,9121.551,
Contact STARLINK-31611 - MoonIOAGNO 0001,11642.063,20748.609,9106.546,
Contact STARLINK-31611 - MoonIOAGNO 0001,22872.066,31967.702,9095.635,
Contact STARLINK-31611 - MoonIOAGNO 0001,34114.214,37593.883,3479.670,
Contact STARLINK-31611 - MoonIOAGNO 0001,39739.863,48827.663,9087.800,
Contact STARLINK-31611 - MoonIOAGNO 0001,50974.209,60049.748,9075.539,
Contact STARLINK-31611 - MoonIOAGNO 0001,62201.587,71267.662,9066.074,
Contact STARLINK-31611 - MoonIOAGNO 0001,73430.008,82510.855,9080.848,
Contact STARLINK-31611 - MoonIOAGNO 0001,84680.718,86400.000,1719.282,
Contact STARLINK-31611 - MoonIOAGSO,386.185,9516.987,9130.802,
Contact STARLINK-31611 - MoonIOAGSO,12478.512,20737.839,8259.327,
Contact STARLINK-31611 - MoonIOAGSO,22872.537,31957.923,9085.386,
Contact STARLINK-31611 - MoonIOAGSO,34101.774,37571.534,3469.760,
Contact STARLINK-31611 - MoonIOAGSO,45338.073,48807.808,3469.735,
Contact STARLINK-31611 - MoonIOAGSO,50961.621,60042.076,9080.455,
Contact STARLINK-31611 - MoonIOAGSO,62200.967,71261.220,9060.254,
Contact STARLINK-31611 - MoonIOAGSO,73427.497,82488.521,9061.025,
Contact STARLINK-31611 - MoonIOAGSO,84659.575,86400.000,1740.425,
Contact STARLINK-31611 - MoonIOAGSO 0001,397.447,9501.300,9103.853,
Contact STARLINK-31611 - MoonIOAGSO 0001,11627.230,20730.296,9103.066,
Contact STARLINK-31611 - MoonIOAGSO 0001,22863.849,31974.314,9110.465,
Contact STARLINK-31611 - MoonIOAGSO 0001,34262.965,37586.128,3323.163,
Contact STARLINK-31611 - MoonIOAGSO 0001,45344.400,48803.440,3459.040,
Contact STARLINK-31611 - MoonIOAGSO 0001,50958.218,60029.491,9071.274,
Contact STARLINK-31611 - MoonIOAGSO 0001,62190.251,71266.690,9076.438,
Contact STARLINK-31611 - MoonIOAGSO 0001,73433.211,82499.308,9066.097,
Contact STARLINK-31611 - MoonIOAGSO 0001,84668.407,86400.000,1731.593,
Contact STARLINK-31611 - MoonLRO,403.634,9513.099,9109.466,
Contact STARLINK-31611 - MoonLRO,11634.423,20748.575,9114.152,
Contact STARLINK-31611 - MoonLRO,22874.545,31969.532,9094.987,
Contact STARLINK-31611 - MoonLRO,34116.135,37581.666,3465.531,
Contact STARLINK-31611 - MoonLRO,45344.304,48817.590,3473.286,
Contact STARLINK-31611 - MoonLRO,50962.485,60043.220,9080.735,
Contact STARLINK-31611 - MoonLRO,62205.282,71268.139,9062.857,
Contact STARLINK-31611 - MoonLRO,73434.192,82504.818,9070.626,
Contact STARLINK-31611 - MoonLRO,84667.409,86400.000,1732.591,
Contact STARLINK-31611 - MarsSat1,1335.789,9569.376,8233.586,
Contact STARLINK-31611 - MarsSat1,11689.365,20784.436,9095.071,
Contact STARLINK-31611 - MarsSat1,22906.285,31999.477,9093.191,
Contact STARLINK-31611 - MarsSat1,34123.110,37606.994,3483.884,
Contact STARLINK-31611 - MarsSat1,39731.495,48822.054,9090.558,
Contact STARLINK-31611 - MarsSat1,50948.245,60037.189,9088.944,
Contact STARLINK-31611 - MarsSat1,62165.018,71252.436,9087.418,
Contact STARLINK-31611 - MarsSat1,73381.851,82467.796,9085.945,
Contact STARLINK-31611 - MarsSat1,84598.736,86400.000,1801.264,
Contact STARLINK-31611 - MarsSat2,472.257,9569.324,9097.066,
Contact STARLINK-31611 - MarsSat2,11689.298,20784.466,9095.169,
Contact STARLINK-31611 - MarsSat2,22906.306,31999.610,9093.304,
Contact STARLINK-31611 - MarsSat2,34123.252,37607.185,3483.934,
Contact STARLINK-31611 - MarsSat2,39731.705,48822.353,9090.648,
Contact STARLINK-31611 - MarsSat2,50948.579,60037.549,9088.970,
Contact STARLINK-31611 - MarsSat2,62165.416,71252.779,9087.363,
Contact STARLINK-31611 - MarsSat2,73382.223,82468.048,9085.824,
Contact STARLINK-31611 - MarsSat2,84599.005,86400.000,1800.995,
Contact STARLINK-31611 - MarsSat3,472.271,9569.227,9096.955,
Contact STARLINK-31611 - MarsSat3,11689.207,20784.363,9095.156,
Contact STARLINK-31611 - MarsSat3,22906.197,31999.512,9093.314,
Contact STARLINK-31611 - MarsSat3,34123.138,37607.077,3483.940,
Contact STARLINK-31611 - MarsSat3,39731.579,48822.205,9090.626,
Contact STARLINK-31611 - MarsSat3,50948.414,60037.348,9088.934,
Contact STARLINK-31611 - MarsSat3,62165.201,71252.526,9087.325,
Contact STARLINK-31611 - MarsSat3,73381.956,82467.760,9085.805,
Contact STARLINK-31611 - MarsSat3,84598.702,86400.000,1801.298,
Contact STARLINK-31611 - MarsSat4,472.410,9569.287,9096.877,
Contact STARLINK-31611 - MarsSat4,11689.258,20784.272,9095.013,
Contact STARLINK-31611 - MarsSat4,22906.120,31999.452,9093.332,
Contact STARLINK-31611 - MarsSat4,34123.088,37606.979,3483.891,
Contact STARLINK-31611 - MarsSat4,39731.489,48822.046,9090.557,
Contact STARLINK-31611 - MarsSat4,50948.259,60037.329,9089.070,
Contact STARLINK-31611 - MarsSat4,62165.188,71252.558,9087.370,
Contact STARLINK-31611 - MarsSat4,73381.976,82467.780,9085.804,
Contact STARLINK-31611 - MarsSat4,84598.714,86400.000,1801.286,
Contact MoonARTEMIS1 - MoonARTEMIS2,0.000,2586.870,2586.870,
Contact MoonARTEMIS1 - MoonARTEMIS2,12398.433,46384.805,33986.372,
Contact MoonARTEMIS1 - MoonARTEMIS2,54128.367,86400.000,32271.633,
Contact MoonARTEMIS1 - MoonIOAGEO,0.000,19218.290,19218.290,
Contact MoonARTEMIS1 - MoonIOAGEO,21895.512,35827.938,13932.427,
Contact MoonARTEMIS1 - MoonIOAGEO,40617.429,75086.642,34469.212,
Contact MoonARTEMIS1 - MoonIOAGEO,79701.905,86400.000,6698.095,
Contact MoonARTEMIS1 - MoonIOAGNO,0.000,55533.533,55533.533,
Contact MoonARTEMIS1 - MoonIOAGNO,59275.794,86400.000,27124.206,
Contact MoonARTEMIS1 - MoonIOAGNO 0001,0.000,21502.067,21502.067,
Contact MoonARTEMIS1 - MoonIOAGNO 0001,23250.679,34675.205,11424.525,
Contact MoonARTEMIS1 - MoonIOAGNO 0001,38354.420,76872.334,38517.913,
Contact MoonARTEMIS1 - MoonIOAGNO 0001,80079.502,86400.000,6320.498,
Contact MoonARTEMIS1 - MoonIOAGSO,0.000,13412.607,13412.607,
Contact MoonARTEMIS1 - MoonIOAGSO,16842.119,86400.000,69557.881,
Contact MoonARTEMIS1 - MoonIOAGSO 0001,0.000,23576.134,23576.134,
Contact MoonARTEMIS1 - MoonIOAGSO 0001,28190.767,86400.000,58209.233,
Contact MoonARTEMIS1 - MoonLRO,2883.650,6572.602,3688.952,
Contact MoonARTEMIS1 - MoonLRO,9749.614,13331.008,3581.394,
Contact MoonARTEMIS1 - MoonLRO,16711.922,19664.588,2952.666,
Contact MoonARTEMIS1 - MoonLRO,26846.744,34267.650,7420.907,
Contact MoonARTEMIS1 - MoonLRO,36951.980,40953.289,4001.309,
Contact MoonARTEMIS1 - MoonLRO,43755.940,47724.503,3968.563,
Contact MoonARTEMIS1 - MoonLRO,50580.182,68121.072,17540.890,
Contact MoonARTEMIS1 - MoonLRO,71073.764,74926.980,3853.216,
Contact MoonARTEMIS1 - MoonLRO,77908.218,81733.054,3824.836,
Contact MoonARTEMIS1 - MoonLRO,84744.790,86400.000,1655.210,
Contact MoonARTEMIS1 - MarsSat1,1335.324,19948.503,18613.179,
Contact MoonARTEMIS1 - MarsSat1,22026.592,86400.000,64373.408,
Contact MoonARTEMIS1 - MarsSat2,0.000,19948.730,19948.730,
Contact MoonARTEMIS1 - MarsSat2,22026.661,86400.000,64373.339,
Contact MoonARTEMIS1 - MarsSat3,0.000,19948.851,19948.851,
Contact MoonARTEMIS1 - MarsSat3,22026.767,86400.000,64373.233,
Contact MoonARTEMIS1 - MarsSat4,0.000,19948.734,19948.734,
Contact MoonARTEMIS1 - MarsSat4,22026.779,86400.000,64373.221,
Contact MoonARTEMIS2 - MoonIOAGEO,0.000,7143.582,7143.582,
Contact MoonARTEMIS2 - MoonIOAGEO,11796.838,86400.000,74603.162,
Contact MoonARTEMIS2 - MoonIOAGNO,0.000,49300.565,49300.565,
Contact MoonARTEMIS2 - MoonIOAGNO,54052.791,58821.425,4768.634,
Contact MoonARTEMIS2 - MoonIOAGNO,62059.552,86400.000,24340.448,
Contact MoonARTEMIS2 - MoonIOAGNO 0001,0.000,28257.747,28257.747,
Contact MoonARTEMIS2 - MoonIOAGNO 0001,30881.451,86400.000,55518.549,
Contact MoonARTEMIS2 - MoonIOAGSO,0.000,54660.449,54660.449,
Contact MoonARTEMIS2 - MoonIOAGSO,59648.243,86400.000,26751.757,
Contact MoonARTEMIS2 - MoonIOAGSO 0001,0.000,69923.899,69923.899,
Contact MoonARTEMIS2 - MoonIOAGSO 0001,74557.987,86400.000,11842.013,
Contact MoonARTEMIS2 - MoonLRO,0.000,2902.532,2902.532,
Contact MoonARTEMIS2 - MoonLRO,5990.166,9721.947,3731.780,
Contact MoonARTEMIS2 - MoonLRO,12805.837,16539.315,3733.478,
Contact MoonARTEMIS2 - MoonLRO,19621.561,23353.723,3732.162,
Contact MoonARTEMIS2 - MoonLRO,26436.806,30163.208,3726.403,
Contact MoonARTEMIS2 - MoonLRO,33250.837,36963.026,3712.189,
Contact MoonARTEMIS2 - MoonLRO,40062.312,43738.223,3675.912,
Contact MoonARTEMIS2 - MoonLRO,46867.891,55432.609,8564.718,
Contact MoonARTEMIS2 - MoonLRO,67609.203,71131.584,3522.380,
Contact MoonARTEMIS2 - MoonLRO,74342.343,77979.686,3637.342,
Contact MoonARTEMIS2 - MoonLRO,81131.936,84811.116,3679.180,
Contact MoonARTEMIS2 - MarsSat1,1333.141,54657.730,53324.590,
Contact MoonARTEMIS2 - MarsSat1,57606.698,86400.000,28793.302,
Contact MoonARTEMIS2 - MarsSat2,0.000,54660.315,54660.315,
Contact MoonARTEMIS2 - MarsSat2,57607.942,86400.000,28792.058,
Contact MoonARTEMIS2 - MarsSat3,0.000,54658.981,54658.981,
Contact MoonARTEMIS2 - MarsSat3,57607.480,86400.000,28792.520,
Contact MoonARTEMIS2 - MarsSat4,0.000,54658.067,54658.067,
Contact MoonARTEMIS2 - MarsSat4,57606.878,86400.000,28793.122,
Contact MoonIOAGEO - MoonIOAGNO,0.000,11428.943,11428.943,
Contact MoonIOAGEO - MoonIOAGNO,17061.195,54627.465,37566.269,
Contact MoonIOAGEO - MoonIOAGNO,60258.762,86400.000,26141.238,
Contact MoonIOAGEO - MoonIOAGNO 0001,0.000,86400.000,86400.000,
Contact MoonIOAGEO - MoonIOAGSO,0.000,86400.000,86400.000,
Contact MoonIOAGEO - MoonIOAGSO 0001,0.000,28110.220,28110.220,
Contact MoonIOAGEO - MoonIOAGSO 0001,32595.792,71324.186,38728.393,
Contact MoonIOAGEO - MoonIOAGSO 0001,75794.489,86400.000,10605.511,
Contact MoonIOAGEO - MoonLRO,3095.325,6478.013,3382.688,
Contact MoonIOAGEO - MoonLRO,9969.240,13402.184,3432.944,
Contact MoonIOAGEO - MoonLRO,17185.594,23134.222,5948.628,
Contact MoonIOAGEO - MoonLRO,26880.029,30198.598,3318.569,
Contact MoonIOAGEO - MoonLRO,33797.554,37036.999,3239.445,
Contact MoonIOAGEO - MoonLRO,44056.700,47401.056,3344.356,
Contact MoonIOAGEO - MoonLRO,50893.530,54310.840,3417.309,
Contact MoonIOAGEO - MoonLRO,57876.818,61743.756,3866.938,
Contact MoonIOAGEO - MoonLRO,67778.874,71116.417,3337.543,
Contact MoonIOAGEO - MoonLRO,74719.702,78002.043,3282.342,
Contact MoonIOAGEO - MoonLRO,81734.734,86400.000,4665.266,
Contact MoonIOAGEO - MarsSat1,1334.579,38619.414,37284.834,
Contact MoonIOAGEO - MarsSat1,42399.808,81820.585,39420.776,
Contact MoonIOAGEO - MarsSat1,85602.523,86400.000,797.477,
Contact MoonIOAGEO - MarsSat2,0.000,38620.527,38620.527,
Contact MoonIOAGEO - MarsSat2,42400.509,81823.328,39422.819,
Contact MoonIOAGEO - MarsSat2,85604.728,86400.000,795.272,
Contact MoonIOAGEO - MarsSat3,0.000,38619.538,38619.538,
Contact MoonIOAGEO - MarsSat3,42399.790,81821.235,39421.445,
Contact MoonIOAGEO - MarsSat3,85603.317,86400.000,796.683,
Contact MoonIOAGEO - MarsSat4,0.000,38619.503,38619.503,
Contact MoonIOAGEO - MarsSat4,42400.239,81821.013,39420.774,
Contact MoonIOAGEO - MarsSat4,85602.664,86400.000,797.336,
Contact MoonIOAGNO - MoonIOAGNO 0001,0.000,9838.959,9838.959,
Contact MoonIOAGNO - MoonIOAGNO 0001,12568.252,31438.094,18869.843,
Contact MoonIOAGNO - MoonIOAGNO 0001,34167.387,53037.230,18869.843,
Contact MoonIOAGNO - MoonIOAGNO 0001,55766.522,74636.365,18869.843,
Contact MoonIOAGNO - MoonIOAGNO 0001,77365.658,86400.000,9034.342,
Contact MoonIOAGNO - MoonIOAGSO,0.000,9600.844,9600.844,
Contact MoonIOAGNO - MoonIOAGSO,12405.770,52799.020,40393.250,
Contact MoonIOAGNO - MoonIOAGSO,55603.959,86400.000,30796.041,
Contact MoonIOAGNO - MoonIOAGSO 0001,2917.081,37305.443,34388.362,
Contact MoonIOAGNO - MoonIOAGSO 0001,46114.246,80503.186,34388.940,
Contact MoonIOAGNO - MoonLRO,0.000,472.138,472.138,
Contact MoonIOAGNO - MoonLRO,13711.036,15626.346,1915.310,
Contact MoonIOAGNO - MoonLRO,18583.357,28294.360,9711.003,
Contact MoonIOAGNO - MoonLRO,31367.851,34918.548,3550.697,
Contact MoonIOAGNO - MoonLRO,38016.237,41521.096,3504.859,
Contact MoonIOAGNO - MoonLRO,44659.953,47923.194,3263.241,
Contact MoonIOAGNO - MoonLRO,59985.942,62837.244,2851.302,
Contact MoonIOAGNO - MoonLRO,65879.774,69319.978,3440.204,
Contact MoonIOAGNO - MoonLRO,72387.670,82553.245,10165.575,
Contact MoonIOAGNO - MoonLRO,85675.813,86400.000,724.187,
Contact MoonIOAGNO - MarsSat1,1333.988,86400.000,85066.012,
Contact MoonIOAGNO - MarsSat2,0.000,86400.000,86400.000,
Contact MoonIOAGNO - MarsSat3,0.000,86400.000,86400.000,
Contact MoonIOAGNO - MarsSat4,0.000,86400.000,86400.000,
Contact MoonIOAGNO 0001 - MoonIOAGSO,0.000,15706.572,15706.572,
Contact MoonIOAGNO 0001 - MoonIOAGSO,24515.663,58904.314,34388.651,
Contact MoonIOAGNO 0001 - MoonIOAGSO,67712.828,86400.000,18687.172,
Contact MoonIOAGNO 0001 - MoonIOAGSO 0001,0.000,31199.932,31199.932,
Contact MoonIOAGNO 0001 - MoonIOAGSO 0001,34004.865,74398.109,40393.244,
Contact MoonIOAGNO 0001 - MoonIOAGSO 0001,77203.054,86400.000,9196.946,
Contact MoonIOAGNO 0001 - MoonLRO,0.000,1211.297,1211.297,
Contact MoonIOAGNO 0001 - MoonLRO,4269.099,7784.258,3515.159,
Contact MoonIOAGNO 0001 - MoonLRO,10860.933,20999.343,10138.410,
Contact MoonIOAGNO 0001 - MoonLRO,24147.590,27308.472,3160.882,
Contact MoonIOAGNO 0001 - MoonLRO,34581.216,42284.536,7703.319,
Contact MoonIOAGNO 0001 - MoonLRO,45333.780,48806.088,3472.308,
Contact MoonIOAGNO 0001 - MoonLRO,51876.605,55426.161,3549.557,
Contact MoonIOAGNO 0001 - MoonLRO,58519.044,62038.736,3519.692,
Contact MoonIOAGNO 0001 - MoonLRO,65169.046,73692.974,8523.928,
Contact MoonIOAGNO 0001 - MoonLRO,80770.111,83406.191,2636.080,
Contact MoonIOAGNO 0001 - MarsSat1,1333.331,86400.000,85066.669,
Contact MoonIOAGNO 0001 - MarsSat2,0.000,86400.000,86400.000,
Contact MoonIOAGNO 0001 - MarsSat3,0.000,86400.000,86400.000,
Contact MoonIOAGNO 0001 - MarsSat4,0.000,86400.000,86400.000,
Contact MoonIOAGSO - MoonIOAGSO 0001,0.000,9838.959,9838.959,
Contact MoonIOAGSO - MoonIOAGSO 0001,12568.252,31438.094,18869.843,
Contact MoonIOAGSO - MoonIOAGSO 0001,34167.387,53037.230,18869.843,
Contact MoonIOAGSO - MoonIOAGSO 0001,55766.522,74636.365,18869.843,
Contact MoonIOAGSO - MoonIOAGSO 0001,77365.658,86400.000,9034.342,
Contact MoonIOAGSO - MoonLRO,1917.012,5924.055,4007.044,
Contact MoonIOAGSO - MoonLRO,13497.694,17224.965,3727.271,
Contact MoonIOAGSO - MoonLRO,21047.163,24635.679,3588.517,
Contact MoonIOAGSO - MoonLRO,28126.826,31778.483,3651.657,
Contact MoonIOAGSO - MoonLRO,35227.223,38947.937,3720.714,
Contact MoonIOAGSO - MoonLRO,42544.714,46423.029,3878.315,
Contact MoonIOAGSO - MoonLRO,51268.366,57201.367,5933.001,
Contact MoonIOAGSO - MoonLRO,61889.973,65457.145,3567.173,
Contact MoonIOAGSO - MoonLRO,68998.840,72630.508,3631.668,
Contact MoonIOAGSO - MoonLRO,76078.426,79773.747,3695.321,
Contact MoonIOAGSO - MoonLRO,83284.590,86400.000,3115.410,
Contact MoonIOAGSO - MarsSat1,1335.305,86400.000,85064.695,
Contact MoonIOAGSO - MarsSat2,0.000,86400.000,86400.000,
Contact MoonIOAGSO - MarsSat3,0.000,86400.000,86400.000,
Contact MoonIOAGSO - MarsSat4,0.000,86400.000,86400.000,
Contact MoonIOAGSO 0001 - MoonLRO,617.708,4217.040,3599.333,
Contact MoonIOAGSO 0001 - MoonLRO,7691.393,11353.099,3661.707,
Contact MoonIOAGSO 0001 - MoonLRO,14808.225,18543.910,3735.686,
Contact MoonIOAGSO 0001 - MoonLRO,22211.419,26146.851,3935.432,
Contact MoonIOAGSO 0001 - MoonLRO,31550.392,37441.940,5891.548,
Contact MoonIOAGSO 0001 - MoonLRO,41472.063,45049.696,3577.633,
Contact MoonIOAGSO 0001 - MoonLRO,48562.808,52204.489,3641.681,
Contact MoonIOAGSO 0001 - MoonLRO,55650.969,59358.390,3707.421,
Contact MoonIOAGSO 0001 - MoonLRO,62905.027,66740.039,3835.012,
Contact MoonIOAGSO 0001 - MoonLRO,71186.416,75270.383,4083.967,
Contact MoonIOAGSO 0001 - MoonLRO,82296.593,85855.096,3558.504,
Contact MoonIOAGSO 0001 - MarsSat1,1335.530,86400.000,85064.470,
Contact MoonIOAGSO 0001 - MarsSat2,0.000,86400.000,86400.000,
Contact MoonIOAGSO 0001 - MarsSat3,0.000,86400.000,86400.000,
Contact MoonIOAGSO 0001 - MarsSat4,0.000,86400.000,86400.000,
Contact MoonLRO - MarsSat1,1334.465,86400.000,85065.535,
Contact MoonLRO - MarsSat2,0.000,86400.000,86400.000,
Contact MoonLRO - MarsSat3,0.000,86400.000,86400.000,
Contact MoonLRO - MarsSat4,0.000,86400.000,86400.000,
Contact MarsSat1 - MarsSat2,0.000,67944.462,67944.462,
Contact MarsSat1 - MarsSat2,75676.046,86400.000,10723.954,
Contact MarsSat1 - MarsSat3,0.000,86400.000,86400.000,
Contact MarsSat1 - MarsSat4,0.000,86400.000,86400.000,
Contact MarsSat2 - MarsSat3,0.000,86400.000,86400.000,
Contact MarsSat2 - MarsSat4,8267.799,53622.985,45355.186,
Contact MarsSat2 - MarsSat4,55427.487,86310.917,30883.430,
Contact MarsSat3 - MarsSat4,0.000,53127.672,53127.672,
Contact MarsSat3 - MarsSat4,56672.218,86400.000,29727.782,
Analysis,Time True,Time False,Percent True,Interval Count,
Contact STARLINK-5740 - STARLINK-31163,0.000,86400.000,0.0000%,0,
Contact STARLINK-5740 - STARLINK-6214,0.000,86400.000,0.0000%,0,
Contact STARLINK-5740 - STARLINK-11234 [DTC],0.000,86400.000,0.0000%,0,
Contact STARLINK-5740 - STARLINK-3393,0.000,86400.000,0.0000%,0,
Contact STARLINK-5740 - STARLINK-3104,8550.461,77849.539,9.8964%,3,
Contact STARLINK-5740 - STARLINK-1028,0.000,86400.000,0.0000%,0,
Contact STARLINK-5740 - STARLINK-5809,0.000,86400.000,0.0000%,0,
Contact STARLINK-5740 - STARLINK-5168,0.000,86400.000,0.0000%,0,
Contact STARLINK-5740 - STARLINK-3580,0.000,86400.000,0.0000%,0,
Contact STARLINK-5740 - STARLINK-31039,0.000,86400.000,0.0000%,0,
Contact STARLINK-5740 - STARLINK-1911,86400.000,0.000,100.0000%,1,
Contact STARLINK-5740 - STARLINK-4216,0.000,86400.000,0.0000%,0,
Contact STARLINK-5740 - STARLINK-2022,18380.637,68019.363,21.2739%,4,
Contact STARLINK-5740 - STARLINK-1598,70820.723,15579.277,81.9684%,4,
Contact STARLINK-5740 - STARLINK-4126,0.000,86400.000,0.0000%,0,
Contact STARLINK-5740 - STARLINK-4793,65055.816,21344.184,75.2961%,7,
Contact STARLINK-5740 - STARLINK-3536,0.000,86400.000,0.0000%,0,
Contact STARLINK-5740 - STARLINK-3715,0.000,86400.000,0.0000%,0,
Contact STARLINK-5740 - STARLINK-31405,6729.901,79670.099,7.7892%,4,
Contact STARLINK-5740 - STARLINK-1711,86400.000,0.000,100.0000%,1,
Contact STARLINK-5740 - STARLINK-31026,8790.615,77609.385,10.1743%,6,
Contact STARLINK-5740 - STARLINK-31139,4263.871,82136.129,4.9350%,2,
Contact STARLINK-5740 - STARLINK-4593,0.000,86400.000,0.0000%,0,
Contact STARLINK-5740 - STARLINK-31192,13596.802,72803.198,15.7370%,5,
Contact STARLINK-5740 - STARLINK-30800,0.000,86400.000,0.0000%,0,
Contact STARLINK-5740 - STARLINK-31558,1696.976,84703.024,1.9641%,3,
Contact STARLINK-5740 - STARLINK-4359,0.000,86400.000,0.0000%,0,
Contact STARLINK-5740 - STARLINK-4006,3550.207,82849.793,4.1090%,5,
Contact STARLINK-5740 - STARLINK-30089,0.000,86400.000,0.0000%,0,
Contact STARLINK-5740 - STARLINK-6374,0.000,86400.000,0.0000%,0,
Contact STARLINK-5740 - STARLINK-5247,0.000,86400.000,0.0000%,0,
Contact STARLINK-5740 - STARLINK-30126,0.000,86400.000,0.0000%,0,
Contact STARLINK-5740 - STARLINK-2314,0.000,86400.000,0.0000%,0,
Contact STARLINK-5740 - STARLINK-4299,0.000,86400.000,0.0000%,0,
Contact STARLINK-5740 - STARLINK-4111,2769.501,83630.499,3.2054%,5,
Contact STARLINK-5740 - STARLINK-3994,0.000,86400.000,0.0000%,0,
Contact STARLINK-5740 - STARLINK-5774,0.000,86400.000,0.0000%,0,
Contact STARLINK-5740 - STARLINK-31295,0.000,86400.000,0.0000%,0,
Contact STARLINK-5740 - STARLINK-31577,27.977,86372.023,0.0324%,1,
Contact STARLINK-5740 - STARLINK-31128,8869.567,77530.433,10.2657%,4,
Contact STARLINK-5740 - STARLINK-5322,0.000,86400.000,0.0000%,0,
Contact STARLINK-5740 - STARLINK-2466,11201.255,75198.745,12.9644%,7,
Contact STARLINK-5740 - STARLINK-2704,908.355,85491.645,1.0513%,2,
Contact STARLINK-5740 - STARLINK-2643,0.000,86400.000,0.0000%,0,
Contact STARLINK-5740 - STARLINK-5807,0.000,86400.000,0.0000%,0,
Contact STARLINK-5740 - STARLINK-2367,9739.295,76660.705,11.2723%,4,
Contact STARLINK-5740 - STARLINK-4560,0.000,86400.000,0.0000%,0,
Contact STARLINK-5740 - STARLINK-3189,0.000,86400.000,0.0000%,0,
Contact STARLINK-5740 - STARLINK-31784,0.000,86400.000,0.0000%,0,
Contact STARLINK-5740 - STARLINK-5494,0.000,86400.000,0.0000%,0,
Contact STARLINK-5740 - STARLINK-30421,0.000,86400.000,0.0000%,0,
Contact STARLINK-5740 - STARLINK-4338,0.000,86400.000,0.0000%,0,
Contact STARLINK-5740 - STARLINK-32197,0.000,86400.000,0.0000%,0,
Contact STARLINK-5740 - STARLINK-2476,17840.232,68559.768,20.6484%,7,
Contact STARLINK-5740 - STARLINK-2105,86400.000,0.000,100.0000%,1,
Contact STARLINK-5740 - STARLINK-31536,5082.376,81317.624,5.8824%,3,
Contact STARLINK-5740 - STARLINK-6148,0.000,86400.000,0.0000%,0,
Contact STARLINK-5740 - STARLINK-11199 [DTC],2187.627,84212.373,2.5320%,2,
Contact STARLINK-5740 - STARLINK-5849,40144.038,46255.962,46.4630%,6,
Contact STARLINK-5740 - STARLINK-5649,0.000,86400.000,0.0000%,0,
Contact STARLINK-5740 - STARLINK-5197,0.000,86400.000,0.0000%,0,
Contact STARLINK-5740 - STARLINK-30100,4340.069,82059.931,5.0232%,6,
Contact STARLINK-5740 - STARLINK-11101 [DTC],2485.857,83914.143,2.8771%,3,
Contact STARLINK-5740 - STARLINK-2685,0.000,86400.000,0.0000%,0,
Contact STARLINK-5740 - STARLINK-4254,0.000,86400.000,0.0000%,0,
Contact STARLINK-5740 - STARLINK-31853,0.000,86400.000,0.0000%,0,
Contact STARLINK-5740 - STARLINK-4551,0.000,86400.000,0.0000%,0,
Contact STARLINK-5740 - STARLINK-1578,0.000,86400.000,0.0000%,0,
Contact STARLINK-5740 - STARLINK-5535,0.000,86400.000,0.0000%,0,
Contact STARLINK-5740 - STARLINK-3525,86400.000,0.000,100.0000%,1,
Contact STARLINK-5740 - STARLINK-5289,0.000,86400.000,0.0000%,0,
Contact STARLINK-5740 - STARLINK-1276,0.000,86400.000,0.0000%,0,
Contact STARLINK-5740 - STARLINK-5837,5324.644,81075.356,6.1628%,6,
Contact STARLINK-5740 - STARLINK-31852,22467.197,63932.803,26.0037%,1,
Contact STARLINK-5740 - STARLINK-1666,0.000,86400.000,0.0000%,0,
Contact STARLINK-5740 - STARLINK-1293,0.000,86400.000,0.0000%,0,
Contact STARLINK-5740 - STARLINK-30879,961.915,85438.085,1.1133%,2,
Contact STARLINK-5740 - STARLINK-31345,0.000,86400.000,0.0000%,0,
Contact STARLINK-5740 - STARLINK-5058,81015.213,5384.787,93.7676%,6,
Contact STARLINK-5740 - STARLINK-31690,0.000,86400.000,0.0000%,0,
Contact STARLINK-5740 - STARLINK-5239,86400.000,0.000,100.0000%,1,
Contact STARLINK-5740 - STARLINK-1302,4169.026,82230.974,4.8253%,6,
Contact STARLINK-5740 - STARLINK-4675,0.000,86400.000,0.0000%,0,
Contact STARLINK-5740 - STARLINK-6135,20834.794,65565.206,24.1143%,7,
Contact STARLINK-5740 - STARLINK-32262,0.000,86400.000,0.0000%,0,
Contact STARLINK-5740 - STARLINK-1788,0.000,86400.000,0.0000%,0,
Contact STARLINK-5740 - STARLINK-1080,0.000,86400.000,0.0000%,0,
Contact STARLINK-5740 - STARLINK-4356,4408.418,81991.582,5.1023%,6,
Contact STARLINK-5740 - STARLINK-31554,0.000,86400.000,0.0000%,0,
Contact STARLINK-5740 - STARLINK-4383,0.000,86400.000,0.0000%,0,
Contact STARLINK-5740 - STARLINK-30052,0.000,86400.000,0.0000%,0,
Contact STARLINK-5740 - STARLINK-5713,0.000,86400.000,0.0000%,0,
Contact STARLINK-5740 - STARLINK-1303,0.000,86400.000,0.0000%,0,
Contact STARLINK-5740 - STARLINK-11265 [DTC],10521.678,75878.322,12.1779%,2,
Contact STARLINK-5740 - STARLINK-4612,0.000,86400.000,0.0000%,0,
Contact STARLINK-5740 - STARLINK-5831,0.000,86400.000,0.0000%,0,
Contact STARLINK-5740 - STARLINK-31034,0.000,86400.000,0.0000%,0,
Contact STARLINK-5740 - STARLINK-3815,0.000,86400.000,0.0000%,0,
Contact STARLINK-5740 - STARLINK-31611,0.000,86400.000,0.0000%,0,
Contact STARLINK-5740 - MoonARTEMIS1,86400.000,0.000,100.0000%,1,
Contact STARLINK-5740 - MoonARTEMIS2,83943.444,2456.556,97.1568%,2,
Contact STARLINK-5740 - MoonIOAGEO,78883.731,7516.269,91.3006%,3,
Contact STARLINK-5740 - MoonIOAGNO,86400.000,0.000,100.0000%,1,
Contact STARLINK-5740 - MoonIOAGNO 0001,86400.000,0.000,100.0000%,1,
Contact STARLINK-5740 - MoonIOAGSO,86400.000,0.000,100.0000%,1,
Contact STARLINK-5740 - MoonIOAGSO 0001,86400.000,0.000,100.0000%,1,
Contact STARLINK-5740 - MoonLRO,86400.000,0.000,100.0000%,1,
Contact STARLINK-5740 - MarsSat1,85066.345,1333.655,98.4564%,1,
Contact STARLINK-5740 - MarsSat2,86400.000,0.000,100.0000%,1,
Contact STARLINK-5740 - MarsSat3,86400.000,0.000,100.0000%,1,
Contact STARLINK-5740 - MarsSat4,86400.000,0.000,100.0000%,1,
Contact STARLINK-31163 - STARLINK-6214,4973.905,81426.095,5.7568%,3,
Contact STARLINK-31163 - STARLINK-11234 [DTC],40706.968,45693.032,47.1145%,1,
Contact STARLINK-31163 - STARLINK-3393,1533.293,84866.707,1.7746%,2,
Contact STARLINK-31163 - STARLINK-3104,0.000,86400.000,0.0000%,0,
Contact STARLINK-31163 - STARLINK-1028,0.000,86400.000,0.0000%,0,
Contact STARLINK-31163 - STARLINK-5809,25194.522,61205.478,29.1603%,2,
Contact STARLINK-31163 - STARLINK-5168,0.000,86400.000,0.0000%,0,
Contact STARLINK-31163 - STARLINK-3580,5545.826,80854.174,6.4188%,3,
Contact STARLINK-31163 - STARLINK-31039,7033.103,79366.897,8.1402%,6,
Contact STARLINK-31163 - STARLINK-1911,0.000,86400.000,0.0000%,0,
Contact STARLINK-31163 - STARLINK-4216,7178.494,79221.506,8.3084%,5,
Contact STARLINK-31163 - STARLINK-2022,0.000,86400.000,0.0000%,0,
Contact STARLINK-31163 - STARLINK-1598,0.000,86400.000,0.0000%,0,
Contact STARLINK-31163 - STARLINK-4126,0.000,86400.000,0.0000%,0,
Contact STARLINK-31163 - STARLINK-4793,0.000,86400.000,0.0000%,0,
Contact STARLINK-31163 - STARLINK-3536,574.568,85825.432,0.6650%,1,
Contact STARLINK-31163 - STARLINK-3715,0.000,86400.000,0.0000%,0,
Contact STARLINK-31163 - STARLINK-31405,0.000,86400.000,0.0000%,0,
Contact STARLINK-31163 - STARLINK-1711,0.000,86400.000,0.0000%,0,
Contact STARLINK-31163 - STARLINK-31026,0.000,86400.000,0.0000%,0,
Contact STARLINK-31163 - STARLINK-31139,0.000,86400.000,0.0000%,0,
Contact STARLINK-31163 - STARLINK-4593,63696.464,22703.536,73.7228%,1,
Contact STARLINK-31163 - STARLINK-31192,0.000,86400.000,0.0000%,0,
Contact STARLINK-31163 - STARLINK-30800,68073.908,18326.092,78.7892%,2,
Contact STARLINK-31163 - STARLINK-31558,757.108,85642.892,0.8763%,1,
Contact STARLINK-31163 - STARLINK-4359,1070.608,85329.392,1.2391%,2,
Contact STARLINK-31163 - STARLINK-4006,0.000,86400.000,0.0000%,0,
Contact STARLINK-31163 - STARLINK-30089,0.000,86400.000,0.0000%,0,
Contact STARLINK-31163 - STARLINK-6374,0.000,86400.000,0.0000%,0,
Contact STARLINK-31163 - STARLINK-5247,0.000,86400.000,0.0000%,0,
Contact STARLINK-31163 - STARLINK-30126,86400.000,0.000,100.0000%,1,
Contact STARLINK-31163 - STARLINK-2314,0.000,86400.000,0.0000%,0,
Contact STARLINK-31163 - STARLINK-4299,28084.021,58315.979,32.5047%,4,
Contact STARLINK-31163 - STARLINK-4111,0.000,86400.000,0.0000%,0,
Contact STARLINK-31163 - STARLINK-3994,1175.732,85224.268,1.3608%,1,
Contact STARLINK-31163 - STARLINK-5774,0.000,86400.000,0.0000%,0,
Contact STARLINK-31163 - STARLINK-31295,15730.238,70669.762,18.2063%,7,
Contact STARLINK-31163 - STARLINK-31577,57946.969,28453.031,67.0683%,1,
Contact STARLINK-31163 - STARLINK-31128,0.000,86400.000,0.0000%,0,
Contact STARLINK-31163 - STARLINK-5322,2780.264,83619.736,3.2179%,4,
Contact STARLINK-31163 - STARLINK-2466,0.000,86400.000,0.0000%,0,
Contact STARLINK-31163 - STARLINK-2704,2409.867,83990.133,2.7892%,4,
Contact STARLINK-31163 - STARLINK-2643,1668.265,84731.735,1.9309%,2,
Contact STARLINK-31163 - STARLINK-5807,7327.183,79072.817,8.4805%,1,
Contact STARLINK-31163 - STARLINK-2367,0.000,86400.000,0.0000%,0,
Contact STARLINK-31163 - STARLINK-4560,0.000,86400.000,0.0000%,0,
Contact STARLINK-31163 - STARLINK-3189,39537.087,46862.913,45.7605%,3,
Contact STARLINK-31163 - STARLINK-31784,0.000,86400.000,0.0000%,0,
Contact STARLINK-31163 - STARLINK-5494,42638.183,43761.817,49.3497%,3,
Contact STARLINK-31163 - STARLINK-30421,68875.190,17524.810,79.7167%,1,
Contact STARLINK-31163 - STARLINK-4338,2833.716,83566.284,3.2798%,5,
Contact STARLINK-31163 - STARLINK-32197,2304.159,84095.841,2.6669%,2,
Contact STARLINK-31163 - STARLINK-2476,0.000,86400.000,0.0000%,0,
Contact STARLINK-31163 - STARLINK-2105,0.000,86400.000,0.0000%,0,
Contact STARLINK-31163 - STARLINK-31536,0.000,86400.000,0.0000%,0,
Contact STARLINK-31163 - STARLINK-6148,69430.961,16969.039,80.3599%,1,
Contact STARLINK-31163 - STARLINK-11199 [DTC],0.000,86400.000,0.0000%,0,
Contact STARLINK-31163 - STARLINK-5849,0.000,86400.000,0.0000%,0,
Contact STARLINK-31163 - STARLINK-5649,0.000,86400.000,0.0000%,0,
Contact STARLINK-31163 - STARLINK-5197,0.000,86400.000,0.0000%,0,
Contact STARLINK-31163 - STARLINK-30100,0.000,86400.000,0.0000%,0,
Contact STARLINK-31163 - STARLINK-11101 [DTC],546.225,85853.775,0.6322%,1,
Contact STARLINK-31163 - STARLINK-2685,0.000,86400.000,0.0000%,0,
Contact STARLINK-31163 - STARLINK-4254,0.000,86400.000,0.0000%,0,
Contact STARLINK-31163 - STARLINK-31853,6934.062,79465.938,8.0255%,6,
Contact STARLINK-31163 - STARLINK-4551,8340.585,78059.415,9.6535%,6,
Contact STARLINK-31163 - STARLINK-1578,7386.467,79013.533,8.5492%,5,
Contact STARLINK-31163 - STARLINK-5535,0.000,86400.000,0.0000%,0,
Contact STARLINK-31163 - STARLINK-3525,0.000,86400.000,0.0000%,0,
Contact STARLINK-31163 - STARLINK-5289,1775.664,84624.336,2.0552%,3,
Contact STARLINK-31163 - STARLINK-1276,0.000,86400.000,0.0000%,0,
Contact STARLINK-31163 - STARLINK-5837,0.000,86400.000,0.0000%,0,
Contact STARLINK-31163 - STARLINK-31852,0.000,86400.000,0.0000%,0,
Contact STARLINK-31163 - STARLINK-1666,12502.535,73897.465,14.4705%,7,
Contact STARLINK-31163 - STARLINK-1293,10427.938,75972.062,12.0694%,4,
Contact STARLINK-31163 - STARLINK-30879,0.000,86400.000,0.0000%,0,
Contact STARLINK-31163 - STARLINK-31345,1031.413,85368.587,1.1938%,3,
Contact STARLINK-31163 - STARLINK-5058,0.000,86400.000,0.0000%,0,
Contact STARLINK-31163 - STARLINK-31690,9043.789,77356.211,10.4673%,7,
Contact STARLINK-31163 - STARLINK-5239,0.000,86400.000,0.0000%,0,
Contact STARLINK-31163 - STARLINK-1302,0.000,86400.000,0.0000%,0,
Contact STARLINK-31163 - STARLINK-4675,17905.574,68494.426,20.7240%,1,
Contact STARLINK-31163 - STARLINK-6135,0.000,86400.000,0.0000%,0,
Contact STARLINK-31163 - STARLINK-32262,0.000,86400.000,0.0000%,0,
Contact STARLINK-31163 - STARLINK-1788,53534.301,32865.699,61.9610%,1,
Contact STARLINK-31163 - STARLINK-1080,19348.583,67051.417,22.3942%,4,
Contact STARLINK-31163 - STARLINK-4356,0.000,86400.000,0.0000%,0,
Contact STARLINK-31163 - STARLINK-31554,61362.851,25037.149,71.0218%,7,
Contact STARLINK-31163 - STARLINK-4383,1507.625,84892.375,1.7449%,3,
Contact STARLINK-31163 - STARLINK-30052,0.000,86400.000,0.0000%,0,
Contact STARLINK-31163 - STARLINK-5713,823.879,85576.121,0.9536%,1,
Contact STARLINK-31163 - STARLINK-1303,39421.313,46978.687,45.6265%,6,
Contact STARLINK-31163 - STARLINK-11265 [DTC],17556.666,68843.334,20.3202%,2,
Contact STARLINK-31163 - STARLINK-4612,21220.042,65179.958,24.5602%,2,
Contact STARLINK-31163 - STARLINK-5831,78334.102,8065.898,90.6645%,1,
Contact STARLINK-31163 - STARLINK-31034,24621.605,61778.395,28.4972%,7,
Contact STARLINK-31163 - STARLINK-3815,0.000,86400.000,0.0000%,0,
Contact STARLINK-31163 - STARLINK-31611,46912.768,39487.232,54.2972%,2,
Contact STARLINK-31163 - MoonARTEMIS1,62807.127,23592.873,72.6934%,9,
Contact STARLINK-31163 - MoonARTEMIS2,67636.028,18763.972,78.2824%,9,
Contact STARLINK-31163 - MoonIOAGEO,60990.913,25409.087,70.5913%,9,
Contact STARLINK-31163 - MoonIOAGNO,68439.425,17960.575,79.2123%,9,
Contact STARLINK-31163 - MoonIOAGNO 0001,62752.825,23647.175,72.6306%,9,
Contact STARLINK-31163 - MoonIOAGSO,62184.263,24215.737,71.9725%,9,
Contact STARLINK-31163 - MoonIOAGSO 0001,61314.643,25085.357,70.9660%,9,
Contact STARLINK-31163 - MoonLRO,62762.521,23637.479,72.6418%,9,
Contact STARLINK-31163 - MarsSat1,67931.618,18468.382,78.6246%,9,
Contact STARLINK-31163 - MarsSat2,68645.833,17754.167,79.4512%,9,
Contact STARLINK-31163 - MarsSat3,68645.890,17754.110,79.4513%,9,
Contact STARLINK-31163 - MarsSat4,68645.786,17754.214,79.4511%,9,
Contact STARLINK-6214 - STARLINK-11234 [DTC],2236.817,84163.183,2.5889%,3,
Contact STARLINK-6214 - STARLINK-3393,3443.923,82956.077,3.9860%,6,
Contact STARLINK-6214 - STARLINK-3104,2636.619,83763.381,3.0516%,7,
Contact STARLINK-6214 - STARLINK-1028,4424.646,81975.354,5.1211%,7,
Contact STARLINK-6214 - STARLINK-5809,5779.995,80620.005,6.6898%,6,
Contact STARLINK-6214 - STARLINK-5168,374.739,86025.261,0.4337%,2,
Contact STARLINK-6214 - STARLINK-3580,8200.277,78199.723,9.4911%,7,
Contact STARLINK-6214 - STARLINK-31039,5014.094,81385.906,5.8034%,6,
Contact STARLINK-6214 - STARLINK-1911,0.000,86400.000,0.0000%,0,
Contact STARLINK-6214 - STARLINK-4216,0.000,86400.000,0.0000%,0,
Contact STARLINK-6214 - STARLINK-2022,0.000,86400.000,0.0000%,0,
Contact STARLINK-6214 - STARLINK-1598,0.000,86400.000,0.0000%,0,
Contact STARLINK-6214 - STARLINK-4126,0.000,86400.000,0.0000%,0,
Contact STARLINK-6214 - STARLINK-4793,0.000,86400.000,0.0000%,0,
Contact STARLINK-6214 - STARLINK-3536,5088.035,81311.965,5.8889%,7,
Contact STARLINK-6214 - STARLINK-3715,0.000,86400.000,0.0000%,0,
Contact STARLINK-6214 - STARLINK-31405,595.399,85804.601,0.6891%,1,
Contact STARLINK-6214 - STARLINK-1711,0.000,86400.000,0.0000%,0,
Contact STARLINK-6214 - STARLINK-31026,0.000,86400.000,0.0000%,0,
Contact STARLINK-6214 - STARLINK-31139,0.000,86400.000,0.0000%,0,
Contact STARLINK-6214 - STARLINK-4593,7850.726,78549.274,9.0865%,6,
Contact STARLINK-6214 - STARLINK-31192,0.000,86400.000,0.0000%,0,
Contact STARLINK-6214 - STARLINK-30800,3516.588,82883.412,4.0701%,4,
Contact STARLINK-6214 - STARLINK-31558,0.000,86400.000,0.0000%,0,
Contact STARLINK-6214 - STARLINK-4359,4219.335,82180.665,4.8835%,6,
Contact STARLINK-6214 - STARLINK-4006,0.000,86400.000,0.0000%,0,
Contact STARLINK-6214 - STARLINK-30089,46367.675,40032.325,53.6663%,7,
Contact STARLINK-6214 - STARLINK-6374,5369.058,81030.942,6.2142%,6,
Contact STARLINK-6214 - STARLINK-5247,0.000,86400.000,0.0000%,0,
Contact STARLINK-6214 - STARLINK-30126,4664.733,81735.267,5.3990%,6,
Contact STARLINK-6214 - STARLINK-2314,8940.221,77459.779,10.3475%,7,
Contact STARLINK-6214 - STARLINK-4299,86400.000,0.000,100.0000%,1,
Contact STARLINK-6214 - STARLINK-4111,0.000,86400.000,0.0000%,0,
Contact STARLINK-6214 - STARLINK-3994,7814.999,78585.001,9.0451%,6,
Contact STARLINK-6214 - STARLINK-5774,0.000,86400.000,0.0000%,0,
Contact STARLINK-6214 - STARLINK-31295,7574.269,78825.731,8.7665%,6,
Contact STARLINK-6214 - STARLINK-31577,4048.985,82351.015,4.6863%,2,
Contact STARLINK-6214 - STARLINK-31128,0.000,86400.000,0.0000%,0,
Contact STARLINK-6214 - STARLINK-5322,16913.556,69486.444,19.5759%,6,
Contact STARLINK-6214 - STARLINK-2466,0.000,86400.000,0.0000%,0,
Contact STARLINK-6214 - STARLINK-2704,0.000,86400.000,0.0000%,0,
Contact STARLINK-6214 - STARLINK-2643,0.000,86400.000,0.0000%,0,
Contact STARLINK-6214 - STARLINK-5807,0.000,86400.000,0.0000%,0,
Contact STARLINK-6214 - STARLINK-2367,0.000,86400.000,0.0000%,0,
Contact STARLINK-6214 - STARLINK-4560,0.000,86400.000,0.0000%,0,
Contact STARLINK-6214 - STARLINK-3189,7912.378,78487.622,9.1578%,6,
Contact STARLINK-6214 - STARLINK-31784,36690.217,49709.783,42.4655%,1,
Contact STARLINK-6214 - STARLINK-5494,10057.118,76342.882,11.6402%,5,
Contact STARLINK-6214 - STARLINK-30421,0.000,86400.000,0.0000%,0,
Contact STARLINK-6214 - STARLINK-4338,0.000,86400.000,0.0000%,0,
Contact STARLINK-6214 - STARLINK-32197,2432.807,83967.193,2.8157%,4,
Contact STARLINK-6214 - STARLINK-2476,0.000,86400.000,0.0000%,0,
Contact STARLINK-6214 - STARLINK-2105,0.000,86400.000,0.0000%,0,
Contact STARLINK-6214 - STARLINK-31536,705.799,85694.201,0.8169%,1,
Contact STARLINK-6214 - STARLINK-6148,2035.189,84364.811,2.3555%,4,
Contact STARLINK-6214 - STARLINK-11199 [DTC],497.858,85902.142,0.5762%,1,
Contact STARLINK-6214 - STARLINK-5849,1441.197,84958.803,1.6681%,4,
Contact STARLINK-6214 - STARLINK-5649,1408.114,84991.886,1.6298%,3,
Contact STARLINK-6214 - STARLINK-5197,239.779,86160.221,0.2775%,1,
Contact STARLINK-6214 - STARLINK-30100,0.000,86400.000,0.0000%,0,
Contact STARLINK-6214 - STARLINK-11101 [DTC],0.000,86400.000,0.0000%,0,
Contact STARLINK-6214 - STARLINK-2685,27932.641,58467.359,32.3294%,7,
Contact STARLINK-6214 - STARLINK-4254,0.000,86400.000,0.0000%,0,
Contact STARLINK-6214 - STARLINK-31853,16321.195,70078.805,18.8903%,5,
Contact STARLINK-6214 - STARLINK-4551,61719.333,24680.667,71.4344%,7,
Contact STARLINK-6214 - STARLINK-1578,86400.000,0.000,100.0000%,1,
Contact STARLINK-6214 - STARLINK-5535,0.000,86400.000,0.0000%,0,
Contact STARLINK-6214 - STARLINK-3525,0.000,86400.000,0.0000%,0,
Contact STARLINK-6214 - STARLINK-5289,0.000,86400.000,0.0000%,0,
Contact STARLINK-6214 - STARLINK-1276,0.000,86400.000,0.0000%,0,
Contact STARLINK-6214 - STARLINK-5837,5425.196,80974.804,6.2792%,7,
Contact STARLINK-6214 - STARLINK-31852,0.000,86400.000,0.0000%,0,
Contact STARLINK-6214 - STARLINK-1666,7700.158,78699.842,8.9122%,6,
Contact STARLINK-6214 - STARLINK-1293,86400.000,0.000,100.0000%,1,
Contact STARLINK-6214 - STARLINK-30879,6942.410,79457.590,8.0352%,4,
Contact STARLINK-6214 - STARLINK-31345,7930.147,78469.853,9.1784%,6,
Contact STARLINK-6214 - STARLINK-5058,0.000,86400.000,0.0000%,0,
Contact STARLINK-6214 - STARLINK-31690,45434.097,40965.903,52.5858%,5,
Contact STARLINK-6214 - STARLINK-5239,0.000,86400.000,0.0000%,0,
Contact STARLINK-6214 - STARLINK-1302,0.000,86400.000,0.0000%,0,
Contact STARLINK-6214 - STARLINK-4675,0.000,86400.000,0.0000%,0,
Contact STARLINK-6214 - STARLINK-6135,0.000,86400.000,0.0000%,0,
Contact STARLINK-6214 - STARLINK-32262,0.000,86400.000,0.0000%,0,
Contact STARLINK-6214 - STARLINK-1788,10944.900,75455.100,12.6677%,6,
Contact STARLINK-6214 - STARLINK-1080,4511.089,81888.911,5.2212%,6,
Contact STARLINK-6214 - STARLINK-4356,4602.109,81797.891,5.3265%,7,
Contact STARLINK-6214 - STARLINK-31554,36930.845,49469.155,42.7440%,1,
Contact STARLINK-6214 - STARLINK-4383,7801.701,78598.299,9.0297%,7,
Contact STARLINK-6214 - STARLINK-30052,0.000,86400.000,0.0000%,0,
Contact STARLINK-6214 - STARLINK-5713,2281.350,84118.650,2.6405%,4,
Contact STARLINK-6214 - STARLINK-1303,29887.625,56512.375,34.5922%,6,
Contact STARLINK-6214 - STARLINK-11265 [DTC],1785.288,84614.712,2.0663%,3,
Contact STARLINK-6214 - STARLINK-4612,10921.099,75478.901,12.6402%,6,
Contact STARLINK-6214 - STARLINK-5831,0.000,86400.000,0.0000%,0,
Contact STARLINK-6214 - STARLINK-31034,7810.176,78589.824,9.0396%,7,
Contact STARLINK-6214 - STARLINK-3815,77638.937,8761.063,89.8599%,3,
Contact STARLINK-6214 - STARLINK-31611,4744.808,81655.192,5.4917%,6,
Contact STARLINK-6214 - MoonARTEMIS1,67302.468,19097.532,77.8964%,10,
Contact STARLINK-6214 - MoonARTEMIS2,66684.018,19715.982,77.1806%,10,
Contact STARLINK-6214 - MoonIOAGEO,59828.770,26571.230,69.2463%,10,
Contact STARLINK-6214 - MoonIOAGNO,67239.774,19160.226,77.8238%,10,
Contact STARLINK-6214 - MoonIOAGNO 0001,67243.517,19156.483,77.8281%,10,
Contact STARLINK-6214 - MoonIOAGSO,65712.165,20687.835,76.0557%,10,
Contact STARLINK-6214 - MoonIOAGSO 0001,65586.798,20813.202,75.9106%,10,
Contact STARLINK-6214 - MoonLRO,67272.940,19127.060,77.8622%,10,
Contact STARLINK-6214 - MarsSat1,66490.360,19909.640,76.9564%,8,
Contact STARLINK-6214 - MarsSat2,69621.753,16778.247,80.5807%,9,
Contact STARLINK-6214 - MarsSat3,69622.108,16777.892,80.5811%,9,
Contact STARLINK-6214 - MarsSat4,69622.084,16777.916,80.5811%,9,
Contact STARLINK-11234 [DTC] - STARLINK-3393,19403.109,66996.891,22.4573%,2,
Contact STARLINK-11234 [DTC] - STARLINK-3104,0.000,86400.000,0.0000%,0,
Contact STARLINK-11234 [DTC] - STARLINK-1028,4274.920,82125.080,4.9478%,2,
Contact STARLINK-11234 [DTC] - STARLINK-5809,26388.756,60011.244,30.5425%,1,
Contact STARLINK-11234 [DTC] - STARLINK-5168,778.103,85621.897,0.9006%,2,
Contact STARLINK-11234 [DTC] - STARLINK-3580,8632.506,77767.494,9.9913%,3,
Contact STARLINK-11234 [DTC] - STARLINK-31039,2086.107,84313.893,2.4145%,3,
Contact STARLINK-11234 [DTC] - STARLINK-1911,0.000,86400.000,0.0000%,0,
Contact STARLINK-11234 [DTC] - STARLINK-4216,2819.340,83580.660,3.2631%,5,
Contact STARLINK-11234 [DTC] - STARLINK-2022,468.556,85931.444,0.5423%,1,
Contact STARLINK-11234 [DTC] - STARLINK-1598,0.000,86400.000,0.0000%,0,
Contact STARLINK-11234 [DTC] - STARLINK-4126,1069.666,85330.334,1.2380%,2,
Contact STARLINK-11234 [DTC] - STARLINK-4793,0.000,86400.000,0.0000%,0,
Contact STARLINK-11234 [DTC] - STARLINK-3536,1764.996,84635.004,2.0428%,2,
Contact STARLINK-11234 [DTC] - STARLINK-3715,0.000,86400.000,0.0000%,0,
Contact STARLINK-11234 [DTC] - STARLINK-31405,0.000,86400.000,0.0000%,0,
Contact STARLINK-11234 [DTC] - STARLINK-1711,0.000,86400.000,0.0000%,0,
Contact STARLINK-11234 [DTC] - STARLINK-31026,1763.072,84636.928,2.0406%,2,
Contact STARLINK-11234 [DTC] - STARLINK-31139,0.000,86400.000,0.0000%,0,
Contact STARLINK-11234 [DTC] - STARLINK-4593,29945.797,56454.203,34.6595%,1,
Contact STARLINK-11234 [DTC] - STARLINK-31192,0.000,86400.000,0.0000%,0,
Contact STARLINK-11234 [DTC] - STARLINK-30800,12261.979,74138.021,14.1921%,3,
Contact STARLINK-11234 [DTC] - STARLINK-31558,7905.349,78494.651,9.1497%,3,
Contact STARLINK-11234 [DTC] - STARLINK-4359,11579.547,74820.453,13.4023%,3,
Contact STARLINK-11234 [DTC] - STARLINK-4006,7794.834,78605.166,9.0218%,2,
Contact STARLINK-11234 [DTC] - STARLINK-30089,7770.158,78629.842,8.9932%,3,
Contact STARLINK-11234 [DTC] - STARLINK-6374,25898.004,60501.996,29.9745%,1,
Contact STARLINK-11234 [DTC] - STARLINK-5247,2004.500,84395.500,2.3200%,2,
Contact STARLINK-11234 [DTC] - STARLINK-30126,29365.078,57034.922,33.9874%,1,
Contact STARLINK-11234 [DTC] - STARLINK-2314,22616.545,63783.455,26.1766%,1,
Contact STARLINK-11234 [DTC] - STARLINK-4299,8629.294,77770.706,9.9876%,3,
Contact STARLINK-11234 [DTC] - STARLINK-4111,0.000,86400.000,0.0000%,0,
Contact STARLINK-11234 [DTC] - STARLINK-3994,31919.495,54480.505,36.9439%,1,
Contact STARLINK-11234 [DTC] - STARLINK-5774,1778.770,84621.230,2.0588%,2,
Contact STARLINK-11234 [DTC] - STARLINK-31295,3346.424,83053.576,3.8732%,4,
Contact STARLINK-11234 [DTC] - STARLINK-31577,57635.553,28764.447,66.7078%,6,
Contact STARLINK-11234 [DTC] - STARLINK-31128,0.000,86400.000,0.0000%,0,
Contact STARLINK-11234 [DTC] - STARLINK-5322,1993.955,84406.045,2.3078%,3,
Contact STARLINK-11234 [DTC] - STARLINK-2466,7408.676,78991.324,8.5749%,2,
Contact STARLINK-11234 [DTC] - STARLINK-2704,2992.017,83407.983,3.4630%,4,
Contact STARLINK-11234 [DTC] - STARLINK-2643,5250.315,81149.685,6.0768%,3,
Contact STARLINK-11234 [DTC] - STARLINK-5807,18851.940,67548.060,21.8194%,2,
Contact STARLINK-11234 [DTC] - STARLINK-2367,0.000,86400.000,0.0000%,0,
Contact STARLINK-11234 [DTC] - STARLINK-4560,747.268,85652.732,0.8649%,2,
Contact STARLINK-11234 [DTC] - STARLINK-3189,29440.364,56959.636,34.0745%,1,
Contact STARLINK-11234 [DTC] - STARLINK-31784,638.341,85761.659,0.7388%,1,
Contact STARLINK-11234 [DTC] - STARLINK-5494,13911.575,72488.425,16.1014%,2,
Contact STARLINK-11234 [DTC] - STARLINK-30421,46147.647,40252.353,53.4116%,1,
Contact STARLINK-11234 [DTC] - STARLINK-4338,3074.605,83325.395,3.5586%,5,
Contact STARLINK-11234 [DTC] - STARLINK-32197,25363.728,61036.272,29.3562%,2,
Contact STARLINK-11234 [DTC] - STARLINK-2476,795.014,85604.986,0.9202%,1,
Contact STARLINK-11234 [DTC] - STARLINK-2105,0.000,86400.000,0.0000%,0,
Contact STARLINK-11234 [DTC] - STARLINK-31536,0.000,86400.000,0.0000%,0,
Contact STARLINK-11234 [DTC] - STARLINK-6148,29353.303,57046.697,33.9737%,1,
Contact STARLINK-11234 [DTC] - STARLINK-11199 [DTC],0.000,86400.000,0.0000%,0,
Contact STARLINK-11234 [DTC] - STARLINK-5849,370.139,86029.861,0.4284%,1,
Contact STARLINK-11234 [DTC] - STARLINK-5649,21955.607,64444.393,25.4116%,1,
Contact STARLINK-11234 [DTC] - STARLINK-5197,17017.766,69382.234,19.6965%,2,
Contact STARLINK-11234 [DTC] - STARLINK-30100,0.000,86400.000,0.0000%,0,
Contact STARLINK-11234 [DTC] - STARLINK-11101 [DTC],0.000,86400.000,0.0000%,0,
Contact STARLINK-11234 [DTC] - STARLINK-2685,17104.633,69295.367,19.7970%,1,
Contact STARLINK-11234 [DTC] - STARLINK-4254,741.471,85658.529,0.8582%,1,
Contact STARLINK-11234 [DTC] - STARLINK-31853,2621.239,83778.761,3.0338%,4,
Contact STARLINK-11234 [DTC] - STARLINK-4551,1313.568,85086.432,1.5203%,2,
Contact STARLINK-11234 [DTC] - STARLINK-1578,2261.793,84138.207,2.6178%,3,
Contact STARLINK-11234 [DTC] - STARLINK-5535,14796.716,71603.284,17.1258%,2,
Contact STARLINK-11234 [DTC] - STARLINK-3525,0.000,86400.000,0.0000%,0,
Contact STARLINK-11234 [DTC] - STARLINK-5289,1996.602,84403.398,2.3109%,3,
Contact STARLINK-11234 [DTC] - STARLINK-1276,646.105,85753.895,0.7478%,1,
Contact STARLINK-11234 [DTC] - STARLINK-5837,0.000,86400.000,0.0000%,0,
Contact STARLINK-11234 [DTC] - STARLINK-31852,0.000,86400.000,0.0000%,0,
Contact STARLINK-11234 [DTC] - STARLINK-1666,5284.249,81115.751,6.1160%,3,
Contact STARLINK-11234 [DTC] - STARLINK-1293,5241.780,81158.220,6.0669%,3,
Contact STARLINK-11234 [DTC] - STARLINK-30879,0.000,86400.000,0.0000%,0,
Contact STARLINK-11234 [DTC] - STARLINK-31345,1008.525,85391.475,1.1673%,2,
Contact STARLINK-11234 [DTC] - STARLINK-5058,9825.778,76574.222,11.3724%,1,
Contact STARLINK-11234 [DTC] - STARLINK-31690,4065.409,82334.591,4.7053%,6,
Contact STARLINK-11234 [DTC] - STARLINK-5239,0.000,86400.000,0.0000%,0,
Contact STARLINK-11234 [DTC] - STARLINK-1302,8107.782,78292.218,9.3840%,2,
Contact STARLINK-11234 [DTC] - STARLINK-4675,31952.223,54447.777,36.9817%,1,
Contact STARLINK-11234 [DTC] - STARLINK-6135,639.475,85760.525,0.7401%,1,
Contact STARLINK-11234 [DTC] - STARLINK-32262,0.000,86400.000,0.0000%,0,
Contact STARLINK-11234 [DTC] - STARLINK-1788,31073.894,55326.106,35.9652%,1,
Contact STARLINK-11234 [DTC] - STARLINK-1080,18610.055,67789.945,21.5394%,3,
Contact STARLINK-11234 [DTC] - STARLINK-4356,0.000,86400.000,0.0000%,0,
Contact STARLINK-11234 [DTC] - STARLINK-31554,12902.363,73497.637,14.9333%,5,
Contact STARLINK-11234 [DTC] - STARLINK-4383,1491.261,84908.739,1.7260%,2,
Contact STARLINK-11234 [DTC] - STARLINK-30052,672.792,85727.208,0.7787%,1,
Contact STARLINK-11234 [DTC] - STARLINK-5713,2151.252,84248.748,2.4899%,2,
Contact STARLINK-11234 [DTC] - STARLINK-1303,2776.463,83623.537,3.2135%,3,
Contact STARLINK-11234 [DTC] - STARLINK-11265 [DTC],0.000,86400.000,0.0000%,0,
Contact STARLINK-11234 [DTC] - STARLINK-4612,31689.673,54710.327,36.6779%,1,
Contact STARLINK-11234 [DTC] - STARLINK-5831,29392.746,57007.254,34.0194%,1,
Contact STARLINK-11234 [DTC] - STARLINK-31034,6943.157,79456.843,8.0361%,5,
Contact STARLINK-11234 [DTC] - STARLINK-3815,1634.677,84765.323,1.8920%,2,
Contact STARLINK-11234 [DTC] - STARLINK-31611,43900.996,42499.004,50.8113%,1,
Contact STARLINK-11234 [DTC] - MoonARTEMIS1,61425.218,24974.782,71.0940%,9,
Contact STARLINK-11234 [DTC] - MoonARTEMIS2,60958.752,25441.248,70.5541%,9,
Contact STARLINK-11234 [DTC] - MoonIOAGEO,58075.903,28324.097,67.2175%,9,
Contact STARLINK-11234 [DTC] - MoonIOAGNO,61398.407,25001.593,71.0630%,9,
Contact STARLINK-11234 [DTC] - MoonIOAGNO 0001,61397.636,25002.364,71.0621%,9,
Contact STARLINK-11234 [DTC] - MoonIOAGSO,61398.856,25001.144,71.0635%,9,
Contact STARLINK-11234 [DTC] - MoonIOAGSO 0001,61403.201,24996.799,71.0685%,9,
Contact STARLINK-11234 [DTC] - MoonLRO,61400.436,24999.564,71.0653%,9,
Contact STARLINK-11234 [DTC] - MarsSat1,61602.571,24797.429,71.2993%,9,
Contact STARLINK-11234 [DTC] - MarsSat2,61602.571,24797.429,71.2993%,9,
Contact STARLINK-11234 [DTC] - MarsSat3,61602.684,24797.316,71.2994%,9,
Contact STARLINK-11234 [DTC] - MarsSat4,61602.646,24797.354,71.2994%,9,
Contact STARLINK-3393 - STARLINK-3104,0.000,86400.000,0.0000%,0,
Contact STARLINK-3393 - STARLINK-1028,0.000,86400.000,0.0000%,0,
Contact STARLINK-3393 - STARLINK-5809,0.000,86400.000,0.0000%,0,
Contact STARLINK-3393 - STARLINK-5168,0.000,86400.000,0.0000%,0,
Contact STARLINK-3393 - STARLINK-3580,86400.000,0.000,100.0000%,1,
Contact STARLINK-3393 - STARLINK-31039,2560.882,83839.118,2.9640%,4,
Contact STARLINK-3393 - STARLINK-1911,0.000,86400.000,0.0000%,0,
Contact STARLINK-3393 - STARLINK-4216,11502.551,74897.449,13.3131%,7,
Contact STARLINK-3393 - STARLINK-2022,0.000,86400.000,0.0000%,0,
Contact STARLINK-3393 - STARLINK-1598,0.000,86400.000,0.0000%,0,
Contact STARLINK-3393 - STARLINK-4126,0.000,86400.000,0.0000%,0,
Contact STARLINK-3393 - STARLINK-4793,0.000,86400.000,0.0000%,0,
Contact STARLINK-3393 - STARLINK-3536,39778.794,46621.206,46.0403%,7,
Contact STARLINK-3393 - STARLINK-3715,0.000,86400.000,0.0000%,0,
Contact STARLINK-3393 - STARLINK-31405,0.000,86400.000,0.0000%,0,
Contact STARLINK-3393 - STARLINK-1711,0.000,86400.000,0.0000%,0,
Contact STARLINK-3393 - STARLINK-31026,0.000,86400.000,0.0000%,0,
Contact STARLINK-3393 - STARLINK-31139,0.000,86400.000,0.0000%,0,
Contact STARLINK-3393 - STARLINK-4593,0.000,86400.000,0.0000%,0,
Contact STARLINK-3393 - STARLINK-31192,0.000,86400.000,0.0000%,0,
Contact STARLINK-3393 - STARLINK-30800,0.000,86400.000,0.0000%,0,
Contact STARLINK-3393 - STARLINK-31558,7709.979,78690.021,8.9236%,6,
Contact STARLINK-3393 - STARLINK-4359,85701.426,698.574,99.1915%,2,
Contact STARLINK-3393 - STARLINK-4006,4436.338,81963.662,5.1347%,7,
Contact STARLINK-3393 - STARLINK-30089,0.000,86400.000,0.0000%,0,
Contact STARLINK-3393 - STARLINK-6374,0.000,86400.000,0.0000%,0,
Contact STARLINK-3393 - STARLINK-5247,0.000,86400.000,0.0000%,0,
Contact STARLINK-3393 - STARLINK-30126,0.000,86400.000,0.0000%,0,
Contact STARLINK-3393 - STARLINK-2314,0.000,86400.000,0.0000%,0,
Contact STARLINK-3393 - STARLINK-4299,0.000,86400.000,0.0000%,0,
Contact STARLINK-3393 - STARLINK-4111,0.000,86400.000,0.0000%,0,
Contact STARLINK-3393 - STARLINK-3994,0.000,86400.000,0.0000%,0,
Contact STARLINK-3393 - STARLINK-5774,0.000,86400.000,0.0000%,0,
Contact STARLINK-3393 - STARLINK-31295,17980.514,68419.486,20.8108%,4,
Contact STARLINK-3393 - STARLINK-31577,8708.893,77691.107,10.0797%,3,
Contact STARLINK-3393 - STARLINK-31128,0.000,86400.000,0.0000%,0,
Contact STARLINK-3393 - STARLINK-5322,2619.930,83780.070,3.0323%,4,
Contact STARLINK-3393 - STARLINK-2466,455.281,85944.719,0.5269%,1,
Contact STARLINK-3393 - STARLINK-2704,5540.513,80859.487,6.4126%,7,
Contact STARLINK-3393 - STARLINK-2643,0.000,86400.000,0.0000%,0,
Contact STARLINK-3393 - STARLINK-5807,29827.356,56572.644,34.5224%,6,
Contact STARLINK-3393 - STARLINK-2367,0.000,86400.000,0.0000%,0,
Contact STARLINK-3393 - STARLINK-4560,2671.564,83728.436,3.0921%,4,
Contact STARLINK-3393 - STARLINK-3189,0.000,86400.000,0.0000%,0,
Contact STARLINK-3393 - STARLINK-31784,0.000,86400.000,0.0000%,0,
Contact STARLINK-3393 - STARLINK-5494,0.000,86400.000,0.0000%,0,
Contact STARLINK-3393 - STARLINK-30421,16239.811,70160.189,18.7961%,4,
Contact STARLINK-3393 - STARLINK-4338,2322.842,84077.158,2.6885%,4,
Contact STARLINK-3393 - STARLINK-32197,67695.455,18704.545,78.3512%,1,
Contact STARLINK-3393 - STARLINK-2476,0.000,86400.000,0.0000%,0,
Contact STARLINK-3393 - STARLINK-2105,0.000,86400.000,0.0000%,0,
Contact STARLINK-3393 - STARLINK-31536,0.000,86400.000,0.0000%,0,
Contact STARLINK-3393 - STARLINK-6148,21743.051,64656.949,25.1656%,4,
Contact STARLINK-3393 - STARLINK-11199 [DTC],27226.015,59173.985,31.5116%,2,
Contact STARLINK-3393 - STARLINK-5849,0.000,86400.000,0.0000%,0,
Contact STARLINK-3393 - STARLINK-5649,0.000,86400.000,0.0000%,0,
Contact STARLINK-3393 - STARLINK-5197,0.000,86400.000,0.0000%,0,
Contact STARLINK-3393 - STARLINK-30100,0.000,86400.000,0.0000%,0,
Contact STARLINK-3393 - STARLINK-11101 [DTC],2206.943,84193.057,2.5543%,3,
Contact STARLINK-3393 - STARLINK-2685,0.000,86400.000,0.0000%,0,
Contact STARLINK-3393 - STARLINK-4254,0.000,86400.000,0.0000%,0,
Contact STARLINK-3393 - STARLINK-31853,19660.468,66739.532,22.7552%,5,
Contact STARLINK-3393 - STARLINK-4551,21013.047,65386.953,24.3207%,7,
Contact STARLINK-3393 - STARLINK-1578,4576.434,81823.566,5.2968%,6,
Contact STARLINK-3393 - STARLINK-5535,27283.593,59116.407,31.5782%,6,
Contact STARLINK-3393 - STARLINK-3525,0.000,86400.000,0.0000%,0,
Contact STARLINK-3393 - STARLINK-5289,0.000,86400.000,0.0000%,0,
Contact STARLINK-3393 - STARLINK-1276,0.000,86400.000,0.0000%,0,
Contact STARLINK-3393 - STARLINK-5837,0.000,86400.000,0.0000%,0,
Contact STARLINK-3393 - STARLINK-31852,0.000,86400.000,0.0000%,0,
Contact STARLINK-3393 - STARLINK-1666,5704.053,80695.947,6.6019%,4,
Contact STARLINK-3393 - STARLINK-1293,955.597,85444.403,1.1060%,2,
Contact STARLINK-3393 - STARLINK-30879,0.000,86400.000,0.0000%,0,
Contact STARLINK-3393 - STARLINK-31345,39043.788,47356.212,45.1896%,5,
Contact STARLINK-3393 - STARLINK-5058,0.000,86400.000,0.0000%,0,
Contact STARLINK-3393 - STARLINK-31690,7108.355,79291.645,8.2273%,5,
Contact STARLINK-3393 - STARLINK-5239,0.000,86400.000,0.0000%,0,
Contact STARLINK-3393 - STARLINK-1302,7323.109,79076.891,8.4758%,6,
Contact STARLINK-3393 - STARLINK-4675,86400.000,0.000,100.0000%,1,
Contact STARLINK-3393 - STARLINK-6135,0.000,86400.000,0.0000%,0,
Contact STARLINK-3393 - STARLINK-32262,0.000,86400.000,0.0000%,0,
Contact STARLINK-3393 - STARLINK-1788,0.000,86400.000,0.0000%,0,
Contact STARLINK-3393 - STARLINK-1080,0.000,86400.000,0.0000%,0,
Contact STARLINK-3393 - STARLINK-4356,0.000,86400.000,0.0000%,0,
Contact STARLINK-3393 - STARLINK-31554,5912.889,80487.111,6.8436%,4,
Contact STARLINK-3393 - STARLINK-4383,26951.342,59448.658,31.1937%,6,
Contact STARLINK-3393 - STARLINK-30052,0.000,86400.000,0.0000%,0,
Contact STARLINK-3393 - STARLINK-5713,73770.181,12629.819,85.3822%,5,
Contact STARLINK-3393 - STARLINK-1303,3060.892,83339.108,3.5427%,6,
Contact STARLINK-3393 - STARLINK-11265 [DTC],29018.679,57381.321,33.5864%,1,
Contact STARLINK-3393 - STARLINK-4612,0.000,86400.000,0.0000%,0,
Contact STARLINK-3393 - STARLINK-5831,1104.063,85295.937,1.2779%,2,
Contact STARLINK-3393 - STARLINK-31034,49490.422,36909.578,57.2806%,2,
Contact STARLINK-3393 - STARLINK-3815,0.000,86400.000,0.0000%,0,
Contact STARLINK-3393 - STARLINK-31611,0.000,86400.000,0.0000%,0,
Contact STARLINK-3393 - MoonARTEMIS1,70806.629,15593.371,81.9521%,8,
Contact STARLINK-3393 - MoonARTEMIS2,64720.536,21679.464,74.9080%,8,
Contact STARLINK-3393 - MoonIOAGEO,62991.837,23408.163,72.9072%,8,
Contact STARLINK-3393 - MoonIOAGNO,70755.662,15644.338,81.8931%,8,
Contact STARLINK-3393 - MoonIOAGNO 0001,70747.923,15652.077,81.8842%,8,
Contact STARLINK-3393 - MoonIOAGSO,68759.371,17640.629,79.5826%,8,
Contact STARLINK-3393 - MoonIOAGSO 0001,66779.888,19620.112,77.2915%,9,
Contact STARLINK-3393 - MoonLRO,70650.149,15749.851,81.7710%,8,
Contact STARLINK-3393 - MarsSat1,68537.948,17862.052,79.3263%,9,
Contact STARLINK-3393 - MarsSat2,68654.936,17745.064,79.4617%,9,
Contact STARLINK-3393 - MarsSat3,68655.176,17744.824,79.4620%,9,
Contact STARLINK-3393 - MarsSat4,68654.953,17745.047,79.4618%,9,
Contact STARLINK-3104 - STARLINK-1028,1024.191,85375.809,1.1854%,2,
Contact STARLINK-3104 - STARLINK-5809,0.000,86400.000,0.0000%,0,
Contact STARLINK-3104 - STARLINK-5168,70309.895,16090.105,81.3772%,5,
Contact STARLINK-3104 - STARLINK-3580,0.000,86400.000,0.0000%,0,
Contact STARLINK-3104 - STARLINK-31039,0.000,86400.000,0.0000%,0,
Contact STARLINK-3104 - STARLINK-1911,10557.513,75842.487,12.2193%,2,
Contact STARLINK-3104 - STARLINK-4216,2808.411,83591.589,3.2505%,4,
Contact STARLINK-3104 - STARLINK-2022,0.000,86400.000,0.0000%,0,
Contact STARLINK-3104 - STARLINK-1598,27475.068,58924.932,31.7998%,1,
Contact STARLINK-3104 - STARLINK-4126,24396.534,62003.466,28.2367%,7,
Contact STARLINK-3104 - STARLINK-4793,76194.731,10205.269,88.1883%,1,
Contact STARLINK-3104 - STARLINK-3536,8923.599,77476.401,10.3282%,4,
Contact STARLINK-3104 - STARLINK-3715,0.000,86400.000,0.0000%,0,
Contact STARLINK-3104 - STARLINK-31405,12566.819,73833.181,14.5449%,4,
Contact STARLINK-3104 - STARLINK-1711,50492.198,35907.802,58.4400%,1,
Contact STARLINK-3104 - STARLINK-31026,14067.968,72332.032,16.2824%,6,
Contact STARLINK-3104 - STARLINK-31139,2155.672,84244.328,2.4950%,3,
Contact STARLINK-3104 - STARLINK-4593,0.000,86400.000,0.0000%,0,
Contact STARLINK-3104 - STARLINK-31192,22517.179,63882.821,26.0616%,4,
Contact STARLINK-3104 - STARLINK-30800,0.000,86400.000,0.0000%,0,
Contact STARLINK-3104 - STARLINK-31558,1580.005,84819.995,1.8287%,2,
Contact STARLINK-3104 - STARLINK-4359,0.000,86400.000,0.0000%,0,
Contact STARLINK-3104 - STARLINK-4006,3081.150,83318.850,3.5661%,5,
Contact STARLINK-3104 - STARLINK-30089,0.000,86400.000,0.0000%,0,
Contact STARLINK-3104 - STARLINK-6374,0.000,86400.000,0.0000%,0,
Contact STARLINK-3104 - STARLINK-5247,0.000,86400.000,0.0000%,0,
Contact STARLINK-3104 - STARLINK-30126,0.000,86400.000,0.0000%,0,
Contact STARLINK-3104 - STARLINK-2314,0.000,86400.000,0.0000%,0,
Contact STARLINK-3104 - STARLINK-4299,0.000,86400.000,0.0000%,0,
Contact STARLINK-3104 - STARLINK-4111,4661.775,81738.225,5.3956%,6,
Contact STARLINK-3104 - STARLINK-3994,0.000,86400.000,0.0000%,0,
Contact STARLINK-3104 - STARLINK-5774,0.000,86400.000,0.0000%,0,
Contact STARLINK-3104 - STARLINK-31295,0.000,86400.000,0.0000%,0,
Contact STARLINK-3104 - STARLINK-31577,0.000,86400.000,0.0000%,0,
Contact STARLINK-3104 - STARLINK-31128,6386.348,80013.652,7.3916%,5,
Contact STARLINK-3104 - STARLINK-5322,5643.565,80756.435,6.5319%,7,
Contact STARLINK-3104 - STARLINK-2466,7375.451,79024.549,8.5364%,6,
Contact STARLINK-3104 - STARLINK-2704,3669.644,82730.356,4.2473%,6,
Contact STARLINK-3104 - STARLINK-2643,0.000,86400.000,0.0000%,0,
Contact STARLINK-3104 - STARLINK-5807,0.000,86400.000,0.0000%,0,
Contact STARLINK-3104 - STARLINK-2367,86400.000,0.000,100.0000%,1,
Contact STARLINK-3104 - STARLINK-4560,4366.330,82033.670,5.0536%,6,
Contact STARLINK-3104 - STARLINK-3189,0.000,86400.000,0.0000%,0,
Contact STARLINK-3104 - STARLINK-31784,0.000,86400.000,0.0000%,0,
Contact STARLINK-3104 - STARLINK-5494,0.000,86400.000,0.0000%,0,
Contact STARLINK-3104 - STARLINK-30421,0.000,86400.000,0.0000%,0,
Contact STARLINK-3104 - STARLINK-4338,0.000,86400.000,0.0000%,0,
Contact STARLINK-3104 - STARLINK-32197,7434.891,78965.109,8.6052%,1,
Contact STARLINK-3104 - STARLINK-2476,17078.887,69321.113,19.7672%,6,
Contact STARLINK-3104 - STARLINK-2105,3969.808,82430.192,4.5947%,5,
Contact STARLINK-3104 - STARLINK-31536,2450.194,83949.806,2.8359%,3,
Contact STARLINK-3104 - STARLINK-6148,0.000,86400.000,0.0000%,0,
Contact STARLINK-3104 - STARLINK-11199 [DTC],20569.363,65830.637,23.8071%,2,
Contact STARLINK-3104 - STARLINK-5849,86400.000,0.000,100.0000%,1,
Contact STARLINK-3104 - STARLINK-5649,0.000,86400.000,0.0000%,0,
Contact STARLINK-3104 - STARLINK-5197,0.000,86400.000,0.0000%,0,
Contact STARLINK-3104 - STARLINK-30100,0.000,86400.000,0.0000%,0,
Contact STARLINK-3104 - STARLINK-11101 [DTC],2522.710,83877.290,2.9198%,4,
Contact STARLINK-3104 - STARLINK-2685,0.000,86400.000,0.0000%,0,
Contact STARLINK-3104 - STARLINK-4254,0.000,86400.000,0.0000%,0,
Contact STARLINK-3104 - STARLINK-31853,5569.727,80830.273,6.4464%,3,
Contact STARLINK-3104 - STARLINK-4551,897.493,85502.507,1.0388%,3,
Contact STARLINK-3104 - STARLINK-1578,0.000,86400.000,0.0000%,0,
Contact STARLINK-3104 - STARLINK-5535,0.000,86400.000,0.0000%,0,
Contact STARLINK-3104 - STARLINK-3525,0.000,86400.000,0.0000%,0,
Contact STARLINK-3104 - STARLINK-5289,0.000,86400.000,0.0000%,0,
Contact STARLINK-3104 - STARLINK-1276,682.780,85717.220,0.7903%,1,
Contact STARLINK-3104 - STARLINK-5837,25043.868,61356.132,28.9860%,7,
Contact STARLINK-3104 - STARLINK-31852,0.000,86400.000,0.0000%,0,
Contact STARLINK-3104 - STARLINK-1666,0.000,86400.000,0.0000%,0,
Contact STARLINK-3104 - STARLINK-1293,0.000,86400.000,0.0000%,0,
Contact STARLINK-3104 - STARLINK-30879,3878.994,82521.006,4.4896%,1,
Contact STARLINK-3104 - STARLINK-31345,14393.990,72006.010,16.6597%,3,
Contact STARLINK-3104 - STARLINK-5058,0.000,86400.000,0.0000%,0,
Contact STARLINK-3104 - STARLINK-31690,799.217,85600.783,0.9250%,1,
Contact STARLINK-3104 - STARLINK-5239,2637.827,83762.173,3.0530%,3,
Contact STARLINK-3104 - STARLINK-1302,3218.196,83181.804,3.7248%,6,
Contact STARLINK-3104 - STARLINK-4675,0.000,86400.000,0.0000%,0,
Contact STARLINK-3104 - STARLINK-6135,17452.512,68947.488,20.1997%,6,
Contact STARLINK-3104 - STARLINK-32262,0.000,86400.000,0.0000%,0,
Contact STARLINK-3104 - STARLINK-1788,0.000,86400.000,0.0000%,0,
Contact STARLINK-3104 - STARLINK-1080,0.000,86400.000,0.0000%,0,
Contact STARLINK-3104 - STARLINK-4356,86400.000,0.000,100.0000%,1,
Contact STARLINK-3104 - STARLINK-31554,0.000,86400.000,0.0000%,0,
Contact STARLINK-3104 - STARLINK-4383,3079.602,83320.398,3.5644%,6,
Contact STARLINK-3104 - STARLINK-30052,0.000,86400.000,0.0000%,0,
Contact STARLINK-3104 - STARLINK-5713,950.553,85449.447,1.1002%,2,
Contact STARLINK-3104 - STARLINK-1303,0.000,86400.000,0.0000%,0,
Contact STARLINK-3104 - STARLINK-11265 [DTC],24006.990,62393.010,27.7859%,1,
Contact STARLINK-3104 - STARLINK-4612,0.000,86400.000,0.0000%,0,
Contact STARLINK-3104 - STARLINK-5831,0.000,86400.000,0.0000%,0,
Contact STARLINK-3104 - STARLINK-31034,0.000,86400.000,0.0000%,0,
Contact STARLINK-3104 - STARLINK-3815,0.000,86400.000,0.0000%,0,
Contact STARLINK-3104 - STARLINK-31611,0.000,86400.000,0.0000%,0,
Contact STARLINK-3104 - MoonARTEMIS1,68718.467,17681.533,79.5353%,10,
Contact STARLINK-3104 - MoonARTEMIS2,62637.312,23762.688,72.4969%,10,
Contact STARLINK-3104 - MoonIOAGEO,60930.992,25469.008,70.5220%,10,
Contact STARLINK-3104 - MoonIOAGNO,70669.671,15730.329,81.7936%,9,
Contact STARLINK-3104 - MoonIOAGNO 0001,70531.762,15868.238,81.6340%,9,
Contact STARLINK-3104 - MoonIOAGSO,67138.843,19261.157,77.7070%,10,
Contact STARLINK-3104 - MoonIOAGSO 0001,68424.409,17975.591,79.1949%,10,
Contact STARLINK-3104 - MoonLRO,68590.312,17809.688,79.3869%,10,
Contact STARLINK-3104 - MarsSat1,66061.493,20338.507,76.4601%,10,
Contact STARLINK-3104 - MarsSat2,68632.793,17767.207,79.4361%,10,
Contact STARLINK-3104 - MarsSat3,68633.507,17766.493,79.4369%,10,
Contact STARLINK-3104 - MarsSat4,68633.541,17766.459,79.4370%,10,
Contact STARLINK-1028 - STARLINK-5809,4755.370,81644.630,5.5039%,2,
Contact STARLINK-1028 - STARLINK-5168,0.000,86400.000,0.0000%,0,
Contact STARLINK-1028 - STARLINK-3580,0.000,86400.000,0.0000%,0,
Contact STARLINK-1028 - STARLINK-31039,7430.184,78969.816,8.5998%,7,
Contact STARLINK-1028 - STARLINK-1911,4268.776,82131.224,4.9407%,7,
Contact STARLINK-1028 - STARLINK-4216,0.000,86400.000,0.0000%,0,
Contact STARLINK-1028 - STARLINK-2022,0.000,86400.000,0.0000%,0,
Contact STARLINK-1028 - STARLINK-1598,12343.340,74056.660,14.2863%,7,
Contact STARLINK-1028 - STARLINK-4126,0.000,86400.000,0.0000%,0,
Contact STARLINK-1028 - STARLINK-4793,2447.100,83952.900,2.8323%,5,
Contact STARLINK-1028 - STARLINK-3536,0.000,86400.000,0.0000%,0,
Contact STARLINK-1028 - STARLINK-3715,0.000,86400.000,0.0000%,0,
Contact STARLINK-1028 - STARLINK-31405,38662.295,47737.705,44.7480%,1,
Contact STARLINK-1028 - STARLINK-1711,3361.355,83038.645,3.8905%,6,
Contact STARLINK-1028 - STARLINK-31026,0.000,86400.000,0.0000%,0,
Contact STARLINK-1028 - STARLINK-31139,53642.627,32757.373,62.0864%,2,
Contact STARLINK-1028 - STARLINK-4593,0.000,86400.000,0.0000%,0,
Contact STARLINK-1028 - STARLINK-31192,0.000,86400.000,0.0000%,0,
Contact STARLINK-1028 - STARLINK-30800,0.000,86400.000,0.0000%,0,
Contact STARLINK-1028 - STARLINK-31558,0.000,86400.000,0.0000%,0,
Contact STARLINK-1028 - STARLINK-4359,0.000,86400.000,0.0000%,0,
Contact STARLINK-1028 - STARLINK-4006,0.000,86400.000,0.0000%,0,
Contact STARLINK-1028 - STARLINK-30089,86400.000,0.000,100.0000%,1,
Contact STARLINK-1028 - STARLINK-6374,76961.943,9438.057,89.0763%,5,
Contact STARLINK-1028 - STARLINK-5247,11270.437,75129.563,13.0445%,6,
Contact STARLINK-1028 - STARLINK-30126,0.000,86400.000,0.0000%,0,
Contact STARLINK-1028 - STARLINK-2314,86400.000,0.000,100.0000%,1,
Contact STARLINK-1028 - STARLINK-4299,0.000,86400.000,0.0000%,0,
Contact STARLINK-1028 - STARLINK-4111,57283.880,29116.120,66.3008%,7,
Contact STARLINK-1028 - STARLINK-3994,1156.635,85243.365,1.3387%,3,
Contact STARLINK-1028 - STARLINK-5774,8772.813,77627.187,10.1537%,6,
Contact STARLINK-1028 - STARLINK-31295,0.000,86400.000,0.0000%,0,
Contact STARLINK-1028 - STARLINK-31577,0.000,86400.000,0.0000%,0,
Contact STARLINK-1028 - STARLINK-31128,25330.795,61069.205,29.3180%,2,
Contact STARLINK-1028 - STARLINK-5322,0.000,86400.000,0.0000%,0,
Contact STARLINK-1028 - STARLINK-2466,0.000,86400.000,0.0000%,0,
Contact STARLINK-1028 - STARLINK-2704,0.000,86400.000,0.0000%,0,
Contact STARLINK-1028 - STARLINK-2643,4950.357,81449.643,5.7296%,6,
Contact STARLINK-1028 - STARLINK-5807,0.000,86400.000,0.0000%,0,
Contact STARLINK-1028 - STARLINK-2367,0.000,86400.000,0.0000%,0,
Contact STARLINK-1028 - STARLINK-4560,6440.453,79959.547,7.4542%,7,
Contact STARLINK-1028 - STARLINK-3189,0.000,86400.000,0.0000%,0,
Contact STARLINK-1028 - STARLINK-31784,32189.505,54210.495,37.2564%,5,
Contact STARLINK-1028 - STARLINK-5494,0.000,86400.000,0.0000%,0,
Contact STARLINK-1028 - STARLINK-30421,0.000,86400.000,0.0000%,0,
Contact STARLINK-1028 - STARLINK-4338,4294.731,82105.269,4.9708%,6,
Contact STARLINK-1028 - STARLINK-32197,0.000,86400.000,0.0000%,0,
Contact STARLINK-1028 - STARLINK-2476,0.000,86400.000,0.0000%,0,
Contact STARLINK-1028 - STARLINK-2105,0.000,86400.000,0.0000%,0,
Contact STARLINK-1028 - STARLINK-31536,54372.492,32027.508,62.9311%,1,
Contact STARLINK-1028 - STARLINK-6148,0.000,86400.000,0.0000%,0,
Contact STARLINK-1028 - STARLINK-11199 [DTC],17094.784,69305.216,19.7856%,2,
Contact STARLINK-1028 - STARLINK-5849,3840.019,82559.981,4.4445%,6,
Contact STARLINK-1028 - STARLINK-5649,30768.005,55631.995,35.6111%,6,
Contact STARLINK-1028 - STARLINK-5197,14731.016,71668.984,17.0498%,6,
Contact STARLINK-1028 - STARLINK-30100,0.000,86400.000,0.0000%,0,
Contact STARLINK-1028 - STARLINK-11101 [DTC],341.515,86058.485,0.3953%,1,
Contact STARLINK-1028 - STARLINK-2685,86400.000,0.000,100.0000%,1,
Contact STARLINK-1028 - STARLINK-4254,7712.002,78687.998,8.9259%,6,
Contact STARLINK-1028 - STARLINK-31853,0.000,86400.000,0.0000%,0,
Contact STARLINK-1028 - STARLINK-4551,0.000,86400.000,0.0000%,0,
Contact STARLINK-1028 - STARLINK-1578,0.000,86400.000,0.0000%,0,
Contact STARLINK-1028 - STARLINK-5535,0.000,86400.000,0.0000%,0,
Contact STARLINK-1028 - STARLINK-3525,8262.140,78137.860,9.5627%,7,
Contact STARLINK-1028 - STARLINK-5289,5340.530,81059.470,6.1812%,6,
Contact STARLINK-1028 - STARLINK-1276,86400.000,0.000,100.0000%,1,
Contact STARLINK-1028 - STARLINK-5837,67239.059,19160.941,77.8230%,7,
Contact STARLINK-1028 - STARLINK-31852,7192.826,79207.174,8.3250%,5,
Contact STARLINK-1028 - STARLINK-1666,0.000,86400.000,0.0000%,0,
Contact STARLINK-1028 - STARLINK-1293,0.000,86400.000,0.0000%,0,
Contact STARLINK-1028 - STARLINK-30879,57261.923,29138.077,66.2754%,1,
Contact STARLINK-1028 - STARLINK-31345,0.000,86400.000,0.0000%,0,
Contact STARLINK-1028 - STARLINK-5058,12201.893,74198.107,14.1226%,7,
Contact STARLINK-1028 - STARLINK-31690,851.768,85548.232,0.9858%,1,
Contact STARLINK-1028 - STARLINK-5239,0.000,86400.000,0.0000%,0,
Contact STARLINK-1028 - STARLINK-1302,0.000,86400.000,0.0000%,0,
Contact STARLINK-1028 - STARLINK-4675,0.000,86400.000,0.0000%,0,
Contact STARLINK-1028 - STARLINK-6135,60284.854,26115.146,69.7741%,2,
Contact STARLINK-1028 - STARLINK-32262,0.000,86400.000,0.0000%,0,
Contact STARLINK-1028 - STARLINK-1788,0.000,86400.000,0.0000%,0,
Contact STARLINK-1028 - STARLINK-1080,0.000,86400.000,0.0000%,0,
Contact STARLINK-1028 - STARLINK-4356,10963.337,75436.663,12.6890%,7,
Contact STARLINK-1028 - STARLINK-31554,3788.279,82611.721,4.3846%,1,
Contact STARLINK-1028 - STARLINK-4383,1646.857,84753.143,1.9061%,3,
Contact STARLINK-1028 - STARLINK-30052,0.000,86400.000,0.0000%,0,
Contact STARLINK-1028 - STARLINK-5713,0.000,86400.000,0.0000%,0,
Contact STARLINK-1028 - STARLINK-1303,0.000,86400.000,0.0000%,0,
Contact STARLINK-1028 - STARLINK-11265 [DTC],0.000,86400.000,0.0000%,0,
Contact STARLINK-1028 - STARLINK-4612,0.000,86400.000,0.0000%,0,
Contact STARLINK-1028 - STARLINK-5831,0.000,86400.000,0.0000%,0,
Contact STARLINK-1028 - STARLINK-31034,0.000,86400.000,0.0000%,0,
Contact STARLINK-1028 - STARLINK-3815,43707.433,42692.567,50.5873%,1,
Contact STARLINK-1028 - STARLINK-31611,3982.811,82417.189,4.6097%,2,
Contact STARLINK-1028 - MoonARTEMIS1,67510.805,18889.195,78.1375%,10,
Contact STARLINK-1028 - MoonARTEMIS2,66177.566,20222.434,76.5944%,10,
Contact STARLINK-1028 - MoonIOAGEO,59121.744,27278.256,68.4279%,10,
Contact STARLINK-1028 - MoonIOAGNO,67448.733,18951.267,78.0657%,10,
Contact STARLINK-1028 - MoonIOAGNO 0001,67447.554,18952.446,78.0643%,10,
Contact STARLINK-1028 - MoonIOAGSO,67084.271,19315.729,77.6438%,10,
Contact STARLINK-1028 - MoonIOAGSO 0001,65935.283,20464.717,76.3140%,10,
Contact STARLINK-1028 - MoonLRO,67495.063,18904.937,78.1193%,10,
Contact STARLINK-1028 - MarsSat1,66039.783,20360.217,76.4349%,9,
Contact STARLINK-1028 - MarsSat2,68010.692,18389.308,78.7161%,10,
Contact STARLINK-1028 - MarsSat3,68011.174,18388.826,78.7166%,10,
Contact STARLINK-1028 - MarsSat4,68011.249,18388.751,78.7167%,10,
Contact STARLINK-5809 - STARLINK-5168,0.000,86400.000,0.0000%,0,
Contact STARLINK-5809 - STARLINK-3580,0.000,86400.000,0.0000%,0,
Contact STARLINK-5809 - STARLINK-31039,5017.028,81382.972,5.8067%,7,
Contact STARLINK-5809 - STARLINK-1911,471.682,85928.318,0.5459%,1,
Contact STARLINK-5809 - STARLINK-4216,1113.322,85286.678,1.2886%,2,
Contact STARLINK-5809 - STARLINK-2022,360.519,86039.481,0.4173%,1,
Contact STARLINK-5809 - STARLINK-1598,2114.292,84285.708,2.4471%,2,
Contact STARLINK-5809 - STARLINK-4126,0.000,86400.000,0.0000%,0,
Contact STARLINK-5809 - STARLINK-4793,0.000,86400.000,0.0000%,0,
Contact STARLINK-5809 - STARLINK-3536,0.000,86400.000,0.0000%,0,
Contact STARLINK-5809 - STARLINK-3715,0.000,86400.000,0.0000%,0,
Contact STARLINK-5809 - STARLINK-31405,6781.547,79618.453,7.8490%,1,
Contact STARLINK-5809 - STARLINK-1711,0.000,86400.000,0.0000%,0,
Contact STARLINK-5809 - STARLINK-31026,0.000,86400.000,0.0000%,0,
Contact STARLINK-5809 - STARLINK-31139,1207.584,85192.416,1.3977%,2,
Contact STARLINK-5809 - STARLINK-4593,61077.996,25322.004,70.6921%,1,
Contact STARLINK-5809 - STARLINK-31192,0.000,86400.000,0.0000%,0,
Contact STARLINK-5809 - STARLINK-30800,26197.040,60202.960,30.3206%,6,
Contact STARLINK-5809 - STARLINK-31558,0.000,86400.000,0.0000%,0,
Contact STARLINK-5809 - STARLINK-4359,0.000,86400.000,0.0000%,0,
Contact STARLINK-5809 - STARLINK-4006,0.000,86400.000,0.0000%,0,
Contact STARLINK-5809 - STARLINK-30089,17223.291,69176.709,19.9344%,6,
Contact STARLINK-5809 - STARLINK-6374,86400.000,0.000,100.0000%,1,
Contact STARLINK-5809 - STARLINK-5247,5520.627,80879.373,6.3896%,6,
Contact STARLINK-5809 - STARLINK-30126,0.000,86400.000,0.0000%,0,
Contact STARLINK-5809 - STARLINK-2314,86400.000,0.000,100.0000%,1,
Contact STARLINK-5809 - STARLINK-4299,52594.351,33805.649,60.8731%,7,
Contact STARLINK-5809 - STARLINK-4111,0.000,86400.000,0.0000%,0,
Contact STARLINK-5809 - STARLINK-3994,85530.326,869.674,98.9934%,2,
Contact STARLINK-5809 - STARLINK-5774,4892.508,81507.492,5.6626%,6,
Contact STARLINK-5809 - STARLINK-31295,5638.222,80761.778,6.5257%,4,
Contact STARLINK-5809 - STARLINK-31577,25866.983,60533.017,29.9386%,1,
Contact STARLINK-5809 - STARLINK-31128,0.000,86400.000,0.0000%,0,
Contact STARLINK-5809 - STARLINK-5322,3145.457,83254.543,3.6406%,6,
Contact STARLINK-5809 - STARLINK-2466,0.000,86400.000,0.0000%,0,
Contact STARLINK-5809 - STARLINK-2704,0.000,86400.000,0.0000%,0,
Contact STARLINK-5809 - STARLINK-2643,5450.697,80949.303,6.3087%,6,
Contact STARLINK-5809 - STARLINK-5807,0.000,86400.000,0.0000%,0,
Contact STARLINK-5809 - STARLINK-2367,0.000,86400.000,0.0000%,0,
Contact STARLINK-5809 - STARLINK-4560,0.000,86400.000,0.0000%,0,
Contact STARLINK-5809 - STARLINK-3189,32774.460,53625.540,37.9334%,5,
Contact STARLINK-5809 - STARLINK-31784,6415.862,79984.138,7.4258%,4,
Contact STARLINK-5809 - STARLINK-5494,86400.000,0.000,100.0000%,1,
Contact STARLINK-5809 - STARLINK-30421,8647.771,77752.229,10.0090%,1,
Contact STARLINK-5809 - STARLINK-4338,4420.046,81979.954,5.1158%,7,
Contact STARLINK-5809 - STARLINK-32197,0.000,86400.000,0.0000%,0,
Contact STARLINK-5809 - STARLINK-2476,0.000,86400.000,0.0000%,0,
Contact STARLINK-5809 - STARLINK-2105,0.000,86400.000,0.0000%,0,
Contact STARLINK-5809 - STARLINK-31536,4487.926,81912.074,5.1944%,2,
Contact STARLINK-5809 - STARLINK-6148,0.000,86400.000,0.0000%,0,
Contact STARLINK-5809 - STARLINK-11199 [DTC],8066.777,78333.223,9.3365%,1,
Contact STARLINK-5809 - STARLINK-5849,0.000,86400.000,0.0000%,0,
Contact STARLINK-5809 - STARLINK-5649,49531.856,36868.144,57.3285%,6,
Contact STARLINK-5809 - STARLINK-5197,24597.546,61802.454,28.4694%,6,
Contact STARLINK-5809 - STARLINK-30100,0.000,86400.000,0.0000%,0,
Contact STARLINK-5809 - STARLINK-11101 [DTC],0.000,86400.000,0.0000%,0,
Contact STARLINK-5809 - STARLINK-2685,50137.445,36262.555,58.0294%,3,
Contact STARLINK-5809 - STARLINK-4254,41.801,86358.199,0.0484%,1,
Contact STARLINK-5809 - STARLINK-31853,1014.713,85385.287,1.1744%,2,
Contact STARLINK-5809 - STARLINK-4551,3340.991,83059.009,3.8669%,6,
Contact STARLINK-5809 - STARLINK-1578,5413.023,80986.977,6.2651%,6,
Contact STARLINK-5809 - STARLINK-5535,0.000,86400.000,0.0000%,0,
Contact STARLINK-5809 - STARLINK-3525,2449.293,83950.707,2.8348%,4,
Contact STARLINK-5809 - STARLINK-5289,7561.315,78838.685,8.7515%,7,
Contact STARLINK-5809 - STARLINK-1276,0.000,86400.000,0.0000%,0,
Contact STARLINK-5809 - STARLINK-5837,0.000,86400.000,0.0000%,0,
Contact STARLINK-5809 - STARLINK-31852,6411.872,79988.128,7.4211%,4,
Contact STARLINK-5809 - STARLINK-1666,1416.164,84983.836,1.6391%,3,
Contact STARLINK-5809 - STARLINK-1293,30272.412,56127.588,35.0375%,6,
Contact STARLINK-5809 - STARLINK-30879,46791.405,39608.595,54.1567%,1,
Contact STARLINK-5809 - STARLINK-31345,132.539,86267.461,0.1534%,1,
Contact STARLINK-5809 - STARLINK-5058,3672.195,82727.805,4.2502%,5,
Contact STARLINK-5809 - STARLINK-31690,3110.584,83289.416,3.6002%,5,
Contact STARLINK-5809 - STARLINK-5239,234.237,86165.763,0.2711%,1,
Contact STARLINK-5809 - STARLINK-1302,0.000,86400.000,0.0000%,0,
Contact STARLINK-5809 - STARLINK-4675,0.000,86400.000,0.0000%,0,
Contact STARLINK-5809 - STARLINK-6135,0.000,86400.000,0.0000%,0,
Contact STARLINK-5809 - STARLINK-32262,0.000,86400.000,0.0000%,0,
Contact STARLINK-5809 - STARLINK-1788,47491.469,38908.531,54.9670%,3,
Contact STARLINK-5809 - STARLINK-1080,10624.328,75775.672,12.2967%,5,
Contact STARLINK-5809 - STARLINK-4356,0.000,86400.000,0.0000%,0,
Contact STARLINK-5809 - STARLINK-31554,9557.199,76842.801,11.0616%,4,
Contact STARLINK-5809 - STARLINK-4383,0.000,86400.000,0.0000%,0,
Contact STARLINK-5809 - STARLINK-30052,0.000,86400.000,0.0000%,0,
Contact STARLINK-5809 - STARLINK-5713,0.000,86400.000,0.0000%,0,
Contact STARLINK-5809 - STARLINK-1303,26531.150,59868.850,30.7073%,6,
Contact STARLINK-5809 - STARLINK-11265 [DTC],1337.812,85062.188,1.5484%,1,
Contact STARLINK-5809 - STARLINK-4612,81912.515,4487.485,94.8062%,2,
Contact STARLINK-5809 - STARLINK-5831,0.000,86400.000,0.0000%,0,
Contact STARLINK-5809 - STARLINK-31034,737.831,85662.169,0.8540%,1,
Contact STARLINK-5809 - STARLINK-3815,41388.985,45011.015,47.9039%,5,
Contact STARLINK-5809 - STARLINK-31611,42295.651,44104.349,48.9533%,3,
Contact STARLINK-5809 - MoonARTEMIS1,65784.587,20615.413,76.1396%,10,
Contact STARLINK-5809 - MoonARTEMIS2,67045.095,19354.905,77.5985%,10,
Contact STARLINK-5809 - MoonIOAGEO,61895.253,24504.747,71.6380%,9,
Contact STARLINK-5809 - MoonIOAGNO,67465.317,18934.683,78.0849%,10,
Contact STARLINK-5809 - MoonIOAGNO 0001,67469.817,18930.183,78.0901%,10,
Contact STARLINK-5809 - MoonIOAGSO,67538.910,18861.090,78.1700%,10,
Contact STARLINK-5809 - MoonIOAGSO 0001,65480.873,20919.127,75.7880%,10,
Contact STARLINK-5809 - MoonLRO,67514.589,18885.411,78.1419%,10,
Contact STARLINK-5809 - MarsSat1,65708.594,20691.406,76.0516%,9,
Contact STARLINK-5809 - MarsSat2,68024.721,18375.279,78.7323%,10,
Contact STARLINK-5809 - MarsSat3,68024.718,18375.282,78.7323%,10,
Contact STARLINK-5809 - MarsSat4,68024.870,18375.130,78.7325%,10,
Contact STARLINK-5168 - STARLINK-3580,0.000,86400.000,0.0000%,0,
Contact STARLINK-5168 - STARLINK-31039,0.000,86400.000,0.0000%,0,
Contact STARLINK-5168 - STARLINK-1911,0.000,86400.000,0.0000%,0,
Contact STARLINK-5168 - STARLINK-4216,24836.354,61563.646,28.7458%,7,
Contact STARLINK-5168 - STARLINK-2022,0.000,86400.000,0.0000%,0,
Contact STARLINK-5168 - STARLINK-1598,0.000,86400.000,0.0000%,0,
Contact STARLINK-5168 - STARLINK-4126,86400.000,0.000,100.0000%,1,
Contact STARLINK-5168 - STARLINK-4793,0.000,86400.000,0.0000%,0,
Contact STARLINK-5168 - STARLINK-3536,86400.000,0.000,100.0000%,1,
Contact STARLINK-5168 - STARLINK-3715,0.000,86400.000,0.0000%,0,
Contact STARLINK-5168 - STARLINK-31405,1197.929,85202.071,1.3865%,2,
Contact STARLINK-5168 - STARLINK-1711,0.000,86400.000,0.0000%,0,
Contact STARLINK-5168 - STARLINK-31026,16990.261,69409.739,19.6647%,6,
Contact STARLINK-5168 - STARLINK-31139,0.000,86400.000,0.0000%,0,
Contact STARLINK-5168 - STARLINK-4593,0.000,86400.000,0.0000%,0,
Contact STARLINK-5168 - STARLINK-31192,9714.939,76685.061,11.2441%,4,
Contact STARLINK-5168 - STARLINK-30800,0.000,86400.000,0.0000%,0,
Contact STARLINK-5168 - STARLINK-31558,7740.664,78659.336,8.9591%,6,
Contact STARLINK-5168 - STARLINK-4359,0.000,86400.000,0.0000%,0,
Contact STARLINK-5168 - STARLINK-4006,5211.820,81188.180,6.0322%,6,
Contact STARLINK-5168 - STARLINK-30089,0.000,86400.000,0.0000%,0,
Contact STARLINK-5168 - STARLINK-6374,0.000,86400.000,0.0000%,0,
Contact STARLINK-5168 - STARLINK-5247,0.000,86400.000,0.0000%,0,
Contact STARLINK-5168 - STARLINK-30126,0.000,86400.000,0.0000%,0,
Contact STARLINK-5168 - STARLINK-2314,0.000,86400.000,0.0000%,0,
Contact STARLINK-5168 - STARLINK-4299,0.000,86400.000,0.0000%,0,
Contact STARLINK-5168 - STARLINK-4111,0.000,86400.000,0.0000%,0,
Contact STARLINK-5168 - STARLINK-3994,0.000,86400.000,0.0000%,0,
Contact STARLINK-5168 - STARLINK-5774,0.000,86400.000,0.0000%,0,
Contact STARLINK-5168 - STARLINK-31295,0.000,86400.000,0.0000%,0,
Contact STARLINK-5168 - STARLINK-31577,1488.311,84911.689,1.7226%,2,
Contact STARLINK-5168 - STARLINK-31128,0.000,86400.000,0.0000%,0,
Contact STARLINK-5168 - STARLINK-5322,74006.611,12393.389,85.6558%,7,
Contact STARLINK-5168 - STARLINK-2466,7646.056,78753.944,8.8496%,6,
Contact STARLINK-5168 - STARLINK-2704,11648.724,74751.276,13.4823%,7,
Contact STARLINK-5168 - STARLINK-2643,0.000,86400.000,0.0000%,0,
Contact STARLINK-5168 - STARLINK-5807,13519.785,72880.215,15.6479%,6,
Contact STARLINK-5168 - STARLINK-2367,56476.188,29923.812,65.3660%,7,
Contact STARLINK-5168 - STARLINK-4560,1260.801,85139.199,1.4593%,3,
Contact STARLINK-5168 - STARLINK-3189,0.000,86400.000,0.0000%,0,
Contact STARLINK-5168 - STARLINK-31784,0.000,86400.000,0.0000%,0,
Contact STARLINK-5168 - STARLINK-5494,0.000,86400.000,0.0000%,0,
Contact STARLINK-5168 - STARLINK-30421,640.496,85759.504,0.7413%,1,
Contact STARLINK-5168 - STARLINK-4338,0.000,86400.000,0.0000%,0,
Contact STARLINK-5168 - STARLINK-32197,4554.072,81845.928,5.2709%,2,
Contact STARLINK-5168 - STARLINK-2476,2333.987,84066.013,2.7014%,4,
Contact STARLINK-5168 - STARLINK-2105,0.000,86400.000,0.0000%,0,
Contact STARLINK-5168 - STARLINK-31536,0.000,86400.000,0.0000%,0,
Contact STARLINK-5168 - STARLINK-6148,0.000,86400.000,0.0000%,0,
Contact STARLINK-5168 - STARLINK-11199 [DTC],5110.646,81289.354,5.9151%,3,
Contact STARLINK-5168 - STARLINK-5849,19124.682,67275.318,22.1350%,4,
Contact STARLINK-5168 - STARLINK-5649,0.000,86400.000,0.0000%,0,
Contact STARLINK-5168 - STARLINK-5197,0.000,86400.000,0.0000%,0,
Contact STARLINK-5168 - STARLINK-30100,0.000,86400.000,0.0000%,0,
Contact STARLINK-5168 - STARLINK-11101 [DTC],2328.965,84071.035,2.6956%,4,
Contact STARLINK-5168 - STARLINK-2685,0.000,86400.000,0.0000%,0,
Contact STARLINK-5168 - STARLINK-4254,0.000,86400.000,0.0000%,0,
Contact STARLINK-5168 - STARLINK-31853,36443.090,49956.910,42.1795%,2,
Contact STARLINK-5168 - STARLINK-4551,709.605,85690.395,0.8213%,3,
Contact STARLINK-5168 - STARLINK-1578,0.000,86400.000,0.0000%,0,
Contact STARLINK-5168 - STARLINK-5535,2775.396,83624.604,3.2123%,6,
Contact STARLINK-5168 - STARLINK-3525,0.000,86400.000,0.0000%,0,
Contact STARLINK-5168 - STARLINK-5289,0.000,86400.000,0.0000%,0,
Contact STARLINK-5168 - STARLINK-1276,0.000,86400.000,0.0000%,0,
Contact STARLINK-5168 - STARLINK-5837,4333.415,82066.585,5.0155%,7,
Contact STARLINK-5168 - STARLINK-31852,0.000,86400.000,0.0000%,0,
Contact STARLINK-5168 - STARLINK-1666,0.000,86400.000,0.0000%,0,
Contact STARLINK-5168 - STARLINK-1293,0.000,86400.000,0.0000%,0,
Contact STARLINK-5168 - STARLINK-30879,0.000,86400.000,0.0000%,0,
Contact STARLINK-5168 - STARLINK-31345,43610.758,42789.242,50.4754%,1,
Contact STARLINK-5168 - STARLINK-5058,0.000,86400.000,0.0000%,0,
Contact STARLINK-5168 - STARLINK-31690,2475.956,83924.044,2.8657%,2,
Contact STARLINK-5168 - STARLINK-5239,0.000,86400.000,0.0000%,0,
Contact STARLINK-5168 - STARLINK-1302,8179.462,78220.538,9.4670%,6,
Contact STARLINK-5168 - STARLINK-4675,0.000,86400.000,0.0000%,0,
Contact STARLINK-5168 - STARLINK-6135,0.000,86400.000,0.0000%,0,
Contact STARLINK-5168 - STARLINK-32262,0.000,86400.000,0.0000%,0,
Contact STARLINK-5168 - STARLINK-1788,0.000,86400.000,0.0000%,0,
Contact STARLINK-5168 - STARLINK-1080,0.000,86400.000,0.0000%,0,
Contact STARLINK-5168 - STARLINK-4356,27779.835,58620.165,32.1526%,7,
Contact STARLINK-5168 - STARLINK-31554,770.339,85629.661,0.8916%,1,
Contact STARLINK-5168 - STARLINK-4383,12108.220,74291.780,14.0141%,3,
Contact STARLINK-5168 - STARLINK-30052,0.000,86400.000,0.0000%,0,
Contact STARLINK-5168 - STARLINK-5713,86400.000,0.000,100.0000%,1,
Contact STARLINK-5168 - STARLINK-1303,0.000,86400.000,0.0000%,0,
Contact STARLINK-5168 - STARLINK-11265 [DTC],17907.578,68492.422,20.7264%,3,
Contact STARLINK-5168 - STARLINK-4612,0.000,86400.000,0.0000%,0,
Contact STARLINK-5168 - STARLINK-5831,0.000,86400.000,0.0000%,0,
Contact STARLINK-5168 - STARLINK-31034,0.000,86400.000,0.0000%,0,
Contact STARLINK-5168 - STARLINK-3815,0.000,86400.000,0.0000%,0,
Contact STARLINK-5168 - STARLINK-31611,0.000,86400.000,0.0000%,0,
Contact STARLINK-5168 - MoonARTEMIS1,86400.000,0.000,100.0000%,1,
Contact STARLINK-5168 - MoonARTEMIS2,83876.276,2523.724,97.0790%,2,
Contact STARLINK-5168 - MoonIOAGEO,78684.760,7715.240,91.0703%,3,
Contact STARLINK-5168 - MoonIOAGNO,86400.000,0.000,100.0000%,1,
Contact STARLINK-5168 - MoonIOAGNO 0001,86400.000,0.000,100.0000%,1,
Contact STARLINK-5168 - MoonIOAGSO,86400.000,0.000,100.0000%,1,
Contact STARLINK-5168 - MoonIOAGSO 0001,86400.000,0.000,100.0000%,1,
Contact STARLINK-5168 - MoonLRO,86400.000,0.000,100.0000%,1,
Contact STARLINK-5168 - MarsSat1,85065.408,1334.592,98.4553%,1,
Contact STARLINK-5168 - MarsSat2,86400.000,0.000,100.0000%,1,
Contact STARLINK-5168 - MarsSat3,86400.000,0.000,100.0000%,1,
Contact STARLINK-5168 - MarsSat4,86400.000,0.000,100.0000%,1,
Contact STARLINK-3580 - STARLINK-31039,23011.623,63388.377,26.6338%,6,
Contact STARLINK-3580 - STARLINK-1911,0.000,86400.000,0.0000%,0,
Contact STARLINK-3580 - STARLINK-4216,3633.230,82766.770,4.2051%,6,
Contact STARLINK-3580 - STARLINK-2022,0.000,86400.000,0.0000%,0,
Contact STARLINK-3580 - STARLINK-1598,0.000,86400.000,0.0000%,0,
Contact STARLINK-3580 - STARLINK-4126,0.000,86400.000,0.0000%,0,
Contact STARLINK-3580 - STARLINK-4793,0.000,86400.000,0.0000%,0,
Contact STARLINK-3580 - STARLINK-3536,86400.000,0.000,100.0000%,1,
Contact STARLINK-3580 - STARLINK-3715,0.000,86400.000,0.0000%,0,
Contact STARLINK-3580 - STARLINK-31405,0.000,86400.000,0.0000%,0,
Contact STARLINK-3580 - STARLINK-1711,0.000,86400.000,0.0000%,0,
Contact STARLINK-3580 - STARLINK-31026,0.000,86400.000,0.0000%,0,
Contact STARLINK-3580 - STARLINK-31139,0.000,86400.000,0.0000%,0,
Contact STARLINK-3580 - STARLINK-4593,0.000,86400.000,0.0000%,0,
Contact STARLINK-3580 - STARLINK-31192,0.000,86400.000,0.0000%,0,
Contact STARLINK-3580 - STARLINK-30800,3530.136,82869.864,4.0858%,5,
Contact STARLINK-3580 - STARLINK-31558,2852.847,83547.153,3.3019%,4,
Contact STARLINK-3580 - STARLINK-4359,25516.997,60883.003,29.5336%,6,
Contact STARLINK-3580 - STARLINK-4006,0.000,86400.000,0.0000%,0,
Contact STARLINK-3580 - STARLINK-30089,0.000,86400.000,0.0000%,0,
Contact STARLINK-3580 - STARLINK-6374,0.000,86400.000,0.0000%,0,
Contact STARLINK-3580 - STARLINK-5247,0.000,86400.000,0.0000%,0,
Contact STARLINK-3580 - STARLINK-30126,0.000,86400.000,0.0000%,0,
Contact STARLINK-3580 - STARLINK-2314,0.000,86400.000,0.0000%,0,
Contact STARLINK-3580 - STARLINK-4299,4467.504,81932.496,5.1707%,7,
Contact STARLINK-3580 - STARLINK-4111,0.000,86400.000,0.0000%,0,
Contact STARLINK-3580 - STARLINK-3994,0.000,86400.000,0.0000%,0,
Contact STARLINK-3580 - STARLINK-5774,0.000,86400.000,0.0000%,0,
Contact STARLINK-3580 - STARLINK-31295,43127.552,43272.448,49.9161%,1,
Contact STARLINK-3580 - STARLINK-31577,3712.043,82687.957,4.2963%,5,
Contact STARLINK-3580 - STARLINK-31128,0.000,86400.000,0.0000%,0,
Contact STARLINK-3580 - STARLINK-5322,1127.283,85272.717,1.3047%,3,
Contact STARLINK-3580 - STARLINK-2466,0.000,86400.000,0.0000%,0,
Contact STARLINK-3580 - STARLINK-2704,734.586,85665.414,0.8502%,2,
Contact STARLINK-3580 - STARLINK-2643,0.000,86400.000,0.0000%,0,
Contact STARLINK-3580 - STARLINK-5807,5072.097,81327.903,5.8705%,6,
Contact STARLINK-3580 - STARLINK-2367,0.000,86400.000,0.0000%,0,
Contact STARLINK-3580 - STARLINK-4560,4654.469,81745.531,5.3871%,6,
Contact STARLINK-3580 - STARLINK-3189,0.000,86400.000,0.0000%,0,
Contact STARLINK-3580 - STARLINK-31784,355.336,86044.664,0.4113%,1,
Contact STARLINK-3580 - STARLINK-5494,2452.081,83947.919,2.8381%,5,
Contact STARLINK-3580 - STARLINK-30421,7525.106,78874.894,8.7096%,5,
Contact STARLINK-3580 - STARLINK-4338,374.838,86025.162,0.4338%,1,
Contact STARLINK-3580 - STARLINK-32197,59550.243,26849.757,68.9239%,2,
Contact STARLINK-3580 - STARLINK-2476,0.000,86400.000,0.0000%,0,
Contact STARLINK-3580 - STARLINK-2105,0.000,86400.000,0.0000%,0,
Contact STARLINK-3580 - STARLINK-31536,0.000,86400.000,0.0000%,0,
Contact STARLINK-3580 - STARLINK-6148,7956.737,78443.263,9.2092%,6,
Contact STARLINK-3580 - STARLINK-11199 [DTC],7785.054,78614.946,9.0105%,2,
Contact STARLINK-3580 - STARLINK-5849,0.000,86400.000,0.0000%,0,
Contact STARLINK-3580 - STARLINK-5649,0.000,86400.000,0.0000%,0,
Contact STARLINK-3580 - STARLINK-5197,0.000,86400.000,0.0000%,0,
Contact STARLINK-3580 - STARLINK-30100,0.000,86400.000,0.0000%,0,
Contact STARLINK-3580 - STARLINK-11101 [DTC],1249.667,85150.333,1.4464%,2,
Contact STARLINK-3580 - STARLINK-2685,0.000,86400.000,0.0000%,0,
Contact STARLINK-3580 - STARLINK-4254,0.000,86400.000,0.0000%,0,
Contact STARLINK-3580 - STARLINK-31853,48837.887,37562.113,56.5253%,4,
Contact STARLINK-3580 - STARLINK-4551,55832.721,30567.279,64.6212%,7,
Contact STARLINK-3580 - STARLINK-1578,18246.308,68153.692,21.1184%,7,
Contact STARLINK-3580 - STARLINK-5535,5406.184,80993.816,6.2572%,6,
Contact STARLINK-3580 - STARLINK-3525,0.000,86400.000,0.0000%,0,
Contact STARLINK-3580 - STARLINK-5289,0.000,86400.000,0.0000%,0,
Contact STARLINK-3580 - STARLINK-1276,0.000,86400.000,0.0000%,0,
Contact STARLINK-3580 - STARLINK-5837,0.000,86400.000,0.0000%,0,
Contact STARLINK-3580 - STARLINK-31852,0.000,86400.000,0.0000%,0,
Contact STARLINK-3580 - STARLINK-1666,28685.447,57714.553,33.2007%,3,
Contact STARLINK-3580 - STARLINK-1293,11357.426,75042.574,13.1452%,7,
Contact STARLINK-3580 - STARLINK-30879,0.000,86400.000,0.0000%,0,
Contact STARLINK-3580 - STARLINK-31345,62033.070,24366.930,71.7975%,1,
Contact STARLINK-3580 - STARLINK-5058,0.000,86400.000,0.0000%,0,
Contact STARLINK-3580 - STARLINK-31690,11230.519,75169.481,12.9983%,5,
Contact STARLINK-3580 - STARLINK-5239,0.000,86400.000,0.0000%,0,
Contact STARLINK-3580 - STARLINK-1302,0.000,86400.000,0.0000%,0,
Contact STARLINK-3580 - STARLINK-4675,33624.747,52775.253,38.9175%,6,
Contact STARLINK-3580 - STARLINK-6135,0.000,86400.000,0.0000%,0,
Contact STARLINK-3580 - STARLINK-32262,0.000,86400.000,0.0000%,0,
Contact STARLINK-3580 - STARLINK-1788,0.000,86400.000,0.0000%,0,
Contact STARLINK-3580 - STARLINK-1080,0.000,86400.000,0.0000%,0,
Contact STARLINK-3580 - STARLINK-4356,0.000,86400.000,0.0000%,0,
Contact STARLINK-3580 - STARLINK-31554,4253.064,82146.936,4.9225%,5,
Contact STARLINK-3580 - STARLINK-4383,76795.901,9604.099,88.8841%,5,
Contact STARLINK-3580 - STARLINK-30052,0.000,86400.000,0.0000%,0,
Contact STARLINK-3580 - STARLINK-5713,86400.000,0.000,100.0000%,1,
Contact STARLINK-3580 - STARLINK-1303,5900.255,80499.745,6.8290%,7,
Contact STARLINK-3580 - STARLINK-11265 [DTC],21153.773,65246.227,24.4835%,3,
Contact STARLINK-3580 - STARLINK-4612,0.000,86400.000,0.0000%,0,
Contact STARLINK-3580 - STARLINK-5831,5015.725,81384.275,5.8052%,7,
Contact STARLINK-3580 - STARLINK-31034,51770.844,34629.156,59.9200%,1,
Contact STARLINK-3580 - STARLINK-3815,1392.645,85007.355,1.6119%,3,
Contact STARLINK-3580 - STARLINK-31611,0.000,86400.000,0.0000%,0,
Contact STARLINK-3580 - MoonARTEMIS1,86400.000,0.000,100.0000%,1,
Contact STARLINK-3580 - MoonARTEMIS2,83009.440,3390.560,96.0757%,2,
Contact STARLINK-3580 - MoonIOAGEO,78133.165,8266.835,90.4319%,3,
Contact STARLINK-3580 - MoonIOAGNO,85864.320,535.680,99.3800%,1,
Contact STARLINK-3580 - MoonIOAGNO 0001,85800.492,599.508,99.3061%,1,
Contact STARLINK-3580 - MoonIOAGSO,85697.606,702.394,99.1870%,1,
Contact STARLINK-3580 - MoonIOAGSO 0001,85649.594,750.406,99.1315%,1,
Contact STARLINK-3580 - MoonLRO,85737.218,662.782,99.2329%,1,
Contact STARLINK-3580 - MarsSat1,85064.176,1335.824,98.4539%,1,
Contact STARLINK-3580 - MarsSat2,86400.000,0.000,100.0000%,1,
Contact STARLINK-3580 - MarsSat3,86400.000,0.000,100.0000%,1,
Contact STARLINK-3580 - MarsSat4,86400.000,0.000,100.0000%,1,
Contact STARLINK-31039 - STARLINK-1911,0.000,86400.000,0.0000%,0,
Contact STARLINK-31039 - STARLINK-4216,0.000,86400.000,0.0000%,0,
Contact STARLINK-31039 - STARLINK-2022,0.000,86400.000,0.0000%,0,
Contact STARLINK-31039 - STARLINK-1598,0.000,86400.000,0.0000%,0,
Contact STARLINK-31039 - STARLINK-4126,0.000,86400.000,0.0000%,0,
Contact STARLINK-31039 - STARLINK-4793,0.000,86400.000,0.0000%,0,
Contact STARLINK-31039 - STARLINK-3536,0.000,86400.000,0.0000%,0,
Contact STARLINK-31039 - STARLINK-3715,0.000,86400.000,0.0000%,0,
Contact STARLINK-31039 - STARLINK-31405,242.579,86157.421,0.2808%,1,
Contact STARLINK-31039 - STARLINK-1711,0.000,86400.000,0.0000%,0,
Contact STARLINK-31039 - STARLINK-31026,0.000,86400.000,0.0000%,0,
Contact STARLINK-31039 - STARLINK-31139,1726.254,84673.746,1.9980%,3,
Contact STARLINK-31039 - STARLINK-4593,11522.201,74877.799,13.3359%,7,
Contact STARLINK-31039 - STARLINK-31192,0.000,86400.000,0.0000%,0,
Contact STARLINK-31039 - STARLINK-30800,3436.632,82963.368,3.9776%,6,
Contact STARLINK-31039 - STARLINK-31558,0.000,86400.000,0.0000%,0,
Contact STARLINK-31039 - STARLINK-4359,10968.005,75431.995,12.6945%,6,
Contact STARLINK-31039 - STARLINK-4006,0.000,86400.000,0.0000%,0,
Contact STARLINK-31039 - STARLINK-30089,30380.813,56019.187,35.1630%,7,
Contact STARLINK-31039 - STARLINK-6374,3759.198,82640.802,4.3509%,7,
Contact STARLINK-31039 - STARLINK-5247,0.000,86400.000,0.0000%,0,
Contact STARLINK-31039 - STARLINK-30126,9113.290,77286.710,10.5478%,6,
Contact STARLINK-31039 - STARLINK-2314,4006.975,82393.025,4.6377%,6,
Contact STARLINK-31039 - STARLINK-4299,8064.731,78335.269,9.3342%,7,
Contact STARLINK-31039 - STARLINK-4111,0.000,86400.000,0.0000%,0,
Contact STARLINK-31039 - STARLINK-3994,1032.401,85367.599,1.1949%,2,
Contact STARLINK-31039 - STARLINK-5774,0.000,86400.000,0.0000%,0,
Contact STARLINK-31039 - STARLINK-31295,82677.385,3722.615,95.6914%,1,
Contact STARLINK-31039 - STARLINK-31577,1567.419,84832.581,1.8141%,2,
Contact STARLINK-31039 - STARLINK-31128,0.000,86400.000,0.0000%,0,
Contact STARLINK-31039 - STARLINK-5322,0.000,86400.000,0.0000%,0,
Contact STARLINK-31039 - STARLINK-2466,0.000,86400.000,0.0000%,0,
Contact STARLINK-31039 - STARLINK-2704,0.000,86400.000,0.0000%,0,
Contact STARLINK-31039 - STARLINK-2643,0.000,86400.000,0.0000%,0,
Contact STARLINK-31039 - STARLINK-5807,0.000,86400.000,0.0000%,0,
Contact STARLINK-31039 - STARLINK-2367,0.000,86400.000,0.0000%,0,
Contact STARLINK-31039 - STARLINK-4560,19532.156,66867.844,22.6067%,6,
Contact STARLINK-31039 - STARLINK-3189,4662.123,81737.877,5.3960%,6,
Contact STARLINK-31039 - STARLINK-31784,44557.804,41842.196,51.5715%,5,
Contact STARLINK-31039 - STARLINK-5494,4299.708,82100.292,4.9765%,7,
Contact STARLINK-31039 - STARLINK-30421,1349.216,85050.784,1.5616%,3,
Contact STARLINK-31039 - STARLINK-4338,1594.018,84805.982,1.8449%,3,
Contact STARLINK-31039 - STARLINK-32197,6136.996,80263.004,7.1030%,4,
Contact STARLINK-31039 - STARLINK-2476,0.000,86400.000,0.0000%,0,
Contact STARLINK-31039 - STARLINK-2105,0.000,86400.000,0.0000%,0,
Contact STARLINK-31039 - STARLINK-31536,1800.878,84599.122,2.0843%,3,
Contact STARLINK-31039 - STARLINK-6148,11166.208,75233.792,12.9239%,6,
Contact STARLINK-31039 - STARLINK-11199 [DTC],0.000,86400.000,0.0000%,0,
Contact STARLINK-31039 - STARLINK-5849,0.000,86400.000,0.0000%,0,
Contact STARLINK-31039 - STARLINK-5649,0.000,86400.000,0.0000%,0,
Contact STARLINK-31039 - STARLINK-5197,0.000,86400.000,0.0000%,0,
Contact STARLINK-31039 - STARLINK-30100,0.000,86400.000,0.0000%,0,
Contact STARLINK-31039 - STARLINK-11101 [DTC],0.000,86400.000,0.0000%,0,
Contact STARLINK-31039 - STARLINK-2685,11391.264,75008.736,13.1843%,7,
Contact STARLINK-31039 - STARLINK-4254,0.000,86400.000,0.0000%,0,
Contact STARLINK-31039 - STARLINK-31853,27698.874,58701.126,32.0589%,1,
Contact STARLINK-31039 - STARLINK-4551,0.000,86400.000,0.0000%,0,
Contact STARLINK-31039 - STARLINK-1578,32107.239,54292.761,37.1612%,5,
Contact STARLINK-31039 - STARLINK-5535,3833.631,82566.369,4.4371%,6,
Contact STARLINK-31039 - STARLINK-3525,0.000,86400.000,0.0000%,0,
Contact STARLINK-31039 - STARLINK-5289,36350.551,50049.449,42.0724%,2,
Contact STARLINK-31039 - STARLINK-1276,4176.265,82223.735,4.8336%,6,
Contact STARLINK-31039 - STARLINK-5837,3924.509,82475.491,4.5423%,6,
Contact STARLINK-31039 - STARLINK-31852,1012.711,85387.289,1.1721%,1,
Contact STARLINK-31039 - STARLINK-1666,86400.000,0.000,100.0000%,1,
Contact STARLINK-31039 - STARLINK-1293,2320.179,84079.821,2.6854%,5,
Contact STARLINK-31039 - STARLINK-30879,3431.094,82968.906,3.9712%,4,
Contact STARLINK-31039 - STARLINK-31345,21959.383,64440.617,25.4160%,1,
Contact STARLINK-31039 - STARLINK-5058,0.000,86400.000,0.0000%,0,
Contact STARLINK-31039 - STARLINK-31690,35391.396,51008.604,40.9623%,1,
Contact STARLINK-31039 - STARLINK-5239,0.000,86400.000,0.0000%,0,
Contact STARLINK-31039 - STARLINK-1302,0.000,86400.000,0.0000%,0,
Contact STARLINK-31039 - STARLINK-4675,0.000,86400.000,0.0000%,0,
Contact STARLINK-31039 - STARLINK-6135,0.000,86400.000,0.0000%,0,
Contact STARLINK-31039 - STARLINK-32262,0.000,86400.000,0.0000%,0,
Contact STARLINK-31039 - STARLINK-1788,8429.923,77970.077,9.7569%,7,
Contact STARLINK-31039 - STARLINK-1080,3154.292,83245.708,3.6508%,5,
Contact STARLINK-31039 - STARLINK-4356,0.000,86400.000,0.0000%,0,
Contact STARLINK-31039 - STARLINK-31554,8708.642,77691.358,10.0794%,3,
Contact STARLINK-31039 - STARLINK-4383,17555.734,68844.266,20.3191%,7,
Contact STARLINK-31039 - STARLINK-30052,0.000,86400.000,0.0000%,0,
Contact STARLINK-31039 - STARLINK-5713,0.000,86400.000,0.0000%,0,
Contact STARLINK-31039 - STARLINK-1303,0.000,86400.000,0.0000%,0,
Contact STARLINK-31039 - STARLINK-11265 [DTC],5018.564,81381.436,5.8085%,3,
Contact STARLINK-31039 - STARLINK-4612,3321.467,83078.533,3.8443%,6,
Contact STARLINK-31039 - STARLINK-5831,4555.323,81844.677,5.2724%,6,
Contact STARLINK-31039 - STARLINK-31034,40149.418,46250.582,46.4692%,6,
Contact STARLINK-31039 - STARLINK-3815,11574.233,74825.767,13.3961%,6,
Contact STARLINK-31039 - STARLINK-31611,4387.649,82012.351,5.0783%,5,
Contact STARLINK-31039 - MoonARTEMIS1,75164.136,11235.864,86.9955%,7,
Contact STARLINK-31039 - MoonARTEMIS2,74438.662,11961.338,86.1559%,7,
Contact STARLINK-31039 - MoonIOAGEO,67173.118,19226.882,77.7467%,7,
Contact STARLINK-31039 - MoonIOAGNO,75320.929,11079.071,87.1770%,7,
Contact STARLINK-31039 - MoonIOAGNO 0001,75287.365,11112.635,87.1382%,7,
Contact STARLINK-31039 - MoonIOAGSO,75280.311,11119.689,87.1300%,7,
Contact STARLINK-31039 - MoonIOAGSO 0001,73947.148,12452.852,85.5870%,7,
Contact STARLINK-31039 - MoonLRO,75311.511,11088.489,87.1661%,7,
Contact STARLINK-31039 - MarsSat1,73333.137,13066.863,84.8763%,6,
Contact STARLINK-31039 - MarsSat2,75815.221,10584.779,87.7491%,7,
Contact STARLINK-31039 - MarsSat3,75814.063,10585.937,87.7478%,7,
Contact STARLINK-31039 - MarsSat4,75813.952,10586.048,87.7476%,7,
Contact STARLINK-1911 - STARLINK-4216,0.000,86400.000,0.0000%,0,
Contact STARLINK-1911 - STARLINK-2022,14280.865,72119.135,16.5288%,6,
Contact STARLINK-1911 - STARLINK-1598,86400.000,0.000,100.0000%,1,
Contact STARLINK-1911 - STARLINK-4126,0.000,86400.000,0.0000%,0,
Contact STARLINK-1911 - STARLINK-4793,86400.000,0.000,100.0000%,1,
Contact STARLINK-1911 - STARLINK-3536,0.000,86400.000,0.0000%,0,
Contact STARLINK-1911 - STARLINK-3715,2831.224,83568.776,3.2769%,5,
Contact STARLINK-1911 - STARLINK-31405,8093.853,78306.147,9.3679%,6,
Contact STARLINK-1911 - STARLINK-1711,86400.000,0.000,100.0000%,1,
Contact STARLINK-1911 - STARLINK-31026,2883.962,83516.038,3.3379%,5,
Contact STARLINK-1911 - STARLINK-31139,3242.173,83157.827,3.7525%,4,
Contact STARLINK-1911 - STARLINK-4593,0.000,86400.000,0.0000%,0,
Contact STARLINK-1911 - STARLINK-31192,8642.752,77757.248,10.0032%,3,
Contact STARLINK-1911 - STARLINK-30800,0.000,86400.000,0.0000%,0,
Contact STARLINK-1911 - STARLINK-31558,354.057,86045.943,0.4098%,1,
Contact STARLINK-1911 - STARLINK-4359,0.000,86400.000,0.0000%,0,
Contact STARLINK-1911 - STARLINK-4006,397.643,86002.357,0.4602%,2,
Contact STARLINK-1911 - STARLINK-30089,0.000,86400.000,0.0000%,0,
Contact STARLINK-1911 - STARLINK-6374,0.000,86400.000,0.0000%,0,
Contact STARLINK-1911 - STARLINK-5247,0.000,86400.000,0.0000%,0,
Contact STARLINK-1911 - STARLINK-30126,0.000,86400.000,0.0000%,0,
Contact STARLINK-1911 - STARLINK-2314,0.000,86400.000,0.0000%,0,
Contact STARLINK-1911 - STARLINK-4299,0.000,86400.000,0.0000%,0,
Contact STARLINK-1911 - STARLINK-4111,8745.044,77654.956,10.1216%,7,
Contact STARLINK-1911 - STARLINK-3994,0.000,86400.000,0.0000%,0,
Contact STARLINK-1911 - STARLINK-5774,0.000,86400.000,0.0000%,0,
Contact STARLINK-1911 - STARLINK-31295,0.000,86400.000,0.0000%,0,
Contact STARLINK-1911 - STARLINK-31577,0.000,86400.000,0.0000%,0,
Contact STARLINK-1911 - STARLINK-31128,10870.301,75529.699,12.5814%,6,
Contact STARLINK-1911 - STARLINK-5322,0.000,86400.000,0.0000%,0,
Contact STARLINK-1911 - STARLINK-2466,1715.057,84684.943,1.9850%,4,
Contact STARLINK-1911 - STARLINK-2704,0.000,86400.000,0.0000%,0,
Contact STARLINK-1911 - STARLINK-2643,0.000,86400.000,0.0000%,0,
Contact STARLINK-1911 - STARLINK-5807,0.000,86400.000,0.0000%,0,
Contact STARLINK-1911 - STARLINK-2367,0.000,86400.000,0.0000%,0,
Contact STARLINK-1911 - STARLINK-4560,2412.306,83987.694,2.7920%,7,
Contact STARLINK-1911 - STARLINK-3189,0.000,86400.000,0.0000%,0,
Contact STARLINK-1911 - STARLINK-31784,0.000,86400.000,0.0000%,0,
Contact STARLINK-1911 - STARLINK-5494,0.000,86400.000,0.0000%,0,
Contact STARLINK-1911 - STARLINK-30421,0.000,86400.000,0.0000%,0,
Contact STARLINK-1911 - STARLINK-4338,0.000,86400.000,0.0000%,0,
Contact STARLINK-1911 - STARLINK-32197,0.000,86400.000,0.0000%,0,
Contact STARLINK-1911 - STARLINK-2476,4930.388,81469.612,5.7065%,7,
Contact STARLINK-1911 - STARLINK-2105,70607.628,15792.372,81.7218%,6,
Contact STARLINK-1911 - STARLINK-31536,6413.581,79986.419,7.4231%,4,
Contact STARLINK-1911 - STARLINK-6148,0.000,86400.000,0.0000%,0,
Contact STARLINK-1911 - STARLINK-11199 [DTC],14944.687,71455.313,17.2971%,3,
Contact STARLINK-1911 - STARLINK-5849,54339.465,32060.535,62.8929%,3,
Contact STARLINK-1911 - STARLINK-5649,0.000,86400.000,0.0000%,0,
Contact STARLINK-1911 - STARLINK-5197,0.000,86400.000,0.0000%,0,
Contact STARLINK-1911 - STARLINK-30100,5739.234,80660.766,6.6426%,6,
Contact STARLINK-1911 - STARLINK-11101 [DTC],2263.095,84136.905,2.6193%,3,
Contact STARLINK-1911 - STARLINK-2685,1282.613,85117.387,1.4845%,4,
Contact STARLINK-1911 - STARLINK-4254,0.000,86400.000,0.0000%,0,
Contact STARLINK-1911 - STARLINK-31853,0.000,86400.000,0.0000%,0,
Contact STARLINK-1911 - STARLINK-4551,0.000,86400.000,0.0000%,0,
Contact STARLINK-1911 - STARLINK-1578,0.000,86400.000,0.0000%,0,
Contact STARLINK-1911 - STARLINK-5535,0.000,86400.000,0.0000%,0,
Contact STARLINK-1911 - STARLINK-3525,86400.000,0.000,100.0000%,1,
Contact STARLINK-1911 - STARLINK-5289,0.000,86400.000,0.0000%,0,
Contact STARLINK-1911 - STARLINK-1276,4536.839,81863.161,5.2510%,7,
Contact STARLINK-1911 - STARLINK-5837,5534.488,80865.512,6.4057%,6,
Contact STARLINK-1911 - STARLINK-31852,24880.706,61519.294,28.7971%,1,
Contact STARLINK-1911 - STARLINK-1666,0.000,86400.000,0.0000%,0,
Contact STARLINK-1911 - STARLINK-1293,0.000,86400.000,0.0000%,0,
Contact STARLINK-1911 - STARLINK-30879,5204.557,81195.443,6.0238%,3,
Contact STARLINK-1911 - STARLINK-31345,0.000,86400.000,0.0000%,0,
Contact STARLINK-1911 - STARLINK-5058,86400.000,0.000,100.0000%,1,
Contact STARLINK-1911 - STARLINK-31690,0.000,86400.000,0.0000%,0,
Contact STARLINK-1911 - STARLINK-5239,86400.000,0.000,100.0000%,1,
Contact STARLINK-1911 - STARLINK-1302,0.000,86400.000,0.0000%,0,
Contact STARLINK-1911 - STARLINK-4675,0.000,86400.000,0.0000%,0,
Contact STARLINK-1911 - STARLINK-6135,33656.593,52743.407,38.9544%,7,
Contact STARLINK-1911 - STARLINK-32262,0.000,86400.000,0.0000%,0,
Contact STARLINK-1911 - STARLINK-1788,0.000,86400.000,0.0000%,0,
Contact STARLINK-1911 - STARLINK-1080,0.000,86400.000,0.0000%,0,
Contact STARLINK-1911 - STARLINK-4356,2448.577,83951.423,2.8340%,3,
Contact STARLINK-1911 - STARLINK-31554,0.000,86400.000,0.0000%,0,
Contact STARLINK-1911 - STARLINK-4383,0.000,86400.000,0.0000%,0,
Contact STARLINK-1911 - STARLINK-30052,4250.096,82149.904,4.9191%,6,
Contact STARLINK-1911 - STARLINK-5713,0.000,86400.000,0.0000%,0,
Contact STARLINK-1911 - STARLINK-1303,0.000,86400.000,0.0000%,0,
Contact STARLINK-1911 - STARLINK-11265 [DTC],10107.438,76292.562,11.6984%,1,
Contact STARLINK-1911 - STARLINK-4612,0.000,86400.000,0.0000%,0,
Contact STARLINK-1911 - STARLINK-5831,0.000,86400.000,0.0000%,0,
Contact STARLINK-1911 - STARLINK-31034,0.000,86400.000,0.0000%,0,
Contact STARLINK-1911 - STARLINK-3815,0.000,86400.000,0.0000%,0,
Contact STARLINK-1911 - STARLINK-31611,0.000,86400.000,0.0000%,0,
Contact STARLINK-1911 - MoonARTEMIS1,79576.553,6823.447,92.1025%,6,
Contact STARLINK-1911 - MoonARTEMIS2,74541.277,11858.723,86.2746%,8,
Contact STARLINK-1911 - MoonIOAGEO,70503.603,15896.397,81.6014%,8,
Contact STARLINK-1911 - MoonIOAGNO,79575.902,6824.098,92.1017%,6,
Contact STARLINK-1911 - MoonIOAGNO 0001,79545.435,6854.565,92.0665%,6,
Contact STARLINK-1911 - MoonIOAGSO,77205.403,9194.597,89.3581%,7,
Contact STARLINK-1911 - MoonIOAGSO 0001,79282.545,7117.455,91.7622%,6,
Contact STARLINK-1911 - MoonLRO,79372.727,7027.273,91.8666%,6,
Contact STARLINK-1911 - MarsSat1,76520.233,9879.767,88.5651%,7,
Contact STARLINK-1911 - MarsSat2,77852.188,8547.812,90.1067%,7,
Contact STARLINK-1911 - MarsSat3,77853.483,8546.517,90.1082%,7,
Contact STARLINK-1911 - MarsSat4,77853.304,8546.696,90.1080%,7,
Contact STARLINK-4216 - STARLINK-2022,0.000,86400.000,0.0000%,0,
Contact STARLINK-4216 - STARLINK-1598,0.000,86400.000,0.0000%,0,
Contact STARLINK-4216 - STARLINK-4126,82319.643,4080.357,95.2774%,7,
Contact STARLINK-4216 - STARLINK-4793,0.000,86400.000,0.0000%,0,
Contact STARLINK-4216 - STARLINK-3536,34362.259,52037.741,39.7711%,7,
Contact STARLINK-4216 - STARLINK-3715,0.000,86400.000,0.0000%,0,
Contact STARLINK-4216 - STARLINK-31405,0.000,86400.000,0.0000%,0,
Contact STARLINK-4216 - STARLINK-1711,0.000,86400.000,0.0000%,0,
Contact STARLINK-4216 - STARLINK-31026,0.000,86400.000,0.0000%,0,
Contact STARLINK-4216 - STARLINK-31139,0.000,86400.000,0.0000%,0,
Contact STARLINK-4216 - STARLINK-4593,2951.337,83448.663,3.4159%,5,
Contact STARLINK-4216 - STARLINK-31192,0.000,86400.000,0.0000%,0,
Contact STARLINK-4216 - STARLINK-30800,17980.233,68419.767,20.8105%,6,
Contact STARLINK-4216 - STARLINK-31558,18381.766,68018.234,21.2752%,3,
Contact STARLINK-4216 - STARLINK-4359,4462.150,81937.850,5.1645%,7,
Contact STARLINK-4216 - STARLINK-4006,0.000,86400.000,0.0000%,0,
Contact STARLINK-4216 - STARLINK-30089,0.000,86400.000,0.0000%,0,
Contact STARLINK-4216 - STARLINK-6374,0.000,86400.000,0.0000%,0,
Contact STARLINK-4216 - STARLINK-5247,0.000,86400.000,0.0000%,0,
Contact STARLINK-4216 - STARLINK-30126,1325.115,85074.885,1.5337%,2,
Contact STARLINK-4216 - STARLINK-2314,0.000,86400.000,0.0000%,0,
Contact STARLINK-4216 - STARLINK-4299,3476.055,82923.945,4.0232%,5,
Contact STARLINK-4216 - STARLINK-4111,0.000,86400.000,0.0000%,0,
Contact STARLINK-4216 - STARLINK-3994,0.000,86400.000,0.0000%,0,
Contact STARLINK-4216 - STARLINK-5774,0.000,86400.000,0.0000%,0,
Contact STARLINK-4216 - STARLINK-31295,0.000,86400.000,0.0000%,0,
Contact STARLINK-4216 - STARLINK-31577,9484.383,76915.617,10.9773%,5,
Contact STARLINK-4216 - STARLINK-31128,0.000,86400.000,0.0000%,0,
Contact STARLINK-4216 - STARLINK-5322,86290.947,109.053,99.8738%,1,
Contact STARLINK-4216 - STARLINK-2466,0.000,86400.000,0.0000%,0,
Contact STARLINK-4216 - STARLINK-2704,57258.437,29141.563,66.2713%,3,
Contact STARLINK-4216 - STARLINK-2643,0.000,86400.000,0.0000%,0,
Contact STARLINK-4216 - STARLINK-5807,324.046,86075.954,0.3751%,1,
Contact STARLINK-4216 - STARLINK-2367,473.793,85926.207,0.5484%,2,
Contact STARLINK-4216 - STARLINK-4560,0.000,86400.000,0.0000%,0,
Contact STARLINK-4216 - STARLINK-3189,0.000,86400.000,0.0000%,0,
Contact STARLINK-4216 - STARLINK-31784,0.000,86400.000,0.0000%,0,
Contact STARLINK-4216 - STARLINK-5494,16376.654,70023.346,18.9545%,5,
Contact STARLINK-4216 - STARLINK-30421,5246.922,81153.078,6.0728%,6,
Contact STARLINK-4216 - STARLINK-4338,0.000,86400.000,0.0000%,0,
Contact STARLINK-4216 - STARLINK-32197,4443.019,81956.981,5.1424%,6,
Contact STARLINK-4216 - STARLINK-2476,0.000,86400.000,0.0000%,0,
Contact STARLINK-4216 - STARLINK-2105,0.000,86400.000,0.0000%,0,
Contact STARLINK-4216 - STARLINK-31536,0.000,86400.000,0.0000%,0,
Contact STARLINK-4216 - STARLINK-6148,10713.332,75686.668,12.3997%,6,
Contact STARLINK-4216 - STARLINK-11199 [DTC],1517.957,84882.043,1.7569%,2,
Contact STARLINK-4216 - STARLINK-5849,1384.719,85015.281,1.6027%,3,
Contact STARLINK-4216 - STARLINK-5649,0.000,86400.000,0.0000%,0,
Contact STARLINK-4216 - STARLINK-5197,0.000,86400.000,0.0000%,0,
Contact STARLINK-4216 - STARLINK-30100,0.000,86400.000,0.0000%,0,
Contact STARLINK-4216 - STARLINK-11101 [DTC],16895.064,69504.936,19.5545%,1,
Contact STARLINK-4216 - STARLINK-2685,0.000,86400.000,0.0000%,0,
Contact STARLINK-4216 - STARLINK-4254,0.000,86400.000,0.0000%,0,
Contact STARLINK-4216 - STARLINK-31853,49652.869,36747.131,57.4686%,1,
Contact STARLINK-4216 - STARLINK-4551,33479.323,52920.677,38.7492%,7,
Contact STARLINK-4216 - STARLINK-1578,0.000,86400.000,0.0000%,0,
Contact STARLINK-4216 - STARLINK-5535,3229.539,83170.461,3.7379%,6,
Contact STARLINK-4216 - STARLINK-3525,0.000,86400.000,0.0000%,0,
Contact STARLINK-4216 - STARLINK-5289,0.000,86400.000,0.0000%,0,
Contact STARLINK-4216 - STARLINK-1276,0.000,86400.000,0.0000%,0,
Contact STARLINK-4216 - STARLINK-5837,38.463,86361.537,0.0445%,1,
Contact STARLINK-4216 - STARLINK-31852,0.000,86400.000,0.0000%,0,
Contact STARLINK-4216 - STARLINK-1666,0.000,86400.000,0.0000%,0,
Contact STARLINK-4216 - STARLINK-1293,13788.444,72611.556,15.9588%,6,
Contact STARLINK-4216 - STARLINK-30879,0.000,86400.000,0.0000%,0,
Contact STARLINK-4216 - STARLINK-31345,23052.070,63347.930,26.6806%,5,
Contact STARLINK-4216 - STARLINK-5058,0.000,86400.000,0.0000%,0,
Contact STARLINK-4216 - STARLINK-31690,43281.179,43118.821,50.0940%,1,
Contact STARLINK-4216 - STARLINK-5239,0.000,86400.000,0.0000%,0,
Contact STARLINK-4216 - STARLINK-1302,0.000,86400.000,0.0000%,0,
Contact STARLINK-4216 - STARLINK-4675,5433.429,80966.571,6.2887%,7,
Contact STARLINK-4216 - STARLINK-6135,0.000,86400.000,0.0000%,0,
Contact STARLINK-4216 - STARLINK-32262,0.000,86400.000,0.0000%,0,
Contact STARLINK-4216 - STARLINK-1788,0.000,86400.000,0.0000%,0,
Contact STARLINK-4216 - STARLINK-1080,0.000,86400.000,0.0000%,0,
Contact STARLINK-4216 - STARLINK-4356,4394.696,82005.304,5.0865%,6,
Contact STARLINK-4216 - STARLINK-31554,37598.149,48801.851,43.5164%,4,
Contact STARLINK-4216 - STARLINK-4383,661.052,85738.948,0.7651%,2,
Contact STARLINK-4216 - STARLINK-30052,0.000,86400.000,0.0000%,0,
Contact STARLINK-4216 - STARLINK-5713,43167.392,43232.608,49.9623%,7,
Contact STARLINK-4216 - STARLINK-1303,65025.587,21374.413,75.2611%,7,
Contact STARLINK-4216 - STARLINK-11265 [DTC],2190.019,84209.981,2.5347%,3,
Contact STARLINK-4216 - STARLINK-4612,0.000,86400.000,0.0000%,0,
Contact STARLINK-4216 - STARLINK-5831,14311.620,72088.380,16.5644%,6,
Contact STARLINK-4216 - STARLINK-31034,462.554,85937.446,0.5354%,1,
Contact STARLINK-4216 - STARLINK-3815,624.009,85775.991,0.7222%,1,
Contact STARLINK-4216 - STARLINK-31611,548.766,85851.234,0.6351%,1,
Contact STARLINK-4216 - MoonARTEMIS1,67384.827,19015.173,77.9917%,9,
Contact STARLINK-4216 - MoonARTEMIS2,63303.499,23096.501,73.2679%,9,
Contact STARLINK-4216 - MoonIOAGEO,56799.134,29600.866,65.7397%,9,
Contact STARLINK-4216 - MoonIOAGNO,69029.236,17370.764,79.8949%,9,
Contact STARLINK-4216 - MoonIOAGNO 0001,69024.172,17375.828,79.8891%,9,
Contact STARLINK-4216 - MoonIOAGSO,67498.630,18901.370,78.1234%,9,
Contact STARLINK-4216 - MoonIOAGSO 0001,66825.160,19574.840,77.3439%,9,
Contact STARLINK-4216 - MoonLRO,69011.682,17388.318,79.8746%,9,
Contact STARLINK-4216 - MarsSat1,68340.081,18059.919,79.0973%,9,
Contact STARLINK-4216 - MarsSat2,69216.932,17183.068,80.1122%,9,
Contact STARLINK-4216 - MarsSat3,69216.441,17183.559,80.1116%,9,
Contact STARLINK-4216 - MarsSat4,69216.508,17183.492,80.1117%,9,
Contact STARLINK-2022 - STARLINK-1598,11558.052,74841.948,13.3774%,6,
Contact STARLINK-2022 - STARLINK-4126,0.000,86400.000,0.0000%,0,
Contact STARLINK-2022 - STARLINK-4793,4704.744,81695.256,5.4453%,6,
Contact STARLINK-2022 - STARLINK-3536,0.000,86400.000,0.0000%,0,
Contact STARLINK-2022 - STARLINK-3715,86400.000,0.000,100.0000%,1,
Contact STARLINK-2022 - STARLINK-31405,7044.915,79355.085,8.1538%,6,
Contact STARLINK-2022 - STARLINK-1711,6985.729,79414.271,8.0853%,6,
Contact STARLINK-2022 - STARLINK-31026,0.000,86400.000,0.0000%,0,
Contact STARLINK-2022 - STARLINK-31139,1677.889,84722.111,1.9420%,3,
Contact STARLINK-2022 - STARLINK-4593,0.000,86400.000,0.0000%,0,
Contact STARLINK-2022 - STARLINK-31192,6802.507,79597.493,7.8733%,5,
Contact STARLINK-2022 - STARLINK-30800,0.000,86400.000,0.0000%,0,
Contact STARLINK-2022 - STARLINK-31558,4389.733,82010.267,5.0807%,2,
Contact STARLINK-2022 - STARLINK-4359,0.000,86400.000,0.0000%,0,
Contact STARLINK-2022 - STARLINK-4006,2194.605,84205.395,2.5401%,4,
Contact STARLINK-2022 - STARLINK-30089,0.000,86400.000,0.0000%,0,
Contact STARLINK-2022 - STARLINK-6374,0.000,86400.000,0.0000%,0,
Contact STARLINK-2022 - STARLINK-5247,53085.544,33314.456,61.4416%,7,
Contact STARLINK-2022 - STARLINK-30126,0.000,86400.000,0.0000%,0,
Contact STARLINK-2022 - STARLINK-2314,0.000,86400.000,0.0000%,0,
Contact STARLINK-2022 - STARLINK-4299,0.000,86400.000,0.0000%,0,
Contact STARLINK-2022 - STARLINK-4111,1588.423,84811.577,1.8385%,3,
Contact STARLINK-2022 - STARLINK-3994,2029.591,84370.409,2.3491%,5,
Contact STARLINK-2022 - STARLINK-5774,24982.721,61417.279,28.9152%,2,
Contact STARLINK-2022 - STARLINK-31295,0.000,86400.000,0.0000%,0,
Contact STARLINK-2022 - STARLINK-31577,0.000,86400.000,0.0000%,0,
Contact STARLINK-2022 - STARLINK-31128,9732.259,76667.741,11.2642%,5,
Contact STARLINK-2022 - STARLINK-5322,0.000,86400.000,0.0000%,0,
Contact STARLINK-2022 - STARLINK-2466,11879.741,74520.259,13.7497%,7,
Contact STARLINK-2022 - STARLINK-2704,0.000,86400.000,0.0000%,0,
Contact STARLINK-2022 - STARLINK-2643,0.000,86400.000,0.0000%,0,
Contact STARLINK-2022 - STARLINK-5807,2576.332,83823.668,2.9819%,5,
Contact STARLINK-2022 - STARLINK-2367,0.000,86400.000,0.0000%,0,
Contact STARLINK-2022 - STARLINK-4560,0.000,86400.000,0.0000%,0,
Contact STARLINK-2022 - STARLINK-3189,0.000,86400.000,0.0000%,0,
Contact STARLINK-2022 - STARLINK-31784,0.000,86400.000,0.0000%,0,
Contact STARLINK-2022 - STARLINK-5494,0.000,86400.000,0.0000%,0,
Contact STARLINK-2022 - STARLINK-30421,0.000,86400.000,0.0000%,0,
Contact STARLINK-2022 - STARLINK-4338,0.000,86400.000,0.0000%,0,
Contact STARLINK-2022 - STARLINK-32197,0.000,86400.000,0.0000%,0,
Contact STARLINK-2022 - STARLINK-2476,21151.168,65248.832,24.4805%,7,
Contact STARLINK-2022 - STARLINK-2105,0.000,86400.000,0.0000%,0,
Contact STARLINK-2022 - STARLINK-31536,1996.723,84403.277,2.3110%,3,
Contact STARLINK-2022 - STARLINK-6148,0.000,86400.000,0.0000%,0,
Contact STARLINK-2022 - STARLINK-11199 [DTC],826.964,85573.036,0.9571%,1,
Contact STARLINK-2022 - STARLINK-5849,2447.505,83952.495,2.8328%,5,
Contact STARLINK-2022 - STARLINK-5649,8455.627,77944.373,9.7866%,6,
Contact STARLINK-2022 - STARLINK-5197,15506.050,70893.950,17.9468%,7,
Contact STARLINK-2022 - STARLINK-30100,86400.000,0.000,100.0000%,1,
Contact STARLINK-2022 - STARLINK-11101 [DTC],9017.465,77382.535,10.4369%,3,
Contact STARLINK-2022 - STARLINK-2685,0.000,86400.000,0.0000%,0,
Contact STARLINK-2022 - STARLINK-4254,0.000,86400.000,0.0000%,0,
Contact STARLINK-2022 - STARLINK-31853,0.000,86400.000,0.0000%,0,
Contact STARLINK-2022 - STARLINK-4551,0.000,86400.000,0.0000%,0,
Contact STARLINK-2022 - STARLINK-1578,0.000,86400.000,0.0000%,0,
Contact STARLINK-2022 - STARLINK-5535,2793.824,83606.176,3.2336%,5,
Contact STARLINK-2022 - STARLINK-3525,21410.095,64989.905,24.7802%,6,
Contact STARLINK-2022 - STARLINK-5289,0.000,86400.000,0.0000%,0,
Contact STARLINK-2022 - STARLINK-1276,0.000,86400.000,0.0000%,0,
Contact STARLINK-2022 - STARLINK-5837,4511.907,81888.093,5.2221%,6,
Contact STARLINK-2022 - STARLINK-31852,34305.363,52094.637,39.7053%,4,
Contact STARLINK-2022 - STARLINK-1666,0.000,86400.000,0.0000%,0,
Contact STARLINK-2022 - STARLINK-1293,0.000,86400.000,0.0000%,0,
Contact STARLINK-2022 - STARLINK-30879,1244.283,85155.717,1.4401%,2,
Contact STARLINK-2022 - STARLINK-31345,0.000,86400.000,0.0000%,0,
Contact STARLINK-2022 - STARLINK-5058,42693.585,43706.415,49.4139%,6,
Contact STARLINK-2022 - STARLINK-31690,0.000,86400.000,0.0000%,0,
Contact STARLINK-2022 - STARLINK-5239,0.000,86400.000,0.0000%,0,
Contact STARLINK-2022 - STARLINK-1302,4541.259,81858.741,5.2561%,7,
Contact STARLINK-2022 - STARLINK-4675,0.000,86400.000,0.0000%,0,
Contact STARLINK-2022 - STARLINK-6135,17179.607,69220.393,19.8838%,6,
Contact STARLINK-2022 - STARLINK-32262,0.000,86400.000,0.0000%,0,
Contact STARLINK-2022 - STARLINK-1788,0.000,86400.000,0.0000%,0,
Contact STARLINK-2022 - STARLINK-1080,0.000,86400.000,0.0000%,0,
Contact STARLINK-2022 - STARLINK-4356,111.131,86288.869,0.1286%,1,
Contact STARLINK-2022 - STARLINK-31554,0.000,86400.000,0.0000%,0,
Contact STARLINK-2022 - STARLINK-4383,0.000,86400.000,0.0000%,0,
Contact STARLINK-2022 - STARLINK-30052,86400.000,0.000,100.0000%,1,
Contact STARLINK-2022 - STARLINK-5713,0.000,86400.000,0.0000%,0,
Contact STARLINK-2022 - STARLINK-1303,0.000,86400.000,0.0000%,0,
Contact STARLINK-2022 - STARLINK-11265 [DTC],435.643,85964.357,0.5042%,1,
Contact STARLINK-2022 - STARLINK-4612,0.000,86400.000,0.0000%,0,
Contact STARLINK-2022 - STARLINK-5831,0.000,86400.000,0.0000%,0,
Contact STARLINK-2022 - STARLINK-31034,0.000,86400.000,0.0000%,0,
Contact STARLINK-2022 - STARLINK-3815,0.000,86400.000,0.0000%,0,
Contact STARLINK-2022 - STARLINK-31611,0.000,86400.000,0.0000%,0,
Contact STARLINK-2022 - MoonARTEMIS1,74923.387,11476.613,86.7169%,7,
Contact STARLINK-2022 - MoonARTEMIS2,69451.358,16948.642,80.3835%,7,
Contact STARLINK-2022 - MoonIOAGEO,67426.100,18973.900,78.0395%,7,
Contact STARLINK-2022 - MoonIOAGNO,75051.474,11348.526,86.8651%,7,
Contact STARLINK-2022 - MoonIOAGNO 0001,75052.230,11347.770,86.8660%,7,
Contact STARLINK-2022 - MoonIOAGSO,73084.057,13315.943,84.5880%,8,
Contact STARLINK-2022 - MoonIOAGSO 0001,72341.872,14058.128,83.7290%,7,
Contact STARLINK-2022 - MoonLRO,75041.714,11358.286,86.8538%,7,
Contact STARLINK-2022 - MarsSat1,71328.372,15071.628,82.5560%,8,
Contact STARLINK-2022 - MarsSat2,73628.740,12771.260,85.2184%,8,
Contact STARLINK-2022 - MarsSat3,73627.533,12772.467,85.2171%,8,
Contact STARLINK-2022 - MarsSat4,73627.355,12772.645,85.2168%,8,
Contact STARLINK-1598 - STARLINK-4126,0.000,86400.000,0.0000%,0,
Contact STARLINK-1598 - STARLINK-4793,75083.240,11316.760,86.9019%,1,
Contact STARLINK-1598 - STARLINK-3536,0.000,86400.000,0.0000%,0,
Contact STARLINK-1598 - STARLINK-3715,5162.278,81237.722,5.9749%,7,
Contact STARLINK-1598 - STARLINK-31405,32503.225,53896.775,37.6195%,6,
Contact STARLINK-1598 - STARLINK-1711,86400.000,0.000,100.0000%,1,
Contact STARLINK-1598 - STARLINK-31026,0.000,86400.000,0.0000%,0,
Contact STARLINK-1598 - STARLINK-31139,12201.744,74198.256,14.1224%,7,
Contact STARLINK-1598 - STARLINK-4593,0.000,86400.000,0.0000%,0,
Contact STARLINK-1598 - STARLINK-31192,0.000,86400.000,0.0000%,0,
Contact STARLINK-1598 - STARLINK-30800,0.000,86400.000,0.0000%,0,
Contact STARLINK-1598 - STARLINK-31558,0.000,86400.000,0.0000%,0,
Contact STARLINK-1598 - STARLINK-4359,0.000,86400.000,0.0000%,0,
Contact STARLINK-1598 - STARLINK-4006,0.000,86400.000,0.0000%,0,
Contact STARLINK-1598 - STARLINK-30089,1591.252,84808.748,1.8417%,2,
Contact STARLINK-1598 - STARLINK-6374,18371.546,68028.454,21.2634%,3,
Contact STARLINK-1598 - STARLINK-5247,0.000,86400.000,0.0000%,0,
Contact STARLINK-1598 - STARLINK-30126,0.000,86400.000,0.0000%,0,
Contact STARLINK-1598 - STARLINK-2314,12105.009,74294.991,14.0104%,4,
Contact STARLINK-1598 - STARLINK-4299,0.000,86400.000,0.0000%,0,
Contact STARLINK-1598 - STARLINK-4111,15455.760,70944.240,17.8886%,7,
Contact STARLINK-1598 - STARLINK-3994,0.000,86400.000,0.0000%,0,
Contact STARLINK-1598 - STARLINK-5774,606.817,85793.183,0.7023%,1,
Contact STARLINK-1598 - STARLINK-31295,0.000,86400.000,0.0000%,0,
Contact STARLINK-1598 - STARLINK-31577,0.000,86400.000,0.0000%,0,
Contact STARLINK-1598 - STARLINK-31128,12595.588,73804.412,14.5782%,7,
Contact STARLINK-1598 - STARLINK-5322,0.000,86400.000,0.0000%,0,
Contact STARLINK-1598 - STARLINK-2466,0.000,86400.000,0.0000%,0,
Contact STARLINK-1598 - STARLINK-2704,0.000,86400.000,0.0000%,0,
Contact STARLINK-1598 - STARLINK-2643,0.000,86400.000,0.0000%,0,
Contact STARLINK-1598 - STARLINK-5807,0.000,86400.000,0.0000%,0,
Contact STARLINK-1598 - STARLINK-2367,0.000,86400.000,0.0000%,0,
Contact STARLINK-1598 - STARLINK-4560,4593.742,81806.258,5.3168%,7,
Contact STARLINK-1598 - STARLINK-3189,0.000,86400.000,0.0000%,0,
Contact STARLINK-1598 - STARLINK-31784,558.788,85841.212,0.6467%,1,
Contact STARLINK-1598 - STARLINK-5494,239.383,86160.617,0.2771%,1,
Contact STARLINK-1598 - STARLINK-30421,0.000,86400.000,0.0000%,0,
Contact STARLINK-1598 - STARLINK-4338,0.000,86400.000,0.0000%,0,
Contact STARLINK-1598 - STARLINK-32197,0.000,86400.000,0.0000%,0,
Contact STARLINK-1598 - STARLINK-2476,1182.063,85217.937,1.3681%,2,
Contact STARLINK-1598 - STARLINK-2105,17465.430,68934.570,20.2146%,6,
Contact STARLINK-1598 - STARLINK-31536,9710.991,76689.009,11.2396%,7,
Contact STARLINK-1598 - STARLINK-6148,0.000,86400.000,0.0000%,0,
Contact STARLINK-1598 - STARLINK-11199 [DTC],24120.784,62279.216,27.9176%,1,
Contact STARLINK-1598 - STARLINK-5849,50637.827,35762.173,58.6086%,1,
Contact STARLINK-1598 - STARLINK-5649,43899.564,42500.436,50.8097%,1,
Contact STARLINK-1598 - STARLINK-5197,28162.407,58237.593,32.5954%,1,
Contact STARLINK-1598 - STARLINK-30100,11712.892,74687.108,13.5566%,6,
Contact STARLINK-1598 - STARLINK-11101 [DTC],2116.575,84283.425,2.4497%,3,
Contact STARLINK-1598 - STARLINK-2685,6557.229,79842.771,7.5894%,4,
Contact STARLINK-1598 - STARLINK-4254,4120.109,82279.891,4.7686%,7,
Contact STARLINK-1598 - STARLINK-31853,0.000,86400.000,0.0000%,0,
Contact STARLINK-1598 - STARLINK-4551,0.000,86400.000,0.0000%,0,
Contact STARLINK-1598 - STARLINK-1578,0.000,86400.000,0.0000%,0,
Contact STARLINK-1598 - STARLINK-5535,0.000,86400.000,0.0000%,0,
Contact STARLINK-1598 - STARLINK-3525,86400.000,0.000,100.0000%,1,
Contact STARLINK-1598 - STARLINK-5289,0.000,86400.000,0.0000%,0,
Contact STARLINK-1598 - STARLINK-1276,12227.304,74172.696,14.1520%,7,
Contact STARLINK-1598 - STARLINK-5837,19884.521,66515.479,23.0145%,5,
Contact STARLINK-1598 - STARLINK-31852,15262.962,71137.038,17.6655%,2,
Contact STARLINK-1598 - STARLINK-1666,0.000,86400.000,0.0000%,0,
Contact STARLINK-1598 - STARLINK-1293,0.000,86400.000,0.0000%,0,
Contact STARLINK-1598 - STARLINK-30879,15293.136,71106.864,17.7004%,4,
Contact STARLINK-1598 - STARLINK-31345,0.000,86400.000,0.0000%,0,
Contact STARLINK-1598 - STARLINK-5058,79376.053,7023.947,91.8704%,1,
Contact STARLINK-1598 - STARLINK-31690,0.000,86400.000,0.0000%,0,
Contact STARLINK-1598 - STARLINK-5239,51922.786,34477.214,60.0958%,7,
Contact STARLINK-1598 - STARLINK-1302,0.000,86400.000,0.0000%,0,
Contact STARLINK-1598 - STARLINK-4675,0.000,86400.000,0.0000%,0,
Contact STARLINK-1598 - STARLINK-6135,46537.860,39862.140,53.8633%,7,
Contact STARLINK-1598 - STARLINK-32262,0.000,86400.000,0.0000%,0,
Contact STARLINK-1598 - STARLINK-1788,0.000,86400.000,0.0000%,0,
Contact STARLINK-1598 - STARLINK-1080,0.000,86400.000,0.0000%,0,
Contact STARLINK-1598 - STARLINK-4356,28118.240,58281.760,32.5443%,3,
Contact STARLINK-1598 - STARLINK-31554,0.000,86400.000,0.0000%,0,
Contact STARLINK-1598 - STARLINK-4383,0.000,86400.000,0.0000%,0,
Contact STARLINK-1598 - STARLINK-30052,8461.414,77938.586,9.7933%,7,
Contact STARLINK-1598 - STARLINK-5713,0.000,86400.000,0.0000%,0,
Contact STARLINK-1598 - STARLINK-1303,0.000,86400.000,0.0000%,0,
Contact STARLINK-1598 - STARLINK-11265 [DTC],2255.589,84144.411,2.6106%,1,
Contact STARLINK-1598 - STARLINK-4612,0.000,86400.000,0.0000%,0,
Contact STARLINK-1598 - STARLINK-5831,0.000,86400.000,0.0000%,0,
Contact STARLINK-1598 - STARLINK-31034,0.000,86400.000,0.0000%,0,
Contact STARLINK-1598 - STARLINK-3815,229.133,86170.867,0.2652%,1,
Contact STARLINK-1598 - STARLINK-31611,0.000,86400.000,0.0000%,0,
Contact STARLINK-1598 - MoonARTEMIS1,70544.443,15855.557,81.6487%,9,
Contact STARLINK-1598 - MoonARTEMIS2,64602.066,21797.934,74.7709%,9,
Contact STARLINK-1598 - MoonIOAGEO,59040.615,27359.385,68.3340%,9,
Contact STARLINK-1598 - MoonIOAGNO,70484.090,15915.910,81.5788%,9,
Contact STARLINK-1598 - MoonIOAGNO 0001,70512.455,15887.545,81.6116%,9,
Contact STARLINK-1598 - MoonIOAGSO,69543.899,16856.101,80.4906%,9,
Contact STARLINK-1598 - MoonIOAGSO 0001,70387.674,16012.326,81.4672%,9,
Contact STARLINK-1598 - MoonLRO,70438.452,15961.548,81.5260%,9,
Contact STARLINK-1598 - MarsSat1,68495.068,17904.932,79.2767%,8,
Contact STARLINK-1598 - MarsSat2,70437.827,15962.173,81.5253%,9,
Contact STARLINK-1598 - MarsSat3,70438.122,15961.878,81.5256%,9,
Contact STARLINK-1598 - MarsSat4,70438.135,15961.865,81.5256%,9,
Contact STARLINK-4126 - STARLINK-4793,421.669,85978.331,0.4880%,2,
Contact STARLINK-4126 - STARLINK-3536,86400.000,0.000,100.0000%,1,
Contact STARLINK-4126 - STARLINK-3715,0.000,86400.000,0.0000%,0,
Contact STARLINK-4126 - STARLINK-31405,351.240,86048.760,0.4065%,1,
Contact STARLINK-4126 - STARLINK-1711,0.000,86400.000,0.0000%,0,
Contact STARLINK-4126 - STARLINK-31026,10660.142,75739.858,12.3381%,5,
Contact STARLINK-4126 - STARLINK-31139,0.000,86400.000,0.0000%,0,
Contact STARLINK-4126 - STARLINK-4593,0.000,86400.000,0.0000%,0,
Contact STARLINK-4126 - STARLINK-31192,2444.222,83955.778,2.8290%,3,
Contact STARLINK-4126 - STARLINK-30800,0.000,86400.000,0.0000%,0,
Contact STARLINK-4126 - STARLINK-31558,7562.446,78837.554,8.7528%,6,
Contact STARLINK-4126 - STARLINK-4359,0.000,86400.000,0.0000%,0,
Contact STARLINK-4126 - STARLINK-4006,2596.519,83803.481,3.0052%,4,
Contact STARLINK-4126 - STARLINK-30089,0.000,86400.000,0.0000%,0,
Contact STARLINK-4126 - STARLINK-6374,0.000,86400.000,0.0000%,0,
Contact STARLINK-4126 - STARLINK-5247,0.000,86400.000,0.0000%,0,
Contact STARLINK-4126 - STARLINK-30126,0.000,86400.000,0.0000%,0,
Contact STARLINK-4126 - STARLINK-2314,0.000,86400.000,0.0000%,0,
Contact STARLINK-4126 - STARLINK-4299,0.000,86400.000,0.0000%,0,
Contact STARLINK-4126 - STARLINK-4111,0.000,86400.000,0.0000%,0,
Contact STARLINK-4126 - STARLINK-3994,0.000,86400.000,0.0000%,0,
Contact STARLINK-4126 - STARLINK-5774,0.000,86400.000,0.0000%,0,
Contact STARLINK-4126 - STARLINK-31295,0.000,86400.000,0.0000%,0,
Contact STARLINK-4126 - STARLINK-31577,2362.936,84037.064,2.7349%,3,
Contact STARLINK-4126 - STARLINK-31128,0.000,86400.000,0.0000%,0,
Contact STARLINK-4126 - STARLINK-5322,86400.000,0.000,100.0000%,1,
Contact STARLINK-4126 - STARLINK-2466,1013.549,85386.451,1.1731%,3,
Contact STARLINK-4126 - STARLINK-2704,27254.528,59145.472,31.5446%,6,
Contact STARLINK-4126 - STARLINK-2643,0.000,86400.000,0.0000%,0,
Contact STARLINK-4126 - STARLINK-5807,5000.348,81399.652,5.7874%,6,
Contact STARLINK-4126 - STARLINK-2367,15594.063,70805.937,18.0487%,7,
Contact STARLINK-4126 - STARLINK-4560,0.000,86400.000,0.0000%,0,
Contact STARLINK-4126 - STARLINK-3189,0.000,86400.000,0.0000%,0,
Contact STARLINK-4126 - STARLINK-31784,0.000,86400.000,0.0000%,0,
Contact STARLINK-4126 - STARLINK-5494,1541.546,84858.454,1.7842%,3,
Contact STARLINK-4126 - STARLINK-30421,2764.758,83635.242,3.2000%,4,
Contact STARLINK-4126 - STARLINK-4338,0.000,86400.000,0.0000%,0,
Contact STARLINK-4126 - STARLINK-32197,1337.887,85062.113,1.5485%,2,
Contact STARLINK-4126 - STARLINK-2476,0.000,86400.000,0.0000%,0,
Contact STARLINK-4126 - STARLINK-2105,0.000,86400.000,0.0000%,0,
Contact STARLINK-4126 - STARLINK-31536,0.000,86400.000,0.0000%,0,
Contact STARLINK-4126 - STARLINK-6148,0.000,86400.000,0.0000%,0,
Contact STARLINK-4126 - STARLINK-11199 [DTC],2417.761,83982.239,2.7983%,3,
Contact STARLINK-4126 - STARLINK-5849,4563.994,81836.006,5.2824%,5,
Contact STARLINK-4126 - STARLINK-5649,0.000,86400.000,0.0000%,0,
Contact STARLINK-4126 - STARLINK-5197,0.000,86400.000,0.0000%,0,
Contact STARLINK-4126 - STARLINK-30100,0.000,86400.000,0.0000%,0,
Contact STARLINK-4126 - STARLINK-11101 [DTC],2025.437,84374.563,2.3443%,2,
Contact STARLINK-4126 - STARLINK-2685,0.000,86400.000,0.0000%,0,
Contact STARLINK-4126 - STARLINK-4254,0.000,86400.000,0.0000%,0,
Contact STARLINK-4126 - STARLINK-31853,41429.985,44970.015,47.9514%,1,
Contact STARLINK-4126 - STARLINK-4551,0.000,86400.000,0.0000%,0,
Contact STARLINK-4126 - STARLINK-1578,0.000,86400.000,0.0000%,0,
Contact STARLINK-4126 - STARLINK-5535,4356.408,82043.592,5.0421%,6,
Contact STARLINK-4126 - STARLINK-3525,0.000,86400.000,0.0000%,0,
Contact STARLINK-4126 - STARLINK-5289,0.000,86400.000,0.0000%,0,
Contact STARLINK-4126 - STARLINK-1276,0.000,86400.000,0.0000%,0,
Contact STARLINK-4126 - STARLINK-5837,3487.021,82912.979,4.0359%,6,
Contact STARLINK-4126 - STARLINK-31852,0.000,86400.000,0.0000%,0,
Contact STARLINK-4126 - STARLINK-1666,0.000,86400.000,0.0000%,0,
Contact STARLINK-4126 - STARLINK-1293,0.000,86400.000,0.0000%,0,
Contact STARLINK-4126 - STARLINK-30879,0.000,86400.000,0.0000%,0,
Contact STARLINK-4126 - STARLINK-31345,35358.074,51041.926,40.9237%,1,
Contact STARLINK-4126 - STARLINK-5058,0.000,86400.000,0.0000%,0,
Contact STARLINK-4126 - STARLINK-31690,24975.505,61424.495,28.9068%,2,
Contact STARLINK-4126 - STARLINK-5239,0.000,86400.000,0.0000%,0,
Contact STARLINK-4126 - STARLINK-1302,3208.720,83191.280,3.7138%,5,
Contact STARLINK-4126 - STARLINK-4675,3893.950,82506.050,4.5069%,6,
Contact STARLINK-4126 - STARLINK-6135,0.000,86400.000,0.0000%,0,
Contact STARLINK-4126 - STARLINK-32262,0.000,86400.000,0.0000%,0,
Contact STARLINK-4126 - STARLINK-1788,0.000,86400.000,0.0000%,0,
Contact STARLINK-4126 - STARLINK-1080,0.000,86400.000,0.0000%,0,
Contact STARLINK-4126 - STARLINK-4356,8834.285,77565.715,10.2249%,7,
Contact STARLINK-4126 - STARLINK-31554,1893.385,84506.615,2.1914%,2,
Contact STARLINK-4126 - STARLINK-4383,0.000,86400.000,0.0000%,0,
Contact STARLINK-4126 - STARLINK-30052,0.000,86400.000,0.0000%,0,
Contact STARLINK-4126 - STARLINK-5713,70706.486,15693.514,81.8362%,4,
Contact STARLINK-4126 - STARLINK-1303,2900.616,83499.384,3.3572%,5,
Contact STARLINK-4126 - STARLINK-11265 [DTC],5416.021,80983.979,6.2685%,3,
Contact STARLINK-4126 - STARLINK-4612,0.000,86400.000,0.0000%,0,
Contact STARLINK-4126 - STARLINK-5831,0.000,86400.000,0.0000%,0,
Contact STARLINK-4126 - STARLINK-31034,0.000,86400.000,0.0000%,0,
Contact STARLINK-4126 - STARLINK-3815,0.000,86400.000,0.0000%,0,
Contact STARLINK-4126 - STARLINK-31611,0.000,86400.000,0.0000%,0,
Contact STARLINK-4126 - MoonARTEMIS1,82910.034,3489.966,95.9607%,4,
Contact STARLINK-4126 - MoonARTEMIS2,81452.217,4947.783,94.2734%,4,
Contact STARLINK-4126 - MoonIOAGEO,75845.404,10554.596,87.7840%,5,
Contact STARLINK-4126 - MoonIOAGNO,83783.975,2616.025,96.9722%,3,
Contact STARLINK-4126 - MoonIOAGNO 0001,83468.810,2931.190,96.6074%,4,
Contact STARLINK-4126 - MoonIOAGSO,82487.004,3912.996,95.4711%,4,
Contact STARLINK-4126 - MoonIOAGSO 0001,83307.178,3092.822,96.4203%,4,
Contact STARLINK-4126 - MoonLRO,83794.815,2605.185,96.9847%,3,
Contact STARLINK-4126 - MarsSat1,82881.134,3518.866,95.9272%,4,
Contact STARLINK-4126 - MarsSat2,84155.587,2244.413,97.4023%,4,
Contact STARLINK-4126 - MarsSat3,84150.118,2249.882,97.3960%,4,
Contact STARLINK-4126 - MarsSat4,84150.790,2249.210,97.3967%,4,
Contact STARLINK-4793 - STARLINK-3536,0.000,86400.000,0.0000%,0,
Contact STARLINK-4793 - STARLINK-3715,4359.660,82040.340,5.0459%,6,
Contact STARLINK-4793 - STARLINK-31405,38475.546,47924.454,44.5319%,5,
Contact STARLINK-4793 - STARLINK-1711,86400.000,0.000,100.0000%,1,
Contact STARLINK-4793 - STARLINK-31026,1024.816,85375.184,1.1861%,2,
Contact STARLINK-4793 - STARLINK-31139,7387.068,79012.932,8.5498%,6,
Contact STARLINK-4793 - STARLINK-4593,0.000,86400.000,0.0000%,0,
Contact STARLINK-4793 - STARLINK-31192,33328.023,53071.977,38.5741%,2,
Contact STARLINK-4793 - STARLINK-30800,0.000,86400.000,0.0000%,0,
Contact STARLINK-4793 - STARLINK-31558,0.000,86400.000,0.0000%,0,
Contact STARLINK-4793 - STARLINK-4359,0.000,86400.000,0.0000%,0,
Contact STARLINK-4793 - STARLINK-4006,0.000,86400.000,0.0000%,0,
Contact STARLINK-4793 - STARLINK-30089,0.000,86400.000,0.0000%,0,
Contact STARLINK-4793 - STARLINK-6374,0.000,86400.000,0.0000%,0,
Contact STARLINK-4793 - STARLINK-5247,0.000,86400.000,0.0000%,0,
Contact STARLINK-4793 - STARLINK-30126,0.000,86400.000,0.0000%,0,
Contact STARLINK-4793 - STARLINK-2314,0.000,86400.000,0.0000%,0,
Contact STARLINK-4793 - STARLINK-4299,0.000,86400.000,0.0000%,0,
Contact STARLINK-4793 - STARLINK-4111,15754.372,70645.628,18.2342%,7,
Contact STARLINK-4793 - STARLINK-3994,0.000,86400.000,0.0000%,0,
Contact STARLINK-4793 - STARLINK-5774,0.000,86400.000,0.0000%,0,
Contact STARLINK-4793 - STARLINK-31295,0.000,86400.000,0.0000%,0,
Contact STARLINK-4793 - STARLINK-31577,0.000,86400.000,0.0000%,0,
Contact STARLINK-4793 - STARLINK-31128,17802.867,68597.133,20.6052%,7,
Contact STARLINK-4793 - STARLINK-5322,1261.627,85138.373,1.4602%,3,
Contact STARLINK-4793 - STARLINK-2466,0.000,86400.000,0.0000%,0,
Contact STARLINK-4793 - STARLINK-2704,0.000,86400.000,0.0000%,0,
Contact STARLINK-4793 - STARLINK-2643,0.000,86400.000,0.0000%,0,
Contact STARLINK-4793 - STARLINK-5807,0.000,86400.000,0.0000%,0,
Contact STARLINK-4793 - STARLINK-2367,86400.000,0.000,100.0000%,1,
Contact STARLINK-4793 - STARLINK-4560,3782.266,82617.734,4.3776%,6,
Contact STARLINK-4793 - STARLINK-3189,0.000,86400.000,0.0000%,0,
Contact STARLINK-4793 - STARLINK-31784,0.000,86400.000,0.0000%,0,
Contact STARLINK-4793 - STARLINK-5494,0.000,86400.000,0.0000%,0,
Contact STARLINK-4793 - STARLINK-30421,0.000,86400.000,0.0000%,0,
Contact STARLINK-4793 - STARLINK-4338,0.000,86400.000,0.0000%,0,
Contact STARLINK-4793 - STARLINK-32197,0.000,86400.000,0.0000%,0,
Contact STARLINK-4793 - STARLINK-2476,7407.788,78992.212,8.5738%,6,
Contact STARLINK-4793 - STARLINK-2105,18036.376,68363.624,20.8754%,6,
Contact STARLINK-4793 - STARLINK-31536,13373.345,73026.655,15.4784%,5,
Contact STARLINK-4793 - STARLINK-6148,0.000,86400.000,0.0000%,0,
Contact STARLINK-4793 - STARLINK-11199 [DTC],32255.247,54144.753,37.3325%,1,
Contact STARLINK-4793 - STARLINK-5849,86400.000,0.000,100.0000%,1,
Contact STARLINK-4793 - STARLINK-5649,0.000,86400.000,0.0000%,0,
Contact STARLINK-4793 - STARLINK-5197,0.000,86400.000,0.0000%,0,
Contact STARLINK-4793 - STARLINK-30100,8153.268,78246.732,9.4367%,6,
Contact STARLINK-4793 - STARLINK-11101 [DTC],2394.330,84005.670,2.7712%,4,
Contact STARLINK-4793 - STARLINK-2685,0.000,86400.000,0.0000%,0,
Contact STARLINK-4793 - STARLINK-4254,2561.072,83838.928,2.9642%,5,
Contact STARLINK-4793 - STARLINK-31853,0.000,86400.000,0.0000%,0,
Contact STARLINK-4793 - STARLINK-4551,0.000,86400.000,0.0000%,0,
Contact STARLINK-4793 - STARLINK-1578,0.000,86400.000,0.0000%,0,
Contact STARLINK-4793 - STARLINK-5535,0.000,86400.000,0.0000%,0,
Contact STARLINK-4793 - STARLINK-3525,46089.038,40310.962,53.3438%,7,
Contact STARLINK-4793 - STARLINK-5289,0.000,86400.000,0.0000%,0,
Contact STARLINK-4793 - STARLINK-1276,5358.282,81041.718,6.2017%,7,
Contact STARLINK-4793 - STARLINK-5837,49504.364,36895.636,57.2967%,6,
Contact STARLINK-4793 - STARLINK-31852,3263.357,83136.643,3.7770%,2,
Contact STARLINK-4793 - STARLINK-1666,0.000,86400.000,0.0000%,0,
Contact STARLINK-4793 - STARLINK-1293,0.000,86400.000,0.0000%,0,
Contact STARLINK-4793 - STARLINK-30879,5056.595,81343.405,5.8525%,2,
Contact STARLINK-4793 - STARLINK-31345,0.000,86400.000,0.0000%,0,
Contact STARLINK-4793 - STARLINK-5058,7902.336,78497.664,9.1462%,2,
Contact STARLINK-4793 - STARLINK-31690,0.000,86400.000,0.0000%,0,
Contact STARLINK-4793 - STARLINK-5239,39722.424,46677.576,45.9750%,7,
Contact STARLINK-4793 - STARLINK-1302,0.000,86400.000,0.0000%,0,
Contact STARLINK-4793 - STARLINK-4675,0.000,86400.000,0.0000%,0,
Contact STARLINK-4793 - STARLINK-6135,76453.059,9946.941,88.4873%,7,
Contact STARLINK-4793 - STARLINK-32262,0.000,86400.000,0.0000%,0,
Contact STARLINK-4793 - STARLINK-1788,0.000,86400.000,0.0000%,0,
Contact STARLINK-4793 - STARLINK-1080,0.000,86400.000,0.0000%,0,
Contact STARLINK-4793 - STARLINK-4356,84649.723,1750.277,97.9742%,3,
Contact STARLINK-4793 - STARLINK-31554,0.000,86400.000,0.0000%,0,
Contact STARLINK-4793 - STARLINK-4383,0.000,86400.000,0.0000%,0,
Contact STARLINK-4793 - STARLINK-30052,10311.085,76088.915,11.9341%,6,
Contact STARLINK-4793 - STARLINK-5713,0.000,86400.000,0.0000%,0,
Contact STARLINK-4793 - STARLINK-1303,0.000,86400.000,0.0000%,0,
Contact STARLINK-4793 - STARLINK-11265 [DTC],18784.839,67615.161,21.7417%,1,
Contact STARLINK-4793 - STARLINK-4612,0.000,86400.000,0.0000%,0,
Contact STARLINK-4793 - STARLINK-5831,0.000,86400.000,0.0000%,0,
Contact STARLINK-4793 - STARLINK-31034,0.000,86400.000,0.0000%,0,
Contact STARLINK-4793 - STARLINK-3815,0.000,86400.000,0.0000%,0,
Contact STARLINK-4793 - STARLINK-31611,0.000,86400.000,0.0000%,0,
Contact STARLINK-4793 - MoonARTEMIS1,67547.682,18852.318,78.1802%,10,
Contact STARLINK-4793 - MoonARTEMIS2,61686.043,24713.957,71.3959%,10,
Contact STARLINK-4793 - MoonIOAGEO,56030.188,30369.812,64.8498%,10,
Contact STARLINK-4793 - MoonIOAGNO,67520.046,18879.954,78.1482%,10,
Contact STARLINK-4793 - MoonIOAGNO 0001,67518.924,18881.076,78.1469%,10,
Contact STARLINK-4793 - MoonIOAGSO,65167.607,21232.393,75.4255%,10,
Contact STARLINK-4793 - MoonIOAGSO 0001,67313.274,19086.726,77.9089%,10,
Contact STARLINK-4793 - MoonLRO,67500.750,18899.250,78.1259%,10,
Contact STARLINK-4793 - MarsSat1,64416.814,21983.186,74.5565%,10,
Contact STARLINK-4793 - MarsSat2,67626.651,18773.349,78.2716%,10,
Contact STARLINK-4793 - MarsSat3,67626.842,18773.158,78.2718%,10,
Contact STARLINK-4793 - MarsSat4,67626.825,18773.175,78.2718%,10,
Contact STARLINK-3536 - STARLINK-3715,0.000,86400.000,0.0000%,0,
Contact STARLINK-3536 - STARLINK-31405,0.000,86400.000,0.0000%,0,
Contact STARLINK-3536 - STARLINK-1711,0.000,86400.000,0.0000%,0,
Contact STARLINK-3536 - STARLINK-31026,0.000,86400.000,0.0000%,0,
Contact STARLINK-3536 - STARLINK-31139,0.000,86400.000,0.0000%,0,
Contact STARLINK-3536 - STARLINK-4593,0.000,86400.000,0.0000%,0,
Contact STARLINK-3536 - STARLINK-31192,762.455,85637.545,0.8825%,1,
Contact STARLINK-3536 - STARLINK-30800,1533.179,84866.821,1.7745%,4,
Contact STARLINK-3536 - STARLINK-31558,3582.182,82817.818,4.1460%,6,
Contact STARLINK-3536 - STARLINK-4359,1746.511,84653.489,2.0214%,3,
Contact STARLINK-3536 - STARLINK-4006,1004.046,85395.954,1.1621%,3,
Contact STARLINK-3536 - STARLINK-30089,0.000,86400.000,0.0000%,0,
Contact STARLINK-3536 - STARLINK-6374,0.000,86400.000,0.0000%,0,
Contact STARLINK-3536 - STARLINK-5247,0.000,86400.000,0.0000%,0,
Contact STARLINK-3536 - STARLINK-30126,0.000,86400.000,0.0000%,0,
Contact STARLINK-3536 - STARLINK-2314,0.000,86400.000,0.0000%,0,
Contact STARLINK-3536 - STARLINK-4299,1546.659,84853.341,1.7901%,4,
Contact STARLINK-3536 - STARLINK-4111,0.000,86400.000,0.0000%,0,
Contact STARLINK-3536 - STARLINK-3994,0.000,86400.000,0.0000%,0,
Contact STARLINK-3536 - STARLINK-5774,0.000,86400.000,0.0000%,0,
Contact STARLINK-3536 - STARLINK-31295,1102.984,85297.016,1.2766%,1,
Contact STARLINK-3536 - STARLINK-31577,3028.997,83371.003,3.5058%,4,
Contact STARLINK-3536 - STARLINK-31128,0.000,86400.000,0.0000%,0,
Contact STARLINK-3536 - STARLINK-5322,65416.527,20983.473,75.7136%,4,
Contact STARLINK-3536 - STARLINK-2466,0.000,86400.000,0.0000%,0,
Contact STARLINK-3536 - STARLINK-2704,3678.903,82721.097,4.2580%,6,
Contact STARLINK-3536 - STARLINK-2643,0.000,86400.000,0.0000%,0,
Contact STARLINK-3536 - STARLINK-5807,5123.346,81276.654,5.9298%,6,
Contact STARLINK-3536 - STARLINK-2367,1086.928,85313.072,1.2580%,2,
Contact STARLINK-3536 - STARLINK-4560,3194.824,83205.176,3.6977%,6,
Contact STARLINK-3536 - STARLINK-3189,0.000,86400.000,0.0000%,0,
Contact STARLINK-3536 - STARLINK-31784,0.000,86400.000,0.0000%,0,
Contact STARLINK-3536 - STARLINK-5494,2109.799,84290.201,2.4419%,5,
Contact STARLINK-3536 - STARLINK-30421,5916.250,80483.750,6.8475%,4,
Contact STARLINK-3536 - STARLINK-4338,0.000,86400.000,0.0000%,0,
Contact STARLINK-3536 - STARLINK-32197,21393.441,65006.559,24.7609%,4,
Contact STARLINK-3536 - STARLINK-2476,0.000,86400.000,0.0000%,0,
Contact STARLINK-3536 - STARLINK-2105,0.000,86400.000,0.0000%,0,
Contact STARLINK-3536 - STARLINK-31536,0.000,86400.000,0.0000%,0,
Contact STARLINK-3536 - STARLINK-6148,0.000,86400.000,0.0000%,0,
Contact STARLINK-3536 - STARLINK-11199 [DTC],2646.046,83753.954,3.0626%,3,
Contact STARLINK-3536 - STARLINK-5849,0.000,86400.000,0.0000%,0,
Contact STARLINK-3536 - STARLINK-5649,0.000,86400.000,0.0000%,0,
Contact STARLINK-3536 - STARLINK-5197,0.000,86400.000,0.0000%,0,
Contact STARLINK-3536 - STARLINK-30100,0.000,86400.000,0.0000%,0,
Contact STARLINK-3536 - STARLINK-11101 [DTC],1578.344,84821.656,1.8268%,3,
Contact STARLINK-3536 - STARLINK-2685,0.000,86400.000,0.0000%,0,
Contact STARLINK-3536 - STARLINK-4254,0.000,86400.000,0.0000%,0,
Contact STARLINK-3536 - STARLINK-31853,59956.183,26443.817,69.3937%,2,
Contact STARLINK-3536 - STARLINK-4551,84328.621,2071.379,97.6026%,5,
Contact STARLINK-3536 - STARLINK-1578,8657.918,77742.082,10.0207%,7,
Contact STARLINK-3536 - STARLINK-5535,7440.686,78959.314,8.6119%,6,
Contact STARLINK-3536 - STARLINK-3525,0.000,86400.000,0.0000%,0,
Contact STARLINK-3536 - STARLINK-5289,0.000,86400.000,0.0000%,0,
Contact STARLINK-3536 - STARLINK-1276,0.000,86400.000,0.0000%,0,
Contact STARLINK-3536 - STARLINK-5837,3146.890,83253.110,3.6422%,7,
Contact STARLINK-3536 - STARLINK-31852,0.000,86400.000,0.0000%,0,
Contact STARLINK-3536 - STARLINK-1666,0.000,86400.000,0.0000%,0,
Contact STARLINK-3536 - STARLINK-1293,4014.236,82385.764,4.6461%,6,
Contact STARLINK-3536 - STARLINK-30879,0.000,86400.000,0.0000%,0,
Contact STARLINK-3536 - STARLINK-31345,77231.927,9168.073,89.3888%,1,
Contact STARLINK-3536 - STARLINK-5058,0.000,86400.000,0.0000%,0,
Contact STARLINK-3536 - STARLINK-31690,22891.804,63508.196,26.4951%,4,
Contact STARLINK-3536 - STARLINK-5239,0.000,86400.000,0.0000%,0,
Contact STARLINK-3536 - STARLINK-1302,2427.039,83972.961,2.8091%,5,
Contact STARLINK-3536 - STARLINK-4675,11475.320,74924.680,13.2816%,6,
Contact STARLINK-3536 - STARLINK-6135,0.000,86400.000,0.0000%,0,
Contact STARLINK-3536 - STARLINK-32262,0.000,86400.000,0.0000%,0,
Contact STARLINK-3536 - STARLINK-1788,0.000,86400.000,0.0000%,0,
Contact STARLINK-3536 - STARLINK-1080,0.000,86400.000,0.0000%,0,
Contact STARLINK-3536 - STARLINK-4356,12443.940,73956.060,14.4027%,5,
Contact STARLINK-3536 - STARLINK-31554,5604.768,80795.232,6.4870%,3,
Contact STARLINK-3536 - STARLINK-4383,73200.438,13199.562,84.7227%,6,
Contact STARLINK-3536 - STARLINK-30052,0.000,86400.000,0.0000%,0,
Contact STARLINK-3536 - STARLINK-5713,86400.000,0.000,100.0000%,1,
Contact STARLINK-3536 - STARLINK-1303,8143.357,78256.643,9.4252%,7,
Contact STARLINK-3536 - STARLINK-11265 [DTC],14428.969,71971.031,16.7002%,3,
Contact STARLINK-3536 - STARLINK-4612,0.000,86400.000,0.0000%,0,
Contact STARLINK-3536 - STARLINK-5831,0.000,86400.000,0.0000%,0,
Contact STARLINK-3536 - STARLINK-31034,11312.102,75087.898,13.0927%,1,
Contact STARLINK-3536 - STARLINK-3815,431.484,85968.516,0.4994%,1,
Contact STARLINK-3536 - STARLINK-31611,0.000,86400.000,0.0000%,0,
Contact STARLINK-3536 - MoonARTEMIS1,86400.000,0.000,100.0000%,1,
Contact STARLINK-3536 - MoonARTEMIS2,83819.693,2580.307,97.0135%,2,
Contact STARLINK-3536 - MoonIOAGEO,78689.512,7710.488,91.0758%,3,
Contact STARLINK-3536 - MoonIOAGNO,86400.000,0.000,100.0000%,1,
Contact STARLINK-3536 - MoonIOAGNO 0001,86400.000,0.000,100.0000%,1,
Contact STARLINK-3536 - MoonIOAGSO,86400.000,0.000,100.0000%,1,
Contact STARLINK-3536 - MoonIOAGSO 0001,86400.000,0.000,100.0000%,1,
Contact STARLINK-3536 - MoonLRO,86400.000,0.000,100.0000%,1,
Contact STARLINK-3536 - MarsSat1,85064.814,1335.186,98.4546%,1,
Contact STARLINK-3536 - MarsSat2,86400.000,0.000,100.0000%,1,
Contact STARLINK-3536 - MarsSat3,86400.000,0.000,100.0000%,1,
Contact STARLINK-3536 - MarsSat4,86400.000,0.000,100.0000%,1,
Contact STARLINK-3715 - STARLINK-31405,7343.741,79056.259,8.4997%,5,
Contact STARLINK-3715 - STARLINK-1711,2124.816,84275.184,2.4593%,4,
Contact STARLINK-3715 - STARLINK-31026,0.000,86400.000,0.0000%,0,
Contact STARLINK-3715 - STARLINK-31139,17609.869,68790.131,20.3818%,4,
Contact STARLINK-3715 - STARLINK-4593,0.000,86400.000,0.0000%,0,
Contact STARLINK-3715 - STARLINK-31192,3694.255,82705.745,4.2758%,5,
Contact STARLINK-3715 - STARLINK-30800,0.000,86400.000,0.0000%,0,
Contact STARLINK-3715 - STARLINK-31558,436.268,85963.732,0.5049%,1,
Contact STARLINK-3715 - STARLINK-4359,1060.024,85339.976,1.2269%,4,
Contact STARLINK-3715 - STARLINK-4006,0.000,86400.000,0.0000%,0,
Contact STARLINK-3715 - STARLINK-30089,0.000,86400.000,0.0000%,0,
Contact STARLINK-3715 - STARLINK-6374,735.766,85664.234,0.8516%,2,
Contact STARLINK-3715 - STARLINK-5247,55815.606,30584.394,64.6014%,7,
Contact STARLINK-3715 - STARLINK-30126,0.000,86400.000,0.0000%,0,
Contact STARLINK-3715 - STARLINK-2314,0.000,86400.000,0.0000%,0,
Contact STARLINK-3715 - STARLINK-4299,0.000,86400.000,0.0000%,0,
Contact STARLINK-3715 - STARLINK-4111,7641.333,78758.667,8.8441%,6,
Contact STARLINK-3715 - STARLINK-3994,2182.015,84217.985,2.5255%,5,
Contact STARLINK-3715 - STARLINK-5774,84755.385,1644.615,98.0965%,3,
Contact STARLINK-3715 - STARLINK-31295,0.000,86400.000,0.0000%,0,
Contact STARLINK-3715 - STARLINK-31577,0.000,86400.000,0.0000%,0,
Contact STARLINK-3715 - STARLINK-31128,35200.923,51199.077,40.7418%,6,
Contact STARLINK-3715 - STARLINK-5322,0.000,86400.000,0.0000%,0,
Contact STARLINK-3715 - STARLINK-2466,10964.934,75435.066,12.6909%,7,
Contact STARLINK-3715 - STARLINK-2704,0.000,86400.000,0.0000%,0,
Contact STARLINK-3715 - STARLINK-2643,4661.486,81738.514,5.3952%,7,
Contact STARLINK-3715 - STARLINK-5807,695.053,85704.947,0.8045%,2,
Contact STARLINK-3715 - STARLINK-2367,0.000,86400.000,0.0000%,0,
Contact STARLINK-3715 - STARLINK-4560,0.000,86400.000,0.0000%,0,
Contact STARLINK-3715 - STARLINK-3189,0.000,86400.000,0.0000%,0,
Contact STARLINK-3715 - STARLINK-31784,2760.865,83639.135,3.1954%,1,
Contact STARLINK-3715 - STARLINK-5494,0.000,86400.000,0.0000%,0,
Contact STARLINK-3715 - STARLINK-30421,0.000,86400.000,0.0000%,0,
Contact STARLINK-3715 - STARLINK-4338,11629.153,74770.847,13.4597%,3,
Contact STARLINK-3715 - STARLINK-32197,0.000,86400.000,0.0000%,0,
Contact STARLINK-3715 - STARLINK-2476,18581.470,67818.530,21.5063%,7,
Contact STARLINK-3715 - STARLINK-2105,0.000,86400.000,0.0000%,0,
Contact STARLINK-3715 - STARLINK-31536,11827.663,74572.337,13.6894%,4,
Contact STARLINK-3715 - STARLINK-6148,0.000,86400.000,0.0000%,0,
Contact STARLINK-3715 - STARLINK-11199 [DTC],2193.455,84206.545,2.5387%,3,
Contact STARLINK-3715 - STARLINK-5849,1776.542,84623.458,2.0562%,3,
Contact STARLINK-3715 - STARLINK-5649,8701.411,77698.589,10.0711%,7,
Contact STARLINK-3715 - STARLINK-5197,18250.901,68149.099,21.1237%,7,
Contact STARLINK-3715 - STARLINK-30100,86400.000,0.000,100.0000%,1,
Contact STARLINK-3715 - STARLINK-11101 [DTC],18351.345,68048.655,21.2400%,3,
Contact STARLINK-3715 - STARLINK-2685,0.000,86400.000,0.0000%,0,
Contact STARLINK-3715 - STARLINK-4254,12686.856,73713.144,14.6839%,7,
Contact STARLINK-3715 - STARLINK-31853,0.000,86400.000,0.0000%,0,
Contact STARLINK-3715 - STARLINK-4551,0.000,86400.000,0.0000%,0,
Contact STARLINK-3715 - STARLINK-1578,0.000,86400.000,0.0000%,0,
Contact STARLINK-3715 - STARLINK-5535,4153.740,82246.260,4.8076%,7,
Contact STARLINK-3715 - STARLINK-3525,5393.663,81006.337,6.2427%,7,
Contact STARLINK-3715 - STARLINK-5289,7292.194,79107.806,8.4400%,1,
Contact STARLINK-3715 - STARLINK-1276,0.000,86400.000,0.0000%,0,
Contact STARLINK-3715 - STARLINK-5837,4292.573,82107.427,4.9683%,6,
Contact STARLINK-3715 - STARLINK-31852,22791.106,63608.894,26.3786%,5,
Contact STARLINK-3715 - STARLINK-1666,0.000,86400.000,0.0000%,0,
Contact STARLINK-3715 - STARLINK-1293,0.000,86400.000,0.0000%,0,
Contact STARLINK-3715 - STARLINK-30879,1329.609,85070.391,1.5389%,2,
Contact STARLINK-3715 - STARLINK-31345,0.000,86400.000,0.0000%,0,
Contact STARLINK-3715 - STARLINK-5058,18610.228,67789.772,21.5396%,7,
Contact STARLINK-3715 - STARLINK-31690,0.000,86400.000,0.0000%,0,
Contact STARLINK-3715 - STARLINK-5239,0.000,86400.000,0.0000%,0,
Contact STARLINK-3715 - STARLINK-1302,152.119,86247.881,0.1761%,1,
Contact STARLINK-3715 - STARLINK-4675,0.000,86400.000,0.0000%,0,
Contact STARLINK-3715 - STARLINK-6135,6120.804,80279.196,7.0843%,6,
Contact STARLINK-3715 - STARLINK-32262,0.000,86400.000,0.0000%,0,
Contact STARLINK-3715 - STARLINK-1788,0.000,86400.000,0.0000%,0,
Contact STARLINK-3715 - STARLINK-1080,0.000,86400.000,0.0000%,0,
Contact STARLINK-3715 - STARLINK-4356,847.826,85552.174,0.9813%,2,
Contact STARLINK-3715 - STARLINK-31554,0.000,86400.000,0.0000%,0,
Contact STARLINK-3715 - STARLINK-4383,0.000,86400.000,0.0000%,0,
Contact STARLINK-3715 - STARLINK-30052,86400.000,0.000,100.0000%,1,
Contact STARLINK-3715 - STARLINK-5713,0.000,86400.000,0.0000%,0,
Contact STARLINK-3715 - STARLINK-1303,0.000,86400.000,0.0000%,0,
Contact STARLINK-3715 - STARLINK-11265 [DTC],0.000,86400.000,0.0000%,0,
Contact STARLINK-3715 - STARLINK-4612,270.864,86129.136,0.3135%,2,
Contact STARLINK-3715 - STARLINK-5831,0.000,86400.000,0.0000%,0,
Contact STARLINK-3715 - STARLINK-31034,0.000,86400.000,0.0000%,0,
Contact STARLINK-3715 - STARLINK-3815,0.000,86400.000,0.0000%,0,
Contact STARLINK-3715 - STARLINK-31611,569.976,85830.024,0.6597%,1,
Contact STARLINK-3715 - MoonARTEMIS1,67807.316,18592.684,78.4807%,10,
Contact STARLINK-3715 - MoonARTEMIS2,62266.153,24133.847,72.0673%,10,
Contact STARLINK-3715 - MoonIOAGEO,60426.593,25973.407,69.9382%,10,
Contact STARLINK-3715 - MoonIOAGNO,67889.193,18510.807,78.5755%,10,
Contact STARLINK-3715 - MoonIOAGNO 0001,67904.471,18495.529,78.5931%,10,
Contact STARLINK-3715 - MoonIOAGSO,66118.066,20281.934,76.5255%,10,
Contact STARLINK-3715 - MoonIOAGSO 0001,65344.602,21055.398,75.6303%,10,
Contact STARLINK-3715 - MoonLRO,67885.766,18514.234,78.5715%,10,
Contact STARLINK-3715 - MarsSat1,65512.774,20887.226,75.8250%,10,
Contact STARLINK-3715 - MarsSat2,68290.464,18109.536,79.0399%,10,
Contact STARLINK-3715 - MarsSat3,68289.637,18110.363,79.0389%,10,
Contact STARLINK-3715 - MarsSat4,68289.524,18110.476,79.0388%,10,
Contact STARLINK-31405 - STARLINK-1711,18611.976,67788.024,21.5416%,7,
Contact STARLINK-31405 - STARLINK-31026,367.286,86032.714,0.4251%,1,
Contact STARLINK-31405 - STARLINK-31139,64781.699,21618.301,74.9788%,4,
Contact STARLINK-31405 - STARLINK-4593,0.000,86400.000,0.0000%,0,
Contact STARLINK-31405 - STARLINK-31192,33167.137,53232.863,38.3879%,1,
Contact STARLINK-31405 - STARLINK-30800,0.000,86400.000,0.0000%,0,
Contact STARLINK-31405 - STARLINK-31558,0.000,86400.000,0.0000%,0,
Contact STARLINK-31405 - STARLINK-4359,545.102,85854.898,0.6309%,1,
Contact STARLINK-31405 - STARLINK-4006,0.000,86400.000,0.0000%,0,
Contact STARLINK-31405 - STARLINK-30089,21846.642,64553.358,25.2855%,2,
Contact STARLINK-31405 - STARLINK-6374,21589.271,64810.729,24.9876%,1,
Contact STARLINK-31405 - STARLINK-5247,1807.173,84592.827,2.0916%,2,
Contact STARLINK-31405 - STARLINK-30126,0.000,86400.000,0.0000%,0,
Contact STARLINK-31405 - STARLINK-2314,15951.903,70448.097,18.4629%,1,
Contact STARLINK-31405 - STARLINK-4299,0.000,86400.000,0.0000%,0,
Contact STARLINK-31405 - STARLINK-4111,54998.173,31401.827,63.6553%,2,
Contact STARLINK-31405 - STARLINK-3994,0.000,86400.000,0.0000%,0,
Contact STARLINK-31405 - STARLINK-5774,5728.747,80671.253,6.6305%,3,
Contact STARLINK-31405 - STARLINK-31295,0.000,86400.000,0.0000%,0,
Contact STARLINK-31405 - STARLINK-31577,0.000,86400.000,0.0000%,0,
Contact STARLINK-31405 - STARLINK-31128,84934.139,1465.861,98.3034%,3,
Contact STARLINK-31405 - STARLINK-5322,0.000,86400.000,0.0000%,0,
Contact STARLINK-31405 - STARLINK-2466,14210.418,72189.582,16.4472%,1,
Contact STARLINK-31405 - STARLINK-2704,0.000,86400.000,0.0000%,0,
Contact STARLINK-31405 - STARLINK-2643,0.000,86400.000,0.0000%,0,
Contact STARLINK-31405 - STARLINK-5807,7035.745,79364.255,8.1432%,1,
Contact STARLINK-31405 - STARLINK-2367,22114.886,64285.114,25.5959%,4,
Contact STARLINK-31405 - STARLINK-4560,3975.074,82424.926,4.6008%,5,
Contact STARLINK-31405 - STARLINK-3189,0.000,86400.000,0.0000%,0,
Contact STARLINK-31405 - STARLINK-31784,0.000,86400.000,0.0000%,0,
Contact STARLINK-31405 - STARLINK-5494,0.000,86400.000,0.0000%,0,
Contact STARLINK-31405 - STARLINK-30421,0.000,86400.000,0.0000%,0,
Contact STARLINK-31405 - STARLINK-4338,3318.565,83081.435,3.8409%,5,
Contact STARLINK-31405 - STARLINK-32197,0.000,86400.000,0.0000%,0,
Contact STARLINK-31405 - STARLINK-2476,36108.379,50291.621,41.7921%,1,
Contact STARLINK-31405 - STARLINK-2105,2347.488,84052.512,2.7170%,3,
Contact STARLINK-31405 - STARLINK-31536,85204.463,1195.537,98.6163%,2,
Contact STARLINK-31405 - STARLINK-6148,0.000,86400.000,0.0000%,0,
Contact STARLINK-31405 - STARLINK-11199 [DTC],31333.390,55066.610,36.2655%,2,
Contact STARLINK-31405 - STARLINK-5849,10121.261,76278.739,11.7144%,4,
Contact STARLINK-31405 - STARLINK-5649,17933.416,68466.584,20.7563%,3,
Contact STARLINK-31405 - STARLINK-5197,8218.215,78181.785,9.5118%,3,
Contact STARLINK-31405 - STARLINK-30100,7275.788,79124.212,8.4211%,5,
Contact STARLINK-31405 - STARLINK-11101 [DTC],419.112,85980.888,0.4851%,1,
Contact STARLINK-31405 - STARLINK-2685,26983.721,59416.279,31.2312%,1,
Contact STARLINK-31405 - STARLINK-4254,16363.470,70036.530,18.9392%,6,
Contact STARLINK-31405 - STARLINK-31853,0.000,86400.000,0.0000%,0,
Contact STARLINK-31405 - STARLINK-4551,0.000,86400.000,0.0000%,0,
Contact STARLINK-31405 - STARLINK-1578,0.000,86400.000,0.0000%,0,
Contact STARLINK-31405 - STARLINK-5535,660.733,85739.267,0.7647%,1,
Contact STARLINK-31405 - STARLINK-3525,13527.029,72872.971,15.6563%,5,
Contact STARLINK-31405 - STARLINK-5289,1633.158,84766.842,1.8902%,2,
Contact STARLINK-31405 - STARLINK-1276,46603.556,39796.444,53.9393%,1,
Contact STARLINK-31405 - STARLINK-5837,19200.297,67199.703,22.2226%,4,
Contact STARLINK-31405 - STARLINK-31852,0.000,86400.000,0.0000%,0,
Contact STARLINK-31405 - STARLINK-1666,0.000,86400.000,0.0000%,0,
Contact STARLINK-31405 - STARLINK-1293,0.000,86400.000,0.0000%,0,
Contact STARLINK-31405 - STARLINK-30879,0.000,86400.000,0.0000%,0,
Contact STARLINK-31405 - STARLINK-31345,0.000,86400.000,0.0000%,0,
Contact STARLINK-31405 - STARLINK-5058,21745.457,64654.543,25.1684%,4,
Contact STARLINK-31405 - STARLINK-31690,0.000,86400.000,0.0000%,0,
Contact STARLINK-31405 - STARLINK-5239,9832.518,76567.482,11.3802%,5,
Contact STARLINK-31405 - STARLINK-1302,2755.185,83644.815,3.1889%,1,
Contact STARLINK-31405 - STARLINK-4675,0.000,86400.000,0.0000%,0,
Contact STARLINK-31405 - STARLINK-6135,55043.584,31356.416,63.7079%,1,
Contact STARLINK-31405 - STARLINK-32262,0.000,86400.000,0.0000%,0,
Contact STARLINK-31405 - STARLINK-1788,0.000,86400.000,0.0000%,0,
Contact STARLINK-31405 - STARLINK-1080,0.000,86400.000,0.0000%,0,
Contact STARLINK-31405 - STARLINK-4356,4173.839,82226.161,4.8308%,5,
Contact STARLINK-31405 - STARLINK-31554,0.000,86400.000,0.0000%,0,
Contact STARLINK-31405 - STARLINK-4383,825.589,85574.411,0.9555%,2,
Contact STARLINK-31405 - STARLINK-30052,13128.150,73271.850,15.1946%,5,
Contact STARLINK-31405 - STARLINK-5713,0.000,86400.000,0.0000%,0,
Contact STARLINK-31405 - STARLINK-1303,0.000,86400.000,0.0000%,0,
Contact STARLINK-31405 - STARLINK-11265 [DTC],0.000,86400.000,0.0000%,0,
Contact STARLINK-31405 - STARLINK-4612,0.000,86400.000,0.0000%,0,
Contact STARLINK-31405 - STARLINK-5831,0.000,86400.000,0.0000%,0,
Contact STARLINK-31405 - STARLINK-31034,0.000,86400.000,0.0000%,0,
Contact STARLINK-31405 - STARLINK-3815,0.000,86400.000,0.0000%,0,
Contact STARLINK-31405 - STARLINK-31611,0.000,86400.000,0.0000%,0,
Contact STARLINK-31405 - MoonARTEMIS1,63033.430,23366.570,72.9554%,9,
Contact STARLINK-31405 - MoonARTEMIS2,63088.125,23311.875,73.0187%,9,
Contact STARLINK-31405 - MoonIOAGEO,51808.203,34591.797,59.9632%,9,
Contact STARLINK-31405 - MoonIOAGNO,63032.826,23367.174,72.9547%,9,
Contact STARLINK-31405 - MoonIOAGNO 0001,63050.088,23349.912,72.9746%,9,
Contact STARLINK-31405 - MoonIOAGSO,61637.746,24762.254,71.3400%,9,
Contact STARLINK-31405 - MoonIOAGSO 0001,62320.145,24079.855,72.1298%,9,
Contact STARLINK-31405 - MoonLRO,63057.524,23342.476,72.9832%,9,
Contact STARLINK-31405 - MarsSat1,66969.997,19430.003,77.5116%,8,
Contact STARLINK-31405 - MarsSat2,68957.006,17442.994,79.8113%,9,
Contact STARLINK-31405 - MarsSat3,68956.874,17443.126,79.8112%,9,
Contact STARLINK-31405 - MarsSat4,68956.924,17443.076,79.8113%,9,
Contact STARLINK-1711 - STARLINK-31026,5822.617,80577.383,6.7391%,5,
Contact STARLINK-1711 - STARLINK-31139,2881.412,83518.588,3.3350%,4,
Contact STARLINK-1711 - STARLINK-4593,0.000,86400.000,0.0000%,0,
Contact STARLINK-1711 - STARLINK-31192,8844.855,77555.145,10.2371%,3,
Contact STARLINK-1711 - STARLINK-30800,0.000,86400.000,0.0000%,0,
Contact STARLINK-1711 - STARLINK-31558,0.000,86400.000,0.0000%,0,
Contact STARLINK-1711 - STARLINK-4359,0.000,86400.000,0.0000%,0,
Contact STARLINK-1711 - STARLINK-4006,0.000,86400.000,0.0000%,0,
Contact STARLINK-1711 - STARLINK-30089,0.000,86400.000,0.0000%,0,
Contact STARLINK-1711 - STARLINK-6374,0.000,86400.000,0.0000%,0,
Contact STARLINK-1711 - STARLINK-5247,0.000,86400.000,0.0000%,0,
Contact STARLINK-1711 - STARLINK-30126,0.000,86400.000,0.0000%,0,
Contact STARLINK-1711 - STARLINK-2314,0.000,86400.000,0.0000%,0,
Contact STARLINK-1711 - STARLINK-4299,0.000,86400.000,0.0000%,0,
Contact STARLINK-1711 - STARLINK-4111,9127.873,77272.127,10.5647%,7,
Contact STARLINK-1711 - STARLINK-3994,0.000,86400.000,0.0000%,0,
Contact STARLINK-1711 - STARLINK-5774,0.000,86400.000,0.0000%,0,
Contact STARLINK-1711 - STARLINK-31295,0.000,86400.000,0.0000%,0,
Contact STARLINK-1711 - STARLINK-31577,0.000,86400.000,0.0000%,0,
Contact STARLINK-1711 - STARLINK-31128,8900.962,77499.038,10.3020%,7,
Contact STARLINK-1711 - STARLINK-5322,777.594,85622.406,0.9000%,2,
Contact STARLINK-1711 - STARLINK-2466,342.244,86057.756,0.3961%,1,
Contact STARLINK-1711 - STARLINK-2704,0.000,86400.000,0.0000%,0,
Contact STARLINK-1711 - STARLINK-2643,0.000,86400.000,0.0000%,0,
Contact STARLINK-1711 - STARLINK-5807,0.000,86400.000,0.0000%,0,
Contact STARLINK-1711 - STARLINK-2367,8589.892,77810.108,9.9420%,3,
Contact STARLINK-1711 - STARLINK-4560,3287.383,83112.617,3.8048%,6,
Contact STARLINK-1711 - STARLINK-3189,0.000,86400.000,0.0000%,0,
Contact STARLINK-1711 - STARLINK-31784,0.000,86400.000,0.0000%,0,
Contact STARLINK-1711 - STARLINK-5494,0.000,86400.000,0.0000%,0,
Contact STARLINK-1711 - STARLINK-30421,0.000,86400.000,0.0000%,0,
Contact STARLINK-1711 - STARLINK-4338,0.000,86400.000,0.0000%,0,
Contact STARLINK-1711 - STARLINK-32197,0.000,86400.000,0.0000%,0,
Contact STARLINK-1711 - STARLINK-2476,4023.243,82376.757,4.6565%,6,
Contact STARLINK-1711 - STARLINK-2105,36689.047,49710.953,42.4642%,6,
Contact STARLINK-1711 - STARLINK-31536,7012.537,79387.463,8.1164%,5,
Contact STARLINK-1711 - STARLINK-6148,0.000,86400.000,0.0000%,0,
Contact STARLINK-1711 - STARLINK-11199 [DTC],27759.398,58640.602,32.1289%,3,
Contact STARLINK-1711 - STARLINK-5849,71865.987,14534.013,83.1782%,1,
Contact STARLINK-1711 - STARLINK-5649,4208.948,82191.052,4.8715%,1,
Contact STARLINK-1711 - STARLINK-5197,0.000,86400.000,0.0000%,0,
Contact STARLINK-1711 - STARLINK-30100,7460.590,78939.410,8.6349%,6,
Contact STARLINK-1711 - STARLINK-11101 [DTC],3019.998,83380.002,3.4954%,5,
Contact STARLINK-1711 - STARLINK-2685,863.322,85536.678,0.9992%,2,
Contact STARLINK-1711 - STARLINK-4254,25.079,86374.921,0.0290%,1,
Contact STARLINK-1711 - STARLINK-31853,0.000,86400.000,0.0000%,0,
Contact STARLINK-1711 - STARLINK-4551,0.000,86400.000,0.0000%,0,
Contact STARLINK-1711 - STARLINK-1578,0.000,86400.000,0.0000%,0,
Contact STARLINK-1711 - STARLINK-5535,0.000,86400.000,0.0000%,0,
Contact STARLINK-1711 - STARLINK-3525,86400.000,0.000,100.0000%,1,
Contact STARLINK-1711 - STARLINK-5289,0.000,86400.000,0.0000%,0,
Contact STARLINK-1711 - STARLINK-1276,7273.904,79126.096,8.4189%,6,
Contact STARLINK-1711 - STARLINK-5837,12322.550,74077.450,14.2622%,6,
Contact STARLINK-1711 - STARLINK-31852,7100.778,79299.222,8.2185%,2,
Contact STARLINK-1711 - STARLINK-1666,0.000,86400.000,0.0000%,0,
Contact STARLINK-1711 - STARLINK-1293,0.000,86400.000,0.0000%,0,
Contact STARLINK-1711 - STARLINK-30879,4390.757,82009.243,5.0819%,2,
Contact STARLINK-1711 - STARLINK-31345,0.000,86400.000,0.0000%,0,
Contact STARLINK-1711 - STARLINK-5058,46132.765,40267.235,53.3944%,1,
Contact STARLINK-1711 - STARLINK-31690,0.000,86400.000,0.0000%,0,
Contact STARLINK-1711 - STARLINK-5239,82404.285,3995.715,95.3753%,6,
Contact STARLINK-1711 - STARLINK-1302,0.000,86400.000,0.0000%,0,
Contact STARLINK-1711 - STARLINK-4675,0.000,86400.000,0.0000%,0,
Contact STARLINK-1711 - STARLINK-6135,43251.773,43148.227,50.0599%,7,
Contact STARLINK-1711 - STARLINK-32262,0.000,86400.000,0.0000%,0,
Contact STARLINK-1711 - STARLINK-1788,0.000,86400.000,0.0000%,0,
Contact STARLINK-1711 - STARLINK-1080,0.000,86400.000,0.0000%,0,
Contact STARLINK-1711 - STARLINK-4356,49202.775,37197.225,56.9477%,5,
Contact STARLINK-1711 - STARLINK-31554,0.000,86400.000,0.0000%,0,
Contact STARLINK-1711 - STARLINK-4383,0.000,86400.000,0.0000%,0,
Contact STARLINK-1711 - STARLINK-30052,2419.441,83980.559,2.8003%,3,
Contact STARLINK-1711 - STARLINK-5713,0.000,86400.000,0.0000%,0,
Contact STARLINK-1711 - STARLINK-1303,0.000,86400.000,0.0000%,0,
Contact STARLINK-1711 - STARLINK-11265 [DTC],12329.168,74070.832,14.2699%,1,
Contact STARLINK-1711 - STARLINK-4612,0.000,86400.000,0.0000%,0,
Contact STARLINK-1711 - STARLINK-5831,0.000,86400.000,0.0000%,0,
Contact STARLINK-1711 - STARLINK-31034,0.000,86400.000,0.0000%,0,
Contact STARLINK-1711 - STARLINK-3815,0.000,86400.000,0.0000%,0,
Contact STARLINK-1711 - STARLINK-31611,0.000,86400.000,0.0000%,0,
Contact STARLINK-1711 - MoonARTEMIS1,73493.278,12906.722,85.0617%,8,
Contact STARLINK-1711 - MoonARTEMIS2,67493.931,18906.069,78.1180%,8,
Contact STARLINK-1711 - MoonIOAGEO,61942.029,24457.971,71.6922%,8,
Contact STARLINK-1711 - MoonIOAGNO,73446.979,12953.021,85.0081%,8,
Contact STARLINK-1711 - MoonIOAGNO 0001,73462.560,12937.440,85.0261%,8,
Contact STARLINK-1711 - MoonIOAGSO,72151.115,14248.885,83.5082%,8,
Contact STARLINK-1711 - MoonIOAGSO 0001,73319.823,13080.177,84.8609%,8,
Contact STARLINK-1711 - MoonLRO,73376.694,13023.306,84.9267%,8,
Contact STARLINK-1711 - MarsSat1,69826.977,16573.023,80.8183%,8,
Contact STARLINK-1711 - MarsSat2,73291.536,13108.464,84.8282%,8,
Contact STARLINK-1711 - MarsSat3,73292.110,13107.890,84.8288%,8,
Contact STARLINK-1711 - MarsSat4,73292.012,13107.988,84.8287%,8,
Contact STARLINK-31026 - STARLINK-31139,0.000,86400.000,0.0000%,0,
Contact STARLINK-31026 - STARLINK-4593,0.000,86400.000,0.0000%,0,
Contact STARLINK-31026 - STARLINK-31192,2607.369,83792.631,3.0178%,3,
Contact STARLINK-31026 - STARLINK-30800,0.000,86400.000,0.0000%,0,
Contact STARLINK-31026 - STARLINK-31558,42728.140,43671.860,49.4539%,3,
Contact STARLINK-31026 - STARLINK-4359,3808.726,82591.274,4.4082%,7,
Contact STARLINK-31026 - STARLINK-4006,79177.922,7222.078,91.6411%,7,
Contact STARLINK-31026 - STARLINK-30089,0.000,86400.000,0.0000%,0,
Contact STARLINK-31026 - STARLINK-6374,0.000,86400.000,0.0000%,0,
Contact STARLINK-31026 - STARLINK-5247,0.000,86400.000,0.0000%,0,
Contact STARLINK-31026 - STARLINK-30126,0.000,86400.000,0.0000%,0,
Contact STARLINK-31026 - STARLINK-2314,0.000,86400.000,0.0000%,0,
Contact STARLINK-31026 - STARLINK-4299,0.000,86400.000,0.0000%,0,
Contact STARLINK-31026 - STARLINK-4111,0.000,86400.000,0.0000%,0,
Contact STARLINK-31026 - STARLINK-3994,0.000,86400.000,0.0000%,0,
Contact STARLINK-31026 - STARLINK-5774,0.000,86400.000,0.0000%,0,
Contact STARLINK-31026 - STARLINK-31295,0.000,86400.000,0.0000%,0,
Contact STARLINK-31026 - STARLINK-31577,8862.296,77537.704,10.2573%,4,
Contact STARLINK-31026 - STARLINK-31128,0.000,86400.000,0.0000%,0,
Contact STARLINK-31026 - STARLINK-5322,0.000,86400.000,0.0000%,0,
Contact STARLINK-31026 - STARLINK-2466,9414.907,76985.093,10.8969%,5,
Contact STARLINK-31026 - STARLINK-2704,79821.251,6578.749,92.3857%,1,
Contact STARLINK-31026 - STARLINK-2643,0.000,86400.000,0.0000%,0,
Contact STARLINK-31026 - STARLINK-5807,23571.618,62828.382,27.2820%,7,
Contact STARLINK-31026 - STARLINK-2367,5306.005,81093.995,6.1412%,6,
Contact STARLINK-31026 - STARLINK-4560,0.000,86400.000,0.0000%,0,
Contact STARLINK-31026 - STARLINK-3189,0.000,86400.000,0.0000%,0,
Contact STARLINK-31026 - STARLINK-31784,0.000,86400.000,0.0000%,0,
Contact STARLINK-31026 - STARLINK-5494,0.000,86400.000,0.0000%,0,
Contact STARLINK-31026 - STARLINK-30421,6144.141,80255.859,7.1113%,4,
Contact STARLINK-31026 - STARLINK-4338,0.000,86400.000,0.0000%,0,
Contact STARLINK-31026 - STARLINK-32197,1635.902,84764.098,1.8934%,2,
Contact STARLINK-31026 - STARLINK-2476,0.000,86400.000,0.0000%,0,
Contact STARLINK-31026 - STARLINK-2105,83379.881,3020.119,96.5045%,5,
Contact STARLINK-31026 - STARLINK-31536,0.000,86400.000,0.0000%,0,
Contact STARLINK-31026 - STARLINK-6148,0.000,86400.000,0.0000%,0,
Contact STARLINK-31026 - STARLINK-11199 [DTC],2413.649,83986.351,2.7936%,3,
Contact STARLINK-31026 - STARLINK-5849,10225.918,76174.082,11.8356%,6,
Contact STARLINK-31026 - STARLINK-5649,0.000,86400.000,0.0000%,0,
Contact STARLINK-31026 - STARLINK-5197,0.000,86400.000,0.0000%,0,
Contact STARLINK-31026 - STARLINK-30100,0.000,86400.000,0.0000%,0,
Contact STARLINK-31026 - STARLINK-11101 [DTC],29096.041,57303.959,33.6760%,1,
Contact STARLINK-31026 - STARLINK-2685,0.000,86400.000,0.0000%,0,
Contact STARLINK-31026 - STARLINK-4254,0.000,86400.000,0.0000%,0,
Contact STARLINK-31026 - STARLINK-31853,13471.945,72928.055,15.5925%,1,
Contact STARLINK-31026 - STARLINK-4551,0.000,86400.000,0.0000%,0,
Contact STARLINK-31026 - STARLINK-1578,0.000,86400.000,0.0000%,0,
Contact STARLINK-31026 - STARLINK-5535,4971.620,81428.380,5.7542%,7,
Contact STARLINK-31026 - STARLINK-3525,384.590,86015.410,0.4451%,1,
Contact STARLINK-31026 - STARLINK-5289,0.000,86400.000,0.0000%,0,
Contact STARLINK-31026 - STARLINK-1276,0.000,86400.000,0.0000%,0,
Contact STARLINK-31026 - STARLINK-5837,0.000,86400.000,0.0000%,0,
Contact STARLINK-31026 - STARLINK-31852,0.000,86400.000,0.0000%,0,
Contact STARLINK-31026 - STARLINK-1666,0.000,86400.000,0.0000%,0,
Contact STARLINK-31026 - STARLINK-1293,0.000,86400.000,0.0000%,0,
Contact STARLINK-31026 - STARLINK-30879,0.000,86400.000,0.0000%,0,
Contact STARLINK-31026 - STARLINK-31345,575.747,85824.253,0.6664%,1,
Contact STARLINK-31026 - STARLINK-5058,0.000,86400.000,0.0000%,0,
Contact STARLINK-31026 - STARLINK-31690,5047.839,81352.161,5.8424%,1,
Contact STARLINK-31026 - STARLINK-5239,33489.656,52910.344,38.7612%,6,
Contact STARLINK-31026 - STARLINK-1302,43604.584,42795.416,50.4683%,7,
Contact STARLINK-31026 - STARLINK-4675,4596.578,81803.422,5.3201%,6,
Contact STARLINK-31026 - STARLINK-6135,0.000,86400.000,0.0000%,0,
Contact STARLINK-31026 - STARLINK-32262,0.000,86400.000,0.0000%,0,
Contact STARLINK-31026 - STARLINK-1788,0.000,86400.000,0.0000%,0,
Contact STARLINK-31026 - STARLINK-1080,0.000,86400.000,0.0000%,0,
Contact STARLINK-31026 - STARLINK-4356,13349.784,73050.216,15.4511%,6,
Contact STARLINK-31026 - STARLINK-31554,10369.749,76030.251,12.0020%,2,
Contact STARLINK-31026 - STARLINK-4383,0.000,86400.000,0.0000%,0,
Contact STARLINK-31026 - STARLINK-30052,0.000,86400.000,0.0000%,0,
Contact STARLINK-31026 - STARLINK-5713,0.000,86400.000,0.0000%,0,
Contact STARLINK-31026 - STARLINK-1303,0.000,86400.000,0.0000%,0,
Contact STARLINK-31026 - STARLINK-11265 [DTC],1647.317,84752.683,1.9066%,2,
Contact STARLINK-31026 - STARLINK-4612,0.000,86400.000,0.0000%,0,
Contact STARLINK-31026 - STARLINK-5831,0.000,86400.000,0.0000%,0,
Contact STARLINK-31026 - STARLINK-31034,0.000,86400.000,0.0000%,0,
Contact STARLINK-31026 - STARLINK-3815,0.000,86400.000,0.0000%,0,
Contact STARLINK-31026 - STARLINK-31611,0.000,86400.000,0.0000%,0,
Contact STARLINK-31026 - MoonARTEMIS1,65957.797,20442.203,76.3400%,9,
Contact STARLINK-31026 - MoonARTEMIS2,61413.592,24986.408,71.0805%,9,
Contact STARLINK-31026 - MoonIOAGEO,59656.237,26743.763,69.0466%,9,
Contact STARLINK-31026 - MoonIOAGNO,67147.280,19252.720,77.7168%,9,
Contact STARLINK-31026 - MoonIOAGNO 0001,67135.734,19264.266,77.7034%,9,
Contact STARLINK-31026 - MoonIOAGSO,65168.437,21231.563,75.4264%,9,
Contact STARLINK-31026 - MoonIOAGSO 0001,65384.114,21015.886,75.6761%,9,
Contact STARLINK-31026 - MoonLRO,67128.912,19271.088,77.6955%,9,
Contact STARLINK-31026 - MarsSat1,67278.809,19121.191,77.8690%,9,
Contact STARLINK-31026 - MarsSat2,67285.647,19114.353,77.8769%,9,
Contact STARLINK-31026 - MarsSat3,67285.105,19114.895,77.8763%,9,
Contact STARLINK-31026 - MarsSat4,67284.997,19115.003,77.8762%,9,
Contact STARLINK-31139 - STARLINK-4593,0.000,86400.000,0.0000%,0,
Contact STARLINK-31139 - STARLINK-31192,0.000,86400.000,0.0000%,0,
Contact STARLINK-31139 - STARLINK-30800,0.000,86400.000,0.0000%,0,
Contact STARLINK-31139 - STARLINK-31558,0.000,86400.000,0.0000%,0,
Contact STARLINK-31139 - STARLINK-4359,0.000,86400.000,0.0000%,0,
Contact STARLINK-31139 - STARLINK-4006,0.000,86400.000,0.0000%,0,
Contact STARLINK-31139 - STARLINK-30089,39465.850,46934.150,45.6781%,1,
Contact STARLINK-31139 - STARLINK-6374,12337.596,74062.404,14.2796%,3,
Contact STARLINK-31139 - STARLINK-5247,11545.416,74854.584,13.3627%,7,
Contact STARLINK-31139 - STARLINK-30126,0.000,86400.000,0.0000%,0,
Contact STARLINK-31139 - STARLINK-2314,5582.033,80817.967,6.4607%,3,
Contact STARLINK-31139 - STARLINK-4299,0.000,86400.000,0.0000%,0,
Contact STARLINK-31139 - STARLINK-4111,85382.089,1017.911,98.8219%,1,
Contact STARLINK-31139 - STARLINK-3994,1456.932,84943.068,1.6863%,2,
Contact STARLINK-31139 - STARLINK-5774,23777.725,62622.275,27.5205%,6,
Contact STARLINK-31139 - STARLINK-31295,0.000,86400.000,0.0000%,0,
Contact STARLINK-31139 - STARLINK-31577,0.000,86400.000,0.0000%,0,
Contact STARLINK-31139 - STARLINK-31128,86400.000,0.000,100.0000%,1,
Contact STARLINK-31139 - STARLINK-5322,0.000,86400.000,0.0000%,0,
Contact STARLINK-31139 - STARLINK-2466,0.000,86400.000,0.0000%,0,
Contact STARLINK-31139 - STARLINK-2704,0.000,86400.000,0.0000%,0,
Contact STARLINK-31139 - STARLINK-2643,4770.249,81629.751,5.5211%,6,
Contact STARLINK-31139 - STARLINK-5807,0.000,86400.000,0.0000%,0,
Contact STARLINK-31139 - STARLINK-2367,488.493,85911.507,0.5654%,1,
Contact STARLINK-31139 - STARLINK-4560,20288.702,66111.298,23.4823%,5,
Contact STARLINK-31139 - STARLINK-3189,0.000,86400.000,0.0000%,0,
Contact STARLINK-31139 - STARLINK-31784,39018.968,47381.032,45.1608%,1,
Contact STARLINK-31139 - STARLINK-5494,0.000,86400.000,0.0000%,0,
Contact STARLINK-31139 - STARLINK-30421,0.000,86400.000,0.0000%,0,
Contact STARLINK-31139 - STARLINK-4338,10799.777,75600.223,12.4997%,6,
Contact STARLINK-31139 - STARLINK-32197,0.000,86400.000,0.0000%,0,
Contact STARLINK-31139 - STARLINK-2476,17210.214,69189.786,19.9192%,1,
Contact STARLINK-31139 - STARLINK-2105,0.000,86400.000,0.0000%,0,
Contact STARLINK-31139 - STARLINK-31536,86400.000,0.000,100.0000%,1,
Contact STARLINK-31139 - STARLINK-6148,0.000,86400.000,0.0000%,0,
Contact STARLINK-31139 - STARLINK-11199 [DTC],4782.138,81617.862,5.5349%,2,
Contact STARLINK-31139 - STARLINK-5849,3355.962,83044.038,3.8842%,4,
Contact STARLINK-31139 - STARLINK-5649,11258.222,75141.778,13.0303%,6,
Contact STARLINK-31139 - STARLINK-5197,8742.810,77657.190,10.1190%,7,
Contact STARLINK-31139 - STARLINK-30100,17408.475,68991.525,20.1487%,3,
Contact STARLINK-31139 - STARLINK-11101 [DTC],3610.897,82789.103,4.1793%,1,
Contact STARLINK-31139 - STARLINK-2685,28283.544,58116.456,32.7356%,2,
Contact STARLINK-31139 - STARLINK-4254,74757.150,11642.850,86.5245%,2,
Contact STARLINK-31139 - STARLINK-31853,0.000,86400.000,0.0000%,0,
Contact STARLINK-31139 - STARLINK-4551,0.000,86400.000,0.0000%,0,
Contact STARLINK-31139 - STARLINK-1578,0.000,86400.000,0.0000%,0,
Contact STARLINK-31139 - STARLINK-5535,257.438,86142.562,0.2980%,1,
Contact STARLINK-31139 - STARLINK-3525,8154.226,78245.774,9.4378%,7,
Contact STARLINK-31139 - STARLINK-5289,11202.970,75197.030,12.9664%,6,
Contact STARLINK-31139 - STARLINK-1276,71123.055,15276.945,82.3184%,1,
Contact STARLINK-31139 - STARLINK-5837,3849.619,82550.381,4.4556%,5,
Contact STARLINK-31139 - STARLINK-31852,12246.183,74153.817,14.1738%,7,
Contact STARLINK-31139 - STARLINK-1666,407.229,85992.771,0.4713%,1,
Contact STARLINK-31139 - STARLINK-1293,0.000,86400.000,0.0000%,0,
Contact STARLINK-31139 - STARLINK-30879,10785.805,75614.195,12.4836%,2,
Contact STARLINK-31139 - STARLINK-31345,0.000,86400.000,0.0000%,0,
Contact STARLINK-31139 - STARLINK-5058,14688.941,71711.059,17.0011%,7,
Contact STARLINK-31139 - STARLINK-31690,0.000,86400.000,0.0000%,0,
Contact STARLINK-31139 - STARLINK-5239,0.000,86400.000,0.0000%,0,
Contact STARLINK-31139 - STARLINK-1302,0.000,86400.000,0.0000%,0,
Contact STARLINK-31139 - STARLINK-4675,0.000,86400.000,0.0000%,0,
Contact STARLINK-31139 - STARLINK-6135,61638.810,24761.190,71.3412%,3,
Contact STARLINK-31139 - STARLINK-32262,0.000,86400.000,0.0000%,0,
Contact STARLINK-31139 - STARLINK-1788,0.000,86400.000,0.0000%,0,
Contact STARLINK-31139 - STARLINK-1080,603.039,85796.961,0.6980%,1,
Contact STARLINK-31139 - STARLINK-4356,4530.406,81869.594,5.2435%,7,
Contact STARLINK-31139 - STARLINK-31554,0.000,86400.000,0.0000%,0,
Contact STARLINK-31139 - STARLINK-4383,823.170,85576.830,0.9527%,2,
Contact STARLINK-31139 - STARLINK-30052,27477.520,58922.480,31.8027%,4,
Contact STARLINK-31139 - STARLINK-5713,0.000,86400.000,0.0000%,0,
Contact STARLINK-31139 - STARLINK-1303,0.000,86400.000,0.0000%,0,
Contact STARLINK-31139 - STARLINK-11265 [DTC],0.000,86400.000,0.0000%,0,
Contact STARLINK-31139 - STARLINK-4612,868.693,85531.307,1.0054%,2,
Contact STARLINK-31139 - STARLINK-5831,0.000,86400.000,0.0000%,0,
Contact STARLINK-31139 - STARLINK-31034,0.000,86400.000,0.0000%,0,
Contact STARLINK-31139 - STARLINK-3815,0.000,86400.000,0.0000%,0,
Contact STARLINK-31139 - STARLINK-31611,0.000,86400.000,0.0000%,0,
Contact STARLINK-31139 - MoonARTEMIS1,55563.969,30836.031,64.3101%,10,
Contact STARLINK-31139 - MoonARTEMIS2,55508.956,30891.044,64.2465%,10,
Contact STARLINK-31139 - MoonIOAGEO,49850.757,36549.243,57.6976%,10,
Contact STARLINK-31139 - MoonIOAGNO,55526.984,30873.016,64.2673%,10,
Contact STARLINK-31139 - MoonIOAGNO 0001,61183.703,25216.297,70.8145%,10,
Contact STARLINK-31139 - MoonIOAGSO,60306.808,26093.192,69.7995%,10,
Contact STARLINK-31139 - MoonIOAGSO 0001,55502.505,30897.495,64.2390%,10,
Contact STARLINK-31139 - MoonLRO,61205.244,25194.756,70.8394%,10,
Contact STARLINK-31139 - MarsSat1,59467.803,26932.197,68.8285%,9,
Contact STARLINK-31139 - MarsSat2,61562.163,24837.837,71.2525%,10,
Contact STARLINK-31139 - MarsSat3,61562.460,24837.540,71.2528%,10,
Contact STARLINK-31139 - MarsSat4,61562.498,24837.502,71.2529%,10,
Contact STARLINK-4593 - STARLINK-31192,0.000,86400.000,0.0000%,0,
Contact STARLINK-4593 - STARLINK-30800,86400.000,0.000,100.0000%,1,
Contact STARLINK-4593 - STARLINK-31558,788.894,85611.106,0.9131%,1,
Contact STARLINK-4593 - STARLINK-4359,0.000,86400.000,0.0000%,0,
Contact STARLINK-4593 - STARLINK-4006,0.000,86400.000,0.0000%,0,
Contact STARLINK-4593 - STARLINK-30089,0.000,86400.000,0.0000%,0,
Contact STARLINK-4593 - STARLINK-6374,0.000,86400.000,0.0000%,0,
Contact STARLINK-4593 - STARLINK-5247,1853.567,84546.433,2.1453%,4,
Contact STARLINK-4593 - STARLINK-30126,86400.000,0.000,100.0000%,1,
Contact STARLINK-4593 - STARLINK-2314,0.000,86400.000,0.0000%,0,
Contact STARLINK-4593 - STARLINK-4299,71090.644,15309.356,82.2808%,6,
Contact STARLINK-4593 - STARLINK-4111,0.000,86400.000,0.0000%,0,
Contact STARLINK-4593 - STARLINK-3994,78333.318,8066.682,90.6636%,7,
Contact STARLINK-4593 - STARLINK-5774,354.158,86045.842,0.4099%,1,
Contact STARLINK-4593 - STARLINK-31295,8846.228,77553.772,10.2387%,7,
Contact STARLINK-4593 - STARLINK-31577,38740.292,47659.708,44.8383%,1,
Contact STARLINK-4593 - STARLINK-31128,0.000,86400.000,0.0000%,0,
Contact STARLINK-4593 - STARLINK-5322,1145.926,85254.074,1.3263%,2,
Contact STARLINK-4593 - STARLINK-2466,0.000,86400.000,0.0000%,0,
Contact STARLINK-4593 - STARLINK-2704,0.000,86400.000,0.0000%,0,
Contact STARLINK-4593 - STARLINK-2643,11729.254,74670.746,13.5755%,7,
Contact STARLINK-4593 - STARLINK-5807,0.000,86400.000,0.0000%,0,
Contact STARLINK-4593 - STARLINK-2367,0.000,86400.000,0.0000%,0,
Contact STARLINK-4593 - STARLINK-4560,0.000,86400.000,0.0000%,0,
Contact STARLINK-4593 - STARLINK-3189,86400.000,0.000,100.0000%,1,
Contact STARLINK-4593 - STARLINK-31784,5228.952,81171.048,6.0520%,3,
Contact STARLINK-4593 - STARLINK-5494,85571.739,828.261,99.0414%,2,
Contact STARLINK-4593 - STARLINK-30421,24855.511,61544.489,28.7680%,1,
Contact STARLINK-4593 - STARLINK-4338,4482.124,81917.876,5.1876%,7,
Contact STARLINK-4593 - STARLINK-32197,1022.992,85377.008,1.1840%,1,
Contact STARLINK-4593 - STARLINK-2476,0.000,86400.000,0.0000%,0,
Contact STARLINK-4593 - STARLINK-2105,0.000,86400.000,0.0000%,0,
Contact STARLINK-4593 - STARLINK-31536,0.000,86400.000,0.0000%,0,
Contact STARLINK-4593 - STARLINK-6148,8419.143,77980.857,9.7444%,3,
Contact STARLINK-4593 - STARLINK-11199 [DTC],0.000,86400.000,0.0000%,0,
Contact STARLINK-4593 - STARLINK-5849,0.000,86400.000,0.0000%,0,
Contact STARLINK-4593 - STARLINK-5649,0.000,86400.000,0.0000%,0,
Contact STARLINK-4593 - STARLINK-5197,0.000,86400.000,0.0000%,0,
Contact STARLINK-4593 - STARLINK-30100,0.000,86400.000,0.0000%,0,
Contact STARLINK-4593 - STARLINK-11101 [DTC],661.105,85738.895,0.7652%,1,
Contact STARLINK-4593 - STARLINK-2685,0.000,86400.000,0.0000%,0,
Contact STARLINK-4593 - STARLINK-4254,0.000,86400.000,0.0000%,0,
Contact STARLINK-4593 - STARLINK-31853,5091.332,81308.668,5.8927%,4,
Contact STARLINK-4593 - STARLINK-4551,4658.737,81741.263,5.3921%,6,
Contact STARLINK-4593 - STARLINK-1578,14695.595,71704.405,17.0088%,6,
Contact STARLINK-4593 - STARLINK-5535,0.000,86400.000,0.0000%,0,
Contact STARLINK-4593 - STARLINK-3525,0.000,86400.000,0.0000%,0,
Contact STARLINK-4593 - STARLINK-5289,4429.805,81970.195,5.1271%,7,
Contact STARLINK-4593 - STARLINK-1276,0.000,86400.000,0.0000%,0,
Contact STARLINK-4593 - STARLINK-5837,0.000,86400.000,0.0000%,0,
Contact STARLINK-4593 - STARLINK-31852,2384.584,84015.416,2.7599%,3,
Contact STARLINK-4593 - STARLINK-1666,8783.627,77616.373,10.1662%,7,
Contact STARLINK-4593 - STARLINK-1293,34034.546,52365.454,39.3918%,6,
Contact STARLINK-4593 - STARLINK-30879,25020.474,61379.526,28.9589%,1,
Contact STARLINK-4593 - STARLINK-31345,239.405,86160.595,0.2771%,1,
Contact STARLINK-4593 - STARLINK-5058,0.000,86400.000,0.0000%,0,
Contact STARLINK-4593 - STARLINK-31690,7251.189,79148.811,8.3926%,6,
Contact STARLINK-4593 - STARLINK-5239,0.000,86400.000,0.0000%,0,
Contact STARLINK-4593 - STARLINK-1302,0.000,86400.000,0.0000%,0,
Contact STARLINK-4593 - STARLINK-4675,0.000,86400.000,0.0000%,0,
Contact STARLINK-4593 - STARLINK-6135,0.000,86400.000,0.0000%,0,
Contact STARLINK-4593 - STARLINK-32262,0.000,86400.000,0.0000%,0,
Contact STARLINK-4593 - STARLINK-1788,86400.000,0.000,100.0000%,1,
Contact STARLINK-4593 - STARLINK-1080,55440.465,30959.535,64.1672%,7,
Contact STARLINK-4593 - STARLINK-4356,0.000,86400.000,0.0000%,0,
Contact STARLINK-4593 - STARLINK-31554,32667.629,53732.371,37.8098%,5,
Contact STARLINK-4593 - STARLINK-4383,0.000,86400.000,0.0000%,0,
Contact STARLINK-4593 - STARLINK-30052,0.000,86400.000,0.0000%,0,
Contact STARLINK-4593 - STARLINK-5713,0.000,86400.000,0.0000%,0,
Contact STARLINK-4593 - STARLINK-1303,52653.877,33746.123,60.9420%,6,
Contact STARLINK-4593 - STARLINK-11265 [DTC],10729.957,75670.043,12.4189%,2,
Contact STARLINK-4593 - STARLINK-4612,86400.000,0.000,100.0000%,1,
Contact STARLINK-4593 - STARLINK-5831,53802.448,32597.552,62.2714%,2,
Contact STARLINK-4593 - STARLINK-31034,6214.574,80185.426,7.1928%,4,
Contact STARLINK-4593 - STARLINK-3815,21453.732,64946.268,24.8307%,3,
Contact STARLINK-4593 - STARLINK-31611,60829.382,25570.618,70.4044%,1,
Contact STARLINK-4593 - MoonARTEMIS1,65091.040,21308.960,75.3369%,10,
Contact STARLINK-4593 - MoonARTEMIS2,66529.502,19870.498,77.0017%,10,
Contact STARLINK-4593 - MoonIOAGEO,59464.430,26935.570,68.8246%,10,
Contact STARLINK-4593 - MoonIOAGNO,66988.745,19411.255,77.5333%,10,
Contact STARLINK-4593 - MoonIOAGNO 0001,66987.054,19412.946,77.5313%,10,
Contact STARLINK-4593 - MoonIOAGSO,65602.793,20797.207,75.9292%,10,
Contact STARLINK-4593 - MoonIOAGSO 0001,65369.657,21030.343,75.6593%,10,
Contact STARLINK-4593 - MoonLRO,67000.655,19399.345,77.5471%,10,
Contact STARLINK-4593 - MarsSat1,64150.864,22249.136,74.2487%,9,
Contact STARLINK-4593 - MarsSat2,67394.831,19005.169,78.0033%,10,
Contact STARLINK-4593 - MarsSat3,67394.962,19005.038,78.0034%,10,
Contact STARLINK-4593 - MarsSat4,67395.066,19004.934,78.0035%,10,
Contact STARLINK-31192 - STARLINK-30800,0.000,86400.000,0.0000%,0,
Contact STARLINK-31192 - STARLINK-31558,0.000,86400.000,0.0000%,0,
Contact STARLINK-31192 - STARLINK-4359,1890.909,84509.091,2.1886%,3,
Contact STARLINK-31192 - STARLINK-4006,5174.804,81225.196,5.9894%,3,
Contact STARLINK-31192 - STARLINK-30089,0.000,86400.000,0.0000%,0,
Contact STARLINK-31192 - STARLINK-6374,0.000,86400.000,0.0000%,0,
Contact STARLINK-31192 - STARLINK-5247,0.000,86400.000,0.0000%,0,
Contact STARLINK-31192 - STARLINK-30126,0.000,86400.000,0.0000%,0,
Contact STARLINK-31192 - STARLINK-2314,0.000,86400.000,0.0000%,0,
Contact STARLINK-31192 - STARLINK-4299,0.000,86400.000,0.0000%,0,
Contact STARLINK-31192 - STARLINK-4111,18148.278,68251.722,21.0050%,3,
Contact STARLINK-31192 - STARLINK-3994,0.000,86400.000,0.0000%,0,
Contact STARLINK-31192 - STARLINK-5774,106.077,86293.923,0.1228%,1,
Contact STARLINK-31192 - STARLINK-31295,0.000,86400.000,0.0000%,0,
Contact STARLINK-31192 - STARLINK-31577,0.000,86400.000,0.0000%,0,
Contact STARLINK-31192 - STARLINK-31128,1807.877,84592.123,2.0924%,3,
Contact STARLINK-31192 - STARLINK-5322,1376.363,85023.637,1.5930%,2,
Contact STARLINK-31192 - STARLINK-2466,49982.387,36417.613,57.8500%,2,
Contact STARLINK-31192 - STARLINK-2704,0.000,86400.000,0.0000%,0,
Contact STARLINK-31192 - STARLINK-2643,0.000,86400.000,0.0000%,0,
Contact STARLINK-31192 - STARLINK-5807,25127.375,61272.625,29.0826%,2,
Contact STARLINK-31192 - STARLINK-2367,78845.157,7554.843,91.2560%,2,
Contact STARLINK-31192 - STARLINK-4560,1964.556,84435.444,2.2738%,4,
Contact STARLINK-31192 - STARLINK-3189,0.000,86400.000,0.0000%,0,
Contact STARLINK-31192 - STARLINK-31784,0.000,86400.000,0.0000%,0,
Contact STARLINK-31192 - STARLINK-5494,0.000,86400.000,0.0000%,0,
Contact STARLINK-31192 - STARLINK-30421,0.000,86400.000,0.0000%,0,
Contact STARLINK-31192 - STARLINK-4338,1627.257,84772.743,1.8834%,3,
Contact STARLINK-31192 - STARLINK-32197,0.000,86400.000,0.0000%,0,
Contact STARLINK-31192 - STARLINK-2476,62148.911,24251.089,71.9316%,3,
Contact STARLINK-31192 - STARLINK-2105,8222.175,78177.825,9.5164%,6,
Contact STARLINK-31192 - STARLINK-31536,0.000,86400.000,0.0000%,0,
Contact STARLINK-31192 - STARLINK-6148,0.000,86400.000,0.0000%,0,
Contact STARLINK-31192 - STARLINK-11199 [DTC],48619.600,37780.400,56.2727%,1,
Contact STARLINK-31192 - STARLINK-5849,27659.071,58740.929,32.0128%,4,
Contact STARLINK-31192 - STARLINK-5649,0.000,86400.000,0.0000%,0,
Contact STARLINK-31192 - STARLINK-5197,0.000,86400.000,0.0000%,0,
Contact STARLINK-31192 - STARLINK-30100,12700.942,73699.058,14.7002%,5,
Contact STARLINK-31192 - STARLINK-11101 [DTC],9322.216,77077.784,10.7896%,5,
Contact STARLINK-31192 - STARLINK-2685,0.000,86400.000,0.0000%,0,
Contact STARLINK-31192 - STARLINK-4254,760.525,85639.475,0.8802%,1,
Contact STARLINK-31192 - STARLINK-31853,0.000,86400.000,0.0000%,0,
Contact STARLINK-31192 - STARLINK-4551,0.000,86400.000,0.0000%,0,
Contact STARLINK-31192 - STARLINK-1578,0.000,86400.000,0.0000%,0,
Contact STARLINK-31192 - STARLINK-5535,17895.661,68504.339,20.7126%,3,
Contact STARLINK-31192 - STARLINK-3525,922.886,85477.114,1.0682%,1,
Contact STARLINK-31192 - STARLINK-5289,0.000,86400.000,0.0000%,0,
Contact STARLINK-31192 - STARLINK-1276,683.863,85716.137,0.7915%,1,
Contact STARLINK-31192 - STARLINK-5837,8112.120,78287.880,9.3890%,2,
Contact STARLINK-31192 - STARLINK-31852,0.000,86400.000,0.0000%,0,
Contact STARLINK-31192 - STARLINK-1666,0.000,86400.000,0.0000%,0,
Contact STARLINK-31192 - STARLINK-1293,0.000,86400.000,0.0000%,0,
Contact STARLINK-31192 - STARLINK-30879,0.000,86400.000,0.0000%,0,
Contact STARLINK-31192 - STARLINK-31345,0.000,86400.000,0.0000%,0,
Contact STARLINK-31192 - STARLINK-5058,999.855,85400.145,1.1572%,1,
Contact STARLINK-31192 - STARLINK-31690,0.000,86400.000,0.0000%,0,
Contact STARLINK-31192 - STARLINK-5239,10410.779,75989.221,12.0495%,5,
Contact STARLINK-31192 - STARLINK-1302,28508.000,57892.000,32.9954%,3,
Contact STARLINK-31192 - STARLINK-4675,0.000,86400.000,0.0000%,0,
Contact STARLINK-31192 - STARLINK-6135,34877.978,51522.022,40.3680%,1,
Contact STARLINK-31192 - STARLINK-32262,0.000,86400.000,0.0000%,0,
Contact STARLINK-31192 - STARLINK-1788,0.000,86400.000,0.0000%,0,
Contact STARLINK-31192 - STARLINK-1080,0.000,86400.000,0.0000%,0,
Contact STARLINK-31192 - STARLINK-4356,5987.035,80412.965,6.9294%,3,
Contact STARLINK-31192 - STARLINK-31554,0.000,86400.000,0.0000%,0,
Contact STARLINK-31192 - STARLINK-4383,2306.115,84093.885,2.6691%,3,
Contact STARLINK-31192 - STARLINK-30052,6279.420,80120.580,7.2678%,4,
Contact STARLINK-31192 - STARLINK-5713,937.446,85462.554,1.0850%,1,
Contact STARLINK-31192 - STARLINK-1303,0.000,86400.000,0.0000%,0,
Contact STARLINK-31192 - STARLINK-11265 [DTC],17738.019,68661.981,20.5301%,3,
Contact STARLINK-31192 - STARLINK-4612,0.000,86400.000,0.0000%,0,
Contact STARLINK-31192 - STARLINK-5831,0.000,86400.000,0.0000%,0,
Contact STARLINK-31192 - STARLINK-31034,0.000,86400.000,0.0000%,0,
Contact STARLINK-31192 - STARLINK-3815,0.000,86400.000,0.0000%,0,
Contact STARLINK-31192 - STARLINK-31611,0.000,86400.000,0.0000%,0,
Contact STARLINK-31192 - MoonARTEMIS1,68165.526,18234.474,78.8953%,9,
Contact STARLINK-31192 - MoonARTEMIS2,64748.933,21651.067,74.9409%,8,
Contact STARLINK-31192 - MoonIOAGEO,63051.727,23348.273,72.9765%,8,
Contact STARLINK-31192 - MoonIOAGNO,68185.447,18214.553,78.9183%,9,
Contact STARLINK-31192 - MoonIOAGNO 0001,68198.537,18201.463,78.9335%,9,
Contact STARLINK-31192 - MoonIOAGSO,65508.325,20891.675,75.8198%,9,
Contact STARLINK-31192 - MoonIOAGSO 0001,66919.707,19480.293,77.4534%,9,
Contact STARLINK-31192 - MoonLRO,68190.971,18209.029,78.9247%,9,
Contact STARLINK-31192 - MarsSat1,65344.898,21055.102,75.6307%,9,
Contact STARLINK-31192 - MarsSat2,68441.135,17958.865,79.2143%,9,
Contact STARLINK-31192 - MarsSat3,68440.930,17959.070,79.2140%,9,
Contact STARLINK-31192 - MarsSat4,68440.949,17959.051,79.2141%,9,
Contact STARLINK-30800 - STARLINK-31558,19295.496,67104.504,22.3328%,1,
Contact STARLINK-30800 - STARLINK-4359,0.000,86400.000,0.0000%,0,
Contact STARLINK-30800 - STARLINK-4006,0.000,86400.000,0.0000%,0,
Contact STARLINK-30800 - STARLINK-30089,0.000,86400.000,0.0000%,0,
Contact STARLINK-30800 - STARLINK-6374,0.000,86400.000,0.0000%,0,
Contact STARLINK-30800 - STARLINK-5247,0.000,86400.000,0.0000%,0,
Contact STARLINK-30800 - STARLINK-30126,81101.254,5298.746,93.8672%,7,
Contact STARLINK-30800 - STARLINK-2314,0.000,86400.000,0.0000%,0,
Contact STARLINK-30800 - STARLINK-4299,86400.000,0.000,100.0000%,1,
Contact STARLINK-30800 - STARLINK-4111,0.000,86400.000,0.0000%,0,
Contact STARLINK-30800 - STARLINK-3994,2416.689,83983.311,2.7971%,4,
Contact STARLINK-30800 - STARLINK-5774,0.000,86400.000,0.0000%,0,
Contact STARLINK-30800 - STARLINK-31295,14268.927,72131.073,16.5150%,6,
Contact STARLINK-30800 - STARLINK-31577,38492.137,47907.863,44.5511%,1,
Contact STARLINK-30800 - STARLINK-31128,0.000,86400.000,0.0000%,0,
Contact STARLINK-30800 - STARLINK-5322,19363.851,67036.149,22.4119%,6,
Contact STARLINK-30800 - STARLINK-2466,0.000,86400.000,0.0000%,0,
Contact STARLINK-30800 - STARLINK-2704,835.643,85564.357,0.9672%,1,
Contact STARLINK-30800 - STARLINK-2643,0.000,86400.000,0.0000%,0,
Contact STARLINK-30800 - STARLINK-5807,0.000,86400.000,0.0000%,0,
Contact STARLINK-30800 - STARLINK-2367,0.000,86400.000,0.0000%,0,
Contact STARLINK-30800 - STARLINK-4560,0.000,86400.000,0.0000%,0,
Contact STARLINK-30800 - STARLINK-3189,27227.580,59172.420,31.5134%,6,
Contact STARLINK-30800 - STARLINK-31784,10713.581,75686.419,12.4000%,2,
Contact STARLINK-30800 - STARLINK-5494,86400.000,0.000,100.0000%,1,
Contact STARLINK-30800 - STARLINK-30421,36070.751,50329.249,41.7486%,1,
Contact STARLINK-30800 - STARLINK-4338,0.000,86400.000,0.0000%,0,
Contact STARLINK-30800 - STARLINK-32197,2268.186,84131.814,2.6252%,2,
Contact STARLINK-30800 - STARLINK-2476,0.000,86400.000,0.0000%,0,
Contact STARLINK-30800 - STARLINK-2105,0.000,86400.000,0.0000%,0,
Contact STARLINK-30800 - STARLINK-31536,0.000,86400.000,0.0000%,0,
Contact STARLINK-30800 - STARLINK-6148,40437.106,45962.894,46.8022%,7,
Contact STARLINK-30800 - STARLINK-11199 [DTC],0.000,86400.000,0.0000%,0,
Contact STARLINK-30800 - STARLINK-5849,0.000,86400.000,0.0000%,0,
Contact STARLINK-30800 - STARLINK-5649,0.000,86400.000,0.0000%,0,
Contact STARLINK-30800 - STARLINK-5197,0.000,86400.000,0.0000%,0,
Contact STARLINK-30800 - STARLINK-30100,0.000,86400.000,0.0000%,0,
Contact STARLINK-30800 - STARLINK-11101 [DTC],8054.251,78345.749,9.3221%,1,
Contact STARLINK-30800 - STARLINK-2685,0.000,86400.000,0.0000%,0,
Contact STARLINK-30800 - STARLINK-4254,0.000,86400.000,0.0000%,0,
Contact STARLINK-30800 - STARLINK-31853,7042.913,79357.087,8.1515%,5,
Contact STARLINK-30800 - STARLINK-4551,12544.772,73855.228,14.5194%,7,
Contact STARLINK-30800 - STARLINK-1578,30477.565,55922.435,35.2750%,6,
Contact STARLINK-30800 - STARLINK-5535,0.000,86400.000,0.0000%,0,
Contact STARLINK-30800 - STARLINK-3525,0.000,86400.000,0.0000%,0,
Contact STARLINK-30800 - STARLINK-5289,0.000,86400.000,0.0000%,0,
Contact STARLINK-30800 - STARLINK-1276,0.000,86400.000,0.0000%,0,
Contact STARLINK-30800 - STARLINK-5837,0.000,86400.000,0.0000%,0,
Contact STARLINK-30800 - STARLINK-31852,721.587,85678.413,0.8352%,2,
Contact STARLINK-30800 - STARLINK-1666,9101.940,77298.060,10.5347%,7,
Contact STARLINK-30800 - STARLINK-1293,86400.000,0.000,100.0000%,1,
Contact STARLINK-30800 - STARLINK-30879,21857.033,64542.967,25.2975%,1,
Contact STARLINK-30800 - STARLINK-31345,6446.420,79953.580,7.4611%,5,
Contact STARLINK-30800 - STARLINK-5058,0.000,86400.000,0.0000%,0,
Contact STARLINK-30800 - STARLINK-31690,16313.538,70086.462,18.8814%,5,
Contact STARLINK-30800 - STARLINK-5239,0.000,86400.000,0.0000%,0,
Contact STARLINK-30800 - STARLINK-1302,0.000,86400.000,0.0000%,0,
Contact STARLINK-30800 - STARLINK-4675,0.000,86400.000,0.0000%,0,
Contact STARLINK-30800 - STARLINK-6135,0.000,86400.000,0.0000%,0,
Contact STARLINK-30800 - STARLINK-32262,0.000,86400.000,0.0000%,0,
Contact STARLINK-30800 - STARLINK-1788,56028.862,30371.138,64.8482%,6,
Contact STARLINK-30800 - STARLINK-1080,8435.078,77964.922,9.7628%,6,
Contact STARLINK-30800 - STARLINK-4356,0.000,86400.000,0.0000%,0,
Contact STARLINK-30800 - STARLINK-31554,52590.122,33809.878,60.8682%,1,
Contact STARLINK-30800 - STARLINK-4383,2855.304,83544.696,3.3048%,5,
Contact STARLINK-30800 - STARLINK-30052,0.000,86400.000,0.0000%,0,
Contact STARLINK-30800 - STARLINK-5713,0.000,86400.000,0.0000%,0,
Contact STARLINK-30800 - STARLINK-1303,86400.000,0.000,100.0000%,1,
Contact STARLINK-30800 - STARLINK-11265 [DTC],4886.501,81513.499,5.6557%,2,
Contact STARLINK-30800 - STARLINK-4612,11054.217,75345.783,12.7942%,6,
Contact STARLINK-30800 - STARLINK-5831,86400.000,0.000,100.0000%,1,
Contact STARLINK-30800 - STARLINK-31034,8220.942,78179.058,9.5150%,6,
Contact STARLINK-30800 - STARLINK-3815,33877.685,52522.315,39.2103%,1,
Contact STARLINK-30800 - STARLINK-31611,31621.594,54778.406,36.5991%,5,
Contact STARLINK-30800 - MoonARTEMIS1,64429.724,21970.276,74.5714%,10,
Contact STARLINK-30800 - MoonARTEMIS2,66216.297,20183.703,76.6392%,10,
Contact STARLINK-30800 - MoonIOAGEO,59462.407,26937.593,68.8222%,10,
Contact STARLINK-30800 - MoonIOAGNO,67064.467,19335.533,77.6209%,10,
Contact STARLINK-30800 - MoonIOAGNO 0001,67067.067,19332.933,77.6239%,10,
Contact STARLINK-30800 - MoonIOAGSO,65823.148,20576.852,76.1842%,10,
Contact STARLINK-30800 - MoonIOAGSO 0001,65241.259,21158.741,75.5107%,10,
Contact STARLINK-30800 - MoonLRO,67087.914,19312.086,77.6480%,10,
Contact STARLINK-30800 - MarsSat1,64089.589,22310.411,74.1778%,9,
Contact STARLINK-30800 - MarsSat2,67509.215,18890.785,78.1357%,10,
Contact STARLINK-30800 - MarsSat3,67509.559,18890.441,78.1361%,10,
Contact STARLINK-30800 - MarsSat4,67509.650,18890.350,78.1362%,10,
Contact STARLINK-31558 - STARLINK-4359,4340.686,82059.314,5.0239%,6,
Contact STARLINK-31558 - STARLINK-4006,55541.797,30858.203,64.2845%,1,
Contact STARLINK-31558 - STARLINK-30089,0.000,86400.000,0.0000%,0,
Contact STARLINK-31558 - STARLINK-6374,0.000,86400.000,0.0000%,0,
Contact STARLINK-31558 - STARLINK-5247,0.000,86400.000,0.0000%,0,
Contact STARLINK-31558 - STARLINK-30126,7902.199,78497.801,9.1461%,2,
Contact STARLINK-31558 - STARLINK-2314,0.000,86400.000,0.0000%,0,
Contact STARLINK-31558 - STARLINK-4299,0.000,86400.000,0.0000%,0,
Contact STARLINK-31558 - STARLINK-4111,0.000,86400.000,0.0000%,0,
Contact STARLINK-31558 - STARLINK-3994,0.000,86400.000,0.0000%,0,
Contact STARLINK-31558 - STARLINK-5774,0.000,86400.000,0.0000%,0,
Contact STARLINK-31558 - STARLINK-31295,0.000,86400.000,0.0000%,0,
Contact STARLINK-31558 - STARLINK-31577,32453.158,53946.842,37.5615%,3,
Contact STARLINK-31558 - STARLINK-31128,0.000,86400.000,0.0000%,0,
Contact STARLINK-31558 - STARLINK-5322,5646.763,80753.237,6.5356%,3,
Contact STARLINK-31558 - STARLINK-2466,32006.694,54393.306,37.0448%,1,
Contact STARLINK-31558 - STARLINK-2704,63966.765,22433.235,74.0356%,1,
Contact STARLINK-31558 - STARLINK-2643,0.000,86400.000,0.0000%,0,
Contact STARLINK-31558 - STARLINK-5807,40141.339,46258.661,46.4599%,4,
Contact STARLINK-31558 - STARLINK-2367,1287.422,85112.578,1.4901%,2,
Contact STARLINK-31558 - STARLINK-4560,0.000,86400.000,0.0000%,0,
Contact STARLINK-31558 - STARLINK-3189,0.000,86400.000,0.0000%,0,
Contact STARLINK-31558 - STARLINK-31784,0.000,86400.000,0.0000%,0,
Contact STARLINK-31558 - STARLINK-5494,11670.116,74729.884,13.5071%,1,
Contact STARLINK-31558 - STARLINK-30421,55361.676,31038.324,64.0760%,7,
Contact STARLINK-31558 - STARLINK-4338,0.000,86400.000,0.0000%,0,
Contact STARLINK-31558 - STARLINK-32197,5972.385,80427.615,6.9125%,7,
Contact STARLINK-31558 - STARLINK-2476,15403.501,70996.499,17.8281%,1,
Contact STARLINK-31558 - STARLINK-2105,6236.936,80163.064,7.2187%,4,
Contact STARLINK-31558 - STARLINK-31536,0.000,86400.000,0.0000%,0,
Contact STARLINK-31558 - STARLINK-6148,12166.698,74233.302,14.0818%,3,
Contact STARLINK-31558 - STARLINK-11199 [DTC],785.589,85614.411,0.9092%,1,
Contact STARLINK-31558 - STARLINK-5849,661.138,85738.862,0.7652%,1,
Contact STARLINK-31558 - STARLINK-5649,0.000,86400.000,0.0000%,0,
Contact STARLINK-31558 - STARLINK-5197,0.000,86400.000,0.0000%,0,
Contact STARLINK-31558 - STARLINK-30100,3918.915,82481.085,4.5358%,1,
Contact STARLINK-31558 - STARLINK-11101 [DTC],35795.315,50604.685,41.4298%,1,
Contact STARLINK-31558 - STARLINK-2685,0.000,86400.000,0.0000%,0,
Contact STARLINK-31558 - STARLINK-4254,0.000,86400.000,0.0000%,0,
Contact STARLINK-31558 - STARLINK-31853,0.000,86400.000,0.0000%,0,
Contact STARLINK-31558 - STARLINK-4551,670.913,85729.087,0.7765%,2,
Contact STARLINK-31558 - STARLINK-1578,0.000,86400.000,0.0000%,0,
Contact STARLINK-31558 - STARLINK-5535,6389.398,80010.602,7.3951%,4,
Contact STARLINK-31558 - STARLINK-3525,0.000,86400.000,0.0000%,0,
Contact STARLINK-31558 - STARLINK-5289,0.000,86400.000,0.0000%,0,
Contact STARLINK-31558 - STARLINK-1276,0.000,86400.000,0.0000%,0,
Contact STARLINK-31558 - STARLINK-5837,0.000,86400.000,0.0000%,0,
Contact STARLINK-31558 - STARLINK-31852,0.000,86400.000,0.0000%,0,
Contact STARLINK-31558 - STARLINK-1666,0.000,86400.000,0.0000%,0,
Contact STARLINK-31558 - STARLINK-1293,4548.751,81851.249,5.2648%,1,
Contact STARLINK-31558 - STARLINK-30879,0.000,86400.000,0.0000%,0,
Contact STARLINK-31558 - STARLINK-31345,2099.817,84300.183,2.4303%,4,
Contact STARLINK-31558 - STARLINK-5058,0.000,86400.000,0.0000%,0,
Contact STARLINK-31558 - STARLINK-31690,0.000,86400.000,0.0000%,0,
Contact STARLINK-31558 - STARLINK-5239,5244.904,81155.096,6.0705%,4,
Contact STARLINK-31558 - STARLINK-1302,46310.626,40089.374,53.6003%,1,
Contact STARLINK-31558 - STARLINK-4675,17529.050,68870.950,20.2883%,6,
Contact STARLINK-31558 - STARLINK-6135,0.000,86400.000,0.0000%,0,
Contact STARLINK-31558 - STARLINK-32262,0.000,86400.000,0.0000%,0,
Contact STARLINK-31558 - STARLINK-1788,516.133,85883.867,0.5974%,1,
Contact STARLINK-31558 - STARLINK-1080,0.000,86400.000,0.0000%,0,
Contact STARLINK-31558 - STARLINK-4356,973.868,85426.132,1.1272%,2,
Contact STARLINK-31558 - STARLINK-31554,0.000,86400.000,0.0000%,0,
Contact STARLINK-31558 - STARLINK-4383,3155.971,83244.029,3.6527%,6,
Contact STARLINK-31558 - STARLINK-30052,727.164,85672.836,0.8416%,1,
Contact STARLINK-31558 - STARLINK-5713,3811.552,82588.448,4.4115%,5,
Contact STARLINK-31558 - STARLINK-1303,18041.174,68358.826,20.8810%,1,
Contact STARLINK-31558 - STARLINK-11265 [DTC],6695.249,79704.751,7.7491%,5,
Contact STARLINK-31558 - STARLINK-4612,0.000,86400.000,0.0000%,0,
Contact STARLINK-31558 - STARLINK-5831,30157.399,56242.601,34.9044%,3,
Contact STARLINK-31558 - STARLINK-31034,0.000,86400.000,0.0000%,0,
Contact STARLINK-31558 - STARLINK-3815,0.000,86400.000,0.0000%,0,
Contact STARLINK-31558 - STARLINK-31611,0.000,86400.000,0.0000%,0,
Contact STARLINK-31558 - MoonARTEMIS1,66041.859,20358.141,76.4373%,9,
Contact STARLINK-31558 - MoonARTEMIS2,61241.178,25158.822,70.8810%,9,
Contact STARLINK-31558 - MoonIOAGEO,59267.714,27132.286,68.5969%,9,
Contact STARLINK-31558 - MoonIOAGNO,66929.191,19470.809,77.4643%,9,
Contact STARLINK-31558 - MoonIOAGNO 0001,66920.835,19479.165,77.4547%,9,
Contact STARLINK-31558 - MoonIOAGSO,65566.346,20833.654,75.8870%,9,
Contact STARLINK-31558 - MoonIOAGSO 0001,64700.733,21699.267,74.8851%,9,
Contact STARLINK-31558 - MoonLRO,66917.256,19482.744,77.4505%,9,
Contact STARLINK-31558 - MarsSat1,67117.296,19282.704,77.6821%,9,
Contact STARLINK-31558 - MarsSat2,69321.290,17078.710,80.2330%,9,
Contact STARLINK-31558 - MarsSat3,69321.549,17078.451,80.2333%,9,
Contact STARLINK-31558 - MarsSat4,69321.649,17078.351,80.2334%,9,
Contact STARLINK-4359 - STARLINK-4006,7852.390,78547.610,9.0884%,7,
Contact STARLINK-4359 - STARLINK-30089,0.000,86400.000,0.0000%,0,
Contact STARLINK-4359 - STARLINK-6374,0.000,86400.000,0.0000%,0,
Contact STARLINK-4359 - STARLINK-5247,0.000,86400.000,0.0000%,0,
Contact STARLINK-4359 - STARLINK-30126,0.000,86400.000,0.0000%,0,
Contact STARLINK-4359 - STARLINK-2314,0.000,86400.000,0.0000%,0,
Contact STARLINK-4359 - STARLINK-4299,0.000,86400.000,0.0000%,0,
Contact STARLINK-4359 - STARLINK-4111,1210.919,85189.081,1.4015%,4,
Contact STARLINK-4359 - STARLINK-3994,0.000,86400.000,0.0000%,0,
Contact STARLINK-4359 - STARLINK-5774,0.000,86400.000,0.0000%,0,
Contact STARLINK-4359 - STARLINK-31295,7945.710,78454.290,9.1964%,6,
Contact STARLINK-4359 - STARLINK-31577,2469.117,83930.883,2.8578%,3,
Contact STARLINK-4359 - STARLINK-31128,513.397,85886.603,0.5942%,1,
Contact STARLINK-4359 - STARLINK-5322,0.000,86400.000,0.0000%,0,
Contact STARLINK-4359 - STARLINK-2466,5116.286,81283.714,5.9216%,6,
Contact STARLINK-4359 - STARLINK-2704,4996.243,81403.757,5.7827%,7,
Contact STARLINK-4359 - STARLINK-2643,0.000,86400.000,0.0000%,0,
Contact STARLINK-4359 - STARLINK-5807,6288.638,80111.362,7.2785%,6,
Contact STARLINK-4359 - STARLINK-2367,0.000,86400.000,0.0000%,0,
Contact STARLINK-4359 - STARLINK-4560,4350.147,82049.853,5.0349%,6,
Contact STARLINK-4359 - STARLINK-3189,0.000,86400.000,0.0000%,0,
Contact STARLINK-4359 - STARLINK-31784,2024.672,84375.328,2.3434%,4,
Contact STARLINK-4359 - STARLINK-5494,0.000,86400.000,0.0000%,0,
Contact STARLINK-4359 - STARLINK-30421,6096.540,80303.460,7.0562%,4,
Contact STARLINK-4359 - STARLINK-4338,22576.443,63823.557,26.1301%,6,
Contact STARLINK-4359 - STARLINK-32197,44834.708,41565.292,51.8920%,3,
Contact STARLINK-4359 - STARLINK-2476,4500.821,81899.179,5.2093%,6,
Contact STARLINK-4359 - STARLINK-2105,0.000,86400.000,0.0000%,0,
Contact STARLINK-4359 - STARLINK-31536,0.000,86400.000,0.0000%,0,
Contact STARLINK-4359 - STARLINK-6148,638.063,85761.937,0.7385%,2,
Contact STARLINK-4359 - STARLINK-11199 [DTC],8171.494,78228.506,9.4577%,2,
Contact STARLINK-4359 - STARLINK-5849,0.000,86400.000,0.0000%,0,
Contact STARLINK-4359 - STARLINK-5649,0.000,86400.000,0.0000%,0,
Contact STARLINK-4359 - STARLINK-5197,0.000,86400.000,0.0000%,0,
Contact STARLINK-4359 - STARLINK-30100,0.000,86400.000,0.0000%,0,
Contact STARLINK-4359 - STARLINK-11101 [DTC],3074.790,83325.210,3.5588%,5,
Contact STARLINK-4359 - STARLINK-2685,0.000,86400.000,0.0000%,0,
Contact STARLINK-4359 - STARLINK-4254,3002.306,83397.694,3.4749%,5,
Contact STARLINK-4359 - STARLINK-31853,3230.636,83169.364,3.7392%,4,
Contact STARLINK-4359 - STARLINK-4551,4584.783,81815.217,5.3065%,6,
Contact STARLINK-4359 - STARLINK-1578,4553.287,81846.713,5.2700%,6,
Contact STARLINK-4359 - STARLINK-5535,34181.469,52218.531,39.5619%,6,
Contact STARLINK-4359 - STARLINK-3525,0.000,86400.000,0.0000%,0,
Contact STARLINK-4359 - STARLINK-5289,5014.258,81385.742,5.8035%,6,
Contact STARLINK-4359 - STARLINK-1276,0.000,86400.000,0.0000%,0,
Contact STARLINK-4359 - STARLINK-5837,0.000,86400.000,0.0000%,0,
Contact STARLINK-4359 - STARLINK-31852,0.000,86400.000,0.0000%,0,
Contact STARLINK-4359 - STARLINK-1666,18232.406,68167.594,21.1023%,6,
Contact STARLINK-4359 - STARLINK-1293,3234.186,83165.814,3.7433%,6,
Contact STARLINK-4359 - STARLINK-30879,0.000,86400.000,0.0000%,0,
Contact STARLINK-4359 - STARLINK-31345,6433.663,79966.337,7.4464%,4,
Contact STARLINK-4359 - STARLINK-5058,0.000,86400.000,0.0000%,0,
Contact STARLINK-4359 - STARLINK-31690,4549.147,81850.853,5.2652%,7,
Contact STARLINK-4359 - STARLINK-5239,0.000,86400.000,0.0000%,0,
Contact STARLINK-4359 - STARLINK-1302,5207.174,81192.826,6.0268%,6,
Contact STARLINK-4359 - STARLINK-4675,45969.271,40430.729,53.2052%,7,
Contact STARLINK-4359 - STARLINK-6135,0.000,86400.000,0.0000%,0,
Contact STARLINK-4359 - STARLINK-32262,0.000,86400.000,0.0000%,0,
Contact STARLINK-4359 - STARLINK-1788,0.000,86400.000,0.0000%,0,
Contact STARLINK-4359 - STARLINK-1080,0.000,86400.000,0.0000%,0,
Contact STARLINK-4359 - STARLINK-4356,0.000,86400.000,0.0000%,0,
Contact STARLINK-4359 - STARLINK-31554,1860.093,84539.907,2.1529%,3,
Contact STARLINK-4359 - STARLINK-4383,0.000,86400.000,0.0000%,0,
Contact STARLINK-4359 - STARLINK-30052,0.000,86400.000,0.0000%,0,
Contact STARLINK-4359 - STARLINK-5713,3590.073,82809.927,4.1552%,5,
Contact STARLINK-4359 - STARLINK-1303,478.749,85921.251,0.5541%,1,
Contact STARLINK-4359 - STARLINK-11265 [DTC],20183.593,66216.407,23.3606%,2,
Contact STARLINK-4359 - STARLINK-4612,0.000,86400.000,0.0000%,0,
Contact STARLINK-4359 - STARLINK-5831,0.000,86400.000,0.0000%,0,
Contact STARLINK-4359 - STARLINK-31034,20229.463,66170.537,23.4137%,5,
Contact STARLINK-4359 - STARLINK-3815,0.000,86400.000,0.0000%,0,
Contact STARLINK-4359 - STARLINK-31611,324.096,86075.904,0.3751%,1,
Contact STARLINK-4359 - MoonARTEMIS1,69322.515,17077.485,80.2344%,8,
Contact STARLINK-4359 - MoonARTEMIS2,61361.527,25038.473,71.0203%,9,
Contact STARLINK-4359 - MoonIOAGEO,61973.646,24426.354,71.7288%,8,
Contact STARLINK-4359 - MoonIOAGNO,67168.488,19231.512,77.7413%,9,
Contact STARLINK-4359 - MoonIOAGNO 0001,69282.489,17117.511,80.1881%,8,
Contact STARLINK-4359 - MoonIOAGSO,67195.088,19204.912,77.7721%,8,
Contact STARLINK-4359 - MoonIOAGSO 0001,65600.874,20799.126,75.9269%,9,
Contact STARLINK-4359 - MoonLRO,67174.825,19225.175,77.7486%,9,
Contact STARLINK-4359 - MarsSat1,67436.261,18963.739,78.0512%,9,
Contact STARLINK-4359 - MarsSat2,67465.066,18934.934,78.0846%,9,
Contact STARLINK-4359 - MarsSat3,67465.436,18934.564,78.0850%,9,
Contact STARLINK-4359 - MarsSat4,67465.474,18934.526,78.0850%,9,
Contact STARLINK-4006 - STARLINK-30089,0.000,86400.000,0.0000%,0,
Contact STARLINK-4006 - STARLINK-6374,0.000,86400.000,0.0000%,0,
Contact STARLINK-4006 - STARLINK-5247,0.000,86400.000,0.0000%,0,
Contact STARLINK-4006 - STARLINK-30126,0.000,86400.000,0.0000%,0,
Contact STARLINK-4006 - STARLINK-2314,0.000,86400.000,0.0000%,0,
Contact STARLINK-4006 - STARLINK-4299,0.000,86400.000,0.0000%,0,
Contact STARLINK-4006 - STARLINK-4111,0.000,86400.000,0.0000%,0,
Contact STARLINK-4006 - STARLINK-3994,0.000,86400.000,0.0000%,0,
Contact STARLINK-4006 - STARLINK-5774,0.000,86400.000,0.0000%,0,
Contact STARLINK-4006 - STARLINK-31295,0.000,86400.000,0.0000%,0,
Contact STARLINK-4006 - STARLINK-31577,29454.161,56945.839,34.0905%,1,
Contact STARLINK-4006 - STARLINK-31128,0.000,86400.000,0.0000%,0,
Contact STARLINK-4006 - STARLINK-5322,0.000,86400.000,0.0000%,0,
Contact STARLINK-4006 - STARLINK-2466,86400.000,0.000,100.0000%,1,
Contact STARLINK-4006 - STARLINK-2704,7575.383,78824.617,8.7678%,2,
Contact STARLINK-4006 - STARLINK-2643,0.000,86400.000,0.0000%,0,
Contact STARLINK-4006 - STARLINK-5807,81863.099,4536.901,94.7490%,7,
Contact STARLINK-4006 - STARLINK-2367,2492.823,83907.177,2.8852%,5,
Contact STARLINK-4006 - STARLINK-4560,0.000,86400.000,0.0000%,0,
Contact STARLINK-4006 - STARLINK-3189,0.000,86400.000,0.0000%,0,
Contact STARLINK-4006 - STARLINK-31784,0.000,86400.000,0.0000%,0,
Contact STARLINK-4006 - STARLINK-5494,0.000,86400.000,0.0000%,0,
Contact STARLINK-4006 - STARLINK-30421,21469.752,64930.248,24.8493%,3,
Contact STARLINK-4006 - STARLINK-4338,0.000,86400.000,0.0000%,0,
Contact STARLINK-4006 - STARLINK-32197,3201.620,83198.380,3.7056%,4,
Contact STARLINK-4006 - STARLINK-2476,0.000,86400.000,0.0000%,0,
Contact STARLINK-4006 - STARLINK-2105,9408.916,76991.084,10.8899%,7,
Contact STARLINK-4006 - STARLINK-31536,0.000,86400.000,0.0000%,0,
Contact STARLINK-4006 - STARLINK-6148,0.000,86400.000,0.0000%,0,
Contact STARLINK-4006 - STARLINK-11199 [DTC],2601.766,83798.234,3.0113%,3,
Contact STARLINK-4006 - STARLINK-5849,354.097,86045.903,0.4098%,1,
Contact STARLINK-4006 - STARLINK-5649,0.000,86400.000,0.0000%,0,
Contact STARLINK-4006 - STARLINK-5197,0.000,86400.000,0.0000%,0,
Contact STARLINK-4006 - STARLINK-30100,449.758,85950.242,0.5206%,1,
Contact STARLINK-4006 - STARLINK-11101 [DTC],32105.750,54294.250,37.1594%,1,
Contact STARLINK-4006 - STARLINK-2685,0.000,86400.000,0.0000%,0,
Contact STARLINK-4006 - STARLINK-4254,0.000,86400.000,0.0000%,0,
Contact STARLINK-4006 - STARLINK-31853,0.000,86400.000,0.0000%,0,
Contact STARLINK-4006 - STARLINK-4551,0.000,86400.000,0.0000%,0,
Contact STARLINK-4006 - STARLINK-1578,0.000,86400.000,0.0000%,0,
Contact STARLINK-4006 - STARLINK-5535,11940.168,74459.832,13.8196%,7,
Contact STARLINK-4006 - STARLINK-3525,0.000,86400.000,0.0000%,0,
Contact STARLINK-4006 - STARLINK-5289,0.000,86400.000,0.0000%,0,
Contact STARLINK-4006 - STARLINK-1276,0.000,86400.000,0.0000%,0,
Contact STARLINK-4006 - STARLINK-5837,0.000,86400.000,0.0000%,0,
Contact STARLINK-4006 - STARLINK-31852,0.000,86400.000,0.0000%,0,
Contact STARLINK-4006 - STARLINK-1666,0.000,86400.000,0.0000%,0,
Contact STARLINK-4006 - STARLINK-1293,0.000,86400.000,0.0000%,0,
Contact STARLINK-4006 - STARLINK-30879,0.000,86400.000,0.0000%,0,
Contact STARLINK-4006 - STARLINK-31345,211.939,86188.061,0.2453%,1,
Contact STARLINK-4006 - STARLINK-5058,0.000,86400.000,0.0000%,0,
Contact STARLINK-4006 - STARLINK-31690,0.000,86400.000,0.0000%,0,
Contact STARLINK-4006 - STARLINK-5239,5162.669,81237.331,5.9753%,7,
Contact STARLINK-4006 - STARLINK-1302,86400.000,0.000,100.0000%,1,
Contact STARLINK-4006 - STARLINK-4675,30520.456,55879.544,35.3246%,7,
Contact STARLINK-4006 - STARLINK-6135,0.000,86400.000,0.0000%,0,
Contact STARLINK-4006 - STARLINK-32262,0.000,86400.000,0.0000%,0,
Contact STARLINK-4006 - STARLINK-1788,0.000,86400.000,0.0000%,0,
Contact STARLINK-4006 - STARLINK-1080,0.000,86400.000,0.0000%,0,
Contact STARLINK-4006 - STARLINK-4356,1518.552,84881.448,1.7576%,4,
Contact STARLINK-4006 - STARLINK-31554,0.000,86400.000,0.0000%,0,
Contact STARLINK-4006 - STARLINK-4383,2484.362,83915.638,2.8754%,4,
Contact STARLINK-4006 - STARLINK-30052,0.000,86400.000,0.0000%,0,
Contact STARLINK-4006 - STARLINK-5713,1422.569,84977.431,1.6465%,3,
Contact STARLINK-4006 - STARLINK-1303,0.000,86400.000,0.0000%,0,
Contact STARLINK-4006 - STARLINK-11265 [DTC],2301.205,84098.795,2.6634%,3,
Contact STARLINK-4006 - STARLINK-4612,0.000,86400.000,0.0000%,0,
Contact STARLINK-4006 - STARLINK-5831,0.000,86400.000,0.0000%,0,
Contact STARLINK-4006 - STARLINK-31034,0.000,86400.000,0.0000%,0,
Contact STARLINK-4006 - STARLINK-3815,0.000,86400.000,0.0000%,0,
Contact STARLINK-4006 - STARLINK-31611,0.000,86400.000,0.0000%,0,
Contact STARLINK-4006 - MoonARTEMIS1,66054.454,20345.546,76.4519%,9,
Contact STARLINK-4006 - MoonARTEMIS2,61168.570,25231.430,70.7970%,9,
Contact STARLINK-4006 - MoonIOAGEO,59373.676,27026.324,68.7195%,9,
Contact STARLINK-4006 - MoonIOAGNO,66935.842,19464.158,77.4720%,9,
Contact STARLINK-4006 - MoonIOAGNO 0001,66934.349,19465.651,77.4703%,9,
Contact STARLINK-4006 - MoonIOAGSO,64864.718,21535.282,75.0749%,9,
Contact STARLINK-4006 - MoonIOAGSO 0001,64581.445,21818.555,74.7470%,9,
Contact STARLINK-4006 - MoonLRO,66950.795,19449.205,77.4893%,9,
Contact STARLINK-4006 - MarsSat1,67163.716,19236.284,77.7358%,9,
Contact STARLINK-4006 - MarsSat2,67163.494,19236.506,77.7355%,9,
Contact STARLINK-4006 - MarsSat3,67163.727,19236.273,77.7358%,9,
Contact STARLINK-4006 - MarsSat4,67163.682,19236.318,77.7357%,9,
Contact STARLINK-30089 - STARLINK-6374,78769.844,7630.156,91.1688%,7,
Contact STARLINK-30089 - STARLINK-5247,3891.755,82508.245,4.5043%,5,
Contact STARLINK-30089 - STARLINK-30126,0.000,86400.000,0.0000%,0,
Contact STARLINK-30089 - STARLINK-2314,72651.198,13748.802,84.0870%,7,
Contact STARLINK-30089 - STARLINK-4299,0.000,86400.000,0.0000%,0,
Contact STARLINK-30089 - STARLINK-4111,0.000,86400.000,0.0000%,0,
Contact STARLINK-30089 - STARLINK-3994,12421.607,73978.393,14.3769%,7,
Contact STARLINK-30089 - STARLINK-5774,4129.695,82270.305,4.7797%,6,
Contact STARLINK-30089 - STARLINK-31295,9335.512,77064.488,10.8050%,4,
Contact STARLINK-30089 - STARLINK-31577,6275.070,80124.930,7.2628%,1,
Contact STARLINK-30089 - STARLINK-31128,15901.306,70498.694,18.4043%,1,
Contact STARLINK-30089 - STARLINK-5322,0.000,86400.000,0.0000%,0,
Contact STARLINK-30089 - STARLINK-2466,0.000,86400.000,0.0000%,0,
Contact STARLINK-30089 - STARLINK-2704,0.000,86400.000,0.0000%,0,
Contact STARLINK-30089 - STARLINK-2643,8879.388,77520.612,10.2771%,6,
Contact STARLINK-30089 - STARLINK-5807,0.000,86400.000,0.0000%,0,
Contact STARLINK-30089 - STARLINK-2367,0.000,86400.000,0.0000%,0,
Contact STARLINK-30089 - STARLINK-4560,24624.321,61775.679,28.5004%,7,
Contact STARLINK-30089 - STARLINK-3189,4060.655,82339.345,4.6998%,6,
Contact STARLINK-30089 - STARLINK-31784,47490.290,38909.710,54.9656%,2,
Contact STARLINK-30089 - STARLINK-5494,0.000,86400.000,0.0000%,0,
Contact STARLINK-30089 - STARLINK-30421,0.000,86400.000,0.0000%,0,
Contact STARLINK-30089 - STARLINK-4338,3352.146,83047.854,3.8798%,6,
Contact STARLINK-30089 - STARLINK-32197,0.000,86400.000,0.0000%,0,
Contact STARLINK-30089 - STARLINK-2476,0.000,86400.000,0.0000%,0,
Contact STARLINK-30089 - STARLINK-2105,0.000,86400.000,0.0000%,0,
Contact STARLINK-30089 - STARLINK-31536,40212.838,46187.162,46.5426%,1,
Contact STARLINK-30089 - STARLINK-6148,0.000,86400.000,0.0000%,0,
Contact STARLINK-30089 - STARLINK-11199 [DTC],4660.637,81739.363,5.3943%,2,
Contact STARLINK-30089 - STARLINK-5849,0.000,86400.000,0.0000%,0,
Contact STARLINK-30089 - STARLINK-5649,10026.294,76373.706,11.6045%,7,
Contact STARLINK-30089 - STARLINK-5197,11475.330,74924.670,13.2816%,6,
Contact STARLINK-30089 - STARLINK-30100,0.000,86400.000,0.0000%,0,
Contact STARLINK-30089 - STARLINK-11101 [DTC],679.784,85720.216,0.7868%,1,
Contact STARLINK-30089 - STARLINK-2685,86400.000,0.000,100.0000%,1,
Contact STARLINK-30089 - STARLINK-4254,0.000,86400.000,0.0000%,0,
Contact STARLINK-30089 - STARLINK-31853,924.881,85475.119,1.0705%,1,
Contact STARLINK-30089 - STARLINK-4551,0.000,86400.000,0.0000%,0,
Contact STARLINK-30089 - STARLINK-1578,2826.128,83573.872,3.2710%,4,
Contact STARLINK-30089 - STARLINK-5535,0.000,86400.000,0.0000%,0,
Contact STARLINK-30089 - STARLINK-3525,726.307,85673.693,0.8406%,2,
Contact STARLINK-30089 - STARLINK-5289,5496.666,80903.334,6.3619%,6,
Contact STARLINK-30089 - STARLINK-1276,86400.000,0.000,100.0000%,1,
Contact STARLINK-30089 - STARLINK-5837,23750.679,62649.321,27.4892%,7,
Contact STARLINK-30089 - STARLINK-31852,6539.612,79860.388,7.5690%,4,
Contact STARLINK-30089 - STARLINK-1666,4447.815,81952.185,5.1479%,6,
Contact STARLINK-30089 - STARLINK-1293,0.000,86400.000,0.0000%,0,
Contact STARLINK-30089 - STARLINK-30879,53173.299,33226.701,61.5432%,3,
Contact STARLINK-30089 - STARLINK-31345,341.989,86058.011,0.3958%,1,
Contact STARLINK-30089 - STARLINK-5058,3061.045,83338.955,3.5429%,6,
Contact STARLINK-30089 - STARLINK-31690,11427.911,74972.089,13.2267%,2,
Contact STARLINK-30089 - STARLINK-5239,0.000,86400.000,0.0000%,0,
Contact STARLINK-30089 - STARLINK-1302,0.000,86400.000,0.0000%,0,
Contact STARLINK-30089 - STARLINK-4675,0.000,86400.000,0.0000%,0,
Contact STARLINK-30089 - STARLINK-6135,0.000,86400.000,0.0000%,0,
Contact STARLINK-30089 - STARLINK-32262,0.000,86400.000,0.0000%,0,
Contact STARLINK-30089 - STARLINK-1788,281.785,86118.215,0.3261%,1,
Contact STARLINK-30089 - STARLINK-1080,10891.626,75508.374,12.6060%,6,
Contact STARLINK-30089 - STARLINK-4356,3623.084,82776.916,4.1934%,7,
Contact STARLINK-30089 - STARLINK-31554,19807.479,66592.521,22.9253%,1,
Contact STARLINK-30089 - STARLINK-4383,580.648,85819.352,0.6720%,1,
Contact STARLINK-30089 - STARLINK-30052,0.000,86400.000,0.0000%,0,
Contact STARLINK-30089 - STARLINK-5713,0.000,86400.000,0.0000%,0,
Contact STARLINK-30089 - STARLINK-1303,0.000,86400.000,0.0000%,0,
Contact STARLINK-30089 - STARLINK-11265 [DTC],0.000,86400.000,0.0000%,0,
Contact STARLINK-30089 - STARLINK-4612,8827.350,77572.650,10.2168%,6,
Contact STARLINK-30089 - STARLINK-5831,0.000,86400.000,0.0000%,0,
Contact STARLINK-30089 - STARLINK-31034,1528.408,84871.592,1.7690%,2,
Contact STARLINK-30089 - STARLINK-3815,58633.760,27766.240,67.8631%,1,
Contact STARLINK-30089 - STARLINK-31611,11303.461,75096.539,13.0827%,3,
Contact STARLINK-30089 - MoonARTEMIS1,67071.182,19328.818,77.6287%,10,
Contact STARLINK-30089 - MoonARTEMIS2,66156.262,20243.738,76.5697%,10,
Contact STARLINK-30089 - MoonIOAGEO,59094.475,27305.525,68.3964%,10,
Contact STARLINK-30089 - MoonIOAGNO,67029.477,19370.523,77.5804%,10,
Contact STARLINK-30089 - MoonIOAGNO 0001,67022.648,19377.352,77.5725%,10,
Contact STARLINK-30089 - MoonIOAGSO,67057.985,19342.015,77.6134%,10,
Contact STARLINK-30089 - MoonIOAGSO 0001,65818.882,20581.118,76.1793%,10,
Contact STARLINK-30089 - MoonLRO,67046.951,19353.049,77.6006%,10,
Contact STARLINK-30089 - MarsSat1,65219.264,21180.736,75.4853%,9,
Contact STARLINK-30089 - MarsSat2,67424.469,18975.531,78.0376%,10,
Contact STARLINK-30089 - MarsSat3,67424.812,18975.188,78.0380%,10,
Contact STARLINK-30089 - MarsSat4,67424.855,18975.145,78.0380%,10,
Contact STARLINK-6374 - STARLINK-5247,27155.606,59244.394,31.4301%,6,
Contact STARLINK-6374 - STARLINK-30126,0.000,86400.000,0.0000%,0,
Contact STARLINK-6374 - STARLINK-2314,86400.000,0.000,100.0000%,1,
Contact STARLINK-6374 - STARLINK-4299,15018.470,71381.530,17.3825%,4,
Contact STARLINK-6374 - STARLINK-4111,0.000,86400.000,0.0000%,0,
Contact STARLINK-6374 - STARLINK-3994,86400.000,0.000,100.0000%,1,
Contact STARLINK-6374 - STARLINK-5774,12511.476,73888.524,14.4809%,6,
Contact STARLINK-6374 - STARLINK-31295,748.754,85651.246,0.8666%,1,
Contact STARLINK-6374 - STARLINK-31577,13633.222,72766.778,15.7792%,1,
Contact STARLINK-6374 - STARLINK-31128,4367.600,82032.400,5.0551%,2,
Contact STARLINK-6374 - STARLINK-5322,0.000,86400.000,0.0000%,0,
Contact STARLINK-6374 - STARLINK-2466,0.000,86400.000,0.0000%,0,
Contact STARLINK-6374 - STARLINK-2704,0.000,86400.000,0.0000%,0,
Contact STARLINK-6374 - STARLINK-2643,14720.894,71679.106,17.0381%,6,
Contact STARLINK-6374 - STARLINK-5807,0.000,86400.000,0.0000%,0,
Contact STARLINK-6374 - STARLINK-2367,0.000,86400.000,0.0000%,0,
Contact STARLINK-6374 - STARLINK-4560,13371.974,73028.026,15.4768%,7,
Contact STARLINK-6374 - STARLINK-3189,8372.135,78027.865,9.6900%,3,
Contact STARLINK-6374 - STARLINK-31784,7637.149,78762.851,8.8393%,5,
Contact STARLINK-6374 - STARLINK-5494,5754.431,80645.569,6.6602%,3,
Contact STARLINK-6374 - STARLINK-30421,0.000,86400.000,0.0000%,0,
Contact STARLINK-6374 - STARLINK-4338,4739.119,81660.881,5.4851%,6,
Contact STARLINK-6374 - STARLINK-32197,0.000,86400.000,0.0000%,0,
Contact STARLINK-6374 - STARLINK-2476,0.000,86400.000,0.0000%,0,
Contact STARLINK-6374 - STARLINK-2105,0.000,86400.000,0.0000%,0,
Contact STARLINK-6374 - STARLINK-31536,24336.662,62063.338,28.1674%,3,
Contact STARLINK-6374 - STARLINK-6148,0.000,86400.000,0.0000%,0,
Contact STARLINK-6374 - STARLINK-11199 [DTC],12221.451,74178.549,14.1452%,1,
Contact STARLINK-6374 - STARLINK-5849,0.000,86400.000,0.0000%,0,
Contact STARLINK-6374 - STARLINK-5649,86400.000,0.000,100.0000%,1,
Contact STARLINK-6374 - STARLINK-5197,71278.551,15121.449,82.4983%,6,
Contact STARLINK-6374 - STARLINK-30100,0.000,86400.000,0.0000%,0,
Contact STARLINK-6374 - STARLINK-11101 [DTC],599.900,85800.100,0.6943%,1,
Contact STARLINK-6374 - STARLINK-2685,86400.000,0.000,100.0000%,1,
Contact STARLINK-6374 - STARLINK-4254,3216.838,83183.162,3.7232%,5,
Contact STARLINK-6374 - STARLINK-31853,0.000,86400.000,0.0000%,0,
Contact STARLINK-6374 - STARLINK-4551,0.000,86400.000,0.0000%,0,
Contact STARLINK-6374 - STARLINK-1578,1827.936,84572.064,2.1157%,4,
Contact STARLINK-6374 - STARLINK-5535,0.000,86400.000,0.0000%,0,
Contact STARLINK-6374 - STARLINK-3525,8390.367,78009.633,9.7111%,3,
Contact STARLINK-6374 - STARLINK-5289,14007.921,72392.079,16.2129%,7,
Contact STARLINK-6374 - STARLINK-1276,26123.627,60276.373,30.2357%,6,
Contact STARLINK-6374 - STARLINK-5837,0.000,86400.000,0.0000%,0,
Contact STARLINK-6374 - STARLINK-31852,16587.145,69812.855,19.1981%,5,
Contact STARLINK-6374 - STARLINK-1666,0.000,86400.000,0.0000%,0,
Contact STARLINK-6374 - STARLINK-1293,1197.470,85202.530,1.3860%,2,
Contact STARLINK-6374 - STARLINK-30879,55718.099,30681.901,64.4885%,1,
Contact STARLINK-6374 - STARLINK-31345,0.000,86400.000,0.0000%,0,
Contact STARLINK-6374 - STARLINK-5058,39167.653,47232.347,45.3329%,6,
Contact STARLINK-6374 - STARLINK-31690,1282.442,85117.558,1.4843%,2,
Contact STARLINK-6374 - STARLINK-5239,0.000,86400.000,0.0000%,0,
Contact STARLINK-6374 - STARLINK-1302,0.000,86400.000,0.0000%,0,
Contact STARLINK-6374 - STARLINK-4675,0.000,86400.000,0.0000%,0,
Contact STARLINK-6374 - STARLINK-6135,0.000,86400.000,0.0000%,0,
Contact STARLINK-6374 - STARLINK-32262,0.000,86400.000,0.0000%,0,
Contact STARLINK-6374 - STARLINK-1788,0.000,86400.000,0.0000%,0,
Contact STARLINK-6374 - STARLINK-1080,2641.594,83758.406,3.0574%,3,
Contact STARLINK-6374 - STARLINK-4356,0.000,86400.000,0.0000%,0,
Contact STARLINK-6374 - STARLINK-31554,5263.876,81136.124,6.0924%,3,
Contact STARLINK-6374 - STARLINK-4383,0.000,86400.000,0.0000%,0,
Contact STARLINK-6374 - STARLINK-30052,0.000,86400.000,0.0000%,0,
Contact STARLINK-6374 - STARLINK-5713,0.000,86400.000,0.0000%,0,
Contact STARLINK-6374 - STARLINK-1303,0.000,86400.000,0.0000%,0,
Contact STARLINK-6374 - STARLINK-11265 [DTC],0.000,86400.000,0.0000%,0,
Contact STARLINK-6374 - STARLINK-4612,86206.630,193.370,99.7762%,1,
Contact STARLINK-6374 - STARLINK-5831,0.000,86400.000,0.0000%,0,
Contact STARLINK-6374 - STARLINK-31034,0.000,86400.000,0.0000%,0,
Contact STARLINK-6374 - STARLINK-3815,39421.056,46978.944,45.6262%,6,
Contact STARLINK-6374 - STARLINK-31611,36779.002,49620.998,42.5683%,1,
Contact STARLINK-6374 - MoonARTEMIS1,65914.386,20485.614,76.2898%,10,
Contact STARLINK-6374 - MoonARTEMIS2,66103.068,20296.932,76.5082%,10,
Contact STARLINK-6374 - MoonIOAGEO,58968.393,27431.607,68.2505%,10,
Contact STARLINK-6374 - MoonIOAGNO,66925.335,19474.665,77.4599%,10,
Contact STARLINK-6374 - MoonIOAGNO 0001,66930.471,19469.529,77.4658%,10,
Contact STARLINK-6374 - MoonIOAGSO,66923.020,19476.980,77.4572%,10,
Contact STARLINK-6374 - MoonIOAGSO 0001,65687.235,20712.765,76.0269%,10,
Contact STARLINK-6374 - MoonLRO,66926.737,19473.263,77.4615%,10,
Contact STARLINK-6374 - MarsSat1,65063.645,21336.355,75.3051%,9,
Contact STARLINK-6374 - MarsSat2,67215.365,19184.635,77.7956%,10,
Contact STARLINK-6374 - MarsSat3,67215.449,19184.551,77.7957%,10,
Contact STARLINK-6374 - MarsSat4,67215.431,19184.569,77.7956%,10,
Contact STARLINK-5247 - STARLINK-30126,0.000,86400.000,0.0000%,0,
Contact STARLINK-5247 - STARLINK-2314,14804.011,71595.989,17.1343%,6,
Contact STARLINK-5247 - STARLINK-4299,0.000,86400.000,0.0000%,0,
Contact STARLINK-5247 - STARLINK-4111,8185.034,78214.966,9.4734%,6,
Contact STARLINK-5247 - STARLINK-3994,40393.660,46006.340,46.7519%,7,
Contact STARLINK-5247 - STARLINK-5774,86400.000,0.000,100.0000%,1,
Contact STARLINK-5247 - STARLINK-31295,0.000,86400.000,0.0000%,0,
Contact STARLINK-5247 - STARLINK-31577,463.125,85936.875,0.5360%,1,
Contact STARLINK-5247 - STARLINK-31128,11359.004,75040.996,13.1470%,7,
Contact STARLINK-5247 - STARLINK-5322,0.000,86400.000,0.0000%,0,
Contact STARLINK-5247 - STARLINK-2466,0.000,86400.000,0.0000%,0,
Contact STARLINK-5247 - STARLINK-2704,0.000,86400.000,0.0000%,0,
Contact STARLINK-5247 - STARLINK-2643,86400.000,0.000,100.0000%,1,
Contact STARLINK-5247 - STARLINK-5807,0.000,86400.000,0.0000%,0,
Contact STARLINK-5247 - STARLINK-2367,0.000,86400.000,0.0000%,0,
Contact STARLINK-5247 - STARLINK-4560,0.000,86400.000,0.0000%,0,
Contact STARLINK-5247 - STARLINK-3189,24371.469,62028.531,28.2077%,7,
Contact STARLINK-5247 - STARLINK-31784,4951.918,81448.082,5.7314%,3,
Contact STARLINK-5247 - STARLINK-5494,1733.144,84666.856,2.0060%,3,
Contact STARLINK-5247 - STARLINK-30421,0.000,86400.000,0.0000%,0,
Contact STARLINK-5247 - STARLINK-4338,730.043,85669.957,0.8450%,2,
Contact STARLINK-5247 - STARLINK-32197,0.000,86400.000,0.0000%,0,
Contact STARLINK-5247 - STARLINK-2476,0.000,86400.000,0.0000%,0,
Contact STARLINK-5247 - STARLINK-2105,0.000,86400.000,0.0000%,0,
Contact STARLINK-5247 - STARLINK-31536,8267.396,78132.604,9.5687%,7,
Contact STARLINK-5247 - STARLINK-6148,0.000,86400.000,0.0000%,0,
Contact STARLINK-5247 - STARLINK-11199 [DTC],0.000,86400.000,0.0000%,0,
Contact STARLINK-5247 - STARLINK-5849,0.000,86400.000,0.0000%,0,
Contact STARLINK-5247 - STARLINK-5649,62967.252,23432.748,72.8788%,6,
Contact STARLINK-5247 - STARLINK-5197,86400.000,0.000,100.0000%,1,
Contact STARLINK-5247 - STARLINK-30100,43283.170,43116.830,50.0963%,7,
Contact STARLINK-5247 - STARLINK-11101 [DTC],2214.700,84185.300,2.5633%,3,
Contact STARLINK-5247 - STARLINK-2685,5452.362,80947.638,6.3106%,6,
Contact STARLINK-5247 - STARLINK-4254,21362.046,65037.954,24.7246%,7,
Contact STARLINK-5247 - STARLINK-31853,0.000,86400.000,0.0000%,0,
Contact STARLINK-5247 - STARLINK-4551,0.000,86400.000,0.0000%,0,
Contact STARLINK-5247 - STARLINK-1578,0.000,86400.000,0.0000%,0,
Contact STARLINK-5247 - STARLINK-5535,0.000,86400.000,0.0000%,0,
Contact STARLINK-5247 - STARLINK-3525,0.000,86400.000,0.0000%,0,
Contact STARLINK-5247 - STARLINK-5289,7359.600,79040.400,8.5181%,2,
Contact STARLINK-5247 - STARLINK-1276,11248.226,75151.774,13.0188%,6,
Contact STARLINK-5247 - STARLINK-5837,1355.048,85044.952,1.5683%,4,
Contact STARLINK-5247 - STARLINK-31852,63694.867,22705.133,73.7209%,1,
Contact STARLINK-5247 - STARLINK-1666,0.000,86400.000,0.0000%,0,
Contact STARLINK-5247 - STARLINK-1293,0.000,86400.000,0.0000%,0,
Contact STARLINK-5247 - STARLINK-30879,5245.199,81154.801,6.0708%,6,
Contact STARLINK-5247 - STARLINK-31345,0.000,86400.000,0.0000%,0,
Contact STARLINK-5247 - STARLINK-5058,38885.726,47514.274,45.0066%,4,
Contact STARLINK-5247 - STARLINK-31690,0.000,86400.000,0.0000%,0,
Contact STARLINK-5247 - STARLINK-5239,0.000,86400.000,0.0000%,0,
Contact STARLINK-5247 - STARLINK-1302,0.000,86400.000,0.0000%,0,
Contact STARLINK-5247 - STARLINK-4675,0.000,86400.000,0.0000%,0,
Contact STARLINK-5247 - STARLINK-6135,1417.584,84982.416,1.6407%,2,
Contact STARLINK-5247 - STARLINK-32262,0.000,86400.000,0.0000%,0,
Contact STARLINK-5247 - STARLINK-1788,7745.315,78654.685,8.9645%,7,
Contact STARLINK-5247 - STARLINK-1080,44000.039,42399.961,50.9260%,7,
Contact STARLINK-5247 - STARLINK-4356,0.000,86400.000,0.0000%,0,
Contact STARLINK-5247 - STARLINK-31554,0.000,86400.000,0.0000%,0,
Contact STARLINK-5247 - STARLINK-4383,0.000,86400.000,0.0000%,0,
Contact STARLINK-5247 - STARLINK-30052,67893.228,18506.772,78.5801%,7,
Contact STARLINK-5247 - STARLINK-5713,0.000,86400.000,0.0000%,0,
Contact STARLINK-5247 - STARLINK-1303,0.000,86400.000,0.0000%,0,
Contact STARLINK-5247 - STARLINK-11265 [DTC],640.367,85759.633,0.7412%,1,
Contact STARLINK-5247 - STARLINK-4612,30966.973,55433.027,35.8414%,7,
Contact STARLINK-5247 - STARLINK-5831,0.000,86400.000,0.0000%,0,
Contact STARLINK-5247 - STARLINK-31034,0.000,86400.000,0.0000%,0,
Contact STARLINK-5247 - STARLINK-3815,1818.079,84581.921,2.1043%,3,
Contact STARLINK-5247 - STARLINK-31611,14988.082,71411.918,17.3473%,3,
Contact STARLINK-5247 - MoonARTEMIS1,86400.000,0.000,100.0000%,1,
Contact STARLINK-5247 - MoonARTEMIS2,83842.063,2557.937,97.0394%,2,
Contact STARLINK-5247 - MoonIOAGEO,79049.094,7350.906,91.4920%,3,
Contact STARLINK-5247 - MoonIOAGNO,86400.000,0.000,100.0000%,1,
Contact STARLINK-5247 - MoonIOAGNO 0001,86400.000,0.000,100.0000%,1,
Contact STARLINK-5247 - MoonIOAGSO,86400.000,0.000,100.0000%,1,
Contact STARLINK-5247 - MoonIOAGSO 0001,86400.000,0.000,100.0000%,1,
Contact STARLINK-5247 - MoonLRO,86400.000,0.000,100.0000%,1,
Contact STARLINK-5247 - MarsSat1,85065.493,1334.507,98.4554%,1,
Contact STARLINK-5247 - MarsSat2,86400.000,0.000,100.0000%,1,
Contact STARLINK-5247 - MarsSat3,86400.000,0.000,100.0000%,1,
Contact STARLINK-5247 - MarsSat4,86400.000,0.000,100.0000%,1,
Contact STARLINK-30126 - STARLINK-2314,0.000,86400.000,0.0000%,0,
Contact STARLINK-30126 - STARLINK-4299,14557.029,71842.971,16.8484%,6,
Contact STARLINK-30126 - STARLINK-4111,0.000,86400.000,0.0000%,0,
Contact STARLINK-30126 - STARLINK-3994,0.000,86400.000,0.0000%,0,
Contact STARLINK-30126 - STARLINK-5774,0.000,86400.000,0.0000%,0,
Contact STARLINK-30126 - STARLINK-31295,27272.165,59127.835,31.5650%,7,
Contact STARLINK-30126 - STARLINK-31577,21620.711,64779.289,25.0240%,3,
Contact STARLINK-30126 - STARLINK-31128,0.000,86400.000,0.0000%,0,
Contact STARLINK-30126 - STARLINK-5322,0.000,86400.000,0.0000%,0,
Contact STARLINK-30126 - STARLINK-2466,0.000,86400.000,0.0000%,0,
Contact STARLINK-30126 - STARLINK-2704,1367.235,85032.765,1.5824%,3,
Contact STARLINK-30126 - STARLINK-2643,3357.572,83042.428,3.8861%,5,
Contact STARLINK-30126 - STARLINK-5807,0.000,86400.000,0.0000%,0,
Contact STARLINK-30126 - STARLINK-2367,0.000,86400.000,0.0000%,0,
Contact STARLINK-30126 - STARLINK-4560,0.000,86400.000,0.0000%,0,
Contact STARLINK-30126 - STARLINK-3189,73196.800,13203.200,84.7185%,2,
Contact STARLINK-30126 - STARLINK-31784,1835.682,84564.318,2.1246%,2,
Contact STARLINK-30126 - STARLINK-5494,20547.359,65852.641,23.7817%,6,
Contact STARLINK-30126 - STARLINK-30421,43934.117,42465.883,50.8497%,1,
Contact STARLINK-30126 - STARLINK-4338,4753.179,81646.821,5.5014%,7,
Contact STARLINK-30126 - STARLINK-32197,35129.937,51270.063,40.6596%,1,
Contact STARLINK-30126 - STARLINK-2476,0.000,86400.000,0.0000%,0,
Contact STARLINK-30126 - STARLINK-2105,0.000,86400.000,0.0000%,0,
Contact STARLINK-30126 - STARLINK-31536,0.000,86400.000,0.0000%,0,
Contact STARLINK-30126 - STARLINK-6148,86400.000,0.000,100.0000%,1,
Contact STARLINK-30126 - STARLINK-11199 [DTC],5482.290,80917.710,6.3452%,1,
Contact STARLINK-30126 - STARLINK-5849,0.000,86400.000,0.0000%,0,
Contact STARLINK-30126 - STARLINK-5649,0.000,86400.000,0.0000%,0,
Contact STARLINK-30126 - STARLINK-5197,0.000,86400.000,0.0000%,0,
Contact STARLINK-30126 - STARLINK-30100,0.000,86400.000,0.0000%,0,
Contact STARLINK-30126 - STARLINK-11101 [DTC],1284.013,85115.987,1.4861%,2,
Contact STARLINK-30126 - STARLINK-2685,0.000,86400.000,0.0000%,0,
Contact STARLINK-30126 - STARLINK-4254,0.000,86400.000,0.0000%,0,
Contact STARLINK-30126 - STARLINK-31853,5514.065,80885.935,6.3820%,3,
Contact STARLINK-30126 - STARLINK-4551,7662.274,78737.726,8.8684%,6,
Contact STARLINK-30126 - STARLINK-1578,6005.918,80394.082,6.9513%,6,
Contact STARLINK-30126 - STARLINK-5535,0.000,86400.000,0.0000%,0,
Contact STARLINK-30126 - STARLINK-3525,0.000,86400.000,0.0000%,0,
Contact STARLINK-30126 - STARLINK-5289,3098.747,83301.253,3.5865%,5,
Contact STARLINK-30126 - STARLINK-1276,0.000,86400.000,0.0000%,0,
Contact STARLINK-30126 - STARLINK-5837,0.000,86400.000,0.0000%,0,
Contact STARLINK-30126 - STARLINK-31852,7543.953,78856.047,8.7314%,2,
Contact STARLINK-30126 - STARLINK-1666,40294.120,46105.880,46.6367%,7,
Contact STARLINK-30126 - STARLINK-1293,20695.045,65704.955,23.9526%,6,
Contact STARLINK-30126 - STARLINK-30879,11293.488,75106.512,13.0712%,1,
Contact STARLINK-30126 - STARLINK-31345,1257.252,85142.748,1.4552%,3,
Contact STARLINK-30126 - STARLINK-5058,0.000,86400.000,0.0000%,0,
Contact STARLINK-30126 - STARLINK-31690,6638.866,79761.134,7.6839%,4,
Contact STARLINK-30126 - STARLINK-5239,0.000,86400.000,0.0000%,0,
Contact STARLINK-30126 - STARLINK-1302,0.000,86400.000,0.0000%,0,
Contact STARLINK-30126 - STARLINK-4675,0.000,86400.000,0.0000%,0,
Contact STARLINK-30126 - STARLINK-6135,0.000,86400.000,0.0000%,0,
Contact STARLINK-30126 - STARLINK-32262,0.000,86400.000,0.0000%,0,
Contact STARLINK-30126 - STARLINK-1788,86400.000,0.000,100.0000%,1,
Contact STARLINK-30126 - STARLINK-1080,58837.510,27562.490,68.0990%,4,
Contact STARLINK-30126 - STARLINK-4356,0.000,86400.000,0.0000%,0,
Contact STARLINK-30126 - STARLINK-31554,15947.658,70452.342,18.4579%,4,
Contact STARLINK-30126 - STARLINK-4383,0.000,86400.000,0.0000%,0,
Contact STARLINK-30126 - STARLINK-30052,0.000,86400.000,0.0000%,0,
Contact STARLINK-30126 - STARLINK-5713,0.000,86400.000,0.0000%,0,
Contact STARLINK-30126 - STARLINK-1303,27440.126,58959.874,31.7594%,6,
Contact STARLINK-30126 - STARLINK-11265 [DTC],26279.786,60120.214,30.4164%,1,
Contact STARLINK-30126 - STARLINK-4612,0.000,86400.000,0.0000%,0,
Contact STARLINK-30126 - STARLINK-5831,86400.000,0.000,100.0000%,1,
Contact STARLINK-30126 - STARLINK-31034,35153.221,51246.779,40.6866%,5,
Contact STARLINK-30126 - STARLINK-3815,1752.581,84647.419,2.0285%,2,
Contact STARLINK-30126 - STARLINK-31611,49645.588,36754.412,57.4602%,1,
Contact STARLINK-30126 - MoonARTEMIS1,66191.772,20208.228,76.6108%,10,
Contact STARLINK-30126 - MoonARTEMIS2,66179.733,20220.267,76.5969%,10,
Contact STARLINK-30126 - MoonIOAGEO,59741.652,26658.348,69.1454%,10,
Contact STARLINK-30126 - MoonIOAGNO,67285.702,19114.298,77.8770%,10,
Contact STARLINK-30126 - MoonIOAGNO 0001,67283.853,19116.147,77.8748%,10,
Contact STARLINK-30126 - MoonIOAGSO,66134.294,20265.706,76.5443%,10,
Contact STARLINK-30126 - MoonIOAGSO 0001,65253.760,21146.240,75.5252%,10,
Contact STARLINK-30126 - MoonLRO,67245.744,19154.256,77.8307%,10,
Contact STARLINK-30126 - MarsSat1,63854.306,22545.694,73.9054%,9,
Contact STARLINK-30126 - MarsSat2,67428.310,18971.690,78.0420%,10,
Contact STARLINK-30126 - MarsSat3,67428.392,18971.608,78.0421%,10,
Contact STARLINK-30126 - MarsSat4,67428.395,18971.605,78.0421%,10,
Contact STARLINK-2314 - STARLINK-4299,14514.920,71885.080,16.7997%,6,
Contact STARLINK-2314 - STARLINK-4111,0.000,86400.000,0.0000%,0,
Contact STARLINK-2314 - STARLINK-3994,86400.000,0.000,100.0000%,1,
Contact STARLINK-2314 - STARLINK-5774,8776.388,77623.612,10.1579%,6,
Contact STARLINK-2314 - STARLINK-31295,556.327,85843.673,0.6439%,1,
Contact STARLINK-2314 - STARLINK-31577,11079.604,75320.396,12.8236%,1,
Contact STARLINK-2314 - STARLINK-31128,0.000,86400.000,0.0000%,0,
Contact STARLINK-2314 - STARLINK-5322,0.000,86400.000,0.0000%,0,
Contact STARLINK-2314 - STARLINK-2466,0.000,86400.000,0.0000%,0,
Contact STARLINK-2314 - STARLINK-2704,0.000,86400.000,0.0000%,0,
Contact STARLINK-2314 - STARLINK-2643,8179.510,78220.490,9.4670%,6,
Contact STARLINK-2314 - STARLINK-5807,0.000,86400.000,0.0000%,0,
Contact STARLINK-2314 - STARLINK-2367,0.000,86400.000,0.0000%,0,
Contact STARLINK-2314 - STARLINK-4560,2293.618,84106.382,2.6547%,4,
Contact STARLINK-2314 - STARLINK-3189,0.000,86400.000,0.0000%,0,
Contact STARLINK-2314 - STARLINK-31784,11210.432,75189.568,12.9750%,6,
Contact STARLINK-2314 - STARLINK-5494,28366.718,58033.282,32.8318%,3,
Contact STARLINK-2314 - STARLINK-30421,0.000,86400.000,0.0000%,0,
Contact STARLINK-2314 - STARLINK-4338,4582.266,81817.734,5.3035%,7,
Contact STARLINK-2314 - STARLINK-32197,0.000,86400.000,0.0000%,0,
Contact STARLINK-2314 - STARLINK-2476,0.000,86400.000,0.0000%,0,
Contact STARLINK-2314 - STARLINK-2105,0.000,86400.000,0.0000%,0,
Contact STARLINK-2314 - STARLINK-31536,14757.300,71642.700,17.0802%,3,
Contact STARLINK-2314 - STARLINK-6148,0.000,86400.000,0.0000%,0,
Contact STARLINK-2314 - STARLINK-11199 [DTC],10069.898,76330.102,11.6550%,1,
Contact STARLINK-2314 - STARLINK-5849,0.000,86400.000,0.0000%,0,
Contact STARLINK-2314 - STARLINK-5649,85396.089,1003.911,98.8381%,3,
Contact STARLINK-2314 - STARLINK-5197,43243.783,43156.217,50.0507%,6,
Contact STARLINK-2314 - STARLINK-30100,0.000,86400.000,0.0000%,0,
Contact STARLINK-2314 - STARLINK-11101 [DTC],0.000,86400.000,0.0000%,0,
Contact STARLINK-2314 - STARLINK-2685,86400.000,0.000,100.0000%,1,
Contact STARLINK-2314 - STARLINK-4254,1752.283,84647.717,2.0281%,4,
Contact STARLINK-2314 - STARLINK-31853,0.000,86400.000,0.0000%,0,
Contact STARLINK-2314 - STARLINK-4551,0.000,86400.000,0.0000%,0,
Contact STARLINK-2314 - STARLINK-1578,3398.205,83001.795,3.9331%,6,
Contact STARLINK-2314 - STARLINK-5535,0.000,86400.000,0.0000%,0,
Contact STARLINK-2314 - STARLINK-3525,4465.415,81934.585,5.1683%,6,
Contact STARLINK-2314 - STARLINK-5289,7966.307,78433.693,9.2203%,7,
Contact STARLINK-2314 - STARLINK-1276,2978.077,83421.923,3.4468%,4,
Contact STARLINK-2314 - STARLINK-5837,8494.448,77905.552,9.8315%,3,
Contact STARLINK-2314 - STARLINK-31852,7844.648,78555.352,9.0795%,5,
Contact STARLINK-2314 - STARLINK-1666,0.000,86400.000,0.0000%,0,
Contact STARLINK-2314 - STARLINK-1293,7234.935,79165.065,8.3738%,6,
Contact STARLINK-2314 - STARLINK-30879,67083.436,19316.564,77.6429%,1,
Contact STARLINK-2314 - STARLINK-31345,0.000,86400.000,0.0000%,0,
Contact STARLINK-2314 - STARLINK-5058,21100.259,65299.741,24.4216%,6,
Contact STARLINK-2314 - STARLINK-31690,1406.737,84993.263,1.6282%,2,
Contact STARLINK-2314 - STARLINK-5239,0.000,86400.000,0.0000%,0,
Contact STARLINK-2314 - STARLINK-1302,0.000,86400.000,0.0000%,0,
Contact STARLINK-2314 - STARLINK-4675,0.000,86400.000,0.0000%,0,
Contact STARLINK-2314 - STARLINK-6135,0.000,86400.000,0.0000%,0,
Contact STARLINK-2314 - STARLINK-32262,0.000,86400.000,0.0000%,0,
Contact STARLINK-2314 - STARLINK-1788,0.000,86400.000,0.0000%,0,
Contact STARLINK-2314 - STARLINK-1080,283.627,86116.373,0.3283%,1,
Contact STARLINK-2314 - STARLINK-4356,312.130,86087.870,0.3613%,1,
Contact STARLINK-2314 - STARLINK-31554,8194.964,78205.036,9.4849%,3,
Contact STARLINK-2314 - STARLINK-4383,0.000,86400.000,0.0000%,0,
Contact STARLINK-2314 - STARLINK-30052,0.000,86400.000,0.0000%,0,
Contact STARLINK-2314 - STARLINK-5713,0.000,86400.000,0.0000%,0,
Contact STARLINK-2314 - STARLINK-1303,0.000,86400.000,0.0000%,0,
Contact STARLINK-2314 - STARLINK-11265 [DTC],0.000,86400.000,0.0000%,0,
Contact STARLINK-2314 - STARLINK-4612,85564.003,835.997,99.0324%,4,
Contact STARLINK-2314 - STARLINK-5831,0.000,86400.000,0.0000%,0,
Contact STARLINK-2314 - STARLINK-31034,0.000,86400.000,0.0000%,0,
Contact STARLINK-2314 - STARLINK-3815,50326.917,36073.083,58.2487%,7,
Contact STARLINK-2314 - STARLINK-31611,32623.090,53776.910,37.7582%,2,
Contact STARLINK-2314 - MoonARTEMIS1,65741.222,20658.778,76.0894%,10,
Contact STARLINK-2314 - MoonARTEMIS2,60355.256,26044.744,69.8556%,10,
Contact STARLINK-2314 - MoonIOAGEO,58949.289,27450.711,68.2283%,10,
Contact STARLINK-2314 - MoonIOAGNO,66977.142,19422.858,77.5198%,10,
Contact STARLINK-2314 - MoonIOAGNO 0001,66982.257,19417.743,77.5258%,10,
Contact STARLINK-2314 - MoonIOAGSO,66950.814,19449.186,77.4894%,10,
Contact STARLINK-2314 - MoonIOAGSO 0001,65793.806,20606.194,76.1502%,10,
Contact STARLINK-2314 - MoonLRO,66997.925,19402.075,77.5439%,10,
Contact STARLINK-2314 - MarsSat1,67190.132,19209.868,77.7664%,8,
Contact STARLINK-2314 - MarsSat2,69489.421,16910.579,80.4276%,9,
Contact STARLINK-2314 - MarsSat3,67373.888,19026.112,77.9790%,10,
Contact STARLINK-2314 - MarsSat4,67373.885,19026.115,77.9790%,10,
Contact STARLINK-4299 - STARLINK-4111,0.000,86400.000,0.0000%,0,
Contact STARLINK-4299 - STARLINK-3994,11827.575,74572.425,13.6893%,6,
Contact STARLINK-4299 - STARLINK-5774,0.000,86400.000,0.0000%,0,
Contact STARLINK-4299 - STARLINK-31295,11991.723,74408.277,13.8793%,7,
Contact STARLINK-4299 - STARLINK-31577,28366.640,58033.360,32.8318%,1,
Contact STARLINK-4299 - STARLINK-31128,0.000,86400.000,0.0000%,0,
Contact STARLINK-4299 - STARLINK-5322,4821.061,81578.939,5.5799%,6,
Contact STARLINK-4299 - STARLINK-2466,0.000,86400.000,0.0000%,0,
Contact STARLINK-4299 - STARLINK-2704,0.000,86400.000,0.0000%,0,
Contact STARLINK-4299 - STARLINK-2643,1403.632,84996.368,1.6246%,3,
Contact STARLINK-4299 - STARLINK-5807,0.000,86400.000,0.0000%,0,
Contact STARLINK-4299 - STARLINK-2367,0.000,86400.000,0.0000%,0,
Contact STARLINK-4299 - STARLINK-4560,0.000,86400.000,0.0000%,0,
Contact STARLINK-4299 - STARLINK-3189,15087.803,71312.197,17.4627%,6,
Contact STARLINK-4299 - STARLINK-31784,21162.393,65237.607,24.4935%,1,
Contact STARLINK-4299 - STARLINK-5494,86400.000,0.000,100.0000%,1,
Contact STARLINK-4299 - STARLINK-30421,819.895,85580.105,0.9490%,1,
Contact STARLINK-4299 - STARLINK-4338,0.000,86400.000,0.0000%,0,
Contact STARLINK-4299 - STARLINK-32197,1262.183,85137.817,1.4609%,2,
Contact STARLINK-4299 - STARLINK-2476,0.000,86400.000,0.0000%,0,
Contact STARLINK-4299 - STARLINK-2105,0.000,86400.000,0.0000%,0,
Contact STARLINK-4299 - STARLINK-31536,0.000,86400.000,0.0000%,0,
Contact STARLINK-4299 - STARLINK-6148,1449.784,84950.216,1.6780%,3,
Contact STARLINK-4299 - STARLINK-11199 [DTC],0.000,86400.000,0.0000%,0,
Contact STARLINK-4299 - STARLINK-5849,0.000,86400.000,0.0000%,0,
Contact STARLINK-4299 - STARLINK-5649,0.000,86400.000,0.0000%,0,
Contact STARLINK-4299 - STARLINK-5197,300.958,86099.042,0.3483%,2,
Contact STARLINK-4299 - STARLINK-30100,0.000,86400.000,0.0000%,0,
Contact STARLINK-4299 - STARLINK-11101 [DTC],2655.805,83744.195,3.0738%,1,
Contact STARLINK-4299 - STARLINK-2685,0.000,86400.000,0.0000%,0,
Contact STARLINK-4299 - STARLINK-4254,0.000,86400.000,0.0000%,0,
Contact STARLINK-4299 - STARLINK-31853,7236.814,79163.186,8.3759%,5,
Contact STARLINK-4299 - STARLINK-4551,30416.355,55983.645,35.2041%,7,
Contact STARLINK-4299 - STARLINK-1578,75375.228,11024.772,87.2398%,7,
Contact STARLINK-4299 - STARLINK-5535,0.000,86400.000,0.0000%,0,
Contact STARLINK-4299 - STARLINK-3525,0.000,86400.000,0.0000%,0,
Contact STARLINK-4299 - STARLINK-5289,0.000,86400.000,0.0000%,0,
Contact STARLINK-4299 - STARLINK-1276,0.000,86400.000,0.0000%,0,
Contact STARLINK-4299 - STARLINK-5837,542.628,85857.372,0.6280%,2,
Contact STARLINK-4299 - STARLINK-31852,643.442,85756.558,0.7447%,1,
Contact STARLINK-4299 - STARLINK-1666,11562.743,74837.257,13.3828%,7,
Contact STARLINK-4299 - STARLINK-1293,86400.000,0.000,100.0000%,1,
Contact STARLINK-4299 - STARLINK-30879,34876.727,51523.273,40.3666%,2,
Contact STARLINK-4299 - STARLINK-31345,6021.817,80378.183,6.9697%,4,
Contact STARLINK-4299 - STARLINK-5058,0.000,86400.000,0.0000%,0,
Contact STARLINK-4299 - STARLINK-31690,20083.575,66316.425,23.2449%,5,
Contact STARLINK-4299 - STARLINK-5239,0.000,86400.000,0.0000%,0,
Contact STARLINK-4299 - STARLINK-1302,0.000,86400.000,0.0000%,0,
Contact STARLINK-4299 - STARLINK-4675,0.000,86400.000,0.0000%,0,
Contact STARLINK-4299 - STARLINK-6135,0.000,86400.000,0.0000%,0,
Contact STARLINK-4299 - STARLINK-32262,0.000,86400.000,0.0000%,0,
Contact STARLINK-4299 - STARLINK-1788,27585.374,58814.626,31.9275%,6,
Contact STARLINK-4299 - STARLINK-1080,11359.423,75040.577,13.1475%,6,
Contact STARLINK-4299 - STARLINK-4356,41.964,86358.036,0.0486%,1,
Contact STARLINK-4299 - STARLINK-31554,57315.234,29084.766,66.3371%,1,
Contact STARLINK-4299 - STARLINK-4383,4764.073,81635.927,5.5140%,7,
Contact STARLINK-4299 - STARLINK-30052,0.000,86400.000,0.0000%,0,
Contact STARLINK-4299 - STARLINK-5713,0.000,86400.000,0.0000%,0,
Contact STARLINK-4299 - STARLINK-1303,86400.000,0.000,100.0000%,1,
Contact STARLINK-4299 - STARLINK-11265 [DTC],1548.705,84851.295,1.7925%,2,
Contact STARLINK-4299 - STARLINK-4612,21136.401,65263.599,24.4634%,6,
Contact STARLINK-4299 - STARLINK-5831,996.110,85403.890,1.1529%,2,
Contact STARLINK-4299 - STARLINK-31034,8310.203,78089.797,9.6183%,7,
Contact STARLINK-4299 - STARLINK-3815,61738.750,24661.250,71.4569%,1,
Contact STARLINK-4299 - STARLINK-31611,11659.342,74740.658,13.4946%,6,
Contact STARLINK-4299 - MoonARTEMIS1,64744.711,21655.289,74.9360%,10,
Contact STARLINK-4299 - MoonARTEMIS2,68971.984,17428.016,79.8287%,9,
Contact STARLINK-4299 - MoonIOAGEO,61957.126,24442.874,71.7096%,9,
Contact STARLINK-4299 - MoonIOAGNO,67405.848,18994.152,78.0160%,10,
Contact STARLINK-4299 - MoonIOAGNO 0001,67409.143,18990.857,78.0198%,10,
Contact STARLINK-4299 - MoonIOAGSO,68101.364,18298.636,78.8210%,9,
Contact STARLINK-4299 - MoonIOAGSO 0001,65714.610,20685.390,76.0586%,10,
Contact STARLINK-4299 - MoonLRO,69568.067,16831.933,80.5186%,9,
Contact STARLINK-4299 - MarsSat1,66662.765,19737.235,77.1560%,8,
Contact STARLINK-4299 - MarsSat2,69947.033,16452.967,80.9572%,9,
Contact STARLINK-4299 - MarsSat3,69947.536,16452.464,80.9578%,9,
Contact STARLINK-4299 - MarsSat4,69947.679,16452.321,80.9580%,9,
Contact STARLINK-4111 - STARLINK-3994,0.000,86400.000,0.0000%,0,
Contact STARLINK-4111 - STARLINK-5774,17951.809,68448.191,20.7776%,6,
Contact STARLINK-4111 - STARLINK-31295,0.000,86400.000,0.0000%,0,
Contact STARLINK-4111 - STARLINK-31577,0.000,86400.000,0.0000%,0,
Contact STARLINK-4111 - STARLINK-31128,86400.000,0.000,100.0000%,1,
Contact STARLINK-4111 - STARLINK-5322,0.000,86400.000,0.0000%,0,
Contact STARLINK-4111 - STARLINK-2466,0.000,86400.000,0.0000%,0,
Contact STARLINK-4111 - STARLINK-2704,0.000,86400.000,0.0000%,0,
Contact STARLINK-4111 - STARLINK-2643,3212.855,83187.145,3.7186%,5,
Contact STARLINK-4111 - STARLINK-5807,0.000,86400.000,0.0000%,0,
Contact STARLINK-4111 - STARLINK-2367,2310.380,84089.620,2.6741%,5,
Contact STARLINK-4111 - STARLINK-4560,33543.389,52856.611,38.8234%,7,
Contact STARLINK-4111 - STARLINK-3189,0.000,86400.000,0.0000%,0,
Contact STARLINK-4111 - STARLINK-31784,34936.616,51463.384,40.4359%,2,
Contact STARLINK-4111 - STARLINK-5494,0.000,86400.000,0.0000%,0,
Contact STARLINK-4111 - STARLINK-30421,0.000,86400.000,0.0000%,0,
Contact STARLINK-4111 - STARLINK-4338,10913.280,75486.720,12.6311%,6,
Contact STARLINK-4111 - STARLINK-32197,0.000,86400.000,0.0000%,0,
Contact STARLINK-4111 - STARLINK-2476,0.000,86400.000,0.0000%,0,
Contact STARLINK-4111 - STARLINK-2105,0.000,86400.000,0.0000%,0,
Contact STARLINK-4111 - STARLINK-31536,77196.082,9203.918,89.3473%,1,
Contact STARLINK-4111 - STARLINK-6148,0.000,86400.000,0.0000%,0,
Contact STARLINK-4111 - STARLINK-11199 [DTC],8518.188,77881.812,9.8590%,3,
Contact STARLINK-4111 - STARLINK-5849,14456.564,71943.436,16.7321%,7,
Contact STARLINK-4111 - STARLINK-5649,2878.532,83521.468,3.3316%,4,
Contact STARLINK-4111 - STARLINK-5197,4631.119,81768.881,5.3601%,7,
Contact STARLINK-4111 - STARLINK-30100,3139.359,83260.641,3.6335%,4,
Contact STARLINK-4111 - STARLINK-11101 [DTC],17001.644,69398.356,19.6778%,1,
Contact STARLINK-4111 - STARLINK-2685,0.000,86400.000,0.0000%,0,
Contact STARLINK-4111 - STARLINK-4254,71047.600,15352.400,82.2310%,6,
Contact STARLINK-4111 - STARLINK-31853,0.000,86400.000,0.0000%,0,
Contact STARLINK-4111 - STARLINK-4551,0.000,86400.000,0.0000%,0,
Contact STARLINK-4111 - STARLINK-1578,0.000,86400.000,0.0000%,0,
Contact STARLINK-4111 - STARLINK-5535,0.000,86400.000,0.0000%,0,
Contact STARLINK-4111 - STARLINK-3525,11973.770,74426.230,13.8585%,7,
Contact STARLINK-4111 - STARLINK-5289,8537.571,77862.429,9.8814%,6,
Contact STARLINK-4111 - STARLINK-1276,86400.000,0.000,100.0000%,1,
Contact STARLINK-4111 - STARLINK-5837,4283.234,82116.766,4.9574%,5,
Contact STARLINK-4111 - STARLINK-31852,6719.891,79680.109,7.7777%,5,
Contact STARLINK-4111 - STARLINK-1666,0.000,86400.000,0.0000%,0,
Contact STARLINK-4111 - STARLINK-1293,0.000,86400.000,0.0000%,0,
Contact STARLINK-4111 - STARLINK-30879,21121.991,65278.009,24.4467%,1,
Contact STARLINK-4111 - STARLINK-31345,0.000,86400.000,0.0000%,0,
Contact STARLINK-4111 - STARLINK-5058,18062.404,68337.596,20.9056%,7,
Contact STARLINK-4111 - STARLINK-31690,0.000,86400.000,0.0000%,0,
Contact STARLINK-4111 - STARLINK-5239,736.400,85663.600,0.8523%,3,
Contact STARLINK-4111 - STARLINK-1302,0.000,86400.000,0.0000%,0,
Contact STARLINK-4111 - STARLINK-4675,0.000,86400.000,0.0000%,0,
Contact STARLINK-4111 - STARLINK-6135,86400.000,0.000,100.0000%,1,
Contact STARLINK-4111 - STARLINK-32262,0.000,86400.000,0.0000%,0,
Contact STARLINK-4111 - STARLINK-1788,0.000,86400.000,0.0000%,0,
Contact STARLINK-4111 - STARLINK-1080,0.000,86400.000,0.0000%,0,
Contact STARLINK-4111 - STARLINK-4356,5084.424,81315.576,5.8848%,6,
Contact STARLINK-4111 - STARLINK-31554,0.000,86400.000,0.0000%,0,
Contact STARLINK-4111 - STARLINK-4383,3512.711,82887.289,4.0656%,6,
Contact STARLINK-4111 - STARLINK-30052,20141.696,66258.304,23.3121%,6,
Contact STARLINK-4111 - STARLINK-5713,0.000,86400.000,0.0000%,0,
Contact STARLINK-4111 - STARLINK-1303,0.000,86400.000,0.0000%,0,
Contact STARLINK-4111 - STARLINK-11265 [DTC],561.657,85838.343,0.6501%,1,
Contact STARLINK-4111 - STARLINK-4612,0.000,86400.000,0.0000%,0,
Contact STARLINK-4111 - STARLINK-5831,0.000,86400.000,0.0000%,0,
Contact STARLINK-4111 - STARLINK-31034,0.000,86400.000,0.0000%,0,
Contact STARLINK-4111 - STARLINK-3815,0.000,86400.000,0.0000%,0,
Contact STARLINK-4111 - STARLINK-31611,0.000,86400.000,0.0000%,0,
Contact STARLINK-4111 - MoonARTEMIS1,67523.896,18876.104,78.1527%,10,
Contact STARLINK-4111 - MoonARTEMIS2,61700.040,24699.960,71.4121%,10,
Contact STARLINK-4111 - MoonIOAGEO,55978.434,30421.566,64.7899%,10,
Contact STARLINK-4111 - MoonIOAGNO,67446.456,18953.544,78.0630%,10,
Contact STARLINK-4111 - MoonIOAGNO 0001,67448.371,18951.629,78.0652%,10,
Contact STARLINK-4111 - MoonIOAGSO,66518.787,19881.213,76.9893%,10,
Contact STARLINK-4111 - MoonIOAGSO 0001,67528.471,18871.529,78.1580%,10,
Contact STARLINK-4111 - MoonLRO,67487.446,18912.554,78.1105%,10,
Contact STARLINK-4111 - MarsSat1,64468.173,21931.827,74.6159%,10,
Contact STARLINK-4111 - MarsSat2,67950.925,18449.075,78.6469%,10,
Contact STARLINK-4111 - MarsSat3,67951.561,18448.439,78.6476%,10,
Contact STARLINK-4111 - MarsSat4,67951.757,18448.243,78.6479%,10,
Contact STARLINK-3994 - STARLINK-5774,30240.802,56159.198,35.0009%,7,
Contact STARLINK-3994 - STARLINK-31295,0.000,86400.000,0.0000%,0,
Contact STARLINK-3994 - STARLINK-31577,7819.806,78580.194,9.0507%,2,
Contact STARLINK-3994 - STARLINK-31128,0.000,86400.000,0.0000%,0,
Contact STARLINK-3994 - STARLINK-5322,0.000,86400.000,0.0000%,0,
Contact STARLINK-3994 - STARLINK-2466,0.000,86400.000,0.0000%,0,
Contact STARLINK-3994 - STARLINK-2704,0.000,86400.000,0.0000%,0,
Contact STARLINK-3994 - STARLINK-2643,28322.065,58077.935,32.7802%,7,
Contact STARLINK-3994 - STARLINK-5807,0.000,86400.000,0.0000%,0,
Contact STARLINK-3994 - STARLINK-2367,0.000,86400.000,0.0000%,0,
Contact STARLINK-3994 - STARLINK-4560,4403.039,81996.961,5.0961%,6,
Contact STARLINK-3994 - STARLINK-3189,86400.000,0.000,100.0000%,1,
Contact STARLINK-3994 - STARLINK-31784,4999.882,81400.118,5.7869%,6,
Contact STARLINK-3994 - STARLINK-5494,21349.629,65050.371,24.7102%,6,
Contact STARLINK-3994 - STARLINK-30421,0.000,86400.000,0.0000%,0,
Contact STARLINK-3994 - STARLINK-4338,3848.215,82551.785,4.4540%,6,
Contact STARLINK-3994 - STARLINK-32197,0.000,86400.000,0.0000%,0,
Contact STARLINK-3994 - STARLINK-2476,0.000,86400.000,0.0000%,0,
Contact STARLINK-3994 - STARLINK-2105,0.000,86400.000,0.0000%,0,
Contact STARLINK-3994 - STARLINK-31536,1500.442,84899.558,1.7366%,2,
Contact STARLINK-3994 - STARLINK-6148,0.000,86400.000,0.0000%,0,
Contact STARLINK-3994 - STARLINK-11199 [DTC],0.000,86400.000,0.0000%,0,
Contact STARLINK-3994 - STARLINK-5849,0.000,86400.000,0.0000%,0,
Contact STARLINK-3994 - STARLINK-5649,86400.000,0.000,100.0000%,1,
Contact STARLINK-3994 - STARLINK-5197,86400.000,0.000,100.0000%,1,
Contact STARLINK-3994 - STARLINK-30100,623.826,85776.174,0.7220%,2,
Contact STARLINK-3994 - STARLINK-11101 [DTC],0.000,86400.000,0.0000%,0,
Contact STARLINK-3994 - STARLINK-2685,27030.095,59369.905,31.2848%,6,
Contact STARLINK-3994 - STARLINK-4254,5004.667,81395.333,5.7924%,7,
Contact STARLINK-3994 - STARLINK-31853,0.000,86400.000,0.0000%,0,
Contact STARLINK-3994 - STARLINK-4551,0.000,86400.000,0.0000%,0,
Contact STARLINK-3994 - STARLINK-1578,1565.903,84834.097,1.8124%,3,
Contact STARLINK-3994 - STARLINK-5535,0.000,86400.000,0.0000%,0,
Contact STARLINK-3994 - STARLINK-3525,0.000,86400.000,0.0000%,0,
Contact STARLINK-3994 - STARLINK-5289,5152.169,81247.831,5.9632%,7,
Contact STARLINK-3994 - STARLINK-1276,0.000,86400.000,0.0000%,0,
Contact STARLINK-3994 - STARLINK-5837,0.000,86400.000,0.0000%,0,
Contact STARLINK-3994 - STARLINK-31852,38095.128,48304.872,44.0916%,5,
Contact STARLINK-3994 - STARLINK-1666,0.000,86400.000,0.0000%,0,
Contact STARLINK-3994 - STARLINK-1293,4827.505,81572.495,5.5874%,6,
Contact STARLINK-3994 - STARLINK-30879,48697.071,37702.929,56.3624%,2,
Contact STARLINK-3994 - STARLINK-31345,0.000,86400.000,0.0000%,0,
Contact STARLINK-3994 - STARLINK-5058,10980.773,75419.227,12.7092%,2,
Contact STARLINK-3994 - STARLINK-31690,227.986,86172.014,0.2639%,1,
Contact STARLINK-3994 - STARLINK-5239,0.000,86400.000,0.0000%,0,
Contact STARLINK-3994 - STARLINK-1302,0.000,86400.000,0.0000%,0,
Contact STARLINK-3994 - STARLINK-4675,0.000,86400.000,0.0000%,0,
Contact STARLINK-3994 - STARLINK-6135,0.000,86400.000,0.0000%,0,
Contact STARLINK-3994 - STARLINK-32262,0.000,86400.000,0.0000%,0,
Contact STARLINK-3994 - STARLINK-1788,86400.000,0.000,100.0000%,1,
Contact STARLINK-3994 - STARLINK-1080,86400.000,0.000,100.0000%,1,
Contact STARLINK-3994 - STARLINK-4356,0.000,86400.000,0.0000%,0,
Contact STARLINK-3994 - STARLINK-31554,5264.896,81135.104,6.0936%,3,
Contact STARLINK-3994 - STARLINK-4383,0.000,86400.000,0.0000%,0,
Contact STARLINK-3994 - STARLINK-30052,1126.159,85273.841,1.3034%,2,
Contact STARLINK-3994 - STARLINK-5713,0.000,86400.000,0.0000%,0,
Contact STARLINK-3994 - STARLINK-1303,3360.708,83039.292,3.8897%,6,
Contact STARLINK-3994 - STARLINK-11265 [DTC],4758.801,81641.199,5.5079%,1,
Contact STARLINK-3994 - STARLINK-4612,86400.000,0.000,100.0000%,1,
Contact STARLINK-3994 - STARLINK-5831,0.000,86400.000,0.0000%,0,
Contact STARLINK-3994 - STARLINK-31034,0.000,86400.000,0.0000%,0,
Contact STARLINK-3994 - STARLINK-3815,14909.752,71490.248,17.2567%,6,
Contact STARLINK-3994 - STARLINK-31611,51933.619,34466.381,60.1084%,1,
Contact STARLINK-3994 - MoonARTEMIS1,66055.286,20344.714,76.4529%,10,
Contact STARLINK-3994 - MoonARTEMIS2,66788.336,19611.664,77.3013%,10,
Contact STARLINK-3994 - MoonIOAGEO,61828.829,24571.171,71.5611%,9,
Contact STARLINK-3994 - MoonIOAGNO,67367.910,19032.090,77.9721%,10,
Contact STARLINK-3994 - MoonIOAGNO 0001,67367.067,19032.933,77.9711%,10,
Contact STARLINK-3994 - MoonIOAGSO,67318.264,19081.736,77.9147%,10,
Contact STARLINK-3994 - MoonIOAGSO 0001,65732.415,20667.585,76.0792%,10,
Contact STARLINK-3994 - MoonLRO,67343.357,19056.643,77.9437%,10,
Contact STARLINK-3994 - MarsSat1,64740.595,21659.405,74.9312%,9,
Contact STARLINK-3994 - MarsSat2,67485.586,18914.414,78.1083%,10,
Contact STARLINK-3994 - MarsSat3,67485.731,18914.269,78.1085%,10,
Contact STARLINK-3994 - MarsSat4,67485.738,18914.262,78.1085%,10,
Contact STARLINK-5774 - STARLINK-31295,288.819,86111.181,0.3343%,1,
Contact STARLINK-5774 - STARLINK-31577,0.000,86400.000,0.0000%,0,
Contact STARLINK-5774 - STARLINK-31128,14985.544,71414.456,17.3444%,6,
Contact STARLINK-5774 - STARLINK-5322,0.000,86400.000,0.0000%,0,
Contact STARLINK-5774 - STARLINK-2466,0.000,86400.000,0.0000%,0,
Contact STARLINK-5774 - STARLINK-2704,0.000,86400.000,0.0000%,0,
Contact STARLINK-5774 - STARLINK-2643,86400.000,0.000,100.0000%,1,
Contact STARLINK-5774 - STARLINK-5807,0.000,86400.000,0.0000%,0,
Contact STARLINK-5774 - STARLINK-2367,0.000,86400.000,0.0000%,0,
Contact STARLINK-5774 - STARLINK-4560,0.000,86400.000,0.0000%,0,
Contact STARLINK-5774 - STARLINK-3189,11808.250,74591.750,13.6670%,7,
Contact STARLINK-5774 - STARLINK-31784,24174.398,62225.602,27.9796%,4,
Contact STARLINK-5774 - STARLINK-5494,0.000,86400.000,0.0000%,0,
Contact STARLINK-5774 - STARLINK-30421,0.000,86400.000,0.0000%,0,
Contact STARLINK-5774 - STARLINK-4338,36287.664,50112.336,41.9996%,7,
Contact STARLINK-5774 - STARLINK-32197,0.000,86400.000,0.0000%,0,
Contact STARLINK-5774 - STARLINK-2476,0.000,86400.000,0.0000%,0,
Contact STARLINK-5774 - STARLINK-2105,0.000,86400.000,0.0000%,0,
Contact STARLINK-5774 - STARLINK-31536,8813.447,77586.553,10.2007%,6,
Contact STARLINK-5774 - STARLINK-6148,0.000,86400.000,0.0000%,0,
Contact STARLINK-5774 - STARLINK-11199 [DTC],735.766,85664.234,0.8516%,1,
Contact STARLINK-5774 - STARLINK-5849,0.000,86400.000,0.0000%,0,
Contact STARLINK-5774 - STARLINK-5649,43090.345,43309.655,49.8731%,7,
Contact STARLINK-5774 - STARLINK-5197,43320.420,43079.580,50.1394%,7,
Contact STARLINK-5774 - STARLINK-30100,56051.386,30348.614,64.8743%,7,
Contact STARLINK-5774 - STARLINK-11101 [DTC],7894.563,78505.437,9.1372%,2,
Contact STARLINK-5774 - STARLINK-2685,13846.580,72553.420,16.0261%,6,
Contact STARLINK-5774 - STARLINK-4254,82782.443,3617.557,95.8130%,6,
Contact STARLINK-5774 - STARLINK-31853,0.000,86400.000,0.0000%,0,
Contact STARLINK-5774 - STARLINK-4551,0.000,86400.000,0.0000%,0,
Contact STARLINK-5774 - STARLINK-1578,0.000,86400.000,0.0000%,0,
Contact STARLINK-5774 - STARLINK-5535,1928.179,84471.821,2.2317%,6,
Contact STARLINK-5774 - STARLINK-3525,0.000,86400.000,0.0000%,0,
Contact STARLINK-5774 - STARLINK-5289,71248.355,15151.645,82.4634%,4,
Contact STARLINK-5774 - STARLINK-1276,9169.041,77230.959,10.6123%,6,
Contact STARLINK-5774 - STARLINK-5837,4196.911,82203.089,4.8575%,6,
Contact STARLINK-5774 - STARLINK-31852,46856.102,39543.898,54.2316%,1,
Contact STARLINK-5774 - STARLINK-1666,0.000,86400.000,0.0000%,0,
Contact STARLINK-5774 - STARLINK-1293,0.000,86400.000,0.0000%,0,
Contact STARLINK-5774 - STARLINK-30879,7311.392,79088.608,8.4623%,5,
Contact STARLINK-5774 - STARLINK-31345,0.000,86400.000,0.0000%,0,
Contact STARLINK-5774 - STARLINK-5058,3471.108,82928.892,4.0175%,6,
Contact STARLINK-5774 - STARLINK-31690,0.000,86400.000,0.0000%,0,
Contact STARLINK-5774 - STARLINK-5239,0.000,86400.000,0.0000%,0,
Contact STARLINK-5774 - STARLINK-1302,0.000,86400.000,0.0000%,0,
Contact STARLINK-5774 - STARLINK-4675,0.000,86400.000,0.0000%,0,
Contact STARLINK-5774 - STARLINK-6135,4937.285,81462.715,5.7145%,6,
Contact STARLINK-5774 - STARLINK-32262,0.000,86400.000,0.0000%,0,
Contact STARLINK-5774 - STARLINK-1788,7093.409,79306.591,8.2100%,7,
Contact STARLINK-5774 - STARLINK-1080,36443.578,49956.422,42.1801%,7,
Contact STARLINK-5774 - STARLINK-4356,0.000,86400.000,0.0000%,0,
Contact STARLINK-5774 - STARLINK-31554,0.000,86400.000,0.0000%,0,
Contact STARLINK-5774 - STARLINK-4383,0.000,86400.000,0.0000%,0,
Contact STARLINK-5774 - STARLINK-30052,86400.000,0.000,100.0000%,1,
Contact STARLINK-5774 - STARLINK-5713,0.000,86400.000,0.0000%,0,
Contact STARLINK-5774 - STARLINK-1303,0.000,86400.000,0.0000%,0,
Contact STARLINK-5774 - STARLINK-11265 [DTC],785.986,85614.014,0.9097%,1,
Contact STARLINK-5774 - STARLINK-4612,21083.025,65316.975,24.4016%,7,
Contact STARLINK-5774 - STARLINK-5831,0.000,86400.000,0.0000%,0,
Contact STARLINK-5774 - STARLINK-31034,201.900,86198.100,0.2337%,1,
Contact STARLINK-5774 - STARLINK-3815,1320.286,85079.714,1.5281%,2,
Contact STARLINK-5774 - STARLINK-31611,6615.150,79784.850,7.6564%,4,
Contact STARLINK-5774 - MoonARTEMIS1,77573.555,8826.445,89.7842%,7,
Contact STARLINK-5774 - MoonARTEMIS2,76032.008,10367.992,88.0000%,7,
Contact STARLINK-5774 - MoonIOAGEO,70555.015,15844.985,81.6609%,8,
Contact STARLINK-5774 - MoonIOAGNO,79219.095,7180.905,91.6888%,6,
Contact STARLINK-5774 - MoonIOAGNO 0001,79298.889,7101.111,91.7811%,6,
Contact STARLINK-5774 - MoonIOAGSO,77668.862,8731.138,89.8945%,6,
Contact STARLINK-5774 - MoonIOAGSO 0001,74607.736,11792.264,86.3515%,7,
Contact STARLINK-5774 - MoonLRO,79185.148,7214.852,91.6495%,6,
Contact STARLINK-5774 - MarsSat1,76634.225,9765.775,88.6970%,6,
Contact STARLINK-5774 - MarsSat2,79624.327,6775.673,92.1578%,6,
Contact STARLINK-5774 - MarsSat3,79621.575,6778.425,92.1546%,6,
Contact STARLINK-5774 - MarsSat4,79620.611,6779.389,92.1535%,6,
Contact STARLINK-31295 - STARLINK-31577,2746.479,83653.521,3.1788%,4,
Contact STARLINK-31295 - STARLINK-31128,0.000,86400.000,0.0000%,0,
Contact STARLINK-31295 - STARLINK-5322,0.000,86400.000,0.0000%,0,
Contact STARLINK-31295 - STARLINK-2466,0.000,86400.000,0.0000%,0,
Contact STARLINK-31295 - STARLINK-2704,0.000,86400.000,0.0000%,0,
Contact STARLINK-31295 - STARLINK-2643,11300.921,75099.079,13.0798%,1,
Contact STARLINK-31295 - STARLINK-5807,535.776,85864.224,0.6201%,1,
Contact STARLINK-31295 - STARLINK-2367,0.000,86400.000,0.0000%,0,
Contact STARLINK-31295 - STARLINK-4560,8139.676,78260.324,9.4209%,6,
Contact STARLINK-31295 - STARLINK-3189,2360.790,84039.210,2.7324%,3,
Contact STARLINK-31295 - STARLINK-31784,19688.383,66711.617,22.7875%,6,
Contact STARLINK-31295 - STARLINK-5494,4817.630,81582.370,5.5760%,6,
Contact STARLINK-31295 - STARLINK-30421,2736.510,83663.490,3.1673%,5,
Contact STARLINK-31295 - STARLINK-4338,20526.482,65873.518,23.7575%,3,
Contact STARLINK-31295 - STARLINK-32197,13114.712,73285.288,15.1791%,5,
Contact STARLINK-31295 - STARLINK-2476,0.000,86400.000,0.0000%,0,
Contact STARLINK-31295 - STARLINK-2105,0.000,86400.000,0.0000%,0,
Contact STARLINK-31295 - STARLINK-31536,0.000,86400.000,0.0000%,0,
Contact STARLINK-31295 - STARLINK-6148,21090.413,65309.587,24.4102%,6,
Contact STARLINK-31295 - STARLINK-11199 [DTC],0.000,86400.000,0.0000%,0,
Contact STARLINK-31295 - STARLINK-5849,0.000,86400.000,0.0000%,0,
Contact STARLINK-31295 - STARLINK-5649,0.000,86400.000,0.0000%,0,
Contact STARLINK-31295 - STARLINK-5197,0.000,86400.000,0.0000%,0,
Contact STARLINK-31295 - STARLINK-30100,0.000,86400.000,0.0000%,0,
Contact STARLINK-31295 - STARLINK-11101 [DTC],0.000,86400.000,0.0000%,0,
Contact STARLINK-31295 - STARLINK-2685,2096.468,84303.532,2.4265%,3,
Contact STARLINK-31295 - STARLINK-4254,0.000,86400.000,0.0000%,0,
Contact STARLINK-31295 - STARLINK-31853,10898.942,75501.058,12.6145%,1,
Contact STARLINK-31295 - STARLINK-4551,25431.467,60968.533,29.4346%,2,
Contact STARLINK-31295 - STARLINK-1578,22833.575,63566.425,26.4277%,5,
Contact STARLINK-31295 - STARLINK-5535,2801.046,83598.954,3.2420%,4,
Contact STARLINK-31295 - STARLINK-3525,0.000,86400.000,0.0000%,0,
Contact STARLINK-31295 - STARLINK-5289,33150.206,53249.794,38.3683%,2,
Contact STARLINK-31295 - STARLINK-1276,627.348,85772.652,0.7261%,1,
Contact STARLINK-31295 - STARLINK-5837,0.000,86400.000,0.0000%,0,
Contact STARLINK-31295 - STARLINK-31852,0.000,86400.000,0.0000%,0,
Contact STARLINK-31295 - STARLINK-1666,86400.000,0.000,100.0000%,1,
Contact STARLINK-31295 - STARLINK-1293,13797.696,72602.304,15.9696%,6,
Contact STARLINK-31295 - STARLINK-30879,349.357,86050.643,0.4043%,1,
Contact STARLINK-31295 - STARLINK-31345,0.000,86400.000,0.0000%,0,
Contact STARLINK-31295 - STARLINK-5058,0.000,86400.000,0.0000%,0,
Contact STARLINK-31295 - STARLINK-31690,22227.152,64172.848,25.7259%,3,
Contact STARLINK-31295 - STARLINK-5239,0.000,86400.000,0.0000%,0,
Contact STARLINK-31295 - STARLINK-1302,0.000,86400.000,0.0000%,0,
Contact STARLINK-31295 - STARLINK-4675,2213.452,84186.548,2.5619%,3,
Contact STARLINK-31295 - STARLINK-6135,0.000,86400.000,0.0000%,0,
Contact STARLINK-31295 - STARLINK-32262,0.000,86400.000,0.0000%,0,
Contact STARLINK-31295 - STARLINK-1788,6860.485,79539.515,7.9404%,5,
Contact STARLINK-31295 - STARLINK-1080,5091.389,81308.611,5.8928%,3,
Contact STARLINK-31295 - STARLINK-4356,0.000,86400.000,0.0000%,0,
Contact STARLINK-31295 - STARLINK-31554,9849.016,76550.984,11.3993%,5,
Contact STARLINK-31295 - STARLINK-4383,15757.433,70642.567,18.2378%,4,
Contact STARLINK-31295 - STARLINK-30052,0.000,86400.000,0.0000%,0,
Contact STARLINK-31295 - STARLINK-5713,11666.182,74733.818,13.5025%,1,
Contact STARLINK-31295 - STARLINK-1303,6337.264,80062.736,7.3348%,4,
Contact STARLINK-31295 - STARLINK-11265 [DTC],8367.514,78032.486,9.6846%,3,
Contact STARLINK-31295 - STARLINK-4612,1215.655,85184.345,1.4070%,2,
Contact STARLINK-31295 - STARLINK-5831,17463.889,68936.111,20.2128%,6,
Contact STARLINK-31295 - STARLINK-31034,86400.000,0.000,100.0000%,1,
Contact STARLINK-31295 - STARLINK-3815,9150.323,77249.677,10.5907%,7,
Contact STARLINK-31295 - STARLINK-31611,3369.473,83030.527,3.8999%,4,
Contact STARLINK-31295 - MoonARTEMIS1,81966.494,4433.506,94.8686%,5,
Contact STARLINK-31295 - MoonARTEMIS2,81961.761,4438.239,94.8631%,4,
Contact STARLINK-31295 - MoonIOAGEO,74648.801,11751.199,86.3991%,5,
Contact STARLINK-31295 - MoonIOAGNO,82530.919,3869.081,95.5219%,5,
Contact STARLINK-31295 - MoonIOAGNO 0001,82420.812,3979.188,95.3945%,5,
Contact STARLINK-31295 - MoonIOAGSO,82028.543,4371.457,94.9404%,5,
Contact STARLINK-31295 - MoonIOAGSO 0001,80847.927,5552.073,93.5740%,5,
Contact STARLINK-31295 - MoonLRO,82296.991,4103.009,95.2511%,5,
Contact STARLINK-31295 - MarsSat1,82513.871,3886.129,95.5022%,4,
Contact STARLINK-31295 - MarsSat2,83854.105,2545.895,97.0534%,4,
Contact STARLINK-31295 - MarsSat3,83850.935,2549.065,97.0497%,4,
Contact STARLINK-31295 - MarsSat4,83849.767,2550.233,97.0483%,4,
Contact STARLINK-31577 - STARLINK-31128,0.000,86400.000,0.0000%,0,
Contact STARLINK-31577 - STARLINK-5322,2278.223,84121.777,2.6368%,4,
Contact STARLINK-31577 - STARLINK-2466,15637.780,70762.220,18.0993%,1,
Contact STARLINK-31577 - STARLINK-2704,13185.435,73214.565,15.2609%,4,
Contact STARLINK-31577 - STARLINK-2643,1495.008,84904.992,1.7303%,2,
Contact STARLINK-31577 - STARLINK-5807,31328.612,55071.388,36.2600%,1,
Contact STARLINK-31577 - STARLINK-2367,0.000,86400.000,0.0000%,0,
Contact STARLINK-31577 - STARLINK-4560,0.000,86400.000,0.0000%,0,
Contact STARLINK-31577 - STARLINK-3189,11985.172,74414.828,13.8717%,3,
Contact STARLINK-31577 - STARLINK-31784,0.000,86400.000,0.0000%,0,
Contact STARLINK-31577 - STARLINK-5494,34922.434,51477.566,40.4195%,1,
Contact STARLINK-31577 - STARLINK-30421,68771.336,17628.664,79.5965%,1,
Contact STARLINK-31577 - STARLINK-4338,647.857,85752.143,0.7498%,2,
Contact STARLINK-31577 - STARLINK-32197,9427.613,76972.387,10.9116%,4,
Contact STARLINK-31577 - STARLINK-2476,4585.257,81814.743,5.3070%,1,
Contact STARLINK-31577 - STARLINK-2105,393.634,86006.366,0.4556%,1,
Contact STARLINK-31577 - STARLINK-31536,0.000,86400.000,0.0000%,0,
Contact STARLINK-31577 - STARLINK-6148,27641.735,58758.265,31.9927%,3,
Contact STARLINK-31577 - STARLINK-11199 [DTC],0.000,86400.000,0.0000%,0,
Contact STARLINK-31577 - STARLINK-5849,0.000,86400.000,0.0000%,0,
Contact STARLINK-31577 - STARLINK-5649,806.904,85593.096,0.9339%,1,
Contact STARLINK-31577 - STARLINK-5197,612.442,85787.558,0.7088%,1,
Contact STARLINK-31577 - STARLINK-30100,0.000,86400.000,0.0000%,0,
Contact STARLINK-31577 - STARLINK-11101 [DTC],0.000,86400.000,0.0000%,0,
Contact STARLINK-31577 - STARLINK-2685,7705.869,78694.131,8.9188%,1,
Contact STARLINK-31577 - STARLINK-4254,0.000,86400.000,0.0000%,0,
Contact STARLINK-31577 - STARLINK-31853,5882.337,80517.663,6.8083%,8,
Contact STARLINK-31577 - STARLINK-4551,3283.800,83116.200,3.8007%,5,
Contact STARLINK-31577 - STARLINK-1578,7911.906,78488.094,9.1573%,3,
Contact STARLINK-31577 - STARLINK-5535,14791.678,71608.322,17.1200%,3,
Contact STARLINK-31577 - STARLINK-3525,0.000,86400.000,0.0000%,0,
Contact STARLINK-31577 - STARLINK-5289,679.835,85720.165,0.7868%,1,
Contact STARLINK-31577 - STARLINK-1276,0.000,86400.000,0.0000%,0,
Contact STARLINK-31577 - STARLINK-5837,0.000,86400.000,0.0000%,0,
Contact STARLINK-31577 - STARLINK-31852,0.000,86400.000,0.0000%,0,
Contact STARLINK-31577 - STARLINK-1666,3481.745,82918.255,4.0298%,5,
Contact STARLINK-31577 - STARLINK-1293,26489.359,59910.641,30.6590%,3,
Contact STARLINK-31577 - STARLINK-30879,0.000,86400.000,0.0000%,0,
Contact STARLINK-31577 - STARLINK-31345,3723.051,82676.949,4.3091%,5,
Contact STARLINK-31577 - STARLINK-5058,0.000,86400.000,0.0000%,0,
Contact STARLINK-31577 - STARLINK-31690,3663.046,82736.954,4.2396%,5,
Contact STARLINK-31577 - STARLINK-5239,175.019,86224.981,0.2026%,1,
Contact STARLINK-31577 - STARLINK-1302,24466.109,61933.891,28.3173%,1,
Contact STARLINK-31577 - STARLINK-4675,32600.424,53799.576,37.7320%,1,
Contact STARLINK-31577 - STARLINK-6135,0.000,86400.000,0.0000%,0,
Contact STARLINK-31577 - STARLINK-32262,0.000,86400.000,0.0000%,0,
Contact STARLINK-31577 - STARLINK-1788,19151.915,67248.085,22.1666%,3,
Contact STARLINK-31577 - STARLINK-1080,2857.802,83542.198,3.3076%,3,
Contact STARLINK-31577 - STARLINK-4356,0.000,86400.000,0.0000%,0,
Contact STARLINK-31577 - STARLINK-31554,29996.679,56403.321,34.7184%,3,
Contact STARLINK-31577 - STARLINK-4383,3473.942,82926.058,4.0208%,6,
Contact STARLINK-31577 - STARLINK-30052,0.000,86400.000,0.0000%,0,
Contact STARLINK-31577 - STARLINK-5713,5960.458,80439.542,6.8987%,4,
Contact STARLINK-31577 - STARLINK-1303,32496.407,53903.593,37.6116%,1,
Contact STARLINK-31577 - STARLINK-11265 [DTC],1355.917,85044.083,1.5693%,2,
Contact STARLINK-31577 - STARLINK-4612,14235.797,72164.203,16.4766%,2,
Contact STARLINK-31577 - STARLINK-5831,32885.821,53514.179,38.0623%,1,
Contact STARLINK-31577 - STARLINK-31034,5261.320,81138.680,6.0895%,7,
Contact STARLINK-31577 - STARLINK-3815,0.000,86400.000,0.0000%,0,
Contact STARLINK-31577 - STARLINK-31611,1807.287,84592.713,2.0918%,2,
Contact STARLINK-31577 - MoonARTEMIS1,54796.610,31603.390,63.4220%,9,
Contact STARLINK-31577 - MoonARTEMIS2,55582.631,30817.369,64.3317%,9,
Contact STARLINK-31577 - MoonIOAGEO,52781.551,33618.449,61.0898%,9,
Contact STARLINK-31577 - MoonIOAGNO,56360.532,30039.468,65.2321%,9,
Contact STARLINK-31577 - MoonIOAGNO 0001,56354.898,30045.102,65.2256%,9,
Contact STARLINK-31577 - MoonIOAGSO,56421.640,29978.360,65.3028%,9,
Contact STARLINK-31577 - MoonIOAGSO 0001,55294.173,31105.827,63.9979%,9,
Contact STARLINK-31577 - MoonLRO,56388.438,30011.562,65.2644%,9,
Contact STARLINK-31577 - MarsSat1,56735.419,29664.581,65.6660%,9,
Contact STARLINK-31577 - MarsSat2,56735.229,29664.771,65.6658%,9,
Contact STARLINK-31577 - MarsSat3,56735.572,29664.428,65.6662%,9,
Contact STARLINK-31577 - MarsSat4,56735.592,29664.408,65.6662%,9,
Contact STARLINK-31128 - STARLINK-5322,0.000,86400.000,0.0000%,0,
Contact STARLINK-31128 - STARLINK-2466,6365.696,80034.304,7.3677%,1,
Contact STARLINK-31128 - STARLINK-2704,0.000,86400.000,0.0000%,0,
Contact STARLINK-31128 - STARLINK-2643,2805.177,83594.823,3.2467%,4,
Contact STARLINK-31128 - STARLINK-5807,75.328,86324.672,0.0872%,1,
Contact STARLINK-31128 - STARLINK-2367,2609.160,83790.840,3.0199%,4,
Contact STARLINK-31128 - STARLINK-4560,15511.473,70888.527,17.9531%,4,
Contact STARLINK-31128 - STARLINK-3189,0.000,86400.000,0.0000%,0,
Contact STARLINK-31128 - STARLINK-31784,6725.136,79674.864,7.7837%,2,
Contact STARLINK-31128 - STARLINK-5494,0.000,86400.000,0.0000%,0,
Contact STARLINK-31128 - STARLINK-30421,0.000,86400.000,0.0000%,0,
Contact STARLINK-31128 - STARLINK-4338,8091.071,78308.929,9.3647%,6,
Contact STARLINK-31128 - STARLINK-32197,0.000,86400.000,0.0000%,0,
Contact STARLINK-31128 - STARLINK-2476,40158.358,46241.642,46.4796%,1,
Contact STARLINK-31128 - STARLINK-2105,0.000,86400.000,0.0000%,0,
Contact STARLINK-31128 - STARLINK-31536,86400.000,0.000,100.0000%,1,
Contact STARLINK-31128 - STARLINK-6148,0.000,86400.000,0.0000%,0,
Contact STARLINK-31128 - STARLINK-11199 [DTC],2972.912,83427.088,3.4409%,3,
Contact STARLINK-31128 - STARLINK-5849,4367.077,82032.923,5.0545%,5,
Contact STARLINK-31128 - STARLINK-5649,9458.866,76941.134,10.9478%,4,
Contact STARLINK-31128 - STARLINK-5197,4537.590,81862.410,5.2518%,6,
Contact STARLINK-31128 - STARLINK-30100,34834.820,51565.180,40.3181%,5,
Contact STARLINK-31128 - STARLINK-11101 [DTC],17249.875,69150.125,19.9651%,1,
Contact STARLINK-31128 - STARLINK-2685,529.802,85870.198,0.6132%,1,
Contact STARLINK-31128 - STARLINK-4254,78099.658,8300.342,90.3931%,3,
Contact STARLINK-31128 - STARLINK-31853,0.000,86400.000,0.0000%,0,
Contact STARLINK-31128 - STARLINK-4551,0.000,86400.000,0.0000%,0,
Contact STARLINK-31128 - STARLINK-1578,0.000,86400.000,0.0000%,0,
Contact STARLINK-31128 - STARLINK-5535,1052.020,85347.980,1.2176%,3,
Contact STARLINK-31128 - STARLINK-3525,12102.606,74297.394,14.0076%,7,
Contact STARLINK-31128 - STARLINK-5289,10102.784,76297.216,11.6930%,5,
Contact STARLINK-31128 - STARLINK-1276,48240.789,38159.211,55.8342%,1,
Contact STARLINK-31128 - STARLINK-5837,2689.563,83710.437,3.1129%,3,
Contact STARLINK-31128 - STARLINK-31852,7812.957,78587.043,9.0428%,6,
Contact STARLINK-31128 - STARLINK-1666,0.000,86400.000,0.0000%,0,
Contact STARLINK-31128 - STARLINK-1293,0.000,86400.000,0.0000%,0,
Contact STARLINK-31128 - STARLINK-30879,0.000,86400.000,0.0000%,0,
Contact STARLINK-31128 - STARLINK-31345,0.000,86400.000,0.0000%,0,
Contact STARLINK-31128 - STARLINK-5058,14549.821,71850.179,16.8401%,6,
Contact STARLINK-31128 - STARLINK-31690,0.000,86400.000,0.0000%,0,
Contact STARLINK-31128 - STARLINK-5239,1691.833,84708.167,1.9581%,3,
Contact STARLINK-31128 - STARLINK-1302,0.000,86400.000,0.0000%,0,
Contact STARLINK-31128 - STARLINK-4675,0.000,86400.000,0.0000%,0,
Contact STARLINK-31128 - STARLINK-6135,71048.855,15351.145,82.2325%,4,
Contact STARLINK-31128 - STARLINK-32262,0.000,86400.000,0.0000%,0,
Contact STARLINK-31128 - STARLINK-1788,0.000,86400.000,0.0000%,0,
Contact STARLINK-31128 - STARLINK-1080,0.000,86400.000,0.0000%,0,
Contact STARLINK-31128 - STARLINK-4356,4651.158,81748.842,5.3833%,6,
Contact STARLINK-31128 - STARLINK-31554,0.000,86400.000,0.0000%,0,
Contact STARLINK-31128 - STARLINK-4383,777.252,85622.748,0.8996%,2,
Contact STARLINK-31128 - STARLINK-30052,44850.626,41549.374,51.9104%,6,
Contact STARLINK-31128 - STARLINK-5713,0.000,86400.000,0.0000%,0,
Contact STARLINK-31128 - STARLINK-1303,0.000,86400.000,0.0000%,0,
Contact STARLINK-31128 - STARLINK-11265 [DTC],422.652,85977.348,0.4892%,1,
Contact STARLINK-31128 - STARLINK-4612,0.000,86400.000,0.0000%,0,
Contact STARLINK-31128 - STARLINK-5831,0.000,86400.000,0.0000%,0,
Contact STARLINK-31128 - STARLINK-31034,0.000,86400.000,0.0000%,0,
Contact STARLINK-31128 - STARLINK-3815,0.000,86400.000,0.0000%,0,
Contact STARLINK-31128 - STARLINK-31611,0.000,86400.000,0.0000%,0,
Contact STARLINK-31128 - MoonARTEMIS1,61230.779,25169.221,70.8690%,10,
Contact STARLINK-31128 - MoonARTEMIS2,61183.229,25216.771,70.8139%,10,
Contact STARLINK-31128 - MoonIOAGEO,49842.851,36557.149,57.6885%,10,
Contact STARLINK-31128 - MoonIOAGNO,66872.532,19527.468,77.3988%,10,
Contact STARLINK-31128 - MoonIOAGNO 0001,61206.088,25193.912,70.8404%,10,
Contact STARLINK-31128 - MoonIOAGSO,65676.302,20723.698,76.0142%,10,
Contact STARLINK-31128 - MoonIOAGSO 0001,66577.527,19822.473,77.0573%,10,
Contact STARLINK-31128 - MoonLRO,66884.167,19515.833,77.4122%,10,
Contact STARLINK-31128 - MarsSat1,65537.927,20862.073,75.8541%,9,
Contact STARLINK-31128 - MarsSat2,67239.624,19160.376,77.8236%,10,
Contact STARLINK-31128 - MarsSat3,67239.914,19160.086,77.8240%,10,
Contact STARLINK-31128 - MarsSat4,67239.985,19160.015,77.8241%,10,
Contact STARLINK-5322 - STARLINK-2466,0.000,86400.000,0.0000%,0,
Contact STARLINK-5322 - STARLINK-2704,8977.870,77422.130,10.3911%,3,
Contact STARLINK-5322 - STARLINK-2643,0.000,86400.000,0.0000%,0,
Contact STARLINK-5322 - STARLINK-5807,4053.541,82346.459,4.6916%,6,
Contact STARLINK-5322 - STARLINK-2367,4915.905,81484.095,5.6897%,7,
Contact STARLINK-5322 - STARLINK-4560,0.000,86400.000,0.0000%,0,
Contact STARLINK-5322 - STARLINK-3189,0.000,86400.000,0.0000%,0,
Contact STARLINK-5322 - STARLINK-31784,1070.134,85329.866,1.2386%,1,
Contact STARLINK-5322 - STARLINK-5494,4986.765,81413.235,5.7717%,6,
Contact STARLINK-5322 - STARLINK-30421,4442.584,81957.416,5.1419%,6,
Contact STARLINK-5322 - STARLINK-4338,0.000,86400.000,0.0000%,0,
Contact STARLINK-5322 - STARLINK-32197,5310.122,81089.878,6.1460%,4,
Contact STARLINK-5322 - STARLINK-2476,0.000,86400.000,0.0000%,0,
Contact STARLINK-5322 - STARLINK-2105,0.000,86400.000,0.0000%,0,
Contact STARLINK-5322 - STARLINK-31536,0.000,86400.000,0.0000%,0,
Contact STARLINK-5322 - STARLINK-6148,1465.626,84934.374,1.6963%,3,
Contact STARLINK-5322 - STARLINK-11199 [DTC],2080.938,84319.062,2.4085%,3,
Contact STARLINK-5322 - STARLINK-5849,4520.588,81879.412,5.2322%,7,
Contact STARLINK-5322 - STARLINK-5649,0.000,86400.000,0.0000%,0,
Contact STARLINK-5322 - STARLINK-5197,0.000,86400.000,0.0000%,0,
Contact STARLINK-5322 - STARLINK-30100,0.000,86400.000,0.0000%,0,
Contact STARLINK-5322 - STARLINK-11101 [DTC],7350.322,79049.678,8.5073%,2,
Contact STARLINK-5322 - STARLINK-2685,0.000,86400.000,0.0000%,0,
Contact STARLINK-5322 - STARLINK-4254,0.000,86400.000,0.0000%,0,
Contact STARLINK-5322 - STARLINK-31853,46481.808,39918.192,53.7984%,1,
Contact STARLINK-5322 - STARLINK-4551,56633.419,29766.581,65.5479%,1,
Contact STARLINK-5322 - STARLINK-1578,24987.952,61412.048,28.9212%,4,
Contact STARLINK-5322 - STARLINK-5535,4518.047,81881.953,5.2292%,6,
Contact STARLINK-5322 - STARLINK-3525,0.000,86400.000,0.0000%,0,
Contact STARLINK-5322 - STARLINK-5289,0.000,86400.000,0.0000%,0,
Contact STARLINK-5322 - STARLINK-1276,0.000,86400.000,0.0000%,0,
Contact STARLINK-5322 - STARLINK-5837,4391.108,82008.892,5.0823%,7,
Contact STARLINK-5322 - STARLINK-31852,0.000,86400.000,0.0000%,0,
Contact STARLINK-5322 - STARLINK-1666,0.000,86400.000,0.0000%,0,
Contact STARLINK-5322 - STARLINK-1293,5876.708,80523.292,6.8017%,6,
Contact STARLINK-5322 - STARLINK-30879,0.000,86400.000,0.0000%,0,
Contact STARLINK-5322 - STARLINK-31345,46146.726,40253.274,53.4106%,1,
Contact STARLINK-5322 - STARLINK-5058,0.000,86400.000,0.0000%,0,
Contact STARLINK-5322 - STARLINK-31690,39135.502,47264.498,45.2957%,2,
Contact STARLINK-5322 - STARLINK-5239,0.000,86400.000,0.0000%,0,
Contact STARLINK-5322 - STARLINK-1302,0.000,86400.000,0.0000%,0,
Contact STARLINK-5322 - STARLINK-4675,4913.286,81486.714,5.6867%,6,
Contact STARLINK-5322 - STARLINK-6135,0.000,86400.000,0.0000%,0,
Contact STARLINK-5322 - STARLINK-32262,0.000,86400.000,0.0000%,0,
Contact STARLINK-5322 - STARLINK-1788,0.000,86400.000,0.0000%,0,
Contact STARLINK-5322 - STARLINK-1080,0.000,86400.000,0.0000%,0,
Contact STARLINK-5322 - STARLINK-4356,22654.507,63745.493,26.2205%,7,
Contact STARLINK-5322 - STARLINK-31554,6919.026,79480.974,8.0081%,5,
Contact STARLINK-5322 - STARLINK-4383,0.000,86400.000,0.0000%,0,
Contact STARLINK-5322 - STARLINK-30052,0.000,86400.000,0.0000%,0,
Contact STARLINK-5322 - STARLINK-5713,59528.441,26871.559,68.8987%,7,
Contact STARLINK-5322 - STARLINK-1303,17936.994,68463.006,20.7604%,6,
Contact STARLINK-5322 - STARLINK-11265 [DTC],2072.925,84327.075,2.3992%,3,
Contact STARLINK-5322 - STARLINK-4612,0.000,86400.000,0.0000%,0,
Contact STARLINK-5322 - STARLINK-5831,4009.592,82390.408,4.6407%,6,
Contact STARLINK-5322 - STARLINK-31034,21.946,86378.054,0.0254%,1,
Contact STARLINK-5322 - STARLINK-3815,2274.112,84125.888,2.6321%,3,
Contact STARLINK-5322 - STARLINK-31611,0.000,86400.000,0.0000%,0,
Contact STARLINK-5322 - MoonARTEMIS1,69653.103,16746.897,80.6170%,10,
Contact STARLINK-5322 - MoonARTEMIS2,69087.531,17312.469,79.9624%,10,
Contact STARLINK-5322 - MoonIOAGEO,62057.442,24342.558,71.8257%,10,
Contact STARLINK-5322 - MoonIOAGNO,69808.970,16591.030,80.7974%,10,
Contact STARLINK-5322 - MoonIOAGNO 0001,69833.554,16566.446,80.8259%,10,
Contact STARLINK-5322 - MoonIOAGSO,68526.380,17873.620,79.3129%,10,
Contact STARLINK-5322 - MoonIOAGSO 0001,67652.968,18747.032,78.3020%,10,
Contact STARLINK-5322 - MoonLRO,69886.913,16513.087,80.8876%,10,
Contact STARLINK-5322 - MarsSat1,68966.357,17433.643,79.8222%,8,
Contact STARLINK-5322 - MarsSat2,72495.724,13904.276,83.9071%,9,
Contact STARLINK-5322 - MarsSat3,72494.386,13905.614,83.9055%,9,
Contact STARLINK-5322 - MarsSat4,72494.422,13905.578,83.9056%,9,
Contact STARLINK-2466 - STARLINK-2704,0.000,86400.000,0.0000%,0,
Contact STARLINK-2466 - STARLINK-2643,0.000,86400.000,0.0000%,0,
Contact STARLINK-2466 - STARLINK-5807,82632.047,3767.953,95.6389%,2,
Contact STARLINK-2466 - STARLINK-2367,8570.987,77829.013,9.9201%,6,
Contact STARLINK-2466 - STARLINK-4560,0.000,86400.000,0.0000%,0,
Contact STARLINK-2466 - STARLINK-3189,0.000,86400.000,0.0000%,0,
Contact STARLINK-2466 - STARLINK-31784,0.000,86400.000,0.0000%,0,
Contact STARLINK-2466 - STARLINK-5494,0.000,86400.000,0.0000%,0,
Contact STARLINK-2466 - STARLINK-30421,9881.618,76518.382,11.4371%,1,
Contact STARLINK-2466 - STARLINK-4338,2470.396,83929.604,2.8593%,4,
Contact STARLINK-2466 - STARLINK-32197,1699.957,84700.043,1.9675%,2,
Contact STARLINK-2466 - STARLINK-2476,86400.000,0.000,100.0000%,1,
Contact STARLINK-2466 - STARLINK-2105,14840.779,71559.221,17.1768%,7,
Contact STARLINK-2466 - STARLINK-31536,0.000,86400.000,0.0000%,0,
Contact STARLINK-2466 - STARLINK-6148,0.000,86400.000,0.0000%,0,
Contact STARLINK-2466 - STARLINK-11199 [DTC],8521.752,77878.248,9.8631%,3,
Contact STARLINK-2466 - STARLINK-5849,0.000,86400.000,0.0000%,0,
Contact STARLINK-2466 - STARLINK-5649,0.000,86400.000,0.0000%,0,
Contact STARLINK-2466 - STARLINK-5197,0.000,86400.000,0.0000%,0,
Contact STARLINK-2466 - STARLINK-30100,17480.144,68919.856,20.2316%,7,
Contact STARLINK-2466 - STARLINK-11101 [DTC],28360.284,58039.716,32.8244%,2,
Contact STARLINK-2466 - STARLINK-2685,0.000,86400.000,0.0000%,0,
Contact STARLINK-2466 - STARLINK-4254,0.000,86400.000,0.0000%,0,
Contact STARLINK-2466 - STARLINK-31853,0.000,86400.000,0.0000%,0,
Contact STARLINK-2466 - STARLINK-4551,0.000,86400.000,0.0000%,0,
Contact STARLINK-2466 - STARLINK-1578,0.000,86400.000,0.0000%,0,
Contact STARLINK-2466 - STARLINK-5535,37068.334,49331.666,42.9032%,7,
Contact STARLINK-2466 - STARLINK-3525,0.000,86400.000,0.0000%,0,
Contact STARLINK-2466 - STARLINK-5289,0.000,86400.000,0.0000%,0,
Contact STARLINK-2466 - STARLINK-1276,0.000,86400.000,0.0000%,0,
Contact STARLINK-2466 - STARLINK-5837,0.000,86400.000,0.0000%,0,
Contact STARLINK-2466 - STARLINK-31852,360.531,86039.469,0.4173%,1,
Contact STARLINK-2466 - STARLINK-1666,0.000,86400.000,0.0000%,0,
Contact STARLINK-2466 - STARLINK-1293,0.000,86400.000,0.0000%,0,
Contact STARLINK-2466 - STARLINK-30879,0.000,86400.000,0.0000%,0,
Contact STARLINK-2466 - STARLINK-31345,0.000,86400.000,0.0000%,0,
Contact STARLINK-2466 - STARLINK-5058,0.000,86400.000,0.0000%,0,
Contact STARLINK-2466 - STARLINK-31690,0.000,86400.000,0.0000%,0,
Contact STARLINK-2466 - STARLINK-5239,11497.308,74902.692,13.3071%,7,
Contact STARLINK-2466 - STARLINK-1302,86400.000,0.000,100.0000%,1,
Contact STARLINK-2466 - STARLINK-4675,0.000,86400.000,0.0000%,0,
Contact STARLINK-2466 - STARLINK-6135,0.000,86400.000,0.0000%,0,
Contact STARLINK-2466 - STARLINK-32262,0.000,86400.000,0.0000%,0,
Contact STARLINK-2466 - STARLINK-1788,0.000,86400.000,0.0000%,0,
Contact STARLINK-2466 - STARLINK-1080,0.000,86400.000,0.0000%,0,
Contact STARLINK-2466 - STARLINK-4356,0.000,86400.000,0.0000%,0,
Contact STARLINK-2466 - STARLINK-31554,0.000,86400.000,0.0000%,0,
Contact STARLINK-2466 - STARLINK-4383,4100.844,82299.156,4.7463%,6,
Contact STARLINK-2466 - STARLINK-30052,3109.998,83290.002,3.5995%,4,
Contact STARLINK-2466 - STARLINK-5713,187.603,86212.397,0.2171%,1,
Contact STARLINK-2466 - STARLINK-1303,0.000,86400.000,0.0000%,0,
Contact STARLINK-2466 - STARLINK-11265 [DTC],2216.202,84183.798,2.5650%,3,
Contact STARLINK-2466 - STARLINK-4612,0.000,86400.000,0.0000%,0,
Contact STARLINK-2466 - STARLINK-5831,0.000,86400.000,0.0000%,0,
Contact STARLINK-2466 - STARLINK-31034,0.000,86400.000,0.0000%,0,
Contact STARLINK-2466 - STARLINK-3815,0.000,86400.000,0.0000%,0,
Contact STARLINK-2466 - STARLINK-31611,0.000,86400.000,0.0000%,0,
Contact STARLINK-2466 - MoonARTEMIS1,67357.949,19042.051,77.9606%,9,
Contact STARLINK-2466 - MoonARTEMIS2,63641.526,22758.474,73.6592%,8,
Contact STARLINK-2466 - MoonIOAGEO,61788.498,24611.502,71.5145%,8,
Contact STARLINK-2466 - MoonIOAGNO,67291.302,19108.698,77.8835%,9,
Contact STARLINK-2466 - MoonIOAGNO 0001,67290.455,19109.545,77.8825%,9,
Contact STARLINK-2466 - MoonIOAGSO,64767.310,21632.690,74.9622%,9,
Contact STARLINK-2466 - MoonIOAGSO 0001,66254.447,20145.553,76.6834%,9,
Contact STARLINK-2466 - MoonLRO,67331.275,19068.725,77.9297%,9,
Contact STARLINK-2466 - MarsSat1,67605.222,18794.778,78.2468%,9,
Contact STARLINK-2466 - MarsSat2,69689.545,16710.455,80.6592%,9,
Contact STARLINK-2466 - MarsSat3,69689.827,16710.173,80.6595%,9,
Contact STARLINK-2466 - MarsSat4,69689.875,16710.125,80.6596%,9,
Contact STARLINK-2704 - STARLINK-2643,0.000,86400.000,0.0000%,0,
Contact STARLINK-2704 - STARLINK-5807,2019.648,84380.352,2.3376%,3,
Contact STARLINK-2704 - STARLINK-2367,114.715,86285.285,0.1328%,1,
Contact STARLINK-2704 - STARLINK-4560,0.000,86400.000,0.0000%,0,
Contact STARLINK-2704 - STARLINK-3189,0.000,86400.000,0.0000%,0,
Contact STARLINK-2704 - STARLINK-31784,0.000,86400.000,0.0000%,0,
Contact STARLINK-2704 - STARLINK-5494,4529.875,81870.125,5.2429%,2,
Contact STARLINK-2704 - STARLINK-30421,18550.491,67849.509,21.4705%,7,
Contact STARLINK-2704 - STARLINK-4338,0.000,86400.000,0.0000%,0,
Contact STARLINK-2704 - STARLINK-32197,4744.773,81655.227,5.4916%,7,
Contact STARLINK-2704 - STARLINK-2476,0.000,86400.000,0.0000%,0,
Contact STARLINK-2704 - STARLINK-2105,13497.642,72902.358,15.6223%,6,
Contact STARLINK-2704 - STARLINK-31536,0.000,86400.000,0.0000%,0,
Contact STARLINK-2704 - STARLINK-6148,3188.097,83211.903,3.6899%,4,
Contact STARLINK-2704 - STARLINK-11199 [DTC],2060.876,84339.124,2.3853%,3,
Contact STARLINK-2704 - STARLINK-5849,0.000,86400.000,0.0000%,0,
Contact STARLINK-2704 - STARLINK-5649,0.000,86400.000,0.0000%,0,
Contact STARLINK-2704 - STARLINK-5197,0.000,86400.000,0.0000%,0,
Contact STARLINK-2704 - STARLINK-30100,0.000,86400.000,0.0000%,0,
Contact STARLINK-2704 - STARLINK-11101 [DTC],33758.032,52641.968,39.0718%,1,
Contact STARLINK-2704 - STARLINK-2685,0.000,86400.000,0.0000%,0,
Contact STARLINK-2704 - STARLINK-4254,0.000,86400.000,0.0000%,0,
Contact STARLINK-2704 - STARLINK-31853,8035.246,78364.754,9.3001%,2,
Contact STARLINK-2704 - STARLINK-4551,0.000,86400.000,0.0000%,0,
Contact STARLINK-2704 - STARLINK-1578,0.000,86400.000,0.0000%,0,
Contact STARLINK-2704 - STARLINK-5535,817.515,85582.485,0.9462%,2,
Contact STARLINK-2704 - STARLINK-3525,0.000,86400.000,0.0000%,0,
Contact STARLINK-2704 - STARLINK-5289,0.000,86400.000,0.0000%,0,
Contact STARLINK-2704 - STARLINK-1276,0.000,86400.000,0.0000%,0,
Contact STARLINK-2704 - STARLINK-5837,0.000,86400.000,0.0000%,0,
Contact STARLINK-2704 - STARLINK-31852,0.000,86400.000,0.0000%,0,
Contact STARLINK-2704 - STARLINK-1666,0.000,86400.000,0.0000%,0,
Contact STARLINK-2704 - STARLINK-1293,0.000,86400.000,0.0000%,0,
Contact STARLINK-2704 - STARLINK-30879,0.000,86400.000,0.0000%,0,
Contact STARLINK-2704 - STARLINK-31345,1185.643,85214.357,1.3723%,2,
Contact STARLINK-2704 - STARLINK-5058,0.000,86400.000,0.0000%,0,
Contact STARLINK-2704 - STARLINK-31690,7199.968,79200.032,8.3333%,1,
Contact STARLINK-2704 - STARLINK-5239,2735.114,83664.886,3.1656%,5,
Contact STARLINK-2704 - STARLINK-1302,500.367,85899.633,0.5791%,1,
Contact STARLINK-2704 - STARLINK-4675,12474.741,73925.259,14.4384%,7,
Contact STARLINK-2704 - STARLINK-6135,0.000,86400.000,0.0000%,0,
Contact STARLINK-2704 - STARLINK-32262,0.000,86400.000,0.0000%,0,
Contact STARLINK-2704 - STARLINK-1788,0.000,86400.000,0.0000%,0,
Contact STARLINK-2704 - STARLINK-1080,0.000,86400.000,0.0000%,0,
Contact STARLINK-2704 - STARLINK-4356,3872.228,82527.772,4.4817%,6,
Contact STARLINK-2704 - STARLINK-31554,25784.875,60615.125,29.8436%,1,
Contact STARLINK-2704 - STARLINK-4383,1361.606,85038.394,1.5759%,4,
Contact STARLINK-2704 - STARLINK-30052,0.000,86400.000,0.0000%,0,
Contact STARLINK-2704 - STARLINK-5713,7915.256,78484.744,9.1612%,7,
Contact STARLINK-2704 - STARLINK-1303,0.000,86400.000,0.0000%,0,
Contact STARLINK-2704 - STARLINK-11265 [DTC],2176.991,84223.009,2.5197%,3,
Contact STARLINK-2704 - STARLINK-4612,0.000,86400.000,0.0000%,0,
Contact STARLINK-2704 - STARLINK-5831,4325.341,82074.659,5.0062%,5,
Contact STARLINK-2704 - STARLINK-31034,0.000,86400.000,0.0000%,0,
Contact STARLINK-2704 - STARLINK-3815,0.000,86400.000,0.0000%,0,
Contact STARLINK-2704 - STARLINK-31611,136.380,86263.620,0.1578%,1,
Contact STARLINK-2704 - MoonARTEMIS1,59057.201,27342.799,68.3532%,9,
Contact STARLINK-2704 - MoonARTEMIS2,54737.104,31662.896,63.3531%,9,
Contact STARLINK-2704 - MoonIOAGEO,52900.117,33499.883,61.2270%,9,
Contact STARLINK-2704 - MoonIOAGNO,60456.965,25943.035,69.9733%,9,
Contact STARLINK-2704 - MoonIOAGNO 0001,60478.998,25921.002,69.9988%,9,
Contact STARLINK-2704 - MoonIOAGSO,59062.258,27337.742,68.3591%,9,
Contact STARLINK-2704 - MoonIOAGSO 0001,63574.766,22825.234,73.5819%,9,
Contact STARLINK-2704 - MoonLRO,66193.543,20206.457,76.6129%,9,
Contact STARLINK-2704 - MarsSat1,66254.569,20145.431,76.6835%,9,
Contact STARLINK-2704 - MarsSat2,66321.077,20078.923,76.7605%,9,
Contact STARLINK-2704 - MarsSat3,66321.024,20078.976,76.7604%,9,
Contact STARLINK-2704 - MarsSat4,66321.025,20078.975,76.7604%,9,
Contact STARLINK-2643 - STARLINK-5807,0.000,86400.000,0.0000%,0,
Contact STARLINK-2643 - STARLINK-2367,0.000,86400.000,0.0000%,0,
Contact STARLINK-2643 - STARLINK-4560,2544.541,83855.459,2.9451%,5,
Contact STARLINK-2643 - STARLINK-3189,71314.594,15085.406,82.5400%,7,
Contact STARLINK-2643 - STARLINK-31784,6823.670,79576.330,7.8978%,5,
Contact STARLINK-2643 - STARLINK-5494,4395.238,82004.762,5.0871%,6,
Contact STARLINK-2643 - STARLINK-30421,573.737,85826.263,0.6640%,1,
Contact STARLINK-2643 - STARLINK-4338,12373.923,74026.077,14.3217%,7,
Contact STARLINK-2643 - STARLINK-32197,606.482,85793.518,0.7019%,1,
Contact STARLINK-2643 - STARLINK-2476,0.000,86400.000,0.0000%,0,
Contact STARLINK-2643 - STARLINK-2105,0.000,86400.000,0.0000%,0,
Contact STARLINK-2643 - STARLINK-31536,3087.864,83312.136,3.5739%,4,
Contact STARLINK-2643 - STARLINK-6148,0.000,86400.000,0.0000%,0,
Contact STARLINK-2643 - STARLINK-11199 [DTC],0.000,86400.000,0.0000%,0,
Contact STARLINK-2643 - STARLINK-5849,0.000,86400.000,0.0000%,0,
Contact STARLINK-2643 - STARLINK-5649,5606.651,80793.349,6.4892%,4,
Contact STARLINK-2643 - STARLINK-5197,0.000,86400.000,0.0000%,0,
Contact STARLINK-2643 - STARLINK-30100,127.417,86272.583,0.1475%,1,
Contact STARLINK-2643 - STARLINK-11101 [DTC],4026.740,82373.260,4.6606%,2,
Contact STARLINK-2643 - STARLINK-2685,11188.646,75211.354,12.9498%,6,
Contact STARLINK-2643 - STARLINK-4254,24575.321,61824.679,28.4437%,7,
Contact STARLINK-2643 - STARLINK-31853,0.000,86400.000,0.0000%,0,
Contact STARLINK-2643 - STARLINK-4551,0.000,86400.000,0.0000%,0,
Contact STARLINK-2643 - STARLINK-1578,0.000,86400.000,0.0000%,0,
Contact STARLINK-2643 - STARLINK-5535,1358.214,85041.786,1.5720%,4,
Contact STARLINK-2643 - STARLINK-3525,0.000,86400.000,0.0000%,0,
Contact STARLINK-2643 - STARLINK-5289,52973.103,33426.897,61.3115%,7,
Contact STARLINK-2643 - STARLINK-1276,7946.701,78453.299,9.1976%,6,
Contact STARLINK-2643 - STARLINK-5837,0.000,86400.000,0.0000%,0,
Contact STARLINK-2643 - STARLINK-31852,46729.599,39670.401,54.0852%,1,
Contact STARLINK-2643 - STARLINK-1666,0.000,86400.000,0.0000%,0,
Contact STARLINK-2643 - STARLINK-1293,0.000,86400.000,0.0000%,0,
Contact STARLINK-2643 - STARLINK-30879,4334.832,82065.168,5.0172%,6,
Contact STARLINK-2643 - STARLINK-31345,0.000,86400.000,0.0000%,0,
Contact STARLINK-2643 - STARLINK-5058,0.000,86400.000,0.0000%,0,
Contact STARLINK-2643 - STARLINK-31690,0.000,86400.000,0.0000%,0,
Contact STARLINK-2643 - STARLINK-5239,0.000,86400.000,0.0000%,0,
Contact STARLINK-2643 - STARLINK-1302,0.000,86400.000,0.0000%,0,
Contact STARLINK-2643 - STARLINK-4675,0.000,86400.000,0.0000%,0,
Contact STARLINK-2643 - STARLINK-6135,0.000,86400.000,0.0000%,0,
Contact STARLINK-2643 - STARLINK-32262,0.000,86400.000,0.0000%,0,
Contact STARLINK-2643 - STARLINK-1788,36988.059,49411.941,42.8103%,7,
Contact STARLINK-2643 - STARLINK-1080,86400.000,0.000,100.0000%,1,
Contact STARLINK-2643 - STARLINK-4356,0.000,86400.000,0.0000%,0,
Contact STARLINK-2643 - STARLINK-31554,685.038,85714.962,0.7929%,1,
Contact STARLINK-2643 - STARLINK-4383,0.000,86400.000,0.0000%,0,
Contact STARLINK-2643 - STARLINK-30052,1695.038,84704.962,1.9618%,3,
Contact STARLINK-2643 - STARLINK-5713,0.000,86400.000,0.0000%,0,
Contact STARLINK-2643 - STARLINK-1303,0.000,86400.000,0.0000%,0,
Contact STARLINK-2643 - STARLINK-11265 [DTC],7653.209,78746.791,8.8579%,2,
Contact STARLINK-2643 - STARLINK-4612,37390.217,49009.783,43.2757%,7,
Contact STARLINK-2643 - STARLINK-5831,0.000,86400.000,0.0000%,0,
Contact STARLINK-2643 - STARLINK-31034,15041.581,71358.419,17.4092%,1,
Contact STARLINK-2643 - STARLINK-3815,4475.896,81924.104,5.1804%,6,
Contact STARLINK-2643 - STARLINK-31611,23053.139,63346.861,26.6819%,5,
Contact STARLINK-2643 - MoonARTEMIS1,86400.000,0.000,100.0000%,1,
Contact STARLINK-2643 - MoonARTEMIS2,83783.350,2616.650,96.9715%,2,
Contact STARLINK-2643 - MoonIOAGEO,79040.040,7359.960,91.4815%,3,
Contact STARLINK-2643 - MoonIOAGNO,86400.000,0.000,100.0000%,1,
Contact STARLINK-2643 - MoonIOAGNO 0001,86400.000,0.000,100.0000%,1,
Contact STARLINK-2643 - MoonIOAGSO,86400.000,0.000,100.0000%,1,
Contact STARLINK-2643 - MoonIOAGSO 0001,86400.000,0.000,100.0000%,1,
Contact STARLINK-2643 - MoonLRO,86400.000,0.000,100.0000%,1,
Contact STARLINK-2643 - MarsSat1,85064.874,1335.126,98.4547%,1,
Contact STARLINK-2643 - MarsSat2,86400.000,0.000,100.0000%,1,
Contact STARLINK-2643 - MarsSat3,86400.000,0.000,100.0000%,1,
Contact STARLINK-2643 - MarsSat4,86400.000,0.000,100.0000%,1,
Contact STARLINK-5807 - STARLINK-2367,0.000,86400.000,0.0000%,0,
Contact STARLINK-5807 - STARLINK-4560,0.000,86400.000,0.0000%,0,
Contact STARLINK-5807 - STARLINK-3189,0.000,86400.000,0.0000%,0,
Contact STARLINK-5807 - STARLINK-31784,0.000,86400.000,0.0000%,0,
Contact STARLINK-5807 - STARLINK-5494,0.000,86400.000,0.0000%,0,
Contact STARLINK-5807 - STARLINK-30421,36735.672,49664.328,42.5181%,1,
Contact STARLINK-5807 - STARLINK-4338,4393.979,82006.021,5.0856%,6,
Contact STARLINK-5807 - STARLINK-32197,10349.544,76050.456,11.9786%,5,
Contact STARLINK-5807 - STARLINK-2476,22797.760,63602.240,26.3863%,3,
Contact STARLINK-5807 - STARLINK-2105,10409.761,75990.239,12.0483%,7,
Contact STARLINK-5807 - STARLINK-31536,0.000,86400.000,0.0000%,0,
Contact STARLINK-5807 - STARLINK-6148,0.000,86400.000,0.0000%,0,
Contact STARLINK-5807 - STARLINK-11199 [DTC],25483.495,60916.505,29.4948%,2,
Contact STARLINK-5807 - STARLINK-5849,0.000,86400.000,0.0000%,0,
Contact STARLINK-5807 - STARLINK-5649,0.000,86400.000,0.0000%,0,
Contact STARLINK-5807 - STARLINK-5197,0.000,86400.000,0.0000%,0,
Contact STARLINK-5807 - STARLINK-30100,33.113,86366.887,0.0383%,1,
Contact STARLINK-5807 - STARLINK-11101 [DTC],2831.269,83568.731,3.2769%,3,
Contact STARLINK-5807 - STARLINK-2685,0.000,86400.000,0.0000%,0,
Contact STARLINK-5807 - STARLINK-4254,0.000,86400.000,0.0000%,0,
Contact STARLINK-5807 - STARLINK-31853,1587.290,84812.710,1.8371%,2,
Contact STARLINK-5807 - STARLINK-4551,0.000,86400.000,0.0000%,0,
Contact STARLINK-5807 - STARLINK-1578,0.000,86400.000,0.0000%,0,
Contact STARLINK-5807 - STARLINK-5535,86400.000,0.000,100.0000%,1,
Contact STARLINK-5807 - STARLINK-3525,0.000,86400.000,0.0000%,0,
Contact STARLINK-5807 - STARLINK-5289,2074.600,84325.400,2.4012%,6,
Contact STARLINK-5807 - STARLINK-1276,0.000,86400.000,0.0000%,0,
Contact STARLINK-5807 - STARLINK-5837,0.000,86400.000,0.0000%,0,
Contact STARLINK-5807 - STARLINK-31852,0.000,86400.000,0.0000%,0,
Contact STARLINK-5807 - STARLINK-1666,0.000,86400.000,0.0000%,0,
Contact STARLINK-5807 - STARLINK-1293,0.000,86400.000,0.0000%,0,
Contact STARLINK-5807 - STARLINK-30879,0.000,86400.000,0.0000%,0,
Contact STARLINK-5807 - STARLINK-31345,3749.814,82650.186,4.3401%,5,
Contact STARLINK-5807 - STARLINK-5058,0.000,86400.000,0.0000%,0,
Contact STARLINK-5807 - STARLINK-31690,532.644,85867.356,0.6165%,1,
Contact STARLINK-5807 - STARLINK-5239,1148.099,85251.901,1.3288%,2,
Contact STARLINK-5807 - STARLINK-1302,86400.000,0.000,100.0000%,1,
Contact STARLINK-5807 - STARLINK-4675,81781.387,4618.613,94.6544%,2,
Contact STARLINK-5807 - STARLINK-6135,0.000,86400.000,0.0000%,0,
Contact STARLINK-5807 - STARLINK-32262,0.000,86400.000,0.0000%,0,
Contact STARLINK-5807 - STARLINK-1788,0.000,86400.000,0.0000%,0,
Contact STARLINK-5807 - STARLINK-1080,0.000,86400.000,0.0000%,0,
Contact STARLINK-5807 - STARLINK-4356,0.000,86400.000,0.0000%,0,
Contact STARLINK-5807 - STARLINK-31554,271.247,86128.753,0.3139%,1,
Contact STARLINK-5807 - STARLINK-4383,4455.524,81944.476,5.1569%,6,
Contact STARLINK-5807 - STARLINK-30052,0.000,86400.000,0.0000%,0,
Contact STARLINK-5807 - STARLINK-5713,5577.491,80822.509,6.4554%,6,
Contact STARLINK-5807 - STARLINK-1303,0.000,86400.000,0.0000%,0,
Contact STARLINK-5807 - STARLINK-11265 [DTC],4933.591,81466.409,5.7102%,2,
Contact STARLINK-5807 - STARLINK-4612,0.000,86400.000,0.0000%,0,
Contact STARLINK-5807 - STARLINK-5831,0.000,86400.000,0.0000%,0,
Contact STARLINK-5807 - STARLINK-31034,2082.009,84317.991,2.4097%,3,
Contact STARLINK-5807 - STARLINK-3815,0.000,86400.000,0.0000%,0,
Contact STARLINK-5807 - STARLINK-31611,502.092,85897.908,0.5811%,1,
Contact STARLINK-5807 - MoonARTEMIS1,68662.602,17737.398,79.4706%,9,
Contact STARLINK-5807 - MoonARTEMIS2,63013.807,23386.193,72.9326%,9,
Contact STARLINK-5807 - MoonIOAGEO,61016.450,25383.550,70.6209%,9,
Contact STARLINK-5807 - MoonIOAGNO,68630.227,17769.773,79.4331%,9,
Contact STARLINK-5807 - MoonIOAGNO 0001,68643.790,17756.210,79.4488%,9,
Contact STARLINK-5807 - MoonIOAGSO,66714.400,19685.600,77.2157%,9,
Contact STARLINK-5807 - MoonIOAGSO 0001,67117.901,19282.099,77.6828%,9,
Contact STARLINK-5807 - MoonLRO,68705.640,17694.360,79.5204%,9,
Contact STARLINK-5807 - MarsSat1,68989.683,17410.317,79.8492%,9,
Contact STARLINK-5807 - MarsSat2,69279.636,17120.364,80.1848%,9,
Contact STARLINK-5807 - MarsSat3,69279.496,17120.504,80.1846%,9,
Contact STARLINK-5807 - MarsSat4,69279.607,17120.393,80.1847%,9,
Contact STARLINK-2367 - STARLINK-4560,3079.645,83320.355,3.5644%,5,
Contact STARLINK-2367 - STARLINK-3189,0.000,86400.000,0.0000%,0,
Contact STARLINK-2367 - STARLINK-31784,0.000,86400.000,0.0000%,0,
Contact STARLINK-2367 - STARLINK-5494,0.000,86400.000,0.0000%,0,
Contact STARLINK-2367 - STARLINK-30421,0.000,86400.000,0.0000%,0,
Contact STARLINK-2367 - STARLINK-4338,0.000,86400.000,0.0000%,0,
Contact STARLINK-2367 - STARLINK-32197,0.000,86400.000,0.0000%,0,
Contact STARLINK-2367 - STARLINK-2476,29891.757,56508.243,34.5969%,6,
Contact STARLINK-2367 - STARLINK-2105,8514.031,77885.969,9.8542%,7,
Contact STARLINK-2367 - STARLINK-31536,761.448,85638.552,0.8813%,1,
Contact STARLINK-2367 - STARLINK-6148,0.000,86400.000,0.0000%,0,
Contact STARLINK-2367 - STARLINK-11199 [DTC],32358.167,54041.833,37.4516%,1,
Contact STARLINK-2367 - STARLINK-5849,68475.080,17924.920,79.2536%,1,
Contact STARLINK-2367 - STARLINK-5649,0.000,86400.000,0.0000%,0,
Contact STARLINK-2367 - STARLINK-5197,0.000,86400.000,0.0000%,0,
Contact STARLINK-2367 - STARLINK-30100,950.627,85449.373,1.1003%,2,
Contact STARLINK-2367 - STARLINK-11101 [DTC],2295.717,84104.283,2.6571%,4,
Contact STARLINK-2367 - STARLINK-2685,0.000,86400.000,0.0000%,0,
Contact STARLINK-2367 - STARLINK-4254,0.000,86400.000,0.0000%,0,
Contact STARLINK-2367 - STARLINK-31853,853.521,85546.479,0.9879%,1,
Contact STARLINK-2367 - STARLINK-4551,0.000,86400.000,0.0000%,0,
Contact STARLINK-2367 - STARLINK-1578,0.000,86400.000,0.0000%,0,
Contact STARLINK-2367 - STARLINK-5535,0.000,86400.000,0.0000%,0,
Contact STARLINK-2367 - STARLINK-3525,0.000,86400.000,0.0000%,0,
Contact STARLINK-2367 - STARLINK-5289,0.000,86400.000,0.0000%,0,
Contact STARLINK-2367 - STARLINK-1276,0.000,86400.000,0.0000%,0,
Contact STARLINK-2367 - STARLINK-5837,4355.448,82044.552,5.0410%,4,
Contact STARLINK-2367 - STARLINK-31852,0.000,86400.000,0.0000%,0,
Contact STARLINK-2367 - STARLINK-1666,0.000,86400.000,0.0000%,0,
Contact STARLINK-2367 - STARLINK-1293,0.000,86400.000,0.0000%,0,
Contact STARLINK-2367 - STARLINK-30879,0.000,86400.000,0.0000%,0,
Contact STARLINK-2367 - STARLINK-31345,1290.022,85109.978,1.4931%,2,
Contact STARLINK-2367 - STARLINK-5058,0.000,86400.000,0.0000%,0,
Contact STARLINK-2367 - STARLINK-31690,0.000,86400.000,0.0000%,0,
Contact STARLINK-2367 - STARLINK-5239,3177.276,83222.724,3.6774%,4,
Contact STARLINK-2367 - STARLINK-1302,3034.368,83365.632,3.5120%,5,
Contact STARLINK-2367 - STARLINK-4675,0.000,86400.000,0.0000%,0,
Contact STARLINK-2367 - STARLINK-6135,9064.519,77335.481,10.4913%,4,
Contact STARLINK-2367 - STARLINK-32262,0.000,86400.000,0.0000%,0,
Contact STARLINK-2367 - STARLINK-1788,0.000,86400.000,0.0000%,0,
Contact STARLINK-2367 - STARLINK-1080,0.000,86400.000,0.0000%,0,
Contact STARLINK-2367 - STARLINK-4356,63918.747,22481.253,73.9800%,5,
Contact STARLINK-2367 - STARLINK-31554,0.000,86400.000,0.0000%,0,
Contact STARLINK-2367 - STARLINK-4383,11931.089,74468.911,13.8091%,4,
Contact STARLINK-2367 - STARLINK-30052,0.000,86400.000,0.0000%,0,
Contact STARLINK-2367 - STARLINK-5713,805.866,85594.134,0.9327%,1,
Contact STARLINK-2367 - STARLINK-1303,0.000,86400.000,0.0000%,0,
Contact STARLINK-2367 - STARLINK-11265 [DTC],30653.209,55746.791,35.4783%,1,
Contact STARLINK-2367 - STARLINK-4612,0.000,86400.000,0.0000%,0,
Contact STARLINK-2367 - STARLINK-5831,0.000,86400.000,0.0000%,0,
Contact STARLINK-2367 - STARLINK-31034,0.000,86400.000,0.0000%,0,
Contact STARLINK-2367 - STARLINK-3815,0.000,86400.000,0.0000%,0,
Contact STARLINK-2367 - STARLINK-31611,0.000,86400.000,0.0000%,0,
Contact STARLINK-2367 - MoonARTEMIS1,69764.390,16635.610,80.7458%,9,
Contact STARLINK-2367 - MoonARTEMIS2,63949.076,22450.924,74.0151%,9,
Contact STARLINK-2367 - MoonIOAGEO,62218.111,24181.889,72.0117%,9,
Contact STARLINK-2367 - MoonIOAGNO,69772.040,16627.960,80.7547%,9,
Contact STARLINK-2367 - MoonIOAGNO 0001,69787.706,16612.294,80.7728%,9,
Contact STARLINK-2367 - MoonIOAGSO,67874.033,18525.967,78.5579%,9,
Contact STARLINK-2367 - MoonIOAGSO 0001,68934.381,17465.619,79.7852%,9,
Contact STARLINK-2367 - MoonLRO,69721.583,16678.417,80.6963%,9,
Contact STARLINK-2367 - MarsSat1,67052.626,19347.374,77.6072%,9,
Contact STARLINK-2367 - MarsSat2,69773.538,16626.462,80.7564%,9,
Contact STARLINK-2367 - MarsSat3,69773.477,16626.523,80.7563%,9,
Contact STARLINK-2367 - MarsSat4,69773.516,16626.484,80.7564%,9,
Contact STARLINK-4560 - STARLINK-3189,4366.369,82033.631,5.0537%,6,
Contact STARLINK-4560 - STARLINK-31784,27480.384,58919.616,31.8060%,3,
Contact STARLINK-4560 - STARLINK-5494,0.000,86400.000,0.0000%,0,
Contact STARLINK-4560 - STARLINK-30421,0.000,86400.000,0.0000%,0,
Contact STARLINK-4560 - STARLINK-4338,0.000,86400.000,0.0000%,0,
Contact STARLINK-4560 - STARLINK-32197,2369.218,84030.782,2.7422%,4,
Contact STARLINK-4560 - STARLINK-2476,0.000,86400.000,0.0000%,0,
Contact STARLINK-4560 - STARLINK-2105,0.000,86400.000,0.0000%,0,
Contact STARLINK-4560 - STARLINK-31536,19711.207,66688.793,22.8139%,5,
Contact STARLINK-4560 - STARLINK-6148,1095.583,85304.417,1.2680%,3,
Contact STARLINK-4560 - STARLINK-11199 [DTC],1978.185,84421.815,2.2896%,3,
Contact STARLINK-4560 - STARLINK-5849,4459.825,81940.175,5.1618%,7,
Contact STARLINK-4560 - STARLINK-5649,10451.923,75948.077,12.0971%,7,
Contact STARLINK-4560 - STARLINK-5197,3327.596,83072.404,3.8514%,6,
Contact STARLINK-4560 - STARLINK-30100,0.000,86400.000,0.0000%,0,
Contact STARLINK-4560 - STARLINK-11101 [DTC],6540.543,79859.457,7.5701%,1,
Contact STARLINK-4560 - STARLINK-2685,4048.181,82351.819,4.6854%,6,
Contact STARLINK-4560 - STARLINK-4254,5428.996,80971.004,6.2836%,3,
Contact STARLINK-4560 - STARLINK-31853,1924.864,84475.136,2.2279%,2,
Contact STARLINK-4560 - STARLINK-4551,4486.138,81913.862,5.1923%,2,
Contact STARLINK-4560 - STARLINK-1578,1749.564,84650.436,2.0250%,2,
Contact STARLINK-4560 - STARLINK-5535,4401.142,81998.858,5.0939%,6,
Contact STARLINK-4560 - STARLINK-3525,2025.261,84374.739,2.3441%,5,
Contact STARLINK-4560 - STARLINK-5289,0.000,86400.000,0.0000%,0,
Contact STARLINK-4560 - STARLINK-1276,25668.427,60731.573,29.7088%,7,
Contact STARLINK-4560 - STARLINK-5837,0.000,86400.000,0.0000%,0,
Contact STARLINK-4560 - STARLINK-31852,1971.345,84428.655,2.2816%,3,
Contact STARLINK-4560 - STARLINK-1666,5319.387,81080.613,6.1567%,6,
Contact STARLINK-4560 - STARLINK-1293,0.000,86400.000,0.0000%,0,
Contact STARLINK-4560 - STARLINK-30879,3794.522,82605.478,4.3918%,5,
Contact STARLINK-4560 - STARLINK-31345,3199.724,83200.276,3.7034%,5,
Contact STARLINK-4560 - STARLINK-5058,2310.480,84089.520,2.6742%,5,
Contact STARLINK-4560 - STARLINK-31690,8244.267,78155.733,9.5420%,2,
Contact STARLINK-4560 - STARLINK-5239,0.000,86400.000,0.0000%,0,
Contact STARLINK-4560 - STARLINK-1302,0.000,86400.000,0.0000%,0,
Contact STARLINK-4560 - STARLINK-4675,0.000,86400.000,0.0000%,0,
Contact STARLINK-4560 - STARLINK-6135,8505.439,77894.561,9.8443%,7,
Contact STARLINK-4560 - STARLINK-32262,0.000,86400.000,0.0000%,0,
Contact STARLINK-4560 - STARLINK-1788,3483.790,82916.210,4.0322%,6,
Contact STARLINK-4560 - STARLINK-1080,4556.795,81843.205,5.2741%,6,
Contact STARLINK-4560 - STARLINK-4356,4390.204,82009.796,5.0813%,7,
Contact STARLINK-4560 - STARLINK-31554,377.399,86022.601,0.4368%,2,
Contact STARLINK-4560 - STARLINK-4383,5078.475,81321.525,5.8779%,6,
Contact STARLINK-4560 - STARLINK-30052,0.000,86400.000,0.0000%,0,
Contact STARLINK-4560 - STARLINK-5713,2385.938,84014.062,2.7615%,6,
Contact STARLINK-4560 - STARLINK-1303,0.000,86400.000,0.0000%,0,
Contact STARLINK-4560 - STARLINK-11265 [DTC],2553.434,83846.566,2.9554%,5,
Contact STARLINK-4560 - STARLINK-4612,4218.935,82181.065,4.8830%,6,
Contact STARLINK-4560 - STARLINK-5831,0.000,86400.000,0.0000%,0,
Contact STARLINK-4560 - STARLINK-31034,4608.461,81791.539,5.3339%,6,
Contact STARLINK-4560 - STARLINK-3815,8355.966,78044.034,9.6713%,3,
Contact STARLINK-4560 - STARLINK-31611,3146.148,83253.852,3.6414%,6,
Contact STARLINK-4560 - MoonARTEMIS1,67781.891,18618.109,78.4513%,10,
Contact STARLINK-4560 - MoonARTEMIS2,66731.657,19668.343,77.2357%,10,
Contact STARLINK-4560 - MoonIOAGEO,59757.641,26642.359,69.1639%,10,
Contact STARLINK-4560 - MoonIOAGNO,67717.025,18682.975,78.3762%,10,
Contact STARLINK-4560 - MoonIOAGNO 0001,67708.821,18691.179,78.3667%,10,
Contact STARLINK-4560 - MoonIOAGSO,67686.428,18713.572,78.3408%,10,
Contact STARLINK-4560 - MoonIOAGSO 0001,66484.185,19915.815,76.9493%,10,
Contact STARLINK-4560 - MoonLRO,67696.693,18703.307,78.3527%,10,
Contact STARLINK-4560 - MarsSat1,65699.499,20700.501,76.0411%,9,
Contact STARLINK-4560 - MarsSat2,67853.798,18546.202,78.5345%,10,
Contact STARLINK-4560 - MarsSat3,67854.231,18545.769,78.5350%,10,
Contact STARLINK-4560 - MarsSat4,67854.299,18545.701,78.5351%,10,
Contact STARLINK-3189 - STARLINK-31784,4201.046,82198.954,4.8623%,5,
Contact STARLINK-3189 - STARLINK-5494,27063.869,59336.131,31.3239%,6,
Contact STARLINK-3189 - STARLINK-30421,7898.050,78501.950,9.1413%,2,
Contact STARLINK-3189 - STARLINK-4338,5009.067,81390.933,5.7975%,7,
Contact STARLINK-3189 - STARLINK-32197,3744.471,82655.529,4.3339%,1,
Contact STARLINK-3189 - STARLINK-2476,0.000,86400.000,0.0000%,0,
Contact STARLINK-3189 - STARLINK-2105,0.000,86400.000,0.0000%,0,
Contact STARLINK-3189 - STARLINK-31536,0.000,86400.000,0.0000%,0,
Contact STARLINK-3189 - STARLINK-6148,0.000,86400.000,0.0000%,0,
Contact STARLINK-3189 - STARLINK-11199 [DTC],0.000,86400.000,0.0000%,0,
Contact STARLINK-3189 - STARLINK-5849,0.000,86400.000,0.0000%,0,
Contact STARLINK-3189 - STARLINK-5649,651.651,85748.349,0.7542%,1,
Contact STARLINK-3189 - STARLINK-5197,0.000,86400.000,0.0000%,0,
Contact STARLINK-3189 - STARLINK-30100,0.000,86400.000,0.0000%,0,
Contact STARLINK-3189 - STARLINK-11101 [DTC],0.000,86400.000,0.0000%,0,
Contact STARLINK-3189 - STARLINK-2685,0.000,86400.000,0.0000%,0,
Contact STARLINK-3189 - STARLINK-4254,2346.676,84053.324,2.7161%,5,
Contact STARLINK-3189 - STARLINK-31853,0.000,86400.000,0.0000%,0,
Contact STARLINK-3189 - STARLINK-4551,0.000,86400.000,0.0000%,0,
Contact STARLINK-3189 - STARLINK-1578,4396.021,82003.979,5.0880%,6,
Contact STARLINK-3189 - STARLINK-5535,0.000,86400.000,0.0000%,0,
Contact STARLINK-3189 - STARLINK-3525,0.000,86400.000,0.0000%,0,
Contact STARLINK-3189 - STARLINK-5289,11617.454,74782.546,13.4461%,7,
Contact STARLINK-3189 - STARLINK-1276,0.000,86400.000,0.0000%,0,
Contact STARLINK-3189 - STARLINK-5837,0.000,86400.000,0.0000%,0,
Contact STARLINK-3189 - STARLINK-31852,29998.429,56401.571,34.7204%,3,
Contact STARLINK-3189 - STARLINK-1666,324.435,86075.565,0.3755%,1,
Contact STARLINK-3189 - STARLINK-1293,8548.932,77851.068,9.8946%,6,
Contact STARLINK-3189 - STARLINK-30879,23735.427,62664.573,27.4716%,4,
Contact STARLINK-3189 - STARLINK-31345,0.000,86400.000,0.0000%,0,
Contact STARLINK-3189 - STARLINK-5058,0.000,86400.000,0.0000%,0,
Contact STARLINK-3189 - STARLINK-31690,1444.935,84955.065,1.6724%,3,
Contact STARLINK-3189 - STARLINK-5239,0.000,86400.000,0.0000%,0,
Contact STARLINK-3189 - STARLINK-1302,0.000,86400.000,0.0000%,0,
Contact STARLINK-3189 - STARLINK-4675,0.000,86400.000,0.0000%,0,
Contact STARLINK-3189 - STARLINK-6135,0.000,86400.000,0.0000%,0,
Contact STARLINK-3189 - STARLINK-32262,0.000,86400.000,0.0000%,0,
Contact STARLINK-3189 - STARLINK-1788,86400.000,0.000,100.0000%,1,
Contact STARLINK-3189 - STARLINK-1080,86400.000,0.000,100.0000%,1,
Contact STARLINK-3189 - STARLINK-4356,0.000,86400.000,0.0000%,0,
Contact STARLINK-3189 - STARLINK-31554,6603.489,79796.511,7.6429%,4,
Contact STARLINK-3189 - STARLINK-4383,0.000,86400.000,0.0000%,0,
Contact STARLINK-3189 - STARLINK-30052,0.000,86400.000,0.0000%,0,
Contact STARLINK-3189 - STARLINK-5713,0.000,86400.000,0.0000%,0,
Contact STARLINK-3189 - STARLINK-1303,11074.596,75325.404,12.8178%,6,
Contact STARLINK-3189 - STARLINK-11265 [DTC],15720.909,70679.091,18.1955%,1,
Contact STARLINK-3189 - STARLINK-4612,86400.000,0.000,100.0000%,1,
Contact STARLINK-3189 - STARLINK-5831,7821.644,78578.356,9.0528%,3,
Contact STARLINK-3189 - STARLINK-31034,7431.248,78968.752,8.6010%,2,
Contact STARLINK-3189 - STARLINK-3815,10295.566,76104.434,11.9162%,5,
Contact STARLINK-3189 - STARLINK-31611,66484.615,19915.385,76.9498%,1,
Contact STARLINK-3189 - MoonARTEMIS1,66437.899,19962.101,76.8957%,10,
Contact STARLINK-3189 - MoonARTEMIS2,67178.619,19221.381,77.7530%,10,
Contact STARLINK-3189 - MoonIOAGEO,60338.871,26061.129,69.8367%,10,
Contact STARLINK-3189 - MoonIOAGNO,67834.131,18565.869,78.5117%,10,
Contact STARLINK-3189 - MoonIOAGNO 0001,67819.882,18580.118,78.4952%,10,
Contact STARLINK-3189 - MoonIOAGSO,66305.584,20094.416,76.7426%,10,
Contact STARLINK-3189 - MoonIOAGSO 0001,66100.121,20299.879,76.5048%,10,
Contact STARLINK-3189 - MoonLRO,67772.555,18627.445,78.4405%,10,
Contact STARLINK-3189 - MarsSat1,64601.638,21798.362,74.7704%,9,
Contact STARLINK-3189 - MarsSat2,67850.113,18549.887,78.5302%,10,
Contact STARLINK-3189 - MarsSat3,67850.320,18549.680,78.5305%,10,
Contact STARLINK-3189 - MarsSat4,67850.306,18549.694,78.5304%,10,
Contact STARLINK-31784 - STARLINK-5494,8033.840,78366.160,9.2984%,2,
Contact STARLINK-31784 - STARLINK-30421,0.000,86400.000,0.0000%,0,
Contact STARLINK-31784 - STARLINK-4338,11786.391,74613.609,13.6417%,3,
Contact STARLINK-31784 - STARLINK-32197,0.000,86400.000,0.0000%,0,
Contact STARLINK-31784 - STARLINK-2476,0.000,86400.000,0.0000%,0,
Contact STARLINK-31784 - STARLINK-2105,0.000,86400.000,0.0000%,0,
Contact STARLINK-31784 - STARLINK-31536,22475.700,63924.300,26.0135%,4,
Contact STARLINK-31784 - STARLINK-6148,807.551,85592.449,0.9347%,1,
Contact STARLINK-31784 - STARLINK-11199 [DTC],0.000,86400.000,0.0000%,0,
Contact STARLINK-31784 - STARLINK-5849,1027.983,85372.017,1.1898%,2,
Contact STARLINK-31784 - STARLINK-5649,6832.804,79567.196,7.9083%,5,
Contact STARLINK-31784 - STARLINK-5197,3008.212,83391.788,3.4817%,4,
Contact STARLINK-31784 - STARLINK-30100,3332.537,83067.463,3.8571%,1,
Contact STARLINK-31784 - STARLINK-11101 [DTC],0.000,86400.000,0.0000%,0,
Contact STARLINK-31784 - STARLINK-2685,22999.350,63400.650,26.6196%,5,
Contact STARLINK-31784 - STARLINK-4254,38102.048,48297.952,44.0996%,1,
Contact STARLINK-31784 - STARLINK-31853,0.000,86400.000,0.0000%,0,
Contact STARLINK-31784 - STARLINK-4551,11184.799,75215.201,12.9454%,2,
Contact STARLINK-31784 - STARLINK-1578,32757.737,53642.263,37.9140%,1,
Contact STARLINK-31784 - STARLINK-5535,0.000,86400.000,0.0000%,0,
Contact STARLINK-31784 - STARLINK-3525,0.000,86400.000,0.0000%,0,
Contact STARLINK-31784 - STARLINK-5289,22183.942,64216.058,25.6759%,4,
Contact STARLINK-31784 - STARLINK-1276,39757.767,46642.233,46.0159%,3,
Contact STARLINK-31784 - STARLINK-5837,3668.011,82731.989,4.2454%,5,
Contact STARLINK-31784 - STARLINK-31852,0.000,86400.000,0.0000%,0,
Contact STARLINK-31784 - STARLINK-1666,7030.497,79369.503,8.1371%,5,
Contact STARLINK-31784 - STARLINK-1293,26276.026,60123.974,30.4121%,1,
Contact STARLINK-31784 - STARLINK-30879,42597.090,43802.910,49.3022%,7,
Contact STARLINK-31784 - STARLINK-31345,0.000,86400.000,0.0000%,0,
Contact STARLINK-31784 - STARLINK-5058,4897.164,81502.836,5.6680%,3,
Contact STARLINK-31784 - STARLINK-31690,0.000,86400.000,0.0000%,0,
Contact STARLINK-31784 - STARLINK-5239,0.000,86400.000,0.0000%,0,
Contact STARLINK-31784 - STARLINK-1302,0.000,86400.000,0.0000%,0,
Contact STARLINK-31784 - STARLINK-4675,0.000,86400.000,0.0000%,0,
Contact STARLINK-31784 - STARLINK-6135,14580.916,71819.084,16.8761%,3,
Contact STARLINK-31784 - STARLINK-32262,0.000,86400.000,0.0000%,0,
Contact STARLINK-31784 - STARLINK-1788,6214.126,80185.874,7.1923%,4,
Contact STARLINK-31784 - STARLINK-1080,7807.142,78592.858,9.0360%,6,
Contact STARLINK-31784 - STARLINK-4356,1882.491,84517.509,2.1788%,4,
Contact STARLINK-31784 - STARLINK-31554,0.000,86400.000,0.0000%,0,
Contact STARLINK-31784 - STARLINK-4383,3070.927,83329.073,3.5543%,5,
Contact STARLINK-31784 - STARLINK-30052,11453.659,74946.341,13.2565%,1,
Contact STARLINK-31784 - STARLINK-5713,374.025,86025.975,0.4329%,1,
Contact STARLINK-31784 - STARLINK-1303,9840.653,76559.347,11.3896%,1,
Contact STARLINK-31784 - STARLINK-11265 [DTC],0.000,86400.000,0.0000%,0,
Contact STARLINK-31784 - STARLINK-4612,4885.416,81514.584,5.6544%,6,
Contact STARLINK-31784 - STARLINK-5831,689.681,85710.319,0.7982%,1,
Contact STARLINK-31784 - STARLINK-31034,2409.045,83990.955,2.7882%,4,
Contact STARLINK-31784 - STARLINK-3815,41301.053,45098.947,47.8021%,5,
Contact STARLINK-31784 - STARLINK-31611,5157.441,81242.559,5.9693%,7,
Contact STARLINK-31784 - MoonARTEMIS1,61140.357,25259.643,70.7643%,10,
Contact STARLINK-31784 - MoonARTEMIS2,61149.564,25250.436,70.7750%,10,
Contact STARLINK-31784 - MoonIOAGEO,57700.466,28699.534,66.7829%,9,
Contact STARLINK-31784 - MoonIOAGNO,61165.619,25234.381,70.7935%,10,
Contact STARLINK-31784 - MoonIOAGNO 0001,61143.317,25256.683,70.7677%,10,
Contact STARLINK-31784 - MoonIOAGSO,60809.523,25590.477,70.3814%,10,
Contact STARLINK-31784 - MoonIOAGSO 0001,60145.765,26254.235,69.6132%,10,
Contact STARLINK-31784 - MoonLRO,61146.391,25253.609,70.7713%,10,
Contact STARLINK-31784 - MarsSat1,52749.121,33650.879,61.0522%,9,
Contact STARLINK-31784 - MarsSat2,55858.729,30541.271,64.6513%,10,
Contact STARLINK-31784 - MarsSat3,55858.725,30541.275,64.6513%,10,
Contact STARLINK-31784 - MarsSat4,55858.653,30541.347,64.6512%,10,
Contact STARLINK-5494 - STARLINK-30421,18913.880,67486.120,21.8911%,1,
Contact STARLINK-5494 - STARLINK-4338,0.000,86400.000,0.0000%,0,
Contact STARLINK-5494 - STARLINK-32197,918.571,85481.429,1.0632%,1,
Contact STARLINK-5494 - STARLINK-2476,0.000,86400.000,0.0000%,0,
Contact STARLINK-5494 - STARLINK-2105,0.000,86400.000,0.0000%,0,
Contact STARLINK-5494 - STARLINK-31536,0.000,86400.000,0.0000%,0,
Contact STARLINK-5494 - STARLINK-6148,677.733,85722.267,0.7844%,1,
Contact STARLINK-5494 - STARLINK-11199 [DTC],0.000,86400.000,0.0000%,0,
Contact STARLINK-5494 - STARLINK-5849,0.000,86400.000,0.0000%,0,
Contact STARLINK-5494 - STARLINK-5649,1690.125,84709.875,1.9562%,3,
Contact STARLINK-5494 - STARLINK-5197,3659.064,82740.936,4.2350%,6,
Contact STARLINK-5494 - STARLINK-30100,0.000,86400.000,0.0000%,0,
Contact STARLINK-5494 - STARLINK-11101 [DTC],7065.673,79334.327,8.1779%,1,
Contact STARLINK-5494 - STARLINK-2685,0.000,86400.000,0.0000%,0,
Contact STARLINK-5494 - STARLINK-4254,0.000,86400.000,0.0000%,0,
Contact STARLINK-5494 - STARLINK-31853,6390.909,80009.091,7.3969%,5,
Contact STARLINK-5494 - STARLINK-4551,8454.735,77945.265,9.7856%,7,
Contact STARLINK-5494 - STARLINK-1578,6207.741,80192.259,7.1849%,6,
Contact STARLINK-5494 - STARLINK-5535,0.000,86400.000,0.0000%,0,
Contact STARLINK-5494 - STARLINK-3525,126.550,86273.450,0.1465%,1,
Contact STARLINK-5494 - STARLINK-5289,0.000,86400.000,0.0000%,0,
Contact STARLINK-5494 - STARLINK-1276,0.000,86400.000,0.0000%,0,
Contact STARLINK-5494 - STARLINK-5837,0.000,86400.000,0.0000%,0,
Contact STARLINK-5494 - STARLINK-31852,2058.241,84341.759,2.3822%,4,
Contact STARLINK-5494 - STARLINK-1666,5242.249,81157.751,6.0674%,7,
Contact STARLINK-5494 - STARLINK-1293,83277.212,3122.788,96.3857%,5,
Contact STARLINK-5494 - STARLINK-30879,31522.274,54877.726,36.4841%,1,
Contact STARLINK-5494 - STARLINK-31345,2755.292,83644.708,3.1890%,5,
Contact STARLINK-5494 - STARLINK-5058,0.000,86400.000,0.0000%,0,
Contact STARLINK-5494 - STARLINK-31690,4091.591,82308.409,4.7356%,5,
Contact STARLINK-5494 - STARLINK-5239,0.000,86400.000,0.0000%,0,
Contact STARLINK-5494 - STARLINK-1302,0.000,86400.000,0.0000%,0,
Contact STARLINK-5494 - STARLINK-4675,0.000,86400.000,0.0000%,0,
Contact STARLINK-5494 - STARLINK-6135,0.000,86400.000,0.0000%,0,
Contact STARLINK-5494 - STARLINK-32262,0.000,86400.000,0.0000%,0,
Contact STARLINK-5494 - STARLINK-1788,43241.856,43158.144,50.0484%,6,
Contact STARLINK-5494 - STARLINK-1080,5840.039,80559.961,6.7593%,6,
Contact STARLINK-5494 - STARLINK-4356,0.000,86400.000,0.0000%,0,
Contact STARLINK-5494 - STARLINK-31554,34019.877,52380.123,39.3749%,2,
Contact STARLINK-5494 - STARLINK-4383,4081.503,82318.497,4.7240%,7,
Contact STARLINK-5494 - STARLINK-30052,0.000,86400.000,0.0000%,0,
Contact STARLINK-5494 - STARLINK-5713,0.000,86400.000,0.0000%,0,
Contact STARLINK-5494 - STARLINK-1303,86400.000,0.000,100.0000%,1,
Contact STARLINK-5494 - STARLINK-11265 [DTC],1693.668,84706.332,1.9603%,2,
Contact STARLINK-5494 - STARLINK-4612,30822.653,55577.347,35.6744%,6,
Contact STARLINK-5494 - STARLINK-5831,7694.717,78705.283,8.9059%,2,
Contact STARLINK-5494 - STARLINK-31034,4269.722,82130.278,4.9418%,6,
Contact STARLINK-5494 - STARLINK-3815,43399.851,43000.149,50.2313%,2,
Contact STARLINK-5494 - STARLINK-31611,13028.020,73371.980,15.0787%,4,
Contact STARLINK-5494 - MoonARTEMIS1,70417.508,15982.492,81.5017%,8,
Contact STARLINK-5494 - MoonARTEMIS2,72276.957,14123.043,83.6539%,8,
Contact STARLINK-5494 - MoonIOAGEO,65130.761,21269.239,75.3828%,8,
Contact STARLINK-5494 - MoonIOAGNO,72966.319,13433.681,84.4518%,8,
Contact STARLINK-5494 - MoonIOAGNO 0001,72978.868,13421.132,84.4663%,8,
Contact STARLINK-5494 - MoonIOAGSO,73162.580,13237.420,84.6789%,8,
Contact STARLINK-5494 - MoonIOAGSO 0001,70792.494,15607.506,81.9358%,8,
Contact STARLINK-5494 - MoonLRO,73055.638,13344.362,84.5551%,8,
Contact STARLINK-5494 - MarsSat1,72454.389,13945.611,83.8592%,6,
Contact STARLINK-5494 - MarsSat2,75557.691,10842.309,87.4510%,7,
Contact STARLINK-5494 - MarsSat3,75558.407,10841.593,87.4519%,7,
Contact STARLINK-5494 - MarsSat4,75558.579,10841.421,87.4521%,7,
Contact STARLINK-30421 - STARLINK-4338,2462.450,83937.550,2.8501%,5,
Contact STARLINK-30421 - STARLINK-32197,28659.630,57740.370,33.1709%,7,
Contact STARLINK-30421 - STARLINK-2476,0.000,86400.000,0.0000%,0,
Contact STARLINK-30421 - STARLINK-2105,164.179,86235.821,0.1900%,1,
Contact STARLINK-30421 - STARLINK-31536,0.000,86400.000,0.0000%,0,
Contact STARLINK-30421 - STARLINK-6148,60547.539,25852.461,70.0782%,3,
Contact STARLINK-30421 - STARLINK-11199 [DTC],0.000,86400.000,0.0000%,0,
Contact STARLINK-30421 - STARLINK-5849,0.000,86400.000,0.0000%,0,
Contact STARLINK-30421 - STARLINK-5649,0.000,86400.000,0.0000%,0,
Contact STARLINK-30421 - STARLINK-5197,0.000,86400.000,0.0000%,0,
Contact STARLINK-30421 - STARLINK-30100,0.000,86400.000,0.0000%,0,
Contact STARLINK-30421 - STARLINK-11101 [DTC],2033.383,84366.617,2.3535%,2,
Contact STARLINK-30421 - STARLINK-2685,0.000,86400.000,0.0000%,0,
Contact STARLINK-30421 - STARLINK-4254,0.000,86400.000,0.0000%,0,
Contact STARLINK-30421 - STARLINK-31853,8411.155,77988.845,9.7351%,8,
Contact STARLINK-30421 - STARLINK-4551,3874.907,82525.093,4.4848%,5,
Contact STARLINK-30421 - STARLINK-1578,687.470,85712.530,0.7957%,1,
Contact STARLINK-30421 - STARLINK-5535,19191.634,67208.366,22.2125%,2,
Contact STARLINK-30421 - STARLINK-3525,0.000,86400.000,0.0000%,0,
Contact STARLINK-30421 - STARLINK-5289,692.418,85707.582,0.8014%,2,
Contact STARLINK-30421 - STARLINK-1276,0.000,86400.000,0.0000%,0,
Contact STARLINK-30421 - STARLINK-5837,0.000,86400.000,0.0000%,0,
Contact STARLINK-30421 - STARLINK-31852,0.000,86400.000,0.0000%,0,
Contact STARLINK-30421 - STARLINK-1666,3760.577,82639.423,4.3525%,5,
Contact STARLINK-30421 - STARLINK-1293,1043.331,85356.669,1.2076%,1,
Contact STARLINK-30421 - STARLINK-30879,0.000,86400.000,0.0000%,0,
Contact STARLINK-30421 - STARLINK-31345,5201.432,81198.568,6.0202%,7,
Contact STARLINK-30421 - STARLINK-5058,0.000,86400.000,0.0000%,0,
Contact STARLINK-30421 - STARLINK-31690,3059.838,83340.162,3.5415%,6,
Contact STARLINK-30421 - STARLINK-5239,0.000,86400.000,0.0000%,0,
Contact STARLINK-30421 - STARLINK-1302,22355.577,64044.423,25.8745%,2,
Contact STARLINK-30421 - STARLINK-4675,50773.394,35626.606,58.7655%,2,
Contact STARLINK-30421 - STARLINK-6135,0.000,86400.000,0.0000%,0,
Contact STARLINK-30421 - STARLINK-32262,0.000,86400.000,0.0000%,0,
Contact STARLINK-30421 - STARLINK-1788,18906.642,67493.358,21.8827%,1,
Contact STARLINK-30421 - STARLINK-1080,1767.891,84632.109,2.0462%,2,
Contact STARLINK-30421 - STARLINK-4356,0.000,86400.000,0.0000%,0,
Contact STARLINK-30421 - STARLINK-31554,514.163,85885.837,0.5951%,1,
Contact STARLINK-30421 - STARLINK-4383,3111.509,83288.491,3.6013%,5,
Contact STARLINK-30421 - STARLINK-30052,0.000,86400.000,0.0000%,0,
Contact STARLINK-30421 - STARLINK-5713,2971.726,83428.274,3.4395%,3,
Contact STARLINK-30421 - STARLINK-1303,19977.570,66422.430,23.1222%,2,
Contact STARLINK-30421 - STARLINK-11265 [DTC],12588.566,73811.434,14.5701%,4,
Contact STARLINK-30421 - STARLINK-4612,0.000,86400.000,0.0000%,0,
Contact STARLINK-30421 - STARLINK-5831,60604.460,25795.540,70.1441%,1,
Contact STARLINK-30421 - STARLINK-31034,12074.543,74325.457,13.9752%,7,
Contact STARLINK-30421 - STARLINK-3815,0.000,86400.000,0.0000%,0,
Contact STARLINK-30421 - STARLINK-31611,0.000,86400.000,0.0000%,0,
Contact STARLINK-30421 - MoonARTEMIS1,62210.755,24189.245,72.0032%,9,
Contact STARLINK-30421 - MoonARTEMIS2,62160.842,24239.158,71.9454%,9,
Contact STARLINK-30421 - MoonIOAGEO,59645.426,26754.574,69.0341%,9,
Contact STARLINK-30421 - MoonIOAGNO,67804.227,18595.773,78.4771%,9,
Contact STARLINK-30421 - MoonIOAGNO 0001,62162.862,24237.138,71.9478%,9,
Contact STARLINK-30421 - MoonIOAGSO,67028.646,19371.354,77.5795%,9,
Contact STARLINK-30421 - MoonIOAGSO 0001,60411.159,25988.841,69.9203%,9,
Contact STARLINK-30421 - MoonLRO,62180.132,24219.868,71.9677%,9,
Contact STARLINK-30421 - MarsSat1,62500.934,23899.066,72.3390%,9,
Contact STARLINK-30421 - MarsSat2,62500.863,23899.137,72.3390%,9,
Contact STARLINK-30421 - MarsSat3,62501.017,23898.983,72.3391%,9,
Contact STARLINK-30421 - MarsSat4,62500.894,23899.106,72.3390%,9,
Contact STARLINK-4338 - STARLINK-32197,5781.414,80618.586,6.6915%,5,
Contact STARLINK-4338 - STARLINK-2476,4665.833,81734.167,5.4003%,6,
Contact STARLINK-4338 - STARLINK-2105,0.000,86400.000,0.0000%,0,
Contact STARLINK-4338 - STARLINK-31536,4728.375,81671.625,5.4727%,6,
Contact STARLINK-4338 - STARLINK-6148,4219.075,82180.925,4.8832%,6,
Contact STARLINK-4338 - STARLINK-11199 [DTC],1964.866,84435.134,2.2742%,4,
Contact STARLINK-4338 - STARLINK-5849,0.000,86400.000,0.0000%,0,
Contact STARLINK-4338 - STARLINK-5649,1512.380,84887.620,1.7504%,3,
Contact STARLINK-4338 - STARLINK-5197,0.000,86400.000,0.0000%,0,
Contact STARLINK-4338 - STARLINK-30100,0.000,86400.000,0.0000%,0,
Contact STARLINK-4338 - STARLINK-11101 [DTC],1849.120,84550.880,2.1402%,2,
Contact STARLINK-4338 - STARLINK-2685,4002.894,82397.106,4.6330%,6,
Contact STARLINK-4338 - STARLINK-4254,52548.318,33851.682,60.8198%,6,
Contact STARLINK-4338 - STARLINK-31853,351.322,86048.678,0.4066%,1,
Contact STARLINK-4338 - STARLINK-4551,0.000,86400.000,0.0000%,0,
Contact STARLINK-4338 - STARLINK-1578,0.000,86400.000,0.0000%,0,
Contact STARLINK-4338 - STARLINK-5535,4312.455,82087.545,4.9913%,6,
Contact STARLINK-4338 - STARLINK-3525,0.000,86400.000,0.0000%,0,
Contact STARLINK-4338 - STARLINK-5289,86400.000,0.000,100.0000%,1,
Contact STARLINK-4338 - STARLINK-1276,7349.257,79050.743,8.5061%,6,
Contact STARLINK-4338 - STARLINK-5837,4470.725,81929.275,5.1745%,6,
Contact STARLINK-4338 - STARLINK-31852,8335.600,78064.400,9.6477%,3,
Contact STARLINK-4338 - STARLINK-1666,18735.434,67664.566,21.6845%,7,
Contact STARLINK-4338 - STARLINK-1293,0.000,86400.000,0.0000%,0,
Contact STARLINK-4338 - STARLINK-30879,3161.190,83238.810,3.6588%,5,
Contact STARLINK-4338 - STARLINK-31345,0.000,86400.000,0.0000%,0,
Contact STARLINK-4338 - STARLINK-5058,0.000,86400.000,0.0000%,0,
Contact STARLINK-4338 - STARLINK-31690,610.039,85789.961,0.7061%,1,
Contact STARLINK-4338 - STARLINK-5239,0.000,86400.000,0.0000%,0,
Contact STARLINK-4338 - STARLINK-1302,2356.465,84043.535,2.7274%,6,
Contact STARLINK-4338 - STARLINK-4675,3766.023,82633.977,4.3588%,6,
Contact STARLINK-4338 - STARLINK-6135,10401.078,75998.922,12.0383%,6,
Contact STARLINK-4338 - STARLINK-32262,0.000,86400.000,0.0000%,0,
Contact STARLINK-4338 - STARLINK-1788,4946.555,81453.445,5.7252%,7,
Contact STARLINK-4338 - STARLINK-1080,5259.650,81140.350,6.0876%,7,
Contact STARLINK-4338 - STARLINK-4356,0.000,86400.000,0.0000%,0,
Contact STARLINK-4338 - STARLINK-31554,0.000,86400.000,0.0000%,0,
Contact STARLINK-4338 - STARLINK-4383,0.000,86400.000,0.0000%,0,
Contact STARLINK-4338 - STARLINK-30052,701.826,85698.174,0.8123%,1,
Contact STARLINK-4338 - STARLINK-5713,0.000,86400.000,0.0000%,0,
Contact STARLINK-4338 - STARLINK-1303,0.000,86400.000,0.0000%,0,
Contact STARLINK-4338 - STARLINK-11265 [DTC],2353.697,84046.303,2.7242%,4,
Contact STARLINK-4338 - STARLINK-4612,4755.680,81644.320,5.5043%,7,
Contact STARLINK-4338 - STARLINK-5831,1289.176,85110.824,1.4921%,3,
Contact STARLINK-4338 - STARLINK-31034,9977.361,76422.639,11.5479%,5,
Contact STARLINK-4338 - STARLINK-3815,959.381,85440.619,1.1104%,2,
Contact STARLINK-4338 - STARLINK-31611,3532.595,82867.405,4.0887%,5,
Contact STARLINK-4338 - MoonARTEMIS1,71925.503,14474.497,83.2471%,8,
Contact STARLINK-4338 - MoonARTEMIS2,68374.989,18025.011,79.1377%,7,
Contact STARLINK-4338 - MoonIOAGEO,60477.429,25922.571,69.9970%,8,
Contact STARLINK-4338 - MoonIOAGNO,74032.170,12367.830,85.6854%,7,
Contact STARLINK-4338 - MoonIOAGNO 0001,74037.541,12362.459,85.6916%,7,
Contact STARLINK-4338 - MoonIOAGSO,72759.115,13640.885,84.2119%,7,
Contact STARLINK-4338 - MoonIOAGSO 0001,69784.271,16615.729,80.7688%,8,
Contact STARLINK-4338 - MoonLRO,74065.219,12334.781,85.7236%,7,
Contact STARLINK-4338 - MarsSat1,71586.927,14813.073,82.8552%,7,
Contact STARLINK-4338 - MarsSat2,74412.190,11987.810,86.1252%,7,
Contact STARLINK-4338 - MarsSat3,74411.932,11988.068,86.1249%,7,
Contact STARLINK-4338 - MarsSat4,74411.935,11988.065,86.1249%,7,
Contact STARLINK-32197 - STARLINK-2476,685.769,85714.231,0.7937%,1,
Contact STARLINK-32197 - STARLINK-2105,0.000,86400.000,0.0000%,0,
Contact STARLINK-32197 - STARLINK-31536,0.000,86400.000,0.0000%,0,
Contact STARLINK-32197 - STARLINK-6148,46756.867,39643.133,54.1167%,1,
Contact STARLINK-32197 - STARLINK-11199 [DTC],767.166,85632.834,0.8879%,1,
Contact STARLINK-32197 - STARLINK-5849,0.000,86400.000,0.0000%,0,
Contact STARLINK-32197 - STARLINK-5649,0.000,86400.000,0.0000%,0,
Contact STARLINK-32197 - STARLINK-5197,0.000,86400.000,0.0000%,0,
Contact STARLINK-32197 - STARLINK-30100,0.000,86400.000,0.0000%,0,
Contact STARLINK-32197 - STARLINK-11101 [DTC],830.912,85569.088,0.9617%,2,
Contact STARLINK-32197 - STARLINK-2685,0.000,86400.000,0.0000%,0,
Contact STARLINK-32197 - STARLINK-4254,0.000,86400.000,0.0000%,0,
Contact STARLINK-32197 - STARLINK-31853,12405.171,73994.829,14.3578%,7,
Contact STARLINK-32197 - STARLINK-4551,7945.671,78454.329,9.1964%,7,
Contact STARLINK-32197 - STARLINK-1578,3696.080,82703.920,4.2779%,5,
Contact STARLINK-32197 - STARLINK-5535,13563.692,72836.308,15.6987%,5,
Contact STARLINK-32197 - STARLINK-3525,0.000,86400.000,0.0000%,0,
Contact STARLINK-32197 - STARLINK-5289,1692.771,84707.229,1.9592%,3,
Contact STARLINK-32197 - STARLINK-1276,0.000,86400.000,0.0000%,0,
Contact STARLINK-32197 - STARLINK-5837,0.000,86400.000,0.0000%,0,
Contact STARLINK-32197 - STARLINK-31852,0.000,86400.000,0.0000%,0,
Contact STARLINK-32197 - STARLINK-1666,25635.211,60764.789,29.6704%,5,
Contact STARLINK-32197 - STARLINK-1293,2239.706,84160.294,2.5923%,3,
Contact STARLINK-32197 - STARLINK-30879,0.000,86400.000,0.0000%,0,
Contact STARLINK-32197 - STARLINK-31345,14854.776,71545.224,17.1930%,7,
Contact STARLINK-32197 - STARLINK-5058,0.000,86400.000,0.0000%,0,
Contact STARLINK-32197 - STARLINK-31690,11815.895,74584.105,13.6758%,7,
Contact STARLINK-32197 - STARLINK-5239,0.000,86400.000,0.0000%,0,
Contact STARLINK-32197 - STARLINK-1302,6070.583,80329.417,7.0261%,4,
Contact STARLINK-32197 - STARLINK-4675,57964.241,28435.759,67.0882%,3,
Contact STARLINK-32197 - STARLINK-6135,0.000,86400.000,0.0000%,0,
Contact STARLINK-32197 - STARLINK-32262,0.000,86400.000,0.0000%,0,
Contact STARLINK-32197 - STARLINK-1788,6940.539,79459.461,8.0330%,1,
Contact STARLINK-32197 - STARLINK-1080,6277.007,80122.993,7.2651%,1,
Contact STARLINK-32197 - STARLINK-4356,0.000,86400.000,0.0000%,0,
Contact STARLINK-32197 - STARLINK-31554,1695.911,84704.089,1.9629%,4,
Contact STARLINK-32197 - STARLINK-4383,6269.608,80130.392,7.2565%,3,
Contact STARLINK-32197 - STARLINK-30052,0.000,86400.000,0.0000%,0,
Contact STARLINK-32197 - STARLINK-5713,37258.711,49141.289,43.1235%,4,
Contact STARLINK-32197 - STARLINK-1303,2549.132,83850.868,2.9504%,3,
Contact STARLINK-32197 - STARLINK-11265 [DTC],49253.322,37146.678,57.0062%,1,
Contact STARLINK-32197 - STARLINK-4612,0.000,86400.000,0.0000%,0,
Contact STARLINK-32197 - STARLINK-5831,42382.264,44017.736,49.0535%,2,
Contact STARLINK-32197 - STARLINK-31034,66468.006,19931.994,76.9306%,5,
Contact STARLINK-32197 - STARLINK-3815,0.000,86400.000,0.0000%,0,
Contact STARLINK-32197 - STARLINK-31611,0.000,86400.000,0.0000%,0,
Contact STARLINK-32197 - MoonARTEMIS1,68301.927,18098.073,79.0532%,9,
Contact STARLINK-32197 - MoonARTEMIS2,56809.005,29590.995,65.7512%,9,
Contact STARLINK-32197 - MoonIOAGEO,54846.063,31553.937,63.4792%,9,
Contact STARLINK-32197 - MoonIOAGNO,62632.160,23767.840,72.4909%,9,
Contact STARLINK-32197 - MoonIOAGNO 0001,62619.516,23780.484,72.4763%,9,
Contact STARLINK-32197 - MoonIOAGSO,66916.756,19483.244,77.4499%,9,
Contact STARLINK-32197 - MoonIOAGSO 0001,60425.199,25974.801,69.9366%,9,
Contact STARLINK-32197 - MoonLRO,62571.438,23828.562,72.4206%,9,
Contact STARLINK-32197 - MarsSat1,68178.765,18221.235,78.9106%,9,
Contact STARLINK-32197 - MarsSat2,68178.501,18221.499,78.9103%,9,
Contact STARLINK-32197 - MarsSat3,68178.792,18221.208,78.9106%,9,
Contact STARLINK-32197 - MarsSat4,68178.603,18221.397,78.9104%,9,
Contact STARLINK-2476 - STARLINK-2105,5340.516,81059.484,6.1812%,7,
Contact STARLINK-2476 - STARLINK-31536,22701.265,63698.735,26.2746%,1,
Contact STARLINK-2476 - STARLINK-6148,0.000,86400.000,0.0000%,0,
Contact STARLINK-2476 - STARLINK-11199 [DTC],8319.219,78080.781,9.6287%,2,
Contact STARLINK-2476 - STARLINK-5849,4357.926,82042.074,5.0439%,6,
Contact STARLINK-2476 - STARLINK-5649,0.000,86400.000,0.0000%,0,
Contact STARLINK-2476 - STARLINK-5197,0.000,86400.000,0.0000%,0,
Contact STARLINK-2476 - STARLINK-30100,33820.721,52579.279,39.1444%,7,
Contact STARLINK-2476 - STARLINK-11101 [DTC],24057.287,62342.713,27.8441%,1,
Contact STARLINK-2476 - STARLINK-2685,0.000,86400.000,0.0000%,0,
Contact STARLINK-2476 - STARLINK-4254,0.000,86400.000,0.0000%,0,
Contact STARLINK-2476 - STARLINK-31853,0.000,86400.000,0.0000%,0,
Contact STARLINK-2476 - STARLINK-4551,0.000,86400.000,0.0000%,0,
Contact STARLINK-2476 - STARLINK-1578,0.000,86400.000,0.0000%,0,
Contact STARLINK-2476 - STARLINK-5535,18021.603,68378.397,20.8583%,7,
Contact STARLINK-2476 - STARLINK-3525,2384.395,84015.605,2.7597%,5,
Contact STARLINK-2476 - STARLINK-5289,476.346,85923.654,0.5513%,1,
Contact STARLINK-2476 - STARLINK-1276,0.000,86400.000,0.0000%,0,
Contact STARLINK-2476 - STARLINK-5837,0.000,86400.000,0.0000%,0,
Contact STARLINK-2476 - STARLINK-31852,4233.503,82166.497,4.8999%,2,
Contact STARLINK-2476 - STARLINK-1666,0.000,86400.000,0.0000%,0,
Contact STARLINK-2476 - STARLINK-1293,0.000,86400.000,0.0000%,0,
Contact STARLINK-2476 - STARLINK-30879,0.000,86400.000,0.0000%,0,
Contact STARLINK-2476 - STARLINK-31345,0.000,86400.000,0.0000%,0,
Contact STARLINK-2476 - STARLINK-5058,0.000,86400.000,0.0000%,0,
Contact STARLINK-2476 - STARLINK-31690,0.000,86400.000,0.0000%,0,
Contact STARLINK-2476 - STARLINK-5239,14591.999,71808.001,16.8889%,7,
Contact STARLINK-2476 - STARLINK-1302,24239.740,62160.260,28.0553%,5,
Contact STARLINK-2476 - STARLINK-4675,0.000,86400.000,0.0000%,0,
Contact STARLINK-2476 - STARLINK-6135,0.000,86400.000,0.0000%,0,
Contact STARLINK-2476 - STARLINK-32262,0.000,86400.000,0.0000%,0,
Contact STARLINK-2476 - STARLINK-1788,0.000,86400.000,0.0000%,0,
Contact STARLINK-2476 - STARLINK-1080,0.000,86400.000,0.0000%,0,
Contact STARLINK-2476 - STARLINK-4356,1296.594,85103.406,1.5007%,2,
Contact STARLINK-2476 - STARLINK-31554,0.000,86400.000,0.0000%,0,
Contact STARLINK-2476 - STARLINK-4383,3910.261,82489.739,4.5258%,6,
Contact STARLINK-2476 - STARLINK-30052,15859.916,70540.084,18.3564%,7,
Contact STARLINK-2476 - STARLINK-5713,0.000,86400.000,0.0000%,0,
Contact STARLINK-2476 - STARLINK-1303,0.000,86400.000,0.0000%,0,
Contact STARLINK-2476 - STARLINK-11265 [DTC],5150.916,81249.084,5.9617%,3,
Contact STARLINK-2476 - STARLINK-4612,0.000,86400.000,0.0000%,0,
Contact STARLINK-2476 - STARLINK-5831,0.000,86400.000,0.0000%,0,
Contact STARLINK-2476 - STARLINK-31034,0.000,86400.000,0.0000%,0,
Contact STARLINK-2476 - STARLINK-3815,0.000,86400.000,0.0000%,0,
Contact STARLINK-2476 - STARLINK-31611,0.000,86400.000,0.0000%,0,
Contact STARLINK-2476 - MoonARTEMIS1,67572.516,18827.484,78.2089%,10,
Contact STARLINK-2476 - MoonARTEMIS2,61761.014,24638.986,71.4827%,10,
Contact STARLINK-2476 - MoonIOAGEO,59915.401,26484.599,69.3465%,10,
Contact STARLINK-2476 - MoonIOAGNO,67501.245,18898.755,78.1264%,10,
Contact STARLINK-2476 - MoonIOAGNO 0001,67503.962,18896.038,78.1296%,10,
Contact STARLINK-2476 - MoonIOAGSO,65699.731,20700.269,76.0414%,10,
Contact STARLINK-2476 - MoonIOAGSO 0001,66880.097,19519.903,77.4075%,10,
Contact STARLINK-2476 - MoonLRO,67531.596,18868.404,78.1616%,10,
Contact STARLINK-2476 - MarsSat1,67655.398,18744.602,78.3049%,9,
Contact STARLINK-2476 - MarsSat2,70082.449,16317.551,81.1139%,9,
Contact STARLINK-2476 - MarsSat3,70082.952,16317.048,81.1145%,9,
Contact STARLINK-2476 - MarsSat4,70083.235,16316.765,81.1149%,9,
Contact STARLINK-2105 - STARLINK-31536,0.000,86400.000,0.0000%,0,
Contact STARLINK-2105 - STARLINK-6148,0.000,86400.000,0.0000%,0,
Contact STARLINK-2105 - STARLINK-11199 [DTC],2580.421,83819.579,2.9866%,4,
Contact STARLINK-2105 - STARLINK-5849,17517.691,68882.309,20.2751%,6,
Contact STARLINK-2105 - STARLINK-5649,0.000,86400.000,0.0000%,0,
Contact STARLINK-2105 - STARLINK-5197,0.000,86400.000,0.0000%,0,
Contact STARLINK-2105 - STARLINK-30100,0.000,86400.000,0.0000%,0,
Contact STARLINK-2105 - STARLINK-11101 [DTC],8439.666,77960.334,9.7681%,3,
Contact STARLINK-2105 - STARLINK-2685,0.000,86400.000,0.0000%,0,
Contact STARLINK-2105 - STARLINK-4254,0.000,86400.000,0.0000%,0,
Contact STARLINK-2105 - STARLINK-31853,0.000,86400.000,0.0000%,0,
Contact STARLINK-2105 - STARLINK-4551,0.000,86400.000,0.0000%,0,
Contact STARLINK-2105 - STARLINK-1578,0.000,86400.000,0.0000%,0,
Contact STARLINK-2105 - STARLINK-5535,4044.487,82355.513,4.6811%,7,
Contact STARLINK-2105 - STARLINK-3525,30962.875,55437.125,35.8367%,6,
Contact STARLINK-2105 - STARLINK-5289,0.000,86400.000,0.0000%,0,
Contact STARLINK-2105 - STARLINK-1276,0.000,86400.000,0.0000%,0,
Contact STARLINK-2105 - STARLINK-5837,4562.503,81837.497,5.2807%,6,
Contact STARLINK-2105 - STARLINK-31852,9862.727,76537.273,11.4152%,2,
Contact STARLINK-2105 - STARLINK-1666,0.000,86400.000,0.0000%,0,
Contact STARLINK-2105 - STARLINK-1293,0.000,86400.000,0.0000%,0,
Contact STARLINK-2105 - STARLINK-30879,0.000,86400.000,0.0000%,0,
Contact STARLINK-2105 - STARLINK-31345,0.000,86400.000,0.0000%,0,
Contact STARLINK-2105 - STARLINK-5058,2337.206,84062.794,2.7051%,4,
Contact STARLINK-2105 - STARLINK-31690,0.000,86400.000,0.0000%,0,
Contact STARLINK-2105 - STARLINK-5239,86400.000,0.000,100.0000%,1,
Contact STARLINK-2105 - STARLINK-1302,14892.655,71507.345,17.2369%,7,
Contact STARLINK-2105 - STARLINK-4675,0.000,86400.000,0.0000%,0,
Contact STARLINK-2105 - STARLINK-6135,1969.203,84430.797,2.2792%,4,
Contact STARLINK-2105 - STARLINK-32262,0.000,86400.000,0.0000%,0,
Contact STARLINK-2105 - STARLINK-1788,0.000,86400.000,0.0000%,0,
Contact STARLINK-2105 - STARLINK-1080,0.000,86400.000,0.0000%,0,
Contact STARLINK-2105 - STARLINK-4356,1995.758,84404.242,2.3099%,3,
Contact STARLINK-2105 - STARLINK-31554,0.000,86400.000,0.0000%,0,
Contact STARLINK-2105 - STARLINK-4383,0.000,86400.000,0.0000%,0,
Contact STARLINK-2105 - STARLINK-30052,0.000,86400.000,0.0000%,0,
Contact STARLINK-2105 - STARLINK-5713,0.000,86400.000,0.0000%,0,
Contact STARLINK-2105 - STARLINK-1303,0.000,86400.000,0.0000%,0,
Contact STARLINK-2105 - STARLINK-11265 [DTC],4562.015,81837.985,5.2801%,2,
Contact STARLINK-2105 - STARLINK-4612,0.000,86400.000,0.0000%,0,
Contact STARLINK-2105 - STARLINK-5831,0.000,86400.000,0.0000%,0,
Contact STARLINK-2105 - STARLINK-31034,0.000,86400.000,0.0000%,0,
Contact STARLINK-2105 - STARLINK-3815,0.000,86400.000,0.0000%,0,
Contact STARLINK-2105 - STARLINK-31611,0.000,86400.000,0.0000%,0,
Contact STARLINK-2105 - MoonARTEMIS1,77454.909,8945.091,89.6469%,5,
Contact STARLINK-2105 - MoonARTEMIS2,74016.666,12383.334,85.6674%,5,
Contact STARLINK-2105 - MoonIOAGEO,71134.042,15265.958,82.3311%,5,
Contact STARLINK-2105 - MoonIOAGNO,79164.521,7235.479,91.6256%,5,
Contact STARLINK-2105 - MoonIOAGNO 0001,79201.905,7198.095,91.6689%,5,
Contact STARLINK-2105 - MoonIOAGSO,76665.852,9734.148,88.7336%,5,
Contact STARLINK-2105 - MoonIOAGSO 0001,79121.289,7278.711,91.5756%,5,
Contact STARLINK-2105 - MoonLRO,79154.836,7245.164,91.6144%,5,
Contact STARLINK-2105 - MarsSat1,79539.884,6860.116,92.0601%,5,
Contact STARLINK-2105 - MarsSat2,79698.473,6701.527,92.2436%,5,
Contact STARLINK-2105 - MarsSat3,79695.217,6704.783,92.2398%,5,
Contact STARLINK-2105 - MarsSat4,79694.279,6705.721,92.2387%,5,
Contact STARLINK-31536 - STARLINK-6148,0.000,86400.000,0.0000%,0,
Contact STARLINK-31536 - STARLINK-11199 [DTC],4987.686,81412.314,5.7728%,2,
Contact STARLINK-31536 - STARLINK-5849,3564.304,82835.696,4.1254%,4,
Contact STARLINK-31536 - STARLINK-5649,13550.228,72849.772,15.6831%,5,
Contact STARLINK-31536 - STARLINK-5197,7895.962,78504.038,9.1388%,6,
Contact STARLINK-31536 - STARLINK-30100,17217.315,69182.685,19.9274%,3,
Contact STARLINK-31536 - STARLINK-11101 [DTC],0.000,86400.000,0.0000%,0,
Contact STARLINK-31536 - STARLINK-2685,32187.255,54212.745,37.2538%,1,
Contact STARLINK-31536 - STARLINK-4254,43982.617,42417.383,50.9058%,6,
Contact STARLINK-31536 - STARLINK-31853,0.000,86400.000,0.0000%,0,
Contact STARLINK-31536 - STARLINK-4551,0.000,86400.000,0.0000%,0,
Contact STARLINK-31536 - STARLINK-1578,0.000,86400.000,0.0000%,0,
Contact STARLINK-31536 - STARLINK-5535,0.000,86400.000,0.0000%,0,
Contact STARLINK-31536 - STARLINK-3525,8477.259,77922.741,9.8116%,7,
Contact STARLINK-31536 - STARLINK-5289,7366.139,79033.861,8.5256%,5,
Contact STARLINK-31536 - STARLINK-1276,67552.492,18847.508,78.1858%,1,
Contact STARLINK-31536 - STARLINK-5837,4130.380,82269.620,4.7805%,5,
Contact STARLINK-31536 - STARLINK-31852,12045.085,74354.915,13.9411%,7,
Contact STARLINK-31536 - STARLINK-1666,348.044,86051.956,0.4028%,1,
Contact STARLINK-31536 - STARLINK-1293,0.000,86400.000,0.0000%,0,
Contact STARLINK-31536 - STARLINK-30879,1296.868,85103.132,1.5010%,2,
Contact STARLINK-31536 - STARLINK-31345,0.000,86400.000,0.0000%,0,
Contact STARLINK-31536 - STARLINK-5058,8856.425,77543.575,10.2505%,7,
Contact STARLINK-31536 - STARLINK-31690,0.000,86400.000,0.0000%,0,
Contact STARLINK-31536 - STARLINK-5239,1175.223,85224.777,1.3602%,2,
Contact STARLINK-31536 - STARLINK-1302,0.000,86400.000,0.0000%,0,
Contact STARLINK-31536 - STARLINK-4675,0.000,86400.000,0.0000%,0,
Contact STARLINK-31536 - STARLINK-6135,63964.709,22435.291,74.0332%,1,
Contact STARLINK-31536 - STARLINK-32262,0.000,86400.000,0.0000%,0,
Contact STARLINK-31536 - STARLINK-1788,0.000,86400.000,0.0000%,0,
Contact STARLINK-31536 - STARLINK-1080,542.397,85857.603,0.6278%,1,
Contact STARLINK-31536 - STARLINK-4356,3933.718,82466.282,4.5529%,6,
Contact STARLINK-31536 - STARLINK-31554,0.000,86400.000,0.0000%,0,
Contact STARLINK-31536 - STARLINK-4383,1171.481,85228.519,1.3559%,4,
Contact STARLINK-31536 - STARLINK-30052,21258.231,65141.769,24.6044%,4,
Contact STARLINK-31536 - STARLINK-5713,0.000,86400.000,0.0000%,0,
Contact STARLINK-31536 - STARLINK-1303,0.000,86400.000,0.0000%,0,
Contact STARLINK-31536 - STARLINK-11265 [DTC],0.000,86400.000,0.0000%,0,
Contact STARLINK-31536 - STARLINK-4612,743.754,85656.246,0.8608%,1,
Contact STARLINK-31536 - STARLINK-5831,0.000,86400.000,0.0000%,0,
Contact STARLINK-31536 - STARLINK-31034,0.000,86400.000,0.0000%,0,
Contact STARLINK-31536 - STARLINK-3815,0.000,86400.000,0.0000%,0,
Contact STARLINK-31536 - STARLINK-31611,0.000,86400.000,0.0000%,0,
Contact STARLINK-31536 - MoonARTEMIS1,61287.778,25112.222,70.9349%,10,
Contact STARLINK-31536 - MoonARTEMIS2,49927.021,36472.979,57.7859%,10,
Contact STARLINK-31536 - MoonIOAGEO,44293.313,42106.687,51.2654%,10,
Contact STARLINK-31536 - MoonIOAGNO,61242.319,25157.681,70.8823%,10,
Contact STARLINK-31536 - MoonIOAGNO 0001,61235.769,25164.231,70.8747%,10,
Contact STARLINK-31536 - MoonIOAGSO,54663.028,31736.972,63.2674%,10,
Contact STARLINK-31536 - MoonIOAGSO 0001,61104.300,25295.700,70.7226%,10,
Contact STARLINK-31536 - MoonLRO,61257.157,25142.843,70.8995%,10,
Contact STARLINK-31536 - MarsSat1,65095.245,21304.755,75.3417%,9,
Contact STARLINK-31536 - MarsSat2,67284.248,19115.752,77.8753%,10,
Contact STARLINK-31536 - MarsSat3,67284.579,19115.421,77.8757%,10,
Contact STARLINK-31536 - MarsSat4,67284.641,19115.359,77.8757%,10,
Contact STARLINK-6148 - STARLINK-11199 [DTC],12413.623,73986.377,14.3676%,1,
Contact STARLINK-6148 - STARLINK-5849,0.000,86400.000,0.0000%,0,
Contact STARLINK-6148 - STARLINK-5649,0.000,86400.000,0.0000%,0,
Contact STARLINK-6148 - STARLINK-5197,0.000,86400.000,0.0000%,0,
Contact STARLINK-6148 - STARLINK-30100,0.000,86400.000,0.0000%,0,
Contact STARLINK-6148 - STARLINK-11101 [DTC],1769.835,84630.165,2.0484%,2,
Contact STARLINK-6148 - STARLINK-2685,0.000,86400.000,0.0000%,0,
Contact STARLINK-6148 - STARLINK-4254,0.000,86400.000,0.0000%,0,
Contact STARLINK-6148 - STARLINK-31853,6591.396,79808.604,7.6289%,4,
Contact STARLINK-6148 - STARLINK-4551,5875.841,80524.159,6.8007%,6,
Contact STARLINK-6148 - STARLINK-1578,8248.104,78151.896,9.5464%,6,
Contact STARLINK-6148 - STARLINK-5535,649.867,85750.133,0.7522%,2,
Contact STARLINK-6148 - STARLINK-3525,0.000,86400.000,0.0000%,0,
Contact STARLINK-6148 - STARLINK-5289,2434.892,83965.108,2.8182%,5,
Contact STARLINK-6148 - STARLINK-1276,0.000,86400.000,0.0000%,0,
Contact STARLINK-6148 - STARLINK-5837,0.000,86400.000,0.0000%,0,
Contact STARLINK-6148 - STARLINK-31852,3611.088,82788.912,4.1795%,1,
Contact STARLINK-6148 - STARLINK-1666,43001.100,43398.900,49.7698%,7,
Contact STARLINK-6148 - STARLINK-1293,4529.941,81870.059,5.2430%,6,
Contact STARLINK-6148 - STARLINK-30879,0.000,86400.000,0.0000%,0,
Contact STARLINK-6148 - STARLINK-31345,2131.707,84268.293,2.4673%,2,
Contact STARLINK-6148 - STARLINK-5058,0.000,86400.000,0.0000%,0,
Contact STARLINK-6148 - STARLINK-31690,4320.490,82079.510,5.0006%,5,
Contact STARLINK-6148 - STARLINK-5239,0.000,86400.000,0.0000%,0,
Contact STARLINK-6148 - STARLINK-1302,0.000,86400.000,0.0000%,0,
Contact STARLINK-6148 - STARLINK-4675,67105.992,19294.008,77.6690%,2,
Contact STARLINK-6148 - STARLINK-6135,0.000,86400.000,0.0000%,0,
Contact STARLINK-6148 - STARLINK-32262,0.000,86400.000,0.0000%,0,
Contact STARLINK-6148 - STARLINK-1788,0.000,86400.000,0.0000%,0,
Contact STARLINK-6148 - STARLINK-1080,1064.223,85335.777,1.2317%,2,
Contact STARLINK-6148 - STARLINK-4356,0.000,86400.000,0.0000%,0,
Contact STARLINK-6148 - STARLINK-31554,13353.414,73046.586,15.4553%,5,
Contact STARLINK-6148 - STARLINK-4383,0.000,86400.000,0.0000%,0,
Contact STARLINK-6148 - STARLINK-30052,0.000,86400.000,0.0000%,0,
Contact STARLINK-6148 - STARLINK-5713,0.000,86400.000,0.0000%,0,
Contact STARLINK-6148 - STARLINK-1303,9139.866,77260.134,10.5785%,7,
Contact STARLINK-6148 - STARLINK-11265 [DTC],24365.299,62034.701,28.2006%,1,
Contact STARLINK-6148 - STARLINK-4612,0.000,86400.000,0.0000%,0,
Contact STARLINK-6148 - STARLINK-5831,86400.000,0.000,100.0000%,1,
Contact STARLINK-6148 - STARLINK-31034,41720.507,44679.493,48.2876%,6,
Contact STARLINK-6148 - STARLINK-3815,428.901,85971.099,0.4964%,1,
Contact STARLINK-6148 - STARLINK-31611,36042.081,50357.919,41.7154%,1,
Contact STARLINK-6148 - MoonARTEMIS1,67152.770,19247.230,77.7231%,9,
Contact STARLINK-6148 - MoonARTEMIS2,61315.463,25084.537,70.9670%,9,
Contact STARLINK-6148 - MoonIOAGEO,55065.193,31334.807,63.7329%,9,
Contact STARLINK-6148 - MoonIOAGNO,67146.347,19253.653,77.7157%,9,
Contact STARLINK-6148 - MoonIOAGNO 0001,67158.166,19241.834,77.7294%,9,
Contact STARLINK-6148 - MoonIOAGSO,65450.392,20949.608,75.7528%,9,
Contact STARLINK-6148 - MoonIOAGSO 0001,64789.443,21610.557,74.9878%,9,
Contact STARLINK-6148 - MoonLRO,67121.396,19278.604,77.6868%,9,
Contact STARLINK-6148 - MarsSat1,66117.330,20282.670,76.5247%,9,
Contact STARLINK-6148 - MarsSat2,67184.359,19215.641,77.7597%,9,
Contact STARLINK-6148 - MarsSat3,67184.133,19215.867,77.7594%,9,
Contact STARLINK-6148 - MarsSat4,67183.982,19216.018,77.7592%,9,
Contact STARLINK-11199 [DTC] - STARLINK-5849,26403.732,59996.268,30.5599%,1,
Contact STARLINK-11199 [DTC] - STARLINK-5649,13472.134,72927.866,15.5927%,1,
Contact STARLINK-11199 [DTC] - STARLINK-5197,932.278,85467.722,1.0790%,1,
Contact STARLINK-11199 [DTC] - STARLINK-30100,2369.327,84030.673,2.7423%,3,
Contact STARLINK-11199 [DTC] - STARLINK-11101 [DTC],3100.806,83299.194,3.5889%,5,
Contact STARLINK-11199 [DTC] - STARLINK-2685,10049.903,76350.097,11.6318%,1,
Contact STARLINK-11199 [DTC] - STARLINK-4254,1798.881,84601.119,2.0820%,3,
Contact STARLINK-11199 [DTC] - STARLINK-31853,0.000,86400.000,0.0000%,0,
Contact STARLINK-11199 [DTC] - STARLINK-4551,776.517,85623.483,0.8987%,1,
Contact STARLINK-11199 [DTC] - STARLINK-1578,0.000,86400.000,0.0000%,0,
Contact STARLINK-11199 [DTC] - STARLINK-5535,18260.415,68139.585,21.1347%,3,
Contact STARLINK-11199 [DTC] - STARLINK-3525,11202.042,75197.958,12.9653%,2,
Contact STARLINK-11199 [DTC] - STARLINK-5289,458.669,85941.331,0.5309%,1,
Contact STARLINK-11199 [DTC] - STARLINK-1276,5836.940,80563.060,6.7557%,3,
Contact STARLINK-11199 [DTC] - STARLINK-5837,12250.254,74149.746,14.1785%,3,
Contact STARLINK-11199 [DTC] - STARLINK-31852,0.000,86400.000,0.0000%,0,
Contact STARLINK-11199 [DTC] - STARLINK-1666,484.586,85915.414,0.5609%,2,
Contact STARLINK-11199 [DTC] - STARLINK-1293,0.000,86400.000,0.0000%,0,
Contact STARLINK-11199 [DTC] - STARLINK-30879,0.000,86400.000,0.0000%,0,
Contact STARLINK-11199 [DTC] - STARLINK-31345,1617.387,84782.613,1.8720%,2,
Contact STARLINK-11199 [DTC] - STARLINK-5058,19959.439,66440.561,23.1012%,2,
Contact STARLINK-11199 [DTC] - STARLINK-31690,0.000,86400.000,0.0000%,0,
Contact STARLINK-11199 [DTC] - STARLINK-5239,3006.364,83393.636,3.4796%,4,
Contact STARLINK-11199 [DTC] - STARLINK-1302,9014.611,77385.389,10.4336%,3,
Contact STARLINK-11199 [DTC] - STARLINK-4675,26452.744,59947.256,30.6166%,1,
Contact STARLINK-11199 [DTC] - STARLINK-6135,29182.082,57217.918,33.7756%,1,
Contact STARLINK-11199 [DTC] - STARLINK-32262,0.000,86400.000,0.0000%,0,
Contact STARLINK-11199 [DTC] - STARLINK-1788,0.000,86400.000,0.0000%,0,
Contact STARLINK-11199 [DTC] - STARLINK-1080,0.000,86400.000,0.0000%,0,
Contact STARLINK-11199 [DTC] - STARLINK-4356,9150.441,77249.559,10.5908%,3,
Contact STARLINK-11199 [DTC] - STARLINK-31554,0.000,86400.000,0.0000%,0,
Contact STARLINK-11199 [DTC] - STARLINK-4383,2270.099,84129.901,2.6274%,3,
Contact STARLINK-11199 [DTC] - STARLINK-30052,2300.396,84099.604,2.6625%,3,
Contact STARLINK-11199 [DTC] - STARLINK-5713,8430.049,77969.951,9.7570%,3,
Contact STARLINK-11199 [DTC] - STARLINK-1303,0.000,86400.000,0.0000%,0,
Contact STARLINK-11199 [DTC] - STARLINK-11265 [DTC],0.000,86400.000,0.0000%,0,
Contact STARLINK-11199 [DTC] - STARLINK-4612,0.000,86400.000,0.0000%,0,
Contact STARLINK-11199 [DTC] - STARLINK-5831,9754.283,76645.717,11.2897%,1,
Contact STARLINK-11199 [DTC] - STARLINK-31034,42.054,86357.946,0.0487%,1,
Contact STARLINK-11199 [DTC] - STARLINK-3815,0.000,86400.000,0.0000%,0,
Contact STARLINK-11199 [DTC] - STARLINK-31611,0.000,86400.000,0.0000%,0,
Contact STARLINK-11199 [DTC] - MoonARTEMIS1,61383.583,25016.417,71.0458%,9,
Contact STARLINK-11199 [DTC] - MoonARTEMIS2,55885.382,30514.618,64.6822%,9,
Contact STARLINK-11199 [DTC] - MoonIOAGEO,50361.300,36038.700,58.2885%,9,
Contact STARLINK-11199 [DTC] - MoonIOAGNO,61402.503,24997.497,71.0677%,9,
Contact STARLINK-11199 [DTC] - MoonIOAGNO 0001,61399.927,25000.073,71.0647%,9,
Contact STARLINK-11199 [DTC] - MoonIOAGSO,59131.443,27268.557,68.4392%,9,
Contact STARLINK-11199 [DTC] - MoonIOAGSO 0001,61385.481,25014.519,71.0480%,9,
Contact STARLINK-11199 [DTC] - MoonLRO,61394.598,25005.402,71.0586%,9,
Contact STARLINK-11199 [DTC] - MarsSat1,59715.243,26684.757,69.1149%,8,
Contact STARLINK-11199 [DTC] - MarsSat2,61594.342,24805.658,71.2897%,9,
Contact STARLINK-11199 [DTC] - MarsSat3,61594.153,24805.847,71.2895%,9,
Contact STARLINK-11199 [DTC] - MarsSat4,61594.195,24805.805,71.2896%,9,
Contact STARLINK-5849 - STARLINK-5649,0.000,86400.000,0.0000%,0,
Contact STARLINK-5849 - STARLINK-5197,0.000,86400.000,0.0000%,0,
Contact STARLINK-5849 - STARLINK-30100,3920.939,82479.061,4.5381%,6,
Contact STARLINK-5849 - STARLINK-11101 [DTC],2540.678,83859.322,2.9406%,4,
Contact STARLINK-5849 - STARLINK-2685,608.199,85791.801,0.7039%,2,
Contact STARLINK-5849 - STARLINK-4254,2686.318,83713.682,3.1092%,6,
Contact STARLINK-5849 - STARLINK-31853,1460.859,84939.141,1.6908%,2,
Contact STARLINK-5849 - STARLINK-4551,0.000,86400.000,0.0000%,0,
Contact STARLINK-5849 - STARLINK-1578,0.000,86400.000,0.0000%,0,
Contact STARLINK-5849 - STARLINK-5535,0.000,86400.000,0.0000%,0,
Contact STARLINK-5849 - STARLINK-3525,25369.694,61030.306,29.3631%,3,
Contact STARLINK-5849 - STARLINK-5289,0.000,86400.000,0.0000%,0,
Contact STARLINK-5849 - STARLINK-1276,7825.347,78574.653,9.0571%,7,
Contact STARLINK-5849 - STARLINK-5837,44343.176,42056.824,51.3231%,7,
Contact STARLINK-5849 - STARLINK-31852,1129.469,85270.531,1.3073%,1,
Contact STARLINK-5849 - STARLINK-1666,0.000,86400.000,0.0000%,0,
Contact STARLINK-5849 - STARLINK-1293,0.000,86400.000,0.0000%,0,
Contact STARLINK-5849 - STARLINK-30879,7965.372,78434.628,9.2192%,2,
Contact STARLINK-5849 - STARLINK-31345,4462.425,81937.575,5.1648%,2,
Contact STARLINK-5849 - STARLINK-5058,0.000,86400.000,0.0000%,0,
Contact STARLINK-5849 - STARLINK-31690,483.132,85916.868,0.5592%,1,
Contact STARLINK-5849 - STARLINK-5239,29631.416,56768.584,34.2956%,6,
Contact STARLINK-5849 - STARLINK-1302,0.000,86400.000,0.0000%,0,
Contact STARLINK-5849 - STARLINK-4675,0.000,86400.000,0.0000%,0,
Contact STARLINK-5849 - STARLINK-6135,40239.109,46160.891,46.5730%,7,
Contact STARLINK-5849 - STARLINK-32262,0.000,86400.000,0.0000%,0,
Contact STARLINK-5849 - STARLINK-1788,0.000,86400.000,0.0000%,0,
Contact STARLINK-5849 - STARLINK-1080,0.000,86400.000,0.0000%,0,
Contact STARLINK-5849 - STARLINK-4356,86400.000,0.000,100.0000%,1,
Contact STARLINK-5849 - STARLINK-31554,0.000,86400.000,0.0000%,0,
Contact STARLINK-5849 - STARLINK-4383,0.000,86400.000,0.0000%,0,
Contact STARLINK-5849 - STARLINK-30052,1177.894,85222.106,1.3633%,2,
Contact STARLINK-5849 - STARLINK-5713,0.000,86400.000,0.0000%,0,
Contact STARLINK-5849 - STARLINK-1303,0.000,86400.000,0.0000%,0,
Contact STARLINK-5849 - STARLINK-11265 [DTC],24224.058,62175.942,28.0371%,1,
Contact STARLINK-5849 - STARLINK-4612,0.000,86400.000,0.0000%,0,
Contact STARLINK-5849 - STARLINK-5831,0.000,86400.000,0.0000%,0,
Contact STARLINK-5849 - STARLINK-31034,0.000,86400.000,0.0000%,0,
Contact STARLINK-5849 - STARLINK-3815,988.068,85411.932,1.1436%,2,
Contact STARLINK-5849 - STARLINK-31611,0.000,86400.000,0.0000%,0,
Contact STARLINK-5849 - MoonARTEMIS1,67916.736,18483.264,78.6073%,10,
Contact STARLINK-5849 - MoonARTEMIS2,61946.296,24453.704,71.6971%,10,
Contact STARLINK-5849 - MoonIOAGEO,56297.699,30102.301,65.1594%,10,
Contact STARLINK-5849 - MoonIOAGNO,67854.259,18545.741,78.5350%,10,
Contact STARLINK-5849 - MoonIOAGNO 0001,67862.079,18537.921,78.5441%,10,
Contact STARLINK-5849 - MoonIOAGSO,65784.843,20615.157,76.1399%,10,
Contact STARLINK-5849 - MoonIOAGSO 0001,67810.259,18589.741,78.4841%,10,
Contact STARLINK-5849 - MoonLRO,67837.724,18562.276,78.5159%,10,
Contact STARLINK-5849 - MarsSat1,65020.181,21379.819,75.2548%,10,
Contact STARLINK-5849 - MarsSat2,67929.677,18470.323,78.6223%,10,
Contact STARLINK-5849 - MarsSat3,67930.081,18469.919,78.6228%,10,
Contact STARLINK-5849 - MarsSat4,67930.090,18469.910,78.6228%,10,
Contact STARLINK-5649 - STARLINK-5197,86400.000,0.000,100.0000%,1,
Contact STARLINK-5649 - STARLINK-30100,5310.668,81089.332,6.1466%,6,
Contact STARLINK-5649 - STARLINK-11101 [DTC],4295.916,82104.084,4.9721%,2,
Contact STARLINK-5649 - STARLINK-2685,45995.236,40404.764,53.2352%,6,
Contact STARLINK-5649 - STARLINK-4254,12191.988,74208.012,14.1111%,7,
Contact STARLINK-5649 - STARLINK-31853,0.000,86400.000,0.0000%,0,
Contact STARLINK-5649 - STARLINK-4551,0.000,86400.000,0.0000%,0,
Contact STARLINK-5649 - STARLINK-1578,0.000,86400.000,0.0000%,0,
Contact STARLINK-5649 - STARLINK-5535,0.000,86400.000,0.0000%,0,
Contact STARLINK-5649 - STARLINK-3525,54868.613,31531.387,63.5053%,2,
Contact STARLINK-5649 - STARLINK-5289,29.216,86370.784,0.0338%,1,
Contact STARLINK-5649 - STARLINK-1276,9573.426,76826.574,11.0804%,7,
Contact STARLINK-5649 - STARLINK-5837,0.000,86400.000,0.0000%,0,
Contact STARLINK-5649 - STARLINK-31852,46689.878,39710.122,54.0392%,3,
Contact STARLINK-5649 - STARLINK-1666,0.000,86400.000,0.0000%,0,
Contact STARLINK-5649 - STARLINK-1293,0.000,86400.000,0.0000%,0,
Contact STARLINK-5649 - STARLINK-30879,38762.601,47637.399,44.8641%,5,
Contact STARLINK-5649 - STARLINK-31345,0.000,86400.000,0.0000%,0,
Contact STARLINK-5649 - STARLINK-5058,86400.000,0.000,100.0000%,1,
Contact STARLINK-5649 - STARLINK-31690,0.000,86400.000,0.0000%,0,
Contact STARLINK-5649 - STARLINK-5239,0.000,86400.000,0.0000%,0,
Contact STARLINK-5649 - STARLINK-1302,0.000,86400.000,0.0000%,0,
Contact STARLINK-5649 - STARLINK-4675,0.000,86400.000,0.0000%,0,
Contact STARLINK-5649 - STARLINK-6135,0.000,86400.000,0.0000%,0,
Contact STARLINK-5649 - STARLINK-32262,0.000,86400.000,0.0000%,0,
Contact STARLINK-5649 - STARLINK-1788,0.000,86400.000,0.0000%,0,
Contact STARLINK-5649 - STARLINK-1080,0.000,86400.000,0.0000%,0,
Contact STARLINK-5649 - STARLINK-4356,0.000,86400.000,0.0000%,0,
Contact STARLINK-5649 - STARLINK-31554,547.286,85852.714,0.6334%,1,
Contact STARLINK-5649 - STARLINK-4383,0.000,86400.000,0.0000%,0,
Contact STARLINK-5649 - STARLINK-30052,9133.540,77266.460,10.5712%,7,
Contact STARLINK-5649 - STARLINK-5713,0.000,86400.000,0.0000%,0,
Contact STARLINK-5649 - STARLINK-1303,0.000,86400.000,0.0000%,0,
Contact STARLINK-5649 - STARLINK-11265 [DTC],0.000,86400.000,0.0000%,0,
Contact STARLINK-5649 - STARLINK-4612,75837.564,10562.436,87.7750%,2,
Contact STARLINK-5649 - STARLINK-5831,0.000,86400.000,0.0000%,0,
Contact STARLINK-5649 - STARLINK-31034,0.000,86400.000,0.0000%,0,
Contact STARLINK-5649 - STARLINK-3815,6608.666,79791.334,7.6489%,5,
Contact STARLINK-5649 - STARLINK-31611,30970.945,55429.055,35.8460%,1,
Contact STARLINK-5649 - MoonARTEMIS1,67477.099,18922.901,78.0985%,10,
Contact STARLINK-5649 - MoonARTEMIS2,67291.758,19108.242,77.8840%,10,
Contact STARLINK-5649 - MoonIOAGEO,60269.193,26130.807,69.7560%,10,
Contact STARLINK-5649 - MoonIOAGNO,68415.286,17984.714,79.1844%,10,
Contact STARLINK-5649 - MoonIOAGNO 0001,68431.287,17968.713,79.2029%,10,
Contact STARLINK-5649 - MoonIOAGSO,68149.705,18250.295,78.8770%,10,
Contact STARLINK-5649 - MoonIOAGSO 0001,66910.934,19489.066,77.4432%,10,
Contact STARLINK-5649 - MoonLRO,68350.529,18049.471,79.1094%,10,
Contact STARLINK-5649 - MarsSat1,66234.551,20165.449,76.6604%,9,
Contact STARLINK-5649 - MarsSat2,68367.733,18032.267,79.1293%,10,
Contact STARLINK-5649 - MarsSat3,68367.914,18032.086,79.1295%,10,
Contact STARLINK-5649 - MarsSat4,68367.870,18032.130,79.1295%,10,
Contact STARLINK-5197 - STARLINK-30100,18043.994,68356.006,20.8843%,7,
Contact STARLINK-5197 - STARLINK-11101 [DTC],1498.243,84901.757,1.7341%,2,
Contact STARLINK-5197 - STARLINK-2685,26666.712,59733.288,30.8642%,6,
Contact STARLINK-5197 - STARLINK-4254,9045.997,77354.003,10.4699%,7,
Contact STARLINK-5197 - STARLINK-31853,0.000,86400.000,0.0000%,0,
Contact STARLINK-5197 - STARLINK-4551,0.000,86400.000,0.0000%,0,
Contact STARLINK-5197 - STARLINK-1578,0.000,86400.000,0.0000%,0,
Contact STARLINK-5197 - STARLINK-5535,0.000,86400.000,0.0000%,0,
Contact STARLINK-5197 - STARLINK-3525,86400.000,0.000,100.0000%,1,
Contact STARLINK-5197 - STARLINK-5289,419.737,85980.263,0.4858%,2,
Contact STARLINK-5197 - STARLINK-1276,5680.113,80719.887,6.5742%,7,
Contact STARLINK-5197 - STARLINK-5837,0.000,86400.000,0.0000%,0,
Contact STARLINK-5197 - STARLINK-31852,60833.228,25566.772,70.4088%,1,
Contact STARLINK-5197 - STARLINK-1666,0.000,86400.000,0.0000%,0,
Contact STARLINK-5197 - STARLINK-1293,0.000,86400.000,0.0000%,0,
Contact STARLINK-5197 - STARLINK-30879,19850.922,66549.078,22.9756%,5,
Contact STARLINK-5197 - STARLINK-31345,0.000,86400.000,0.0000%,0,
Contact STARLINK-5197 - STARLINK-5058,86400.000,0.000,100.0000%,1,
Contact STARLINK-5197 - STARLINK-31690,0.000,86400.000,0.0000%,0,
Contact STARLINK-5197 - STARLINK-5239,0.000,86400.000,0.0000%,0,
Contact STARLINK-5197 - STARLINK-1302,0.000,86400.000,0.0000%,0,
Contact STARLINK-5197 - STARLINK-4675,0.000,86400.000,0.0000%,0,
Contact STARLINK-5197 - STARLINK-6135,0.000,86400.000,0.0000%,0,
Contact STARLINK-5197 - STARLINK-32262,0.000,86400.000,0.0000%,0,
Contact STARLINK-5197 - STARLINK-1788,0.000,86400.000,0.0000%,0,
Contact STARLINK-5197 - STARLINK-1080,0.000,86400.000,0.0000%,0,
Contact STARLINK-5197 - STARLINK-4356,0.000,86400.000,0.0000%,0,
Contact STARLINK-5197 - STARLINK-31554,0.000,86400.000,0.0000%,0,
Contact STARLINK-5197 - STARLINK-4383,0.000,86400.000,0.0000%,0,
Contact STARLINK-5197 - STARLINK-30052,27320.354,59079.646,31.6208%,7,
Contact STARLINK-5197 - STARLINK-5713,0.000,86400.000,0.0000%,0,
Contact STARLINK-5197 - STARLINK-1303,0.000,86400.000,0.0000%,0,
Contact STARLINK-5197 - STARLINK-11265 [DTC],0.000,86400.000,0.0000%,0,
Contact STARLINK-5197 - STARLINK-4612,85557.237,842.763,99.0246%,3,
Contact STARLINK-5197 - STARLINK-5831,0.000,86400.000,0.0000%,0,
Contact STARLINK-5197 - STARLINK-31034,0.000,86400.000,0.0000%,0,
Contact STARLINK-5197 - STARLINK-3815,3594.378,82805.622,4.1602%,5,
Contact STARLINK-5197 - STARLINK-31611,28037.810,58362.190,32.4512%,1,
Contact STARLINK-5197 - MoonARTEMIS1,73417.281,12982.719,84.9737%,8,
Contact STARLINK-5197 - MoonARTEMIS2,73241.295,13158.705,84.7700%,8,
Contact STARLINK-5197 - MoonIOAGEO,66463.617,19936.383,76.9255%,8,
Contact STARLINK-5197 - MoonIOAGNO,74608.502,11791.498,86.3524%,8,
Contact STARLINK-5197 - MoonIOAGNO 0001,74604.372,11795.628,86.3477%,8,
Contact STARLINK-5197 - MoonIOAGSO,74403.432,11996.568,86.1151%,8,
Contact STARLINK-5197 - MoonIOAGSO 0001,73104.653,13295.347,84.6119%,8,
Contact STARLINK-5197 - MoonLRO,74471.864,11928.136,86.1943%,8,
Contact STARLINK-5197 - MarsSat1,71509.783,14890.217,82.7660%,7,
Contact STARLINK-5197 - MarsSat2,74142.761,12257.239,85.8134%,8,
Contact STARLINK-5197 - MarsSat3,74143.328,12256.672,85.8140%,8,
Contact STARLINK-5197 - MarsSat4,74143.257,12256.743,85.8140%,8,
Contact STARLINK-30100 - STARLINK-11101 [DTC],18070.787,68329.213,20.9153%,3,
Contact STARLINK-30100 - STARLINK-2685,0.000,86400.000,0.0000%,0,
Contact STARLINK-30100 - STARLINK-4254,7183.178,79216.822,8.3139%,2,
Contact STARLINK-30100 - STARLINK-31853,0.000,86400.000,0.0000%,0,
Contact STARLINK-30100 - STARLINK-4551,0.000,86400.000,0.0000%,0,
Contact STARLINK-30100 - STARLINK-1578,0.000,86400.000,0.0000%,0,
Contact STARLINK-30100 - STARLINK-5535,2570.843,83829.157,2.9755%,4,
Contact STARLINK-30100 - STARLINK-3525,15596.739,70803.261,18.0518%,7,
Contact STARLINK-30100 - STARLINK-5289,0.000,86400.000,0.0000%,0,
Contact STARLINK-30100 - STARLINK-1276,0.000,86400.000,0.0000%,0,
Contact STARLINK-30100 - STARLINK-5837,4411.594,81988.406,5.1060%,6,
Contact STARLINK-30100 - STARLINK-31852,22475.934,63924.066,26.0138%,4,
Contact STARLINK-30100 - STARLINK-1666,0.000,86400.000,0.0000%,0,
Contact STARLINK-30100 - STARLINK-1293,0.000,86400.000,0.0000%,0,
Contact STARLINK-30100 - STARLINK-30879,1397.771,85002.229,1.6178%,2,
Contact STARLINK-30100 - STARLINK-31345,0.000,86400.000,0.0000%,0,
Contact STARLINK-30100 - STARLINK-5058,34151.252,52248.748,39.5269%,7,
Contact STARLINK-30100 - STARLINK-31690,0.000,86400.000,0.0000%,0,
Contact STARLINK-30100 - STARLINK-5239,3.611,86396.389,0.0042%,1,
Contact STARLINK-30100 - STARLINK-1302,0.000,86400.000,0.0000%,0,
Contact STARLINK-30100 - STARLINK-4675,0.000,86400.000,0.0000%,0,
Contact STARLINK-30100 - STARLINK-6135,18010.780,68389.220,20.8458%,6,
Contact STARLINK-30100 - STARLINK-32262,0.000,86400.000,0.0000%,0,
Contact STARLINK-30100 - STARLINK-1788,0.000,86400.000,0.0000%,0,
Contact STARLINK-30100 - STARLINK-1080,0.000,86400.000,0.0000%,0,
Contact STARLINK-30100 - STARLINK-4356,1958.063,84441.937,2.2663%,4,
Contact STARLINK-30100 - STARLINK-31554,0.000,86400.000,0.0000%,0,
Contact STARLINK-30100 - STARLINK-4383,0.000,86400.000,0.0000%,0,
Contact STARLINK-30100 - STARLINK-30052,86400.000,0.000,100.0000%,1,
Contact STARLINK-30100 - STARLINK-5713,0.000,86400.000,0.0000%,0,
Contact STARLINK-30100 - STARLINK-1303,0.000,86400.000,0.0000%,0,
Contact STARLINK-30100 - STARLINK-11265 [DTC],692.391,85707.609,0.8014%,1,
Contact STARLINK-30100 - STARLINK-4612,0.000,86400.000,0.0000%,0,
Contact STARLINK-30100 - STARLINK-5831,0.000,86400.000,0.0000%,0,
Contact STARLINK-30100 - STARLINK-31034,0.000,86400.000,0.0000%,0,
Contact STARLINK-30100 - STARLINK-3815,0.000,86400.000,0.0000%,0,
Contact STARLINK-30100 - STARLINK-31611,526.388,85873.612,0.6092%,1,
Contact STARLINK-30100 - MoonARTEMIS1,68071.402,18328.598,78.7863%,10,
Contact STARLINK-30100 - MoonARTEMIS2,62516.333,23883.667,72.3569%,10,
Contact STARLINK-30100 - MoonIOAGEO,60597.890,25802.110,70.1364%,10,
Contact STARLINK-30100 - MoonIOAGNO,68176.852,18223.148,78.9084%,10,
Contact STARLINK-30100 - MoonIOAGNO 0001,68189.337,18210.663,78.9228%,10,
Contact STARLINK-30100 - MoonIOAGSO,66331.728,20068.272,76.7728%,10,
Contact STARLINK-30100 - MoonIOAGSO 0001,67586.734,18813.266,78.2254%,10,
Contact STARLINK-30100 - MoonLRO,68156.090,18243.910,78.8844%,10,
Contact STARLINK-30100 - MarsSat1,66029.561,20370.439,76.4231%,10,
Contact STARLINK-30100 - MarsSat2,68545.889,17854.111,79.3355%,10,
Contact STARLINK-30100 - MarsSat3,68544.923,17855.077,79.3344%,10,
Contact STARLINK-30100 - MarsSat4,68544.768,17855.232,79.3342%,10,
Contact STARLINK-11101 [DTC] - STARLINK-2685,0.000,86400.000,0.0000%,0,
Contact STARLINK-11101 [DTC] - STARLINK-4254,21901.939,64498.061,25.3495%,1,
Contact STARLINK-11101 [DTC] - STARLINK-31853,0.000,86400.000,0.0000%,0,
Contact STARLINK-11101 [DTC] - STARLINK-4551,306.728,86093.272,0.3550%,1,
Contact STARLINK-11101 [DTC] - STARLINK-1578,0.000,86400.000,0.0000%,0,
Contact STARLINK-11101 [DTC] - STARLINK-5535,2635.835,83764.165,3.0507%,4,
Contact STARLINK-11101 [DTC] - STARLINK-3525,2185.039,84214.961,2.5290%,3,
Contact STARLINK-11101 [DTC] - STARLINK-5289,1836.607,84563.393,2.1257%,2,
Contact STARLINK-11101 [DTC] - STARLINK-1276,10933.862,75466.138,12.6549%,1,
Contact STARLINK-11101 [DTC] - STARLINK-5837,522.848,85877.152,0.6051%,1,
Contact STARLINK-11101 [DTC] - STARLINK-31852,0.000,86400.000,0.0000%,0,
Contact STARLINK-11101 [DTC] - STARLINK-1666,0.000,86400.000,0.0000%,0,
Contact STARLINK-11101 [DTC] - STARLINK-1293,5355.861,81044.139,6.1989%,1,
Contact STARLINK-11101 [DTC] - STARLINK-30879,0.000,86400.000,0.0000%,0,
Contact STARLINK-11101 [DTC] - STARLINK-31345,0.000,86400.000,0.0000%,0,
Contact STARLINK-11101 [DTC] - STARLINK-5058,896.550,85503.450,1.0377%,1,
Contact STARLINK-11101 [DTC] - STARLINK-31690,0.000,86400.000,0.0000%,0,
Contact STARLINK-11101 [DTC] - STARLINK-5239,2209.491,84190.509,2.5573%,3,
Contact STARLINK-11101 [DTC] - STARLINK-1302,26759.019,59640.981,30.9711%,1,
Contact STARLINK-11101 [DTC] - STARLINK-4675,2277.897,84122.103,2.6365%,3,
Contact STARLINK-11101 [DTC] - STARLINK-6135,4526.173,81873.827,5.2386%,2,
Contact STARLINK-11101 [DTC] - STARLINK-32262,0.000,86400.000,0.0000%,0,
Contact STARLINK-11101 [DTC] - STARLINK-1788,429.503,85970.497,0.4971%,1,
Contact STARLINK-11101 [DTC] - STARLINK-1080,0.000,86400.000,0.0000%,0,
Contact STARLINK-11101 [DTC] - STARLINK-4356,3049.993,83350.007,3.5301%,5,
Contact STARLINK-11101 [DTC] - STARLINK-31554,0.000,86400.000,0.0000%,0,
Contact STARLINK-11101 [DTC] - STARLINK-4383,437.559,85962.441,0.5064%,2,
Contact STARLINK-11101 [DTC] - STARLINK-30052,23742.514,62657.486,27.4798%,1,
Contact STARLINK-11101 [DTC] - STARLINK-5713,4775.937,81624.063,5.5277%,3,
Contact STARLINK-11101 [DTC] - STARLINK-1303,13301.737,73098.263,15.3955%,1,
Contact STARLINK-11101 [DTC] - STARLINK-11265 [DTC],848.248,85551.752,0.9818%,3,
Contact STARLINK-11101 [DTC] - STARLINK-4612,0.000,86400.000,0.0000%,0,
Contact STARLINK-11101 [DTC] - STARLINK-5831,7652.297,78747.703,8.8568%,2,
Contact STARLINK-11101 [DTC] - STARLINK-31034,0.000,86400.000,0.0000%,0,
Contact STARLINK-11101 [DTC] - STARLINK-3815,0.000,86400.000,0.0000%,0,
Contact STARLINK-11101 [DTC] - STARLINK-31611,0.000,86400.000,0.0000%,0,
Contact STARLINK-11101 [DTC] - MoonARTEMIS1,63329.713,23070.287,73.2983%,9,
Contact STARLINK-11101 [DTC] - MoonARTEMIS2,52269.247,34130.753,60.4968%,9,
Contact STARLINK-11101 [DTC] - MoonIOAGEO,57787.553,28612.447,66.8837%,9,
Contact STARLINK-11101 [DTC] - MoonIOAGNO,63327.836,23072.164,73.2961%,9,
Contact STARLINK-11101 [DTC] - MoonIOAGNO 0001,63316.712,23083.288,73.2832%,9,
Contact STARLINK-11101 [DTC] - MoonIOAGSO,60516.857,25883.143,70.0427%,9,
Contact STARLINK-11101 [DTC] - MoonIOAGSO 0001,55564.942,30835.058,64.3113%,9,
Contact STARLINK-11101 [DTC] - MoonLRO,57811.042,28588.958,66.9109%,9,
Contact STARLINK-11101 [DTC] - MarsSat1,62044.671,24355.329,71.8110%,8,
Contact STARLINK-11101 [DTC] - MarsSat2,63609.630,22790.370,73.6223%,9,
Contact STARLINK-11101 [DTC] - MarsSat3,63609.872,22790.128,73.6225%,9,
Contact STARLINK-11101 [DTC] - MarsSat4,63609.829,22790.171,73.6225%,9,
Contact STARLINK-2685 - STARLINK-4254,0.000,86400.000,0.0000%,0,
Contact STARLINK-2685 - STARLINK-31853,570.487,85829.513,0.6603%,1,
Contact STARLINK-2685 - STARLINK-4551,0.000,86400.000,0.0000%,0,
Contact STARLINK-2685 - STARLINK-1578,4064.785,82335.215,4.7046%,6,
Contact STARLINK-2685 - STARLINK-5535,0.000,86400.000,0.0000%,0,
Contact STARLINK-2685 - STARLINK-3525,4147.225,82252.775,4.8000%,6,
Contact STARLINK-2685 - STARLINK-5289,5062.084,81337.916,5.8589%,6,
Contact STARLINK-2685 - STARLINK-1276,86400.000,0.000,100.0000%,1,
Contact STARLINK-2685 - STARLINK-5837,36878.422,49521.578,42.6834%,7,
Contact STARLINK-2685 - STARLINK-31852,7567.391,78832.609,8.7586%,6,
Contact STARLINK-2685 - STARLINK-1666,1754.476,84645.524,2.0306%,5,
Contact STARLINK-2685 - STARLINK-1293,0.000,86400.000,0.0000%,0,
Contact STARLINK-2685 - STARLINK-30879,61067.996,25332.004,70.6806%,1,
Contact STARLINK-2685 - STARLINK-31345,0.000,86400.000,0.0000%,0,
Contact STARLINK-2685 - STARLINK-5058,14140.980,72259.020,16.3669%,6,
Contact STARLINK-2685 - STARLINK-31690,2427.871,83972.129,2.8100%,3,
Contact STARLINK-2685 - STARLINK-5239,0.000,86400.000,0.0000%,0,
Contact STARLINK-2685 - STARLINK-1302,0.000,86400.000,0.0000%,0,
Contact STARLINK-2685 - STARLINK-4675,0.000,86400.000,0.0000%,0,
Contact STARLINK-2685 - STARLINK-6135,0.000,86400.000,0.0000%,0,
Contact STARLINK-2685 - STARLINK-32262,0.000,86400.000,0.0000%,0,
Contact STARLINK-2685 - STARLINK-1788,0.000,86400.000,0.0000%,0,
Contact STARLINK-2685 - STARLINK-1080,2139.170,84260.830,2.4759%,4,
Contact STARLINK-2685 - STARLINK-4356,3899.872,82500.128,4.5137%,7,
Contact STARLINK-2685 - STARLINK-31554,15251.579,71148.421,17.6523%,1,
Contact STARLINK-2685 - STARLINK-4383,1018.846,85381.154,1.1792%,3,
Contact STARLINK-2685 - STARLINK-30052,0.000,86400.000,0.0000%,0,
Contact STARLINK-2685 - STARLINK-5713,0.000,86400.000,0.0000%,0,
Contact STARLINK-2685 - STARLINK-1303,0.000,86400.000,0.0000%,0,
Contact STARLINK-2685 - STARLINK-11265 [DTC],0.000,86400.000,0.0000%,0,
Contact STARLINK-2685 - STARLINK-4612,13907.835,72492.165,16.0970%,6,
Contact STARLINK-2685 - STARLINK-5831,0.000,86400.000,0.0000%,0,
Contact STARLINK-2685 - STARLINK-31034,0.000,86400.000,0.0000%,0,
Contact STARLINK-2685 - STARLINK-3815,65489.495,20910.505,75.7980%,2,
Contact STARLINK-2685 - STARLINK-31611,17411.062,68988.938,20.1517%,3,
Contact STARLINK-2685 - MoonARTEMIS1,67463.390,18936.610,78.0826%,10,
Contact STARLINK-2685 - MoonARTEMIS2,66457.876,19942.124,76.9188%,10,
Contact STARLINK-2685 - MoonIOAGEO,59355.348,27044.652,68.6983%,10,
Contact STARLINK-2685 - MoonIOAGNO,67408.955,18991.045,78.0196%,10,
Contact STARLINK-2685 - MoonIOAGNO 0001,67408.482,18991.518,78.0191%,10,
Contact STARLINK-2685 - MoonIOAGSO,67358.098,19041.902,77.9608%,10,
Contact STARLINK-2685 - MoonIOAGSO 0001,66159.827,20240.173,76.5739%,10,
Contact STARLINK-2685 - MoonLRO,67454.753,18945.247,78.0726%,10,
Contact STARLINK-2685 - MarsSat1,65752.954,20647.046,76.1030%,9,
Contact STARLINK-2685 - MarsSat2,67965.825,18434.175,78.6641%,10,
Contact STARLINK-2685 - MarsSat3,67966.240,18433.760,78.6646%,10,
Contact STARLINK-2685 - MarsSat4,67966.300,18433.700,78.6647%,10,
Contact STARLINK-4254 - STARLINK-31853,0.000,86400.000,0.0000%,0,
Contact STARLINK-4254 - STARLINK-4551,0.000,86400.000,0.0000%,0,
Contact STARLINK-4254 - STARLINK-1578,0.000,86400.000,0.0000%,0,
Contact STARLINK-4254 - STARLINK-5535,2322.769,84077.231,2.6884%,4,
Contact STARLINK-4254 - STARLINK-3525,987.852,85412.148,1.1433%,3,
Contact STARLINK-4254 - STARLINK-5289,77039.539,9360.461,89.1661%,6,
Contact STARLINK-4254 - STARLINK-1276,39203.798,47196.202,45.3748%,6,
Contact STARLINK-4254 - STARLINK-5837,4428.060,81971.940,5.1251%,6,
Contact STARLINK-4254 - STARLINK-31852,10580.519,75819.481,12.2460%,5,
Contact STARLINK-4254 - STARLINK-1666,0.000,86400.000,0.0000%,0,
Contact STARLINK-4254 - STARLINK-1293,0.000,86400.000,0.0000%,0,
Contact STARLINK-4254 - STARLINK-30879,5808.210,80591.790,6.7225%,3,
Contact STARLINK-4254 - STARLINK-31345,0.000,86400.000,0.0000%,0,
Contact STARLINK-4254 - STARLINK-5058,10970.728,75429.272,12.6976%,7,
Contact STARLINK-4254 - STARLINK-31690,0.000,86400.000,0.0000%,0,
Contact STARLINK-4254 - STARLINK-5239,0.000,86400.000,0.0000%,0,
Contact STARLINK-4254 - STARLINK-1302,0.000,86400.000,0.0000%,0,
Contact STARLINK-4254 - STARLINK-4675,0.000,86400.000,0.0000%,0,
Contact STARLINK-4254 - STARLINK-6135,27218.226,59181.774,31.5026%,6,
Contact STARLINK-4254 - STARLINK-32262,0.000,86400.000,0.0000%,0,
Contact STARLINK-4254 - STARLINK-1788,0.000,86400.000,0.0000%,0,
Contact STARLINK-4254 - STARLINK-1080,7624.768,78775.232,8.8250%,7,
Contact STARLINK-4254 - STARLINK-4356,3595.089,82804.911,4.1610%,6,
Contact STARLINK-4254 - STARLINK-31554,0.000,86400.000,0.0000%,0,
Contact STARLINK-4254 - STARLINK-4383,0.000,86400.000,0.0000%,0,
Contact STARLINK-4254 - STARLINK-30052,46378.936,40021.064,53.6793%,3,
Contact STARLINK-4254 - STARLINK-5713,0.000,86400.000,0.0000%,0,
Contact STARLINK-4254 - STARLINK-1303,0.000,86400.000,0.0000%,0,
Contact STARLINK-4254 - STARLINK-11265 [DTC],230.537,86169.463,0.2668%,1,
Contact STARLINK-4254 - STARLINK-4612,3515.488,82884.512,4.0689%,6,
Contact STARLINK-4254 - STARLINK-5831,0.000,86400.000,0.0000%,0,
Contact STARLINK-4254 - STARLINK-31034,480.397,85919.603,0.5560%,1,
Contact STARLINK-4254 - STARLINK-3815,0.000,86400.000,0.0000%,0,
Contact STARLINK-4254 - STARLINK-31611,1917.568,84482.432,2.2194%,3,
Contact STARLINK-4254 - MoonARTEMIS1,67001.375,19398.625,77.5479%,10,
Contact STARLINK-4254 - MoonARTEMIS2,61302.384,25097.616,70.9518%,10,
Contact STARLINK-4254 - MoonIOAGEO,55533.450,30866.550,64.2748%,10,
Contact STARLINK-4254 - MoonIOAGNO,67019.178,19380.822,77.5685%,10,
Contact STARLINK-4254 - MoonIOAGNO 0001,67022.328,19377.672,77.5721%,10,
Contact STARLINK-4254 - MoonIOAGSO,66068.242,20331.758,76.4679%,10,
Contact STARLINK-4254 - MoonIOAGSO 0001,64416.250,21983.750,74.5558%,10,
Contact STARLINK-4254 - MoonLRO,67010.667,19389.333,77.5586%,10,
Contact STARLINK-4254 - MarsSat1,63768.694,22631.306,73.8064%,10,
Contact STARLINK-4254 - MarsSat2,67334.006,19065.994,77.9329%,10,
Contact STARLINK-4254 - MarsSat3,67333.806,19066.194,77.9326%,10,
Contact STARLINK-4254 - MarsSat4,67333.779,19066.221,77.9326%,10,
Contact STARLINK-31853 - STARLINK-4551,63497.533,22902.467,73.4925%,1,
Contact STARLINK-31853 - STARLINK-1578,45238.936,41161.064,52.3599%,3,
Contact STARLINK-31853 - STARLINK-5535,4092.551,82307.449,4.7367%,6,
Contact STARLINK-31853 - STARLINK-3525,0.000,86400.000,0.0000%,0,
Contact STARLINK-31853 - STARLINK-5289,973.859,85426.141,1.1272%,1,
Contact STARLINK-31853 - STARLINK-1276,0.000,86400.000,0.0000%,0,
Contact STARLINK-31853 - STARLINK-5837,1235.057,85164.943,1.4295%,3,
Contact STARLINK-31853 - STARLINK-31852,0.000,86400.000,0.0000%,0,
Contact STARLINK-31853 - STARLINK-1666,21811.232,64588.768,25.2445%,1,
Contact STARLINK-31853 - STARLINK-1293,16702.626,69697.374,19.3317%,5,
Contact STARLINK-31853 - STARLINK-30879,0.000,86400.000,0.0000%,0,
Contact STARLINK-31853 - STARLINK-31345,86400.000,0.000,100.0000%,1,
Contact STARLINK-31853 - STARLINK-5058,0.000,86400.000,0.0000%,0,
Contact STARLINK-31853 - STARLINK-31690,86400.000,0.000,100.0000%,1,
Contact STARLINK-31853 - STARLINK-5239,0.000,86400.000,0.0000%,0,
Contact STARLINK-31853 - STARLINK-1302,485.619,85914.381,0.5621%,1,
Contact STARLINK-31853 - STARLINK-4675,7196.047,79203.953,8.3288%,5,
Contact STARLINK-31853 - STARLINK-6135,0.000,86400.000,0.0000%,0,
Contact STARLINK-31853 - STARLINK-32262,0.000,86400.000,0.0000%,0,
Contact STARLINK-31853 - STARLINK-1788,736.528,85663.472,0.8525%,2,
Contact STARLINK-31853 - STARLINK-1080,0.000,86400.000,0.0000%,0,
Contact STARLINK-31853 - STARLINK-4356,2360.749,84039.251,2.7323%,3,
Contact STARLINK-31853 - STARLINK-31554,24670.579,61729.421,28.5539%,7,
Contact STARLINK-31853 - STARLINK-4383,10139.148,76260.852,11.7351%,4,
Contact STARLINK-31853 - STARLINK-30052,0.000,86400.000,0.0000%,0,
Contact STARLINK-31853 - STARLINK-5713,47017.618,39382.382,54.4185%,1,
Contact STARLINK-31853 - STARLINK-1303,7748.407,78651.593,8.9681%,5,
Contact STARLINK-31853 - STARLINK-11265 [DTC],6925.070,79474.930,8.0151%,5,
Contact STARLINK-31853 - STARLINK-4612,0.000,86400.000,0.0000%,0,
Contact STARLINK-31853 - STARLINK-5831,12246.372,74153.628,14.1740%,4,
Contact STARLINK-31853 - STARLINK-31034,648.223,85751.777,0.7503%,1,
Contact STARLINK-31853 - STARLINK-3815,579.685,85820.315,0.6709%,1,
Contact STARLINK-31853 - STARLINK-31611,0.000,86400.000,0.0000%,0,
Contact STARLINK-31853 - MoonARTEMIS1,73358.952,13041.048,84.9062%,8,
Contact STARLINK-31853 - MoonARTEMIS2,74454.137,11945.863,86.1738%,7,
Contact STARLINK-31853 - MoonIOAGEO,67333.503,19066.497,77.9323%,7,
Contact STARLINK-31853 - MoonIOAGNO,75266.903,11133.097,87.1145%,7,
Contact STARLINK-31853 - MoonIOAGNO 0001,75283.800,11116.200,87.1340%,7,
Contact STARLINK-31853 - MoonIOAGSO,72800.818,13599.182,84.2602%,8,
Contact STARLINK-31853 - MoonIOAGSO 0001,73726.306,12673.694,85.3314%,7,
Contact STARLINK-31853 - MoonLRO,75211.015,11188.985,87.0498%,7,
Contact STARLINK-31853 - MarsSat1,73267.055,13132.945,84.7998%,8,
Contact STARLINK-31853 - MarsSat2,73774.892,12625.108,85.3876%,8,
Contact STARLINK-31853 - MarsSat3,73772.740,12627.260,85.3851%,8,
Contact STARLINK-31853 - MarsSat4,73772.376,12627.624,85.3847%,8,
Contact STARLINK-4551 - STARLINK-1578,86400.000,0.000,100.0000%,1,
Contact STARLINK-4551 - STARLINK-5535,3430.388,82969.612,3.9704%,5,
Contact STARLINK-4551 - STARLINK-3525,0.000,86400.000,0.0000%,0,
Contact STARLINK-4551 - STARLINK-5289,0.000,86400.000,0.0000%,0,
Contact STARLINK-4551 - STARLINK-1276,0.000,86400.000,0.0000%,0,
Contact STARLINK-4551 - STARLINK-5837,3896.909,82503.091,4.5103%,7,
Contact STARLINK-4551 - STARLINK-31852,0.000,86400.000,0.0000%,0,
Contact STARLINK-4551 - STARLINK-1666,0.000,86400.000,0.0000%,0,
Contact STARLINK-4551 - STARLINK-1293,43829.610,42570.390,50.7287%,7,
Contact STARLINK-4551 - STARLINK-30879,707.097,85692.903,0.8184%,2,
Contact STARLINK-4551 - STARLINK-31345,73093.045,13306.955,84.5984%,3,
Contact STARLINK-4551 - STARLINK-5058,0.000,86400.000,0.0000%,0,
Contact STARLINK-4551 - STARLINK-31690,61178.022,25221.978,70.8079%,1,
Contact STARLINK-4551 - STARLINK-5239,0.000,86400.000,0.0000%,0,
Contact STARLINK-4551 - STARLINK-1302,0.000,86400.000,0.0000%,0,
Contact STARLINK-4551 - STARLINK-4675,7811.352,78588.648,9.0409%,6,
Contact STARLINK-4551 - STARLINK-6135,0.000,86400.000,0.0000%,0,
Contact STARLINK-4551 - STARLINK-32262,0.000,86400.000,0.0000%,0,
Contact STARLINK-4551 - STARLINK-1788,342.546,86057.454,0.3965%,1,
Contact STARLINK-4551 - STARLINK-1080,0.000,86400.000,0.0000%,0,
Contact STARLINK-4551 - STARLINK-4356,3957.825,82442.175,4.5808%,7,
Contact STARLINK-4551 - STARLINK-31554,14338.396,72061.604,16.5954%,6,
Contact STARLINK-4551 - STARLINK-4383,12991.059,73408.941,15.0359%,7,
Contact STARLINK-4551 - STARLINK-30052,0.000,86400.000,0.0000%,0,
Contact STARLINK-4551 - STARLINK-5713,80835.883,5564.117,93.5600%,7,
Contact STARLINK-4551 - STARLINK-1303,25281.015,61118.985,29.2604%,7,
Contact STARLINK-4551 - STARLINK-11265 [DTC],5101.823,81298.177,5.9049%,3,
Contact STARLINK-4551 - STARLINK-4612,0.000,86400.000,0.0000%,0,
Contact STARLINK-4551 - STARLINK-5831,11698.137,74701.863,13.5395%,6,
Contact STARLINK-4551 - STARLINK-31034,11949.526,74450.474,13.8305%,4,
Contact STARLINK-4551 - STARLINK-3815,7188.631,79211.369,8.3202%,5,
Contact STARLINK-4551 - STARLINK-31611,1459.510,84940.490,1.6892%,2,
Contact STARLINK-4551 - MoonARTEMIS1,70784.522,15615.478,81.9265%,9,
Contact STARLINK-4551 - MoonARTEMIS2,70382.194,16017.806,81.4609%,9,
Contact STARLINK-4551 - MoonIOAGEO,63146.089,23253.911,73.0858%,9,
Contact STARLINK-4551 - MoonIOAGNO,72845.847,13554.153,84.3123%,8,
Contact STARLINK-4551 - MoonIOAGNO 0001,70934.774,15465.226,82.1004%,9,
Contact STARLINK-4551 - MoonIOAGSO,69405.105,16994.895,80.3300%,9,
Contact STARLINK-4551 - MoonIOAGSO 0001,68988.610,17411.390,79.8479%,9,
Contact STARLINK-4551 - MoonLRO,70925.358,15474.642,82.0895%,9,
Contact STARLINK-4551 - MarsSat1,68058.145,18341.855,78.7710%,8,
Contact STARLINK-4551 - MarsSat2,71497.185,14902.815,82.7514%,9,
Contact STARLINK-4551 - MarsSat3,71496.043,14903.957,82.7500%,9,
Contact STARLINK-4551 - MarsSat4,71495.873,14904.127,82.7499%,9,
Contact STARLINK-1578 - STARLINK-5535,0.000,86400.000,0.0000%,0,
Contact STARLINK-1578 - STARLINK-3525,0.000,86400.000,0.0000%,0,
Contact STARLINK-1578 - STARLINK-5289,0.000,86400.000,0.0000%,0,
Contact STARLINK-1578 - STARLINK-1276,0.000,86400.000,0.0000%,0,
Contact STARLINK-1578 - STARLINK-5837,4317.066,82082.934,4.9966%,7,
Contact STARLINK-1578 - STARLINK-31852,0.000,86400.000,0.0000%,0,
Contact STARLINK-1578 - STARLINK-1666,7953.396,78446.604,9.2053%,6,
Contact STARLINK-1578 - STARLINK-1293,86400.000,0.000,100.0000%,1,
Contact STARLINK-1578 - STARLINK-30879,5602.818,80797.182,6.4847%,3,
Contact STARLINK-1578 - STARLINK-31345,23411.502,62988.498,27.0966%,6,
Contact STARLINK-1578 - STARLINK-5058,0.000,86400.000,0.0000%,0,
Contact STARLINK-1578 - STARLINK-31690,63598.819,22801.181,73.6097%,1,
Contact STARLINK-1578 - STARLINK-5239,0.000,86400.000,0.0000%,0,
Contact STARLINK-1578 - STARLINK-1302,0.000,86400.000,0.0000%,0,
Contact STARLINK-1578 - STARLINK-4675,0.000,86400.000,0.0000%,0,
Contact STARLINK-1578 - STARLINK-6135,0.000,86400.000,0.0000%,0,
Contact STARLINK-1578 - STARLINK-32262,0.000,86400.000,0.0000%,0,
Contact STARLINK-1578 - STARLINK-1788,8254.120,78145.880,9.5534%,6,
Contact STARLINK-1578 - STARLINK-1080,1742.693,84657.307,2.0170%,4,
Contact STARLINK-1578 - STARLINK-4356,3869.387,82530.613,4.4785%,7,
Contact STARLINK-1578 - STARLINK-31554,39119.529,47280.471,45.2772%,3,
Contact STARLINK-1578 - STARLINK-4383,8659.643,77740.357,10.0227%,7,
Contact STARLINK-1578 - STARLINK-30052,0.000,86400.000,0.0000%,0,
Contact STARLINK-1578 - STARLINK-5713,2824.900,83575.100,3.2696%,4,
Contact STARLINK-1578 - STARLINK-1303,58934.810,27465.190,68.2116%,7,
Contact STARLINK-1578 - STARLINK-11265 [DTC],2173.096,84226.904,2.5152%,3,
Contact STARLINK-1578 - STARLINK-4612,4064.507,82335.493,4.7043%,6,
Contact STARLINK-1578 - STARLINK-5831,4894.420,81505.580,5.6648%,6,
Contact STARLINK-1578 - STARLINK-31034,8283.810,78116.190,9.5877%,7,
Contact STARLINK-1578 - STARLINK-3815,43341.386,43058.614,50.1636%,6,
Contact STARLINK-1578 - STARLINK-31611,6977.029,79422.971,8.0753%,5,
Contact STARLINK-1578 - MoonARTEMIS1,66977.466,19422.534,77.5202%,10,
Contact STARLINK-1578 - MoonARTEMIS2,60802.048,25597.952,70.3727%,10,
Contact STARLINK-1578 - MoonIOAGEO,59537.134,26862.866,68.9087%,10,
Contact STARLINK-1578 - MoonIOAGNO,66990.493,19409.507,77.5353%,10,
Contact STARLINK-1578 - MoonIOAGNO 0001,66997.703,19402.297,77.5436%,10,
Contact STARLINK-1578 - MoonIOAGSO,59773.738,26626.262,69.1826%,10,
Contact STARLINK-1578 - MoonIOAGSO 0001,59623.249,26776.751,69.0084%,10,
Contact STARLINK-1578 - MoonLRO,67013.794,19386.206,77.5623%,10,
Contact STARLINK-1578 - MarsSat1,64127.389,22272.611,74.2215%,9,
Contact STARLINK-1578 - MarsSat2,67315.793,19084.207,77.9118%,10,
Contact STARLINK-1578 - MarsSat3,67315.617,19084.383,77.9116%,10,
Contact STARLINK-1578 - MarsSat4,67315.563,19084.437,77.9115%,10,
Contact STARLINK-5535 - STARLINK-3525,0.000,86400.000,0.0000%,0,
Contact STARLINK-5535 - STARLINK-5289,4415.159,81984.841,5.1101%,6,
Contact STARLINK-5535 - STARLINK-1276,0.000,86400.000,0.0000%,0,
Contact STARLINK-5535 - STARLINK-5837,0.000,86400.000,0.0000%,0,
Contact STARLINK-5535 - STARLINK-31852,0.000,86400.000,0.0000%,0,
Contact STARLINK-5535 - STARLINK-1666,4606.156,81793.844,5.3312%,6,
Contact STARLINK-5535 - STARLINK-1293,0.000,86400.000,0.0000%,0,
Contact STARLINK-5535 - STARLINK-30879,0.000,86400.000,0.0000%,0,
Contact STARLINK-5535 - STARLINK-31345,4449.956,81950.044,5.1504%,6,
Contact STARLINK-5535 - STARLINK-5058,0.000,86400.000,0.0000%,0,
Contact STARLINK-5535 - STARLINK-31690,1387.111,85012.889,1.6055%,3,
Contact STARLINK-5535 - STARLINK-5239,0.000,86400.000,0.0000%,0,
Contact STARLINK-5535 - STARLINK-1302,30761.950,55638.050,35.6041%,7,
Contact STARLINK-5535 - STARLINK-4675,76036.634,10363.366,88.0054%,7,
Contact STARLINK-5535 - STARLINK-6135,0.000,86400.000,0.0000%,0,
Contact STARLINK-5535 - STARLINK-32262,0.000,86400.000,0.0000%,0,
Contact STARLINK-5535 - STARLINK-1788,0.000,86400.000,0.0000%,0,
Contact STARLINK-5535 - STARLINK-1080,0.000,86400.000,0.0000%,0,
Contact STARLINK-5535 - STARLINK-4356,0.000,86400.000,0.0000%,0,
Contact STARLINK-5535 - STARLINK-31554,0.000,86400.000,0.0000%,0,
Contact STARLINK-5535 - STARLINK-4383,401.287,85998.713,0.4645%,3,
Contact STARLINK-5535 - STARLINK-30052,3610.355,82789.645,4.1787%,6,
Contact STARLINK-5535 - STARLINK-5713,10820.126,75579.874,12.5233%,6,
Contact STARLINK-5535 - STARLINK-1303,0.000,86400.000,0.0000%,0,
Contact STARLINK-5535 - STARLINK-11265 [DTC],2176.308,84223.692,2.5189%,2,
Contact STARLINK-5535 - STARLINK-4612,0.000,86400.000,0.0000%,0,
Contact STARLINK-5535 - STARLINK-5831,0.000,86400.000,0.0000%,0,
Contact STARLINK-5535 - STARLINK-31034,3859.748,82540.252,4.4673%,5,
Contact STARLINK-5535 - STARLINK-3815,0.000,86400.000,0.0000%,0,
Contact STARLINK-5535 - STARLINK-31611,355.400,86044.600,0.4113%,1,
Contact STARLINK-5535 - MoonARTEMIS1,68467.435,17932.565,79.2447%,9,
Contact STARLINK-5535 - MoonARTEMIS2,63036.449,23363.551,72.9589%,9,
Contact STARLINK-5535 - MoonIOAGEO,60975.634,25424.366,70.5737%,9,
Contact STARLINK-5535 - MoonIOAGNO,68543.352,17856.648,79.3326%,9,
Contact STARLINK-5535 - MoonIOAGNO 0001,68556.055,17843.945,79.3473%,9,
Contact STARLINK-5535 - MoonIOAGSO,66818.684,19581.316,77.3364%,9,
Contact STARLINK-5535 - MoonIOAGSO 0001,66568.195,19831.805,77.0465%,9,
Contact STARLINK-5535 - MoonLRO,68588.536,17811.464,79.3849%,9,
Contact STARLINK-5535 - MarsSat1,68775.554,17624.446,79.6013%,9,
Contact STARLINK-5535 - MarsSat2,69271.219,17128.781,80.1750%,9,
Contact STARLINK-5535 - MarsSat3,69270.293,17129.707,80.1739%,9,
Contact STARLINK-5535 - MarsSat4,69270.270,17129.730,80.1739%,9,
Contact STARLINK-3525 - STARLINK-5289,0.000,86400.000,0.0000%,0,
Contact STARLINK-3525 - STARLINK-1276,8274.397,78125.603,9.5768%,7,
Contact STARLINK-3525 - STARLINK-5837,3429.465,82970.535,3.9693%,4,
Contact STARLINK-3525 - STARLINK-31852,33381.293,53018.707,38.6358%,1,
Contact STARLINK-3525 - STARLINK-1666,0.000,86400.000,0.0000%,0,
Contact STARLINK-3525 - STARLINK-1293,0.000,86400.000,0.0000%,0,
Contact STARLINK-3525 - STARLINK-30879,6210.875,80189.125,7.1885%,4,
Contact STARLINK-3525 - STARLINK-31345,0.000,86400.000,0.0000%,0,
Contact STARLINK-3525 - STARLINK-5058,86400.000,0.000,100.0000%,1,
Contact STARLINK-3525 - STARLINK-31690,0.000,86400.000,0.0000%,0,
Contact STARLINK-3525 - STARLINK-5239,86400.000,0.000,100.0000%,1,
Contact STARLINK-3525 - STARLINK-1302,0.000,86400.000,0.0000%,0,
Contact STARLINK-3525 - STARLINK-4675,0.000,86400.000,0.0000%,0,
Contact STARLINK-3525 - STARLINK-6135,30605.396,55794.604,35.4229%,7,
Contact STARLINK-3525 - STARLINK-32262,0.000,86400.000,0.0000%,0,
Contact STARLINK-3525 - STARLINK-1788,0.000,86400.000,0.0000%,0,
Contact STARLINK-3525 - STARLINK-1080,0.000,86400.000,0.0000%,0,
Contact STARLINK-3525 - STARLINK-4356,453.963,85946.037,0.5254%,1,
Contact STARLINK-3525 - STARLINK-31554,0.000,86400.000,0.0000%,0,
Contact STARLINK-3525 - STARLINK-4383,0.000,86400.000,0.0000%,0,
Contact STARLINK-3525 - STARLINK-30052,9158.753,77241.247,10.6004%,7,
Contact STARLINK-3525 - STARLINK-5713,0.000,86400.000,0.0000%,0,
Contact STARLINK-3525 - STARLINK-1303,0.000,86400.000,0.0000%,0,
Contact STARLINK-3525 - STARLINK-11265 [DTC],4421.015,81978.985,5.1169%,1,
Contact STARLINK-3525 - STARLINK-4612,0.000,86400.000,0.0000%,0,
Contact STARLINK-3525 - STARLINK-5831,0.000,86400.000,0.0000%,0,
Contact STARLINK-3525 - STARLINK-31034,0.000,86400.000,0.0000%,0,
Contact STARLINK-3525 - STARLINK-3815,10.858,86389.142,0.0126%,1,
Contact STARLINK-3525 - STARLINK-31611,0.000,86400.000,0.0000%,0,
Contact STARLINK-3525 - MoonARTEMIS1,77928.849,8471.151,90.1954%,7,
Contact STARLINK-3525 - MoonARTEMIS2,73958.593,12441.407,85.6002%,8,
Contact STARLINK-3525 - MoonIOAGEO,67158.921,19241.079,77.7302%,8,
Contact STARLINK-3525 - MoonIOAGNO,77781.411,8618.589,90.0248%,7,
Contact STARLINK-3525 - MoonIOAGNO 0001,77904.437,8495.563,90.1672%,7,
Contact STARLINK-3525 - MoonIOAGSO,76635.686,9764.314,88.6987%,7,
Contact STARLINK-3525 - MoonIOAGSO 0001,77537.468,8862.532,89.7424%,7,
Contact STARLINK-3525 - MoonLRO,77646.950,8753.050,89.8692%,7,
Contact STARLINK-3525 - MarsSat1,75876.688,10523.312,87.8202%,7,
Contact STARLINK-3525 - MarsSat2,77208.889,9191.111,89.3621%,7,
Contact STARLINK-3525 - MarsSat3,77209.998,9190.002,89.3634%,7,
Contact STARLINK-3525 - MarsSat4,77209.883,9190.117,89.3633%,7,
Contact STARLINK-5289 - STARLINK-1276,23063.783,63336.217,26.6942%,6,
Contact STARLINK-5289 - STARLINK-5837,4417.234,81982.766,5.1125%,6,
Contact STARLINK-5289 - STARLINK-31852,15215.210,71184.790,17.6102%,3,
Contact STARLINK-5289 - STARLINK-1666,52135.988,34264.012,60.3426%,7,
Contact STARLINK-5289 - STARLINK-1293,0.000,86400.000,0.0000%,0,
Contact STARLINK-5289 - STARLINK-30879,4086.048,82313.952,4.7292%,6,
Contact STARLINK-5289 - STARLINK-31345,0.000,86400.000,0.0000%,0,
Contact STARLINK-5289 - STARLINK-5058,0.000,86400.000,0.0000%,0,
Contact STARLINK-5289 - STARLINK-31690,4541.230,81858.770,5.2561%,1,
Contact STARLINK-5289 - STARLINK-5239,0.000,86400.000,0.0000%,0,
Contact STARLINK-5289 - STARLINK-1302,0.000,86400.000,0.0000%,0,
Contact STARLINK-5289 - STARLINK-4675,130.439,86269.561,0.1510%,1,
Contact STARLINK-5289 - STARLINK-6135,685.381,85714.619,0.7933%,1,
Contact STARLINK-5289 - STARLINK-32262,0.000,86400.000,0.0000%,0,
Contact STARLINK-5289 - STARLINK-1788,5463.280,80936.720,6.3232%,7,
Contact STARLINK-5289 - STARLINK-1080,18029.407,68370.593,20.8674%,7,
Contact STARLINK-5289 - STARLINK-4356,0.000,86400.000,0.0000%,0,
Contact STARLINK-5289 - STARLINK-31554,678.383,85721.617,0.7852%,1,
Contact STARLINK-5289 - STARLINK-4383,0.000,86400.000,0.0000%,0,
Contact STARLINK-5289 - STARLINK-30052,0.000,86400.000,0.0000%,0,
Contact STARLINK-5289 - STARLINK-5713,0.000,86400.000,0.0000%,0,
Contact STARLINK-5289 - STARLINK-1303,0.000,86400.000,0.0000%,0,
Contact STARLINK-5289 - STARLINK-11265 [DTC],4634.944,81765.056,5.3645%,3,
Contact STARLINK-5289 - STARLINK-4612,5414.118,80985.882,6.2663%,7,
Contact STARLINK-5289 - STARLINK-5831,0.000,86400.000,0.0000%,0,
Contact STARLINK-5289 - STARLINK-31034,12939.949,73460.051,14.9768%,4,
Contact STARLINK-5289 - STARLINK-3815,2297.616,84102.384,2.6593%,3,
Contact STARLINK-5289 - STARLINK-31611,4435.990,81964.010,5.1342%,6,
Contact STARLINK-5289 - MoonARTEMIS1,69758.541,16641.459,80.7391%,10,
Contact STARLINK-5289 - MoonARTEMIS2,64539.012,21860.988,74.6979%,10,
Contact STARLINK-5289 - MoonIOAGEO,58472.096,27927.904,67.6760%,10,
Contact STARLINK-5289 - MoonIOAGNO,69936.821,16463.179,80.9454%,10,
Contact STARLINK-5289 - MoonIOAGNO 0001,69942.138,16457.862,80.9515%,10,
Contact STARLINK-5289 - MoonIOAGSO,68913.929,17486.071,79.7615%,10,
Contact STARLINK-5289 - MoonIOAGSO 0001,67368.021,19031.979,77.9722%,10,
Contact STARLINK-5289 - MoonLRO,69993.873,16406.127,81.0114%,10,
Contact STARLINK-5289 - MarsSat1,67754.758,18645.242,78.4199%,10,
Contact STARLINK-5289 - MarsSat2,70805.845,15594.155,81.9512%,10,
Contact STARLINK-5289 - MarsSat3,70804.025,15595.975,81.9491%,10,
Contact STARLINK-5289 - MarsSat4,70803.916,15596.084,81.9490%,10,
Contact STARLINK-1276 - STARLINK-5837,22028.388,64371.612,25.4958%,7,
Contact STARLINK-1276 - STARLINK-31852,7544.660,78855.340,8.7322%,6,
Contact STARLINK-1276 - STARLINK-1666,0.000,86400.000,0.0000%,0,
Contact STARLINK-1276 - STARLINK-1293,0.000,86400.000,0.0000%,0,
Contact STARLINK-1276 - STARLINK-30879,43536.134,42863.866,50.3890%,1,
Contact STARLINK-1276 - STARLINK-31345,0.000,86400.000,0.0000%,0,
Contact STARLINK-1276 - STARLINK-5058,12094.125,74305.875,13.9978%,7,
Contact STARLINK-1276 - STARLINK-31690,779.551,85620.449,0.9023%,1,
Contact STARLINK-1276 - STARLINK-5239,0.000,86400.000,0.0000%,0,
Contact STARLINK-1276 - STARLINK-1302,0.000,86400.000,0.0000%,0,
Contact STARLINK-1276 - STARLINK-4675,0.000,86400.000,0.0000%,0,
Contact STARLINK-1276 - STARLINK-6135,86400.000,0.000,100.0000%,1,
Contact STARLINK-1276 - STARLINK-32262,0.000,86400.000,0.0000%,0,
Contact STARLINK-1276 - STARLINK-1788,0.000,86400.000,0.0000%,0,
Contact STARLINK-1276 - STARLINK-1080,0.000,86400.000,0.0000%,0,
Contact STARLINK-1276 - STARLINK-4356,13810.708,72589.292,15.9846%,7,
Contact STARLINK-1276 - STARLINK-31554,0.000,86400.000,0.0000%,0,
Contact STARLINK-1276 - STARLINK-4383,3620.899,82779.101,4.1909%,6,
Contact STARLINK-1276 - STARLINK-30052,0.000,86400.000,0.0000%,0,
Contact STARLINK-1276 - STARLINK-5713,0.000,86400.000,0.0000%,0,
Contact STARLINK-1276 - STARLINK-1303,0.000,86400.000,0.0000%,0,
Contact STARLINK-1276 - STARLINK-11265 [DTC],687.732,85712.268,0.7960%,1,
Contact STARLINK-1276 - STARLINK-4612,0.000,86400.000,0.0000%,0,
Contact STARLINK-1276 - STARLINK-5831,0.000,86400.000,0.0000%,0,
Contact STARLINK-1276 - STARLINK-31034,0.000,86400.000,0.0000%,0,
Contact STARLINK-1276 - STARLINK-3815,28944.839,57455.161,33.5010%,1,
Contact STARLINK-1276 - STARLINK-31611,895.473,85504.527,1.0364%,2,
Contact STARLINK-1276 - MoonARTEMIS1,69644.024,16755.976,80.6065%,9,
Contact STARLINK-1276 - MoonARTEMIS2,66067.289,20332.711,76.4668%,10,
Contact STARLINK-1276 - MoonIOAGEO,59050.784,27349.216,68.3458%,10,
Contact STARLINK-1276 - MoonIOAGNO,67476.904,18923.096,78.0983%,10,
Contact STARLINK-1276 - MoonIOAGNO 0001,67472.301,18927.699,78.0929%,10,
Contact STARLINK-1276 - MoonIOAGSO,66986.379,19413.621,77.5305%,10,
Contact STARLINK-1276 - MoonIOAGSO 0001,65815.032,20584.968,76.1748%,10,
Contact STARLINK-1276 - MoonLRO,67517.373,18882.627,78.1451%,10,
Contact STARLINK-1276 - MarsSat1,68252.362,18147.638,78.9958%,8,
Contact STARLINK-1276 - MarsSat2,70039.988,16360.012,81.0648%,9,
Contact STARLINK-1276 - MarsSat3,70040.513,16359.487,81.0654%,9,
Contact STARLINK-1276 - MarsSat4,70040.658,16359.342,81.0656%,9,
Contact STARLINK-5837 - STARLINK-31852,1884.116,84515.884,2.1807%,3,
Contact STARLINK-5837 - STARLINK-1666,0.000,86400.000,0.0000%,0,
Contact STARLINK-5837 - STARLINK-1293,1538.290,84861.710,1.7804%,4,
Contact STARLINK-5837 - STARLINK-30879,24487.246,61912.754,28.3417%,4,
Contact STARLINK-5837 - STARLINK-31345,1535.061,84864.939,1.7767%,3,
Contact STARLINK-5837 - STARLINK-5058,4579.915,81820.085,5.3008%,6,
Contact STARLINK-5837 - STARLINK-31690,1592.490,84807.510,1.8432%,3,
Contact STARLINK-5837 - STARLINK-5239,4898.154,81501.846,5.6692%,6,
Contact STARLINK-5837 - STARLINK-1302,0.000,86400.000,0.0000%,0,
Contact STARLINK-5837 - STARLINK-4675,0.000,86400.000,0.0000%,0,
Contact STARLINK-5837 - STARLINK-6135,43687.580,42712.420,50.5643%,6,
Contact STARLINK-5837 - STARLINK-32262,0.000,86400.000,0.0000%,0,
Contact STARLINK-5837 - STARLINK-1788,0.000,86400.000,0.0000%,0,
Contact STARLINK-5837 - STARLINK-1080,0.000,86400.000,0.0000%,0,
Contact STARLINK-5837 - STARLINK-4356,79241.360,7158.640,91.7145%,7,
Contact STARLINK-5837 - STARLINK-31554,4220.628,82179.372,4.8850%,2,
Contact STARLINK-5837 - STARLINK-4383,22327.246,64072.754,25.8417%,7,
Contact STARLINK-5837 - STARLINK-30052,4558.299,81841.701,5.2758%,6,
Contact STARLINK-5837 - STARLINK-5713,0.000,86400.000,0.0000%,0,
Contact STARLINK-5837 - STARLINK-1303,0.000,86400.000,0.0000%,0,
Contact STARLINK-5837 - STARLINK-11265 [DTC],2041.732,84358.268,2.3631%,2,
Contact STARLINK-5837 - STARLINK-4612,0.000,86400.000,0.0000%,0,
Contact STARLINK-5837 - STARLINK-5831,0.000,86400.000,0.0000%,0,
Contact STARLINK-5837 - STARLINK-31034,0.000,86400.000,0.0000%,0,
Contact STARLINK-5837 - STARLINK-3815,12697.425,73702.575,14.6961%,4,
Contact STARLINK-5837 - STARLINK-31611,0.000,86400.000,0.0000%,0,
Contact STARLINK-5837 - MoonARTEMIS1,68518.574,17881.426,79.3039%,10,
Contact STARLINK-5837 - MoonARTEMIS2,63064.423,23335.577,72.9912%,10,
Contact STARLINK-5837 - MoonIOAGEO,57133.767,29266.233,66.1270%,10,
Contact STARLINK-5837 - MoonIOAGNO,68591.232,17808.768,79.3880%,10,
Contact STARLINK-5837 - MoonIOAGNO 0001,68593.255,17806.745,79.3903%,10,
Contact STARLINK-5837 - MoonIOAGSO,66496.729,19903.271,76.9638%,10,
Contact STARLINK-5837 - MoonIOAGSO 0001,66177.516,20222.484,76.5943%,10,
Contact STARLINK-5837 - MoonLRO,68663.859,17736.141,79.4721%,10,
Contact STARLINK-5837 - MarsSat1,66388.577,20011.423,76.8386%,10,
Contact STARLINK-5837 - MarsSat2,69310.322,17089.678,80.2203%,10,
Contact STARLINK-5837 - MarsSat3,69309.518,17090.482,80.2193%,10,
Contact STARLINK-5837 - MarsSat4,69309.598,17090.402,80.2194%,10,
Contact STARLINK-31852 - STARLINK-1666,6615.753,79784.247,7.6571%,1,
Contact STARLINK-31852 - STARLINK-1293,283.276,86116.724,0.3279%,1,
Contact STARLINK-31852 - STARLINK-30879,18521.981,67878.019,21.4375%,8,
Contact STARLINK-31852 - STARLINK-31345,0.000,86400.000,0.0000%,0,
Contact STARLINK-31852 - STARLINK-5058,47639.270,38760.730,55.1380%,1,
Contact STARLINK-31852 - STARLINK-31690,0.000,86400.000,0.0000%,0,
Contact STARLINK-31852 - STARLINK-5239,16852.973,69547.027,19.5058%,1,
Contact STARLINK-31852 - STARLINK-1302,0.000,86400.000,0.0000%,0,
Contact STARLINK-31852 - STARLINK-4675,0.000,86400.000,0.0000%,0,
Contact STARLINK-31852 - STARLINK-6135,8716.055,77683.945,10.0880%,4,
Contact STARLINK-31852 - STARLINK-32262,0.000,86400.000,0.0000%,0,
Contact STARLINK-31852 - STARLINK-1788,21419.811,64980.189,24.7914%,4,
Contact STARLINK-31852 - STARLINK-1080,42775.186,43624.814,49.5083%,2,
Contact STARLINK-31852 - STARLINK-4356,0.000,86400.000,0.0000%,0,
Contact STARLINK-31852 - STARLINK-31554,0.000,86400.000,0.0000%,0,
Contact STARLINK-31852 - STARLINK-4383,0.000,86400.000,0.0000%,0,
Contact STARLINK-31852 - STARLINK-30052,25606.045,60793.955,29.6366%,5,
Contact STARLINK-31852 - STARLINK-5713,0.000,86400.000,0.0000%,0,
Contact STARLINK-31852 - STARLINK-1303,0.000,86400.000,0.0000%,0,
Contact STARLINK-31852 - STARLINK-11265 [DTC],0.000,86400.000,0.0000%,0,
Contact STARLINK-31852 - STARLINK-4612,26083.475,60316.525,30.1892%,5,
Contact STARLINK-31852 - STARLINK-5831,696.490,85703.510,0.8061%,1,
Contact STARLINK-31852 - STARLINK-31034,0.000,86400.000,0.0000%,0,
Contact STARLINK-31852 - STARLINK-3815,1103.016,85296.984,1.2766%,2,
Contact STARLINK-31852 - STARLINK-31611,0.000,86400.000,0.0000%,0,
Contact STARLINK-31852 - MoonARTEMIS1,79707.415,6692.585,92.2540%,6,
Contact STARLINK-31852 - MoonARTEMIS2,77446.586,8953.414,89.6373%,7,
Contact STARLINK-31852 - MoonIOAGEO,71629.881,14770.119,82.9050%,8,
Contact STARLINK-31852 - MoonIOAGNO,81766.053,4633.947,94.6366%,5,
Contact STARLINK-31852 - MoonIOAGNO 0001,81917.587,4482.413,94.8120%,5,
Contact STARLINK-31852 - MoonIOAGSO,79476.313,6923.687,91.9865%,6,
Contact STARLINK-31852 - MoonIOAGSO 0001,80730.268,5669.732,93.4378%,6,
Contact STARLINK-31852 - MoonLRO,81478.710,4921.290,94.3041%,5,
Contact STARLINK-31852 - MarsSat1,77021.054,9378.946,89.1447%,5,
Contact STARLINK-31852 - MarsSat2,80542.297,5857.703,93.2203%,6,
Contact STARLINK-31852 - MarsSat3,80541.743,5858.257,93.2196%,6,
Contact STARLINK-31852 - MarsSat4,80541.270,5858.730,93.2191%,6,
Contact STARLINK-1666 - STARLINK-1293,11057.534,75342.466,12.7981%,7,
Contact STARLINK-1666 - STARLINK-30879,1305.284,85094.716,1.5107%,2,
Contact STARLINK-1666 - STARLINK-31345,17374.929,69025.071,20.1099%,1,
Contact STARLINK-1666 - STARLINK-5058,0.000,86400.000,0.0000%,0,
Contact STARLINK-1666 - STARLINK-31690,15380.261,71019.739,17.8012%,3,
Contact STARLINK-1666 - STARLINK-5239,0.000,86400.000,0.0000%,0,
Contact STARLINK-1666 - STARLINK-1302,0.000,86400.000,0.0000%,0,
Contact STARLINK-1666 - STARLINK-4675,2499.476,83900.524,2.8929%,4,
Contact STARLINK-1666 - STARLINK-6135,0.000,86400.000,0.0000%,0,
Contact STARLINK-1666 - STARLINK-32262,0.000,86400.000,0.0000%,0,
Contact STARLINK-1666 - STARLINK-1788,3873.817,82526.183,4.4836%,6,
Contact STARLINK-1666 - STARLINK-1080,229.990,86170.010,0.2662%,1,
Contact STARLINK-1666 - STARLINK-4356,0.000,86400.000,0.0000%,0,
Contact STARLINK-1666 - STARLINK-31554,3922.332,82477.668,4.5397%,5,
Contact STARLINK-1666 - STARLINK-4383,416.804,85983.196,0.4824%,1,
Contact STARLINK-1666 - STARLINK-30052,0.000,86400.000,0.0000%,0,
Contact STARLINK-1666 - STARLINK-5713,0.000,86400.000,0.0000%,0,
Contact STARLINK-1666 - STARLINK-1303,4725.434,81674.566,5.4693%,7,
Contact STARLINK-1666 - STARLINK-11265 [DTC],13901.117,72498.883,16.0893%,2,
Contact STARLINK-1666 - STARLINK-4612,0.000,86400.000,0.0000%,0,
Contact STARLINK-1666 - STARLINK-5831,24401.666,61998.334,28.2427%,7,
Contact STARLINK-1666 - STARLINK-31034,79394.244,7005.756,91.8915%,1,
Contact STARLINK-1666 - STARLINK-3815,7396.987,79003.013,8.5613%,6,
Contact STARLINK-1666 - STARLINK-31611,12993.120,73406.880,15.0383%,4,
Contact STARLINK-1666 - MoonARTEMIS1,86400.000,0.000,100.0000%,1,
Contact STARLINK-1666 - MoonARTEMIS2,83725.066,2674.934,96.9040%,2,
Contact STARLINK-1666 - MoonIOAGEO,78927.561,7472.439,91.3513%,3,
Contact STARLINK-1666 - MoonIOAGNO,86400.000,0.000,100.0000%,1,
Contact STARLINK-1666 - MoonIOAGNO 0001,86400.000,0.000,100.0000%,1,
Contact STARLINK-1666 - MoonIOAGSO,86400.000,0.000,100.0000%,1,
Contact STARLINK-1666 - MoonIOAGSO 0001,86400.000,0.000,100.0000%,1,
Contact STARLINK-1666 - MoonLRO,86400.000,0.000,100.0000%,1,
Contact STARLINK-1666 - MarsSat1,85064.040,1335.960,98.4538%,1,
Contact STARLINK-1666 - MarsSat2,86400.000,0.000,100.0000%,1,
Contact STARLINK-1666 - MarsSat3,86400.000,0.000,100.0000%,1,
Contact STARLINK-1666 - MarsSat4,86400.000,0.000,100.0000%,1,
Contact STARLINK-1293 - STARLINK-30879,20940.789,65459.211,24.2370%,3,
Contact STARLINK-1293 - STARLINK-31345,10168.146,76231.854,11.7687%,5,
Contact STARLINK-1293 - STARLINK-5058,0.000,86400.000,0.0000%,0,
Contact STARLINK-1293 - STARLINK-31690,44752.283,41647.717,51.7966%,5,
Contact STARLINK-1293 - STARLINK-5239,0.000,86400.000,0.0000%,0,
Contact STARLINK-1293 - STARLINK-1302,0.000,86400.000,0.0000%,0,
Contact STARLINK-1293 - STARLINK-4675,0.000,86400.000,0.0000%,0,
Contact STARLINK-1293 - STARLINK-6135,0.000,86400.000,0.0000%,0,
Contact STARLINK-1293 - STARLINK-32262,0.000,86400.000,0.0000%,0,
Contact STARLINK-1293 - STARLINK-1788,12298.800,74101.200,14.2347%,6,
Contact STARLINK-1293 - STARLINK-1080,7629.989,78770.011,8.8310%,6,
Contact STARLINK-1293 - STARLINK-4356,608.271,85791.729,0.7040%,2,
Contact STARLINK-1293 - STARLINK-31554,55856.222,30543.778,64.6484%,1,
Contact STARLINK-1293 - STARLINK-4383,4981.440,81418.560,5.7656%,7,
Contact STARLINK-1293 - STARLINK-30052,0.000,86400.000,0.0000%,0,
Contact STARLINK-1293 - STARLINK-5713,3487.009,82912.991,4.0359%,7,
Contact STARLINK-1293 - STARLINK-1303,86400.000,0.000,100.0000%,1,
Contact STARLINK-1293 - STARLINK-11265 [DTC],1875.346,84524.654,2.1705%,3,
Contact STARLINK-1293 - STARLINK-4612,11301.480,75098.520,13.0804%,6,
Contact STARLINK-1293 - STARLINK-5831,4166.403,82233.597,4.8222%,6,
Contact STARLINK-1293 - STARLINK-31034,8283.369,78116.631,9.5872%,7,
Contact STARLINK-1293 - STARLINK-3815,58437.572,27962.428,67.6361%,1,
Contact STARLINK-1293 - STARLINK-31611,7509.217,78890.783,8.6912%,5,
Contact STARLINK-1293 - MoonARTEMIS1,67180.022,19219.978,77.7547%,10,
Contact STARLINK-1293 - MoonARTEMIS2,66479.900,19920.100,76.9443%,10,
Contact STARLINK-1293 - MoonIOAGEO,59596.146,26803.854,68.9770%,10,
Contact STARLINK-1293 - MoonIOAGNO,67128.177,19271.823,77.6946%,10,
Contact STARLINK-1293 - MoonIOAGNO 0001,67133.289,19266.711,77.7006%,10,
Contact STARLINK-1293 - MoonIOAGSO,65756.293,20643.707,76.1068%,10,
Contact STARLINK-1293 - MoonIOAGSO 0001,65382.131,21017.869,75.6738%,10,
Contact STARLINK-1293 - MoonLRO,67157.042,19242.958,77.7281%,10,
Contact STARLINK-1293 - MarsSat1,64193.508,22206.492,74.2980%,9,
Contact STARLINK-1293 - MarsSat2,67493.181,18906.819,78.1171%,10,
Contact STARLINK-1293 - MarsSat3,67493.583,18906.417,78.1176%,10,
Contact STARLINK-1293 - MarsSat4,67493.614,18906.386,78.1176%,10,
Contact STARLINK-30879 - STARLINK-31345,0.000,86400.000,0.0000%,0,
Contact STARLINK-30879 - STARLINK-5058,21878.690,64521.310,25.3226%,5,
Contact STARLINK-30879 - STARLINK-31690,0.000,86400.000,0.0000%,0,
Contact STARLINK-30879 - STARLINK-5239,104.049,86295.951,0.1204%,1,
Contact STARLINK-30879 - STARLINK-1302,0.000,86400.000,0.0000%,0,
Contact STARLINK-30879 - STARLINK-4675,0.000,86400.000,0.0000%,0,
Contact STARLINK-30879 - STARLINK-6135,29820.518,56579.482,34.5145%,1,
Contact STARLINK-30879 - STARLINK-32262,0.000,86400.000,0.0000%,0,
Contact STARLINK-30879 - STARLINK-1788,27937.854,58462.146,32.3355%,1,
Contact STARLINK-30879 - STARLINK-1080,11698.104,74701.896,13.5395%,4,
Contact STARLINK-30879 - STARLINK-4356,1922.414,84477.586,2.2250%,2,
Contact STARLINK-30879 - STARLINK-31554,0.000,86400.000,0.0000%,0,
Contact STARLINK-30879 - STARLINK-4383,115.939,86284.061,0.1342%,1,
Contact STARLINK-30879 - STARLINK-30052,1742.363,84657.637,2.0166%,2,
Contact STARLINK-30879 - STARLINK-5713,0.000,86400.000,0.0000%,0,
Contact STARLINK-30879 - STARLINK-1303,10688.582,75711.418,12.3710%,2,
Contact STARLINK-30879 - STARLINK-11265 [DTC],0.000,86400.000,0.0000%,0,
Contact STARLINK-30879 - STARLINK-4612,40330.698,46069.302,46.6790%,2,
Contact STARLINK-30879 - STARLINK-5831,328.659,86071.341,0.3804%,1,
Contact STARLINK-30879 - STARLINK-31034,0.000,86400.000,0.0000%,0,
Contact STARLINK-30879 - STARLINK-3815,65376.706,21023.294,75.6675%,5,
Contact STARLINK-30879 - STARLINK-31611,0.000,86400.000,0.0000%,0,
Contact STARLINK-30879 - MoonARTEMIS1,59966.493,26433.507,69.4057%,10,
Contact STARLINK-30879 - MoonARTEMIS2,61140.121,25259.879,70.7640%,10,
Contact STARLINK-30879 - MoonIOAGEO,57692.842,28707.158,66.7741%,9,
Contact STARLINK-30879 - MoonIOAGNO,61137.051,25262.949,70.7605%,10,
Contact STARLINK-30879 - MoonIOAGNO 0001,61141.602,25258.398,70.7657%,10,
Contact STARLINK-30879 - MoonIOAGSO,60814.250,25585.750,70.3869%,10,
Contact STARLINK-30879 - MoonIOAGSO 0001,60106.966,26293.034,69.5682%,10,
Contact STARLINK-30879 - MoonLRO,61153.279,25246.721,70.7793%,10,
Contact STARLINK-30879 - MarsSat1,58490.759,27909.241,67.6976%,9,
Contact STARLINK-30879 - MarsSat2,61512.060,24887.940,71.1945%,10,
Contact STARLINK-30879 - MarsSat3,61512.236,24887.764,71.1947%,10,
Contact STARLINK-30879 - MarsSat4,61512.235,24887.765,71.1947%,10,
Contact STARLINK-31345 - STARLINK-5058,0.000,86400.000,0.0000%,0,
Contact STARLINK-31345 - STARLINK-31690,56409.215,29990.785,65.2884%,7,
Contact STARLINK-31345 - STARLINK-5239,0.000,86400.000,0.0000%,0,
Contact STARLINK-31345 - STARLINK-1302,442.838,85957.162,0.5125%,1,
Contact STARLINK-31345 - STARLINK-4675,11250.546,75149.454,13.0215%,6,
Contact STARLINK-31345 - STARLINK-6135,0.000,86400.000,0.0000%,0,
Contact STARLINK-31345 - STARLINK-32262,0.000,86400.000,0.0000%,0,
Contact STARLINK-31345 - STARLINK-1788,0.000,86400.000,0.0000%,0,
Contact STARLINK-31345 - STARLINK-1080,0.000,86400.000,0.0000%,0,
Contact STARLINK-31345 - STARLINK-4356,5643.283,80756.717,6.5316%,3,
Contact STARLINK-31345 - STARLINK-31554,8665.761,77734.239,10.0298%,7,
Contact STARLINK-31345 - STARLINK-4383,52122.302,34277.698,60.3267%,5,
Contact STARLINK-31345 - STARLINK-30052,0.000,86400.000,0.0000%,0,
Contact STARLINK-31345 - STARLINK-5713,71233.767,15166.233,82.4465%,1,
Contact STARLINK-31345 - STARLINK-1303,8457.705,77942.295,9.7890%,7,
Contact STARLINK-31345 - STARLINK-11265 [DTC],8997.874,77402.126,10.4142%,3,
Contact STARLINK-31345 - STARLINK-4612,0.000,86400.000,0.0000%,0,
Contact STARLINK-31345 - STARLINK-5831,2708.207,83691.793,3.1345%,4,
Contact STARLINK-31345 - STARLINK-31034,0.000,86400.000,0.0000%,0,
Contact STARLINK-31345 - STARLINK-3815,0.000,86400.000,0.0000%,0,
Contact STARLINK-31345 - STARLINK-31611,0.000,86400.000,0.0000%,0,
Contact STARLINK-31345 - MoonARTEMIS1,86400.000,0.000,100.0000%,1,
Contact STARLINK-31345 - MoonARTEMIS2,83765.351,2634.649,96.9506%,2,
Contact STARLINK-31345 - MoonIOAGEO,78652.985,7747.015,91.0335%,3,
Contact STARLINK-31345 - MoonIOAGNO,86400.000,0.000,100.0000%,1,
Contact STARLINK-31345 - MoonIOAGNO 0001,86400.000,0.000,100.0000%,1,
Contact STARLINK-31345 - MoonIOAGSO,86400.000,0.000,100.0000%,1,
Contact STARLINK-31345 - MoonIOAGSO 0001,86400.000,0.000,100.0000%,1,
Contact STARLINK-31345 - MoonLRO,86400.000,0.000,100.0000%,1,
Contact STARLINK-31345 - MarsSat1,85065.379,1334.621,98.4553%,1,
Contact STARLINK-31345 - MarsSat2,86400.000,0.000,100.0000%,1,
Contact STARLINK-31345 - MarsSat3,86400.000,0.000,100.0000%,1,
Contact STARLINK-31345 - MarsSat4,86400.000,0.000,100.0000%,1,
Contact STARLINK-5058 - STARLINK-31690,0.000,86400.000,0.0000%,0,
Contact STARLINK-5058 - STARLINK-5239,26459.894,59940.106,30.6249%,5,
Contact STARLINK-5058 - STARLINK-1302,0.000,86400.000,0.0000%,0,
Contact STARLINK-5058 - STARLINK-4675,0.000,86400.000,0.0000%,0,
Contact STARLINK-5058 - STARLINK-6135,33644.364,52755.636,38.9402%,7,
Contact STARLINK-5058 - STARLINK-32262,0.000,86400.000,0.0000%,0,
Contact STARLINK-5058 - STARLINK-1788,0.000,86400.000,0.0000%,0,
Contact STARLINK-5058 - STARLINK-1080,0.000,86400.000,0.0000%,0,
Contact STARLINK-5058 - STARLINK-4356,0.000,86400.000,0.0000%,0,
Contact STARLINK-5058 - STARLINK-31554,0.000,86400.000,0.0000%,0,
Contact STARLINK-5058 - STARLINK-4383,0.000,86400.000,0.0000%,0,
Contact STARLINK-5058 - STARLINK-30052,34206.196,52193.804,39.5905%,7,
Contact STARLINK-5058 - STARLINK-5713,0.000,86400.000,0.0000%,0,
Contact STARLINK-5058 - STARLINK-1303,0.000,86400.000,0.0000%,0,
Contact STARLINK-5058 - STARLINK-11265 [DTC],2541.337,83858.663,2.9414%,1,
Contact STARLINK-5058 - STARLINK-4612,0.000,86400.000,0.0000%,0,
Contact STARLINK-5058 - STARLINK-5831,0.000,86400.000,0.0000%,0,
Contact STARLINK-5058 - STARLINK-31034,0.000,86400.000,0.0000%,0,
Contact STARLINK-5058 - STARLINK-3815,1236.535,85163.465,1.4312%,2,
Contact STARLINK-5058 - STARLINK-31611,13676.778,72723.222,15.8296%,1,
Contact STARLINK-5058 - MoonARTEMIS1,76321.277,10078.723,88.3348%,7,
Contact STARLINK-5058 - MoonARTEMIS2,72781.509,13618.491,84.2379%,8,
Contact STARLINK-5058 - MoonIOAGEO,65789.502,20610.498,76.1453%,8,
Contact STARLINK-5058 - MoonIOAGNO,76292.849,10107.151,88.3019%,7,
Contact STARLINK-5058 - MoonIOAGNO 0001,76351.277,10048.723,88.3695%,7,
Contact STARLINK-5058 - MoonIOAGSO,75411.812,10988.188,87.2822%,7,
Contact STARLINK-5058 - MoonIOAGSO 0001,76094.027,10305.973,88.0718%,7,
Contact STARLINK-5058 - MoonLRO,76191.862,10208.138,88.1850%,7,
Contact STARLINK-5058 - MarsSat1,74696.315,11703.685,86.4541%,7,
Contact STARLINK-5058 - MarsSat2,76029.459,10370.541,87.9971%,7,
Contact STARLINK-5058 - MarsSat3,76029.803,10370.197,87.9975%,7,
Contact STARLINK-5058 - MarsSat4,76029.636,10370.364,87.9973%,7,
Contact STARLINK-31690 - STARLINK-5239,0.000,86400.000,0.0000%,0,
Contact STARLINK-31690 - STARLINK-1302,0.000,86400.000,0.0000%,0,
Contact STARLINK-31690 - STARLINK-4675,2550.574,83849.426,2.9521%,4,
Contact STARLINK-31690 - STARLINK-6135,0.000,86400.000,0.0000%,0,
Contact STARLINK-31690 - STARLINK-32262,0.000,86400.000,0.0000%,0,
Contact STARLINK-31690 - STARLINK-1788,1887.165,84512.835,2.1842%,3,
Contact STARLINK-31690 - STARLINK-1080,641.109,85758.891,0.7420%,1,
Contact STARLINK-31690 - STARLINK-4356,1889.805,84510.195,2.1873%,4,
Contact STARLINK-31690 - STARLINK-31554,64470.962,21929.038,74.6192%,7,
Contact STARLINK-31690 - STARLINK-4383,6949.926,79450.074,8.0439%,5,
Contact STARLINK-31690 - STARLINK-30052,0.000,86400.000,0.0000%,0,
Contact STARLINK-31690 - STARLINK-5713,31276.794,55123.206,36.2000%,4,
Contact STARLINK-31690 - STARLINK-1303,32471.781,53928.219,37.5831%,5,
Contact STARLINK-31690 - STARLINK-11265 [DTC],2956.421,83443.579,3.4218%,4,
Contact STARLINK-31690 - STARLINK-4612,1403.902,84996.098,1.6249%,3,
Contact STARLINK-31690 - STARLINK-5831,4534.038,81865.962,5.2477%,5,
Contact STARLINK-31690 - STARLINK-31034,3756.164,82643.836,4.3474%,4,
Contact STARLINK-31690 - STARLINK-3815,9766.998,76633.002,11.3044%,4,
Contact STARLINK-31690 - STARLINK-31611,427.532,85972.468,0.4948%,2,
Contact STARLINK-31690 - MoonARTEMIS1,68948.248,17451.752,79.8012%,9,
Contact STARLINK-31690 - MoonARTEMIS2,62849.261,23550.739,72.7422%,9,
Contact STARLINK-31690 - MoonIOAGEO,61578.299,24821.701,71.2712%,9,
Contact STARLINK-31690 - MoonIOAGNO,69014.828,17385.172,79.8783%,9,
Contact STARLINK-31690 - MoonIOAGNO 0001,69014.151,17385.849,79.8775%,9,
Contact STARLINK-31690 - MoonIOAGSO,62739.731,23660.269,72.6154%,9,
Contact STARLINK-31690 - MoonIOAGSO 0001,68944.099,17455.901,79.7964%,9,
Contact STARLINK-31690 - MoonLRO,68991.146,17408.854,79.8509%,9,
Contact STARLINK-31690 - MarsSat1,68574.872,17825.128,79.3691%,9,
Contact STARLINK-31690 - MarsSat2,69183.014,17216.986,80.0729%,9,
Contact STARLINK-31690 - MarsSat3,69182.296,17217.704,80.0721%,9,
Contact STARLINK-31690 - MarsSat4,69182.293,17217.707,80.0721%,9,
Contact STARLINK-5239 - STARLINK-1302,5128.681,81271.319,5.9360%,7,
Contact STARLINK-5239 - STARLINK-4675,0.000,86400.000,0.0000%,0,
Contact STARLINK-5239 - STARLINK-6135,8084.418,78315.582,9.3570%,7,
Contact STARLINK-5239 - STARLINK-32262,0.000,86400.000,0.0000%,0,
Contact STARLINK-5239 - STARLINK-1788,0.000,86400.000,0.0000%,0,
Contact STARLINK-5239 - STARLINK-1080,0.000,86400.000,0.0000%,0,
Contact STARLINK-5239 - STARLINK-4356,1479.186,84920.814,1.7120%,2,
Contact STARLINK-5239 - STARLINK-31554,0.000,86400.000,0.0000%,0,
Contact STARLINK-5239 - STARLINK-4383,0.000,86400.000,0.0000%,0,
Contact STARLINK-5239 - STARLINK-30052,0.000,86400.000,0.0000%,0,
Contact STARLINK-5239 - STARLINK-5713,0.000,86400.000,0.0000%,0,
Contact STARLINK-5239 - STARLINK-1303,0.000,86400.000,0.0000%,0,
Contact STARLINK-5239 - STARLINK-11265 [DTC],9624.946,76775.054,11.1400%,1,
Contact STARLINK-5239 - STARLINK-4612,0.000,86400.000,0.0000%,0,
Contact STARLINK-5239 - STARLINK-5831,0.000,86400.000,0.0000%,0,
Contact STARLINK-5239 - STARLINK-31034,0.000,86400.000,0.0000%,0,
Contact STARLINK-5239 - STARLINK-3815,0.000,86400.000,0.0000%,0,
Contact STARLINK-5239 - STARLINK-31611,0.000,86400.000,0.0000%,0,
Contact STARLINK-5239 - MoonARTEMIS1,86400.000,0.000,100.0000%,1,
Contact STARLINK-5239 - MoonARTEMIS2,83948.514,2451.486,97.1626%,2,
Contact STARLINK-5239 - MoonIOAGEO,78872.272,7527.728,91.2874%,3,
Contact STARLINK-5239 - MoonIOAGNO,86400.000,0.000,100.0000%,1,
Contact STARLINK-5239 - MoonIOAGNO 0001,86400.000,0.000,100.0000%,1,
Contact STARLINK-5239 - MoonIOAGSO,86400.000,0.000,100.0000%,1,
Contact STARLINK-5239 - MoonIOAGSO 0001,86400.000,0.000,100.0000%,1,
Contact STARLINK-5239 - MoonLRO,86400.000,0.000,100.0000%,1,
Contact STARLINK-5239 - MarsSat1,85066.419,1333.581,98.4565%,1,
Contact STARLINK-5239 - MarsSat2,86400.000,0.000,100.0000%,1,
Contact STARLINK-5239 - MarsSat3,86400.000,0.000,100.0000%,1,
Contact STARLINK-5239 - MarsSat4,86400.000,0.000,100.0000%,1,
Contact STARLINK-1302 - STARLINK-4675,24655.523,61744.477,28.5365%,7,
Contact STARLINK-1302 - STARLINK-6135,0.000,86400.000,0.0000%,0,
Contact STARLINK-1302 - STARLINK-32262,0.000,86400.000,0.0000%,0,
Contact STARLINK-1302 - STARLINK-1788,0.000,86400.000,0.0000%,0,
Contact STARLINK-1302 - STARLINK-1080,0.000,86400.000,0.0000%,0,
Contact STARLINK-1302 - STARLINK-4356,0.000,86400.000,0.0000%,0,
Contact STARLINK-1302 - STARLINK-31554,0.000,86400.000,0.0000%,0,
Contact STARLINK-1302 - STARLINK-4383,4172.470,82227.530,4.8292%,6,
Contact STARLINK-1302 - STARLINK-30052,0.000,86400.000,0.0000%,0,
Contact STARLINK-1302 - STARLINK-5713,3160.182,83239.818,3.6576%,6,
Contact STARLINK-1302 - STARLINK-1303,0.000,86400.000,0.0000%,0,
Contact STARLINK-1302 - STARLINK-11265 [DTC],5177.915,81222.085,5.9930%,3,
Contact STARLINK-1302 - STARLINK-4612,0.000,86400.000,0.0000%,0,
Contact STARLINK-1302 - STARLINK-5831,0.000,86400.000,0.0000%,0,
Contact STARLINK-1302 - STARLINK-31034,0.000,86400.000,0.0000%,0,
Contact STARLINK-1302 - STARLINK-3815,0.000,86400.000,0.0000%,0,
Contact STARLINK-1302 - STARLINK-31611,0.000,86400.000,0.0000%,0,
Contact STARLINK-1302 - MoonARTEMIS1,66922.684,19477.316,77.4568%,9,
Contact STARLINK-1302 - MoonARTEMIS2,63707.296,22692.704,73.7353%,8,
Contact STARLINK-1302 - MoonIOAGEO,61867.052,24532.948,71.6054%,8,
Contact STARLINK-1302 - MoonIOAGNO,67368.431,19031.569,77.9727%,9,
Contact STARLINK-1302 - MoonIOAGNO 0001,67366.497,19033.503,77.9705%,9,
Contact STARLINK-1302 - MoonIOAGSO,65145.812,21254.188,75.4002%,9,
Contact STARLINK-1302 - MoonIOAGSO 0001,65145.327,21254.673,75.3997%,9,
Contact STARLINK-1302 - MoonLRO,67403.161,18996.839,78.0129%,9,
Contact STARLINK-1302 - MarsSat1,67663.164,18736.836,78.3138%,9,
Contact STARLINK-1302 - MarsSat2,67662.933,18737.067,78.3136%,9,
Contact STARLINK-1302 - MarsSat3,67663.159,18736.841,78.3138%,9,
Contact STARLINK-1302 - MarsSat4,67663.099,18736.901,78.3138%,9,
Contact STARLINK-4675 - STARLINK-6135,0.000,86400.000,0.0000%,0,
Contact STARLINK-4675 - STARLINK-32262,0.000,86400.000,0.0000%,0,
Contact STARLINK-4675 - STARLINK-1788,0.000,86400.000,0.0000%,0,
Contact STARLINK-4675 - STARLINK-1080,0.000,86400.000,0.0000%,0,
Contact STARLINK-4675 - STARLINK-4356,0.000,86400.000,0.0000%,0,
Contact STARLINK-4675 - STARLINK-31554,7346.628,79053.372,8.5030%,2,
Contact STARLINK-4675 - STARLINK-4383,2882.195,83517.805,3.3359%,4,
Contact STARLINK-4675 - STARLINK-30052,0.000,86400.000,0.0000%,0,
Contact STARLINK-4675 - STARLINK-5713,18268.050,68131.950,21.1436%,6,
Contact STARLINK-4675 - STARLINK-1303,0.000,86400.000,0.0000%,0,
Contact STARLINK-4675 - STARLINK-11265 [DTC],21783.174,64616.826,25.2120%,2,
Contact STARLINK-4675 - STARLINK-4612,0.000,86400.000,0.0000%,0,
Contact STARLINK-4675 - STARLINK-5831,24461.549,61938.451,28.3120%,1,
Contact STARLINK-4675 - STARLINK-31034,13413.966,72986.034,15.5254%,5,
Contact STARLINK-4675 - STARLINK-3815,0.000,86400.000,0.0000%,0,
Contact STARLINK-4675 - STARLINK-31611,2119.860,84280.140,2.4535%,1,
Contact STARLINK-4675 - MoonARTEMIS1,66525.087,19874.913,76.9966%,9,
Contact STARLINK-4675 - MoonARTEMIS2,60771.288,25628.712,70.3371%,9,
Contact STARLINK-4675 - MoonIOAGEO,59043.829,27356.171,68.3378%,9,
Contact STARLINK-4675 - MoonIOAGNO,66517.272,19882.728,76.9876%,9,
Contact STARLINK-4675 - MoonIOAGNO 0001,66527.375,19872.625,76.9993%,9,
Contact STARLINK-4675 - MoonIOAGSO,65025.937,21374.063,75.2615%,9,
Contact STARLINK-4675 - MoonIOAGSO 0001,63670.514,22729.486,73.6927%,9,
Contact STARLINK-4675 - MoonLRO,66504.005,19895.995,76.9722%,9,
Contact STARLINK-4675 - MarsSat1,66444.862,19955.138,76.9038%,9,
Contact STARLINK-4675 - MarsSat2,66692.358,19707.642,77.1902%,9,
Contact STARLINK-4675 - MarsSat3,66692.133,19707.867,77.1900%,9,
Contact STARLINK-4675 - MarsSat4,66692.054,19707.946,77.1899%,9,
Contact STARLINK-6135 - STARLINK-32262,0.000,86400.000,0.0000%,0,
Contact STARLINK-6135 - STARLINK-1788,0.000,86400.000,0.0000%,0,
Contact STARLINK-6135 - STARLINK-1080,0.000,86400.000,0.0000%,0,
Contact STARLINK-6135 - STARLINK-4356,6547.057,79852.943,7.5776%,6,
Contact STARLINK-6135 - STARLINK-31554,0.000,86400.000,0.0000%,0,
Contact STARLINK-6135 - STARLINK-4383,1665.790,84734.210,1.9280%,6,
Contact STARLINK-6135 - STARLINK-30052,18456.830,67943.170,21.3621%,6,
Contact STARLINK-6135 - STARLINK-5713,0.000,86400.000,0.0000%,0,
Contact STARLINK-6135 - STARLINK-1303,0.000,86400.000,0.0000%,0,
Contact STARLINK-6135 - STARLINK-11265 [DTC],13308.005,73091.995,15.4028%,2,
Contact STARLINK-6135 - STARLINK-4612,0.000,86400.000,0.0000%,0,
Contact STARLINK-6135 - STARLINK-5831,0.000,86400.000,0.0000%,0,
Contact STARLINK-6135 - STARLINK-31034,0.000,86400.000,0.0000%,0,
Contact STARLINK-6135 - STARLINK-3815,861.293,85538.707,0.9969%,1,
Contact STARLINK-6135 - STARLINK-31611,0.000,86400.000,0.0000%,0,
Contact STARLINK-6135 - MoonARTEMIS1,66982.348,19417.652,77.5259%,10,
Contact STARLINK-6135 - MoonARTEMIS2,61209.364,25190.636,70.8442%,10,
Contact STARLINK-6135 - MoonIOAGEO,55436.409,30963.591,64.1625%,10,
Contact STARLINK-6135 - MoonIOAGNO,66956.663,19443.337,77.4961%,10,
Contact STARLINK-6135 - MoonIOAGNO 0001,66963.887,19436.113,77.5045%,10,
Contact STARLINK-6135 - MoonIOAGSO,64954.010,21445.990,75.1783%,10,
Contact STARLINK-6135 - MoonIOAGSO 0001,66990.266,19409.734,77.5350%,10,
Contact STARLINK-6135 - MoonLRO,66981.594,19418.406,77.5250%,10,
Contact STARLINK-6135 - MarsSat1,64164.612,22235.388,74.2646%,10,
Contact STARLINK-6135 - MarsSat2,67354.790,19045.210,77.9569%,10,
Contact STARLINK-6135 - MarsSat3,67354.977,19045.023,77.9571%,10,
Contact STARLINK-6135 - MarsSat4,67355.074,19044.926,77.9573%,10,
Contact STARLINK-32262 - STARLINK-1788,0.000,86400.000,0.0000%,0,
Contact STARLINK-32262 - STARLINK-1080,0.000,86400.000,0.0000%,0,
Contact STARLINK-32262 - STARLINK-4356,0.000,86400.000,0.0000%,0,
Contact STARLINK-32262 - STARLINK-31554,0.000,86400.000,0.0000%,0,
Contact STARLINK-32262 - STARLINK-4383,0.000,86400.000,0.0000%,0,
Contact STARLINK-32262 - STARLINK-30052,0.000,86400.000,0.0000%,0,
Contact STARLINK-32262 - STARLINK-5713,0.000,86400.000,0.0000%,0,
Contact STARLINK-32262 - STARLINK-1303,0.000,86400.000,0.0000%,0,
Contact STARLINK-32262 - STARLINK-11265 [DTC],0.000,86400.000,0.0000%,0,
Contact STARLINK-32262 - STARLINK-4612,0.000,86400.000,0.0000%,0,
Contact STARLINK-32262 - STARLINK-5831,0.000,86400.000,0.0000%,0,
Contact STARLINK-32262 - STARLINK-31034,0.000,86400.000,0.0000%,0,
Contact STARLINK-32262 - STARLINK-3815,0.000,86400.000,0.0000%,0,
Contact STARLINK-32262 - STARLINK-31611,0.000,86400.000,0.0000%,0,
Contact STARLINK-32262 - MoonARTEMIS1,0.000,86400.000,0.0000%,0,
Contact STARLINK-32262 - MoonARTEMIS2,0.000,86400.000,0.0000%,0,
Contact STARLINK-32262 - MoonIOAGEO,0.000,86400.000,0.0000%,0,
Contact STARLINK-32262 - MoonIOAGNO,0.000,86400.000,0.0000%,0,
Contact STARLINK-32262 - MoonIOAGNO 0001,0.000,86400.000,0.0000%,0,
Contact STARLINK-32262 - MoonIOAGSO,0.000,86400.000,0.0000%,0,
Contact STARLINK-32262 - MoonIOAGSO 0001,0.000,86400.000,0.0000%,0,
Contact STARLINK-32262 - MoonLRO,0.000,86400.000,0.0000%,0,
Contact STARLINK-32262 - MarsSat1,0.000,86400.000,0.0000%,0,
Contact STARLINK-32262 - MarsSat2,0.000,86400.000,0.0000%,0,
Contact STARLINK-32262 - MarsSat3,0.000,86400.000,0.0000%,0,
Contact STARLINK-32262 - MarsSat4,0.000,86400.000,0.0000%,0,
Contact STARLINK-1788 - STARLINK-1080,86400.000,0.000,100.0000%,1,
Contact STARLINK-1788 - STARLINK-4356,0.000,86400.000,0.0000%,0,
Contact STARLINK-1788 - STARLINK-31554,16259.043,70140.957,18.8183%,5,
Contact STARLINK-1788 - STARLINK-4383,0.000,86400.000,0.0000%,0,
Contact STARLINK-1788 - STARLINK-30052,0.000,86400.000,0.0000%,0,
Contact STARLINK-1788 - STARLINK-5713,0.000,86400.000,0.0000%,0,
Contact STARLINK-1788 - STARLINK-1303,15282.002,71117.998,17.6875%,6,
Contact STARLINK-1788 - STARLINK-11265 [DTC],15929.550,70470.450,18.4370%,1,
Contact STARLINK-1788 - STARLINK-4612,86400.000,0.000,100.0000%,1,
Contact STARLINK-1788 - STARLINK-5831,38212.753,48187.247,44.2277%,3,
Contact STARLINK-1788 - STARLINK-31034,5455.154,80944.846,6.3138%,3,
Contact STARLINK-1788 - STARLINK-3815,6922.907,79477.093,8.0126%,4,
Contact STARLINK-1788 - STARLINK-31611,61840.297,24559.703,71.5744%,1,
Contact STARLINK-1788 - MoonARTEMIS1,65575.315,20824.685,75.8974%,10,
Contact STARLINK-1788 - MoonARTEMIS2,66545.889,19854.111,77.0207%,10,
Contact STARLINK-1788 - MoonIOAGEO,59611.836,26788.164,68.9952%,10,
Contact STARLINK-1788 - MoonIOAGNO,67088.536,19311.464,77.6488%,10,
Contact STARLINK-1788 - MoonIOAGNO 0001,67078.904,19321.096,77.6376%,10,
Contact STARLINK-1788 - MoonIOAGSO,65597.160,20802.840,75.9226%,10,
Contact STARLINK-1788 - MoonIOAGSO 0001,65378.331,21021.669,75.6694%,10,
Contact STARLINK-1788 - MoonLRO,67059.655,19340.345,77.6153%,10,
Contact STARLINK-1788 - MarsSat1,64118.838,22281.162,74.2116%,9,
Contact STARLINK-1788 - MarsSat2,67278.486,19121.514,77.8686%,10,
Contact STARLINK-1788 - MarsSat3,67278.582,19121.418,77.8687%,10,
Contact STARLINK-1788 - MarsSat4,67278.616,19121.384,77.8688%,10,
Contact STARLINK-1080 - STARLINK-4356,0.000,86400.000,0.0000%,0,
Contact STARLINK-1080 - STARLINK-31554,3106.224,83293.776,3.5952%,4,
Contact STARLINK-1080 - STARLINK-4383,0.000,86400.000,0.0000%,0,
Contact STARLINK-1080 - STARLINK-30052,0.000,86400.000,0.0000%,0,
Contact STARLINK-1080 - STARLINK-5713,0.000,86400.000,0.0000%,0,
Contact STARLINK-1080 - STARLINK-1303,4185.544,82214.456,4.8444%,6,
Contact STARLINK-1080 - STARLINK-11265 [DTC],15837.982,70562.018,18.3310%,1,
Contact STARLINK-1080 - STARLINK-4612,86400.000,0.000,100.0000%,1,
Contact STARLINK-1080 - STARLINK-5831,5068.786,81331.214,5.8667%,3,
Contact STARLINK-1080 - STARLINK-31034,14633.580,71766.420,16.9370%,2,
Contact STARLINK-1080 - STARLINK-3815,7348.490,79051.510,8.5052%,5,
Contact STARLINK-1080 - STARLINK-31611,61617.709,24782.291,71.3168%,2,
Contact STARLINK-1080 - MoonARTEMIS1,70934.433,15465.567,82.1000%,9,
Contact STARLINK-1080 - MoonARTEMIS2,71152.996,15247.004,82.3530%,9,
Contact STARLINK-1080 - MoonIOAGEO,64611.230,21788.770,74.7815%,9,
Contact STARLINK-1080 - MoonIOAGNO,72311.066,14088.934,83.6934%,9,
Contact STARLINK-1080 - MoonIOAGNO 0001,73890.638,12509.362,85.5216%,8,
Contact STARLINK-1080 - MoonIOAGSO,70633.337,15766.663,81.7515%,9,
Contact STARLINK-1080 - MoonIOAGSO 0001,70238.823,16161.177,81.2949%,9,
Contact STARLINK-1080 - MoonLRO,72182.729,14217.271,83.5448%,9,
Contact STARLINK-1080 - MarsSat1,68288.369,18111.631,79.0375%,8,
Contact STARLINK-1080 - MarsSat2,71792.804,14607.196,83.0935%,9,
Contact STARLINK-1080 - MarsSat3,71793.248,14606.752,83.0940%,9,
Contact STARLINK-1080 - MarsSat4,71793.055,14606.945,83.0938%,9,
Contact STARLINK-4356 - STARLINK-31554,572.915,85827.085,0.6631%,2,
Contact STARLINK-4356 - STARLINK-4383,22562.833,63837.167,26.1144%,7,
Contact STARLINK-4356 - STARLINK-30052,0.000,86400.000,0.0000%,0,
Contact STARLINK-4356 - STARLINK-5713,514.674,85885.326,0.5957%,1,
Contact STARLINK-4356 - STARLINK-1303,0.000,86400.000,0.0000%,0,
Contact STARLINK-4356 - STARLINK-11265 [DTC],17722.259,68677.741,20.5119%,2,
Contact STARLINK-4356 - STARLINK-4612,0.000,86400.000,0.0000%,0,
Contact STARLINK-4356 - STARLINK-5831,0.000,86400.000,0.0000%,0,
Contact STARLINK-4356 - STARLINK-31034,0.000,86400.000,0.0000%,0,
Contact STARLINK-4356 - STARLINK-3815,2520.725,83879.275,2.9175%,4,
Contact STARLINK-4356 - STARLINK-31611,0.000,86400.000,0.0000%,0,
Contact STARLINK-4356 - MoonARTEMIS1,67388.476,19011.524,77.9959%,10,
Contact STARLINK-4356 - MoonARTEMIS2,61524.235,24875.765,71.2086%,10,
Contact STARLINK-4356 - MoonIOAGEO,55847.734,30552.266,64.6386%,10,
Contact STARLINK-4356 - MoonIOAGNO,67337.698,19062.302,77.9372%,10,
Contact STARLINK-4356 - MoonIOAGNO 0001,67335.060,19064.940,77.9341%,10,
Contact STARLINK-4356 - MoonIOAGSO,65276.584,21123.416,75.5516%,10,
Contact STARLINK-4356 - MoonIOAGSO 0001,67337.403,19062.597,77.9368%,10,
Contact STARLINK-4356 - MoonLRO,67345.514,19054.486,77.9462%,10,
Contact STARLINK-4356 - MarsSat1,64488.051,21911.949,74.6389%,10,
Contact STARLINK-4356 - MarsSat2,67531.651,18868.349,78.1616%,10,
Contact STARLINK-4356 - MarsSat3,67531.977,18868.023,78.1620%,10,
Contact STARLINK-4356 - MarsSat4,67532.021,18867.979,78.1621%,10,
Contact STARLINK-31554 - STARLINK-4383,4272.451,82127.549,4.9450%,6,
Contact STARLINK-31554 - STARLINK-30052,0.000,86400.000,0.0000%,0,
Contact STARLINK-31554 - STARLINK-5713,5796.181,80603.819,6.7085%,3,
Contact STARLINK-31554 - STARLINK-1303,58411.798,27988.202,67.6062%,1,
Contact STARLINK-31554 - STARLINK-11265 [DTC],785.466,85614.534,0.9091%,1,
Contact STARLINK-31554 - STARLINK-4612,5808.560,80591.440,6.7229%,3,
Contact STARLINK-31554 - STARLINK-5831,31536.810,54863.190,36.5009%,5,
Contact STARLINK-31554 - STARLINK-31034,6018.468,80381.532,6.9658%,7,
Contact STARLINK-31554 - STARLINK-3815,21293.047,65106.953,24.6447%,1,
Contact STARLINK-31554 - STARLINK-31611,8873.607,77526.393,10.2704%,8,
Contact STARLINK-31554 - MoonARTEMIS1,62570.763,23829.237,72.4199%,9,
Contact STARLINK-31554 - MoonARTEMIS2,67592.257,18807.743,78.2318%,9,
Contact STARLINK-31554 - MoonIOAGEO,60751.555,25648.445,70.3143%,9,
Contact STARLINK-31554 - MoonIOAGNO,62522.412,23877.588,72.3639%,9,
Contact STARLINK-31554 - MoonIOAGNO 0001,62495.424,23904.576,72.3327%,9,
Contact STARLINK-31554 - MoonIOAGSO,62157.022,24242.978,71.9410%,9,
Contact STARLINK-31554 - MoonIOAGSO 0001,61496.137,24903.863,71.1761%,9,
Contact STARLINK-31554 - MoonLRO,62525.814,23874.186,72.3678%,9,
Contact STARLINK-31554 - MarsSat1,67977.985,18422.015,78.6782%,9,
Contact STARLINK-31554 - MarsSat2,68320.876,18079.124,79.0751%,9,
Contact STARLINK-31554 - MarsSat3,68321.030,18078.970,79.0753%,9,
Contact STARLINK-31554 - MarsSat4,68321.088,18078.912,79.0753%,9,
Contact STARLINK-4383 - STARLINK-30052,0.000,86400.000,0.0000%,0,
Contact STARLINK-4383 - STARLINK-5713,76651.944,9748.056,88.7175%,7,
Contact STARLINK-4383 - STARLINK-1303,7755.557,78644.443,8.9763%,7,
Contact STARLINK-4383 - STARLINK-11265 [DTC],1145.033,85254.967,1.3253%,1,
Contact STARLINK-4383 - STARLINK-4612,0.000,86400.000,0.0000%,0,
Contact STARLINK-4383 - STARLINK-5831,1725.717,84674.283,1.9974%,6,
Contact STARLINK-4383 - STARLINK-31034,25095.566,61304.434,29.0458%,3,
Contact STARLINK-4383 - STARLINK-3815,3990.157,82409.843,4.6182%,6,
Contact STARLINK-4383 - STARLINK-31611,0.000,86400.000,0.0000%,0,
Contact STARLINK-4383 - MoonARTEMIS1,75518.439,10881.561,87.4056%,8,
Contact STARLINK-4383 - MoonARTEMIS2,71127.424,15272.576,82.3234%,7,
Contact STARLINK-4383 - MoonIOAGEO,67314.627,19085.373,77.9104%,8,
Contact STARLINK-4383 - MoonIOAGNO,76839.075,9560.925,88.9341%,7,
Contact STARLINK-4383 - MoonIOAGNO 0001,75184.249,11215.751,87.0188%,8,
Contact STARLINK-4383 - MoonIOAGSO,75708.516,10691.484,87.6256%,7,
Contact STARLINK-4383 - MoonIOAGSO 0001,74515.006,11884.994,86.2442%,7,
Contact STARLINK-4383 - MoonLRO,76969.807,9430.193,89.0854%,7,
Contact STARLINK-4383 - MarsSat1,75156.235,11243.765,86.9864%,7,
Contact STARLINK-4383 - MarsSat2,77747.086,8652.914,89.9851%,7,
Contact STARLINK-4383 - MarsSat3,77749.429,8650.571,89.9878%,7,
Contact STARLINK-4383 - MarsSat4,77749.843,8650.157,89.9882%,7,
Contact STARLINK-30052 - STARLINK-5713,0.000,86400.000,0.0000%,0,
Contact STARLINK-30052 - STARLINK-1303,0.000,86400.000,0.0000%,0,
Contact STARLINK-30052 - STARLINK-11265 [DTC],0.000,86400.000,0.0000%,0,
Contact STARLINK-30052 - STARLINK-4612,0.000,86400.000,0.0000%,0,
Contact STARLINK-30052 - STARLINK-5831,0.000,86400.000,0.0000%,0,
Contact STARLINK-30052 - STARLINK-31034,0.000,86400.000,0.0000%,0,
Contact STARLINK-30052 - STARLINK-3815,0.000,86400.000,0.0000%,0,
Contact STARLINK-30052 - STARLINK-31611,725.262,85674.738,0.8394%,1,
Contact STARLINK-30052 - MoonARTEMIS1,68114.037,18285.963,78.8357%,10,
Contact STARLINK-30052 - MoonARTEMIS2,62567.214,23832.786,72.4158%,10,
Contact STARLINK-30052 - MoonIOAGEO,60662.222,25737.778,70.2109%,10,
Contact STARLINK-30052 - MoonIOAGNO,68222.439,18177.561,78.9612%,10,
Contact STARLINK-30052 - MoonIOAGNO 0001,68235.704,18164.296,78.9765%,10,
Contact STARLINK-30052 - MoonIOAGSO,66523.772,19876.228,76.9951%,10,
Contact STARLINK-30052 - MoonIOAGSO 0001,65778.617,20621.383,76.1327%,10,
Contact STARLINK-30052 - MoonLRO,68200.632,18199.368,78.9359%,10,
Contact STARLINK-30052 - MarsSat1,65901.489,20498.511,76.2749%,10,
Contact STARLINK-30052 - MarsSat2,68592.810,17807.190,79.3898%,10,
Contact STARLINK-30052 - MarsSat3,68591.815,17808.185,79.3887%,10,
Contact STARLINK-30052 - MarsSat4,68591.655,17808.345,79.3885%,10,
Contact STARLINK-5713 - STARLINK-1303,7712.545,78687.455,8.9266%,7,
Contact STARLINK-5713 - STARLINK-11265 [DTC],20847.722,65552.278,24.1293%,3,
Contact STARLINK-5713 - STARLINK-4612,0.000,86400.000,0.0000%,0,
Contact STARLINK-5713 - STARLINK-5831,0.000,86400.000,0.0000%,0,
Contact STARLINK-5713 - STARLINK-31034,20599.350,65800.650,23.8418%,1,
Contact STARLINK-5713 - STARLINK-3815,0.000,86400.000,0.0000%,0,
Contact STARLINK-5713 - STARLINK-31611,0.000,86400.000,0.0000%,0,
Contact STARLINK-5713 - MoonARTEMIS1,86088.340,311.660,99.6393%,1,
Contact STARLINK-5713 - MoonARTEMIS2,83440.371,2959.629,96.5745%,2,
Contact STARLINK-5713 - MoonIOAGEO,78370.909,8029.091,90.7071%,3,
Contact STARLINK-5713 - MoonIOAGNO,86233.947,166.053,99.8078%,1,
Contact STARLINK-5713 - MoonIOAGNO 0001,86176.214,223.786,99.7410%,1,
Contact STARLINK-5713 - MoonIOAGSO,85965.726,434.274,99.4974%,1,
Contact STARLINK-5713 - MoonIOAGSO 0001,85939.207,460.793,99.4667%,1,
Contact STARLINK-5713 - MoonLRO,86030.877,369.123,99.5728%,1,
Contact STARLINK-5713 - MarsSat1,85064.576,1335.424,98.4544%,1,
Contact STARLINK-5713 - MarsSat2,86400.000,0.000,100.0000%,1,
Contact STARLINK-5713 - MarsSat3,86400.000,0.000,100.0000%,1,
Contact STARLINK-5713 - MarsSat4,86400.000,0.000,100.0000%,1,
Contact STARLINK-1303 - STARLINK-11265 [DTC],2181.169,84218.831,2.5245%,3,
Contact STARLINK-1303 - STARLINK-4612,4619.381,81780.619,5.3465%,6,
Contact STARLINK-1303 - STARLINK-5831,30351.663,56048.337,35.1292%,6,
Contact STARLINK-1303 - STARLINK-31034,5393.756,81006.244,6.2428%,7,
Contact STARLINK-1303 - STARLINK-3815,38460.170,47939.830,44.5141%,1,
Contact STARLINK-1303 - STARLINK-31611,7104.706,79295.294,8.2230%,6,
Contact STARLINK-1303 - MoonARTEMIS1,64151.943,22248.057,74.2499%,10,
Contact STARLINK-1303 - MoonARTEMIS2,66312.936,20087.064,76.7511%,10,
Contact STARLINK-1303 - MoonIOAGEO,59675.258,26724.742,69.0686%,10,
Contact STARLINK-1303 - MoonIOAGNO,67263.183,19136.817,77.8509%,10,
Contact STARLINK-1303 - MoonIOAGNO 0001,67268.055,19131.945,77.8565%,10,
Contact STARLINK-1303 - MoonIOAGSO,66177.630,20222.370,76.5945%,10,
Contact STARLINK-1303 - MoonIOAGSO 0001,65462.457,20937.543,75.7667%,10,
Contact STARLINK-1303 - MoonLRO,67294.859,19105.141,77.8876%,10,
Contact STARLINK-1303 - MarsSat1,68417.605,17982.395,79.1870%,9,
Contact STARLINK-1303 - MarsSat2,69751.310,16648.690,80.7307%,9,
Contact STARLINK-1303 - MarsSat3,69751.772,16648.228,80.7312%,9,
Contact STARLINK-1303 - MarsSat4,69751.914,16648.086,80.7314%,9,
Contact STARLINK-11265 [DTC] - STARLINK-4612,7744.216,78655.784,8.9632%,1,
Contact STARLINK-11265 [DTC] - STARLINK-5831,18521.127,67878.873,21.4365%,1,
Contact STARLINK-11265 [DTC] - STARLINK-31034,34364.835,52035.165,39.7741%,3,
Contact STARLINK-11265 [DTC] - STARLINK-3815,0.000,86400.000,0.0000%,0,
Contact STARLINK-11265 [DTC] - STARLINK-31611,0.000,86400.000,0.0000%,0,
Contact STARLINK-11265 [DTC] - MoonARTEMIS1,58662.351,27737.649,67.8962%,9,
Contact STARLINK-11265 [DTC] - MoonARTEMIS2,53034.390,33365.610,61.3824%,9,
Contact STARLINK-11265 [DTC] - MoonIOAGEO,50962.192,35437.808,58.9840%,9,
Contact STARLINK-11265 [DTC] - MoonIOAGNO,58635.825,27764.175,67.8655%,9,
Contact STARLINK-11265 [DTC] - MoonIOAGNO 0001,58633.850,27766.150,67.8633%,9,
Contact STARLINK-11265 [DTC] - MoonIOAGSO,57279.748,29120.252,66.2960%,9,
Contact STARLINK-11265 [DTC] - MoonIOAGSO 0001,55990.686,30409.314,64.8040%,9,
Contact STARLINK-11265 [DTC] - MoonLRO,58589.517,27810.483,67.8119%,9,
Contact STARLINK-11265 [DTC] - MarsSat1,55362.015,31037.985,64.0764%,9,
Contact STARLINK-11265 [DTC] - MarsSat2,58692.041,27707.959,67.9306%,9,
Contact STARLINK-11265 [DTC] - MarsSat3,58692.269,27707.731,67.9309%,9,
Contact STARLINK-11265 [DTC] - MarsSat4,58692.249,27707.751,67.9308%,9,
Contact STARLINK-4612 - STARLINK-5831,0.000,86400.000,0.0000%,0,
Contact STARLINK-4612 - STARLINK-31034,0.000,86400.000,0.0000%,0,
Contact STARLINK-4612 - STARLINK-3815,20568.755,65831.245,23.8064%,6,
Contact STARLINK-4612 - STARLINK-31611,58764.629,27635.371,68.0146%,1,
Contact STARLINK-4612 - MoonARTEMIS1,65866.128,20533.872,76.2339%,10,
Contact STARLINK-4612 - MoonARTEMIS2,66722.413,19677.587,77.2250%,10,
Contact STARLINK-4612 - MoonIOAGEO,61855.620,24544.380,71.5922%,9,
Contact STARLINK-4612 - MoonIOAGNO,67240.558,19159.442,77.8247%,10,
Contact STARLINK-4612 - MoonIOAGNO 0001,67239.043,19160.957,77.8230%,10,
Contact STARLINK-4612 - MoonIOAGSO,67199.305,19200.695,77.7770%,10,
Contact STARLINK-4612 - MoonIOAGSO 0001,65583.482,20816.518,75.9068%,10,
Contact STARLINK-4612 - MoonLRO,67219.982,19180.018,77.8009%,10,
Contact STARLINK-4612 - MarsSat1,64547.659,21852.341,74.7079%,9,
Contact STARLINK-4612 - MarsSat2,67388.947,19011.053,77.9965%,10,
Contact STARLINK-4612 - MarsSat3,67389.070,19010.930,77.9966%,10,
Contact STARLINK-4612 - MarsSat4,67389.085,19010.915,77.9966%,10,
Contact STARLINK-5831 - STARLINK-31034,21036.583,65363.417,24.3479%,7,
Contact STARLINK-5831 - STARLINK-3815,316.781,86083.219,0.3666%,1,
Contact STARLINK-5831 - STARLINK-31611,40297.082,46102.918,46.6401%,1,
Contact STARLINK-5831 - MoonARTEMIS1,69015.241,17384.759,79.8788%,9,
Contact STARLINK-5831 - MoonARTEMIS2,61058.032,25341.968,70.6690%,9,
Contact STARLINK-5831 - MoonIOAGEO,54632.126,31767.874,63.2316%,9,
Contact STARLINK-5831 - MoonIOAGNO,66825.255,19574.745,77.3440%,9,
Contact STARLINK-5831 - MoonIOAGNO 0001,66835.595,19564.405,77.3560%,9,
Contact STARLINK-5831 - MoonIOAGSO,65204.567,21195.433,75.4682%,9,
Contact STARLINK-5831 - MoonIOAGSO 0001,64644.138,21755.862,74.8196%,9,
Contact STARLINK-5831 - MoonLRO,66828.108,19571.892,77.3473%,9,
Contact STARLINK-5831 - MarsSat1,68007.079,18392.921,78.7119%,9,
Contact STARLINK-5831 - MarsSat2,69168.545,17231.455,80.0562%,9,
Contact STARLINK-5831 - MarsSat3,69168.589,17231.411,80.0562%,9,
Contact STARLINK-5831 - MarsSat4,69168.469,17231.531,80.0561%,9,
Contact STARLINK-31034 - STARLINK-3815,3058.438,83341.562,3.5399%,5,
Contact STARLINK-31034 - STARLINK-31611,0.000,86400.000,0.0000%,0,
Contact STARLINK-31034 - MoonARTEMIS1,85920.326,479.674,99.4448%,2,
Contact STARLINK-31034 - MoonARTEMIS2,82683.576,3716.424,95.6986%,3,
Contact STARLINK-31034 - MoonIOAGEO,77950.990,8449.010,90.2211%,4,
Contact STARLINK-31034 - MoonIOAGNO,85766.730,633.270,99.2670%,2,
Contact STARLINK-31034 - MoonIOAGNO 0001,85514.133,885.867,98.9747%,2,
Contact STARLINK-31034 - MoonIOAGSO,85472.689,927.311,98.9267%,2,
Contact STARLINK-31034 - MoonIOAGSO 0001,82945.725,3454.275,96.0020%,2,
Contact STARLINK-31034 - MoonLRO,85576.976,823.024,99.0474%,2,
Contact STARLINK-31034 - MarsSat1,85064.189,1335.811,98.4539%,1,
Contact STARLINK-31034 - MarsSat2,86400.000,0.000,100.0000%,1,
Contact STARLINK-31034 - MarsSat3,86400.000,0.000,100.0000%,1,
Contact STARLINK-31034 - MarsSat4,86400.000,0.000,100.0000%,1,
Contact STARLINK-3815 - STARLINK-31611,11337.982,75062.018,13.1227%,7,
Contact STARLINK-3815 - MoonARTEMIS1,67353.605,19046.395,77.9556%,10,
Contact STARLINK-3815 - MoonARTEMIS2,66548.160,19851.840,77.0233%,10,
Contact STARLINK-3815 - MoonIOAGEO,59586.321,26813.679,68.9656%,10,
Contact STARLINK-3815 - MoonIOAGNO,67290.409,19109.591,77.8824%,10,
Contact STARLINK-3815 - MoonIOAGNO 0001,67287.135,19112.865,77.8786%,10,
Contact STARLINK-3815 - MoonIOAGSO,65861.894,20538.106,76.2290%,10,
Contact STARLINK-3815 - MoonIOAGSO 0001,66705.514,19694.486,77.2055%,10,
Contact STARLINK-3815 - MoonLRO,67340.995,19059.005,77.9410%,10,
Contact STARLINK-3815 - MarsSat1,64444.652,21955.348,74.5887%,9,
Contact STARLINK-3815 - MarsSat2,67773.203,18626.797,78.4412%,10,
Contact STARLINK-3815 - MarsSat3,67773.785,18626.215,78.4419%,10,
Contact STARLINK-3815 - MarsSat4,67773.931,18626.069,78.4420%,10,
Contact STARLINK-31611 - MoonARTEMIS1,62040.676,24359.324,71.8063%,9,
Contact STARLINK-31611 - MoonARTEMIS2,68298.592,18101.408,79.0493%,9,
Contact STARLINK-31611 - MoonIOAGEO,55819.290,30580.710,64.6057%,9,
Contact STARLINK-31611 - MoonIOAGNO,68848.967,17551.033,79.6863%,9,
Contact STARLINK-31611 - MoonIOAGNO 0001,68832.944,17567.056,79.6678%,9,
Contact STARLINK-31611 - MoonIOAGSO,62357.168,24042.832,72.1726%,9,
Contact STARLINK-31611 - MoonIOAGSO 0001,63044.989,23355.011,72.9687%,9,
Contact STARLINK-31611 - MoonLRO,63204.230,23195.770,73.1530%,9,
Contact STARLINK-31611 - MarsSat1,68059.862,18340.138,78.7730%,9,
Contact STARLINK-31611 - MarsSat2,68923.274,17476.726,79.7723%,9,
Contact STARLINK-31611 - MarsSat3,68923.354,17476.646,79.7724%,9,
Contact STARLINK-31611 - MarsSat4,68923.200,17476.800,79.7722%,9,
Contact MoonARTEMIS1 - MoonARTEMIS2,68844.874,17555.126,79.6816%,3,
Contact MoonARTEMIS1 - MoonIOAGEO,74318.024,12081.976,86.0162%,4,
Contact MoonARTEMIS1 - MoonIOAGNO,82657.739,3742.261,95.6687%,2,
Contact MoonARTEMIS1 - MoonIOAGNO 0001,77765.004,8634.996,90.0058%,4,
Contact MoonARTEMIS1 - MoonIOAGSO,82970.488,3429.512,96.0307%,2,
Contact MoonARTEMIS1 - MoonIOAGSO 0001,81785.366,4614.634,94.6590%,2,
Contact MoonARTEMIS1 - MoonLRO,52487.941,33912.059,60.7499%,10,
Contact MoonARTEMIS1 - MarsSat1,82986.587,3413.413,96.0493%,2,
Contact MoonARTEMIS1 - MarsSat2,84322.069,2077.931,97.5950%,2,
Contact MoonARTEMIS1 - MarsSat3,84322.084,2077.916,97.5950%,2,
Contact MoonARTEMIS1 - MarsSat4,84321.955,2078.045,97.5949%,2,
Contact MoonARTEMIS2 - MoonIOAGEO,81746.744,4653.256,94.6143%,2,
Contact MoonARTEMIS2 - MoonIOAGNO,78409.647,7990.353,90.7519%,3,
Contact MoonARTEMIS2 - MoonIOAGNO 0001,83776.296,2623.704,96.9633%,2,
Contact MoonARTEMIS2 - MoonIOAGSO,81412.206,4987.794,94.2271%,2,
Contact MoonARTEMIS2 - MoonIOAGSO 0001,81765.912,4634.088,94.6365%,2,
Contact MoonARTEMIS2 - MoonLRO,44618.075,41781.925,51.6413%,11,
Contact MoonARTEMIS2 - MarsSat1,82117.892,4282.108,95.0439%,2,
Contact MoonARTEMIS2 - MarsSat2,83452.373,2947.627,96.5884%,2,
Contact MoonARTEMIS2 - MarsSat3,83451.501,2948.499,96.5874%,2,
Contact MoonARTEMIS2 - MarsSat4,83451.189,2948.811,96.5870%,2,
Contact MoonIOAGEO - MoonIOAGNO,75136.451,11263.549,86.9635%,3,
Contact MoonIOAGEO - MoonIOAGNO 0001,86400.000,0.000,100.0000%,1,
Contact MoonIOAGEO - MoonIOAGSO,86400.000,0.000,100.0000%,1,
Contact MoonIOAGEO - MoonIOAGSO 0001,77444.124,8955.876,89.6344%,3,
Contact MoonIOAGEO - MoonLRO,41236.029,45163.971,47.7269%,11,
Contact MoonIOAGEO - MarsSat1,77503.087,8896.913,89.7026%,3,
Contact MoonIOAGEO - MarsSat2,78838.617,7561.383,91.2484%,3,
Contact MoonIOAGEO - MarsSat3,78837.667,7562.333,91.2473%,3,
Contact MoonIOAGEO - MarsSat4,78837.613,7562.387,91.2472%,3,
Contact MoonIOAGNO - MoonIOAGNO 0001,75482.829,10917.171,87.3644%,5,
Contact MoonIOAGNO - MoonIOAGSO,80790.135,5609.865,93.5071%,3,
Contact MoonIOAGNO - MoonIOAGSO 0001,68777.302,17622.698,79.6034%,2,
Contact MoonIOAGNO - MoonLRO,39598.518,46801.482,45.8316%,10,
Contact MoonIOAGNO - MarsSat1,85066.012,1333.988,98.4560%,1,
Contact MoonIOAGNO - MarsSat2,86400.000,0.000,100.0000%,1,
Contact MoonIOAGNO - MarsSat3,86400.000,0.000,100.0000%,1,
Contact MoonIOAGNO - MarsSat4,86400.000,0.000,100.0000%,1,
Contact MoonIOAGNO 0001 - MoonIOAGSO,68782.394,17617.606,79.6093%,3,
Contact MoonIOAGNO 0001 - MoonIOAGSO 0001,80790.122,5609.878,93.5071%,3,
Contact MoonIOAGNO 0001 - MoonLRO,47430.632,38969.368,54.8966%,10,
Contact MoonIOAGNO 0001 - MarsSat1,85066.669,1333.331,98.4568%,1,
Contact MoonIOAGNO 0001 - MarsSat2,86400.000,0.000,100.0000%,1,
Contact MoonIOAGNO 0001 - MarsSat3,86400.000,0.000,100.0000%,1,
Contact MoonIOAGNO 0001 - MarsSat4,86400.000,0.000,100.0000%,1,
Contact MoonIOAGSO - MoonIOAGSO 0001,75482.829,10917.171,87.3644%,5,
Contact MoonIOAGSO - MoonLRO,42516.090,43883.910,49.2084%,11,
Contact MoonIOAGSO - MarsSat1,85064.695,1335.305,98.4545%,1,
Contact MoonIOAGSO - MarsSat2,86400.000,0.000,100.0000%,1,
Contact MoonIOAGSO - MarsSat3,86400.000,0.000,100.0000%,1,
Contact MoonIOAGSO - MarsSat4,86400.000,0.000,100.0000%,1,
Contact MoonIOAGSO 0001 - MoonLRO,43227.922,43172.078,50.0323%,11,
Contact MoonIOAGSO 0001 - MarsSat1,85064.470,1335.530,98.4542%,1,
Contact MoonIOAGSO 0001 - MarsSat2,86400.000,0.000,100.0000%,1,
Contact MoonIOAGSO 0001 - MarsSat3,86400.000,0.000,100.0000%,1,
Contact MoonIOAGSO 0001 - MarsSat4,86400.000,0.000,100.0000%,1,
Contact MoonLRO - MarsSat1,85065.535,1334.465,98.4555%,1,
Contact MoonLRO - MarsSat2,86400.000,0.000,100.0000%,1,
Contact MoonLRO - MarsSat3,86400.000,0.000,100.0000%,1,
Contact MoonLRO - MarsSat4,86400.000,0.000,100.0000%,1,
Contact MarsSat1 - MarsSat2,78668.416,7731.584,91.0514%,2,
Contact MarsSat1 - MarsSat3,86400.000,0.000,100.0000%,1,
Contact MarsSat1 - MarsSat4,86400.000,0.000,100.0000%,1,
Contact MarsSat2 - MarsSat3,86400.000,0.000,100.0000%,1,
Contact MarsSat2 - MarsSat4,76238.616,10161.384,88.2391%,2,
Contact MarsSat3 - MarsSat4,82855.454,3544.546,95.8975%,2,
