sl_100_5400_20251110 Contact Analysis.csv
2025/11/10 07:47:00.0000 UTC

Generated: Tue Oct  8 15:34:56 2024,
Start: 2025/11/10 07:47:00.00, Stop: 2025/11/10 09:17:00.00,
Analysis,Rise,Set,Duration,
ID,SECONDS,SECONDS,SECONDS,
Contact STARLINK-2064 - STARLINK-2354,4661.190,5400.000,738.810,
Contact STARLINK-2064 - STARLINK-4169,534.856,4733.140,4198.284,
Contact STARLINK-2064 - STARLINK-30587,3374.818,4555.489,1180.671,
Contact STARLINK-2064 - STARLINK-3895,577.724,4793.887,4216.162,
Contact STARLINK-2064 - STARLINK-32148,0.000,5400.000,5400.000,
Contact STARLINK-2064 - STARLINK-1176,0.000,225.526,225.526,
Contact STARLINK-2064 - STARLINK-6270,0.000,388.375,388.375,
Contact STARLINK-2064 - STARLINK-6270,4956.556,5400.000,443.444,
Contact STARLINK-2064 - STARLINK-4732,4718.102,5400.000,681.898,
Contact STARLINK-2064 - STARLINK-30973,0.000,510.761,510.761,
Contact STARLINK-2064 - STARLINK-30973,5357.307,5400.000,42.693,
Contact STARLINK-2064 - STARLINK-31577,0.000,4505.644,4505.644,
Contact STARLINK-2064 - STARLINK-31214,0.000,5400.000,5400.000,
Contact STARLINK-2064 - STARLINK-3369,0.000,626.662,626.662,
Contact STARLINK-2064 - STARLINK-6168,0.000,5400.000,5400.000,
Contact STARLINK-2064 - STARLINK-31248,0.000,175.497,175.497,
Contact STARLINK-2064 - STARLINK-4120,0.000,5400.000,5400.000,
Contact STARLINK-2064 - STARLINK-30331,0.000,133.484,133.484,
Contact STARLINK-2064 - STARLINK-30331,4794.579,5400.000,605.421,
Contact STARLINK-2064 - STARLINK-30944,3574.831,4321.626,746.795,
Contact STARLINK-2064 - STARLINK-2603,0.000,4171.176,4171.176,
Contact STARLINK-2064 - STARLINK-6172,0.000,5400.000,5400.000,
Contact STARLINK-2064 - STARLINK-31707,0.000,145.868,145.868,
Contact STARLINK-2064 - STARLINK-31707,4839.279,5400.000,560.721,
Contact STARLINK-2064 - STARLINK-32046,0.000,5400.000,5400.000,
Contact STARLINK-2064 - STARLINK-4437,0.000,3602.355,3602.355,
Contact STARLINK-2064 - STARLINK-5849,0.000,5400.000,5400.000,
Contact STARLINK-2064 - STARLINK-31653,0.000,5400.000,5400.000,
Contact STARLINK-2064 - STARLINK-30575,539.353,4750.671,4211.319,
Contact STARLINK-2064 - STARLINK-31992,0.000,5400.000,5400.000,
Contact STARLINK-2064 - STARLINK-30715,0.000,5400.000,5400.000,
Contact STARLINK-2064 - STARLINK-6366,0.000,5400.000,5400.000,
Contact STARLINK-2064 - STARLINK-2504,286.932,4928.532,4641.600,
Contact STARLINK-2064 - STARLINK-30208,0.000,5400.000,5400.000,
Contact STARLINK-2064 - STARLINK-3911,0.000,4744.368,4744.368,
Contact STARLINK-2064 - MoonARTEMIS1,0.000,5400.000,5400.000,
Contact STARLINK-2064 - MoonARTEMIS2,0.000,5400.000,5400.000,
Contact STARLINK-2064 - MoonIOAGEO,0.000,5400.000,5400.000,
Contact STARLINK-2064 - MoonIOAGNO,0.000,5400.000,5400.000,
Contact STARLINK-2064 - MoonIOAGNO 0001,0.000,5400.000,5400.000,
Contact STARLINK-2064 - MoonIOAGSO,0.000,5400.000,5400.000,
Contact STARLINK-2064 - MoonIOAGSO 0001,0.000,5400.000,5400.000,
Contact STARLINK-2064 - MoonLRO,0.000,5400.000,5400.000,
Contact STARLINK-2064 - MarsSat1,0.000,5400.000,5400.000,
Contact STARLINK-2064 - MarsSat2,0.000,5400.000,5400.000,
Contact STARLINK-2064 - MarsSat3,2991.346,5400.000,2408.654,
Contact STARLINK-2064 - MarsSat4,0.000,5400.000,5400.000,
Contact STARLINK-4594 - STARLINK-5581,0.000,536.571,536.571,
Contact STARLINK-4594 - STARLINK-5581,5229.652,5400.000,170.348,
Contact STARLINK-4594 - STARLINK-5405,0.000,5400.000,5400.000,
Contact STARLINK-4594 - STARLINK-5946,2977.057,4138.453,1161.396,
Contact STARLINK-4594 - STARLINK-6047,0.000,5400.000,5400.000,
Contact STARLINK-4594 - STARLINK-5893,0.000,21.661,21.661,
Contact STARLINK-4594 - STARLINK-5893,5077.193,5400.000,322.807,
Contact STARLINK-4594 - STARLINK-1777,0.000,5400.000,5400.000,
Contact STARLINK-4594 - STARLINK-4134,0.000,5400.000,5400.000,
Contact STARLINK-4594 - STARLINK-31041,0.000,408.191,408.191,
Contact STARLINK-4594 - STARLINK-31041,5152.611,5400.000,247.389,
Contact STARLINK-4594 - STARLINK-31412,0.000,5400.000,5400.000,
Contact STARLINK-4594 - STARLINK-31245,0.000,4553.283,4553.283,
Contact STARLINK-4594 - STARLINK-3991,3283.366,3786.308,502.942,
Contact STARLINK-4594 - STARLINK-3394,3166.946,4318.992,1152.046,
Contact STARLINK-4594 - STARLINK-1028,0.000,5400.000,5400.000,
Contact STARLINK-4594 - STARLINK-32185,0.000,4193.361,4193.361,
Contact STARLINK-4594 - STARLINK-5475,3570.727,4635.938,1065.211,
Contact STARLINK-4594 - STARLINK-31276,0.000,620.877,620.877,
Contact STARLINK-4594 - STARLINK-31091,0.000,166.737,166.737,
Contact STARLINK-4594 - STARLINK-11130 [DTC],649.462,4821.048,4171.586,
Contact STARLINK-4594 - STARLINK-4130,0.000,5400.000,5400.000,
Contact STARLINK-4594 - MoonARTEMIS1,0.000,2496.236,2496.236,
Contact STARLINK-4594 - MoonARTEMIS1,4585.156,5400.000,814.844,
Contact STARLINK-4594 - MoonARTEMIS2,0.000,2586.262,2586.262,
Contact STARLINK-4594 - MoonARTEMIS2,4667.297,5400.000,732.703,
Contact STARLINK-4594 - MoonIOAGEO,0.000,2515.914,2515.914,
Contact STARLINK-4594 - MoonIOAGEO,4598.835,5400.000,801.165,
Contact STARLINK-4594 - MoonIOAGNO,0.000,2514.955,2514.955,
Contact STARLINK-4594 - MoonIOAGNO,4602.341,5400.000,797.659,
Contact STARLINK-4594 - MoonIOAGNO 0001,0.000,2528.325,2528.325,
Contact STARLINK-4594 - MoonIOAGNO 0001,4618.721,5400.000,781.279,
Contact STARLINK-4594 - MoonIOAGSO,0.000,2523.866,2523.866,
Contact STARLINK-4594 - MoonIOAGSO,4605.847,5400.000,794.153,
Contact STARLINK-4594 - MoonIOAGSO 0001,0.000,2540.723,2540.723,
Contact STARLINK-4594 - MoonIOAGSO 0001,4612.229,5400.000,787.771,
Contact STARLINK-4594 - MoonLRO,0.000,1176.695,1176.695,
Contact STARLINK-4594 - MoonLRO,4610.072,5400.000,789.928,
Contact STARLINK-4594 - MarsSat1,1013.296,4608.549,3595.252,
Contact STARLINK-4594 - MarsSat2,1013.194,4608.461,3595.267,
Contact STARLINK-4594 - MarsSat3,1013.268,4608.534,3595.266,
Contact STARLINK-4594 - MarsSat4,1013.262,4608.519,3595.256,
Contact STARLINK-2354 - STARLINK-4169,0.000,337.199,337.199,
Contact STARLINK-2354 - STARLINK-4169,5185.272,5400.000,214.728,
Contact STARLINK-2354 - STARLINK-30587,5207.880,5400.000,192.120,
Contact STARLINK-2354 - STARLINK-31616,0.000,4330.990,4330.990,
Contact STARLINK-2354 - STARLINK-3895,0.000,448.797,448.797,
Contact STARLINK-2354 - STARLINK-3895,5182.177,5400.000,217.823,
Contact STARLINK-2354 - STARLINK-32148,4839.909,5400.000,560.091,
Contact STARLINK-2354 - STARLINK-3334,0.000,4012.333,4012.333,
Contact STARLINK-2354 - STARLINK-4732,0.000,5400.000,5400.000,
Contact STARLINK-2354 - STARLINK-4004,0.000,682.817,682.817,
Contact STARLINK-2354 - STARLINK-4004,5306.419,5400.000,93.581,
Contact STARLINK-2354 - STARLINK-31577,0.000,21.418,21.418,
Contact STARLINK-2354 - STARLINK-31577,4905.063,5400.000,494.937,
Contact STARLINK-2354 - STARLINK-31260,372.707,4715.633,4342.926,
Contact STARLINK-2354 - STARLINK-5939,2938.570,3792.801,854.232,
Contact STARLINK-2354 - STARLINK-4120,0.000,146.963,146.963,
Contact STARLINK-2354 - STARLINK-4120,5125.688,5400.000,274.312,
Contact STARLINK-2354 - STARLINK-30331,0.000,5400.000,5400.000,
Contact STARLINK-2354 - STARLINK-31707,0.000,5400.000,5400.000,
Contact STARLINK-2354 - STARLINK-2193,0.000,5400.000,5400.000,
Contact STARLINK-2354 - STARLINK-31653,4879.077,5400.000,520.923,
Contact STARLINK-2354 - STARLINK-30575,0.000,97.259,97.259,
Contact STARLINK-2354 - STARLINK-30575,5086.677,5400.000,313.323,
Contact STARLINK-2354 - STARLINK-30715,4826.038,5400.000,573.962,
Contact STARLINK-2354 - STARLINK-30303,0.000,5400.000,5400.000,
Contact STARLINK-2354 - STARLINK-31083,0.000,5400.000,5400.000,
Contact STARLINK-2354 - STARLINK-4090,3224.906,3964.784,739.878,
Contact STARLINK-2354 - STARLINK-2504,0.000,305.502,305.502,
Contact STARLINK-2354 - STARLINK-2504,5136.356,5400.000,263.644,
Contact STARLINK-2354 - STARLINK-30299,0.000,5400.000,5400.000,
Contact STARLINK-2354 - STARLINK-3911,0.000,28.918,28.918,
Contact STARLINK-2354 - STARLINK-3911,4940.881,5400.000,459.119,
Contact STARLINK-2354 - MoonARTEMIS1,1319.423,4871.436,3552.013,
Contact STARLINK-2354 - MoonARTEMIS2,1381.112,4939.503,3558.391,
Contact STARLINK-2354 - MoonIOAGEO,1335.370,4882.139,3546.769,
Contact STARLINK-2354 - MoonIOAGNO,1338.586,4885.863,3547.277,
Contact STARLINK-2354 - MoonIOAGNO 0001,1354.803,4901.623,3546.820,
Contact STARLINK-2354 - MoonIOAGSO,1332.903,4887.398,3554.494,
Contact STARLINK-2354 - MoonIOAGSO 0001,1334.859,4889.612,3554.752,
Contact STARLINK-2354 - MoonLRO,3486.796,4889.958,1403.162,
Contact STARLINK-2354 - MarsSat1,0.000,5400.000,5400.000,
Contact STARLINK-2354 - MarsSat2,0.000,5400.000,5400.000,
Contact STARLINK-2354 - MarsSat3,3581.986,5400.000,1818.014,
Contact STARLINK-2354 - MarsSat4,0.000,5400.000,5400.000,
Contact STARLINK-4181 - STARLINK-4169,3100.506,3668.542,568.035,
Contact STARLINK-4181 - STARLINK-1568,0.000,560.990,560.990,
Contact STARLINK-4181 - STARLINK-1568,4698.571,5400.000,701.429,
Contact STARLINK-4181 - STARLINK-30587,0.000,3768.576,3768.576,
Contact STARLINK-4181 - STARLINK-2314,3191.688,3870.626,678.938,
Contact STARLINK-4181 - STARLINK-5647,0.000,5400.000,5400.000,
Contact STARLINK-4181 - STARLINK-5946,0.000,506.104,506.104,
Contact STARLINK-4181 - STARLINK-1394,0.000,5400.000,5400.000,
Contact STARLINK-4181 - STARLINK-6347,0.000,5400.000,5400.000,
Contact STARLINK-4181 - STARLINK-4004,3406.642,3826.985,420.343,
Contact STARLINK-4181 - STARLINK-30883,0.000,5400.000,5400.000,
Contact STARLINK-4181 - STARLINK-31412,0.000,86.206,86.206,
Contact STARLINK-4181 - STARLINK-31260,0.000,5400.000,5400.000,
Contact STARLINK-4181 - STARLINK-6168,0.000,5400.000,5400.000,
Contact STARLINK-4181 - STARLINK-30944,0.000,3753.204,3753.204,
Contact STARLINK-4181 - STARLINK-6207,0.000,689.736,689.736,
Contact STARLINK-4181 - STARLINK-1028,0.000,379.865,379.865,
Contact STARLINK-4181 - STARLINK-32185,0.000,34.174,34.174,
Contact STARLINK-4181 - STARLINK-4437,5355.715,5400.000,44.285,
Contact STARLINK-4181 - STARLINK-5849,0.000,3183.790,3183.790,
Contact STARLINK-4181 - STARLINK-5849,4068.053,5400.000,1331.947,
Contact STARLINK-4181 - STARLINK-30575,2876.725,3815.181,938.457,
Contact STARLINK-4181 - STARLINK-31992,0.000,492.750,492.750,
Contact STARLINK-4181 - STARLINK-31992,4929.430,5400.000,470.570,
Contact STARLINK-4181 - STARLINK-31276,0.000,174.240,174.240,
Contact STARLINK-4181 - STARLINK-31276,4790.489,5400.000,609.511,
Contact STARLINK-4181 - STARLINK-30303,3536.864,4429.620,892.755,
Contact STARLINK-4181 - STARLINK-6346,0.000,639.761,639.761,
Contact STARLINK-4181 - STARLINK-6346,5198.004,5400.000,201.996,
Contact STARLINK-4181 - STARLINK-30299,3395.373,4369.244,973.871,
Contact STARLINK-4181 - STARLINK-3911,0.000,567.859,567.859,
Contact STARLINK-4181 - MoonARTEMIS1,0.000,5400.000,5400.000,
Contact STARLINK-4181 - MoonARTEMIS2,0.000,5400.000,5400.000,
Contact STARLINK-4181 - MoonIOAGEO,0.000,5400.000,5400.000,
Contact STARLINK-4181 - MoonIOAGNO,0.000,5400.000,5400.000,
Contact STARLINK-4181 - MoonIOAGNO 0001,0.000,5400.000,5400.000,
Contact STARLINK-4181 - MoonIOAGSO,0.000,5400.000,5400.000,
Contact STARLINK-4181 - MoonIOAGSO 0001,0.000,5400.000,5400.000,
Contact STARLINK-4181 - MoonLRO,0.000,5400.000,5400.000,
Contact STARLINK-4181 - MarsSat1,0.000,5400.000,5400.000,
Contact STARLINK-4181 - MarsSat2,0.000,5400.000,5400.000,
Contact STARLINK-4181 - MarsSat3,1714.105,5400.000,3685.895,
Contact STARLINK-4181 - MarsSat4,0.000,5400.000,5400.000,
Contact STARLINK-4169 - STARLINK-30587,0.000,5400.000,5400.000,
Contact STARLINK-4169 - STARLINK-3895,0.000,5400.000,5400.000,
Contact STARLINK-4169 - STARLINK-32148,693.206,4870.453,4177.247,
Contact STARLINK-4169 - STARLINK-3334,4750.938,5400.000,649.062,
Contact STARLINK-4169 - STARLINK-6347,0.000,314.020,314.020,
Contact STARLINK-4169 - STARLINK-4732,0.000,391.886,391.886,
Contact STARLINK-4169 - STARLINK-4732,5228.070,5400.000,171.930,
Contact STARLINK-4169 - STARLINK-4004,0.000,5400.000,5400.000,
Contact STARLINK-4169 - STARLINK-31577,0.000,5043.415,5043.415,
Contact STARLINK-4169 - STARLINK-31214,3529.486,4514.580,985.094,
Contact STARLINK-4169 - STARLINK-31260,0.000,510.158,510.158,
Contact STARLINK-4169 - STARLINK-6168,2964.141,4007.965,1043.824,
Contact STARLINK-4169 - STARLINK-30331,0.000,667.639,667.639,
Contact STARLINK-4169 - STARLINK-30944,0.000,5400.000,5400.000,
Contact STARLINK-4169 - STARLINK-31707,0.000,679.545,679.545,
Contact STARLINK-4169 - STARLINK-32046,3490.476,3873.267,382.791,
Contact STARLINK-4169 - STARLINK-2193,0.000,2974.343,2974.343,
Contact STARLINK-4169 - STARLINK-2193,4628.772,5400.000,771.228,
Contact STARLINK-4169 - STARLINK-31653,650.584,4850.884,4200.300,
Contact STARLINK-4169 - STARLINK-30575,0.000,5400.000,5400.000,
Contact STARLINK-4169 - STARLINK-31992,3560.146,4343.448,783.303,
Contact STARLINK-4169 - STARLINK-30715,685.827,4782.182,4096.355,
Contact STARLINK-4169 - STARLINK-30303,0.000,3002.649,3002.649,
Contact STARLINK-4169 - STARLINK-30303,4543.979,5400.000,856.021,
Contact STARLINK-4169 - STARLINK-6366,3257.177,3952.147,694.971,
Contact STARLINK-4169 - STARLINK-31083,0.000,270.090,270.090,
Contact STARLINK-4169 - STARLINK-31083,5007.070,5400.000,392.930,
Contact STARLINK-4169 - STARLINK-2504,0.000,5400.000,5400.000,
Contact STARLINK-4169 - STARLINK-30299,0.000,3391.693,3391.693,
Contact STARLINK-4169 - STARLINK-30299,4308.383,5400.000,1091.617,
Contact STARLINK-4169 - STARLINK-30208,3519.133,4325.835,806.702,
Contact STARLINK-4169 - STARLINK-3911,0.000,5400.000,5400.000,
Contact STARLINK-4169 - MoonARTEMIS1,919.129,4488.352,3569.223,
Contact STARLINK-4169 - MoonARTEMIS2,968.011,4538.400,3570.389,
Contact STARLINK-4169 - MoonIOAGEO,932.427,4496.623,3564.196,
Contact STARLINK-4169 - MoonIOAGNO,922.797,4496.660,3573.863,
Contact STARLINK-4169 - MoonIOAGNO 0001,926.799,4490.214,3563.415,
Contact STARLINK-4169 - MoonIOAGSO,943.928,4505.105,3561.177,
Contact STARLINK-4169 - MoonIOAGSO 0001,960.270,4528.345,3568.075,
Contact STARLINK-4169 - MoonLRO,3444.110,4511.138,1067.028,
Contact STARLINK-4169 - MarsSat1,0.000,5400.000,5400.000,
Contact STARLINK-4169 - MarsSat2,0.000,5400.000,5400.000,
Contact STARLINK-4169 - MarsSat3,3090.825,5400.000,2309.175,
Contact STARLINK-4169 - MarsSat4,0.000,5400.000,5400.000,
Contact STARLINK-1568 - STARLINK-30587,94.596,4724.753,4630.158,
Contact STARLINK-1568 - STARLINK-2314,3499.151,4505.657,1006.506,
Contact STARLINK-1568 - STARLINK-5647,0.000,5400.000,5400.000,
Contact STARLINK-1568 - STARLINK-5946,0.000,4378.907,4378.907,
Contact STARLINK-1568 - STARLINK-1394,0.000,5400.000,5400.000,
Contact STARLINK-1568 - STARLINK-6347,4465.306,5400.000,934.694,
Contact STARLINK-1568 - STARLINK-30883,4528.906,5400.000,871.094,
Contact STARLINK-1568 - STARLINK-31577,3741.913,5400.000,1658.087,
Contact STARLINK-1568 - STARLINK-31412,2905.394,3784.665,879.271,
Contact STARLINK-1568 - STARLINK-31021,3330.334,4407.282,1076.948,
Contact STARLINK-1568 - STARLINK-31260,4583.433,5400.000,816.567,
Contact STARLINK-1568 - STARLINK-6168,0.000,320.175,320.175,
Contact STARLINK-1568 - STARLINK-6168,5036.692,5400.000,363.308,
Contact STARLINK-1568 - STARLINK-30944,76.893,4668.726,4591.834,
Contact STARLINK-1568 - STARLINK-31707,4868.749,5400.000,531.251,
Contact STARLINK-1568 - STARLINK-6207,2997.529,4450.857,1453.328,
Contact STARLINK-1568 - STARLINK-1028,0.000,4038.238,4038.238,
Contact STARLINK-1568 - STARLINK-32185,0.000,682.588,682.588,
Contact STARLINK-1568 - STARLINK-4437,0.000,294.015,294.015,
Contact STARLINK-1568 - STARLINK-5849,0.000,5400.000,5400.000,
Contact STARLINK-1568 - STARLINK-31992,0.000,5400.000,5400.000,
Contact STARLINK-1568 - STARLINK-31276,0.000,5400.000,5400.000,
Contact STARLINK-1568 - STARLINK-6346,0.000,5400.000,5400.000,
Contact STARLINK-1568 - STARLINK-3911,3165.048,3984.812,819.764,
Contact STARLINK-1568 - MoonARTEMIS1,0.000,3505.970,3505.970,
Contact STARLINK-1568 - MoonARTEMIS2,0.000,3591.092,3591.092,
Contact STARLINK-1568 - MoonIOAGEO,0.000,3521.142,3521.142,
Contact STARLINK-1568 - MoonIOAGNO,0.000,3518.300,3518.300,
Contact STARLINK-1568 - MoonIOAGNO 0001,0.000,3516.754,3516.754,
Contact STARLINK-1568 - MoonIOAGSO,0.000,3534.678,3534.678,
Contact STARLINK-1568 - MoonIOAGSO 0001,0.000,3564.885,3564.885,
Contact STARLINK-1568 - MoonLRO,0.000,1155.402,1155.402,
Contact STARLINK-1568 - MarsSat1,0.000,5400.000,5400.000,
Contact STARLINK-1568 - MarsSat2,0.000,5400.000,5400.000,
Contact STARLINK-1568 - MarsSat3,2268.542,5400.000,3131.458,
Contact STARLINK-1568 - MarsSat4,0.000,5400.000,5400.000,
Contact STARLINK-30587 - STARLINK-2314,669.886,5321.879,4651.992,
Contact STARLINK-30587 - STARLINK-5647,0.000,3826.411,3826.411,
Contact STARLINK-30587 - STARLINK-5946,3527.150,4480.194,953.044,
Contact STARLINK-30587 - STARLINK-1394,2973.940,4115.106,1141.166,
Contact STARLINK-30587 - STARLINK-6347,0.000,463.095,463.095,
Contact STARLINK-30587 - STARLINK-6347,5209.870,5400.000,190.130,
Contact STARLINK-30587 - STARLINK-4732,5185.928,5400.000,214.072,
Contact STARLINK-30587 - STARLINK-31577,0.000,5400.000,5400.000,
Contact STARLINK-30587 - STARLINK-31260,0.000,427.285,427.285,
Contact STARLINK-30587 - STARLINK-31260,5159.809,5400.000,240.191,
Contact STARLINK-30587 - STARLINK-6168,0.000,3800.108,3800.108,
Contact STARLINK-30587 - STARLINK-30944,0.000,5400.000,5400.000,
Contact STARLINK-30587 - STARLINK-6207,0.000,5400.000,5400.000,
Contact STARLINK-30587 - STARLINK-5849,3240.761,4442.999,1202.239,
Contact STARLINK-30587 - STARLINK-30575,0.000,5400.000,5400.000,
Contact STARLINK-30587 - STARLINK-31992,25.936,4972.806,4946.870,
Contact STARLINK-30587 - STARLINK-6346,0.000,5400.000,5400.000,
Contact STARLINK-30587 - STARLINK-30299,4290.526,5400.000,1109.474,
Contact STARLINK-30587 - STARLINK-3911,0.000,5400.000,5400.000,
Contact STARLINK-30587 - MoonARTEMIS1,474.444,4072.651,3598.207,
Contact STARLINK-30587 - MoonARTEMIS2,533.869,4134.061,3600.192,
Contact STARLINK-30587 - MoonIOAGEO,491.329,4083.439,3592.109,
Contact STARLINK-30587 - MoonIOAGNO,481.067,4083.099,3602.032,
Contact STARLINK-30587 - MoonIOAGNO 0001,488.732,4081.508,3592.777,
Contact STARLINK-30587 - MoonIOAGSO,502.430,4092.765,3590.335,
Contact STARLINK-30587 - MoonIOAGSO 0001,518.483,4114.825,3596.342,
Contact STARLINK-30587 - MoonLRO,3432.696,4099.755,667.059,
Contact STARLINK-30587 - MarsSat1,0.000,5400.000,5400.000,
Contact STARLINK-30587 - MarsSat2,0.000,5400.000,5400.000,
Contact STARLINK-30587 - MarsSat3,2631.927,5400.000,2768.073,
Contact STARLINK-30587 - MarsSat4,0.000,5400.000,5400.000,
Contact STARLINK-5581 - STARLINK-5405,0.000,461.440,461.440,
Contact STARLINK-5581 - STARLINK-5405,5326.115,5400.000,73.885,
Contact STARLINK-5581 - STARLINK-1984,3538.446,3721.917,183.471,
Contact STARLINK-5581 - STARLINK-5647,4396.920,5400.000,1003.080,
Contact STARLINK-5581 - STARLINK-5946,0.000,589.921,589.921,
Contact STARLINK-5581 - STARLINK-5946,5259.206,5400.000,140.794,
Contact STARLINK-5581 - STARLINK-6047,0.000,492.810,492.810,
Contact STARLINK-5581 - STARLINK-5893,0.000,3230.086,3230.086,
Contact STARLINK-5581 - STARLINK-5893,4051.375,5400.000,1348.625,
Contact STARLINK-5581 - STARLINK-4134,0.000,92.562,92.562,
Contact STARLINK-5581 - STARLINK-4134,4802.312,5400.000,597.688,
Contact STARLINK-5581 - STARLINK-30883,0.000,5400.000,5400.000,
Contact STARLINK-5581 - STARLINK-32165,3353.538,4308.771,955.233,
Contact STARLINK-5581 - STARLINK-31041,0.000,5400.000,5400.000,
Contact STARLINK-5581 - STARLINK-31412,0.000,5400.000,5400.000,
Contact STARLINK-5581 - STARLINK-31021,0.000,3810.247,3810.247,
Contact STARLINK-5581 - STARLINK-1616,3176.859,4151.514,974.655,
Contact STARLINK-5581 - STARLINK-11142 [DTC],3306.677,4132.455,825.778,
Contact STARLINK-5581 - STARLINK-6207,0.000,511.224,511.224,
Contact STARLINK-5581 - STARLINK-1028,0.000,501.852,501.852,
Contact STARLINK-5581 - STARLINK-1028,5117.676,5400.000,282.324,
Contact STARLINK-5581 - STARLINK-32185,0.000,3244.923,3244.923,
Contact STARLINK-5581 - STARLINK-32185,4461.860,5400.000,938.140,
Contact STARLINK-5581 - STARLINK-4437,5011.785,5400.000,388.215,
Contact STARLINK-5581 - STARLINK-6338,552.912,4871.169,4318.257,
Contact STARLINK-5581 - STARLINK-5475,3191.229,3944.184,752.955,
Contact STARLINK-5581 - STARLINK-31276,0.000,5400.000,5400.000,
Contact STARLINK-5581 - STARLINK-4130,0.000,12.687,12.687,
Contact STARLINK-5581 - STARLINK-4130,4798.801,5400.000,601.199,
Contact STARLINK-5581 - MoonARTEMIS1,0.000,2719.315,2719.315,
Contact STARLINK-5581 - MoonARTEMIS1,4598.856,5400.000,801.144,
Contact STARLINK-5581 - MoonARTEMIS2,0.000,2828.511,2828.511,
Contact STARLINK-5581 - MoonARTEMIS2,4635.025,5400.000,764.975,
Contact STARLINK-5581 - MoonIOAGEO,0.000,2741.269,2741.269,
Contact STARLINK-5581 - MoonIOAGEO,4604.749,5400.000,795.251,
Contact STARLINK-5581 - MoonIOAGNO,0.000,2737.219,2737.219,
Contact STARLINK-5581 - MoonIOAGNO,4602.722,5400.000,797.278,
Contact STARLINK-5581 - MoonIOAGNO 0001,0.000,2746.027,2746.027,
Contact STARLINK-5581 - MoonIOAGNO 0001,4583.540,5400.000,816.460,
Contact STARLINK-5581 - MoonIOAGSO,0.000,2755.267,2755.267,
Contact STARLINK-5581 - MoonIOAGSO,4614.786,5400.000,785.214,
Contact STARLINK-5581 - MoonIOAGSO 0001,0.000,2783.238,2783.238,
Contact STARLINK-5581 - MoonIOAGSO 0001,4648.312,5400.000,751.688,
Contact STARLINK-5581 - MoonLRO,0.000,1120.245,1120.245,
Contact STARLINK-5581 - MoonLRO,4621.230,5400.000,778.770,
Contact STARLINK-5581 - MarsSat1,1270.023,4931.496,3661.473,
Contact STARLINK-5581 - MarsSat2,1270.033,4931.501,3661.468,
Contact STARLINK-5581 - MarsSat3,1270.017,4931.484,3661.467,
Contact STARLINK-5581 - MarsSat4,1270.030,4931.519,3661.490,
Contact STARLINK-2024 - STARLINK-1555,0.000,521.104,521.104,
Contact STARLINK-2024 - STARLINK-1555,5125.505,5400.000,274.495,
Contact STARLINK-2024 - STARLINK-4134,3579.634,4307.955,728.321,
Contact STARLINK-2024 - STARLINK-5433,0.000,5400.000,5400.000,
Contact STARLINK-2024 - STARLINK-2684,3164.935,4049.769,884.834,
Contact STARLINK-2024 - STARLINK-2609,0.000,5400.000,5400.000,
Contact STARLINK-2024 - STARLINK-31564,0.000,5400.000,5400.000,
Contact STARLINK-2024 - STARLINK-30141,2930.009,3861.475,931.466,
Contact STARLINK-2024 - STARLINK-2702,0.000,3753.335,3753.335,
Contact STARLINK-2024 - STARLINK-5939,5361.741,5400.000,38.259,
Contact STARLINK-2024 - STARLINK-5536,2988.978,3797.959,808.982,
Contact STARLINK-2024 - STARLINK-5161,0.000,5400.000,5400.000,
Contact STARLINK-2024 - STARLINK-11086 [DTC],4517.801,5400.000,882.199,
Contact STARLINK-2024 - STARLINK-5475,4648.300,5400.000,751.700,
Contact STARLINK-2024 - STARLINK-31091,3347.598,4115.615,768.017,
Contact STARLINK-2024 - STARLINK-11130 [DTC],3954.836,5400.000,1445.164,
Contact STARLINK-2024 - STARLINK-4260,0.000,370.571,370.571,
Contact STARLINK-2024 - STARLINK-4130,3520.199,4279.733,759.533,
Contact STARLINK-2024 - STARLINK-32045,0.000,5400.000,5400.000,
Contact STARLINK-2024 - STARLINK-4090,0.000,218.405,218.405,
Contact STARLINK-2024 - STARLINK-4090,5301.829,5400.000,98.171,
Contact STARLINK-2024 - STARLINK-5966,0.000,3711.609,3711.609,
Contact STARLINK-2024 - STARLINK-31917,3186.650,3765.360,578.710,
Contact STARLINK-2024 - MoonARTEMIS1,0.000,5400.000,5400.000,
Contact STARLINK-2024 - MoonARTEMIS2,0.000,2733.896,2733.896,
Contact STARLINK-2024 - MoonARTEMIS2,3744.113,5400.000,1655.887,
Contact STARLINK-2024 - MoonIOAGEO,0.000,5400.000,5400.000,
Contact STARLINK-2024 - MoonIOAGNO,0.000,5400.000,5400.000,
Contact STARLINK-2024 - MoonIOAGNO 0001,0.000,5400.000,5400.000,
Contact STARLINK-2024 - MoonIOAGSO,0.000,5400.000,5400.000,
Contact STARLINK-2024 - MoonIOAGSO 0001,0.000,5400.000,5400.000,
Contact STARLINK-2024 - MoonLRO,0.000,5400.000,5400.000,
Contact STARLINK-2024 - MarsSat1,0.000,3192.180,3192.180,
Contact STARLINK-2024 - MarsSat1,4507.631,5400.000,892.369,
Contact STARLINK-2024 - MarsSat2,0.000,3192.069,3192.069,
Contact STARLINK-2024 - MarsSat2,4507.844,5400.000,892.156,
Contact STARLINK-2024 - MarsSat3,4507.649,5400.000,892.351,
Contact STARLINK-2024 - MarsSat4,0.000,3192.175,3192.175,
Contact STARLINK-2024 - MarsSat4,4507.736,5400.000,892.264,
Contact STARLINK-5405 - STARLINK-6047,0.000,5400.000,5400.000,
Contact STARLINK-5405 - STARLINK-5893,5136.989,5400.000,263.011,
Contact STARLINK-5405 - STARLINK-1777,0.000,5400.000,5400.000,
Contact STARLINK-5405 - STARLINK-4134,0.000,5400.000,5400.000,
Contact STARLINK-5405 - STARLINK-2609,641.554,4704.603,4063.049,
Contact STARLINK-5405 - STARLINK-31041,0.000,367.430,367.430,
Contact STARLINK-5405 - STARLINK-31041,5155.259,5400.000,244.741,
Contact STARLINK-5405 - STARLINK-31412,2809.398,4256.613,1447.215,
Contact STARLINK-5405 - STARLINK-31245,0.000,5400.000,5400.000,
Contact STARLINK-5405 - STARLINK-3991,0.000,5400.000,5400.000,
Contact STARLINK-5405 - STARLINK-3394,0.000,4480.248,4480.248,
Contact STARLINK-5405 - STARLINK-1028,3382.977,4455.097,1072.121,
Contact STARLINK-5405 - STARLINK-32185,2845.926,4193.795,1347.869,
Contact STARLINK-5405 - STARLINK-5475,3387.813,4341.357,953.544,
Contact STARLINK-5405 - STARLINK-31091,0.000,5400.000,5400.000,
Contact STARLINK-5405 - STARLINK-11130 [DTC],323.172,4845.664,4522.492,
Contact STARLINK-5405 - STARLINK-4260,4858.854,5400.000,541.146,
Contact STARLINK-5405 - STARLINK-4130,0.000,5400.000,5400.000,
Contact STARLINK-5405 - STARLINK-31917,0.000,465.119,465.119,
Contact STARLINK-5405 - STARLINK-31917,5292.392,5400.000,107.608,
Contact STARLINK-5405 - MoonARTEMIS1,0.000,2261.666,2261.666,
Contact STARLINK-5405 - MoonARTEMIS1,4409.509,5400.000,990.491,
Contact STARLINK-5405 - MoonARTEMIS2,0.000,2343.168,2343.168,
Contact STARLINK-5405 - MoonARTEMIS2,4484.478,5400.000,915.522,
Contact STARLINK-5405 - MoonIOAGEO,0.000,2279.997,2279.997,
Contact STARLINK-5405 - MoonIOAGEO,4422.377,5400.000,977.623,
Contact STARLINK-5405 - MoonIOAGNO,0.000,2279.971,2279.971,
Contact STARLINK-5405 - MoonIOAGNO,4425.406,5400.000,974.594,
Contact STARLINK-5405 - MoonIOAGNO 0001,0.000,2294.344,2294.344,
Contact STARLINK-5405 - MoonIOAGNO 0001,4440.486,5400.000,959.514,
Contact STARLINK-5405 - MoonIOAGSO,0.000,2285.350,2285.350,
Contact STARLINK-5405 - MoonIOAGSO,4428.579,5400.000,971.421,
Contact STARLINK-5405 - MoonIOAGSO 0001,0.000,2297.720,2297.720,
Contact STARLINK-5405 - MoonIOAGSO 0001,4434.625,5400.000,965.375,
Contact STARLINK-5405 - MoonLRO,0.000,1172.905,1172.905,
Contact STARLINK-5405 - MoonLRO,4433.080,5400.000,966.920,
Contact STARLINK-5405 - MarsSat1,816.744,4442.287,3625.543,
Contact STARLINK-5405 - MarsSat2,816.643,4442.198,3625.555,
Contact STARLINK-5405 - MarsSat3,816.714,4442.271,3625.557,
Contact STARLINK-5405 - MarsSat4,816.711,4442.257,3625.546,
Contact STARLINK-31616 - STARLINK-3895,5062.175,5400.000,337.825,
Contact STARLINK-31616 - STARLINK-6270,686.940,4744.573,4057.633,
Contact STARLINK-31616 - STARLINK-3334,0.000,5400.000,5400.000,
Contact STARLINK-31616 - STARLINK-4732,2877.636,4313.814,1436.178,
Contact STARLINK-31616 - STARLINK-5433,5020.134,5400.000,379.866,
Contact STARLINK-31616 - STARLINK-31564,0.000,261.239,261.239,
Contact STARLINK-31616 - STARLINK-31260,3597.748,3905.807,308.059,
Contact STARLINK-31616 - STARLINK-5939,0.000,5400.000,5400.000,
Contact STARLINK-31616 - STARLINK-4120,0.000,14.976,14.976,
Contact STARLINK-31616 - STARLINK-4120,4780.911,5400.000,619.089,
Contact STARLINK-31616 - STARLINK-30331,436.629,4636.600,4199.970,
Contact STARLINK-31616 - STARLINK-6172,4475.708,5400.000,924.292,
Contact STARLINK-31616 - STARLINK-31707,3351.024,4529.607,1178.583,
Contact STARLINK-31616 - STARLINK-1208,4787.849,5400.000,612.151,
Contact STARLINK-31616 - STARLINK-2193,0.000,5400.000,5400.000,
Contact STARLINK-31616 - STARLINK-30303,0.000,5400.000,5400.000,
Contact STARLINK-31616 - STARLINK-31083,0.000,5400.000,5400.000,
Contact STARLINK-31616 - STARLINK-4090,0.000,5400.000,5400.000,
Contact STARLINK-31616 - STARLINK-2504,0.000,52.183,52.183,
Contact STARLINK-31616 - STARLINK-2504,4886.650,5400.000,513.350,
Contact STARLINK-31616 - MoonARTEMIS1,1919.062,5400.000,3480.938,
Contact STARLINK-31616 - MoonARTEMIS2,2002.544,5400.000,3397.456,
Contact STARLINK-31616 - MoonIOAGEO,1939.252,5400.000,3460.748,
Contact STARLINK-31616 - MoonIOAGNO,1935.437,5400.000,3464.563,
Contact STARLINK-31616 - MoonIOAGNO 0001,1947.588,5400.000,3452.412,
Contact STARLINK-31616 - MoonIOAGSO,1947.906,5400.000,3452.094,
Contact STARLINK-31616 - MoonIOAGSO 0001,1965.047,5400.000,3434.953,
Contact STARLINK-31616 - MoonLRO,3495.464,5400.000,1904.536,
Contact STARLINK-31616 - MarsSat1,0.000,1782.885,1782.885,
Contact STARLINK-31616 - MarsSat1,3865.451,5400.000,1534.549,
Contact STARLINK-31616 - MarsSat2,0.000,1782.797,1782.797,
Contact STARLINK-31616 - MarsSat2,3865.354,5400.000,1534.646,
Contact STARLINK-31616 - MarsSat3,3865.430,5400.000,1534.570,
Contact STARLINK-31616 - MarsSat4,0.000,1782.859,1782.859,
Contact STARLINK-31616 - MarsSat4,3865.421,5400.000,1534.579,
Contact STARLINK-1984 - STARLINK-2314,0.000,2771.141,2771.141,
Contact STARLINK-1984 - STARLINK-2314,4472.085,5400.000,927.915,
Contact STARLINK-1984 - STARLINK-30222,5347.700,5400.000,52.300,
Contact STARLINK-1984 - STARLINK-5893,3418.690,3616.603,197.913,
Contact STARLINK-1984 - STARLINK-4004,0.000,14.354,14.354,
Contact STARLINK-1984 - STARLINK-32165,0.000,5400.000,5400.000,
Contact STARLINK-1984 - STARLINK-31041,3518.676,3701.975,183.299,
Contact STARLINK-1984 - STARLINK-31021,4420.642,5400.000,979.358,
Contact STARLINK-1984 - STARLINK-3653,5333.545,5400.000,66.455,
Contact STARLINK-1984 - STARLINK-1616,0.000,5400.000,5400.000,
Contact STARLINK-1984 - STARLINK-11142 [DTC],0.000,5400.000,5400.000,
Contact STARLINK-1984 - STARLINK-5161,5356.432,5400.000,43.568,
Contact STARLINK-1984 - STARLINK-1750,0.000,5400.000,5400.000,
Contact STARLINK-1984 - STARLINK-2193,0.000,3.097,3.097,
Contact STARLINK-1984 - STARLINK-6338,0.000,5400.000,5400.000,
Contact STARLINK-1984 - STARLINK-11086 [DTC],4484.324,5400.000,915.676,
Contact STARLINK-1984 - STARLINK-5475,3575.331,5400.000,1824.669,
Contact STARLINK-1984 - STARLINK-31276,895.035,3698.397,2803.362,
Contact STARLINK-1984 - STARLINK-30303,0.000,25.629,25.629,
Contact STARLINK-1984 - STARLINK-30299,0.000,35.460,35.460,
Contact STARLINK-1984 - MoonARTEMIS1,4621.808,5400.000,778.192,
Contact STARLINK-1984 - MoonARTEMIS2,4628.422,5400.000,771.578,
Contact STARLINK-1984 - MoonIOAGEO,4622.943,5400.000,777.057,
Contact STARLINK-1984 - MoonIOAGNO,4623.367,5400.000,776.633,
Contact STARLINK-1984 - MoonIOAGNO 0001,4625.862,5400.000,774.138,
Contact STARLINK-1984 - MoonIOAGSO,4623.237,5400.000,776.763,
Contact STARLINK-1984 - MoonIOAGSO 0001,4622.434,5400.000,777.566,
Contact STARLINK-1984 - MoonLRO,4623.363,5400.000,776.637,
Contact STARLINK-1984 - MarsSat1,0.000,5400.000,5400.000,
Contact STARLINK-1984 - MarsSat2,0.000,5400.000,5400.000,
Contact STARLINK-1984 - MarsSat3,1842.848,5400.000,3557.152,
Contact STARLINK-1984 - MarsSat4,0.000,5400.000,5400.000,
Contact STARLINK-2314 - STARLINK-5647,3144.827,4148.872,1004.044,
Contact STARLINK-2314 - STARLINK-5946,496.847,4988.381,4491.534,
Contact STARLINK-2314 - STARLINK-5893,0.000,670.658,670.658,
Contact STARLINK-2314 - STARLINK-1394,3314.233,4238.511,924.278,
Contact STARLINK-2314 - STARLINK-6347,0.000,3697.625,3697.625,
Contact STARLINK-2314 - STARLINK-30883,2879.292,3868.776,989.484,
Contact STARLINK-2314 - STARLINK-32165,0.000,3219.485,3219.485,
Contact STARLINK-2314 - STARLINK-32165,4333.110,5400.000,1066.890,
Contact STARLINK-2314 - STARLINK-31021,0.000,5400.000,5400.000,
Contact STARLINK-2314 - STARLINK-1616,0.000,3564.407,3564.407,
Contact STARLINK-2314 - STARLINK-1616,3687.184,5400.000,1712.816,
Contact STARLINK-2314 - STARLINK-11142 [DTC],0.000,2778.439,2778.439,
Contact STARLINK-2314 - STARLINK-11142 [DTC],4589.557,5400.000,810.443,
Contact STARLINK-2314 - STARLINK-1750,0.000,245.321,245.321,
Contact STARLINK-2314 - STARLINK-1750,5083.348,5400.000,316.652,
Contact STARLINK-2314 - STARLINK-30944,0.000,5400.000,5400.000,
Contact STARLINK-2314 - STARLINK-6207,0.000,5400.000,5400.000,
Contact STARLINK-2314 - STARLINK-5849,3572.915,4355.697,782.782,
Contact STARLINK-2314 - STARLINK-6338,0.000,380.823,380.823,
Contact STARLINK-2314 - STARLINK-6338,5105.269,5400.000,294.731,
Contact STARLINK-2314 - STARLINK-31276,3295.013,3975.456,680.443,
Contact STARLINK-2314 - STARLINK-6346,571.349,4833.269,4261.920,
Contact STARLINK-2314 - MoonARTEMIS1,125.429,3766.954,3641.525,
Contact STARLINK-2314 - MoonARTEMIS2,214.875,3854.707,3639.832,
Contact STARLINK-2314 - MoonIOAGEO,151.590,3783.298,3631.707,
Contact STARLINK-2314 - MoonIOAGNO,149.066,3784.422,3635.356,
Contact STARLINK-2314 - MoonIOAGNO 0001,167.536,3793.729,3626.193,
Contact STARLINK-2314 - MoonIOAGSO,152.605,3792.776,3640.171,
Contact STARLINK-2314 - MoonIOAGSO 0001,163.898,3811.643,3647.745,
Contact STARLINK-2314 - MoonLRO,3446.563,3802.159,355.595,
Contact STARLINK-2314 - MarsSat1,0.000,5400.000,5400.000,
Contact STARLINK-2314 - MarsSat2,0.000,5400.000,5400.000,
Contact STARLINK-2314 - MarsSat3,2253.182,5400.000,3146.818,
Contact STARLINK-2314 - MarsSat4,0.000,5400.000,5400.000,
Contact STARLINK-3895 - STARLINK-32148,520.516,5085.128,4564.611,
Contact STARLINK-3895 - STARLINK-6270,2881.573,3805.569,923.996,
Contact STARLINK-3895 - STARLINK-3334,0.000,3309.194,3309.194,
Contact STARLINK-3895 - STARLINK-3334,4210.138,5400.000,1189.862,
Contact STARLINK-3895 - STARLINK-4732,0.000,479.614,479.614,
Contact STARLINK-3895 - STARLINK-4732,5238.409,5400.000,161.591,
Contact STARLINK-3895 - STARLINK-4004,0.000,5400.000,5400.000,
Contact STARLINK-3895 - STARLINK-30973,3309.922,3753.683,443.761,
Contact STARLINK-3895 - STARLINK-31577,0.000,1944.328,1944.328,
Contact STARLINK-3895 - STARLINK-31214,522.038,4718.608,4196.570,
Contact STARLINK-3895 - STARLINK-3369,3367.213,3897.786,530.573,
Contact STARLINK-3895 - STARLINK-6168,3062.949,3963.097,900.148,
Contact STARLINK-3895 - STARLINK-4120,0.000,5400.000,5400.000,
Contact STARLINK-3895 - STARLINK-30331,0.000,3641.987,3641.987,
Contact STARLINK-3895 - STARLINK-2603,3571.057,4506.412,935.355,
Contact STARLINK-3895 - STARLINK-6172,559.370,4871.330,4311.960,
Contact STARLINK-3895 - STARLINK-31707,0.000,3603.940,3603.940,
Contact STARLINK-3895 - STARLINK-32046,3320.840,4137.770,816.930,
Contact STARLINK-3895 - STARLINK-4437,3458.505,3732.254,273.749,
Contact STARLINK-3895 - STARLINK-2193,0.000,3112.958,3112.958,
Contact STARLINK-3895 - STARLINK-2193,4593.596,5400.000,806.404,
Contact STARLINK-3895 - STARLINK-31653,120.231,5151.718,5031.487,
Contact STARLINK-3895 - STARLINK-30575,0.000,5400.000,5400.000,
Contact STARLINK-3895 - STARLINK-30715,575.659,4959.971,4384.312,
Contact STARLINK-3895 - STARLINK-30303,0.000,176.701,176.701,
Contact STARLINK-3895 - STARLINK-30303,4654.681,5400.000,745.319,
Contact STARLINK-3895 - STARLINK-6366,3125.810,4141.078,1015.268,
Contact STARLINK-3895 - STARLINK-31083,0.000,446.299,446.299,
Contact STARLINK-3895 - STARLINK-31083,4909.849,5400.000,490.151,
Contact STARLINK-3895 - STARLINK-2504,0.000,5400.000,5400.000,
Contact STARLINK-3895 - STARLINK-30299,0.000,3161.029,3161.029,
Contact STARLINK-3895 - STARLINK-30299,4536.942,5400.000,863.058,
Contact STARLINK-3895 - STARLINK-30208,3358.235,4535.597,1177.362,
Contact STARLINK-3895 - STARLINK-3911,0.000,5400.000,5400.000,
Contact STARLINK-3895 - MoonARTEMIS1,1191.123,4792.552,3601.429,
Contact STARLINK-3895 - MoonARTEMIS2,1225.879,4846.027,3620.148,
Contact STARLINK-3895 - MoonIOAGEO,1200.240,4800.883,3600.643,
Contact STARLINK-3895 - MoonIOAGNO,1190.262,4801.758,3611.497,
Contact STARLINK-3895 - MoonIOAGNO 0001,1189.656,4793.679,3604.023,
Contact STARLINK-3895 - MoonIOAGSO,1212.476,4809.518,3597.042,
Contact STARLINK-3895 - MoonIOAGSO 0001,1229.091,4834.740,3605.649,
Contact STARLINK-3895 - MoonLRO,3458.195,4815.452,1357.257,
Contact STARLINK-3895 - MarsSat1,0.000,5400.000,5400.000,
Contact STARLINK-3895 - MarsSat2,0.000,5400.000,5400.000,
Contact STARLINK-3895 - MarsSat3,3537.157,5400.000,1862.843,
Contact STARLINK-3895 - MarsSat4,0.000,5400.000,5400.000,
Contact STARLINK-32148 - STARLINK-1176,0.000,440.996,440.996,
Contact STARLINK-32148 - STARLINK-6270,0.000,506.342,506.342,
Contact STARLINK-32148 - STARLINK-6270,5123.156,5400.000,276.844,
Contact STARLINK-32148 - STARLINK-4732,4905.917,5400.000,494.083,
Contact STARLINK-32148 - STARLINK-30973,0.000,686.749,686.749,
Contact STARLINK-32148 - STARLINK-31577,194.413,4410.579,4216.166,
Contact STARLINK-32148 - STARLINK-31214,0.000,5400.000,5400.000,
Contact STARLINK-32148 - STARLINK-3369,0.000,3637.213,3637.213,
Contact STARLINK-32148 - STARLINK-6168,0.000,432.060,432.060,
Contact STARLINK-32148 - STARLINK-6168,5227.980,5400.000,172.020,
Contact STARLINK-32148 - STARLINK-31248,0.000,414.190,414.190,
Contact STARLINK-32148 - STARLINK-4120,0.000,5400.000,5400.000,
Contact STARLINK-32148 - STARLINK-30331,0.000,191.440,191.440,
Contact STARLINK-32148 - STARLINK-30331,5000.043,5400.000,399.957,
Contact STARLINK-32148 - STARLINK-2603,0.000,4360.916,4360.916,
Contact STARLINK-32148 - STARLINK-6172,0.000,5400.000,5400.000,
Contact STARLINK-32148 - STARLINK-31707,0.000,185.639,185.639,
Contact STARLINK-32148 - STARLINK-31707,5071.031,5400.000,328.969,
Contact STARLINK-32148 - STARLINK-32046,0.000,3850.425,3850.425,
Contact STARLINK-32148 - STARLINK-4437,2967.684,3706.347,738.662,
Contact STARLINK-32148 - STARLINK-31653,0.000,5400.000,5400.000,
Contact STARLINK-32148 - STARLINK-30715,0.000,5400.000,5400.000,
Contact STARLINK-32148 - STARLINK-6366,0.000,5400.000,5400.000,
Contact STARLINK-32148 - STARLINK-31083,4527.085,5400.000,872.915,
Contact STARLINK-32148 - STARLINK-2504,0.000,5400.000,5400.000,
Contact STARLINK-32148 - STARLINK-30208,0.000,5400.000,5400.000,
Contact STARLINK-32148 - STARLINK-3911,265.188,4801.208,4536.020,
Contact STARLINK-32148 - MoonARTEMIS1,286.760,5400.000,5113.240,
Contact STARLINK-32148 - MoonARTEMIS2,0.000,5400.000,5400.000,
Contact STARLINK-32148 - MoonIOAGEO,167.980,5400.000,5232.020,
Contact STARLINK-32148 - MoonIOAGNO,102.168,5400.000,5297.832,
Contact STARLINK-32148 - MoonIOAGNO 0001,0.000,5400.000,5400.000,
Contact STARLINK-32148 - MoonIOAGSO,242.943,5400.000,5157.057,
Contact STARLINK-32148 - MoonIOAGSO 0001,236.462,5400.000,5163.538,
Contact STARLINK-32148 - MoonLRO,3450.601,5400.000,1949.399,
Contact STARLINK-32148 - MarsSat1,0.000,5400.000,5400.000,
Contact STARLINK-32148 - MarsSat2,0.000,5400.000,5400.000,
Contact STARLINK-32148 - MarsSat3,3263.941,5400.000,2136.059,
Contact STARLINK-32148 - MarsSat4,0.000,5400.000,5400.000,
Contact STARLINK-5647 - STARLINK-5946,0.000,5400.000,5400.000,
Contact STARLINK-5647 - STARLINK-1394,0.000,5400.000,5400.000,
Contact STARLINK-5647 - STARLINK-6347,0.000,5400.000,5400.000,
Contact STARLINK-5647 - STARLINK-30883,0.000,5400.000,5400.000,
Contact STARLINK-5647 - STARLINK-31412,0.000,520.424,520.424,
Contact STARLINK-5647 - STARLINK-31412,5328.862,5400.000,71.138,
Contact STARLINK-5647 - STARLINK-31021,2972.812,3970.837,998.025,
Contact STARLINK-5647 - STARLINK-31260,4077.411,5400.000,1322.589,
Contact STARLINK-5647 - STARLINK-6168,5052.170,5400.000,347.830,
Contact STARLINK-5647 - STARLINK-30944,0.000,3966.542,3966.542,
Contact STARLINK-5647 - STARLINK-6207,0.000,3900.449,3900.449,
Contact STARLINK-5647 - STARLINK-1028,0.000,678.680,678.680,
Contact STARLINK-5647 - STARLINK-1028,5386.431,5400.000,13.569,
Contact STARLINK-5647 - STARLINK-32185,0.000,305.883,305.883,
Contact STARLINK-5647 - STARLINK-4437,5380.612,5400.000,19.388,
Contact STARLINK-5647 - STARLINK-5849,0.000,5400.000,5400.000,
Contact STARLINK-5647 - STARLINK-31992,0.000,5400.000,5400.000,
Contact STARLINK-5647 - STARLINK-31276,0.000,5400.000,5400.000,
Contact STARLINK-5647 - STARLINK-6346,0.000,5400.000,5400.000,
Contact STARLINK-5647 - MoonARTEMIS1,0.000,5400.000,5400.000,
Contact STARLINK-5647 - MoonARTEMIS2,0.000,5400.000,5400.000,
Contact STARLINK-5647 - MoonIOAGEO,0.000,5400.000,5400.000,
Contact STARLINK-5647 - MoonIOAGNO,0.000,5400.000,5400.000,
Contact STARLINK-5647 - MoonIOAGNO 0001,0.000,5400.000,5400.000,
Contact STARLINK-5647 - MoonIOAGSO,0.000,5400.000,5400.000,
Contact STARLINK-5647 - MoonIOAGSO 0001,0.000,5400.000,5400.000,
Contact STARLINK-5647 - MoonLRO,0.000,5400.000,5400.000,
Contact STARLINK-5647 - MarsSat1,1932.360,5400.000,3467.640,
Contact STARLINK-5647 - MarsSat2,1932.405,5400.000,3467.595,
Contact STARLINK-5647 - MarsSat3,1932.362,5400.000,3467.638,
Contact STARLINK-5647 - MarsSat4,1932.384,5400.000,3467.616,
Contact STARLINK-5946 - STARLINK-6047,3420.035,4020.007,599.972,
Contact STARLINK-5946 - STARLINK-5893,0.000,203.580,203.580,
Contact STARLINK-5946 - STARLINK-5893,5164.686,5400.000,235.314,
Contact STARLINK-5946 - STARLINK-1394,0.000,3872.336,3872.336,
Contact STARLINK-5946 - STARLINK-6347,0.000,213.457,213.457,
Contact STARLINK-5946 - STARLINK-6347,5020.824,5400.000,379.176,
Contact STARLINK-5946 - STARLINK-30883,0.000,543.768,543.768,
Contact STARLINK-5946 - STARLINK-30883,5069.202,5400.000,330.798,
Contact STARLINK-5946 - STARLINK-31412,0.000,5400.000,5400.000,
Contact STARLINK-5946 - STARLINK-31021,0.000,5400.000,5400.000,
Contact STARLINK-5946 - STARLINK-31260,5113.213,5400.000,286.787,
Contact STARLINK-5946 - STARLINK-30944,0.000,5400.000,5400.000,
Contact STARLINK-5946 - STARLINK-6207,0.000,5400.000,5400.000,
Contact STARLINK-5946 - STARLINK-1028,0.000,5400.000,5400.000,
Contact STARLINK-5946 - STARLINK-32185,0.000,3821.994,3821.994,
Contact STARLINK-5946 - STARLINK-5849,3100.081,3971.376,871.296,
Contact STARLINK-5946 - STARLINK-6338,4492.460,5400.000,907.540,
Contact STARLINK-5946 - STARLINK-31992,3218.395,4138.240,919.845,
Contact STARLINK-5946 - STARLINK-31276,0.000,5400.000,5400.000,
Contact STARLINK-5946 - STARLINK-6346,0.000,5400.000,5400.000,
Contact STARLINK-5946 - MoonARTEMIS1,0.000,3325.237,3325.237,
Contact STARLINK-5946 - MoonARTEMIS2,0.000,3391.917,3391.917,
Contact STARLINK-5946 - MoonIOAGEO,0.000,3338.329,3338.329,
Contact STARLINK-5946 - MoonIOAGNO,0.000,3336.520,3336.520,
Contact STARLINK-5946 - MoonIOAGNO 0001,0.000,3338.993,3338.993,
Contact STARLINK-5946 - MoonIOAGSO,0.000,3348.084,3348.084,
Contact STARLINK-5946 - MoonIOAGSO 0001,0.000,3368.816,3368.816,
Contact STARLINK-5946 - MoonLRO,0.000,1163.922,1163.922,
Contact STARLINK-5946 - MarsSat1,1785.352,5400.000,3614.648,
Contact STARLINK-5946 - MarsSat2,1785.264,5400.000,3614.736,
Contact STARLINK-5946 - MarsSat3,1785.325,5400.000,3614.675,
Contact STARLINK-5946 - MarsSat4,1785.326,5400.000,3614.674,
Contact STARLINK-30222 - STARLINK-1555,0.000,519.745,519.745,
Contact STARLINK-30222 - STARLINK-6047,4627.522,5400.000,772.478,
Contact STARLINK-30222 - STARLINK-32165,5378.740,5400.000,21.260,
Contact STARLINK-30222 - STARLINK-2684,3522.855,4356.508,833.654,
Contact STARLINK-30222 - STARLINK-2609,0.000,981.690,981.690,
Contact STARLINK-30222 - STARLINK-2609,4952.117,5400.000,447.883,
Contact STARLINK-30222 - STARLINK-3653,0.000,5400.000,5400.000,
Contact STARLINK-30222 - STARLINK-1616,0.000,141.227,141.227,
Contact STARLINK-30222 - STARLINK-1616,5075.466,5400.000,324.534,
Contact STARLINK-30222 - STARLINK-2702,3459.642,3787.197,327.555,
Contact STARLINK-30222 - STARLINK-11142 [DTC],0.000,590.258,590.258,
Contact STARLINK-30222 - STARLINK-11142 [DTC],4740.825,5400.000,659.175,
Contact STARLINK-30222 - STARLINK-5161,0.000,5400.000,5400.000,
Contact STARLINK-30222 - STARLINK-1750,0.000,5400.000,5400.000,
Contact STARLINK-30222 - STARLINK-11086 [DTC],0.000,5400.000,5400.000,
Contact STARLINK-30222 - STARLINK-5475,0.000,670.137,670.137,
Contact STARLINK-30222 - STARLINK-5475,4808.907,5400.000,591.093,
Contact STARLINK-30222 - STARLINK-31091,3559.506,4531.763,972.257,
Contact STARLINK-30222 - STARLINK-11130 [DTC],0.000,3242.779,3242.779,
Contact STARLINK-30222 - STARLINK-11130 [DTC],4493.604,5400.000,906.396,
Contact STARLINK-30222 - STARLINK-4260,0.000,5400.000,5400.000,
Contact STARLINK-30222 - STARLINK-32045,0.000,209.405,209.405,
Contact STARLINK-30222 - STARLINK-32045,5103.129,5400.000,296.871,
Contact STARLINK-30222 - STARLINK-31917,3209.584,4300.003,1090.418,
Contact STARLINK-30222 - MoonARTEMIS1,0.000,2975.507,2975.507,
Contact STARLINK-30222 - MoonARTEMIS1,4417.071,5400.000,982.929,
Contact STARLINK-30222 - MoonARTEMIS2,0.000,3007.031,3007.031,
Contact STARLINK-30222 - MoonARTEMIS2,4586.877,5400.000,813.123,
Contact STARLINK-30222 - MoonIOAGEO,0.000,2982.511,2982.511,
Contact STARLINK-30222 - MoonIOAGEO,4448.335,5400.000,951.665,
Contact STARLINK-30222 - MoonIOAGNO,0.000,2995.534,2995.534,
Contact STARLINK-30222 - MoonIOAGNO,4453.705,5400.000,946.295,
Contact STARLINK-30222 - MoonIOAGNO 0001,0.000,3027.707,3027.707,
Contact STARLINK-30222 - MoonIOAGNO 0001,4477.548,5400.000,922.452,
Contact STARLINK-30222 - MoonIOAGSO,0.000,2968.571,2968.571,
Contact STARLINK-30222 - MoonIOAGSO,4466.728,5400.000,933.272,
Contact STARLINK-30222 - MoonIOAGSO 0001,0.000,2941.808,2941.808,
Contact STARLINK-30222 - MoonIOAGSO 0001,4493.543,5400.000,906.457,
Contact STARLINK-30222 - MoonLRO,0.000,1138.992,1138.992,
Contact STARLINK-30222 - MoonLRO,4478.843,5400.000,921.157,
Contact STARLINK-30222 - MarsSat1,0.000,4255.532,4255.532,
Contact STARLINK-30222 - MarsSat2,0.000,4255.350,4255.350,
Contact STARLINK-30222 - MarsSat3,748.045,4255.482,3507.437,
Contact STARLINK-30222 - MarsSat4,0.000,4255.497,4255.497,
Contact STARLINK-1555 - STARLINK-5433,0.000,74.357,74.357,
Contact STARLINK-1555 - STARLINK-5433,5057.127,5400.000,342.873,
Contact STARLINK-1555 - STARLINK-2609,0.000,304.349,304.349,
Contact STARLINK-1555 - STARLINK-2609,5081.304,5400.000,318.696,
Contact STARLINK-1555 - STARLINK-31564,0.000,5400.000,5400.000,
Contact STARLINK-1555 - STARLINK-3653,2943.470,3633.396,689.926,
Contact STARLINK-1555 - STARLINK-30141,531.190,5130.422,4599.232,
Contact STARLINK-1555 - STARLINK-2702,111.061,5061.272,4950.211,
Contact STARLINK-1555 - STARLINK-5939,3341.076,4095.850,754.774,
Contact STARLINK-1555 - STARLINK-5536,575.982,5059.971,4483.989,
Contact STARLINK-1555 - STARLINK-5161,0.000,658.367,658.367,
Contact STARLINK-1555 - STARLINK-3394,4710.948,5400.000,689.052,
Contact STARLINK-1555 - STARLINK-11130 [DTC],5243.781,5400.000,156.219,
Contact STARLINK-1555 - STARLINK-4260,0.000,5400.000,5400.000,
Contact STARLINK-1555 - STARLINK-1098,4746.839,5400.000,653.161,
Contact STARLINK-1555 - STARLINK-32045,0.000,5400.000,5400.000,
Contact STARLINK-1555 - STARLINK-4090,0.000,5400.000,5400.000,
Contact STARLINK-1555 - STARLINK-5966,0.000,5400.000,5400.000,
Contact STARLINK-1555 - MoonARTEMIS1,0.000,5400.000,5400.000,
Contact STARLINK-1555 - MoonARTEMIS2,0.000,5400.000,5400.000,
Contact STARLINK-1555 - MoonIOAGEO,0.000,5400.000,5400.000,
Contact STARLINK-1555 - MoonIOAGNO,0.000,5400.000,5400.000,
Contact STARLINK-1555 - MoonIOAGNO 0001,0.000,5400.000,5400.000,
Contact STARLINK-1555 - MoonIOAGSO,0.000,5400.000,5400.000,
Contact STARLINK-1555 - MoonIOAGSO 0001,0.000,5400.000,5400.000,
Contact STARLINK-1555 - MoonLRO,0.000,5400.000,5400.000,
Contact STARLINK-1555 - MarsSat1,0.000,3048.019,3048.019,
Contact STARLINK-1555 - MarsSat1,5110.005,5400.000,289.995,
Contact STARLINK-1555 - MarsSat2,0.000,3048.025,3048.025,
Contact STARLINK-1555 - MarsSat2,5109.975,5400.000,290.025,
Contact STARLINK-1555 - MarsSat3,5109.988,5400.000,290.012,
Contact STARLINK-1555 - MarsSat4,0.000,3048.037,3048.037,
Contact STARLINK-1555 - MarsSat4,5110.017,5400.000,289.983,
Contact STARLINK-1176 - STARLINK-6270,0.000,3392.936,3392.936,
Contact STARLINK-1176 - STARLINK-6270,4129.928,5400.000,1270.072,
Contact STARLINK-1176 - STARLINK-5433,2874.455,3694.049,819.593,
Contact STARLINK-1176 - STARLINK-30973,0.000,5400.000,5400.000,
Contact STARLINK-1176 - STARLINK-31214,0.000,523.111,523.111,
Contact STARLINK-1176 - STARLINK-31214,5288.841,5400.000,111.159,
Contact STARLINK-1176 - STARLINK-31564,3283.870,4156.956,873.085,
Contact STARLINK-1176 - STARLINK-3369,0.000,5400.000,5400.000,
Contact STARLINK-1176 - STARLINK-30141,0.000,5400.000,5400.000,
Contact STARLINK-1176 - STARLINK-2702,3820.468,5400.000,1579.532,
Contact STARLINK-1176 - STARLINK-31248,0.000,5400.000,5400.000,
Contact STARLINK-1176 - STARLINK-5536,0.000,5400.000,5400.000,
Contact STARLINK-1176 - STARLINK-2603,0.000,513.631,513.631,
Contact STARLINK-1176 - STARLINK-2603,4984.270,5400.000,415.730,
Contact STARLINK-1176 - STARLINK-6172,0.000,642.995,642.995,
Contact STARLINK-1176 - STARLINK-6172,5350.528,5400.000,49.472,
Contact STARLINK-1176 - STARLINK-32046,0.000,3294.332,3294.332,
Contact STARLINK-1176 - STARLINK-32046,4451.077,5400.000,948.923,
Contact STARLINK-1176 - STARLINK-4437,496.044,4922.249,4426.205,
Contact STARLINK-1176 - STARLINK-1090,0.000,141.069,141.069,
Contact STARLINK-1176 - STARLINK-1090,4957.249,5400.000,442.751,
Contact STARLINK-1176 - STARLINK-1208,0.000,3635.430,3635.430,
Contact STARLINK-1176 - STARLINK-5849,5230.362,5400.000,169.638,
Contact STARLINK-1176 - STARLINK-31653,0.000,476.370,476.370,
Contact STARLINK-1176 - STARLINK-30715,0.000,423.214,423.214,
Contact STARLINK-1176 - STARLINK-6366,0.000,3247.383,3247.383,
Contact STARLINK-1176 - STARLINK-6366,4620.873,5400.000,779.127,
Contact STARLINK-1176 - STARLINK-1098,0.000,565.178,565.178,
Contact STARLINK-1176 - STARLINK-32045,3496.510,4182.976,686.466,
Contact STARLINK-1176 - STARLINK-5966,548.507,5400.000,4851.493,
Contact STARLINK-1176 - STARLINK-30208,0.000,512.021,512.021,
Contact STARLINK-1176 - STARLINK-30208,5065.043,5400.000,334.957,
Contact STARLINK-1176 - MoonARTEMIS1,0.000,5400.000,5400.000,
Contact STARLINK-1176 - MoonARTEMIS2,0.000,5400.000,5400.000,
Contact STARLINK-1176 - MoonIOAGEO,0.000,5400.000,5400.000,
Contact STARLINK-1176 - MoonIOAGNO,0.000,5400.000,5400.000,
Contact STARLINK-1176 - MoonIOAGNO 0001,0.000,5400.000,5400.000,
Contact STARLINK-1176 - MoonIOAGSO,0.000,5400.000,5400.000,
Contact STARLINK-1176 - MoonIOAGSO 0001,0.000,5400.000,5400.000,
Contact STARLINK-1176 - MoonLRO,0.000,5400.000,5400.000,
Contact STARLINK-1176 - MarsSat1,0.000,2803.699,2803.699,
Contact STARLINK-1176 - MarsSat1,4918.545,5400.000,481.455,
Contact STARLINK-1176 - MarsSat2,0.000,2803.601,2803.601,
Contact STARLINK-1176 - MarsSat2,4918.456,5400.000,481.544,
Contact STARLINK-1176 - MarsSat3,4918.532,5400.000,481.468,
Contact STARLINK-1176 - MarsSat4,0.000,2803.663,2803.663,
Contact STARLINK-1176 - MarsSat4,4918.513,5400.000,481.487,
Contact STARLINK-6047 - STARLINK-1777,0.000,5400.000,5400.000,
Contact STARLINK-6047 - STARLINK-4134,0.000,3895.153,3895.153,
Contact STARLINK-6047 - STARLINK-31041,0.000,388.518,388.518,
Contact STARLINK-6047 - STARLINK-31412,3045.322,3975.129,929.807,
Contact STARLINK-6047 - STARLINK-31245,0.000,5400.000,5400.000,
Contact STARLINK-6047 - STARLINK-3653,4754.477,5400.000,645.523,
Contact STARLINK-6047 - STARLINK-3991,0.000,5400.000,5400.000,
Contact STARLINK-6047 - STARLINK-3394,0.000,5400.000,5400.000,
Contact STARLINK-6047 - STARLINK-1028,3261.077,4249.882,988.805,
Contact STARLINK-6047 - STARLINK-32185,3025.143,3885.330,860.187,
Contact STARLINK-6047 - STARLINK-31091,0.000,636.140,636.140,
Contact STARLINK-6047 - STARLINK-11130 [DTC],0.000,5400.000,5400.000,
Contact STARLINK-6047 - STARLINK-4260,0.000,9.218,9.218,
Contact STARLINK-6047 - STARLINK-4260,4929.804,5400.000,470.196,
Contact STARLINK-6047 - STARLINK-4130,0.000,3804.215,3804.215,
Contact STARLINK-6047 - STARLINK-31917,0.000,402.126,402.126,
Contact STARLINK-6047 - STARLINK-31917,5337.702,5400.000,62.298,
Contact STARLINK-6047 - MoonARTEMIS1,0.000,2113.141,2113.141,
Contact STARLINK-6047 - MoonARTEMIS1,4241.904,5400.000,1158.096,
Contact STARLINK-6047 - MoonARTEMIS2,0.000,2168.469,2168.469,
Contact STARLINK-6047 - MoonARTEMIS2,4277.316,5400.000,1122.684,
Contact STARLINK-6047 - MoonIOAGEO,0.000,2125.513,2125.513,
Contact STARLINK-6047 - MoonIOAGEO,4248.269,5400.000,1151.731,
Contact STARLINK-6047 - MoonIOAGNO,0.000,2130.266,2130.266,
Contact STARLINK-6047 - MoonIOAGNO,4251.726,5400.000,1148.274,
Contact STARLINK-6047 - MoonIOAGNO 0001,0.000,2146.600,2146.600,
Contact STARLINK-6047 - MoonIOAGNO 0001,4271.172,5400.000,1128.828,
Contact STARLINK-6047 - MoonIOAGSO,0.000,2122.818,2122.818,
Contact STARLINK-6047 - MoonIOAGSO,4247.250,5400.000,1152.750,
Contact STARLINK-6047 - MoonIOAGSO 0001,0.000,2121.680,2121.680,
Contact STARLINK-6047 - MoonIOAGSO 0001,4235.479,5400.000,1164.521,
Contact STARLINK-6047 - MoonLRO,0.000,1189.906,1189.906,
Contact STARLINK-6047 - MoonLRO,4247.676,5400.000,1152.324,
Contact STARLINK-6047 - MarsSat1,968.288,4718.645,3750.357,
Contact STARLINK-6047 - MarsSat2,968.171,4718.563,3750.392,
Contact STARLINK-6047 - MarsSat3,968.258,4718.642,3750.384,
Contact STARLINK-6047 - MarsSat4,968.249,4718.599,3750.350,
Contact STARLINK-6270 - STARLINK-3334,3424.098,4351.228,927.130,
Contact STARLINK-6270 - STARLINK-4004,3273.706,3854.835,581.130,
Contact STARLINK-6270 - STARLINK-30973,0.000,5400.000,5400.000,
Contact STARLINK-6270 - STARLINK-31577,0.000,418.778,418.778,
Contact STARLINK-6270 - STARLINK-31214,0.000,550.258,550.258,
Contact STARLINK-6270 - STARLINK-31214,4933.467,5400.000,466.533,
Contact STARLINK-6270 - STARLINK-3369,0.000,5400.000,5400.000,
Contact STARLINK-6270 - STARLINK-6168,0.000,3503.569,3503.569,
Contact STARLINK-6270 - STARLINK-6168,3732.770,5400.000,1667.230,
Contact STARLINK-6270 - STARLINK-31248,4422.278,5400.000,977.722,
Contact STARLINK-6270 - STARLINK-5939,3352.379,4591.526,1239.147,
Contact STARLINK-6270 - STARLINK-4120,0.000,3625.808,3625.808,
Contact STARLINK-6270 - STARLINK-30331,0.000,5400.000,5400.000,
Contact STARLINK-6270 - STARLINK-2603,5013.028,5400.000,386.972,
Contact STARLINK-6270 - STARLINK-6172,0.000,580.829,580.829,
Contact STARLINK-6270 - STARLINK-6172,5154.390,5400.000,245.610,
Contact STARLINK-6270 - STARLINK-31707,0.000,5400.000,5400.000,
Contact STARLINK-6270 - STARLINK-32046,0.000,5400.000,5400.000,
Contact STARLINK-6270 - STARLINK-5849,4759.486,5400.000,640.514,
Contact STARLINK-6270 - STARLINK-31653,0.000,658.464,658.464,
Contact STARLINK-6270 - STARLINK-31653,5205.899,5400.000,194.101,
Contact STARLINK-6270 - STARLINK-31992,0.000,77.126,77.126,
Contact STARLINK-6270 - STARLINK-31992,5259.816,5400.000,140.184,
Contact STARLINK-6270 - STARLINK-30715,0.000,466.464,466.464,
Contact STARLINK-6270 - STARLINK-30715,5051.415,5400.000,348.585,
Contact STARLINK-6270 - STARLINK-6366,0.000,5400.000,5400.000,
Contact STARLINK-6270 - STARLINK-2504,0.000,3727.744,3727.744,
Contact STARLINK-6270 - STARLINK-30208,0.000,3472.128,3472.128,
Contact STARLINK-6270 - STARLINK-30208,4660.253,5400.000,739.747,
Contact STARLINK-6270 - STARLINK-3911,0.000,398.272,398.272,
Contact STARLINK-6270 - MoonARTEMIS1,2052.861,5400.000,3347.139,
Contact STARLINK-6270 - MoonARTEMIS2,2115.674,5400.000,3284.326,
Contact STARLINK-6270 - MoonIOAGEO,2067.979,5400.000,3332.021,
Contact STARLINK-6270 - MoonIOAGNO,2070.762,5400.000,3329.238,
Contact STARLINK-6270 - MoonIOAGNO 0001,2087.327,5400.000,3312.673,
Contact STARLINK-6270 - MoonIOAGSO,2067.679,5400.000,3332.321,
Contact STARLINK-6270 - MoonIOAGSO 0001,2069.930,5400.000,3330.070,
Contact STARLINK-6270 - MoonLRO,3473.998,5400.000,1926.002,
Contact STARLINK-6270 - MarsSat1,0.000,2262.889,2262.889,
Contact STARLINK-6270 - MarsSat1,4145.216,5400.000,1254.784,
Contact STARLINK-6270 - MarsSat2,0.000,2262.755,2262.755,
Contact STARLINK-6270 - MarsSat2,4145.105,5400.000,1254.895,
Contact STARLINK-6270 - MarsSat3,4145.190,5400.000,1254.810,
Contact STARLINK-6270 - MarsSat4,0.000,2262.839,2262.839,
Contact STARLINK-6270 - MarsSat4,4145.187,5400.000,1254.813,
Contact STARLINK-5893 - STARLINK-6347,0.000,4671.588,4671.588,
Contact STARLINK-5893 - STARLINK-4134,4680.501,5400.000,719.499,
Contact STARLINK-5893 - STARLINK-30883,0.000,5400.000,5400.000,
Contact STARLINK-5893 - STARLINK-32165,2937.963,3746.619,808.655,
Contact STARLINK-5893 - STARLINK-31041,0.000,5400.000,5400.000,
Contact STARLINK-5893 - STARLINK-31412,0.000,71.770,71.770,
Contact STARLINK-5893 - STARLINK-31412,4876.710,5400.000,523.290,
Contact STARLINK-5893 - STARLINK-31021,0.000,521.824,521.824,
Contact STARLINK-5893 - STARLINK-31021,5376.794,5400.000,23.206,
Contact STARLINK-5893 - STARLINK-31260,3364.801,4638.624,1273.822,
Contact STARLINK-5893 - STARLINK-1616,0.000,3603.729,3603.729,
Contact STARLINK-5893 - STARLINK-1750,0.000,4003.885,4003.885,
Contact STARLINK-5893 - STARLINK-6207,0.000,336.822,336.822,
Contact STARLINK-5893 - STARLINK-6207,5328.789,5400.000,71.211,
Contact STARLINK-5893 - STARLINK-1028,0.000,146.271,146.271,
Contact STARLINK-5893 - STARLINK-1028,5073.856,5400.000,326.144,
Contact STARLINK-5893 - STARLINK-32185,4725.362,5400.000,674.638,
Contact STARLINK-5893 - STARLINK-6338,0.000,5400.000,5400.000,
Contact STARLINK-5893 - STARLINK-31276,0.000,2982.956,2982.956,
Contact STARLINK-5893 - STARLINK-31276,4569.315,5400.000,830.685,
Contact STARLINK-5893 - STARLINK-30303,3403.438,3798.333,394.895,
Contact STARLINK-5893 - MoonARTEMIS1,0.000,5400.000,5400.000,
Contact STARLINK-5893 - MoonARTEMIS2,0.000,5400.000,5400.000,
Contact STARLINK-5893 - MoonIOAGEO,0.000,5400.000,5400.000,
Contact STARLINK-5893 - MoonIOAGNO,0.000,5400.000,5400.000,
Contact STARLINK-5893 - MoonIOAGNO 0001,0.000,5400.000,5400.000,
Contact STARLINK-5893 - MoonIOAGSO,0.000,5400.000,5400.000,
Contact STARLINK-5893 - MoonIOAGSO 0001,0.000,5400.000,5400.000,
Contact STARLINK-5893 - MoonLRO,0.000,5400.000,5400.000,
Contact STARLINK-5893 - MarsSat1,677.515,4571.726,3894.211,
Contact STARLINK-5893 - MarsSat2,677.646,4571.778,3894.132,
Contact STARLINK-5893 - MarsSat3,747.463,4571.718,3824.255,
Contact STARLINK-5893 - MarsSat4,677.558,4571.771,3894.213,
Contact STARLINK-1394 - STARLINK-6347,3928.490,5400.000,1471.510,
Contact STARLINK-1394 - STARLINK-30883,0.000,5400.000,5400.000,
Contact STARLINK-1394 - STARLINK-31412,0.000,639.384,639.384,
Contact STARLINK-1394 - STARLINK-31021,3168.700,4045.928,877.228,
Contact STARLINK-1394 - STARLINK-31260,4255.387,5400.000,1144.613,
Contact STARLINK-1394 - STARLINK-6168,0.000,3070.659,3070.659,
Contact STARLINK-1394 - STARLINK-6168,4554.163,5400.000,845.837,
Contact STARLINK-1394 - STARLINK-30944,2900.198,4146.945,1246.747,
Contact STARLINK-1394 - STARLINK-6207,2885.693,4015.635,1129.942,
Contact STARLINK-1394 - STARLINK-1028,0.000,3673.247,3673.247,
Contact STARLINK-1394 - STARLINK-32185,0.000,445.818,445.818,
Contact STARLINK-1394 - STARLINK-4437,0.000,180.825,180.825,
Contact STARLINK-1394 - STARLINK-4437,5328.607,5400.000,71.393,
Contact STARLINK-1394 - STARLINK-5849,0.000,5400.000,5400.000,
Contact STARLINK-1394 - STARLINK-30575,3313.851,3991.105,677.254,
Contact STARLINK-1394 - STARLINK-31992,0.000,5400.000,5400.000,
Contact STARLINK-1394 - STARLINK-31276,0.000,5400.000,5400.000,
Contact STARLINK-1394 - STARLINK-6346,0.000,5400.000,5400.000,
Contact STARLINK-1394 - MoonARTEMIS1,0.000,5400.000,5400.000,
Contact STARLINK-1394 - MoonARTEMIS2,0.000,5400.000,5400.000,
Contact STARLINK-1394 - MoonIOAGEO,0.000,5400.000,5400.000,
Contact STARLINK-1394 - MoonIOAGNO,0.000,5400.000,5400.000,
Contact STARLINK-1394 - MoonIOAGNO 0001,0.000,5400.000,5400.000,
Contact STARLINK-1394 - MoonIOAGSO,0.000,5400.000,5400.000,
Contact STARLINK-1394 - MoonIOAGSO 0001,0.000,5400.000,5400.000,
Contact STARLINK-1394 - MoonLRO,0.000,5400.000,5400.000,
Contact STARLINK-1394 - MarsSat1,0.000,5400.000,5400.000,
Contact STARLINK-1394 - MarsSat2,0.000,5400.000,5400.000,
Contact STARLINK-1394 - MarsSat3,2069.314,5400.000,3330.686,
Contact STARLINK-1394 - MarsSat4,0.000,5400.000,5400.000,
Contact STARLINK-3334 - STARLINK-4732,0.000,4012.823,4012.823,
Contact STARLINK-3334 - STARLINK-4004,0.000,5400.000,5400.000,
Contact STARLINK-3334 - STARLINK-31260,3205.481,3799.736,594.255,
Contact STARLINK-3334 - STARLINK-6168,3565.861,4536.265,970.404,
Contact STARLINK-3334 - STARLINK-5939,0.000,5400.000,5400.000,
Contact STARLINK-3334 - STARLINK-4120,4400.556,5400.000,999.444,
Contact STARLINK-3334 - STARLINK-30331,3067.526,4296.695,1229.169,
Contact STARLINK-3334 - STARLINK-31707,3113.590,4237.315,1123.725,
Contact STARLINK-3334 - STARLINK-2193,0.000,5400.000,5400.000,
Contact STARLINK-3334 - STARLINK-30303,0.000,5400.000,5400.000,
Contact STARLINK-3334 - STARLINK-31083,0.000,5400.000,5400.000,
Contact STARLINK-3334 - STARLINK-4090,0.000,5400.000,5400.000,
Contact STARLINK-3334 - STARLINK-2504,0.000,2941.411,2941.411,
Contact STARLINK-3334 - STARLINK-2504,4385.105,5400.000,1014.895,
Contact STARLINK-3334 - STARLINK-30299,0.000,5400.000,5400.000,
Contact STARLINK-3334 - MoonARTEMIS1,1583.765,5203.422,3619.657,
Contact STARLINK-3334 - MoonARTEMIS2,1658.788,5263.804,3605.016,
Contact STARLINK-3334 - MoonIOAGEO,1602.715,5212.731,3610.016,
Contact STARLINK-3334 - MoonIOAGNO,1596.554,5215.324,3618.770,
Contact STARLINK-3334 - MoonIOAGNO 0001,1605.987,5209.059,3603.072,
Contact STARLINK-3334 - MoonIOAGSO,1612.721,5221.436,3608.715,
Contact STARLINK-3334 - MoonIOAGSO 0001,1630.959,5246.368,3615.409,
Contact STARLINK-3334 - MoonLRO,3478.253,5226.455,1748.202,
Contact STARLINK-3334 - MarsSat1,0.000,5400.000,5400.000,
Contact STARLINK-3334 - MarsSat2,0.000,5400.000,5400.000,
Contact STARLINK-3334 - MarsSat3,3562.540,5400.000,1837.460,
Contact STARLINK-3334 - MarsSat4,0.000,5400.000,5400.000,
Contact STARLINK-6347 - STARLINK-30883,0.000,5400.000,5400.000,
Contact STARLINK-6347 - STARLINK-31021,0.000,453.646,453.646,
Contact STARLINK-6347 - STARLINK-31260,0.000,5400.000,5400.000,
Contact STARLINK-6347 - STARLINK-30944,0.000,533.398,533.398,
Contact STARLINK-6347 - STARLINK-30944,5156.517,5400.000,243.483,
Contact STARLINK-6347 - STARLINK-6207,0.000,420.153,420.153,
Contact STARLINK-6347 - STARLINK-6207,5175.522,5400.000,224.478,
Contact STARLINK-6347 - STARLINK-1028,0.000,78.965,78.965,
Contact STARLINK-6347 - STARLINK-1028,5157.521,5400.000,242.479,
Contact STARLINK-6347 - STARLINK-2193,3337.665,4040.172,702.507,
Contact STARLINK-6347 - STARLINK-30575,0.000,475.900,475.900,
Contact STARLINK-6347 - STARLINK-31992,4890.050,5400.000,509.950,
Contact STARLINK-6347 - STARLINK-31276,4148.913,5400.000,1251.087,
Contact STARLINK-6347 - STARLINK-30303,3214.632,4156.790,942.158,
Contact STARLINK-6347 - STARLINK-31083,3537.355,4120.477,583.122,
Contact STARLINK-6347 - STARLINK-6346,0.000,228.233,228.233,
Contact STARLINK-6347 - STARLINK-6346,4776.049,5400.000,623.951,
Contact STARLINK-6347 - STARLINK-30299,3057.136,4032.369,975.233,
Contact STARLINK-6347 - MoonARTEMIS1,569.489,4612.798,4043.309,
Contact STARLINK-6347 - MoonARTEMIS2,699.266,4647.264,3947.997,
Contact STARLINK-6347 - MoonIOAGEO,607.920,4618.726,4010.806,
Contact STARLINK-6347 - MoonIOAGNO,605.319,4623.684,4018.365,
Contact STARLINK-6347 - MoonIOAGNO 0001,633.772,4654.375,4020.603,
Contact STARLINK-6347 - MoonIOAGSO,610.290,4615.303,4005.013,
Contact STARLINK-6347 - MoonIOAGSO 0001,625.729,4591.750,3966.021,
Contact STARLINK-6347 - MoonLRO,3457.713,4613.325,1155.612,
Contact STARLINK-6347 - MarsSat1,0.000,5400.000,5400.000,
Contact STARLINK-6347 - MarsSat2,0.000,5400.000,5400.000,
Contact STARLINK-6347 - MarsSat3,1537.690,5400.000,3862.310,
Contact STARLINK-6347 - MarsSat4,0.000,5400.000,5400.000,
Contact STARLINK-4732 - STARLINK-4004,0.000,713.467,713.467,
Contact STARLINK-4732 - STARLINK-4004,5371.135,5400.000,28.865,
Contact STARLINK-4732 - STARLINK-31577,0.000,69.070,69.070,
Contact STARLINK-4732 - STARLINK-31577,4926.223,5400.000,473.777,
Contact STARLINK-4732 - STARLINK-31260,277.938,4864.722,4586.784,
Contact STARLINK-4732 - STARLINK-5939,3008.821,3836.275,827.454,
Contact STARLINK-4732 - STARLINK-4120,0.000,155.168,155.168,
Contact STARLINK-4732 - STARLINK-4120,5195.809,5400.000,204.191,
Contact STARLINK-4732 - STARLINK-30331,0.000,5400.000,5400.000,
Contact STARLINK-4732 - STARLINK-31707,0.000,5400.000,5400.000,
Contact STARLINK-4732 - STARLINK-2193,0.000,5400.000,5400.000,
Contact STARLINK-4732 - STARLINK-31653,4946.401,5400.000,453.599,
Contact STARLINK-4732 - STARLINK-30575,0.000,189.193,189.193,
Contact STARLINK-4732 - STARLINK-30575,5123.963,5400.000,276.037,
Contact STARLINK-4732 - STARLINK-31992,4609.274,5400.000,790.726,
Contact STARLINK-4732 - STARLINK-30715,4897.664,5400.000,502.336,
Contact STARLINK-4732 - STARLINK-30303,0.000,5400.000,5400.000,
Contact STARLINK-4732 - STARLINK-31083,0.000,5400.000,5400.000,
Contact STARLINK-4732 - STARLINK-4090,3270.852,4012.693,741.841,
Contact STARLINK-4732 - STARLINK-2504,0.000,327.887,327.887,
Contact STARLINK-4732 - STARLINK-2504,5196.534,5400.000,203.466,
Contact STARLINK-4732 - STARLINK-30299,0.000,5400.000,5400.000,
Contact STARLINK-4732 - STARLINK-3911,0.000,89.837,89.837,
Contact STARLINK-4732 - STARLINK-3911,4972.255,5400.000,427.745,
Contact STARLINK-4732 - MoonARTEMIS1,1312.510,4894.510,3582.000,
Contact STARLINK-4732 - MoonARTEMIS2,1370.628,4957.540,3586.912,
Contact STARLINK-4732 - MoonIOAGEO,1327.626,4904.382,3576.757,
Contact STARLINK-4732 - MoonIOAGNO,1331.208,4908.021,3576.814,
Contact STARLINK-4732 - MoonIOAGNO 0001,1347.045,4924.599,3577.554,
Contact STARLINK-4732 - MoonIOAGSO,1324.624,4908.841,3584.217,
Contact STARLINK-4732 - MoonIOAGSO 0001,1325.682,4908.554,3582.872,
Contact STARLINK-4732 - MoonLRO,3485.528,4910.805,1425.277,
Contact STARLINK-4732 - MarsSat1,0.000,5400.000,5400.000,
Contact STARLINK-4732 - MarsSat2,0.000,5400.000,5400.000,
Contact STARLINK-4732 - MarsSat3,3587.440,5400.000,1812.560,
Contact STARLINK-4732 - MarsSat4,0.000,5400.000,5400.000,
Contact STARLINK-1777 - STARLINK-4134,0.000,4157.336,4157.336,
Contact STARLINK-1777 - STARLINK-2684,0.000,522.730,522.730,
Contact STARLINK-1777 - STARLINK-2609,607.355,5129.331,4521.976,
Contact STARLINK-1777 - STARLINK-31041,0.000,211.849,211.849,
Contact STARLINK-1777 - STARLINK-31412,3318.571,3749.837,431.266,
Contact STARLINK-1777 - STARLINK-31245,0.000,5400.000,5400.000,
Contact STARLINK-1777 - STARLINK-3991,0.000,5400.000,5400.000,
Contact STARLINK-1777 - STARLINK-3394,0.000,5400.000,5400.000,
Contact STARLINK-1777 - STARLINK-32185,3135.951,3821.726,685.775,
Contact STARLINK-1777 - STARLINK-31091,0.000,5400.000,5400.000,
Contact STARLINK-1777 - STARLINK-11130 [DTC],0.000,5400.000,5400.000,
Contact STARLINK-1777 - STARLINK-4260,4804.849,5400.000,595.151,
Contact STARLINK-1777 - STARLINK-4130,0.000,4083.074,4083.074,
Contact STARLINK-1777 - STARLINK-31917,0.000,512.461,512.461,
Contact STARLINK-1777 - STARLINK-31917,5189.993,5400.000,210.007,
Contact STARLINK-1777 - MoonARTEMIS1,0.000,1979.628,1979.628,
Contact STARLINK-1777 - MoonARTEMIS1,4161.459,5400.000,1238.541,
Contact STARLINK-1777 - MoonARTEMIS2,0.000,2038.853,2038.853,
Contact STARLINK-1777 - MoonARTEMIS2,4214.501,5400.000,1185.499,
Contact STARLINK-1777 - MoonIOAGEO,0.000,1993.338,1993.338,
Contact STARLINK-1777 - MoonIOAGEO,4171.009,5400.000,1228.991,
Contact STARLINK-1777 - MoonIOAGNO,0.000,1996.864,1996.864,
Contact STARLINK-1777 - MoonIOAGNO,4174.259,5400.000,1225.741,
Contact STARLINK-1777 - MoonIOAGNO 0001,0.000,2012.299,2012.299,
Contact STARLINK-1777 - MoonIOAGNO 0001,4191.900,5400.000,1208.100,
Contact STARLINK-1777 - MoonIOAGSO,0.000,1992.202,1992.202,
Contact STARLINK-1777 - MoonIOAGSO,4172.930,5400.000,1227.070,
Contact STARLINK-1777 - MoonIOAGSO 0001,0.000,1994.185,1994.185,
Contact STARLINK-1777 - MoonIOAGSO 0001,4169.201,5400.000,1230.799,
Contact STARLINK-1777 - MoonLRO,0.000,1184.371,1184.371,
Contact STARLINK-1777 - MoonLRO,4175.763,5400.000,1224.237,
Contact STARLINK-1777 - MarsSat1,763.480,4347.604,3584.124,
Contact STARLINK-1777 - MarsSat2,763.360,4347.504,3584.144,
Contact STARLINK-1777 - MarsSat3,763.446,4347.593,3584.147,
Contact STARLINK-1777 - MarsSat4,763.440,4347.559,3584.119,
Contact STARLINK-4134 - STARLINK-2684,0.000,5400.000,5400.000,
Contact STARLINK-4134 - STARLINK-2609,3348.285,4276.560,928.275,
Contact STARLINK-4134 - STARLINK-31041,0.000,52.265,52.265,
Contact STARLINK-4134 - STARLINK-31041,4692.656,5400.000,707.344,
Contact STARLINK-4134 - STARLINK-31412,5149.411,5400.000,250.589,
Contact STARLINK-4134 - STARLINK-31245,0.000,4063.853,4063.853,
Contact STARLINK-4134 - STARLINK-32246,0.000,698.875,698.875,
Contact STARLINK-4134 - STARLINK-3991,0.000,5400.000,5400.000,
Contact STARLINK-4134 - STARLINK-3394,0.000,3988.402,3988.402,
Contact STARLINK-4134 - STARLINK-32185,2258.440,5400.000,3141.560,
Contact STARLINK-4134 - STARLINK-4437,4714.801,5400.000,685.199,
Contact STARLINK-4134 - STARLINK-1090,0.000,583.026,583.026,
Contact STARLINK-4134 - STARLINK-31276,5234.488,5400.000,165.512,
Contact STARLINK-4134 - STARLINK-31091,0.000,5400.000,5400.000,
Contact STARLINK-4134 - STARLINK-11130 [DTC],3267.493,4210.639,943.146,
Contact STARLINK-4134 - STARLINK-4130,0.000,5400.000,5400.000,
Contact STARLINK-4134 - STARLINK-31917,0.000,3130.188,3130.188,
Contact STARLINK-4134 - STARLINK-31917,4157.325,5400.000,1242.675,
Contact STARLINK-4134 - MoonARTEMIS1,0.000,2166.186,2166.186,
Contact STARLINK-4134 - MoonARTEMIS1,4264.494,5400.000,1135.506,
Contact STARLINK-4134 - MoonARTEMIS2,0.000,2244.187,2244.187,
Contact STARLINK-4134 - MoonARTEMIS2,4349.234,5400.000,1050.766,
Contact STARLINK-4134 - MoonIOAGEO,0.000,2184.095,2184.095,
Contact STARLINK-4134 - MoonIOAGEO,4279.526,5400.000,1120.474,
Contact STARLINK-4134 - MoonIOAGNO,0.000,2179.302,2179.302,
Contact STARLINK-4134 - MoonIOAGNO,4281.317,5400.000,1118.683,
Contact STARLINK-4134 - MoonIOAGNO 0001,0.000,2186.655,2186.655,
Contact STARLINK-4134 - MoonIOAGNO 0001,4290.011,5400.000,1109.989,
Contact STARLINK-4134 - MoonIOAGSO,0.000,2195.032,2195.032,
Contact STARLINK-4134 - MoonIOAGSO,4289.114,5400.000,1110.886,
Contact STARLINK-4134 - MoonIOAGSO 0001,0.000,2216.343,2216.343,
Contact STARLINK-4134 - MoonIOAGSO 0001,4306.655,5400.000,1093.345,
Contact STARLINK-4134 - MoonLRO,0.000,1159.473,1159.473,
Contact STARLINK-4134 - MoonLRO,4296.249,5400.000,1103.751,
Contact STARLINK-4134 - MarsSat1,530.102,4183.546,3653.444,
Contact STARLINK-4134 - MarsSat2,529.990,4183.464,3653.474,
Contact STARLINK-4134 - MarsSat3,748.593,4183.525,3434.933,
Contact STARLINK-4134 - MarsSat4,530.065,4183.527,3653.462,
Contact STARLINK-4004 - STARLINK-6168,3231.797,4235.481,1003.684,
Contact STARLINK-4004 - STARLINK-4120,3946.451,5400.000,1453.549,
Contact STARLINK-4004 - STARLINK-30331,0.000,3848.366,3848.366,
Contact STARLINK-4004 - STARLINK-31707,2889.091,3828.873,939.781,
Contact STARLINK-4004 - STARLINK-2193,0.000,5400.000,5400.000,
Contact STARLINK-4004 - STARLINK-30575,0.000,5400.000,5400.000,
Contact STARLINK-4004 - STARLINK-30303,0.000,3571.080,3571.080,
Contact STARLINK-4004 - STARLINK-30303,4446.347,5400.000,953.653,
Contact STARLINK-4004 - STARLINK-6366,3462.156,4241.219,779.064,
Contact STARLINK-4004 - STARLINK-31083,0.000,5400.000,5400.000,
Contact STARLINK-4004 - STARLINK-2504,0.000,3090.062,3090.062,
Contact STARLINK-4004 - STARLINK-2504,3633.994,5400.000,1766.006,
Contact STARLINK-4004 - STARLINK-30299,0.000,5400.000,5400.000,
Contact STARLINK-4004 - MoonARTEMIS1,1233.375,4808.200,3574.825,
Contact STARLINK-4004 - MoonARTEMIS2,1293.075,4860.536,3567.461,
Contact STARLINK-4004 - MoonIOAGEO,1249.074,4816.602,3567.528,
Contact STARLINK-4004 - MoonIOAGNO,1240.859,4817.646,3576.787,
Contact STARLINK-4004 - MoonIOAGNO 0001,1246.851,4810.932,3564.081,
Contact STARLINK-4004 - MoonIOAGSO,1259.963,4824.931,3564.968,
Contact STARLINK-4004 - MoonIOAGSO 0001,1277.421,4848.676,3571.255,
Contact STARLINK-4004 - MoonLRO,3456.981,4830.569,1373.588,
Contact STARLINK-4004 - MarsSat1,0.000,5400.000,5400.000,
Contact STARLINK-4004 - MarsSat2,0.000,5400.000,5400.000,
Contact STARLINK-4004 - MarsSat3,3291.439,5400.000,2108.561,
Contact STARLINK-4004 - MarsSat4,0.000,5400.000,5400.000,
Contact STARLINK-30883 - STARLINK-32165,3431.475,4051.951,620.476,
Contact STARLINK-30883 - STARLINK-31412,0.000,290.374,290.374,
Contact STARLINK-30883 - STARLINK-31412,4930.279,5400.000,469.721,
Contact STARLINK-30883 - STARLINK-31021,0.000,3710.943,3710.943,
Contact STARLINK-30883 - STARLINK-31260,784.063,5400.000,4615.937,
Contact STARLINK-30883 - STARLINK-1616,3267.009,3880.687,613.677,
Contact STARLINK-30883 - STARLINK-30944,0.000,637.865,637.865,
Contact STARLINK-30883 - STARLINK-6207,0.000,695.687,695.687,
Contact STARLINK-30883 - STARLINK-6207,5279.551,5400.000,120.449,
Contact STARLINK-30883 - STARLINK-1028,0.000,408.074,408.074,
Contact STARLINK-30883 - STARLINK-1028,5112.102,5400.000,287.898,
Contact STARLINK-30883 - STARLINK-32185,0.000,92.225,92.225,
Contact STARLINK-30883 - STARLINK-32185,4841.864,5400.000,558.136,
Contact STARLINK-30883 - STARLINK-31276,0.000,5400.000,5400.000,
Contact STARLINK-30883 - STARLINK-6346,0.000,465.513,465.513,
Contact STARLINK-30883 - STARLINK-6346,4926.475,5400.000,473.525,
Contact STARLINK-30883 - MoonARTEMIS1,0.000,5400.000,5400.000,
Contact STARLINK-30883 - MoonARTEMIS2,0.000,5400.000,5400.000,
Contact STARLINK-30883 - MoonIOAGEO,0.000,5400.000,5400.000,
Contact STARLINK-30883 - MoonIOAGNO,0.000,5400.000,5400.000,
Contact STARLINK-30883 - MoonIOAGNO 0001,0.000,5400.000,5400.000,
Contact STARLINK-30883 - MoonIOAGSO,0.000,5400.000,5400.000,
Contact STARLINK-30883 - MoonIOAGSO 0001,0.000,5400.000,5400.000,
Contact STARLINK-30883 - MoonLRO,0.000,5400.000,5400.000,
Contact STARLINK-30883 - MarsSat1,1517.182,5364.249,3847.067,
Contact STARLINK-30883 - MarsSat2,1517.253,5364.227,3846.974,
Contact STARLINK-30883 - MarsSat3,1517.190,5364.228,3847.039,
Contact STARLINK-30883 - MarsSat4,1517.212,5364.271,3847.059,
Contact STARLINK-32165 - STARLINK-31041,3254.942,4073.317,818.375,
Contact STARLINK-32165 - STARLINK-31021,0.000,2900.289,2900.289,
Contact STARLINK-32165 - STARLINK-31021,3954.646,5400.000,1445.354,
Contact STARLINK-32165 - STARLINK-3653,0.000,343.181,343.181,
Contact STARLINK-32165 - STARLINK-3653,5240.960,5400.000,159.040,
Contact STARLINK-32165 - STARLINK-1616,0.000,5400.000,5400.000,
Contact STARLINK-32165 - STARLINK-11142 [DTC],0.000,5400.000,5400.000,
Contact STARLINK-32165 - STARLINK-1750,0.000,5400.000,5400.000,
Contact STARLINK-32165 - STARLINK-6338,0.000,5400.000,5400.000,
Contact STARLINK-32165 - STARLINK-5475,3331.104,5400.000,2068.896,
Contact STARLINK-32165 - STARLINK-31276,3561.416,4437.952,876.536,
Contact STARLINK-32165 - MarsSat1,0.000,5400.000,5400.000,
Contact STARLINK-32165 - MarsSat2,0.000,5400.000,5400.000,
Contact STARLINK-32165 - MarsSat3,2205.772,5400.000,3194.228,
Contact STARLINK-32165 - MarsSat4,0.000,5400.000,5400.000,
Contact STARLINK-5433 - STARLINK-2609,3713.260,5400.000,1686.740,
Contact STARLINK-5433 - STARLINK-31564,0.000,5400.000,5400.000,
Contact STARLINK-5433 - STARLINK-3369,3377.890,3612.802,234.911,
Contact STARLINK-5433 - STARLINK-32246,3206.872,4522.048,1315.176,
Contact STARLINK-5433 - STARLINK-30141,0.000,3616.790,3616.790,
Contact STARLINK-5433 - STARLINK-2702,0.000,580.186,580.186,
Contact STARLINK-5433 - STARLINK-3991,3375.194,4394.349,1019.155,
Contact STARLINK-5433 - STARLINK-31248,2885.468,3706.382,820.914,
Contact STARLINK-5433 - STARLINK-5939,0.000,41.004,41.004,
Contact STARLINK-5433 - STARLINK-5939,4745.500,5400.000,654.500,
Contact STARLINK-5433 - STARLINK-5536,0.000,3639.737,3639.737,
Contact STARLINK-5433 - STARLINK-6172,4373.929,5400.000,1026.071,
Contact STARLINK-5433 - STARLINK-3394,625.074,4713.661,4088.587,
Contact STARLINK-5433 - STARLINK-4437,3473.687,4102.179,628.492,
Contact STARLINK-5433 - STARLINK-1090,3186.698,4460.542,1273.844,
Contact STARLINK-5433 - STARLINK-1208,0.000,5400.000,5400.000,
Contact STARLINK-5433 - STARLINK-1098,0.000,5400.000,5400.000,
Contact STARLINK-5433 - STARLINK-32045,4548.495,5400.000,851.505,
Contact STARLINK-5433 - STARLINK-4090,0.000,120.238,120.238,
Contact STARLINK-5433 - STARLINK-4090,4876.050,5400.000,523.950,
Contact STARLINK-5433 - STARLINK-5966,0.000,600.222,600.222,
Contact STARLINK-5433 - STARLINK-5966,5375.399,5400.000,24.601,
Contact STARLINK-5433 - MoonARTEMIS1,0.000,5400.000,5400.000,
Contact STARLINK-5433 - MoonARTEMIS2,0.000,5400.000,5400.000,
Contact STARLINK-5433 - MoonIOAGEO,0.000,5400.000,5400.000,
Contact STARLINK-5433 - MoonIOAGNO,0.000,5400.000,5400.000,
Contact STARLINK-5433 - MoonIOAGNO 0001,0.000,5400.000,5400.000,
Contact STARLINK-5433 - MoonIOAGSO,0.000,5400.000,5400.000,
Contact STARLINK-5433 - MoonIOAGSO 0001,0.000,5400.000,5400.000,
Contact STARLINK-5433 - MoonLRO,0.000,5400.000,5400.000,
Contact STARLINK-5433 - MarsSat1,0.000,2399.174,2399.174,
Contact STARLINK-5433 - MarsSat1,4003.981,5400.000,1396.019,
Contact STARLINK-5433 - MarsSat2,0.000,2399.135,2399.135,
Contact STARLINK-5433 - MarsSat2,4004.126,5400.000,1395.874,
Contact STARLINK-5433 - MarsSat3,4003.993,5400.000,1396.007,
Contact STARLINK-5433 - MarsSat4,0.000,2399.180,2399.180,
Contact STARLINK-5433 - MarsSat4,4004.056,5400.000,1395.944,
Contact STARLINK-30973 - STARLINK-31214,0.000,5400.000,5400.000,
Contact STARLINK-30973 - STARLINK-31564,3584.746,4137.467,552.721,
Contact STARLINK-30973 - STARLINK-3369,0.000,5400.000,5400.000,
Contact STARLINK-30973 - STARLINK-30141,4137.109,5400.000,1262.891,
Contact STARLINK-30973 - STARLINK-6168,5089.885,5400.000,310.115,
Contact STARLINK-30973 - STARLINK-2702,4274.559,5400.000,1125.441,
Contact STARLINK-30973 - STARLINK-31248,0.000,5400.000,5400.000,
Contact STARLINK-30973 - STARLINK-5536,3905.946,5400.000,1494.054,
Contact STARLINK-30973 - STARLINK-4120,2892.049,3806.385,914.336,
Contact STARLINK-30973 - STARLINK-2603,0.000,5400.000,5400.000,
Contact STARLINK-30973 - STARLINK-6172,0.000,5400.000,5400.000,
Contact STARLINK-30973 - STARLINK-32046,0.000,5400.000,5400.000,
Contact STARLINK-30973 - STARLINK-4437,0.000,4574.808,4574.808,
Contact STARLINK-30973 - STARLINK-1208,0.000,3700.215,3700.215,
Contact STARLINK-30973 - STARLINK-5849,0.000,43.723,43.723,
Contact STARLINK-30973 - STARLINK-5849,5153.797,5400.000,246.203,
Contact STARLINK-30973 - STARLINK-31653,0.000,790.052,790.052,
Contact STARLINK-30973 - STARLINK-30715,0.000,662.482,662.482,
Contact STARLINK-30973 - STARLINK-30715,5399.762,5400.000,0.238,
Contact STARLINK-30973 - STARLINK-6366,0.000,5400.000,5400.000,
Contact STARLINK-30973 - STARLINK-2504,3049.044,3822.306,773.261,
Contact STARLINK-30973 - STARLINK-30208,0.000,5400.000,5400.000,
Contact STARLINK-30973 - MoonARTEMIS1,0.000,5400.000,5400.000,
Contact STARLINK-30973 - MoonARTEMIS2,0.000,5400.000,5400.000,
Contact STARLINK-30973 - MoonIOAGEO,0.000,5400.000,5400.000,
Contact STARLINK-30973 - MoonIOAGNO,0.000,5400.000,5400.000,
Contact STARLINK-30973 - MoonIOAGNO 0001,0.000,5400.000,5400.000,
Contact STARLINK-30973 - MoonIOAGSO,0.000,5400.000,5400.000,
Contact STARLINK-30973 - MoonIOAGSO 0001,0.000,5400.000,5400.000,
Contact STARLINK-30973 - MoonLRO,0.000,5400.000,5400.000,
Contact STARLINK-30973 - MarsSat1,0.000,2845.811,2845.811,
Contact STARLINK-30973 - MarsSat1,4803.988,5400.000,596.012,
Contact STARLINK-30973 - MarsSat2,0.000,2845.699,2845.699,
Contact STARLINK-30973 - MarsSat2,4803.878,5400.000,596.122,
Contact STARLINK-30973 - MarsSat3,4803.969,5400.000,596.031,
Contact STARLINK-30973 - MarsSat4,0.000,2845.764,2845.764,
Contact STARLINK-30973 - MarsSat4,4803.951,5400.000,596.049,
Contact STARLINK-31577 - STARLINK-31214,3353.611,3772.998,419.387,
Contact STARLINK-31577 - STARLINK-31260,5162.353,5400.000,237.647,
Contact STARLINK-31577 - STARLINK-6168,0.000,788.897,788.897,
Contact STARLINK-31577 - STARLINK-6168,5376.872,5400.000,23.128,
Contact STARLINK-31577 - STARLINK-30331,0.000,334.924,334.924,
Contact STARLINK-31577 - STARLINK-30331,5215.757,5400.000,184.243,
Contact STARLINK-31577 - STARLINK-30944,849.529,5146.026,4296.497,
Contact STARLINK-31577 - STARLINK-31707,0.000,351.303,351.303,
Contact STARLINK-31577 - STARLINK-31707,5160.613,5400.000,239.387,
Contact STARLINK-31577 - STARLINK-5849,3155.367,4360.046,1204.679,
Contact STARLINK-31577 - STARLINK-31653,3117.186,4045.689,928.503,
Contact STARLINK-31577 - STARLINK-30575,0.000,5400.000,5400.000,
Contact STARLINK-31577 - STARLINK-31992,0.000,5400.000,5400.000,
Contact STARLINK-31577 - STARLINK-30715,3134.160,4325.917,1191.757,
Contact STARLINK-31577 - STARLINK-2504,0.000,1478.303,1478.303,
Contact STARLINK-31577 - STARLINK-6346,3571.200,5400.000,1828.800,
Contact STARLINK-31577 - STARLINK-30208,3318.584,3649.372,330.788,
Contact STARLINK-31577 - STARLINK-3911,0.000,5400.000,5400.000,
Contact STARLINK-31577 - MoonARTEMIS1,740.976,3939.835,3198.859,
Contact STARLINK-31577 - MoonARTEMIS2,771.610,3993.631,3222.020,
Contact STARLINK-31577 - MoonIOAGEO,749.327,3949.079,3199.752,
Contact STARLINK-31577 - MoonIOAGNO,737.938,3947.402,3209.463,
Contact STARLINK-31577 - MoonIOAGNO 0001,737.518,3941.415,3203.898,
Contact STARLINK-31577 - MoonIOAGSO,762.278,3958.922,3196.644,
Contact STARLINK-31577 - MoonIOAGSO 0001,777.649,3983.545,3205.897,
Contact STARLINK-31577 - MoonLRO,3437.642,3965.597,527.955,
Contact STARLINK-31577 - MarsSat1,0.000,5400.000,5400.000,
Contact STARLINK-31577 - MarsSat2,0.000,5400.000,5400.000,
Contact STARLINK-31577 - MarsSat3,3026.127,5400.000,2373.873,
Contact STARLINK-31577 - MarsSat4,0.000,5400.000,5400.000,
Contact STARLINK-31214 - STARLINK-3369,0.000,5400.000,5400.000,
Contact STARLINK-31214 - STARLINK-31248,0.000,504.285,504.285,
Contact STARLINK-31214 - STARLINK-31248,5318.308,5400.000,81.692,
Contact STARLINK-31214 - STARLINK-4120,0.000,5400.000,5400.000,
Contact STARLINK-31214 - STARLINK-30331,5046.637,5400.000,353.363,
Contact STARLINK-31214 - STARLINK-2603,0.000,5400.000,5400.000,
Contact STARLINK-31214 - STARLINK-6172,0.000,5400.000,5400.000,
Contact STARLINK-31214 - STARLINK-32046,0.000,5400.000,5400.000,
Contact STARLINK-31214 - STARLINK-4437,2962.519,3797.951,835.432,
Contact STARLINK-31214 - STARLINK-1090,3304.808,3669.747,364.939,
Contact STARLINK-31214 - STARLINK-1208,0.000,5400.000,5400.000,
Contact STARLINK-31214 - STARLINK-31653,0.000,5400.000,5400.000,
Contact STARLINK-31214 - STARLINK-30715,0.000,5400.000,5400.000,
Contact STARLINK-31214 - STARLINK-6366,0.000,5400.000,5400.000,
Contact STARLINK-31214 - STARLINK-2504,146.778,4794.525,4647.747,
Contact STARLINK-31214 - STARLINK-30208,0.000,5400.000,5400.000,
Contact STARLINK-31214 - STARLINK-3911,3239.391,4169.551,930.160,
Contact STARLINK-31214 - MoonARTEMIS1,0.000,5400.000,5400.000,
Contact STARLINK-31214 - MoonARTEMIS2,0.000,5400.000,5400.000,
Contact STARLINK-31214 - MoonIOAGEO,0.000,5400.000,5400.000,
Contact STARLINK-31214 - MoonIOAGNO,0.000,5400.000,5400.000,
Contact STARLINK-31214 - MoonIOAGNO 0001,0.000,5400.000,5400.000,
Contact STARLINK-31214 - MoonIOAGSO,0.000,5400.000,5400.000,
Contact STARLINK-31214 - MoonIOAGSO 0001,0.000,5400.000,5400.000,
Contact STARLINK-31214 - MoonLRO,0.000,5400.000,5400.000,
Contact STARLINK-31214 - MarsSat1,0.000,5400.000,5400.000,
Contact STARLINK-31214 - MarsSat2,0.000,5400.000,5400.000,
Contact STARLINK-31214 - MarsSat3,3369.986,5400.000,2030.014,
Contact STARLINK-31214 - MarsSat4,0.000,5400.000,5400.000,
Contact STARLINK-2684 - STARLINK-2609,3020.584,3932.854,912.271,
Contact STARLINK-2684 - STARLINK-31245,0.000,626.553,626.553,
Contact STARLINK-2684 - STARLINK-31245,5325.431,5400.000,74.569,
Contact STARLINK-2684 - STARLINK-3369,5041.564,5400.000,358.436,
Contact STARLINK-2684 - STARLINK-32246,0.000,527.622,527.622,
Contact STARLINK-2684 - STARLINK-32246,5019.845,5400.000,380.155,
Contact STARLINK-2684 - STARLINK-30141,0.000,5400.000,5400.000,
Contact STARLINK-2684 - STARLINK-2702,0.000,5400.000,5400.000,
Contact STARLINK-2684 - STARLINK-3991,0.000,691.055,691.055,
Contact STARLINK-2684 - STARLINK-3991,4895.123,5400.000,504.877,
Contact STARLINK-2684 - STARLINK-5536,0.000,5400.000,5400.000,
Contact STARLINK-2684 - STARLINK-5161,3402.743,4279.669,876.926,
Contact STARLINK-2684 - STARLINK-2603,0.000,8.371,8.371,
Contact STARLINK-2684 - STARLINK-3394,0.000,701.690,701.690,
Contact STARLINK-2684 - STARLINK-3394,5302.971,5400.000,97.029,
Contact STARLINK-2684 - STARLINK-4437,4365.409,5400.000,1034.591,
Contact STARLINK-2684 - STARLINK-1090,0.000,470.494,470.494,
Contact STARLINK-2684 - STARLINK-1090,5016.874,5400.000,383.126,
Contact STARLINK-2684 - STARLINK-31091,0.000,5400.000,5400.000,
Contact STARLINK-2684 - STARLINK-4130,0.000,5400.000,5400.000,
Contact STARLINK-2684 - STARLINK-1098,0.000,573.215,573.215,
Contact STARLINK-2684 - STARLINK-5966,180.725,5400.000,5219.275,
Contact STARLINK-2684 - STARLINK-31917,0.000,5400.000,5400.000,
Contact STARLINK-2684 - MoonARTEMIS1,0.000,1621.602,1621.602,
Contact STARLINK-2684 - MoonARTEMIS1,3739.343,5400.000,1660.657,
Contact STARLINK-2684 - MoonARTEMIS2,0.000,1693.310,1693.310,
Contact STARLINK-2684 - MoonARTEMIS2,3819.355,5400.000,1580.645,
Contact STARLINK-2684 - MoonIOAGEO,0.000,1639.139,1639.139,
Contact STARLINK-2684 - MoonIOAGEO,3754.665,5400.000,1645.335,
Contact STARLINK-2684 - MoonIOAGNO,0.000,1632.448,1632.448,
Contact STARLINK-2684 - MoonIOAGNO,3754.629,5400.000,1645.371,
Contact STARLINK-2684 - MoonIOAGNO 0001,0.000,1639.490,1639.490,
Contact STARLINK-2684 - MoonIOAGNO 0001,3761.605,5400.000,1638.395,
Contact STARLINK-2684 - MoonIOAGSO,0.000,1650.284,1650.284,
Contact STARLINK-2684 - MoonIOAGSO,3764.463,5400.000,1635.537,
Contact STARLINK-2684 - MoonIOAGSO 0001,0.000,1670.537,1670.537,
Contact STARLINK-2684 - MoonIOAGSO 0001,3783.744,5400.000,1616.256,
Contact STARLINK-2684 - MoonLRO,0.000,1141.712,1141.712,
Contact STARLINK-2684 - MoonLRO,3772.704,5400.000,1627.296,
Contact STARLINK-2684 - MarsSat1,0.000,3656.003,3656.003,
Contact STARLINK-2684 - MarsSat2,0.000,3655.926,3655.926,
Contact STARLINK-2684 - MarsSat3,748.410,3655.980,2907.570,
Contact STARLINK-2684 - MarsSat4,0.000,3655.987,3655.987,
Contact STARLINK-2609 - STARLINK-31564,0.000,2911.438,2911.438,
Contact STARLINK-2609 - STARLINK-31564,4475.941,5400.000,924.059,
Contact STARLINK-2609 - STARLINK-31245,553.949,5017.193,4463.244,
Contact STARLINK-2609 - STARLINK-2702,0.000,678.147,678.147,
Contact STARLINK-2609 - STARLINK-3991,3438.899,4598.167,1159.267,
Contact STARLINK-2609 - STARLINK-5161,0.000,5400.000,5400.000,
Contact STARLINK-2609 - STARLINK-3394,404.926,5231.689,4826.762,
Contact STARLINK-2609 - STARLINK-11086 [DTC],3828.456,5400.000,1571.544,
Contact STARLINK-2609 - STARLINK-5475,0.000,2908.375,2908.375,
Contact STARLINK-2609 - STARLINK-5475,4484.839,5400.000,915.161,
Contact STARLINK-2609 - STARLINK-31091,3108.638,4037.067,928.429,
Contact STARLINK-2609 - STARLINK-11130 [DTC],0.000,5400.000,5400.000,
Contact STARLINK-2609 - STARLINK-4260,0.000,381.277,381.277,
Contact STARLINK-2609 - STARLINK-4260,5228.382,5400.000,171.618,
Contact STARLINK-2609 - STARLINK-4130,3300.312,4237.213,936.900,
Contact STARLINK-2609 - STARLINK-32045,0.000,3025.560,3025.560,
Contact STARLINK-2609 - STARLINK-32045,4349.928,5400.000,1050.072,
Contact STARLINK-2609 - STARLINK-5966,0.000,545.217,545.217,
Contact STARLINK-2609 - STARLINK-31917,2891.267,3739.472,848.205,
Contact STARLINK-2609 - MoonARTEMIS1,0.000,2344.774,2344.774,
Contact STARLINK-2609 - MoonARTEMIS1,4198.163,5400.000,1201.837,
Contact STARLINK-2609 - MoonARTEMIS2,0.000,2356.072,2356.072,
Contact STARLINK-2609 - MoonARTEMIS2,4282.351,5400.000,1117.649,
Contact STARLINK-2609 - MoonIOAGEO,0.000,2347.167,2347.167,
Contact STARLINK-2609 - MoonIOAGEO,4214.276,5400.000,1185.724,
Contact STARLINK-2609 - MoonIOAGNO,0.000,2357.126,2357.126,
Contact STARLINK-2609 - MoonIOAGNO,4219.031,5400.000,1180.969,
Contact STARLINK-2609 - MoonIOAGNO 0001,0.000,2373.589,2373.589,
Contact STARLINK-2609 - MoonIOAGNO 0001,4244.968,5400.000,1155.032,
Contact STARLINK-2609 - MoonIOAGSO,0.000,2335.587,2335.587,
Contact STARLINK-2609 - MoonIOAGSO,4218.776,5400.000,1181.224,
Contact STARLINK-2609 - MoonIOAGSO 0001,0.000,2317.924,2317.924,
Contact STARLINK-2609 - MoonIOAGSO 0001,4216.862,5400.000,1183.138,
Contact STARLINK-2609 - MoonLRO,0.000,1176.602,1176.602,
Contact STARLINK-2609 - MoonLRO,4223.670,5400.000,1176.330,
Contact STARLINK-2609 - MarsSat1,0.000,5400.000,5400.000,
Contact STARLINK-2609 - MarsSat2,0.000,5400.000,5400.000,
Contact STARLINK-2609 - MarsSat3,748.497,5400.000,4651.503,
Contact STARLINK-2609 - MarsSat4,0.000,5400.000,5400.000,
Contact STARLINK-31041 - STARLINK-31412,0.000,372.038,372.038,
Contact STARLINK-31041 - STARLINK-31412,5021.780,5400.000,378.220,
Contact STARLINK-31041 - STARLINK-1616,3099.798,3923.044,823.246,
Contact STARLINK-31041 - STARLINK-11142 [DTC],3162.188,3931.233,769.045,
Contact STARLINK-31041 - STARLINK-1750,3419.799,4534.431,1114.632,
Contact STARLINK-31041 - STARLINK-1028,0.000,228.697,228.697,
Contact STARLINK-31041 - STARLINK-32185,0.000,45.843,45.843,
Contact STARLINK-31041 - STARLINK-32185,4714.097,5400.000,685.903,
Contact STARLINK-31041 - STARLINK-4437,4822.216,5400.000,577.784,
Contact STARLINK-31041 - STARLINK-6338,3244.139,4577.492,1333.353,
Contact STARLINK-31041 - STARLINK-5475,3053.066,3758.192,705.126,
Contact STARLINK-31041 - STARLINK-31276,0.000,5400.000,5400.000,
Contact STARLINK-31041 - STARLINK-31091,4677.141,5400.000,722.859,
Contact STARLINK-31041 - STARLINK-4130,4659.395,5400.000,740.605,
Contact STARLINK-31041 - MoonARTEMIS1,0.000,2344.120,2344.120,
Contact STARLINK-31041 - MoonARTEMIS1,4192.334,5400.000,1207.666,
Contact STARLINK-31041 - MoonARTEMIS2,0.000,2449.401,2449.401,
Contact STARLINK-31041 - MoonARTEMIS2,4197.228,5400.000,1202.772,
Contact STARLINK-31041 - MoonIOAGEO,0.000,2365.583,2365.583,
Contact STARLINK-31041 - MoonIOAGEO,4193.417,5400.000,1206.583,
Contact STARLINK-31041 - MoonIOAGNO,0.000,2358.086,2358.086,
Contact STARLINK-31041 - MoonIOAGNO,4188.518,5400.000,1211.482,
Contact STARLINK-31041 - MoonIOAGNO 0001,0.000,2363.559,2363.559,
Contact STARLINK-31041 - MoonIOAGNO 0001,4164.674,5400.000,1235.326,
Contact STARLINK-31041 - MoonIOAGSO,0.000,2381.910,2381.910,
Contact STARLINK-31041 - MoonIOAGSO,4202.383,5400.000,1197.617,
Contact STARLINK-31041 - MoonIOAGSO 0001,0.000,2413.387,2413.387,
Contact STARLINK-31041 - MoonIOAGSO 0001,4233.099,5400.000,1166.901,
Contact STARLINK-31041 - MoonLRO,0.000,1114.362,1114.362,
Contact STARLINK-31041 - MoonLRO,4206.283,5400.000,1193.717,
Contact STARLINK-31041 - MarsSat1,1114.346,4614.504,3500.158,
Contact STARLINK-31041 - MarsSat2,1114.374,4614.526,3500.152,
Contact STARLINK-31041 - MarsSat3,1114.346,4614.495,3500.149,
Contact STARLINK-31041 - MarsSat4,1114.357,4614.531,3500.174,
Contact STARLINK-31412 - STARLINK-31021,33.539,4667.479,4633.940,
Contact STARLINK-31412 - STARLINK-6207,0.000,5400.000,5400.000,
Contact STARLINK-31412 - STARLINK-1028,0.000,5400.000,5400.000,
Contact STARLINK-31412 - STARLINK-32185,0.000,5400.000,5400.000,
Contact STARLINK-31412 - STARLINK-5475,3513.844,4473.720,959.876,
Contact STARLINK-31412 - STARLINK-31276,0.000,5400.000,5400.000,
Contact STARLINK-31412 - STARLINK-6346,0.000,4300.855,4300.855,
Contact STARLINK-31412 - MoonARTEMIS1,0.000,2895.978,2895.978,
Contact STARLINK-31412 - MoonARTEMIS1,5083.568,5400.000,316.432,
Contact STARLINK-31412 - MoonARTEMIS2,0.000,2960.748,2960.748,
Contact STARLINK-31412 - MoonARTEMIS2,5147.940,5400.000,252.060,
Contact STARLINK-31412 - MoonIOAGEO,0.000,2909.396,2909.396,
Contact STARLINK-31412 - MoonIOAGEO,5093.698,5400.000,306.302,
Contact STARLINK-31412 - MoonIOAGNO,0.000,2906.534,2906.534,
Contact STARLINK-31412 - MoonIOAGNO,5096.022,5400.000,303.978,
Contact STARLINK-31412 - MoonIOAGNO 0001,0.000,2909.865,2909.865,
Contact STARLINK-31412 - MoonIOAGNO 0001,5094.710,5400.000,305.290,
Contact STARLINK-31412 - MoonIOAGSO,0.000,2919.076,2919.076,
Contact STARLINK-31412 - MoonIOAGSO,5102.502,5400.000,297.498,
Contact STARLINK-31412 - MoonIOAGSO 0001,0.000,2938.831,2938.831,
Contact STARLINK-31412 - MoonIOAGSO 0001,5123.365,5400.000,276.635,
Contact STARLINK-31412 - MoonLRO,0.000,1157.480,1157.480,
Contact STARLINK-31412 - MoonLRO,5107.016,5400.000,292.984,
Contact STARLINK-31412 - MarsSat1,1478.622,4984.657,3506.035,
Contact STARLINK-31412 - MarsSat2,1478.539,4984.607,3506.067,
Contact STARLINK-31412 - MarsSat3,1478.595,4984.639,3506.044,
Contact STARLINK-31412 - MarsSat4,1478.597,4984.657,3506.060,
Contact STARLINK-31564 - STARLINK-30141,3065.156,4070.119,1004.964,
Contact STARLINK-31564 - STARLINK-2702,2982.777,3808.982,826.205,
Contact STARLINK-31564 - STARLINK-31248,3296.902,4158.240,861.338,
Contact STARLINK-31564 - STARLINK-5939,0.000,492.807,492.807,
Contact STARLINK-31564 - STARLINK-5939,4993.342,5400.000,406.658,
Contact STARLINK-31564 - STARLINK-5536,3043.979,4111.869,1067.890,
Contact STARLINK-31564 - STARLINK-5161,0.000,169.731,169.731,
Contact STARLINK-31564 - STARLINK-1208,4376.578,5400.000,1023.422,
Contact STARLINK-31564 - STARLINK-32045,0.000,5400.000,5400.000,
Contact STARLINK-31564 - STARLINK-4090,0.000,609.490,609.490,
Contact STARLINK-31564 - STARLINK-4090,5056.961,5400.000,343.039,
Contact STARLINK-31564 - STARLINK-5966,0.000,3960.324,3960.324,
Contact STARLINK-31564 - MoonARTEMIS1,0.000,5400.000,5400.000,
Contact STARLINK-31564 - MoonARTEMIS2,0.000,5400.000,5400.000,
Contact STARLINK-31564 - MoonIOAGEO,0.000,5400.000,5400.000,
Contact STARLINK-31564 - MoonIOAGNO,0.000,5400.000,5400.000,
Contact STARLINK-31564 - MoonIOAGNO 0001,0.000,5400.000,5400.000,
Contact STARLINK-31564 - MoonIOAGSO,0.000,5400.000,5400.000,
Contact STARLINK-31564 - MoonIOAGSO 0001,0.000,5400.000,5400.000,
Contact STARLINK-31564 - MoonLRO,0.000,5400.000,5400.000,
Contact STARLINK-31564 - MarsSat1,0.000,2617.594,2617.594,
Contact STARLINK-31564 - MarsSat1,4733.200,5400.000,666.800,
Contact STARLINK-31564 - MarsSat2,0.000,2617.598,2617.598,
Contact STARLINK-31564 - MarsSat2,4733.227,5400.000,666.773,
Contact STARLINK-31564 - MarsSat3,4733.191,5400.000,666.809,
Contact STARLINK-31564 - MarsSat4,0.000,2617.607,2617.607,
Contact STARLINK-31564 - MarsSat4,4733.230,5400.000,666.770,
Contact STARLINK-31245 - STARLINK-32246,0.000,5400.000,5400.000,
Contact STARLINK-31245 - STARLINK-3991,0.000,5400.000,5400.000,
Contact STARLINK-31245 - STARLINK-3394,0.000,5400.000,5400.000,
Contact STARLINK-31245 - STARLINK-32185,3185.187,3638.293,453.106,
Contact STARLINK-31245 - STARLINK-1090,2421.505,5400.000,2978.495,
Contact STARLINK-31245 - STARLINK-31091,0.000,5400.000,5400.000,
Contact STARLINK-31245 - STARLINK-11130 [DTC],660.987,5400.000,4739.013,
Contact STARLINK-31245 - STARLINK-4260,4734.118,5400.000,665.882,
Contact STARLINK-31245 - STARLINK-4130,0.000,4011.508,4011.508,
Contact STARLINK-31245 - STARLINK-1098,3297.767,4352.522,1054.756,
Contact STARLINK-31245 - STARLINK-31917,0.000,473.526,473.526,
Contact STARLINK-31245 - STARLINK-31917,5096.098,5400.000,303.902,
Contact STARLINK-31245 - MoonARTEMIS1,0.000,1811.471,1811.471,
Contact STARLINK-31245 - MoonARTEMIS1,3995.994,5400.000,1404.006,
Contact STARLINK-31245 - MoonARTEMIS2,0.000,1868.411,1868.411,
Contact STARLINK-31245 - MoonARTEMIS2,4047.959,5400.000,1352.041,
Contact STARLINK-31245 - MoonIOAGEO,0.000,1824.926,1824.926,
Contact STARLINK-31245 - MoonIOAGEO,4005.605,5400.000,1394.395,
Contact STARLINK-31245 - MoonIOAGNO,0.000,1828.684,1828.684,
Contact STARLINK-31245 - MoonIOAGNO,4008.894,5400.000,1391.106,
Contact STARLINK-31245 - MoonIOAGNO 0001,0.000,1843.835,1843.835,
Contact STARLINK-31245 - MoonIOAGNO 0001,4026.382,5400.000,1373.618,
Contact STARLINK-31245 - MoonIOAGSO,0.000,1823.091,1823.091,
Contact STARLINK-31245 - MoonIOAGSO,4007.086,5400.000,1392.914,
Contact STARLINK-31245 - MoonIOAGSO 0001,0.000,1824.571,1824.571,
Contact STARLINK-31245 - MoonIOAGSO 0001,4003.316,5400.000,1396.684,
Contact STARLINK-31245 - MoonLRO,0.000,1187.110,1187.110,
Contact STARLINK-31245 - MoonLRO,4010.474,5400.000,1389.526,
Contact STARLINK-31245 - MarsSat1,597.020,4192.025,3595.005,
Contact STARLINK-31245 - MarsSat2,596.896,4191.922,3595.026,
Contact STARLINK-31245 - MarsSat3,748.652,4192.012,3443.360,
Contact STARLINK-31245 - MarsSat4,596.978,4191.978,3595.000,
Contact STARLINK-3369 - STARLINK-30141,4310.653,5400.000,1089.347,
Contact STARLINK-3369 - STARLINK-2702,4412.770,5400.000,987.230,
Contact STARLINK-3369 - STARLINK-31248,0.000,5400.000,5400.000,
Contact STARLINK-3369 - STARLINK-5536,0.000,2877.042,2877.042,
Contact STARLINK-3369 - STARLINK-5536,4149.484,5400.000,1250.516,
Contact STARLINK-3369 - STARLINK-4120,2980.544,3919.841,939.297,
Contact STARLINK-3369 - STARLINK-2603,0.000,5400.000,5400.000,
Contact STARLINK-3369 - STARLINK-6172,0.000,3950.343,3950.343,
Contact STARLINK-3369 - STARLINK-32046,0.000,5400.000,5400.000,
Contact STARLINK-3369 - STARLINK-4437,0.000,4518.941,4518.941,
Contact STARLINK-3369 - STARLINK-1090,0.000,5400.000,5400.000,
Contact STARLINK-3369 - STARLINK-1208,2891.744,3839.159,947.414,
Contact STARLINK-3369 - STARLINK-5849,0.000,115.619,115.619,
Contact STARLINK-3369 - STARLINK-5849,5241.792,5400.000,158.208,
Contact STARLINK-3369 - STARLINK-31653,2852.992,3695.115,842.123,
Contact STARLINK-3369 - STARLINK-30715,0.000,3626.097,3626.097,
Contact STARLINK-3369 - STARLINK-6366,0.000,5400.000,5400.000,
Contact STARLINK-3369 - STARLINK-2504,3134.842,3938.359,803.516,
Contact STARLINK-3369 - STARLINK-5966,4208.256,5400.000,1191.744,
Contact STARLINK-3369 - STARLINK-30208,0.000,5400.000,5400.000,
Contact STARLINK-3369 - MoonARTEMIS1,0.000,5400.000,5400.000,
Contact STARLINK-3369 - MoonARTEMIS2,0.000,5400.000,5400.000,
Contact STARLINK-3369 - MoonIOAGEO,0.000,5400.000,5400.000,
Contact STARLINK-3369 - MoonIOAGNO,0.000,5400.000,5400.000,
Contact STARLINK-3369 - MoonIOAGNO 0001,0.000,5400.000,5400.000,
Contact STARLINK-3369 - MoonIOAGSO,0.000,5400.000,5400.000,
Contact STARLINK-3369 - MoonIOAGSO 0001,0.000,5400.000,5400.000,
Contact STARLINK-3369 - MoonLRO,0.000,5400.000,5400.000,
Contact STARLINK-3369 - MarsSat1,0.000,3002.800,3002.800,
Contact STARLINK-3369 - MarsSat1,4841.390,5400.000,558.610,
Contact STARLINK-3369 - MarsSat2,0.000,3002.676,3002.676,
Contact STARLINK-3369 - MarsSat2,4841.266,5400.000,558.734,
Contact STARLINK-3369 - MarsSat3,4841.367,5400.000,558.633,
Contact STARLINK-3369 - MarsSat4,0.000,3002.745,3002.745,
Contact STARLINK-3369 - MarsSat4,4841.352,5400.000,558.648,
Contact STARLINK-32246 - STARLINK-30141,0.000,235.761,235.761,
Contact STARLINK-32246 - STARLINK-30141,4666.397,5400.000,733.603,
Contact STARLINK-32246 - STARLINK-2702,0.000,113.412,113.412,
Contact STARLINK-32246 - STARLINK-2702,4808.109,5400.000,591.891,
Contact STARLINK-32246 - STARLINK-3991,0.000,5400.000,5400.000,
Contact STARLINK-32246 - STARLINK-31248,0.000,228.513,228.513,
Contact STARLINK-32246 - STARLINK-5536,0.000,183.541,183.541,
Contact STARLINK-32246 - STARLINK-5536,4682.812,5400.000,717.188,
Contact STARLINK-32246 - STARLINK-4120,3583.219,4056.561,473.343,
Contact STARLINK-32246 - STARLINK-2603,0.000,4075.232,4075.232,
Contact STARLINK-32246 - STARLINK-6172,3275.458,3986.899,711.442,
Contact STARLINK-32246 - STARLINK-3394,0.000,5400.000,5400.000,
Contact STARLINK-32246 - STARLINK-4437,374.337,4739.292,4364.955,
Contact STARLINK-32246 - STARLINK-1090,0.000,5400.000,5400.000,
Contact STARLINK-32246 - STARLINK-1208,3099.328,4368.971,1269.642,
Contact STARLINK-32246 - STARLINK-31091,0.000,444.343,444.343,
Contact STARLINK-32246 - STARLINK-31091,5125.322,5400.000,274.678,
Contact STARLINK-32246 - STARLINK-4130,0.000,703.694,703.694,
Contact STARLINK-32246 - STARLINK-1098,0.000,5400.000,5400.000,
Contact STARLINK-32246 - STARLINK-5966,4642.982,5400.000,757.018,
Contact STARLINK-32246 - STARLINK-31917,0.000,120.420,120.420,
Contact STARLINK-32246 - STARLINK-31917,4972.845,5400.000,427.155,
Contact STARLINK-32246 - MoonARTEMIS1,0.000,5400.000,5400.000,
Contact STARLINK-32246 - MoonARTEMIS2,0.000,5400.000,5400.000,
Contact STARLINK-32246 - MoonIOAGEO,0.000,5400.000,5400.000,
Contact STARLINK-32246 - MoonIOAGNO,0.000,5400.000,5400.000,
Contact STARLINK-32246 - MoonIOAGNO 0001,0.000,5400.000,5400.000,
Contact STARLINK-32246 - MoonIOAGSO,0.000,5400.000,5400.000,
Contact STARLINK-32246 - MoonIOAGSO 0001,0.000,5400.000,5400.000,
Contact STARLINK-32246 - MoonLRO,0.000,5400.000,5400.000,
Contact STARLINK-32246 - MarsSat1,0.000,3744.597,3744.597,
Contact STARLINK-32246 - MarsSat2,0.000,3744.479,3744.479,
Contact STARLINK-32246 - MarsSat3,748.670,3744.583,2995.913,
Contact STARLINK-32246 - MarsSat4,0.000,3744.542,3744.542,
Contact STARLINK-31021 - STARLINK-1616,0.000,5400.000,5400.000,
Contact STARLINK-31021 - STARLINK-11142 [DTC],4068.690,5400.000,1331.310,
Contact STARLINK-31021 - STARLINK-1750,0.000,102.495,102.495,
Contact STARLINK-31021 - STARLINK-1750,4762.722,5400.000,637.278,
Contact STARLINK-31021 - STARLINK-30944,0.000,5400.000,5400.000,
Contact STARLINK-31021 - STARLINK-6207,0.000,5400.000,5400.000,
Contact STARLINK-31021 - STARLINK-1028,0.000,5400.000,5400.000,
Contact STARLINK-31021 - STARLINK-5849,3473.926,4105.966,632.040,
Contact STARLINK-31021 - STARLINK-6338,0.000,261.113,261.113,
Contact STARLINK-31021 - STARLINK-6338,4750.471,5400.000,649.529,
Contact STARLINK-31021 - STARLINK-31276,2926.210,4073.960,1147.751,
Contact STARLINK-31021 - STARLINK-6346,279.431,4952.177,4672.745,
Contact STARLINK-31021 - MoonARTEMIS1,0.000,3389.437,3389.437,
Contact STARLINK-31021 - MoonARTEMIS2,0.000,3471.342,3471.342,
Contact STARLINK-31021 - MoonIOAGEO,0.000,3405.465,3405.465,
Contact STARLINK-31021 - MoonIOAGNO,0.000,3406.005,3406.005,
Contact STARLINK-31021 - MoonIOAGNO 0001,0.000,3416.253,3416.253,
Contact STARLINK-31021 - MoonIOAGSO,0.000,3413.715,3413.715,
Contact STARLINK-31021 - MoonIOAGSO 0001,0.000,3430.016,3430.016,
Contact STARLINK-31021 - MoonLRO,0.000,1160.256,1160.256,
Contact STARLINK-31021 - MarsSat1,1884.745,5400.000,3515.255,
Contact STARLINK-31021 - MarsSat2,1884.649,5400.000,3515.351,
Contact STARLINK-31021 - MarsSat3,1884.719,5400.000,3515.281,
Contact STARLINK-31021 - MarsSat4,1884.714,5400.000,3515.286,
Contact STARLINK-3653 - STARLINK-1616,0.000,282.467,282.467,
Contact STARLINK-3653 - STARLINK-1616,5070.855,5400.000,329.145,
Contact STARLINK-3653 - STARLINK-2702,3471.927,4047.233,575.306,
Contact STARLINK-3653 - STARLINK-11142 [DTC],0.000,548.921,548.921,
Contact STARLINK-3653 - STARLINK-11142 [DTC],4864.372,5400.000,535.628,
Contact STARLINK-3653 - STARLINK-5161,0.000,5400.000,5400.000,
Contact STARLINK-3653 - STARLINK-1750,0.000,5400.000,5400.000,
Contact STARLINK-3653 - STARLINK-6338,0.000,5400.000,5400.000,
Contact STARLINK-3653 - STARLINK-11086 [DTC],0.000,5400.000,5400.000,
Contact STARLINK-3653 - STARLINK-5475,0.000,447.780,447.780,
Contact STARLINK-3653 - STARLINK-5475,4935.175,5400.000,464.825,
Contact STARLINK-3653 - STARLINK-11130 [DTC],0.000,156.198,156.198,
Contact STARLINK-3653 - STARLINK-11130 [DTC],4792.205,5400.000,607.795,
Contact STARLINK-3653 - STARLINK-4260,0.000,4202.832,4202.832,
Contact STARLINK-3653 - STARLINK-32045,0.000,344.967,344.967,
Contact STARLINK-3653 - STARLINK-31917,3417.067,4456.489,1039.422,
Contact STARLINK-3653 - MoonARTEMIS1,0.000,5400.000,5400.000,
Contact STARLINK-3653 - MoonARTEMIS2,0.000,5400.000,5400.000,
Contact STARLINK-3653 - MoonIOAGEO,0.000,5400.000,5400.000,
Contact STARLINK-3653 - MoonIOAGNO,0.000,5400.000,5400.000,
Contact STARLINK-3653 - MoonIOAGNO 0001,0.000,5400.000,5400.000,
Contact STARLINK-3653 - MoonIOAGSO,0.000,5400.000,5400.000,
Contact STARLINK-3653 - MoonIOAGSO 0001,0.000,5400.000,5400.000,
Contact STARLINK-3653 - MoonLRO,0.000,5400.000,5400.000,
Contact STARLINK-3653 - MarsSat1,0.000,3890.919,3890.919,
Contact STARLINK-3653 - MarsSat2,0.000,3890.874,3890.874,
Contact STARLINK-3653 - MarsSat3,747.886,3890.888,3143.002,
Contact STARLINK-3653 - MarsSat4,0.000,3890.937,3890.937,
Contact STARLINK-31260 - STARLINK-30944,0.000,394.055,394.055,
Contact STARLINK-31260 - STARLINK-30944,5150.971,5400.000,249.029,
Contact STARLINK-31260 - STARLINK-31707,3555.917,4483.096,927.179,
Contact STARLINK-31260 - STARLINK-6207,0.000,103.076,103.076,
Contact STARLINK-31260 - STARLINK-6207,5248.190,5400.000,151.810,
Contact STARLINK-31260 - STARLINK-2193,3133.543,4052.745,919.202,
Contact STARLINK-31260 - STARLINK-30575,0.000,512.841,512.841,
Contact STARLINK-31260 - STARLINK-30575,5299.652,5400.000,100.348,
Contact STARLINK-31260 - STARLINK-31992,4855.143,5400.000,544.857,
Contact STARLINK-31260 - STARLINK-30303,3057.953,4093.044,1035.091,
Contact STARLINK-31260 - STARLINK-31083,3205.149,4158.731,953.582,
Contact STARLINK-31260 - STARLINK-6346,0.000,92.582,92.582,
Contact STARLINK-31260 - STARLINK-6346,4835.540,5400.000,564.460,
Contact STARLINK-31260 - STARLINK-30299,2879.021,3970.533,1091.513,
Contact STARLINK-31260 - STARLINK-3911,0.000,207.073,207.073,
Contact STARLINK-31260 - STARLINK-3911,5222.521,5400.000,177.479,
Contact STARLINK-31260 - MoonARTEMIS1,1074.180,4684.808,3610.628,
Contact STARLINK-31260 - MoonARTEMIS2,1140.711,4707.604,3566.893,
Contact STARLINK-31260 - MoonIOAGEO,1092.891,4688.528,3595.636,
Contact STARLINK-31260 - MoonIOAGNO,1097.535,4691.842,3594.307,
Contact STARLINK-31260 - MoonIOAGNO 0001,1116.248,4713.573,3597.325,
Contact STARLINK-31260 - MoonIOAGSO,1088.428,4685.964,3597.536,
Contact STARLINK-31260 - MoonIOAGSO 0001,1089.633,4668.015,3578.383,
Contact STARLINK-31260 - MoonLRO,3466.232,4684.195,1217.964,
Contact STARLINK-31260 - MarsSat1,0.000,5400.000,5400.000,
Contact STARLINK-31260 - MarsSat2,0.000,5400.000,5400.000,
Contact STARLINK-31260 - MarsSat3,747.468,5400.000,4652.532,
Contact STARLINK-31260 - MarsSat4,0.000,5400.000,5400.000,
Contact STARLINK-30141 - STARLINK-2702,0.000,5400.000,5400.000,
Contact STARLINK-30141 - STARLINK-3991,5024.146,5400.000,375.854,
Contact STARLINK-30141 - STARLINK-31248,0.000,5400.000,5400.000,
Contact STARLINK-30141 - STARLINK-5536,0.000,5400.000,5400.000,
Contact STARLINK-30141 - STARLINK-5161,3403.973,3847.443,443.470,
Contact STARLINK-30141 - STARLINK-2603,0.000,132.243,132.243,
Contact STARLINK-30141 - STARLINK-2603,5026.866,5400.000,373.134,
Contact STARLINK-30141 - STARLINK-32046,4735.765,5400.000,664.235,
Contact STARLINK-30141 - STARLINK-3394,5322.182,5400.000,77.818,
Contact STARLINK-30141 - STARLINK-1090,0.000,3103.352,3103.352,
Contact STARLINK-30141 - STARLINK-1090,4607.967,5400.000,792.033,
Contact STARLINK-30141 - STARLINK-1208,0.000,550.804,550.804,
Contact STARLINK-30141 - STARLINK-1098,0.000,486.634,486.634,
Contact STARLINK-30141 - STARLINK-1098,5173.150,5400.000,226.850,
Contact STARLINK-30141 - STARLINK-32045,3214.735,4257.787,1043.052,
Contact STARLINK-30141 - STARLINK-5966,0.000,5400.000,5400.000,
Contact STARLINK-30141 - STARLINK-31917,4078.827,5400.000,1321.173,
Contact STARLINK-30141 - MoonARTEMIS1,0.000,5400.000,5400.000,
Contact STARLINK-30141 - MoonARTEMIS2,0.000,5400.000,5400.000,
Contact STARLINK-30141 - MoonIOAGEO,0.000,5400.000,5400.000,
Contact STARLINK-30141 - MoonIOAGNO,0.000,5400.000,5400.000,
Contact STARLINK-30141 - MoonIOAGNO 0001,0.000,5400.000,5400.000,
Contact STARLINK-30141 - MoonIOAGSO,0.000,5400.000,5400.000,
Contact STARLINK-30141 - MoonIOAGSO 0001,0.000,5400.000,5400.000,
Contact STARLINK-30141 - MoonLRO,0.000,5400.000,5400.000,
Contact STARLINK-30141 - MarsSat1,0.000,3087.332,3087.332,
Contact STARLINK-30141 - MarsSat1,5196.334,5400.000,203.666,
Contact STARLINK-30141 - MarsSat2,0.000,3087.251,3087.251,
Contact STARLINK-30141 - MarsSat2,5196.251,5400.000,203.749,
Contact STARLINK-30141 - MarsSat3,5196.319,5400.000,203.681,
Contact STARLINK-30141 - MarsSat4,0.000,3087.311,3087.311,
Contact STARLINK-30141 - MarsSat4,5196.311,5400.000,203.689,
Contact STARLINK-6168 - STARLINK-30331,0.000,5400.000,5400.000,
Contact STARLINK-6168 - STARLINK-31707,0.000,5400.000,5400.000,
Contact STARLINK-6168 - STARLINK-32046,5024.161,5400.000,375.839,
Contact STARLINK-6168 - STARLINK-4437,0.000,384.758,384.758,
Contact STARLINK-6168 - STARLINK-5849,0.000,3213.424,3213.424,
Contact STARLINK-6168 - STARLINK-5849,4277.347,5400.000,1122.653,
Contact STARLINK-6168 - STARLINK-31653,2741.788,5400.000,2658.212,
Contact STARLINK-6168 - STARLINK-30575,2882.879,3971.645,1088.766,
Contact STARLINK-6168 - STARLINK-31992,0.000,632.610,632.610,
Contact STARLINK-6168 - STARLINK-31992,4942.839,5400.000,457.161,
Contact STARLINK-6168 - STARLINK-30715,0.000,408.297,408.297,
Contact STARLINK-6168 - STARLINK-30715,5120.794,5400.000,279.206,
Contact STARLINK-6168 - STARLINK-6366,0.000,5400.000,5400.000,
Contact STARLINK-6168 - STARLINK-2504,3085.891,3691.637,605.746,
Contact STARLINK-6168 - STARLINK-6346,0.000,294.943,294.943,
Contact STARLINK-6168 - STARLINK-30299,3513.167,4542.334,1029.168,
Contact STARLINK-6168 - STARLINK-3911,0.000,3749.267,3749.267,
Contact STARLINK-6168 - MoonARTEMIS1,1561.390,5400.000,3838.610,
Contact STARLINK-6168 - MoonARTEMIS2,1686.310,5400.000,3713.690,
Contact STARLINK-6168 - MoonIOAGEO,1594.502,5400.000,3805.498,
Contact STARLINK-6168 - MoonIOAGNO,1594.264,5400.000,3805.736,
Contact STARLINK-6168 - MoonIOAGNO 0001,1621.672,5400.000,3778.328,
Contact STARLINK-6168 - MoonIOAGSO,1598.981,5400.000,3801.019,
Contact STARLINK-6168 - MoonIOAGSO 0001,1612.965,5400.000,3787.035,
Contact STARLINK-6168 - MoonLRO,3442.487,5400.000,1957.513,
Contact STARLINK-6168 - MarsSat1,0.000,5400.000,5400.000,
Contact STARLINK-6168 - MarsSat2,0.000,5400.000,5400.000,
Contact STARLINK-6168 - MarsSat3,2517.916,5400.000,2882.084,
Contact STARLINK-6168 - MarsSat4,0.000,5400.000,5400.000,
Contact STARLINK-1616 - STARLINK-11142 [DTC],0.000,5400.000,5400.000,
Contact STARLINK-1616 - STARLINK-5161,5040.225,5400.000,359.775,
Contact STARLINK-1616 - STARLINK-1750,0.000,716.380,716.380,
Contact STARLINK-1616 - STARLINK-1750,4928.036,5400.000,471.964,
Contact STARLINK-1616 - STARLINK-6338,0.000,5400.000,5400.000,
Contact STARLINK-1616 - STARLINK-11086 [DTC],0.000,2891.935,2891.935,
Contact STARLINK-1616 - STARLINK-11086 [DTC],4644.480,5400.000,755.520,
Contact STARLINK-1616 - STARLINK-5475,0.000,5400.000,5400.000,
Contact STARLINK-1616 - STARLINK-31276,3379.917,4292.888,912.971,
Contact STARLINK-1616 - MoonARTEMIS1,0.000,3292.852,3292.852,
Contact STARLINK-1616 - MoonARTEMIS2,0.000,3352.063,3352.063,
Contact STARLINK-1616 - MoonIOAGEO,0.000,3304.482,3304.482,
Contact STARLINK-1616 - MoonIOAGNO,0.000,3308.035,3308.035,
Contact STARLINK-1616 - MoonIOAGNO 0001,0.000,3324.301,3324.301,
Contact STARLINK-1616 - MoonIOAGSO,0.000,3305.656,3305.656,
Contact STARLINK-1616 - MoonIOAGSO 0001,0.000,3306.041,3306.041,
Contact STARLINK-1616 - MoonLRO,0.000,1139.593,1139.593,
Contact STARLINK-1616 - MarsSat1,0.000,5400.000,5400.000,
Contact STARLINK-1616 - MarsSat2,0.000,5400.000,5400.000,
Contact STARLINK-1616 - MarsSat3,2056.571,5400.000,3343.429,
Contact STARLINK-1616 - MarsSat4,0.000,5400.000,5400.000,
Contact STARLINK-2702 - STARLINK-3991,5238.023,5400.000,161.977,
Contact STARLINK-2702 - STARLINK-31248,0.000,2844.942,2844.942,
Contact STARLINK-2702 - STARLINK-31248,3813.533,5400.000,1586.467,
Contact STARLINK-2702 - STARLINK-5536,0.000,5400.000,5400.000,
Contact STARLINK-2702 - STARLINK-5161,3187.062,3874.632,687.570,
Contact STARLINK-2702 - STARLINK-2603,5005.519,5400.000,394.481,
Contact STARLINK-2702 - STARLINK-3394,0.000,54.347,54.347,
Contact STARLINK-2702 - STARLINK-3394,5317.861,5400.000,82.139,
Contact STARLINK-2702 - STARLINK-1090,0.000,100.247,100.247,
Contact STARLINK-2702 - STARLINK-1090,4748.257,5400.000,651.743,
Contact STARLINK-2702 - STARLINK-1208,0.000,351.894,351.894,
Contact STARLINK-2702 - STARLINK-4260,567.760,4822.269,4254.509,
Contact STARLINK-2702 - STARLINK-1098,0.000,349.429,349.429,
Contact STARLINK-2702 - STARLINK-1098,5162.506,5400.000,237.494,
Contact STARLINK-2702 - STARLINK-32045,3106.287,4071.412,965.125,
Contact STARLINK-2702 - STARLINK-5966,0.000,5400.000,5400.000,
Contact STARLINK-2702 - STARLINK-31917,918.508,5400.000,4481.492,
Contact STARLINK-2702 - MoonARTEMIS1,0.000,5400.000,5400.000,
Contact STARLINK-2702 - MoonARTEMIS2,0.000,5400.000,5400.000,
Contact STARLINK-2702 - MoonIOAGEO,0.000,5400.000,5400.000,
Contact STARLINK-2702 - MoonIOAGNO,0.000,5400.000,5400.000,
Contact STARLINK-2702 - MoonIOAGNO 0001,0.000,5400.000,5400.000,
Contact STARLINK-2702 - MoonIOAGSO,0.000,5400.000,5400.000,
Contact STARLINK-2702 - MoonIOAGSO 0001,0.000,5400.000,5400.000,
Contact STARLINK-2702 - MoonLRO,0.000,5400.000,5400.000,
Contact STARLINK-2702 - MarsSat1,0.000,3133.945,3133.945,
Contact STARLINK-2702 - MarsSat1,5163.753,5400.000,236.247,
Contact STARLINK-2702 - MarsSat2,0.000,3133.872,3133.872,
Contact STARLINK-2702 - MarsSat2,5163.659,5400.000,236.341,
Contact STARLINK-2702 - MarsSat3,5163.735,5400.000,236.265,
Contact STARLINK-2702 - MarsSat4,0.000,3133.931,3133.931,
Contact STARLINK-2702 - MarsSat4,5163.727,5400.000,236.273,
Contact STARLINK-11142 [DTC] - STARLINK-5161,0.000,20.714,20.714,
Contact STARLINK-11142 [DTC] - STARLINK-5161,4721.854,5400.000,678.146,
Contact STARLINK-11142 [DTC] - STARLINK-1750,0.000,5400.000,5400.000,
Contact STARLINK-11142 [DTC] - STARLINK-6338,0.000,5400.000,5400.000,
Contact STARLINK-11142 [DTC] - STARLINK-11086 [DTC],0.000,5400.000,5400.000,
Contact STARLINK-11142 [DTC] - STARLINK-5475,0.000,5400.000,5400.000,
Contact STARLINK-11142 [DTC] - MoonARTEMIS1,0.000,3086.154,3086.154,
Contact STARLINK-11142 [DTC] - MoonARTEMIS1,5279.090,5400.000,120.910,
Contact STARLINK-11142 [DTC] - MoonARTEMIS2,0.000,3126.285,3126.285,
Contact STARLINK-11142 [DTC] - MoonARTEMIS2,5325.147,5400.000,74.853,
Contact STARLINK-11142 [DTC] - MoonIOAGEO,0.000,3094.360,3094.360,
Contact STARLINK-11142 [DTC] - MoonIOAGEO,5286.163,5400.000,113.837,
Contact STARLINK-11142 [DTC] - MoonIOAGNO,0.000,3098.851,3098.851,
Contact STARLINK-11142 [DTC] - MoonIOAGNO,5288.869,5400.000,111.131,
Contact STARLINK-11142 [DTC] - MoonIOAGNO 0001,0.000,3114.601,3114.601,
Contact STARLINK-11142 [DTC] - MoonIOAGNO 0001,5307.434,5400.000,92.566,
Contact STARLINK-11142 [DTC] - MoonIOAGSO,0.000,3092.117,3092.117,
Contact STARLINK-11142 [DTC] - MoonIOAGSO,5289.280,5400.000,110.720,
Contact STARLINK-11142 [DTC] - MoonIOAGSO 0001,0.000,3086.537,3086.537,
Contact STARLINK-11142 [DTC] - MoonIOAGSO 0001,5281.885,5400.000,118.115,
Contact STARLINK-11142 [DTC] - MoonLRO,0.000,1134.810,1134.810,
Contact STARLINK-11142 [DTC] - MoonLRO,5288.982,5400.000,111.018,
Contact STARLINK-11142 [DTC] - MarsSat1,0.000,5400.000,5400.000,
Contact STARLINK-11142 [DTC] - MarsSat2,0.000,5400.000,5400.000,
Contact STARLINK-11142 [DTC] - MarsSat3,1794.735,5400.000,3605.265,
Contact STARLINK-11142 [DTC] - MarsSat4,0.000,5400.000,5400.000,
Contact STARLINK-3991 - STARLINK-3394,0.000,5400.000,5400.000,
Contact STARLINK-3991 - STARLINK-1090,0.000,5400.000,5400.000,
Contact STARLINK-3991 - STARLINK-1208,3346.985,4159.777,812.792,
Contact STARLINK-3991 - STARLINK-31091,0.000,5400.000,5400.000,
Contact STARLINK-3991 - STARLINK-4260,4515.558,5400.000,884.442,
Contact STARLINK-3991 - STARLINK-4130,0.000,5400.000,5400.000,
Contact STARLINK-3991 - STARLINK-1098,2958.821,4257.743,1298.922,
Contact STARLINK-3991 - STARLINK-31917,0.000,294.740,294.740,
Contact STARLINK-3991 - STARLINK-31917,4809.232,5400.000,590.768,
Contact STARLINK-3991 - MoonARTEMIS1,0.000,1564.285,1564.285,
Contact STARLINK-3991 - MoonARTEMIS1,3715.869,5400.000,1684.131,
Contact STARLINK-3991 - MoonARTEMIS2,0.000,1635.006,1635.006,
Contact STARLINK-3991 - MoonARTEMIS2,3775.441,5400.000,1624.559,
Contact STARLINK-3991 - MoonIOAGEO,0.000,1581.424,1581.424,
Contact STARLINK-3991 - MoonIOAGEO,3727.223,5400.000,1672.777,
Contact STARLINK-3991 - MoonIOAGNO,0.000,1583.680,1583.680,
Contact STARLINK-3991 - MoonIOAGNO,3730.620,5400.000,1669.380,
Contact STARLINK-3991 - MoonIOAGNO 0001,0.000,1599.760,1599.760,
Contact STARLINK-3991 - MoonIOAGNO 0001,3748.604,5400.000,1651.396,
Contact STARLINK-3991 - MoonIOAGSO,0.000,1581.486,1581.486,
Contact STARLINK-3991 - MoonIOAGSO,3729.010,5400.000,1670.990,
Contact STARLINK-3991 - MoonIOAGSO 0001,0.000,1587.343,1587.343,
Contact STARLINK-3991 - MoonIOAGSO 0001,3727.179,5400.000,1672.821,
Contact STARLINK-3991 - MoonLRO,0.000,1185.188,1185.188,
Contact STARLINK-3991 - MoonLRO,3734.352,5400.000,1665.648,
Contact STARLINK-3991 - MarsSat1,263.820,3912.456,3648.636,
Contact STARLINK-3991 - MarsSat2,263.707,3912.360,3648.653,
Contact STARLINK-3991 - MarsSat3,748.695,3912.442,3163.747,
Contact STARLINK-3991 - MarsSat4,263.783,3912.416,3648.633,
Contact STARLINK-31248 - STARLINK-5536,0.000,5400.000,5400.000,
Contact STARLINK-31248 - STARLINK-2603,0.000,524.968,524.968,
Contact STARLINK-31248 - STARLINK-2603,5012.098,5400.000,387.902,
Contact STARLINK-31248 - STARLINK-6172,0.000,631.805,631.805,
Contact STARLINK-31248 - STARLINK-6172,5374.180,5400.000,25.820,
Contact STARLINK-31248 - STARLINK-32046,0.000,3242.929,3242.929,
Contact STARLINK-31248 - STARLINK-32046,4521.298,5400.000,878.702,
Contact STARLINK-31248 - STARLINK-4437,520.100,4928.739,4408.639,
Contact STARLINK-31248 - STARLINK-1090,0.000,443.647,443.647,
Contact STARLINK-31248 - STARLINK-1090,4970.687,5400.000,429.313,
Contact STARLINK-31248 - STARLINK-1208,0.000,3637.595,3637.595,
Contact STARLINK-31248 - STARLINK-5849,5279.845,5400.000,120.155,
Contact STARLINK-31248 - STARLINK-30715,0.000,402.846,402.846,
Contact STARLINK-31248 - STARLINK-6366,0.000,276.879,276.879,
Contact STARLINK-31248 - STARLINK-6366,4693.382,5400.000,706.618,
Contact STARLINK-31248 - STARLINK-1098,0.000,625.915,625.915,
Contact STARLINK-31248 - STARLINK-32045,3502.204,4193.600,691.396,
Contact STARLINK-31248 - STARLINK-5966,550.212,5400.000,4849.788,
Contact STARLINK-31248 - STARLINK-30208,0.000,491.251,491.251,
Contact STARLINK-31248 - STARLINK-30208,5097.666,5400.000,302.334,
Contact STARLINK-31248 - MoonARTEMIS1,0.000,5400.000,5400.000,
Contact STARLINK-31248 - MoonARTEMIS2,0.000,5400.000,5400.000,
Contact STARLINK-31248 - MoonIOAGEO,0.000,5400.000,5400.000,
Contact STARLINK-31248 - MoonIOAGNO,0.000,5400.000,5400.000,
Contact STARLINK-31248 - MoonIOAGNO 0001,0.000,5400.000,5400.000,
Contact STARLINK-31248 - MoonIOAGSO,0.000,5400.000,5400.000,
Contact STARLINK-31248 - MoonIOAGSO 0001,0.000,5400.000,5400.000,
Contact STARLINK-31248 - MoonLRO,0.000,5400.000,5400.000,
Contact STARLINK-31248 - MarsSat1,0.000,2831.478,2831.478,
Contact STARLINK-31248 - MarsSat1,4960.268,5400.000,439.732,
Contact STARLINK-31248 - MarsSat2,0.000,2831.382,2831.382,
Contact STARLINK-31248 - MarsSat2,4960.180,5400.000,439.820,
Contact STARLINK-31248 - MarsSat3,4960.255,5400.000,439.745,
Contact STARLINK-31248 - MarsSat4,0.000,2831.443,2831.443,
Contact STARLINK-31248 - MarsSat4,4960.236,5400.000,439.764,
Contact STARLINK-5939 - STARLINK-4120,0.000,6.532,6.532,
Contact STARLINK-5939 - STARLINK-4120,4881.466,5400.000,518.534,
Contact STARLINK-5939 - STARLINK-30331,3260.308,4267.230,1006.922,
Contact STARLINK-5939 - STARLINK-6172,4333.699,5400.000,1066.301,
Contact STARLINK-5939 - STARLINK-31707,3369.447,4142.417,772.970,
Contact STARLINK-5939 - STARLINK-1208,4577.062,5400.000,822.938,
Contact STARLINK-5939 - STARLINK-2193,0.000,610.437,610.437,
Contact STARLINK-5939 - STARLINK-2193,5112.219,5400.000,287.781,
Contact STARLINK-5939 - STARLINK-32045,0.000,462.044,462.044,
Contact STARLINK-5939 - STARLINK-31083,0.000,3780.602,3780.602,
Contact STARLINK-5939 - STARLINK-4090,0.000,5400.000,5400.000,
Contact STARLINK-5939 - STARLINK-2504,5399.582,5400.000,0.418,
Contact STARLINK-5939 - MoonARTEMIS1,2125.791,5400.000,3274.209,
Contact STARLINK-5939 - MoonARTEMIS2,0.000,5400.000,5400.000,
Contact STARLINK-5939 - MoonIOAGEO,2140.729,5400.000,3259.271,
Contact STARLINK-5939 - MoonIOAGNO,2135.247,5400.000,3264.753,
Contact STARLINK-5939 - MoonIOAGNO 0001,2140.294,5400.000,3259.706,
Contact STARLINK-5939 - MoonIOAGSO,2151.025,5400.000,3248.975,
Contact STARLINK-5939 - MoonIOAGSO 0001,0.000,5400.000,5400.000,
Contact STARLINK-5939 - MoonLRO,3499.244,5400.000,1900.756,
Contact STARLINK-5939 - MarsSat1,0.000,2147.561,2147.561,
Contact STARLINK-5939 - MarsSat1,4224.348,5400.000,1175.652,
Contact STARLINK-5939 - MarsSat2,0.000,2147.517,2147.517,
Contact STARLINK-5939 - MarsSat2,4224.280,5400.000,1175.720,
Contact STARLINK-5939 - MarsSat3,4224.327,5400.000,1175.673,
Contact STARLINK-5939 - MarsSat4,0.000,2147.555,2147.555,
Contact STARLINK-5939 - MarsSat4,4224.338,5400.000,1175.662,
Contact STARLINK-5536 - STARLINK-2603,0.000,202.318,202.318,
Contact STARLINK-5536 - STARLINK-2603,4946.136,5400.000,453.864,
Contact STARLINK-5536 - STARLINK-6172,0.000,175.669,175.669,
Contact STARLINK-5536 - STARLINK-32046,4614.641,5400.000,785.359,
Contact STARLINK-5536 - STARLINK-1090,0.000,3090.970,3090.970,
Contact STARLINK-5536 - STARLINK-1090,4590.061,5400.000,809.939,
Contact STARLINK-5536 - STARLINK-1208,0.000,610.150,610.150,
Contact STARLINK-5536 - STARLINK-1098,0.000,499.142,499.142,
Contact STARLINK-5536 - STARLINK-1098,5152.247,5400.000,247.753,
Contact STARLINK-5536 - STARLINK-32045,3226.826,4240.653,1013.827,
Contact STARLINK-5536 - STARLINK-5966,0.000,5400.000,5400.000,
Contact STARLINK-5536 - STARLINK-30208,0.000,17.536,17.536,
Contact STARLINK-5536 - STARLINK-30208,5144.679,5400.000,255.321,
Contact STARLINK-5536 - MoonARTEMIS1,0.000,5400.000,5400.000,
Contact STARLINK-5536 - MoonARTEMIS2,0.000,5400.000,5400.000,
Contact STARLINK-5536 - MoonIOAGEO,0.000,5400.000,5400.000,
Contact STARLINK-5536 - MoonIOAGNO,0.000,5400.000,5400.000,
Contact STARLINK-5536 - MoonIOAGNO 0001,0.000,5400.000,5400.000,
Contact STARLINK-5536 - MoonIOAGSO,0.000,5400.000,5400.000,
Contact STARLINK-5536 - MoonIOAGSO 0001,0.000,5400.000,5400.000,
Contact STARLINK-5536 - MoonLRO,0.000,5400.000,5400.000,
Contact STARLINK-5536 - MarsSat1,0.000,2953.920,2953.920,
Contact STARLINK-5536 - MarsSat1,5075.645,5400.000,324.355,
Contact STARLINK-5536 - MarsSat2,0.000,2953.833,2953.833,
Contact STARLINK-5536 - MarsSat2,5075.561,5400.000,324.439,
Contact STARLINK-5536 - MarsSat3,5075.630,5400.000,324.370,
Contact STARLINK-5536 - MarsSat4,0.000,2953.895,2953.895,
Contact STARLINK-5536 - MarsSat4,5075.620,5400.000,324.380,
Contact STARLINK-4120 - STARLINK-30331,0.000,451.480,451.480,
Contact STARLINK-4120 - STARLINK-30331,5367.492,5400.000,32.508,
Contact STARLINK-4120 - STARLINK-2603,3164.835,4546.572,1381.736,
Contact STARLINK-4120 - STARLINK-6172,0.000,5400.000,5400.000,
Contact STARLINK-4120 - STARLINK-31707,0.000,434.381,434.381,
Contact STARLINK-4120 - STARLINK-32046,3038.095,4053.602,1015.507,
Contact STARLINK-4120 - STARLINK-4437,3185.782,3916.980,731.197,
Contact STARLINK-4120 - STARLINK-1090,3493.981,4070.752,576.771,
Contact STARLINK-4120 - STARLINK-1208,292.421,5388.723,5096.302,
Contact STARLINK-4120 - STARLINK-2193,4591.389,5400.000,808.611,
Contact STARLINK-4120 - STARLINK-31653,0.000,5400.000,5400.000,
Contact STARLINK-4120 - STARLINK-30715,0.000,5400.000,5400.000,
Contact STARLINK-4120 - STARLINK-30303,4660.232,5400.000,739.768,
Contact STARLINK-4120 - STARLINK-6366,0.000,3978.398,3978.398,
Contact STARLINK-4120 - STARLINK-1098,3569.103,4655.611,1086.507,
Contact STARLINK-4120 - STARLINK-31083,0.000,93.615,93.615,
Contact STARLINK-4120 - STARLINK-31083,4815.304,5400.000,584.696,
Contact STARLINK-4120 - STARLINK-2504,0.000,5400.000,5400.000,
Contact STARLINK-4120 - STARLINK-30299,4577.082,5400.000,822.918,
Contact STARLINK-4120 - STARLINK-30208,0.000,4587.825,4587.825,
Contact STARLINK-4120 - STARLINK-3911,733.865,4785.449,4051.585,
Contact STARLINK-4120 - MoonARTEMIS1,975.708,5056.328,4080.620,
Contact STARLINK-4120 - MoonARTEMIS2,960.158,5200.454,4240.296,
Contact STARLINK-4120 - MoonIOAGEO,972.806,5076.469,4103.664,
Contact STARLINK-4120 - MoonIOAGNO,955.244,5081.836,4126.592,
Contact STARLINK-4120 - MoonIOAGNO 0001,939.586,5078.592,4139.006,
Contact STARLINK-4120 - MoonIOAGSO,992.644,5093.993,4101.349,
Contact STARLINK-4120 - MoonIOAGSO 0001,1012.066,5136.521,4124.454,
Contact STARLINK-4120 - MoonLRO,3465.129,5104.010,1638.881,
Contact STARLINK-4120 - MarsSat1,0.000,1528.360,1528.360,
Contact STARLINK-4120 - MarsSat1,3650.388,5400.000,1749.612,
Contact STARLINK-4120 - MarsSat2,0.000,1528.384,1528.384,
Contact STARLINK-4120 - MarsSat2,3650.423,5400.000,1749.577,
Contact STARLINK-4120 - MarsSat3,3650.384,5400.000,1749.616,
Contact STARLINK-4120 - MarsSat4,0.000,1528.373,1528.373,
Contact STARLINK-4120 - MarsSat4,3650.417,5400.000,1749.583,
Contact STARLINK-5161 - STARLINK-11086 [DTC],0.000,5400.000,5400.000,
Contact STARLINK-5161 - STARLINK-5475,0.000,3252.590,3252.590,
Contact STARLINK-5161 - STARLINK-5475,4620.834,5400.000,779.166,
Contact STARLINK-5161 - STARLINK-31091,3491.035,4418.496,927.461,
Contact STARLINK-5161 - STARLINK-11130 [DTC],0.000,3009.545,3009.545,
Contact STARLINK-5161 - STARLINK-11130 [DTC],4126.026,5400.000,1273.974,
Contact STARLINK-5161 - STARLINK-4260,0.000,5400.000,5400.000,
Contact STARLINK-5161 - STARLINK-32045,0.000,3537.548,3537.548,
Contact STARLINK-5161 - STARLINK-32045,4584.858,5400.000,815.142,
Contact STARLINK-5161 - STARLINK-5966,3223.262,3716.654,493.392,
Contact STARLINK-5161 - STARLINK-31917,3213.567,4185.221,971.654,
Contact STARLINK-5161 - MoonARTEMIS1,0.000,3204.757,3204.757,
Contact STARLINK-5161 - MoonARTEMIS1,4229.981,5400.000,1170.019,
Contact STARLINK-5161 - MoonARTEMIS2,0.000,3125.677,3125.677,
Contact STARLINK-5161 - MoonARTEMIS2,4468.311,5400.000,931.689,
Contact STARLINK-5161 - MoonIOAGEO,0.000,3183.533,3183.533,
Contact STARLINK-5161 - MoonIOAGEO,4279.715,5400.000,1120.285,
Contact STARLINK-5161 - MoonIOAGNO,0.000,3200.482,3200.482,
Contact STARLINK-5161 - MoonIOAGNO,4287.489,5400.000,1112.511,
Contact STARLINK-5161 - MoonIOAGNO 0001,0.000,3226.082,3226.082,
Contact STARLINK-5161 - MoonIOAGNO 0001,4328.273,5400.000,1071.727,
Contact STARLINK-5161 - MoonIOAGSO,0.000,3152.098,3152.098,
Contact STARLINK-5161 - MoonIOAGSO,4305.288,5400.000,1094.712,
Contact STARLINK-5161 - MoonIOAGSO 0001,0.000,3092.179,3092.179,
Contact STARLINK-5161 - MoonIOAGSO 0001,4338.487,5400.000,1061.513,
Contact STARLINK-5161 - MoonLRO,0.000,1148.943,1148.943,
Contact STARLINK-5161 - MoonLRO,4323.665,5400.000,1076.335,
Contact STARLINK-5161 - MarsSat1,0.000,5400.000,5400.000,
Contact STARLINK-5161 - MarsSat2,0.000,5400.000,5400.000,
Contact STARLINK-5161 - MarsSat3,748.140,5400.000,4651.860,
Contact STARLINK-5161 - MarsSat4,0.000,5400.000,5400.000,
Contact STARLINK-30331 - STARLINK-31707,0.000,5400.000,5400.000,
Contact STARLINK-30331 - STARLINK-5849,4505.021,5400.000,894.979,
Contact STARLINK-30331 - STARLINK-2193,3164.922,4480.838,1315.916,
Contact STARLINK-30331 - STARLINK-31653,0.000,329.572,329.572,
Contact STARLINK-30331 - STARLINK-31653,5057.126,5400.000,342.874,
Contact STARLINK-30331 - STARLINK-30575,0.000,426.515,426.515,
Contact STARLINK-30331 - STARLINK-31992,0.000,19.801,19.801,
Contact STARLINK-30331 - STARLINK-31992,4856.994,5400.000,543.006,
Contact STARLINK-30331 - STARLINK-30715,0.000,126.156,126.156,
Contact STARLINK-30331 - STARLINK-30715,4955.800,5400.000,444.200,
Contact STARLINK-30331 - STARLINK-30303,3480.015,4168.027,688.012,
Contact STARLINK-30331 - STARLINK-6366,0.000,5400.000,5400.000,
Contact STARLINK-30331 - STARLINK-31083,0.000,5084.127,5084.127,
Contact STARLINK-30331 - STARLINK-4090,3517.778,4424.009,906.231,
Contact STARLINK-30331 - STARLINK-2504,0.000,627.476,627.476,
Contact STARLINK-30331 - STARLINK-30299,3104.417,4071.285,966.867,
Contact STARLINK-30331 - STARLINK-3911,0.000,360.826,360.826,
Contact STARLINK-30331 - STARLINK-3911,5254.921,5400.000,145.079,
Contact STARLINK-30331 - MoonARTEMIS1,1654.797,5247.615,3592.818,
Contact STARLINK-30331 - MoonARTEMIS2,1717.958,5303.707,3585.749,
Contact STARLINK-30331 - MoonIOAGEO,1670.723,5256.031,3585.308,
Contact STARLINK-30331 - MoonIOAGNO,1673.359,5259.469,3586.110,
Contact STARLINK-30331 - MoonIOAGNO 0001,1689.662,5276.883,3587.221,
Contact STARLINK-30331 - MoonIOAGSO,1669.765,5260.115,3590.350,
Contact STARLINK-30331 - MoonIOAGSO 0001,1672.567,5256.580,3584.013,
Contact STARLINK-30331 - MoonLRO,3473.495,5260.863,1787.367,
Contact STARLINK-30331 - MarsSat1,0.000,1858.498,1858.498,
Contact STARLINK-30331 - MarsSat1,3757.621,5400.000,1642.379,
Contact STARLINK-30331 - MarsSat2,0.000,1858.365,1858.365,
Contact STARLINK-30331 - MarsSat2,3757.508,5400.000,1642.492,
Contact STARLINK-30331 - MarsSat3,3757.593,5400.000,1642.407,
Contact STARLINK-30331 - MarsSat4,0.000,1858.450,1858.450,
Contact STARLINK-30331 - MarsSat4,3757.590,5400.000,1642.410,
Contact STARLINK-1750 - STARLINK-6207,4732.646,5400.000,667.354,
Contact STARLINK-1750 - STARLINK-6338,0.000,5400.000,5400.000,
Contact STARLINK-1750 - STARLINK-11086 [DTC],0.000,773.615,773.615,
Contact STARLINK-1750 - STARLINK-5475,0.000,376.390,376.390,
Contact STARLINK-1750 - STARLINK-5475,5370.258,5400.000,29.742,
Contact STARLINK-1750 - STARLINK-4260,3110.968,3927.187,816.218,
Contact STARLINK-1750 - MoonARTEMIS1,0.000,3789.304,3789.304,
Contact STARLINK-1750 - MoonARTEMIS2,0.000,3782.005,3782.005,
Contact STARLINK-1750 - MoonIOAGEO,0.000,3787.386,3787.386,
Contact STARLINK-1750 - MoonIOAGNO,0.000,3794.901,3794.901,
Contact STARLINK-1750 - MoonIOAGNO 0001,0.000,3820.195,3820.195,
Contact STARLINK-1750 - MoonIOAGSO,0.000,3775.050,3775.050,
Contact STARLINK-1750 - MoonIOAGSO 0001,0.000,3742.365,3742.365,
Contact STARLINK-1750 - MoonLRO,0.000,3773.108,3773.108,
Contact STARLINK-1750 - MarsSat1,0.000,5400.000,5400.000,
Contact STARLINK-1750 - MarsSat2,0.000,5400.000,5400.000,
Contact STARLINK-1750 - MarsSat3,747.656,5400.000,4652.344,
Contact STARLINK-1750 - MarsSat4,0.000,5400.000,5400.000,
Contact STARLINK-30944 - STARLINK-6207,0.000,5400.000,5400.000,
Contact STARLINK-30944 - STARLINK-1028,0.000,4536.187,4536.187,
Contact STARLINK-30944 - STARLINK-5849,3232.803,4340.912,1108.109,
Contact STARLINK-30944 - STARLINK-30575,0.000,5400.000,5400.000,
Contact STARLINK-30944 - STARLINK-31992,296.153,4701.860,4405.706,
Contact STARLINK-30944 - STARLINK-6346,0.000,5400.000,5400.000,
Contact STARLINK-30944 - STARLINK-3911,0.000,5400.000,5400.000,
Contact STARLINK-30944 - MoonARTEMIS1,265.622,3877.144,3611.522,
Contact STARLINK-30944 - MoonARTEMIS2,335.025,3941.291,3606.265,
Contact STARLINK-30944 - MoonIOAGEO,285.857,3888.827,3602.970,
Contact STARLINK-30944 - MoonIOAGNO,276.181,3888.232,3612.051,
Contact STARLINK-30944 - MoonIOAGNO 0001,287.049,3888.386,3601.337,
Contact STARLINK-30944 - MoonIOAGSO,295.634,3898.300,3602.666,
Contact STARLINK-30944 - MoonIOAGSO 0001,311.401,3919.793,3608.392,
Contact STARLINK-30944 - MoonLRO,3431.707,3905.593,473.885,
Contact STARLINK-30944 - MarsSat1,0.000,5400.000,5400.000,
Contact STARLINK-30944 - MarsSat2,0.000,5400.000,5400.000,
Contact STARLINK-30944 - MarsSat3,2349.141,5400.000,3050.859,
Contact STARLINK-30944 - MarsSat4,0.000,5400.000,5400.000,
Contact STARLINK-2603 - STARLINK-6172,0.000,5400.000,5400.000,
Contact STARLINK-2603 - STARLINK-32046,0.000,5400.000,5400.000,
Contact STARLINK-2603 - STARLINK-4437,2889.417,3942.790,1053.373,
Contact STARLINK-2603 - STARLINK-1090,0.000,5400.000,5400.000,
Contact STARLINK-2603 - STARLINK-1208,0.000,5400.000,5400.000,
Contact STARLINK-2603 - STARLINK-31653,3072.312,4426.313,1354.001,
Contact STARLINK-2603 - STARLINK-30715,0.000,4452.472,4452.472,
Contact STARLINK-2603 - STARLINK-6366,0.000,5400.000,5400.000,
Contact STARLINK-2603 - STARLINK-1098,0.000,5400.000,5400.000,
Contact STARLINK-2603 - STARLINK-2504,3374.200,4512.007,1137.807,
Contact STARLINK-2603 - STARLINK-5966,4882.407,5400.000,517.593,
Contact STARLINK-2603 - STARLINK-30208,0.000,5400.000,5400.000,
Contact STARLINK-2603 - STARLINK-3911,3483.687,3931.087,447.401,
Contact STARLINK-2603 - MoonARTEMIS1,0.000,5400.000,5400.000,
Contact STARLINK-2603 - MoonARTEMIS2,0.000,5400.000,5400.000,
Contact STARLINK-2603 - MoonIOAGEO,0.000,5400.000,5400.000,
Contact STARLINK-2603 - MoonIOAGNO,0.000,5400.000,5400.000,
Contact STARLINK-2603 - MoonIOAGNO 0001,0.000,5400.000,5400.000,
Contact STARLINK-2603 - MoonIOAGSO,0.000,5400.000,5400.000,
Contact STARLINK-2603 - MoonIOAGSO 0001,0.000,5400.000,5400.000,
Contact STARLINK-2603 - MoonLRO,0.000,5400.000,5400.000,
Contact STARLINK-2603 - MarsSat1,0.000,5400.000,5400.000,
Contact STARLINK-2603 - MarsSat2,0.000,5400.000,5400.000,
Contact STARLINK-2603 - MarsSat3,748.527,5400.000,4651.473,
Contact STARLINK-2603 - MarsSat4,0.000,5400.000,5400.000,
Contact STARLINK-6172 - STARLINK-32046,0.000,4280.740,4280.740,
Contact STARLINK-6172 - STARLINK-4437,3038.128,3911.660,873.533,
Contact STARLINK-6172 - STARLINK-1090,3159.567,4038.219,878.652,
Contact STARLINK-6172 - STARLINK-1208,0.000,5400.000,5400.000,
Contact STARLINK-6172 - STARLINK-31653,0.000,5400.000,5400.000,
Contact STARLINK-6172 - STARLINK-30715,0.000,5400.000,5400.000,
Contact STARLINK-6172 - STARLINK-6366,0.000,5400.000,5400.000,
Contact STARLINK-6172 - STARLINK-1098,149.255,5288.444,5139.188,
Contact STARLINK-6172 - STARLINK-4090,4562.385,5400.000,837.615,
Contact STARLINK-6172 - STARLINK-2504,68.605,5071.527,5002.922,
Contact STARLINK-6172 - STARLINK-30208,0.000,5400.000,5400.000,
Contact STARLINK-6172 - STARLINK-3911,3494.780,4112.135,617.356,
Contact STARLINK-6172 - MoonARTEMIS1,0.000,5400.000,5400.000,
Contact STARLINK-6172 - MoonARTEMIS2,0.000,5400.000,5400.000,
Contact STARLINK-6172 - MoonIOAGEO,0.000,5400.000,5400.000,
Contact STARLINK-6172 - MoonIOAGNO,0.000,5400.000,5400.000,
Contact STARLINK-6172 - MoonIOAGNO 0001,0.000,5400.000,5400.000,
Contact STARLINK-6172 - MoonIOAGSO,0.000,5400.000,5400.000,
Contact STARLINK-6172 - MoonIOAGSO 0001,0.000,5400.000,5400.000,
Contact STARLINK-6172 - MoonLRO,0.000,5400.000,5400.000,
Contact STARLINK-6172 - MarsSat1,0.000,5400.000,5400.000,
Contact STARLINK-6172 - MarsSat2,0.000,5400.000,5400.000,
Contact STARLINK-6172 - MarsSat3,3521.695,5400.000,1878.305,
Contact STARLINK-6172 - MarsSat4,0.000,5400.000,5400.000,
Contact STARLINK-31707 - STARLINK-5849,4491.644,5400.000,908.356,
Contact STARLINK-31707 - STARLINK-2193,3202.472,4435.434,1232.961,
Contact STARLINK-31707 - STARLINK-31653,0.000,319.891,319.891,
Contact STARLINK-31707 - STARLINK-31653,5126.983,5400.000,273.017,
Contact STARLINK-31707 - STARLINK-30575,0.000,444.829,444.829,
Contact STARLINK-31707 - STARLINK-31992,0.000,41.665,41.665,
Contact STARLINK-31707 - STARLINK-31992,4821.022,5400.000,578.978,
Contact STARLINK-31707 - STARLINK-30715,0.000,119.232,119.232,
Contact STARLINK-31707 - STARLINK-30715,5045.284,5400.000,354.716,
Contact STARLINK-31707 - STARLINK-30303,3432.386,4221.045,788.659,
Contact STARLINK-31707 - STARLINK-6366,0.000,2889.742,2889.742,
Contact STARLINK-31707 - STARLINK-31083,70.586,4885.756,4815.170,
Contact STARLINK-31707 - STARLINK-2504,0.000,621.932,621.932,
Contact STARLINK-31707 - STARLINK-30299,3104.059,4107.696,1003.638,
Contact STARLINK-31707 - STARLINK-3911,0.000,379.798,379.798,
Contact STARLINK-31707 - STARLINK-3911,5214.030,5400.000,185.970,
Contact STARLINK-31707 - MoonARTEMIS1,1678.668,5110.761,3432.093,
Contact STARLINK-31707 - MoonARTEMIS2,1739.876,5163.286,3423.410,
Contact STARLINK-31707 - MoonIOAGEO,1694.101,5118.832,3424.730,
Contact STARLINK-31707 - MoonIOAGNO,1696.827,5122.149,3425.322,
Contact STARLINK-31707 - MoonIOAGNO 0001,1712.854,5139.601,3426.746,
Contact STARLINK-31707 - MoonIOAGSO,1693.021,5122.219,3429.198,
Contact STARLINK-31707 - MoonIOAGSO 0001,1695.466,5117.779,3422.313,
Contact STARLINK-31707 - MoonLRO,3470.787,5122.901,1652.114,
Contact STARLINK-31707 - MarsSat1,0.000,1805.030,1805.030,
Contact STARLINK-31707 - MarsSat1,3704.176,5400.000,1695.824,
Contact STARLINK-31707 - MarsSat2,0.000,1804.891,1804.891,
Contact STARLINK-31707 - MarsSat2,3704.061,5400.000,1695.939,
Contact STARLINK-31707 - MarsSat3,3704.147,5400.000,1695.853,
Contact STARLINK-31707 - MarsSat4,0.000,1804.980,1804.980,
Contact STARLINK-31707 - MarsSat4,3704.145,5400.000,1695.855,
Contact STARLINK-32046 - STARLINK-4437,0.000,3946.431,3946.431,
Contact STARLINK-32046 - STARLINK-5849,0.000,234.296,234.296,
Contact STARLINK-32046 - STARLINK-5849,5153.695,5400.000,246.305,
Contact STARLINK-32046 - STARLINK-31653,2866.536,3956.928,1090.392,
Contact STARLINK-32046 - STARLINK-30715,0.000,3859.329,3859.329,
Contact STARLINK-32046 - STARLINK-6366,0.000,5400.000,5400.000,
Contact STARLINK-32046 - STARLINK-2504,3165.713,4101.362,935.650,
Contact STARLINK-32046 - STARLINK-30208,0.000,5400.000,5400.000,
Contact STARLINK-32046 - STARLINK-3911,3168.296,3637.232,468.936,
Contact STARLINK-32046 - MoonARTEMIS1,0.000,5400.000,5400.000,
Contact STARLINK-32046 - MoonARTEMIS2,0.000,5400.000,5400.000,
Contact STARLINK-32046 - MoonIOAGEO,0.000,5400.000,5400.000,
Contact STARLINK-32046 - MoonIOAGNO,0.000,5400.000,5400.000,
Contact STARLINK-32046 - MoonIOAGNO 0001,0.000,5400.000,5400.000,
Contact STARLINK-32046 - MoonIOAGSO,0.000,5400.000,5400.000,
Contact STARLINK-32046 - MoonIOAGSO 0001,0.000,5400.000,5400.000,
Contact STARLINK-32046 - MoonLRO,0.000,5400.000,5400.000,
Contact STARLINK-32046 - MarsSat1,0.000,3197.760,3197.760,
Contact STARLINK-32046 - MarsSat1,4146.536,5400.000,1253.464,
Contact STARLINK-32046 - MarsSat2,0.000,3197.498,3197.498,
Contact STARLINK-32046 - MarsSat2,4146.363,5400.000,1253.637,
Contact STARLINK-32046 - MarsSat3,4146.462,5400.000,1253.538,
Contact STARLINK-32046 - MarsSat4,0.000,3197.615,3197.615,
Contact STARLINK-32046 - MarsSat4,4146.544,5400.000,1253.456,
Contact STARLINK-3394 - STARLINK-1090,0.000,5400.000,5400.000,
Contact STARLINK-3394 - STARLINK-1208,3507.836,4419.286,911.450,
Contact STARLINK-3394 - STARLINK-31091,0.000,5400.000,5400.000,
Contact STARLINK-3394 - STARLINK-11130 [DTC],3329.920,5400.000,2070.080,
Contact STARLINK-3394 - STARLINK-4260,4749.536,5400.000,650.464,
Contact STARLINK-3394 - STARLINK-4130,0.000,3949.979,3949.979,
Contact STARLINK-3394 - STARLINK-1098,109.096,4692.674,4583.579,
Contact STARLINK-3394 - STARLINK-5966,5315.042,5400.000,84.958,
Contact STARLINK-3394 - STARLINK-31917,0.000,456.624,456.624,
Contact STARLINK-3394 - STARLINK-31917,5122.121,5400.000,277.879,
Contact STARLINK-3394 - MoonARTEMIS1,0.000,1698.756,1698.756,
Contact STARLINK-3394 - MoonARTEMIS1,3865.752,5400.000,1534.248,
Contact STARLINK-3394 - MoonARTEMIS2,0.000,1748.198,1748.198,
Contact STARLINK-3394 - MoonARTEMIS2,3915.889,5400.000,1484.111,
Contact STARLINK-3394 - MoonIOAGEO,0.000,1710.624,1710.624,
Contact STARLINK-3394 - MoonIOAGEO,3875.308,5400.000,1524.692,
Contact STARLINK-3394 - MoonIOAGNO,0.000,1715.434,1715.434,
Contact STARLINK-3394 - MoonIOAGNO,3878.734,5400.000,1521.266,
Contact STARLINK-3394 - MoonIOAGNO 0001,0.000,1730.157,1730.157,
Contact STARLINK-3394 - MoonIOAGNO 0001,3896.475,5400.000,1503.525,
Contact STARLINK-3394 - MoonIOAGSO,0.000,1707.018,1707.018,
Contact STARLINK-3394 - MoonIOAGSO,3876.195,5400.000,1523.805,
Contact STARLINK-3394 - MoonIOAGSO 0001,0.000,1706.063,1706.063,
Contact STARLINK-3394 - MoonIOAGSO 0001,3871.715,5400.000,1528.285,
Contact STARLINK-3394 - MoonLRO,0.000,1190.533,1190.533,
Contact STARLINK-3394 - MoonLRO,3879.922,5400.000,1520.078,
Contact STARLINK-3394 - MarsSat1,327.438,4200.599,3873.161,
Contact STARLINK-3394 - MarsSat2,327.291,4200.481,3873.191,
Contact STARLINK-3394 - MarsSat3,748.688,4200.588,3451.900,
Contact STARLINK-3394 - MarsSat4,327.389,4200.542,3873.153,
Contact STARLINK-6207 - STARLINK-1028,0.000,5400.000,5400.000,
Contact STARLINK-6207 - STARLINK-5849,3234.790,4125.146,890.357,
Contact STARLINK-6207 - STARLINK-6338,4688.043,5400.000,711.957,
Contact STARLINK-6207 - STARLINK-31992,3304.114,4358.386,1054.272,
Contact STARLINK-6207 - STARLINK-31276,0.000,3914.199,3914.199,
Contact STARLINK-6207 - STARLINK-6346,0.000,5400.000,5400.000,
Contact STARLINK-6207 - MoonARTEMIS1,0.000,3512.246,3512.246,
Contact STARLINK-6207 - MoonARTEMIS2,0.000,3583.697,3583.697,
Contact STARLINK-6207 - MoonIOAGEO,0.000,3526.007,3526.007,
Contact STARLINK-6207 - MoonIOAGNO,0.000,3525.061,3525.061,
Contact STARLINK-6207 - MoonIOAGNO 0001,0.000,3528.743,3528.743,
Contact STARLINK-6207 - MoonIOAGSO,0.000,3535.691,3535.691,
Contact STARLINK-6207 - MoonIOAGSO 0001,0.000,3556.312,3556.312,
Contact STARLINK-6207 - MoonLRO,0.000,1166.002,1166.002,
Contact STARLINK-6207 - MarsSat1,1945.426,5400.000,3454.574,
Contact STARLINK-6207 - MarsSat2,1945.332,5400.000,3454.668,
Contact STARLINK-6207 - MarsSat3,1945.398,5400.000,3454.602,
Contact STARLINK-6207 - MarsSat4,1945.397,5400.000,3454.603,
Contact STARLINK-1028 - STARLINK-32185,0.000,4805.278,4805.278,
Contact STARLINK-1028 - STARLINK-5849,3054.232,3822.928,768.696,
Contact STARLINK-1028 - STARLINK-6338,4487.946,5400.000,912.054,
Contact STARLINK-1028 - STARLINK-31992,3216.776,3880.942,664.166,
Contact STARLINK-1028 - STARLINK-31276,0.000,5400.000,5400.000,
Contact STARLINK-1028 - STARLINK-6346,0.000,5400.000,5400.000,
Contact STARLINK-1028 - MoonARTEMIS1,0.000,3179.422,3179.422,
Contact STARLINK-1028 - MoonARTEMIS1,5306.374,5400.000,93.626,
Contact STARLINK-1028 - MoonARTEMIS2,0.000,3246.422,3246.422,
Contact STARLINK-1028 - MoonARTEMIS2,5381.091,5400.000,18.909,
Contact STARLINK-1028 - MoonIOAGEO,0.000,3192.929,3192.929,
Contact STARLINK-1028 - MoonIOAGEO,5317.817,5400.000,82.183,
Contact STARLINK-1028 - MoonIOAGNO,0.000,3190.256,3190.256,
Contact STARLINK-1028 - MoonIOAGNO,5321.317,5400.000,78.683,
Contact STARLINK-1028 - MoonIOAGNO 0001,0.000,3191.901,3191.901,
Contact STARLINK-1028 - MoonIOAGNO 0001,5322.329,5400.000,77.671,
Contact STARLINK-1028 - MoonIOAGSO,0.000,3203.530,3203.530,
Contact STARLINK-1028 - MoonIOAGSO,5327.439,5400.000,72.561,
Contact STARLINK-1028 - MoonIOAGSO 0001,0.000,3225.985,3225.985,
Contact STARLINK-1028 - MoonIOAGSO 0001,5348.309,5400.000,51.691,
Contact STARLINK-1028 - MoonLRO,0.000,1170.606,1170.606,
Contact STARLINK-1028 - MoonLRO,5331.545,5400.000,68.455,
Contact STARLINK-1028 - MarsSat1,1545.728,5225.504,3679.776,
Contact STARLINK-1028 - MarsSat2,1545.619,5225.437,3679.818,
Contact STARLINK-1028 - MarsSat3,1545.696,5225.485,3679.789,
Contact STARLINK-1028 - MarsSat4,1545.693,5225.497,3679.804,
Contact STARLINK-32185 - STARLINK-4437,5175.241,5400.000,224.759,
Contact STARLINK-32185 - STARLINK-5475,3532.688,4272.093,739.405,
Contact STARLINK-32185 - STARLINK-31276,0.000,653.995,653.995,
Contact STARLINK-32185 - STARLINK-31276,4698.869,5400.000,701.131,
Contact STARLINK-32185 - STARLINK-11130 [DTC],3488.732,4089.747,601.014,
Contact STARLINK-32185 - STARLINK-4130,2489.611,5400.000,2910.389,
Contact STARLINK-32185 - STARLINK-6346,0.000,669.971,669.971,
Contact STARLINK-32185 - MoonARTEMIS1,0.000,2686.174,2686.174,
Contact STARLINK-32185 - MoonARTEMIS1,4907.524,5400.000,492.476,
Contact STARLINK-32185 - MoonARTEMIS2,0.000,2739.729,2739.729,
Contact STARLINK-32185 - MoonARTEMIS2,4962.362,5400.000,437.638,
Contact STARLINK-32185 - MoonIOAGEO,0.000,2697.529,2697.529,
Contact STARLINK-32185 - MoonIOAGEO,4916.433,5400.000,483.567,
Contact STARLINK-32185 - MoonIOAGNO,0.000,2693.420,2693.420,
Contact STARLINK-32185 - MoonIOAGNO,4917.735,5400.000,482.265,
Contact STARLINK-32185 - MoonIOAGNO 0001,0.000,2694.040,2694.040,
Contact STARLINK-32185 - MoonIOAGNO 0001,4913.715,5400.000,486.285,
Contact STARLINK-32185 - MoonIOAGSO,0.000,2707.342,2707.342,
Contact STARLINK-32185 - MoonIOAGSO,4924.766,5400.000,475.234,
Contact STARLINK-32185 - MoonIOAGSO 0001,0.000,2726.858,2726.858,
Contact STARLINK-32185 - MoonIOAGSO 0001,4946.395,5400.000,453.605,
Contact STARLINK-32185 - MoonLRO,0.000,1156.914,1156.914,
Contact STARLINK-32185 - MoonLRO,4929.599,5400.000,470.401,
Contact STARLINK-32185 - MarsSat1,1435.522,4727.600,3292.078,
Contact STARLINK-32185 - MarsSat2,1435.438,4727.558,3292.119,
Contact STARLINK-32185 - MarsSat3,1435.494,4727.581,3292.087,
Contact STARLINK-32185 - MarsSat4,1435.497,4727.605,3292.108,
Contact STARLINK-4437 - STARLINK-1090,291.410,4716.828,4425.418,
Contact STARLINK-4437 - STARLINK-1208,3269.202,4026.354,757.153,
Contact STARLINK-4437 - STARLINK-5849,0.000,412.805,412.805,
Contact STARLINK-4437 - STARLINK-5849,5396.003,5400.000,3.997,
Contact STARLINK-4437 - STARLINK-31653,3067.846,3712.174,644.328,
Contact STARLINK-4437 - STARLINK-31992,0.000,475.462,475.462,
Contact STARLINK-4437 - STARLINK-30715,2933.197,3700.474,767.277,
Contact STARLINK-4437 - STARLINK-31276,5209.588,5400.000,190.412,
Contact STARLINK-4437 - STARLINK-31091,4480.955,5400.000,919.045,
Contact STARLINK-4437 - STARLINK-6366,0.000,3794.571,3794.571,
Contact STARLINK-4437 - STARLINK-4130,4644.841,5400.000,755.159,
Contact STARLINK-4437 - STARLINK-1098,3304.448,4043.535,739.088,
Contact STARLINK-4437 - STARLINK-2504,3265.914,3885.036,619.121,
Contact STARLINK-4437 - STARLINK-30208,2884.075,3862.846,978.771,
Contact STARLINK-4437 - MoonARTEMIS1,0.000,5400.000,5400.000,
Contact STARLINK-4437 - MoonARTEMIS2,0.000,5400.000,5400.000,
Contact STARLINK-4437 - MoonIOAGEO,0.000,5400.000,5400.000,
Contact STARLINK-4437 - MoonIOAGNO,0.000,5400.000,5400.000,
Contact STARLINK-4437 - MoonIOAGNO 0001,0.000,5400.000,5400.000,
Contact STARLINK-4437 - MoonIOAGSO,0.000,5400.000,5400.000,
Contact STARLINK-4437 - MoonIOAGSO 0001,0.000,5400.000,5400.000,
Contact STARLINK-4437 - MoonLRO,0.000,5400.000,5400.000,
Contact STARLINK-4437 - MarsSat1,0.000,3459.102,3459.102,
Contact STARLINK-4437 - MarsSat2,0.000,3459.043,3459.043,
Contact STARLINK-4437 - MarsSat4,0.000,3459.068,3459.068,
Contact STARLINK-1090 - STARLINK-1208,3047.203,4344.138,1296.934,
Contact STARLINK-1090 - STARLINK-31091,0.000,344.974,344.974,
Contact STARLINK-1090 - STARLINK-31091,5172.618,5400.000,227.382,
Contact STARLINK-1090 - STARLINK-4130,0.000,600.031,600.031,
Contact STARLINK-1090 - STARLINK-1098,0.000,5400.000,5400.000,
Contact STARLINK-1090 - STARLINK-5966,4574.781,5400.000,825.219,
Contact STARLINK-1090 - STARLINK-31917,0.000,42.779,42.779,
Contact STARLINK-1090 - STARLINK-31917,4997.567,5400.000,402.433,
Contact STARLINK-1090 - STARLINK-30208,3073.627,3763.027,689.399,
Contact STARLINK-1090 - MoonARTEMIS1,0.000,5400.000,5400.000,
Contact STARLINK-1090 - MoonARTEMIS2,0.000,5400.000,5400.000,
Contact STARLINK-1090 - MoonIOAGEO,0.000,5400.000,5400.000,
Contact STARLINK-1090 - MoonIOAGNO,0.000,5400.000,5400.000,
Contact STARLINK-1090 - MoonIOAGNO 0001,0.000,5400.000,5400.000,
Contact STARLINK-1090 - MoonIOAGSO,0.000,5400.000,5400.000,
Contact STARLINK-1090 - MoonIOAGSO 0001,0.000,5400.000,5400.000,
Contact STARLINK-1090 - MoonLRO,0.000,5400.000,5400.000,
Contact STARLINK-1090 - MarsSat1,0.000,3643.973,3643.973,
Contact STARLINK-1090 - MarsSat2,0.000,3643.851,3643.851,
Contact STARLINK-1090 - MarsSat3,748.650,3643.958,2895.308,
Contact STARLINK-1090 - MarsSat4,0.000,3643.916,3643.916,
Contact STARLINK-1208 - STARLINK-1098,0.000,5400.000,5400.000,
Contact STARLINK-1208 - STARLINK-4090,4743.860,5400.000,656.140,
Contact STARLINK-1208 - STARLINK-5966,0.000,387.451,387.451,
Contact STARLINK-1208 - STARLINK-5966,5334.228,5400.000,65.772,
Contact STARLINK-1208 - STARLINK-30208,0.000,5400.000,5400.000,
Contact STARLINK-1208 - MoonARTEMIS1,0.000,5400.000,5400.000,
Contact STARLINK-1208 - MoonARTEMIS2,0.000,5400.000,5400.000,
Contact STARLINK-1208 - MoonIOAGEO,0.000,5400.000,5400.000,
Contact STARLINK-1208 - MoonIOAGNO,0.000,5400.000,5400.000,
Contact STARLINK-1208 - MoonIOAGNO 0001,0.000,5400.000,5400.000,
Contact STARLINK-1208 - MoonIOAGSO,0.000,5400.000,5400.000,
Contact STARLINK-1208 - MoonIOAGSO 0001,0.000,5400.000,5400.000,
Contact STARLINK-1208 - MoonLRO,0.000,5400.000,5400.000,
Contact STARLINK-1208 - MarsSat1,0.000,2083.472,2083.472,
Contact STARLINK-1208 - MarsSat1,3746.285,5400.000,1653.715,
Contact STARLINK-1208 - MarsSat2,0.000,2083.442,2083.442,
Contact STARLINK-1208 - MarsSat2,3746.419,5400.000,1653.581,
Contact STARLINK-1208 - MarsSat3,3746.297,5400.000,1653.703,
Contact STARLINK-1208 - MarsSat4,0.000,2083.477,2083.477,
Contact STARLINK-1208 - MarsSat4,3746.354,5400.000,1653.646,
Contact STARLINK-5849 - STARLINK-30575,3418.324,4482.143,1063.819,
Contact STARLINK-5849 - STARLINK-31992,0.000,5400.000,5400.000,
Contact STARLINK-5849 - STARLINK-30715,4892.180,5400.000,507.820,
Contact STARLINK-5849 - STARLINK-6366,0.000,172.290,172.290,
Contact STARLINK-5849 - STARLINK-6366,4891.021,5400.000,508.979,
Contact STARLINK-5849 - STARLINK-6346,2883.759,4233.154,1349.396,
Contact STARLINK-5849 - STARLINK-30208,5371.546,5400.000,28.454,
Contact STARLINK-5849 - STARLINK-3911,3146.391,4377.100,1230.709,
Contact STARLINK-5849 - MoonARTEMIS1,0.000,5400.000,5400.000,
Contact STARLINK-5849 - MoonARTEMIS2,0.000,5400.000,5400.000,
Contact STARLINK-5849 - MoonIOAGEO,0.000,5400.000,5400.000,
Contact STARLINK-5849 - MoonIOAGNO,0.000,5400.000,5400.000,
Contact STARLINK-5849 - MoonIOAGNO 0001,0.000,5400.000,5400.000,
Contact STARLINK-5849 - MoonIOAGSO,0.000,5400.000,5400.000,
Contact STARLINK-5849 - MoonIOAGSO 0001,0.000,5400.000,5400.000,
Contact STARLINK-5849 - MoonLRO,0.000,5400.000,5400.000,
Contact STARLINK-5849 - MarsSat1,0.000,5400.000,5400.000,
Contact STARLINK-5849 - MarsSat2,0.000,5400.000,5400.000,
Contact STARLINK-5849 - MarsSat3,2317.816,5400.000,3082.184,
Contact STARLINK-5849 - MarsSat4,0.000,5400.000,5400.000,
Contact STARLINK-2193 - STARLINK-30303,0.000,5400.000,5400.000,
Contact STARLINK-2193 - STARLINK-31083,0.000,5400.000,5400.000,
Contact STARLINK-2193 - STARLINK-2504,0.000,2903.144,2903.144,
Contact STARLINK-2193 - STARLINK-2504,4609.489,5400.000,790.511,
Contact STARLINK-2193 - STARLINK-30299,0.000,5400.000,5400.000,
Contact STARLINK-2193 - MoonARTEMIS1,1303.631,4965.231,3661.601,
Contact STARLINK-2193 - MoonARTEMIS2,1394.822,5045.716,3650.894,
Contact STARLINK-2193 - MoonIOAGEO,1327.210,4978.057,3650.847,
Contact STARLINK-2193 - MoonIOAGNO,1324.063,4981.243,3657.180,
Contact STARLINK-2193 - MoonIOAGNO 0001,1340.627,4982.575,3641.948,
Contact STARLINK-2193 - MoonIOAGSO,1333.130,4988.222,3655.092,
Contact STARLINK-2193 - MoonIOAGSO 0001,1347.672,5011.344,3663.672,
Contact STARLINK-2193 - MoonLRO,3477.781,4994.148,1516.367,
Contact STARLINK-2193 - MarsSat1,0.000,5400.000,5400.000,
Contact STARLINK-2193 - MarsSat2,0.000,5400.000,5400.000,
Contact STARLINK-2193 - MarsSat3,3350.052,5400.000,2049.948,
Contact STARLINK-2193 - MarsSat4,0.000,5400.000,5400.000,
Contact STARLINK-31653 - STARLINK-30575,935.097,4766.213,3831.116,
Contact STARLINK-31653 - STARLINK-30715,0.000,5400.000,5400.000,
Contact STARLINK-31653 - STARLINK-6366,0.000,5400.000,5400.000,
Contact STARLINK-31653 - STARLINK-31083,4540.189,5400.000,859.811,
Contact STARLINK-31653 - STARLINK-2504,0.000,5400.000,5400.000,
Contact STARLINK-31653 - STARLINK-30208,0.000,5400.000,5400.000,
Contact STARLINK-31653 - STARLINK-3911,2960.787,4670.775,1709.988,
Contact STARLINK-31653 - MoonARTEMIS1,1079.688,5009.196,3929.508,
Contact STARLINK-31653 - MoonARTEMIS2,1139.225,5190.910,4051.685,
Contact STARLINK-31653 - MoonIOAGEO,1094.028,5035.946,3941.918,
Contact STARLINK-31653 - MoonIOAGNO,1071.660,5043.996,3972.337,
Contact STARLINK-31653 - MoonIOAGNO 0001,1065.977,5060.886,3994.908,
Contact STARLINK-31653 - MoonIOAGSO,1120.222,5055.000,3934.778,
Contact STARLINK-31653 - MoonIOAGSO 0001,1153.770,5086.699,3932.929,
Contact STARLINK-31653 - MoonLRO,3452.916,5064.655,1611.739,
Contact STARLINK-31653 - MarsSat1,0.000,5400.000,5400.000,
Contact STARLINK-31653 - MarsSat2,0.000,5400.000,5400.000,
Contact STARLINK-31653 - MarsSat3,3426.038,5400.000,1973.962,
Contact STARLINK-31653 - MarsSat4,0.000,5400.000,5400.000,
Contact STARLINK-6338 - STARLINK-11086 [DTC],0.000,704.675,704.675,
Contact STARLINK-6338 - MoonARTEMIS1,0.000,3654.856,3654.856,
Contact STARLINK-6338 - MoonARTEMIS2,0.000,3690.601,3690.601,
Contact STARLINK-6338 - MoonIOAGEO,0.000,3661.931,3661.931,
Contact STARLINK-6338 - MoonIOAGNO,0.000,3669.056,3669.056,
Contact STARLINK-6338 - MoonIOAGNO 0001,0.000,3695.206,3695.206,
Contact STARLINK-6338 - MoonIOAGSO,0.000,3655.920,3655.920,
Contact STARLINK-6338 - MoonIOAGSO 0001,0.000,3637.308,3637.308,
Contact STARLINK-6338 - MoonLRO,0.000,3659.565,3659.565,
Contact STARLINK-6338 - MarsSat1,620.382,5400.000,4779.618,
Contact STARLINK-6338 - MarsSat2,620.673,5400.000,4779.327,
Contact STARLINK-6338 - MarsSat3,747.648,5400.000,4652.352,
Contact STARLINK-6338 - MarsSat4,620.472,5400.000,4779.528,
Contact STARLINK-11086 [DTC] - STARLINK-5475,0.000,5400.000,5400.000,
Contact STARLINK-11086 [DTC] - STARLINK-31091,3517.325,4001.988,484.663,
Contact STARLINK-11086 [DTC] - STARLINK-11130 [DTC],0.000,5400.000,5400.000,
Contact STARLINK-11086 [DTC] - STARLINK-4260,0.000,644.159,644.159,
Contact STARLINK-11086 [DTC] - STARLINK-4260,5377.735,5400.000,22.265,
Contact STARLINK-11086 [DTC] - STARLINK-32045,4972.521,5400.000,427.479,
Contact STARLINK-11086 [DTC] - STARLINK-31917,3163.795,3850.046,686.251,
Contact STARLINK-11086 [DTC] - MoonARTEMIS1,0.000,2801.865,2801.865,
Contact STARLINK-11086 [DTC] - MoonARTEMIS1,4921.500,5400.000,478.500,
Contact STARLINK-11086 [DTC] - MoonARTEMIS2,0.000,2831.369,2831.369,
Contact STARLINK-11086 [DTC] - MoonARTEMIS2,4973.571,5400.000,426.429,
Contact STARLINK-11086 [DTC] - MoonIOAGEO,0.000,2808.194,2808.194,
Contact STARLINK-11086 [DTC] - MoonIOAGEO,4930.172,5400.000,469.828,
Contact STARLINK-11086 [DTC] - MoonIOAGNO,0.000,2814.130,2814.130,
Contact STARLINK-11086 [DTC] - MoonIOAGNO,4933.436,5400.000,466.564,
Contact STARLINK-11086 [DTC] - MoonIOAGNO 0001,0.000,2830.139,2830.139,
Contact STARLINK-11086 [DTC] - MoonIOAGNO 0001,4953.944,5400.000,446.056,
Contact STARLINK-11086 [DTC] - MoonIOAGSO,0.000,2802.961,2802.961,
Contact STARLINK-11086 [DTC] - MoonIOAGSO,4933.085,5400.000,466.915,
Contact STARLINK-11086 [DTC] - MoonIOAGSO 0001,0.000,2793.220,2793.220,
Contact STARLINK-11086 [DTC] - MoonIOAGSO 0001,4925.896,5400.000,474.104,
Contact STARLINK-11086 [DTC] - MoonLRO,0.000,1145.516,1145.516,
Contact STARLINK-11086 [DTC] - MoonLRO,4933.284,5400.000,466.716,
Contact STARLINK-11086 [DTC] - MarsSat1,797.683,5400.000,4602.317,
Contact STARLINK-11086 [DTC] - MarsSat2,797.503,5400.000,4602.497,
Contact STARLINK-11086 [DTC] - MarsSat3,797.597,5400.000,4602.403,
Contact STARLINK-11086 [DTC] - MarsSat4,797.622,5400.000,4602.378,
Contact STARLINK-30575 - STARLINK-31992,292.878,4873.275,4580.397,
Contact STARLINK-30575 - STARLINK-30303,4351.489,5400.000,1048.511,
Contact STARLINK-30575 - STARLINK-31083,5013.004,5400.000,386.996,
Contact STARLINK-30575 - STARLINK-2504,3987.693,5400.000,1412.307,
Contact STARLINK-30575 - STARLINK-6346,3331.980,4671.181,1339.202,
Contact STARLINK-30575 - STARLINK-30299,0.000,3229.233,3229.233,
Contact STARLINK-30575 - STARLINK-30299,3977.182,5400.000,1422.818,
Contact STARLINK-30575 - STARLINK-3911,0.000,5400.000,5400.000,
Contact STARLINK-30575 - MoonARTEMIS1,691.273,4288.235,3596.962,
Contact STARLINK-30575 - MoonARTEMIS2,750.578,4349.427,3598.849,
Contact STARLINK-30575 - MoonIOAGEO,707.715,4298.684,3590.969,
Contact STARLINK-30575 - MoonIOAGNO,698.002,4298.896,3600.894,
Contact STARLINK-30575 - MoonIOAGNO 0001,705.102,4296.635,3591.532,
Contact STARLINK-30575 - MoonIOAGSO,718.792,4307.848,3589.055,
Contact STARLINK-30575 - MoonIOAGSO 0001,735.255,4330.160,3594.905,
Contact STARLINK-30575 - MoonLRO,3437.236,4314.605,877.369,
Contact STARLINK-30575 - MarsSat1,0.000,5400.000,5400.000,
Contact STARLINK-30575 - MarsSat2,0.000,5400.000,5400.000,
Contact STARLINK-30575 - MarsSat3,2847.788,5400.000,2552.212,
Contact STARLINK-30575 - MarsSat4,0.000,5400.000,5400.000,
Contact STARLINK-5475 - STARLINK-31276,3477.406,4005.152,527.746,
Contact STARLINK-5475 - STARLINK-11130 [DTC],0.000,5400.000,5400.000,
Contact STARLINK-5475 - STARLINK-4260,0.000,456.892,456.892,
Contact STARLINK-5475 - STARLINK-32045,4958.803,5400.000,441.197,
Contact STARLINK-5475 - MoonARTEMIS1,0.000,2831.551,2831.551,
Contact STARLINK-5475 - MoonARTEMIS1,4990.430,5400.000,409.570,
Contact STARLINK-5475 - MoonARTEMIS2,0.000,2863.360,2863.360,
Contact STARLINK-5475 - MoonARTEMIS2,5019.095,5400.000,380.905,
Contact STARLINK-5475 - MoonIOAGEO,0.000,2838.086,2838.086,
Contact STARLINK-5475 - MoonIOAGEO,4995.091,5400.000,404.909,
Contact STARLINK-5475 - MoonIOAGNO,0.000,2843.311,2843.311,
Contact STARLINK-5475 - MoonIOAGNO,4997.384,5400.000,402.616,
Contact STARLINK-5475 - MoonIOAGNO 0001,0.000,2858.373,2858.373,
Contact STARLINK-5475 - MoonIOAGNO 0001,5016.886,5400.000,383.114,
Contact STARLINK-5475 - MoonIOAGSO,0.000,2833.877,2833.877,
Contact STARLINK-5475 - MoonIOAGSO,4995.133,5400.000,404.867,
Contact STARLINK-5475 - MoonIOAGSO 0001,0.000,2825.789,2825.789,
Contact STARLINK-5475 - MoonIOAGSO 0001,4981.543,5400.000,418.457,
Contact STARLINK-5475 - MoonLRO,0.000,1158.421,1158.421,
Contact STARLINK-5475 - MoonLRO,4993.622,5400.000,406.378,
Contact STARLINK-5475 - MarsSat1,1636.208,5400.000,3763.792,
Contact STARLINK-5475 - MarsSat2,1636.044,5400.000,3763.956,
Contact STARLINK-5475 - MarsSat3,1636.167,5400.000,3763.833,
Contact STARLINK-5475 - MarsSat4,1636.152,5400.000,3763.848,
Contact STARLINK-31992 - STARLINK-30715,3203.928,3793.739,589.811,
Contact STARLINK-31992 - STARLINK-6366,0.000,412.010,412.010,
Contact STARLINK-31992 - STARLINK-6346,0.000,5400.000,5400.000,
Contact STARLINK-31992 - STARLINK-3911,0.000,5400.000,5400.000,
Contact STARLINK-31992 - MoonARTEMIS1,76.452,3857.352,3780.901,
Contact STARLINK-31992 - MoonARTEMIS2,82.518,3963.147,3880.629,
Contact STARLINK-31992 - MoonIOAGEO,78.832,3875.092,3796.260,
Contact STARLINK-31992 - MoonIOAGNO,61.022,3873.719,3812.697,
Contact STARLINK-31992 - MoonIOAGNO 0001,55.407,3872.295,3816.888,
Contact STARLINK-31992 - MoonIOAGSO,98.108,3890.400,3792.292,
Contact STARLINK-31992 - MoonIOAGSO 0001,113.251,3925.556,3812.306,
Contact STARLINK-31992 - MoonLRO,3432.557,3902.086,469.529,
Contact STARLINK-31992 - MarsSat1,0.000,5400.000,5400.000,
Contact STARLINK-31992 - MarsSat2,0.000,5400.000,5400.000,
Contact STARLINK-31992 - MarsSat3,2633.857,5400.000,2766.143,
Contact STARLINK-31992 - MarsSat4,0.000,5400.000,5400.000,
Contact STARLINK-30715 - STARLINK-6366,0.000,5400.000,5400.000,
Contact STARLINK-30715 - STARLINK-2504,0.000,5371.331,5371.331,
Contact STARLINK-30715 - STARLINK-30208,0.000,5400.000,5400.000,
Contact STARLINK-30715 - STARLINK-3911,3093.674,4652.622,1558.948,
Contact STARLINK-30715 - MoonARTEMIS1,0.000,5400.000,5400.000,
Contact STARLINK-30715 - MoonARTEMIS2,0.000,5400.000,5400.000,
Contact STARLINK-30715 - MoonIOAGEO,0.000,5400.000,5400.000,
Contact STARLINK-30715 - MoonIOAGNO,0.000,5400.000,5400.000,
Contact STARLINK-30715 - MoonIOAGNO 0001,0.000,5400.000,5400.000,
Contact STARLINK-30715 - MoonIOAGSO,0.000,5400.000,5400.000,
Contact STARLINK-30715 - MoonIOAGSO 0001,0.000,5400.000,5400.000,
Contact STARLINK-30715 - MoonLRO,0.000,5400.000,5400.000,
Contact STARLINK-30715 - MarsSat1,0.000,5400.000,5400.000,
Contact STARLINK-30715 - MarsSat2,0.000,5400.000,5400.000,
Contact STARLINK-30715 - MarsSat3,3208.425,5400.000,2191.575,
Contact STARLINK-30715 - MarsSat4,0.000,5400.000,5400.000,
Contact STARLINK-31276 - STARLINK-4130,5397.645,5400.000,2.355,
Contact STARLINK-31276 - STARLINK-6346,0.000,5400.000,5400.000,
Contact STARLINK-31276 - MoonARTEMIS1,0.000,2986.533,2986.533,
Contact STARLINK-31276 - MoonARTEMIS1,4953.743,5400.000,446.257,
Contact STARLINK-31276 - MoonARTEMIS2,0.000,3081.783,3081.783,
Contact STARLINK-31276 - MoonARTEMIS2,4993.372,5400.000,406.628,
Contact STARLINK-31276 - MoonIOAGEO,0.000,3005.106,3005.106,
Contact STARLINK-31276 - MoonIOAGEO,4959.893,5400.000,440.107,
Contact STARLINK-31276 - MoonIOAGNO,0.000,3001.749,3001.749,
Contact STARLINK-31276 - MoonIOAGNO,4959.603,5400.000,440.397,
Contact STARLINK-31276 - MoonIOAGNO 0001,0.000,3007.101,3007.101,
Contact STARLINK-31276 - MoonIOAGNO 0001,4941.871,5400.000,458.129,
Contact STARLINK-31276 - MoonIOAGSO,0.000,3018.228,3018.228,
Contact STARLINK-31276 - MoonIOAGSO,4968.842,5400.000,431.158,
Contact STARLINK-31276 - MoonIOAGSO 0001,0.000,3045.016,3045.016,
Contact STARLINK-31276 - MoonIOAGSO 0001,5000.924,5400.000,399.076,
Contact STARLINK-31276 - MoonLRO,0.000,1131.635,1131.635,
Contact STARLINK-31276 - MoonLRO,4974.699,5400.000,425.301,
Contact STARLINK-31276 - MarsSat1,1668.878,5181.126,3512.248,
Contact STARLINK-31276 - MarsSat2,1668.884,5181.131,3512.247,
Contact STARLINK-31276 - MarsSat3,1668.871,5181.114,3512.243,
Contact STARLINK-31276 - MarsSat4,1668.886,5181.149,3512.264,
Contact STARLINK-31091 - STARLINK-11130 [DTC],3079.203,3844.290,765.087,
Contact STARLINK-31091 - STARLINK-4130,0.000,5400.000,5400.000,
Contact STARLINK-31091 - STARLINK-31917,0.000,5400.000,5400.000,
Contact STARLINK-31091 - MoonARTEMIS1,0.000,1843.434,1843.434,
Contact STARLINK-31091 - MoonARTEMIS1,4024.889,5400.000,1375.111,
Contact STARLINK-31091 - MoonARTEMIS2,0.000,1914.925,1914.925,
Contact STARLINK-31091 - MoonARTEMIS2,4097.806,5400.000,1302.194,
Contact STARLINK-31091 - MoonIOAGEO,0.000,1860.396,1860.396,
Contact STARLINK-31091 - MoonIOAGEO,4038.234,5400.000,1361.766,
Contact STARLINK-31091 - MoonIOAGNO,0.000,1855.602,1855.602,
Contact STARLINK-31091 - MoonIOAGNO,4038.733,5400.000,1361.267,
Contact STARLINK-31091 - MoonIOAGNO 0001,0.000,1863.549,1863.549,
Contact STARLINK-31091 - MoonIOAGNO 0001,4044.105,5400.000,1355.895,
Contact STARLINK-31091 - MoonIOAGSO,0.000,1869.860,1869.860,
Contact STARLINK-31091 - MoonIOAGSO,4047.314,5400.000,1352.686,
Contact STARLINK-31091 - MoonIOAGSO 0001,0.000,1888.052,1888.052,
Contact STARLINK-31091 - MoonIOAGSO 0001,4065.393,5400.000,1334.607,
Contact STARLINK-31091 - MoonLRO,0.000,1147.401,1147.401,
Contact STARLINK-31091 - MoonLRO,4054.378,5400.000,1345.622,
Contact STARLINK-31091 - MarsSat1,416.565,3879.156,3462.591,
Contact STARLINK-31091 - MarsSat2,416.471,3879.088,3462.617,
Contact STARLINK-31091 - MarsSat3,748.464,3879.136,3130.672,
Contact STARLINK-31091 - MarsSat4,416.533,3879.144,3462.611,
Contact STARLINK-11130 [DTC] - STARLINK-4260,0.000,360.237,360.237,
Contact STARLINK-11130 [DTC] - STARLINK-4260,5117.213,5400.000,282.787,
Contact STARLINK-11130 [DTC] - STARLINK-4130,3250.584,4143.134,892.550,
Contact STARLINK-11130 [DTC] - STARLINK-32045,4577.199,5400.000,822.801,
Contact STARLINK-11130 [DTC] - STARLINK-31917,2818.814,3603.858,785.044,
Contact STARLINK-11130 [DTC] - MoonARTEMIS1,0.000,2347.568,2347.568,
Contact STARLINK-11130 [DTC] - MoonARTEMIS1,4527.809,5400.000,872.191,
Contact STARLINK-11130 [DTC] - MoonARTEMIS2,0.000,2385.568,2385.568,
Contact STARLINK-11130 [DTC] - MoonARTEMIS2,4575.026,5400.000,824.974,
Contact STARLINK-11130 [DTC] - MoonIOAGEO,0.000,2356.108,2356.108,
Contact STARLINK-11130 [DTC] - MoonIOAGEO,4536.053,5400.000,863.947,
Contact STARLINK-11130 [DTC] - MoonIOAGNO,0.000,2361.429,2361.429,
Contact STARLINK-11130 [DTC] - MoonIOAGNO,4539.190,5400.000,860.810,
Contact STARLINK-11130 [DTC] - MoonIOAGNO 0001,0.000,2376.138,2376.138,
Contact STARLINK-11130 [DTC] - MoonIOAGNO 0001,4557.539,5400.000,842.461,
Contact STARLINK-11130 [DTC] - MoonIOAGSO,0.000,2352.003,2352.003,
Contact STARLINK-11130 [DTC] - MoonIOAGSO,4537.842,5400.000,862.158,
Contact STARLINK-11130 [DTC] - MoonIOAGSO 0001,0.000,2346.843,2346.843,
Contact STARLINK-11130 [DTC] - MoonIOAGSO 0001,4531.602,5400.000,868.398,
Contact STARLINK-11130 [DTC] - MoonLRO,0.000,1168.455,1168.455,
Contact STARLINK-11130 [DTC] - MoonLRO,4538.866,5400.000,861.134,
Contact STARLINK-11130 [DTC] - MarsSat1,962.972,4802.118,3839.146,
Contact STARLINK-11130 [DTC] - MarsSat2,962.793,4801.969,3839.176,
Contact STARLINK-11130 [DTC] - MarsSat3,962.916,4802.110,3839.194,
Contact STARLINK-11130 [DTC] - MarsSat4,962.913,4802.039,3839.126,
Contact STARLINK-30303 - STARLINK-31083,0.000,5400.000,5400.000,
Contact STARLINK-30303 - STARLINK-2504,4666.438,5400.000,733.562,
Contact STARLINK-30303 - STARLINK-30299,0.000,5400.000,5400.000,
Contact STARLINK-30303 - MoonARTEMIS1,1097.523,4647.611,3550.088,
Contact STARLINK-30303 - MoonARTEMIS2,1185.292,4732.921,3547.629,
Contact STARLINK-30303 - MoonIOAGEO,1120.615,4661.706,3541.091,
Contact STARLINK-30303 - MoonIOAGNO,1119.321,4664.719,3545.398,
Contact STARLINK-30303 - MoonIOAGNO 0001,1137.102,4671.799,3534.697,
Contact STARLINK-30303 - MoonIOAGSO,1123.517,4671.296,3547.779,
Contact STARLINK-30303 - MoonIOAGSO 0001,1134.615,4689.905,3555.291,
Contact STARLINK-30303 - MoonLRO,3473.803,4677.731,1203.927,
Contact STARLINK-30303 - MarsSat1,0.000,5400.000,5400.000,
Contact STARLINK-30303 - MarsSat2,0.000,5400.000,5400.000,
Contact STARLINK-30303 - MarsSat3,3188.987,5400.000,2211.013,
Contact STARLINK-30303 - MarsSat4,0.000,5400.000,5400.000,
Contact STARLINK-6366 - STARLINK-2504,2963.436,4063.819,1100.382,
Contact STARLINK-6366 - STARLINK-30208,0.000,5400.000,5400.000,
Contact STARLINK-6366 - STARLINK-3911,2934.993,3658.400,723.407,
Contact STARLINK-6366 - MoonARTEMIS1,0.000,5400.000,5400.000,
Contact STARLINK-6366 - MoonARTEMIS2,0.000,5400.000,5400.000,
Contact STARLINK-6366 - MoonIOAGEO,0.000,5400.000,5400.000,
Contact STARLINK-6366 - MoonIOAGNO,0.000,5400.000,5400.000,
Contact STARLINK-6366 - MoonIOAGNO 0001,0.000,5400.000,5400.000,
Contact STARLINK-6366 - MoonIOAGSO,0.000,5400.000,5400.000,
Contact STARLINK-6366 - MoonIOAGSO 0001,0.000,5400.000,5400.000,
Contact STARLINK-6366 - MoonLRO,0.000,5400.000,5400.000,
Contact STARLINK-6366 - MarsSat1,0.000,2578.115,2578.115,
Contact STARLINK-6366 - MarsSat1,3669.698,5400.000,1730.302,
Contact STARLINK-6366 - MarsSat2,0.000,2577.802,2577.802,
Contact STARLINK-6366 - MarsSat2,3669.656,5400.000,1730.344,
Contact STARLINK-6366 - MarsSat3,3669.651,5400.000,1730.349,
Contact STARLINK-6366 - MarsSat4,0.000,2577.988,2577.988,
Contact STARLINK-6366 - MarsSat4,3669.740,5400.000,1730.260,
Contact STARLINK-4260 - STARLINK-32045,0.000,746.694,746.694,
Contact STARLINK-4260 - STARLINK-5966,668.310,4820.085,4151.775,
Contact STARLINK-4260 - STARLINK-31917,738.254,5400.000,4661.746,
Contact STARLINK-4260 - MoonARTEMIS1,0.000,5400.000,5400.000,
Contact STARLINK-4260 - MoonARTEMIS2,0.000,5400.000,5400.000,
Contact STARLINK-4260 - MoonIOAGEO,0.000,5400.000,5400.000,
Contact STARLINK-4260 - MoonIOAGNO,0.000,5400.000,5400.000,
Contact STARLINK-4260 - MoonIOAGNO 0001,0.000,5400.000,5400.000,
Contact STARLINK-4260 - MoonIOAGSO,0.000,5400.000,5400.000,
Contact STARLINK-4260 - MoonIOAGSO 0001,0.000,5400.000,5400.000,
Contact STARLINK-4260 - MoonLRO,0.000,5400.000,5400.000,
Contact STARLINK-4260 - MarsSat1,28.793,3619.158,3590.365,
Contact STARLINK-4260 - MarsSat2,28.807,3619.179,3590.372,
Contact STARLINK-4260 - MarsSat3,747.789,3619.151,2871.362,
Contact STARLINK-4260 - MarsSat4,28.792,3619.182,3590.391,
Contact STARLINK-4130 - STARLINK-31917,0.000,3347.161,3347.161,
Contact STARLINK-4130 - STARLINK-31917,3826.312,5400.000,1573.688,
Contact STARLINK-4130 - MoonARTEMIS1,0.000,2092.294,2092.294,
Contact STARLINK-4130 - MoonARTEMIS1,4192.687,5400.000,1207.313,
Contact STARLINK-4130 - MoonARTEMIS2,0.000,2169.655,2169.655,
Contact STARLINK-4130 - MoonARTEMIS2,4277.048,5400.000,1122.952,
Contact STARLINK-4130 - MoonIOAGEO,0.000,2110.214,2110.214,
Contact STARLINK-4130 - MoonIOAGEO,4207.812,5400.000,1192.188,
Contact STARLINK-4130 - MoonIOAGNO,0.000,2105.168,2105.168,
Contact STARLINK-4130 - MoonIOAGNO,4209.385,5400.000,1190.615,
Contact STARLINK-4130 - MoonIOAGNO 0001,0.000,2112.521,2112.521,
Contact STARLINK-4130 - MoonIOAGNO 0001,4217.925,5400.000,1182.075,
Contact STARLINK-4130 - MoonIOAGSO,0.000,2121.179,2121.179,
Contact STARLINK-4130 - MoonIOAGSO,4217.416,5400.000,1182.584,
Contact STARLINK-4130 - MoonIOAGSO 0001,0.000,2142.384,2142.384,
Contact STARLINK-4130 - MoonIOAGSO 0001,4235.194,5400.000,1164.806,
Contact STARLINK-4130 - MoonLRO,0.000,1157.284,1157.284,
Contact STARLINK-4130 - MoonLRO,4224.784,5400.000,1175.216,
Contact STARLINK-4130 - MarsSat1,456.795,4109.866,3653.071,
Contact STARLINK-4130 - MarsSat2,456.682,4109.783,3653.101,
Contact STARLINK-4130 - MarsSat3,748.583,4109.844,3361.261,
Contact STARLINK-4130 - MarsSat4,456.757,4109.846,3653.089,
Contact STARLINK-1098 - STARLINK-4090,4654.631,5400.000,745.369,
Contact STARLINK-1098 - STARLINK-5966,0.000,314.696,314.696,
Contact STARLINK-1098 - STARLINK-5966,5035.266,5400.000,364.734,
Contact STARLINK-1098 - MoonARTEMIS1,0.000,5400.000,5400.000,
Contact STARLINK-1098 - MoonARTEMIS2,0.000,5400.000,5400.000,
Contact STARLINK-1098 - MoonIOAGEO,0.000,5400.000,5400.000,
Contact STARLINK-1098 - MoonIOAGNO,0.000,5400.000,5400.000,
Contact STARLINK-1098 - MoonIOAGNO 0001,0.000,5400.000,5400.000,
Contact STARLINK-1098 - MoonIOAGSO,0.000,5400.000,5400.000,
Contact STARLINK-1098 - MoonIOAGSO 0001,0.000,5400.000,5400.000,
Contact STARLINK-1098 - MoonLRO,0.000,5400.000,5400.000,
Contact STARLINK-1098 - MarsSat1,0.000,5400.000,5400.000,
Contact STARLINK-1098 - MarsSat2,0.000,5400.000,5400.000,
Contact STARLINK-1098 - MarsSat3,748.671,5400.000,4651.329,
Contact STARLINK-1098 - MarsSat4,0.000,5400.000,5400.000,
Contact STARLINK-32045 - STARLINK-4090,0.000,694.430,694.430,
Contact STARLINK-32045 - STARLINK-4090,5393.402,5400.000,6.598,
Contact STARLINK-32045 - STARLINK-5966,3021.208,4148.731,1127.523,
Contact STARLINK-32045 - MoonARTEMIS1,0.000,5400.000,5400.000,
Contact STARLINK-32045 - MoonARTEMIS2,0.000,5400.000,5400.000,
Contact STARLINK-32045 - MoonIOAGEO,0.000,5400.000,5400.000,
Contact STARLINK-32045 - MoonIOAGNO,0.000,5400.000,5400.000,
Contact STARLINK-32045 - MoonIOAGNO 0001,0.000,5400.000,5400.000,
Contact STARLINK-32045 - MoonIOAGSO,0.000,5400.000,5400.000,
Contact STARLINK-32045 - MoonIOAGSO 0001,0.000,5400.000,5400.000,
Contact STARLINK-32045 - MoonLRO,0.000,5400.000,5400.000,
Contact STARLINK-32045 - MarsSat1,0.000,2863.991,2863.991,
Contact STARLINK-32045 - MarsSat1,4958.996,5400.000,441.004,
Contact STARLINK-32045 - MarsSat2,0.000,2864.013,2864.013,
Contact STARLINK-32045 - MarsSat2,4959.042,5400.000,440.958,
Contact STARLINK-32045 - MarsSat3,4958.990,5400.000,441.010,
Contact STARLINK-32045 - MarsSat4,0.000,2864.012,2864.012,
Contact STARLINK-32045 - MarsSat4,4959.033,5400.000,440.967,
Contact STARLINK-31083 - STARLINK-4090,3343.378,3755.464,412.085,
Contact STARLINK-31083 - STARLINK-2504,0.000,258.479,258.479,
Contact STARLINK-31083 - STARLINK-2504,4857.630,5400.000,542.370,
Contact STARLINK-31083 - STARLINK-30299,0.000,5400.000,5400.000,
Contact STARLINK-31083 - STARLINK-3911,4879.102,5400.000,520.898,
Contact STARLINK-31083 - MoonARTEMIS1,1421.229,4937.215,3515.985,
Contact STARLINK-31083 - MoonARTEMIS2,1502.009,5015.813,3513.804,
Contact STARLINK-31083 - MoonIOAGEO,1441.748,4949.649,3507.901,
Contact STARLINK-31083 - MoonIOAGNO,1440.680,4953.186,3512.506,
Contact STARLINK-31083 - MoonIOAGNO 0001,1456.738,4961.303,3504.565,
Contact STARLINK-31083 - MoonIOAGSO,1445.256,4958.092,3512.836,
Contact STARLINK-31083 - MoonIOAGSO 0001,1455.768,4972.528,3516.760,
Contact STARLINK-31083 - MoonLRO,3480.359,4962.692,1482.332,
Contact STARLINK-31083 - MarsSat1,0.000,5400.000,5400.000,
Contact STARLINK-31083 - MarsSat2,0.000,5400.000,5400.000,
Contact STARLINK-31083 - MarsSat3,3518.145,5400.000,1881.855,
Contact STARLINK-31083 - MarsSat4,0.000,5400.000,5400.000,
Contact STARLINK-4090 - MoonARTEMIS1,0.000,5400.000,5400.000,
Contact STARLINK-4090 - MoonARTEMIS2,0.000,5400.000,5400.000,
Contact STARLINK-4090 - MoonIOAGEO,0.000,5400.000,5400.000,
Contact STARLINK-4090 - MoonIOAGNO,0.000,5400.000,5400.000,
Contact STARLINK-4090 - MoonIOAGNO 0001,0.000,5400.000,5400.000,
Contact STARLINK-4090 - MoonIOAGSO,0.000,5400.000,5400.000,
Contact STARLINK-4090 - MoonIOAGSO 0001,0.000,5400.000,5400.000,
Contact STARLINK-4090 - MoonLRO,0.000,5400.000,5400.000,
Contact STARLINK-4090 - MarsSat1,0.000,2331.690,2331.690,
Contact STARLINK-4090 - MarsSat1,4335.714,5400.000,1064.286,
Contact STARLINK-4090 - MarsSat2,0.000,2331.637,2331.637,
Contact STARLINK-4090 - MarsSat2,4335.623,5400.000,1064.377,
Contact STARLINK-4090 - MarsSat3,4335.691,5400.000,1064.309,
Contact STARLINK-4090 - MarsSat4,0.000,2331.682,2331.682,
Contact STARLINK-4090 - MarsSat4,4335.693,5400.000,1064.307,
Contact STARLINK-2504 - STARLINK-30299,4577.763,5400.000,822.237,
Contact STARLINK-2504 - STARLINK-30208,3105.220,4531.042,1425.822,
Contact STARLINK-2504 - STARLINK-3911,0.000,5400.000,5400.000,
Contact STARLINK-2504 - MoonARTEMIS1,1129.137,4865.897,3736.760,
Contact STARLINK-2504 - MoonARTEMIS2,1147.740,4941.241,3793.501,
Contact STARLINK-2504 - MoonIOAGEO,1134.159,4877.211,3743.052,
Contact STARLINK-2504 - MoonIOAGNO,1121.817,4879.011,3757.195,
Contact STARLINK-2504 - MoonIOAGNO 0001,1116.185,4871.015,3754.831,
Contact STARLINK-2504 - MoonIOAGSO,1148.680,4888.247,3739.566,
Contact STARLINK-2504 - MoonIOAGSO 0001,1166.184,4919.108,3752.925,
Contact STARLINK-2504 - MoonLRO,3462.441,4895.556,1433.114,
Contact STARLINK-2504 - MarsSat1,0.000,1510.877,1510.877,
Contact STARLINK-2504 - MarsSat1,3640.717,5400.000,1759.283,
Contact STARLINK-2504 - MarsSat2,0.000,1510.898,1510.898,
Contact STARLINK-2504 - MarsSat2,3640.730,5400.000,1759.270,
Contact STARLINK-2504 - MarsSat3,3640.709,5400.000,1759.291,
Contact STARLINK-2504 - MarsSat4,0.000,1510.889,1510.889,
Contact STARLINK-2504 - MarsSat4,3640.739,5400.000,1759.261,
Contact STARLINK-6346 - STARLINK-3911,737.469,5400.000,4662.531,
Contact STARLINK-6346 - MoonARTEMIS1,0.000,3544.218,3544.218,
Contact STARLINK-6346 - MoonARTEMIS2,0.000,3607.350,3607.350,
Contact STARLINK-6346 - MoonIOAGEO,0.000,3556.003,3556.003,
Contact STARLINK-6346 - MoonIOAGNO,0.000,3554.224,3554.224,
Contact STARLINK-6346 - MoonIOAGNO 0001,0.000,3554.002,3554.002,
Contact STARLINK-6346 - MoonIOAGSO,0.000,3565.928,3565.928,
Contact STARLINK-6346 - MoonIOAGSO 0001,0.000,3587.894,3587.894,
Contact STARLINK-6346 - MoonLRO,0.000,1161.766,1161.766,
Contact STARLINK-6346 - MarsSat1,0.000,5400.000,5400.000,
Contact STARLINK-6346 - MarsSat2,0.000,5400.000,5400.000,
Contact STARLINK-6346 - MarsSat3,2156.132,5400.000,3243.868,
Contact STARLINK-6346 - MarsSat4,0.000,5400.000,5400.000,
Contact STARLINK-30299 - STARLINK-3911,4355.307,5400.000,1044.693,
Contact STARLINK-30299 - MoonARTEMIS1,1029.691,4660.050,3630.359,
Contact STARLINK-30299 - MoonARTEMIS2,1114.324,4738.629,3624.305,
Contact STARLINK-30299 - MoonIOAGEO,1052.229,4673.035,3620.806,
Contact STARLINK-30299 - MoonIOAGNO,1048.805,4675.673,3626.868,
Contact STARLINK-30299 - MoonIOAGNO 0001,1064.474,4680.822,3616.348,
Contact STARLINK-30299 - MoonIOAGSO,1057.369,4682.231,3624.862,
Contact STARLINK-30299 - MoonIOAGSO 0001,1070.686,4700.903,3630.217,
Contact STARLINK-30299 - MoonLRO,3464.184,4688.374,1224.191,
Contact STARLINK-30299 - MarsSat1,0.000,5400.000,5400.000,
Contact STARLINK-30299 - MarsSat2,0.000,5400.000,5400.000,
Contact STARLINK-30299 - MarsSat3,3116.398,5400.000,2283.602,
Contact STARLINK-30299 - MarsSat4,0.000,5400.000,5400.000,
Contact STARLINK-5966 - MoonARTEMIS1,0.000,5400.000,5400.000,
Contact STARLINK-5966 - MoonARTEMIS2,0.000,5400.000,5400.000,
Contact STARLINK-5966 - MoonIOAGEO,0.000,5400.000,5400.000,
Contact STARLINK-5966 - MoonIOAGNO,0.000,5400.000,5400.000,
Contact STARLINK-5966 - MoonIOAGNO 0001,0.000,5400.000,5400.000,
Contact STARLINK-5966 - MoonIOAGSO,0.000,5400.000,5400.000,
Contact STARLINK-5966 - MoonIOAGSO 0001,0.000,5400.000,5400.000,
Contact STARLINK-5966 - MoonLRO,0.000,5400.000,5400.000,
Contact STARLINK-5966 - MarsSat1,0.000,2983.537,2983.537,
Contact STARLINK-5966 - MarsSat1,5073.469,5400.000,326.531,
Contact STARLINK-5966 - MarsSat2,0.000,2983.467,2983.467,
Contact STARLINK-5966 - MarsSat2,5073.388,5400.000,326.612,
Contact STARLINK-5966 - MarsSat3,5073.452,5400.000,326.548,
Contact STARLINK-5966 - MarsSat4,0.000,2983.522,2983.522,
Contact STARLINK-5966 - MarsSat4,5073.450,5400.000,326.550,
Contact STARLINK-31917 - MoonARTEMIS1,0.000,1699.716,1699.716,
Contact STARLINK-31917 - MoonARTEMIS1,3889.326,5400.000,1510.674,
Contact STARLINK-31917 - MoonARTEMIS2,0.000,1761.539,1761.539,
Contact STARLINK-31917 - MoonARTEMIS2,3945.899,5400.000,1454.101,
Contact STARLINK-31917 - MoonIOAGEO,0.000,1714.391,1714.391,
Contact STARLINK-31917 - MoonIOAGEO,3899.820,5400.000,1500.180,
Contact STARLINK-31917 - MoonIOAGNO,0.000,1708.243,1708.243,
Contact STARLINK-31917 - MoonIOAGNO,3898.471,5400.000,1501.529,
Contact STARLINK-31917 - MoonIOAGNO 0001,0.000,1713.389,1713.389,
Contact STARLINK-31917 - MoonIOAGNO 0001,3897.008,5400.000,1502.992,
Contact STARLINK-31917 - MoonIOAGSO,0.000,1724.586,1724.586,
Contact STARLINK-31917 - MoonIOAGSO,3909.161,5400.000,1490.839,
Contact STARLINK-31917 - MoonIOAGSO 0001,0.000,1742.822,1742.822,
Contact STARLINK-31917 - MoonIOAGSO 0001,3930.219,5400.000,1469.781,
Contact STARLINK-31917 - MoonLRO,0.000,1129.318,1129.318,
Contact STARLINK-31917 - MoonLRO,3915.351,5400.000,1484.649,
Contact STARLINK-31917 - MarsSat1,369.985,3861.304,3491.319,
Contact STARLINK-31917 - MarsSat2,369.920,3861.273,3491.353,
Contact STARLINK-31917 - MarsSat3,748.203,3861.287,3113.084,
Contact STARLINK-31917 - MarsSat4,369.961,3861.310,3491.349,
Contact STARLINK-30208 - STARLINK-3911,3235.964,3980.388,744.424,
Contact STARLINK-30208 - MoonARTEMIS1,0.000,5400.000,5400.000,
Contact STARLINK-30208 - MoonARTEMIS2,0.000,5400.000,5400.000,
Contact STARLINK-30208 - MoonIOAGEO,0.000,5400.000,5400.000,
Contact STARLINK-30208 - MoonIOAGNO,0.000,5400.000,5400.000,
Contact STARLINK-30208 - MoonIOAGNO 0001,0.000,5400.000,5400.000,
Contact STARLINK-30208 - MoonIOAGSO,0.000,5400.000,5400.000,
Contact STARLINK-30208 - MoonIOAGSO 0001,0.000,5400.000,5400.000,
Contact STARLINK-30208 - MoonLRO,0.000,5400.000,5400.000,
Contact STARLINK-30208 - MarsSat1,0.000,5400.000,5400.000,
Contact STARLINK-30208 - MarsSat2,0.000,5400.000,5400.000,
Contact STARLINK-30208 - MarsSat3,748.392,5400.000,4651.608,
Contact STARLINK-30208 - MarsSat4,0.000,5400.000,5400.000,
Contact STARLINK-3911 - MoonARTEMIS1,565.826,4168.172,3602.346,
Contact STARLINK-3911 - MoonARTEMIS2,598.173,4224.099,3625.926,
Contact STARLINK-3911 - MoonIOAGEO,574.980,4177.575,3602.595,
Contact STARLINK-3911 - MoonIOAGNO,563.181,4176.710,3613.529,
Contact STARLINK-3911 - MoonIOAGNO 0001,563.762,4170.794,3607.032,
Contact STARLINK-3911 - MoonIOAGSO,588.075,4187.218,3599.142,
Contact STARLINK-3911 - MoonIOAGSO 0001,603.145,4212.051,3608.906,
Contact STARLINK-3911 - MoonLRO,3437.061,4194.083,757.022,
Contact STARLINK-3911 - MarsSat1,0.000,5400.000,5400.000,
Contact STARLINK-3911 - MarsSat2,0.000,5400.000,5400.000,
Contact STARLINK-3911 - MarsSat3,2941.019,5400.000,2458.981,
Contact STARLINK-3911 - MarsSat4,0.000,5400.000,5400.000,
Contact MoonARTEMIS1 - MoonARTEMIS2,5197.798,5400.000,202.202,
Contact MoonARTEMIS1 - MoonIOAGEO,0.000,5400.000,5400.000,
Contact MoonARTEMIS1 - MoonIOAGNO,0.000,5400.000,5400.000,
Contact MoonARTEMIS1 - MoonIOAGNO 0001,0.000,5400.000,5400.000,
Contact MoonARTEMIS1 - MoonIOAGSO,0.000,5400.000,5400.000,
Contact MoonARTEMIS1 - MoonIOAGSO 0001,0.000,5400.000,5400.000,
Contact MoonARTEMIS1 - MoonLRO,0.000,1123.738,1123.738,
Contact MoonARTEMIS1 - MoonLRO,4323.492,5400.000,1076.508,
Contact MoonARTEMIS1 - MarsSat1,0.000,5400.000,5400.000,
Contact MoonARTEMIS1 - MarsSat2,0.000,5400.000,5400.000,
Contact MoonARTEMIS1 - MarsSat3,764.031,5400.000,4635.969,
Contact MoonARTEMIS1 - MarsSat4,0.000,5400.000,5400.000,
Contact MoonARTEMIS2 - MoonIOAGEO,0.000,5400.000,5400.000,
Contact MoonARTEMIS2 - MoonIOAGNO,0.000,5400.000,5400.000,
Contact MoonARTEMIS2 - MoonIOAGNO 0001,0.000,5400.000,5400.000,
Contact MoonARTEMIS2 - MoonIOAGSO,0.000,5400.000,5400.000,
Contact MoonARTEMIS2 - MoonIOAGSO 0001,0.000,5400.000,5400.000,
Contact MoonARTEMIS2 - MoonLRO,844.445,4647.821,3803.377,
Contact MoonARTEMIS2 - MarsSat1,0.000,5400.000,5400.000,
Contact MoonARTEMIS2 - MarsSat2,0.000,5400.000,5400.000,
Contact MoonARTEMIS2 - MarsSat3,765.459,5400.000,4634.541,
Contact MoonARTEMIS2 - MarsSat4,0.000,5400.000,5400.000,
Contact MoonIOAGEO - MoonIOAGNO,0.000,5400.000,5400.000,
Contact MoonIOAGEO - MoonIOAGNO 0001,0.000,5400.000,5400.000,
Contact MoonIOAGEO - MoonIOAGSO,0.000,5400.000,5400.000,
Contact MoonIOAGEO - MoonIOAGSO 0001,0.000,5400.000,5400.000,
Contact MoonIOAGEO - MoonLRO,0.000,974.520,974.520,
Contact MoonIOAGEO - MoonLRO,4550.093,5400.000,849.907,
Contact MoonIOAGEO - MarsSat1,0.000,5400.000,5400.000,
Contact MoonIOAGEO - MarsSat2,0.000,5400.000,5400.000,
Contact MoonIOAGEO - MarsSat3,764.210,5400.000,4635.790,
Contact MoonIOAGEO - MarsSat4,0.000,5400.000,5400.000,
Contact MoonIOAGNO - MoonIOAGNO 0001,0.000,5400.000,5400.000,
Contact MoonIOAGNO - MoonIOAGSO,0.000,5400.000,5400.000,
Contact MoonIOAGNO - MoonIOAGSO 0001,1507.779,5400.000,3892.221,
Contact MoonIOAGNO - MoonLRO,0.000,1782.611,1782.611,
Contact MoonIOAGNO - MoonLRO,5085.462,5400.000,314.538,
Contact MoonIOAGNO - MarsSat1,0.000,4699.351,4699.351,
Contact MoonIOAGNO - MarsSat2,0.000,4699.305,4699.305,
Contact MoonIOAGNO - MarsSat3,764.668,4699.264,3934.597,
Contact MoonIOAGNO - MarsSat4,0.000,4699.465,4699.465,
Contact MoonIOAGNO 0001 - MoonIOAGSO,0.000,5400.000,5400.000,
Contact MoonIOAGNO 0001 - MoonIOAGSO 0001,0.000,5400.000,5400.000,
Contact MoonIOAGNO 0001 - MoonLRO,0.000,2377.460,2377.460,
Contact MoonIOAGNO 0001 - MarsSat1,0.000,5400.000,5400.000,
Contact MoonIOAGNO 0001 - MarsSat2,0.000,5400.000,5400.000,
Contact MoonIOAGNO 0001 - MarsSat3,764.852,5400.000,4635.148,
Contact MoonIOAGNO 0001 - MarsSat4,0.000,5400.000,5400.000,
Contact MoonIOAGSO - MoonIOAGSO 0001,0.000,5400.000,5400.000,
Contact MoonIOAGSO - MoonLRO,0.000,146.404,146.404,
Contact MoonIOAGSO - MoonLRO,4032.960,5400.000,1367.040,
Contact MoonIOAGSO - MarsSat1,0.000,5400.000,5400.000,
Contact MoonIOAGSO - MarsSat2,0.000,5400.000,5400.000,
Contact MoonIOAGSO - MarsSat3,763.931,5400.000,4636.069,
Contact MoonIOAGSO - MarsSat4,0.000,5400.000,5400.000,
Contact MoonIOAGSO 0001 - MoonLRO,2314.909,5400.000,3085.091,
Contact MoonIOAGSO 0001 - MarsSat1,0.000,5400.000,5400.000,
Contact MoonIOAGSO 0001 - MarsSat2,0.000,5400.000,5400.000,
Contact MoonIOAGSO 0001 - MarsSat3,764.120,5400.000,4635.880,
Contact MoonIOAGSO 0001 - MarsSat4,0.000,5400.000,5400.000,
Contact MoonLRO - MarsSat1,994.299,5400.000,4405.701,
Contact MoonLRO - MarsSat2,994.118,5400.000,4405.882,
Contact MoonLRO - MarsSat3,994.268,5400.000,4405.732,
Contact MoonLRO - MarsSat4,994.236,5400.000,4405.764,
Contact MarsSat1 - MarsSat2,0.000,822.918,822.918,
Contact MarsSat1 - MarsSat3,0.000,5400.000,5400.000,
Contact MarsSat1 - MarsSat4,0.000,5400.000,5400.000,
Contact MarsSat2 - MarsSat3,0.000,5400.000,5400.000,
Contact MarsSat2 - MarsSat4,768.409,5400.000,4631.591,
Contact MarsSat3 - MarsSat4,1880.378,5400.000,3519.622,
Analysis,Time True,Time False,Percent True,Interval Count,
Contact STARLINK-2064 - STARLINK-4594,0.000,5400.000,0.0000%,0,
Contact STARLINK-2064 - STARLINK-2354,738.810,4661.190,13.6817%,1,
Contact STARLINK-2064 - STARLINK-4181,0.000,5400.000,0.0000%,0,
Contact STARLINK-2064 - STARLINK-4169,4198.284,1201.716,77.7460%,1,
Contact STARLINK-2064 - STARLINK-31682,0.000,5400.000,0.0000%,0,
Contact STARLINK-2064 - STARLINK-1568,0.000,5400.000,0.0000%,0,
Contact STARLINK-2064 - STARLINK-30587,1180.671,4219.329,21.8643%,1,
Contact STARLINK-2064 - STARLINK-5581,0.000,5400.000,0.0000%,0,
Contact STARLINK-2064 - STARLINK-2024,0.000,5400.000,0.0000%,0,
Contact STARLINK-2064 - STARLINK-5405,0.000,5400.000,0.0000%,0,
Contact STARLINK-2064 - STARLINK-31616,0.000,5400.000,0.0000%,0,
Contact STARLINK-2064 - STARLINK-1984,0.000,5400.000,0.0000%,0,
Contact STARLINK-2064 - STARLINK-2314,0.000,5400.000,0.0000%,0,
Contact STARLINK-2064 - STARLINK-3895,4216.162,1183.838,78.0771%,1,
Contact STARLINK-2064 - STARLINK-32148,5400.000,0.000,100.0000%,1,
Contact STARLINK-2064 - STARLINK-5647,0.000,5400.000,0.0000%,0,
Contact STARLINK-2064 - STARLINK-5946,0.000,5400.000,0.0000%,0,
Contact STARLINK-2064 - STARLINK-30222,0.000,5400.000,0.0000%,0,
Contact STARLINK-2064 - STARLINK-1555,0.000,5400.000,0.0000%,0,
Contact STARLINK-2064 - STARLINK-1176,225.526,5174.474,4.1764%,1,
Contact STARLINK-2064 - STARLINK-6047,0.000,5400.000,0.0000%,0,
Contact STARLINK-2064 - STARLINK-6270,831.819,4568.181,15.4041%,2,
Contact STARLINK-2064 - STARLINK-5893,0.000,5400.000,0.0000%,0,
Contact STARLINK-2064 - STARLINK-1394,0.000,5400.000,0.0000%,0,
Contact STARLINK-2064 - STARLINK-3334,0.000,5400.000,0.0000%,0,
Contact STARLINK-2064 - STARLINK-6347,0.000,5400.000,0.0000%,0,
Contact STARLINK-2064 - STARLINK-4732,681.898,4718.102,12.6277%,1,
Contact STARLINK-2064 - STARLINK-1777,0.000,5400.000,0.0000%,0,
Contact STARLINK-2064 - STARLINK-4134,0.000,5400.000,0.0000%,0,
Contact STARLINK-2064 - STARLINK-4004,0.000,5400.000,0.0000%,0,
Contact STARLINK-2064 - STARLINK-30883,0.000,5400.000,0.0000%,0,
Contact STARLINK-2064 - STARLINK-32165,0.000,5400.000,0.0000%,0,
Contact STARLINK-2064 - STARLINK-5433,0.000,5400.000,0.0000%,0,
Contact STARLINK-2064 - STARLINK-30973,553.454,4846.546,10.2492%,2,
Contact STARLINK-2064 - STARLINK-31577,4505.644,894.356,83.4379%,1,
Contact STARLINK-2064 - STARLINK-31214,5400.000,0.000,100.0000%,1,
Contact STARLINK-2064 - STARLINK-2684,0.000,5400.000,0.0000%,0,
Contact STARLINK-2064 - STARLINK-2609,0.000,5400.000,0.0000%,0,
Contact STARLINK-2064 - STARLINK-31041,0.000,5400.000,0.0000%,0,
Contact STARLINK-2064 - STARLINK-31412,0.000,5400.000,0.0000%,0,
Contact STARLINK-2064 - STARLINK-31564,0.000,5400.000,0.0000%,0,
Contact STARLINK-2064 - STARLINK-31245,0.000,5400.000,0.0000%,0,
Contact STARLINK-2064 - STARLINK-3369,626.662,4773.338,11.6048%,1,
Contact STARLINK-2064 - STARLINK-32246,0.000,5400.000,0.0000%,0,
Contact STARLINK-2064 - STARLINK-31021,0.000,5400.000,0.0000%,0,
Contact STARLINK-2064 - STARLINK-3653,0.000,5400.000,0.0000%,0,
Contact STARLINK-2064 - STARLINK-31260,0.000,5400.000,0.0000%,0,
Contact STARLINK-2064 - STARLINK-30141,0.000,5400.000,0.0000%,0,
Contact STARLINK-2064 - STARLINK-6168,5400.000,0.000,100.0000%,1,
Contact STARLINK-2064 - STARLINK-1616,0.000,5400.000,0.0000%,0,
Contact STARLINK-2064 - STARLINK-2702,0.000,5400.000,0.0000%,0,
Contact STARLINK-2064 - STARLINK-11142 [DTC],0.000,5400.000,0.0000%,0,
Contact STARLINK-2064 - STARLINK-3991,0.000,5400.000,0.0000%,0,
Contact STARLINK-2064 - STARLINK-31248,175.497,5224.503,3.2499%,1,
Contact STARLINK-2064 - STARLINK-5939,0.000,5400.000,0.0000%,0,
Contact STARLINK-2064 - STARLINK-5536,0.000,5400.000,0.0000%,0,
Contact STARLINK-2064 - STARLINK-4120,5400.000,0.000,100.0000%,1,
Contact STARLINK-2064 - STARLINK-5161,0.000,5400.000,0.0000%,0,
Contact STARLINK-2064 - STARLINK-30331,738.905,4661.095,13.6834%,2,
Contact STARLINK-2064 - STARLINK-1750,0.000,5400.000,0.0000%,0,
Contact STARLINK-2064 - STARLINK-30944,746.795,4653.205,13.8295%,1,
Contact STARLINK-2064 - STARLINK-2603,4171.176,1228.824,77.2440%,1,
Contact STARLINK-2064 - STARLINK-6172,5400.000,0.000,100.0000%,1,
Contact STARLINK-2064 - STARLINK-31707,706.590,4693.410,13.0850%,2,
Contact STARLINK-2064 - STARLINK-32046,5400.000,0.000,100.0000%,1,
Contact STARLINK-2064 - STARLINK-3394,0.000,5400.000,0.0000%,0,
Contact STARLINK-2064 - STARLINK-6207,0.000,5400.000,0.0000%,0,
Contact STARLINK-2064 - STARLINK-1028,0.000,5400.000,0.0000%,0,
Contact STARLINK-2064 - STARLINK-32185,0.000,5400.000,0.0000%,0,
Contact STARLINK-2064 - STARLINK-4437,3602.355,1797.645,66.7103%,1,
Contact STARLINK-2064 - STARLINK-1090,0.000,5400.000,0.0000%,0,
Contact STARLINK-2064 - STARLINK-1208,0.000,5400.000,0.0000%,0,
Contact STARLINK-2064 - STARLINK-5849,5400.000,0.000,100.0000%,1,
Contact STARLINK-2064 - STARLINK-2193,0.000,5400.000,0.0000%,0,
Contact STARLINK-2064 - STARLINK-31653,5400.000,0.000,100.0000%,1,
Contact STARLINK-2064 - STARLINK-6338,0.000,5400.000,0.0000%,0,
Contact STARLINK-2064 - STARLINK-11086 [DTC],0.000,5400.000,0.0000%,0,
Contact STARLINK-2064 - STARLINK-30575,4211.319,1188.681,77.9874%,1,
Contact STARLINK-2064 - STARLINK-5475,0.000,5400.000,0.0000%,0,
Contact STARLINK-2064 - STARLINK-31992,5400.000,0.000,100.0000%,1,
Contact STARLINK-2064 - STARLINK-30715,5400.000,0.000,100.0000%,1,
Contact STARLINK-2064 - STARLINK-31276,0.000,5400.000,0.0000%,0,
Contact STARLINK-2064 - STARLINK-31091,0.000,5400.000,0.0000%,0,
Contact STARLINK-2064 - STARLINK-11130 [DTC],0.000,5400.000,0.0000%,0,
Contact STARLINK-2064 - STARLINK-30303,0.000,5400.000,0.0000%,0,
Contact STARLINK-2064 - STARLINK-6366,5400.000,0.000,100.0000%,1,
Contact STARLINK-2064 - STARLINK-4260,0.000,5400.000,0.0000%,0,
Contact STARLINK-2064 - STARLINK-4130,0.000,5400.000,0.0000%,0,
Contact STARLINK-2064 - STARLINK-1098,0.000,5400.000,0.0000%,0,
Contact STARLINK-2064 - STARLINK-32045,0.000,5400.000,0.0000%,0,
Contact STARLINK-2064 - STARLINK-31083,0.000,5400.000,0.0000%,0,
Contact STARLINK-2064 - STARLINK-4090,0.000,5400.000,0.0000%,0,
Contact STARLINK-2064 - STARLINK-2504,4641.600,758.400,85.9556%,1,
Contact STARLINK-2064 - STARLINK-6346,0.000,5400.000,0.0000%,0,
Contact STARLINK-2064 - STARLINK-30299,0.000,5400.000,0.0000%,0,
Contact STARLINK-2064 - STARLINK-5966,0.000,5400.000,0.0000%,0,
Contact STARLINK-2064 - STARLINK-31917,0.000,5400.000,0.0000%,0,
Contact STARLINK-2064 - STARLINK-30208,5400.000,0.000,100.0000%,1,
Contact STARLINK-2064 - STARLINK-3911,4744.368,655.632,87.8587%,1,
Contact STARLINK-2064 - MoonARTEMIS1,5400.000,0.000,100.0000%,1,
Contact STARLINK-2064 - MoonARTEMIS2,5400.000,0.000,100.0000%,1,
Contact STARLINK-2064 - MoonIOAGEO,5400.000,0.000,100.0000%,1,
Contact STARLINK-2064 - MoonIOAGNO,5400.000,0.000,100.0000%,1,
Contact STARLINK-2064 - MoonIOAGNO 0001,5400.000,0.000,100.0000%,1,
Contact STARLINK-2064 - MoonIOAGSO,5400.000,0.000,100.0000%,1,
Contact STARLINK-2064 - MoonIOAGSO 0001,5400.000,0.000,100.0000%,1,
Contact STARLINK-2064 - MoonLRO,5400.000,0.000,100.0000%,1,
Contact STARLINK-2064 - MarsSat1,5400.000,0.000,100.0000%,1,
Contact STARLINK-2064 - MarsSat2,5400.000,0.000,100.0000%,1,
Contact STARLINK-2064 - MarsSat3,2408.654,2991.346,44.6047%,1,
Contact STARLINK-2064 - MarsSat4,5400.000,0.000,100.0000%,1,
Contact STARLINK-4594 - STARLINK-2354,0.000,5400.000,0.0000%,0,
Contact STARLINK-4594 - STARLINK-4181,0.000,5400.000,0.0000%,0,
Contact STARLINK-4594 - STARLINK-4169,0.000,5400.000,0.0000%,0,
Contact STARLINK-4594 - STARLINK-31682,0.000,5400.000,0.0000%,0,
Contact STARLINK-4594 - STARLINK-1568,0.000,5400.000,0.0000%,0,
Contact STARLINK-4594 - STARLINK-30587,0.000,5400.000,0.0000%,0,
Contact STARLINK-4594 - STARLINK-5581,706.919,4693.081,13.0911%,2,
Contact STARLINK-4594 - STARLINK-2024,0.000,5400.000,0.0000%,0,
Contact STARLINK-4594 - STARLINK-5405,5400.000,0.000,100.0000%,1,
Contact STARLINK-4594 - STARLINK-31616,0.000,5400.000,0.0000%,0,
Contact STARLINK-4594 - STARLINK-1984,0.000,5400.000,0.0000%,0,
Contact STARLINK-4594 - STARLINK-2314,0.000,5400.000,0.0000%,0,
Contact STARLINK-4594 - STARLINK-3895,0.000,5400.000,0.0000%,0,
Contact STARLINK-4594 - STARLINK-32148,0.000,5400.000,0.0000%,0,
Contact STARLINK-4594 - STARLINK-5647,0.000,5400.000,0.0000%,0,
Contact STARLINK-4594 - STARLINK-5946,1161.396,4238.604,21.5073%,1,
Contact STARLINK-4594 - STARLINK-30222,0.000,5400.000,0.0000%,0,
Contact STARLINK-4594 - STARLINK-1555,0.000,5400.000,0.0000%,0,
Contact STARLINK-4594 - STARLINK-1176,0.000,5400.000,0.0000%,0,
Contact STARLINK-4594 - STARLINK-6047,5400.000,0.000,100.0000%,1,
Contact STARLINK-4594 - STARLINK-6270,0.000,5400.000,0.0000%,0,
Contact STARLINK-4594 - STARLINK-5893,344.468,5055.532,6.3790%,2,
Contact STARLINK-4594 - STARLINK-1394,0.000,5400.000,0.0000%,0,
Contact STARLINK-4594 - STARLINK-3334,0.000,5400.000,0.0000%,0,
Contact STARLINK-4594 - STARLINK-6347,0.000,5400.000,0.0000%,0,
Contact STARLINK-4594 - STARLINK-4732,0.000,5400.000,0.0000%,0,
Contact STARLINK-4594 - STARLINK-1777,5400.000,0.000,100.0000%,1,
Contact STARLINK-4594 - STARLINK-4134,5400.000,0.000,100.0000%,1,
Contact STARLINK-4594 - STARLINK-4004,0.000,5400.000,0.0000%,0,
Contact STARLINK-4594 - STARLINK-30883,0.000,5400.000,0.0000%,0,
Contact STARLINK-4594 - STARLINK-32165,0.000,5400.000,0.0000%,0,
Contact STARLINK-4594 - STARLINK-5433,0.000,5400.000,0.0000%,0,
Contact STARLINK-4594 - STARLINK-30973,0.000,5400.000,0.0000%,0,
Contact STARLINK-4594 - STARLINK-31577,0.000,5400.000,0.0000%,0,
Contact STARLINK-4594 - STARLINK-31214,0.000,5400.000,0.0000%,0,
Contact STARLINK-4594 - STARLINK-2684,0.000,5400.000,0.0000%,0,
Contact STARLINK-4594 - STARLINK-2609,0.000,5400.000,0.0000%,0,
Contact STARLINK-4594 - STARLINK-31041,655.580,4744.420,12.1404%,2,
Contact STARLINK-4594 - STARLINK-31412,5400.000,0.000,100.0000%,1,
Contact STARLINK-4594 - STARLINK-31564,0.000,5400.000,0.0000%,0,
Contact STARLINK-4594 - STARLINK-31245,4553.283,846.717,84.3201%,1,
Contact STARLINK-4594 - STARLINK-3369,0.000,5400.000,0.0000%,0,
Contact STARLINK-4594 - STARLINK-32246,0.000,5400.000,0.0000%,0,
Contact STARLINK-4594 - STARLINK-31021,0.000,5400.000,0.0000%,0,
Contact STARLINK-4594 - STARLINK-3653,0.000,5400.000,0.0000%,0,
Contact STARLINK-4594 - STARLINK-31260,0.000,5400.000,0.0000%,0,
Contact STARLINK-4594 - STARLINK-30141,0.000,5400.000,0.0000%,0,
Contact STARLINK-4594 - STARLINK-6168,0.000,5400.000,0.0000%,0,
Contact STARLINK-4594 - STARLINK-1616,0.000,5400.000,0.0000%,0,
Contact STARLINK-4594 - STARLINK-2702,0.000,5400.000,0.0000%,0,
Contact STARLINK-4594 - STARLINK-11142 [DTC],0.000,5400.000,0.0000%,0,
Contact STARLINK-4594 - STARLINK-3991,502.942,4897.058,9.3137%,1,
Contact STARLINK-4594 - STARLINK-31248,0.000,5400.000,0.0000%,0,
Contact STARLINK-4594 - STARLINK-5939,0.000,5400.000,0.0000%,0,
Contact STARLINK-4594 - STARLINK-5536,0.000,5400.000,0.0000%,0,
Contact STARLINK-4594 - STARLINK-4120,0.000,5400.000,0.0000%,0,
Contact STARLINK-4594 - STARLINK-5161,0.000,5400.000,0.0000%,0,
Contact STARLINK-4594 - STARLINK-30331,0.000,5400.000,0.0000%,0,
Contact STARLINK-4594 - STARLINK-1750,0.000,5400.000,0.0000%,0,
Contact STARLINK-4594 - STARLINK-30944,0.000,5400.000,0.0000%,0,
Contact STARLINK-4594 - STARLINK-2603,0.000,5400.000,0.0000%,0,
Contact STARLINK-4594 - STARLINK-6172,0.000,5400.000,0.0000%,0,
Contact STARLINK-4594 - STARLINK-31707,0.000,5400.000,0.0000%,0,
Contact STARLINK-4594 - STARLINK-32046,0.000,5400.000,0.0000%,0,
Contact STARLINK-4594 - STARLINK-3394,1152.046,4247.954,21.3342%,1,
Contact STARLINK-4594 - STARLINK-6207,0.000,5400.000,0.0000%,0,
Contact STARLINK-4594 - STARLINK-1028,5400.000,0.000,100.0000%,1,
Contact STARLINK-4594 - STARLINK-32185,4193.361,1206.639,77.6548%,1,
Contact STARLINK-4594 - STARLINK-4437,0.000,5400.000,0.0000%,0,
Contact STARLINK-4594 - STARLINK-1090,0.000,5400.000,0.0000%,0,
Contact STARLINK-4594 - STARLINK-1208,0.000,5400.000,0.0000%,0,
Contact STARLINK-4594 - STARLINK-5849,0.000,5400.000,0.0000%,0,
Contact STARLINK-4594 - STARLINK-2193,0.000,5400.000,0.0000%,0,
Contact STARLINK-4594 - STARLINK-31653,0.000,5400.000,0.0000%,0,
Contact STARLINK-4594 - STARLINK-6338,0.000,5400.000,0.0000%,0,
Contact STARLINK-4594 - STARLINK-11086 [DTC],0.000,5400.000,0.0000%,0,
Contact STARLINK-4594 - STARLINK-30575,0.000,5400.000,0.0000%,0,
Contact STARLINK-4594 - STARLINK-5475,1065.211,4334.789,19.7261%,1,
Contact STARLINK-4594 - STARLINK-31992,0.000,5400.000,0.0000%,0,
Contact STARLINK-4594 - STARLINK-30715,0.000,5400.000,0.0000%,0,
Contact STARLINK-4594 - STARLINK-31276,620.877,4779.123,11.4977%,1,
Contact STARLINK-4594 - STARLINK-31091,166.737,5233.263,3.0877%,1,
Contact STARLINK-4594 - STARLINK-11130 [DTC],4171.586,1228.414,77.2516%,1,
Contact STARLINK-4594 - STARLINK-30303,0.000,5400.000,0.0000%,0,
Contact STARLINK-4594 - STARLINK-6366,0.000,5400.000,0.0000%,0,
Contact STARLINK-4594 - STARLINK-4260,0.000,5400.000,0.0000%,0,
Contact STARLINK-4594 - STARLINK-4130,5400.000,0.000,100.0000%,1,
Contact STARLINK-4594 - STARLINK-1098,0.000,5400.000,0.0000%,0,
Contact STARLINK-4594 - STARLINK-32045,0.000,5400.000,0.0000%,0,
Contact STARLINK-4594 - STARLINK-31083,0.000,5400.000,0.0000%,0,
Contact STARLINK-4594 - STARLINK-4090,0.000,5400.000,0.0000%,0,
Contact STARLINK-4594 - STARLINK-2504,0.000,5400.000,0.0000%,0,
Contact STARLINK-4594 - STARLINK-6346,0.000,5400.000,0.0000%,0,
Contact STARLINK-4594 - STARLINK-30299,0.000,5400.000,0.0000%,0,
Contact STARLINK-4594 - STARLINK-5966,0.000,5400.000,0.0000%,0,
Contact STARLINK-4594 - STARLINK-31917,0.000,5400.000,0.0000%,0,
Contact STARLINK-4594 - STARLINK-30208,0.000,5400.000,0.0000%,0,
Contact STARLINK-4594 - STARLINK-3911,0.000,5400.000,0.0000%,0,
Contact STARLINK-4594 - MoonARTEMIS1,3311.080,2088.920,61.3163%,2,
Contact STARLINK-4594 - MoonARTEMIS2,3318.965,2081.035,61.4623%,2,
Contact STARLINK-4594 - MoonIOAGEO,3317.078,2082.922,61.4274%,2,
Contact STARLINK-4594 - MoonIOAGNO,3312.614,2087.386,61.3447%,2,
Contact STARLINK-4594 - MoonIOAGNO 0001,3309.604,2090.396,61.2890%,2,
Contact STARLINK-4594 - MoonIOAGSO,3318.019,2081.981,61.4448%,2,
Contact STARLINK-4594 - MoonIOAGSO 0001,3328.494,2071.506,61.6388%,2,
Contact STARLINK-4594 - MoonLRO,1966.623,3433.377,36.4189%,2,
Contact STARLINK-4594 - MarsSat1,3595.252,1804.748,66.5787%,1,
Contact STARLINK-4594 - MarsSat2,3595.267,1804.733,66.5790%,1,
Contact STARLINK-4594 - MarsSat3,3595.266,1804.734,66.5790%,1,
Contact STARLINK-4594 - MarsSat4,3595.256,1804.744,66.5788%,1,
Contact STARLINK-2354 - STARLINK-4181,0.000,5400.000,0.0000%,0,
Contact STARLINK-2354 - STARLINK-4169,551.927,4848.073,10.2209%,2,
Contact STARLINK-2354 - STARLINK-31682,0.000,5400.000,0.0000%,0,
Contact STARLINK-2354 - STARLINK-1568,0.000,5400.000,0.0000%,0,
Contact STARLINK-2354 - STARLINK-30587,192.120,5207.880,3.5578%,1,
Contact STARLINK-2354 - STARLINK-5581,0.000,5400.000,0.0000%,0,
Contact STARLINK-2354 - STARLINK-2024,0.000,5400.000,0.0000%,0,
Contact STARLINK-2354 - STARLINK-5405,0.000,5400.000,0.0000%,0,
Contact STARLINK-2354 - STARLINK-31616,4330.990,1069.010,80.2035%,1,
Contact STARLINK-2354 - STARLINK-1984,0.000,5400.000,0.0000%,0,
Contact STARLINK-2354 - STARLINK-2314,0.000,5400.000,0.0000%,0,
Contact STARLINK-2354 - STARLINK-3895,666.620,4733.380,12.3448%,2,
Contact STARLINK-2354 - STARLINK-32148,560.091,4839.909,10.3721%,1,
Contact STARLINK-2354 - STARLINK-5647,0.000,5400.000,0.0000%,0,
Contact STARLINK-2354 - STARLINK-5946,0.000,5400.000,0.0000%,0,
Contact STARLINK-2354 - STARLINK-30222,0.000,5400.000,0.0000%,0,
Contact STARLINK-2354 - STARLINK-1555,0.000,5400.000,0.0000%,0,
Contact STARLINK-2354 - STARLINK-1176,0.000,5400.000,0.0000%,0,
Contact STARLINK-2354 - STARLINK-6047,0.000,5400.000,0.0000%,0,
Contact STARLINK-2354 - STARLINK-6270,0.000,5400.000,0.0000%,0,
Contact STARLINK-2354 - STARLINK-5893,0.000,5400.000,0.0000%,0,
Contact STARLINK-2354 - STARLINK-1394,0.000,5400.000,0.0000%,0,
Contact STARLINK-2354 - STARLINK-3334,4012.333,1387.667,74.3025%,1,
Contact STARLINK-2354 - STARLINK-6347,0.000,5400.000,0.0000%,0,
Contact STARLINK-2354 - STARLINK-4732,5400.000,0.000,100.0000%,1,
Contact STARLINK-2354 - STARLINK-1777,0.000,5400.000,0.0000%,0,
Contact STARLINK-2354 - STARLINK-4134,0.000,5400.000,0.0000%,0,
Contact STARLINK-2354 - STARLINK-4004,776.398,4623.602,14.3777%,2,
Contact STARLINK-2354 - STARLINK-30883,0.000,5400.000,0.0000%,0,
Contact STARLINK-2354 - STARLINK-32165,0.000,5400.000,0.0000%,0,
Contact STARLINK-2354 - STARLINK-5433,0.000,5400.000,0.0000%,0,
Contact STARLINK-2354 - STARLINK-30973,0.000,5400.000,0.0000%,0,
Contact STARLINK-2354 - STARLINK-31577,516.356,4883.644,9.5621%,2,
Contact STARLINK-2354 - STARLINK-31214,0.000,5400.000,0.0000%,0,
Contact STARLINK-2354 - STARLINK-2684,0.000,5400.000,0.0000%,0,
Contact STARLINK-2354 - STARLINK-2609,0.000,5400.000,0.0000%,0,
Contact STARLINK-2354 - STARLINK-31041,0.000,5400.000,0.0000%,0,
Contact STARLINK-2354 - STARLINK-31412,0.000,5400.000,0.0000%,0,
Contact STARLINK-2354 - STARLINK-31564,0.000,5400.000,0.0000%,0,
Contact STARLINK-2354 - STARLINK-31245,0.000,5400.000,0.0000%,0,
Contact STARLINK-2354 - STARLINK-3369,0.000,5400.000,0.0000%,0,
Contact STARLINK-2354 - STARLINK-32246,0.000,5400.000,0.0000%,0,
Contact STARLINK-2354 - STARLINK-31021,0.000,5400.000,0.0000%,0,
Contact STARLINK-2354 - STARLINK-3653,0.000,5400.000,0.0000%,0,
Contact STARLINK-2354 - STARLINK-31260,4342.926,1057.074,80.4246%,1,
Contact STARLINK-2354 - STARLINK-30141,0.000,5400.000,0.0000%,0,
Contact STARLINK-2354 - STARLINK-6168,0.000,5400.000,0.0000%,0,
Contact STARLINK-2354 - STARLINK-1616,0.000,5400.000,0.0000%,0,
Contact STARLINK-2354 - STARLINK-2702,0.000,5400.000,0.0000%,0,
Contact STARLINK-2354 - STARLINK-11142 [DTC],0.000,5400.000,0.0000%,0,
Contact STARLINK-2354 - STARLINK-3991,0.000,5400.000,0.0000%,0,
Contact STARLINK-2354 - STARLINK-31248,0.000,5400.000,0.0000%,0,
Contact STARLINK-2354 - STARLINK-5939,854.232,4545.768,15.8191%,1,
Contact STARLINK-2354 - STARLINK-5536,0.000,5400.000,0.0000%,0,
Contact STARLINK-2354 - STARLINK-4120,421.274,4978.726,7.8014%,2,
Contact STARLINK-2354 - STARLINK-5161,0.000,5400.000,0.0000%,0,
Contact STARLINK-2354 - STARLINK-30331,5400.000,0.000,100.0000%,1,
Contact STARLINK-2354 - STARLINK-1750,0.000,5400.000,0.0000%,0,
Contact STARLINK-2354 - STARLINK-30944,0.000,5400.000,0.0000%,0,
Contact STARLINK-2354 - STARLINK-2603,0.000,5400.000,0.0000%,0,
Contact STARLINK-2354 - STARLINK-6172,0.000,5400.000,0.0000%,0,
Contact STARLINK-2354 - STARLINK-31707,5400.000,0.000,100.0000%,1,
Contact STARLINK-2354 - STARLINK-32046,0.000,5400.000,0.0000%,0,
Contact STARLINK-2354 - STARLINK-3394,0.000,5400.000,0.0000%,0,
Contact STARLINK-2354 - STARLINK-6207,0.000,5400.000,0.0000%,0,
Contact STARLINK-2354 - STARLINK-1028,0.000,5400.000,0.0000%,0,
Contact STARLINK-2354 - STARLINK-32185,0.000,5400.000,0.0000%,0,
Contact STARLINK-2354 - STARLINK-4437,0.000,5400.000,0.0000%,0,
Contact STARLINK-2354 - STARLINK-1090,0.000,5400.000,0.0000%,0,
Contact STARLINK-2354 - STARLINK-1208,0.000,5400.000,0.0000%,0,
Contact STARLINK-2354 - STARLINK-5849,0.000,5400.000,0.0000%,0,
Contact STARLINK-2354 - STARLINK-2193,5400.000,0.000,100.0000%,1,
Contact STARLINK-2354 - STARLINK-31653,520.923,4879.077,9.6467%,1,
Contact STARLINK-2354 - STARLINK-6338,0.000,5400.000,0.0000%,0,
Contact STARLINK-2354 - STARLINK-11086 [DTC],0.000,5400.000,0.0000%,0,
Contact STARLINK-2354 - STARLINK-30575,410.582,4989.418,7.6034%,2,
Contact STARLINK-2354 - STARLINK-5475,0.000,5400.000,0.0000%,0,
Contact STARLINK-2354 - STARLINK-31992,0.000,5400.000,0.0000%,0,
Contact STARLINK-2354 - STARLINK-30715,573.962,4826.038,10.6289%,1,
Contact STARLINK-2354 - STARLINK-31276,0.000,5400.000,0.0000%,0,
Contact STARLINK-2354 - STARLINK-31091,0.000,5400.000,0.0000%,0,
Contact STARLINK-2354 - STARLINK-11130 [DTC],0.000,5400.000,0.0000%,0,
Contact STARLINK-2354 - STARLINK-30303,5400.000,0.000,100.0000%,1,
Contact STARLINK-2354 - STARLINK-6366,0.000,5400.000,0.0000%,0,
Contact STARLINK-2354 - STARLINK-4260,0.000,5400.000,0.0000%,0,
Contact STARLINK-2354 - STARLINK-4130,0.000,5400.000,0.0000%,0,
Contact STARLINK-2354 - STARLINK-1098,0.000,5400.000,0.0000%,0,
Contact STARLINK-2354 - STARLINK-32045,0.000,5400.000,0.0000%,0,
Contact STARLINK-2354 - STARLINK-31083,5400.000,0.000,100.0000%,1,
Contact STARLINK-2354 - STARLINK-4090,739.878,4660.122,13.7014%,1,
Contact STARLINK-2354 - STARLINK-2504,569.146,4830.854,10.5397%,2,
Contact STARLINK-2354 - STARLINK-6346,0.000,5400.000,0.0000%,0,
Contact STARLINK-2354 - STARLINK-30299,5400.000,0.000,100.0000%,1,
Contact STARLINK-2354 - STARLINK-5966,0.000,5400.000,0.0000%,0,
Contact STARLINK-2354 - STARLINK-31917,0.000,5400.000,0.0000%,0,
Contact STARLINK-2354 - STARLINK-30208,0.000,5400.000,0.0000%,0,
Contact STARLINK-2354 - STARLINK-3911,488.037,4911.963,9.0377%,2,
Contact STARLINK-2354 - MoonARTEMIS1,3552.013,1847.987,65.7780%,1,
Contact STARLINK-2354 - MoonARTEMIS2,3558.391,1841.609,65.8961%,1,
Contact STARLINK-2354 - MoonIOAGEO,3546.769,1853.231,65.6809%,1,
Contact STARLINK-2354 - MoonIOAGNO,3547.277,1852.723,65.6903%,1,
Contact STARLINK-2354 - MoonIOAGNO 0001,3546.820,1853.180,65.6818%,1,
Contact STARLINK-2354 - MoonIOAGSO,3554.494,1845.506,65.8240%,1,
Contact STARLINK-2354 - MoonIOAGSO 0001,3554.752,1845.248,65.8287%,1,
Contact STARLINK-2354 - MoonLRO,1403.162,3996.838,25.9845%,1,
Contact STARLINK-2354 - MarsSat1,5400.000,0.000,100.0000%,1,
Contact STARLINK-2354 - MarsSat2,5400.000,0.000,100.0000%,1,
Contact STARLINK-2354 - MarsSat3,1818.014,3581.986,33.6669%,1,
Contact STARLINK-2354 - MarsSat4,5400.000,0.000,100.0000%,1,
Contact STARLINK-4181 - STARLINK-4169,568.035,4831.965,10.5192%,1,
Contact STARLINK-4181 - STARLINK-31682,0.000,5400.000,0.0000%,0,
Contact STARLINK-4181 - STARLINK-1568,1262.419,4137.581,23.3781%,2,
Contact STARLINK-4181 - STARLINK-30587,3768.576,1631.424,69.7884%,1,
Contact STARLINK-4181 - STARLINK-5581,0.000,5400.000,0.0000%,0,
Contact STARLINK-4181 - STARLINK-2024,0.000,5400.000,0.0000%,0,
Contact STARLINK-4181 - STARLINK-5405,0.000,5400.000,0.0000%,0,
Contact STARLINK-4181 - STARLINK-31616,0.000,5400.000,0.0000%,0,
Contact STARLINK-4181 - STARLINK-1984,0.000,5400.000,0.0000%,0,
Contact STARLINK-4181 - STARLINK-2314,678.938,4721.062,12.5729%,1,
Contact STARLINK-4181 - STARLINK-3895,0.000,5400.000,0.0000%,0,
Contact STARLINK-4181 - STARLINK-32148,0.000,5400.000,0.0000%,0,
Contact STARLINK-4181 - STARLINK-5647,5400.000,0.000,100.0000%,1,
Contact STARLINK-4181 - STARLINK-5946,506.104,4893.896,9.3723%,1,
Contact STARLINK-4181 - STARLINK-30222,0.000,5400.000,0.0000%,0,
Contact STARLINK-4181 - STARLINK-1555,0.000,5400.000,0.0000%,0,
Contact STARLINK-4181 - STARLINK-1176,0.000,5400.000,0.0000%,0,
Contact STARLINK-4181 - STARLINK-6047,0.000,5400.000,0.0000%,0,
Contact STARLINK-4181 - STARLINK-6270,0.000,5400.000,0.0000%,0,
Contact STARLINK-4181 - STARLINK-5893,0.000,5400.000,0.0000%,0,
Contact STARLINK-4181 - STARLINK-1394,5400.000,0.000,100.0000%,1,
Contact STARLINK-4181 - STARLINK-3334,0.000,5400.000,0.0000%,0,
Contact STARLINK-4181 - STARLINK-6347,5400.000,0.000,100.0000%,1,
Contact STARLINK-4181 - STARLINK-4732,0.000,5400.000,0.0000%,0,
Contact STARLINK-4181 - STARLINK-1777,0.000,5400.000,0.0000%,0,
Contact STARLINK-4181 - STARLINK-4134,0.000,5400.000,0.0000%,0,
Contact STARLINK-4181 - STARLINK-4004,420.343,4979.657,7.7841%,1,
Contact STARLINK-4181 - STARLINK-30883,5400.000,0.000,100.0000%,1,
Contact STARLINK-4181 - STARLINK-32165,0.000,5400.000,0.0000%,0,
Contact STARLINK-4181 - STARLINK-5433,0.000,5400.000,0.0000%,0,
Contact STARLINK-4181 - STARLINK-30973,0.000,5400.000,0.0000%,0,
Contact STARLINK-4181 - STARLINK-31577,0.000,5400.000,0.0000%,0,
Contact STARLINK-4181 - STARLINK-31214,0.000,5400.000,0.0000%,0,
Contact STARLINK-4181 - STARLINK-2684,0.000,5400.000,0.0000%,0,
Contact STARLINK-4181 - STARLINK-2609,0.000,5400.000,0.0000%,0,
Contact STARLINK-4181 - STARLINK-31041,0.000,5400.000,0.0000%,0,
Contact STARLINK-4181 - STARLINK-31412,86.206,5313.794,1.5964%,1,
Contact STARLINK-4181 - STARLINK-31564,0.000,5400.000,0.0000%,0,
Contact STARLINK-4181 - STARLINK-31245,0.000,5400.000,0.0000%,0,
Contact STARLINK-4181 - STARLINK-3369,0.000,5400.000,0.0000%,0,
Contact STARLINK-4181 - STARLINK-32246,0.000,5400.000,0.0000%,0,
Contact STARLINK-4181 - STARLINK-31021,0.000,5400.000,0.0000%,0,
Contact STARLINK-4181 - STARLINK-3653,0.000,5400.000,0.0000%,0,
Contact STARLINK-4181 - STARLINK-31260,5400.000,0.000,100.0000%,1,
Contact STARLINK-4181 - STARLINK-30141,0.000,5400.000,0.0000%,0,
Contact STARLINK-4181 - STARLINK-6168,5400.000,0.000,100.0000%,1,
Contact STARLINK-4181 - STARLINK-1616,0.000,5400.000,0.0000%,0,
Contact STARLINK-4181 - STARLINK-2702,0.000,5400.000,0.0000%,0,
Contact STARLINK-4181 - STARLINK-11142 [DTC],0.000,5400.000,0.0000%,0,
Contact STARLINK-4181 - STARLINK-3991,0.000,5400.000,0.0000%,0,
Contact STARLINK-4181 - STARLINK-31248,0.000,5400.000,0.0000%,0,
Contact STARLINK-4181 - STARLINK-5939,0.000,5400.000,0.0000%,0,
Contact STARLINK-4181 - STARLINK-5536,0.000,5400.000,0.0000%,0,
Contact STARLINK-4181 - STARLINK-4120,0.000,5400.000,0.0000%,0,
Contact STARLINK-4181 - STARLINK-5161,0.000,5400.000,0.0000%,0,
Contact STARLINK-4181 - STARLINK-30331,0.000,5400.000,0.0000%,0,
Contact STARLINK-4181 - STARLINK-1750,0.000,5400.000,0.0000%,0,
Contact STARLINK-4181 - STARLINK-30944,3753.204,1646.796,69.5038%,1,
Contact STARLINK-4181 - STARLINK-2603,0.000,5400.000,0.0000%,0,
Contact STARLINK-4181 - STARLINK-6172,0.000,5400.000,0.0000%,0,
Contact STARLINK-4181 - STARLINK-31707,0.000,5400.000,0.0000%,0,
Contact STARLINK-4181 - STARLINK-32046,0.000,5400.000,0.0000%,0,
Contact STARLINK-4181 - STARLINK-3394,0.000,5400.000,0.0000%,0,
Contact STARLINK-4181 - STARLINK-6207,689.736,4710.264,12.7729%,1,
Contact STARLINK-4181 - STARLINK-1028,379.865,5020.135,7.0345%,1,
Contact STARLINK-4181 - STARLINK-32185,34.174,5365.826,0.6328%,1,
Contact STARLINK-4181 - STARLINK-4437,44.285,5355.715,0.8201%,1,
Contact STARLINK-4181 - STARLINK-1090,0.000,5400.000,0.0000%,0,
Contact STARLINK-4181 - STARLINK-1208,0.000,5400.000,0.0000%,0,
Contact STARLINK-4181 - STARLINK-5849,4515.737,884.263,83.6248%,2,
Contact STARLINK-4181 - STARLINK-2193,0.000,5400.000,0.0000%,0,
Contact STARLINK-4181 - STARLINK-31653,0.000,5400.000,0.0000%,0,
Contact STARLINK-4181 - STARLINK-6338,0.000,5400.000,0.0000%,0,
Contact STARLINK-4181 - STARLINK-11086 [DTC],0.000,5400.000,0.0000%,0,
Contact STARLINK-4181 - STARLINK-30575,938.457,4461.543,17.3788%,1,
Contact STARLINK-4181 - STARLINK-5475,0.000,5400.000,0.0000%,0,
Contact STARLINK-4181 - STARLINK-31992,963.320,4436.680,17.8393%,2,
Contact STARLINK-4181 - STARLINK-30715,0.000,5400.000,0.0000%,0,
Contact STARLINK-4181 - STARLINK-31276,783.752,4616.248,14.5139%,2,
Contact STARLINK-4181 - STARLINK-31091,0.000,5400.000,0.0000%,0,
Contact STARLINK-4181 - STARLINK-11130 [DTC],0.000,5400.000,0.0000%,0,
Contact STARLINK-4181 - STARLINK-30303,892.755,4507.245,16.5325%,1,
Contact STARLINK-4181 - STARLINK-6366,0.000,5400.000,0.0000%,0,
Contact STARLINK-4181 - STARLINK-4260,0.000,5400.000,0.0000%,0,
Contact STARLINK-4181 - STARLINK-4130,0.000,5400.000,0.0000%,0,
Contact STARLINK-4181 - STARLINK-1098,0.000,5400.000,0.0000%,0,
Contact STARLINK-4181 - STARLINK-32045,0.000,5400.000,0.0000%,0,
Contact STARLINK-4181 - STARLINK-31083,0.000,5400.000,0.0000%,0,
Contact STARLINK-4181 - STARLINK-4090,0.000,5400.000,0.0000%,0,
Contact STARLINK-4181 - STARLINK-2504,0.000,5400.000,0.0000%,0,
Contact STARLINK-4181 - STARLINK-6346,841.756,4558.244,15.5881%,2,
Contact STARLINK-4181 - STARLINK-30299,973.871,4426.129,18.0347%,1,
Contact STARLINK-4181 - STARLINK-5966,0.000,5400.000,0.0000%,0,
Contact STARLINK-4181 - STARLINK-31917,0.000,5400.000,0.0000%,0,
Contact STARLINK-4181 - STARLINK-30208,0.000,5400.000,0.0000%,0,
Contact STARLINK-4181 - STARLINK-3911,567.859,4832.141,10.5159%,1,
Contact STARLINK-4181 - MoonARTEMIS1,5400.000,0.000,100.0000%,1,
Contact STARLINK-4181 - MoonARTEMIS2,5400.000,0.000,100.0000%,1,
Contact STARLINK-4181 - MoonIOAGEO,5400.000,0.000,100.0000%,1,
Contact STARLINK-4181 - MoonIOAGNO,5400.000,0.000,100.0000%,1,
Contact STARLINK-4181 - MoonIOAGNO 0001,5400.000,0.000,100.0000%,1,
Contact STARLINK-4181 - MoonIOAGSO,5400.000,0.000,100.0000%,1,
Contact STARLINK-4181 - MoonIOAGSO 0001,5400.000,0.000,100.0000%,1,
Contact STARLINK-4181 - MoonLRO,5400.000,0.000,100.0000%,1,
Contact STARLINK-4181 - MarsSat1,5400.000,0.000,100.0000%,1,
Contact STARLINK-4181 - MarsSat2,5400.000,0.000,100.0000%,1,
Contact STARLINK-4181 - MarsSat3,3685.895,1714.105,68.2573%,1,
Contact STARLINK-4181 - MarsSat4,5400.000,0.000,100.0000%,1,
Contact STARLINK-4169 - STARLINK-31682,0.000,5400.000,0.0000%,0,
Contact STARLINK-4169 - STARLINK-1568,0.000,5400.000,0.0000%,0,
Contact STARLINK-4169 - STARLINK-30587,5400.000,0.000,100.0000%,1,
Contact STARLINK-4169 - STARLINK-5581,0.000,5400.000,0.0000%,0,
Contact STARLINK-4169 - STARLINK-2024,0.000,5400.000,0.0000%,0,
Contact STARLINK-4169 - STARLINK-5405,0.000,5400.000,0.0000%,0,
Contact STARLINK-4169 - STARLINK-31616,0.000,5400.000,0.0000%,0,
Contact STARLINK-4169 - STARLINK-1984,0.000,5400.000,0.0000%,0,
Contact STARLINK-4169 - STARLINK-2314,0.000,5400.000,0.0000%,0,
Contact STARLINK-4169 - STARLINK-3895,5400.000,0.000,100.0000%,1,
Contact STARLINK-4169 - STARLINK-32148,4177.247,1222.753,77.3564%,1,
Contact STARLINK-4169 - STARLINK-5647,0.000,5400.000,0.0000%,0,
Contact STARLINK-4169 - STARLINK-5946,0.000,5400.000,0.0000%,0,
Contact STARLINK-4169 - STARLINK-30222,0.000,5400.000,0.0000%,0,
Contact STARLINK-4169 - STARLINK-1555,0.000,5400.000,0.0000%,0,
Contact STARLINK-4169 - STARLINK-1176,0.000,5400.000,0.0000%,0,
Contact STARLINK-4169 - STARLINK-6047,0.000,5400.000,0.0000%,0,
Contact STARLINK-4169 - STARLINK-6270,0.000,5400.000,0.0000%,0,
Contact STARLINK-4169 - STARLINK-5893,0.000,5400.000,0.0000%,0,
Contact STARLINK-4169 - STARLINK-1394,0.000,5400.000,0.0000%,0,
Contact STARLINK-4169 - STARLINK-3334,649.062,4750.938,12.0197%,1,
Contact STARLINK-4169 - STARLINK-6347,314.020,5085.980,5.8152%,1,
Contact STARLINK-4169 - STARLINK-4732,563.816,4836.184,10.4410%,2,
Contact STARLINK-4169 - STARLINK-1777,0.000,5400.000,0.0000%,0,
Contact STARLINK-4169 - STARLINK-4134,0.000,5400.000,0.0000%,0,
Contact STARLINK-4169 - STARLINK-4004,5400.000,0.000,100.0000%,1,
Contact STARLINK-4169 - STARLINK-30883,0.000,5400.000,0.0000%,0,
Contact STARLINK-4169 - STARLINK-32165,0.000,5400.000,0.0000%,0,
Contact STARLINK-4169 - STARLINK-5433,0.000,5400.000,0.0000%,0,
Contact STARLINK-4169 - STARLINK-30973,0.000,5400.000,0.0000%,0,
Contact STARLINK-4169 - STARLINK-31577,5043.415,356.585,93.3966%,1,
Contact STARLINK-4169 - STARLINK-31214,985.094,4414.906,18.2425%,1,
Contact STARLINK-4169 - STARLINK-2684,0.000,5400.000,0.0000%,0,
Contact STARLINK-4169 - STARLINK-2609,0.000,5400.000,0.0000%,0,
Contact STARLINK-4169 - STARLINK-31041,0.000,5400.000,0.0000%,0,
Contact STARLINK-4169 - STARLINK-31412,0.000,5400.000,0.0000%,0,
Contact STARLINK-4169 - STARLINK-31564,0.000,5400.000,0.0000%,0,
Contact STARLINK-4169 - STARLINK-31245,0.000,5400.000,0.0000%,0,
Contact STARLINK-4169 - STARLINK-3369,0.000,5400.000,0.0000%,0,
Contact STARLINK-4169 - STARLINK-32246,0.000,5400.000,0.0000%,0,
Contact STARLINK-4169 - STARLINK-31021,0.000,5400.000,0.0000%,0,
Contact STARLINK-4169 - STARLINK-3653,0.000,5400.000,0.0000%,0,
Contact STARLINK-4169 - STARLINK-31260,510.158,4889.842,9.4474%,1,
Contact STARLINK-4169 - STARLINK-30141,0.000,5400.000,0.0000%,0,
Contact STARLINK-4169 - STARLINK-6168,1043.824,4356.176,19.3301%,1,
Contact STARLINK-4169 - STARLINK-1616,0.000,5400.000,0.0000%,0,
Contact STARLINK-4169 - STARLINK-2702,0.000,5400.000,0.0000%,0,
Contact STARLINK-4169 - STARLINK-11142 [DTC],0.000,5400.000,0.0000%,0,
Contact STARLINK-4169 - STARLINK-3991,0.000,5400.000,0.0000%,0,
Contact STARLINK-4169 - STARLINK-31248,0.000,5400.000,0.0000%,0,
Contact STARLINK-4169 - STARLINK-5939,0.000,5400.000,0.0000%,0,
Contact STARLINK-4169 - STARLINK-5536,0.000,5400.000,0.0000%,0,
Contact STARLINK-4169 - STARLINK-4120,0.000,5400.000,0.0000%,0,
Contact STARLINK-4169 - STARLINK-5161,0.000,5400.000,0.0000%,0,
Contact STARLINK-4169 - STARLINK-30331,667.639,4732.361,12.3637%,1,
Contact STARLINK-4169 - STARLINK-1750,0.000,5400.000,0.0000%,0,
Contact STARLINK-4169 - STARLINK-30944,5400.000,0.000,100.0000%,1,
Contact STARLINK-4169 - STARLINK-2603,0.000,5400.000,0.0000%,0,
Contact STARLINK-4169 - STARLINK-6172,0.000,5400.000,0.0000%,0,
Contact STARLINK-4169 - STARLINK-31707,679.545,4720.455,12.5842%,1,
Contact STARLINK-4169 - STARLINK-32046,382.791,5017.209,7.0887%,1,
Contact STARLINK-4169 - STARLINK-3394,0.000,5400.000,0.0000%,0,
Contact STARLINK-4169 - STARLINK-6207,0.000,5400.000,0.0000%,0,
Contact STARLINK-4169 - STARLINK-1028,0.000,5400.000,0.0000%,0,
Contact STARLINK-4169 - STARLINK-32185,0.000,5400.000,0.0000%,0,
Contact STARLINK-4169 - STARLINK-4437,0.000,5400.000,0.0000%,0,
Contact STARLINK-4169 - STARLINK-1090,0.000,5400.000,0.0000%,0,
Contact STARLINK-4169 - STARLINK-1208,0.000,5400.000,0.0000%,0,
Contact STARLINK-4169 - STARLINK-5849,0.000,5400.000,0.0000%,0,
Contact STARLINK-4169 - STARLINK-2193,3745.571,1654.429,69.3624%,2,
Contact STARLINK-4169 - STARLINK-31653,4200.300,1199.700,77.7833%,1,
Contact STARLINK-4169 - STARLINK-6338,0.000,5400.000,0.0000%,0,
Contact STARLINK-4169 - STARLINK-11086 [DTC],0.000,5400.000,0.0000%,0,
Contact STARLINK-4169 - STARLINK-30575,5400.000,0.000,100.0000%,1,
Contact STARLINK-4169 - STARLINK-5475,0.000,5400.000,0.0000%,0,
Contact STARLINK-4169 - STARLINK-31992,783.303,4616.697,14.5056%,1,
Contact STARLINK-4169 - STARLINK-30715,4096.355,1303.645,75.8584%,1,
Contact STARLINK-4169 - STARLINK-31276,0.000,5400.000,0.0000%,0,
Contact STARLINK-4169 - STARLINK-31091,0.000,5400.000,0.0000%,0,
Contact STARLINK-4169 - STARLINK-11130 [DTC],0.000,5400.000,0.0000%,0,
Contact STARLINK-4169 - STARLINK-30303,3858.670,1541.330,71.4569%,2,
Contact STARLINK-4169 - STARLINK-6366,694.971,4705.029,12.8698%,1,
Contact STARLINK-4169 - STARLINK-4260,0.000,5400.000,0.0000%,0,
Contact STARLINK-4169 - STARLINK-4130,0.000,5400.000,0.0000%,0,
Contact STARLINK-4169 - STARLINK-1098,0.000,5400.000,0.0000%,0,
Contact STARLINK-4169 - STARLINK-32045,0.000,5400.000,0.0000%,0,
Contact STARLINK-4169 - STARLINK-31083,663.020,4736.980,12.2781%,2,
Contact STARLINK-4169 - STARLINK-4090,0.000,5400.000,0.0000%,0,
Contact STARLINK-4169 - STARLINK-2504,5400.000,0.000,100.0000%,1,
Contact STARLINK-4169 - STARLINK-6346,0.000,5400.000,0.0000%,0,
Contact STARLINK-4169 - STARLINK-30299,4483.310,916.690,83.0243%,2,
Contact STARLINK-4169 - STARLINK-5966,0.000,5400.000,0.0000%,0,
Contact STARLINK-4169 - STARLINK-31917,0.000,5400.000,0.0000%,0,
Contact STARLINK-4169 - STARLINK-30208,806.702,4593.298,14.9389%,1,
Contact STARLINK-4169 - STARLINK-3911,5400.000,0.000,100.0000%,1,
Contact STARLINK-4169 - MoonARTEMIS1,3569.223,1830.777,66.0967%,1,
Contact STARLINK-4169 - MoonARTEMIS2,3570.389,1829.611,66.1183%,1,
Contact STARLINK-4169 - MoonIOAGEO,3564.196,1835.804,66.0036%,1,
Contact STARLINK-4169 - MoonIOAGNO,3573.863,1826.137,66.1826%,1,
Contact STARLINK-4169 - MoonIOAGNO 0001,3563.415,1836.585,65.9892%,1,
Contact STARLINK-4169 - MoonIOAGSO,3561.177,1838.823,65.9477%,1,
Contact STARLINK-4169 - MoonIOAGSO 0001,3568.075,1831.925,66.0755%,1,
Contact STARLINK-4169 - MoonLRO,1067.028,4332.972,19.7598%,1,
Contact STARLINK-4169 - MarsSat1,5400.000,0.000,100.0000%,1,
Contact STARLINK-4169 - MarsSat2,5400.000,0.000,100.0000%,1,
Contact STARLINK-4169 - MarsSat3,2309.175,3090.825,42.7625%,1,
Contact STARLINK-4169 - MarsSat4,5400.000,0.000,100.0000%,1,
Contact STARLINK-31682 - STARLINK-1568,0.000,5400.000,0.0000%,0,
Contact STARLINK-31682 - STARLINK-30587,0.000,5400.000,0.0000%,0,
Contact STARLINK-31682 - STARLINK-5581,0.000,5400.000,0.0000%,0,
Contact STARLINK-31682 - STARLINK-2024,0.000,5400.000,0.0000%,0,
Contact STARLINK-31682 - STARLINK-5405,0.000,5400.000,0.0000%,0,
Contact STARLINK-31682 - STARLINK-31616,0.000,5400.000,0.0000%,0,
Contact STARLINK-31682 - STARLINK-1984,0.000,5400.000,0.0000%,0,
Contact STARLINK-31682 - STARLINK-2314,0.000,5400.000,0.0000%,0,
Contact STARLINK-31682 - STARLINK-3895,0.000,5400.000,0.0000%,0,
Contact STARLINK-31682 - STARLINK-32148,0.000,5400.000,0.0000%,0,
Contact STARLINK-31682 - STARLINK-5647,0.000,5400.000,0.0000%,0,
Contact STARLINK-31682 - STARLINK-5946,0.000,5400.000,0.0000%,0,
Contact STARLINK-31682 - STARLINK-30222,0.000,5400.000,0.0000%,0,
Contact STARLINK-31682 - STARLINK-1555,0.000,5400.000,0.0000%,0,
Contact STARLINK-31682 - STARLINK-1176,0.000,5400.000,0.0000%,0,
Contact STARLINK-31682 - STARLINK-6047,0.000,5400.000,0.0000%,0,
Contact STARLINK-31682 - STARLINK-6270,0.000,5400.000,0.0000%,0,
Contact STARLINK-31682 - STARLINK-5893,0.000,5400.000,0.0000%,0,
Contact STARLINK-31682 - STARLINK-1394,0.000,5400.000,0.0000%,0,
Contact STARLINK-31682 - STARLINK-3334,0.000,5400.000,0.0000%,0,
Contact STARLINK-31682 - STARLINK-6347,0.000,5400.000,0.0000%,0,
Contact STARLINK-31682 - STARLINK-4732,0.000,5400.000,0.0000%,0,
Contact STARLINK-31682 - STARLINK-1777,0.000,5400.000,0.0000%,0,
Contact STARLINK-31682 - STARLINK-4134,0.000,5400.000,0.0000%,0,
Contact STARLINK-31682 - STARLINK-4004,0.000,5400.000,0.0000%,0,
Contact STARLINK-31682 - STARLINK-30883,0.000,5400.000,0.0000%,0,
Contact STARLINK-31682 - STARLINK-32165,0.000,5400.000,0.0000%,0,
Contact STARLINK-31682 - STARLINK-5433,0.000,5400.000,0.0000%,0,
Contact STARLINK-31682 - STARLINK-30973,0.000,5400.000,0.0000%,0,
Contact STARLINK-31682 - STARLINK-31577,0.000,5400.000,0.0000%,0,
Contact STARLINK-31682 - STARLINK-31214,0.000,5400.000,0.0000%,0,
Contact STARLINK-31682 - STARLINK-2684,0.000,5400.000,0.0000%,0,
Contact STARLINK-31682 - STARLINK-2609,0.000,5400.000,0.0000%,0,
Contact STARLINK-31682 - STARLINK-31041,0.000,5400.000,0.0000%,0,
Contact STARLINK-31682 - STARLINK-31412,0.000,5400.000,0.0000%,0,
Contact STARLINK-31682 - STARLINK-31564,0.000,5400.000,0.0000%,0,
Contact STARLINK-31682 - STARLINK-31245,0.000,5400.000,0.0000%,0,
Contact STARLINK-31682 - STARLINK-3369,0.000,5400.000,0.0000%,0,
Contact STARLINK-31682 - STARLINK-32246,0.000,5400.000,0.0000%,0,
Contact STARLINK-31682 - STARLINK-31021,0.000,5400.000,0.0000%,0,
Contact STARLINK-31682 - STARLINK-3653,0.000,5400.000,0.0000%,0,
Contact STARLINK-31682 - STARLINK-31260,0.000,5400.000,0.0000%,0,
Contact STARLINK-31682 - STARLINK-30141,0.000,5400.000,0.0000%,0,
Contact STARLINK-31682 - STARLINK-6168,0.000,5400.000,0.0000%,0,
Contact STARLINK-31682 - STARLINK-1616,0.000,5400.000,0.0000%,0,
Contact STARLINK-31682 - STARLINK-2702,0.000,5400.000,0.0000%,0,
Contact STARLINK-31682 - STARLINK-11142 [DTC],0.000,5400.000,0.0000%,0,
Contact STARLINK-31682 - STARLINK-3991,0.000,5400.000,0.0000%,0,
Contact STARLINK-31682 - STARLINK-31248,0.000,5400.000,0.0000%,0,
Contact STARLINK-31682 - STARLINK-5939,0.000,5400.000,0.0000%,0,
Contact STARLINK-31682 - STARLINK-5536,0.000,5400.000,0.0000%,0,
Contact STARLINK-31682 - STARLINK-4120,0.000,5400.000,0.0000%,0,
Contact STARLINK-31682 - STARLINK-5161,0.000,5400.000,0.0000%,0,
Contact STARLINK-31682 - STARLINK-30331,0.000,5400.000,0.0000%,0,
Contact STARLINK-31682 - STARLINK-1750,0.000,5400.000,0.0000%,0,
Contact STARLINK-31682 - STARLINK-30944,0.000,5400.000,0.0000%,0,
Contact STARLINK-31682 - STARLINK-2603,0.000,5400.000,0.0000%,0,
Contact STARLINK-31682 - STARLINK-6172,0.000,5400.000,0.0000%,0,
Contact STARLINK-31682 - STARLINK-31707,0.000,5400.000,0.0000%,0,
Contact STARLINK-31682 - STARLINK-32046,0.000,5400.000,0.0000%,0,
Contact STARLINK-31682 - STARLINK-3394,0.000,5400.000,0.0000%,0,
Contact STARLINK-31682 - STARLINK-6207,0.000,5400.000,0.0000%,0,
Contact STARLINK-31682 - STARLINK-1028,0.000,5400.000,0.0000%,0,
Contact STARLINK-31682 - STARLINK-32185,0.000,5400.000,0.0000%,0,
Contact STARLINK-31682 - STARLINK-4437,0.000,5400.000,0.0000%,0,
Contact STARLINK-31682 - STARLINK-1090,0.000,5400.000,0.0000%,0,
Contact STARLINK-31682 - STARLINK-1208,0.000,5400.000,0.0000%,0,
Contact STARLINK-31682 - STARLINK-5849,0.000,5400.000,0.0000%,0,
Contact STARLINK-31682 - STARLINK-2193,0.000,5400.000,0.0000%,0,
Contact STARLINK-31682 - STARLINK-31653,0.000,5400.000,0.0000%,0,
Contact STARLINK-31682 - STARLINK-6338,0.000,5400.000,0.0000%,0,
Contact STARLINK-31682 - STARLINK-11086 [DTC],0.000,5400.000,0.0000%,0,
Contact STARLINK-31682 - STARLINK-30575,0.000,5400.000,0.0000%,0,
Contact STARLINK-31682 - STARLINK-5475,0.000,5400.000,0.0000%,0,
Contact STARLINK-31682 - STARLINK-31992,0.000,5400.000,0.0000%,0,
Contact STARLINK-31682 - STARLINK-30715,0.000,5400.000,0.0000%,0,
Contact STARLINK-31682 - STARLINK-31276,0.000,5400.000,0.0000%,0,
Contact STARLINK-31682 - STARLINK-31091,0.000,5400.000,0.0000%,0,
Contact STARLINK-31682 - STARLINK-11130 [DTC],0.000,5400.000,0.0000%,0,
Contact STARLINK-31682 - STARLINK-30303,0.000,5400.000,0.0000%,0,
Contact STARLINK-31682 - STARLINK-6366,0.000,5400.000,0.0000%,0,
Contact STARLINK-31682 - STARLINK-4260,0.000,5400.000,0.0000%,0,
Contact STARLINK-31682 - STARLINK-4130,0.000,5400.000,0.0000%,0,
Contact STARLINK-31682 - STARLINK-1098,0.000,5400.000,0.0000%,0,
Contact STARLINK-31682 - STARLINK-32045,0.000,5400.000,0.0000%,0,
Contact STARLINK-31682 - STARLINK-31083,0.000,5400.000,0.0000%,0,
Contact STARLINK-31682 - STARLINK-4090,0.000,5400.000,0.0000%,0,
Contact STARLINK-31682 - STARLINK-2504,0.000,5400.000,0.0000%,0,
Contact STARLINK-31682 - STARLINK-6346,0.000,5400.000,0.0000%,0,
Contact STARLINK-31682 - STARLINK-30299,0.000,5400.000,0.0000%,0,
Contact STARLINK-31682 - STARLINK-5966,0.000,5400.000,0.0000%,0,
Contact STARLINK-31682 - STARLINK-31917,0.000,5400.000,0.0000%,0,
Contact STARLINK-31682 - STARLINK-30208,0.000,5400.000,0.0000%,0,
Contact STARLINK-31682 - STARLINK-3911,0.000,5400.000,0.0000%,0,
Contact STARLINK-31682 - MoonARTEMIS1,0.000,5400.000,0.0000%,0,
Contact STARLINK-31682 - MoonARTEMIS2,0.000,5400.000,0.0000%,0,
Contact STARLINK-31682 - MoonIOAGEO,0.000,5400.000,0.0000%,0,
Contact STARLINK-31682 - MoonIOAGNO,0.000,5400.000,0.0000%,0,
Contact STARLINK-31682 - MoonIOAGNO 0001,0.000,5400.000,0.0000%,0,
Contact STARLINK-31682 - MoonIOAGSO,0.000,5400.000,0.0000%,0,
Contact STARLINK-31682 - MoonIOAGSO 0001,0.000,5400.000,0.0000%,0,
Contact STARLINK-31682 - MoonLRO,0.000,5400.000,0.0000%,0,
Contact STARLINK-31682 - MarsSat1,0.000,5400.000,0.0000%,0,
Contact STARLINK-31682 - MarsSat2,0.000,5400.000,0.0000%,0,
Contact STARLINK-31682 - MarsSat3,0.000,5400.000,0.0000%,0,
Contact STARLINK-31682 - MarsSat4,0.000,5400.000,0.0000%,0,
Contact STARLINK-1568 - STARLINK-30587,4630.158,769.842,85.7437%,1,
Contact STARLINK-1568 - STARLINK-5581,0.000,5400.000,0.0000%,0,
Contact STARLINK-1568 - STARLINK-2024,0.000,5400.000,0.0000%,0,
Contact STARLINK-1568 - STARLINK-5405,0.000,5400.000,0.0000%,0,
Contact STARLINK-1568 - STARLINK-31616,0.000,5400.000,0.0000%,0,
Contact STARLINK-1568 - STARLINK-1984,0.000,5400.000,0.0000%,0,
Contact STARLINK-1568 - STARLINK-2314,1006.506,4393.494,18.6390%,1,
Contact STARLINK-1568 - STARLINK-3895,0.000,5400.000,0.0000%,0,
Contact STARLINK-1568 - STARLINK-32148,0.000,5400.000,0.0000%,0,
Contact STARLINK-1568 - STARLINK-5647,5400.000,0.000,100.0000%,1,
Contact STARLINK-1568 - STARLINK-5946,4378.907,1021.093,81.0909%,1,
Contact STARLINK-1568 - STARLINK-30222,0.000,5400.000,0.0000%,0,
Contact STARLINK-1568 - STARLINK-1555,0.000,5400.000,0.0000%,0,
Contact STARLINK-1568 - STARLINK-1176,0.000,5400.000,0.0000%,0,
Contact STARLINK-1568 - STARLINK-6047,0.000,5400.000,0.0000%,0,
Contact STARLINK-1568 - STARLINK-6270,0.000,5400.000,0.0000%,0,
Contact STARLINK-1568 - STARLINK-5893,0.000,5400.000,0.0000%,0,
Contact STARLINK-1568 - STARLINK-1394,5400.000,0.000,100.0000%,1,
Contact STARLINK-1568 - STARLINK-3334,0.000,5400.000,0.0000%,0,
Contact STARLINK-1568 - STARLINK-6347,934.694,4465.306,17.3092%,1,
Contact STARLINK-1568 - STARLINK-4732,0.000,5400.000,0.0000%,0,
Contact STARLINK-1568 - STARLINK-1777,0.000,5400.000,0.0000%,0,
Contact STARLINK-1568 - STARLINK-4134,0.000,5400.000,0.0000%,0,
Contact STARLINK-1568 - STARLINK-4004,0.000,5400.000,0.0000%,0,
Contact STARLINK-1568 - STARLINK-30883,871.094,4528.906,16.1314%,1,
Contact STARLINK-1568 - STARLINK-32165,0.000,5400.000,0.0000%,0,
Contact STARLINK-1568 - STARLINK-5433,0.000,5400.000,0.0000%,0,
Contact STARLINK-1568 - STARLINK-30973,0.000,5400.000,0.0000%,0,
Contact STARLINK-1568 - STARLINK-31577,1658.087,3741.913,30.7053%,1,
Contact STARLINK-1568 - STARLINK-31214,0.000,5400.000,0.0000%,0,
Contact STARLINK-1568 - STARLINK-2684,0.000,5400.000,0.0000%,0,
Contact STARLINK-1568 - STARLINK-2609,0.000,5400.000,0.0000%,0,
Contact STARLINK-1568 - STARLINK-31041,0.000,5400.000,0.0000%,0,
Contact STARLINK-1568 - STARLINK-31412,879.271,4520.729,16.2828%,1,
Contact STARLINK-1568 - STARLINK-31564,0.000,5400.000,0.0000%,0,
Contact STARLINK-1568 - STARLINK-31245,0.000,5400.000,0.0000%,0,
Contact STARLINK-1568 - STARLINK-3369,0.000,5400.000,0.0000%,0,
Contact STARLINK-1568 - STARLINK-32246,0.000,5400.000,0.0000%,0,
Contact STARLINK-1568 - STARLINK-31021,1076.948,4323.052,19.9435%,1,
Contact STARLINK-1568 - STARLINK-3653,0.000,5400.000,0.0000%,0,
Contact STARLINK-1568 - STARLINK-31260,816.567,4583.433,15.1216%,1,
Contact STARLINK-1568 - STARLINK-30141,0.000,5400.000,0.0000%,0,
Contact STARLINK-1568 - STARLINK-6168,683.483,4716.517,12.6571%,2,
Contact STARLINK-1568 - STARLINK-1616,0.000,5400.000,0.0000%,0,
Contact STARLINK-1568 - STARLINK-2702,0.000,5400.000,0.0000%,0,
Contact STARLINK-1568 - STARLINK-11142 [DTC],0.000,5400.000,0.0000%,0,
Contact STARLINK-1568 - STARLINK-3991,0.000,5400.000,0.0000%,0,
Contact STARLINK-1568 - STARLINK-31248,0.000,5400.000,0.0000%,0,
Contact STARLINK-1568 - STARLINK-5939,0.000,5400.000,0.0000%,0,
Contact STARLINK-1568 - STARLINK-5536,0.000,5400.000,0.0000%,0,
Contact STARLINK-1568 - STARLINK-4120,0.000,5400.000,0.0000%,0,
Contact STARLINK-1568 - STARLINK-5161,0.000,5400.000,0.0000%,0,
Contact STARLINK-1568 - STARLINK-30331,0.000,5400.000,0.0000%,0,
Contact STARLINK-1568 - STARLINK-1750,0.000,5400.000,0.0000%,0,
Contact STARLINK-1568 - STARLINK-30944,4591.834,808.166,85.0340%,1,
Contact STARLINK-1568 - STARLINK-2603,0.000,5400.000,0.0000%,0,
Contact STARLINK-1568 - STARLINK-6172,0.000,5400.000,0.0000%,0,
Contact STARLINK-1568 - STARLINK-31707,531.251,4868.749,9.8380%,1,
Contact STARLINK-1568 - STARLINK-32046,0.000,5400.000,0.0000%,0,
Contact STARLINK-1568 - STARLINK-3394,0.000,5400.000,0.0000%,0,
Contact STARLINK-1568 - STARLINK-6207,1453.328,3946.672,26.9135%,1,
Contact STARLINK-1568 - STARLINK-1028,4038.238,1361.762,74.7822%,1,
Contact STARLINK-1568 - STARLINK-32185,682.588,4717.412,12.6405%,1,
Contact STARLINK-1568 - STARLINK-4437,294.015,5105.985,5.4447%,1,
Contact STARLINK-1568 - STARLINK-1090,0.000,5400.000,0.0000%,0,
Contact STARLINK-1568 - STARLINK-1208,0.000,5400.000,0.0000%,0,
Contact STARLINK-1568 - STARLINK-5849,5400.000,0.000,100.0000%,1,
Contact STARLINK-1568 - STARLINK-2193,0.000,5400.000,0.0000%,0,
Contact STARLINK-1568 - STARLINK-31653,0.000,5400.000,0.0000%,0,
Contact STARLINK-1568 - STARLINK-6338,0.000,5400.000,0.0000%,0,
Contact STARLINK-1568 - STARLINK-11086 [DTC],0.000,5400.000,0.0000%,0,
Contact STARLINK-1568 - STARLINK-30575,0.000,5400.000,0.0000%,0,
Contact STARLINK-1568 - STARLINK-5475,0.000,5400.000,0.0000%,0,
Contact STARLINK-1568 - STARLINK-31992,5400.000,0.000,100.0000%,1,
Contact STARLINK-1568 - STARLINK-30715,0.000,5400.000,0.0000%,0,
Contact STARLINK-1568 - STARLINK-31276,5400.000,0.000,100.0000%,1,
Contact STARLINK-1568 - STARLINK-31091,0.000,5400.000,0.0000%,0,
Contact STARLINK-1568 - STARLINK-11130 [DTC],0.000,5400.000,0.0000%,0,
Contact STARLINK-1568 - STARLINK-30303,0.000,5400.000,0.0000%,0,
Contact STARLINK-1568 - STARLINK-6366,0.000,5400.000,0.0000%,0,
Contact STARLINK-1568 - STARLINK-4260,0.000,5400.000,0.0000%,0,
Contact STARLINK-1568 - STARLINK-4130,0.000,5400.000,0.0000%,0,
Contact STARLINK-1568 - STARLINK-1098,0.000,5400.000,0.0000%,0,
Contact STARLINK-1568 - STARLINK-32045,0.000,5400.000,0.0000%,0,
Contact STARLINK-1568 - STARLINK-31083,0.000,5400.000,0.0000%,0,
Contact STARLINK-1568 - STARLINK-4090,0.000,5400.000,0.0000%,0,
Contact STARLINK-1568 - STARLINK-2504,0.000,5400.000,0.0000%,0,
Contact STARLINK-1568 - STARLINK-6346,5400.000,0.000,100.0000%,1,
Contact STARLINK-1568 - STARLINK-30299,0.000,5400.000,0.0000%,0,
Contact STARLINK-1568 - STARLINK-5966,0.000,5400.000,0.0000%,0,
Contact STARLINK-1568 - STARLINK-31917,0.000,5400.000,0.0000%,0,
Contact STARLINK-1568 - STARLINK-30208,0.000,5400.000,0.0000%,0,
Contact STARLINK-1568 - STARLINK-3911,819.764,4580.236,15.1808%,1,
Contact STARLINK-1568 - MoonARTEMIS1,3505.970,1894.030,64.9254%,1,
Contact STARLINK-1568 - MoonARTEMIS2,3591.092,1808.908,66.5017%,1,
Contact STARLINK-1568 - MoonIOAGEO,3521.142,1878.858,65.2063%,1,
Contact STARLINK-1568 - MoonIOAGNO,3518.300,1881.700,65.1537%,1,
Contact STARLINK-1568 - MoonIOAGNO 0001,3516.754,1883.246,65.1251%,1,
Contact STARLINK-1568 - MoonIOAGSO,3534.678,1865.322,65.4570%,1,
Contact STARLINK-1568 - MoonIOAGSO 0001,3564.885,1835.115,66.0164%,1,
Contact STARLINK-1568 - MoonLRO,1155.402,4244.598,21.3963%,1,
Contact STARLINK-1568 - MarsSat1,5400.000,0.000,100.0000%,1,
Contact STARLINK-1568 - MarsSat2,5400.000,0.000,100.0000%,1,
Contact STARLINK-1568 - MarsSat3,3131.458,2268.542,57.9900%,1,
Contact STARLINK-1568 - MarsSat4,5400.000,0.000,100.0000%,1,
Contact STARLINK-30587 - STARLINK-5581,0.000,5400.000,0.0000%,0,
Contact STARLINK-30587 - STARLINK-2024,0.000,5400.000,0.0000%,0,
Contact STARLINK-30587 - STARLINK-5405,0.000,5400.000,0.0000%,0,
Contact STARLINK-30587 - STARLINK-31616,0.000,5400.000,0.0000%,0,
Contact STARLINK-30587 - STARLINK-1984,0.000,5400.000,0.0000%,0,
Contact STARLINK-30587 - STARLINK-2314,4651.992,748.008,86.1480%,1,
Contact STARLINK-30587 - STARLINK-3895,0.000,5400.000,0.0000%,0,
Contact STARLINK-30587 - STARLINK-32148,0.000,5400.000,0.0000%,0,
Contact STARLINK-30587 - STARLINK-5647,3826.411,1573.589,70.8595%,1,
Contact STARLINK-30587 - STARLINK-5946,953.044,4446.956,17.6490%,1,
Contact STARLINK-30587 - STARLINK-30222,0.000,5400.000,0.0000%,0,
Contact STARLINK-30587 - STARLINK-1555,0.000,5400.000,0.0000%,0,
Contact STARLINK-30587 - STARLINK-1176,0.000,5400.000,0.0000%,0,
Contact STARLINK-30587 - STARLINK-6047,0.000,5400.000,0.0000%,0,
Contact STARLINK-30587 - STARLINK-6270,0.000,5400.000,0.0000%,0,
Contact STARLINK-30587 - STARLINK-5893,0.000,5400.000,0.0000%,0,
Contact STARLINK-30587 - STARLINK-1394,1141.166,4258.834,21.1327%,1,
Contact STARLINK-30587 - STARLINK-3334,0.000,5400.000,0.0000%,0,
Contact STARLINK-30587 - STARLINK-6347,653.225,4746.775,12.0968%,2,
Contact STARLINK-30587 - STARLINK-4732,214.072,5185.928,3.9643%,1,
Contact STARLINK-30587 - STARLINK-1777,0.000,5400.000,0.0000%,0,
Contact STARLINK-30587 - STARLINK-4134,0.000,5400.000,0.0000%,0,
Contact STARLINK-30587 - STARLINK-4004,0.000,5400.000,0.0000%,0,
Contact STARLINK-30587 - STARLINK-30883,0.000,5400.000,0.0000%,0,
Contact STARLINK-30587 - STARLINK-32165,0.000,5400.000,0.0000%,0,
Contact STARLINK-30587 - STARLINK-5433,0.000,5400.000,0.0000%,0,
Contact STARLINK-30587 - STARLINK-30973,0.000,5400.000,0.0000%,0,
Contact STARLINK-30587 - STARLINK-31577,5400.000,0.000,100.0000%,1,
Contact STARLINK-30587 - STARLINK-31214,0.000,5400.000,0.0000%,0,
Contact STARLINK-30587 - STARLINK-2684,0.000,5400.000,0.0000%,0,
Contact STARLINK-30587 - STARLINK-2609,0.000,5400.000,0.0000%,0,
Contact STARLINK-30587 - STARLINK-31041,0.000,5400.000,0.0000%,0,
Contact STARLINK-30587 - STARLINK-31412,0.000,5400.000,0.0000%,0,
Contact STARLINK-30587 - STARLINK-31564,0.000,5400.000,0.0000%,0,
Contact STARLINK-30587 - STARLINK-31245,0.000,5400.000,0.0000%,0,
Contact STARLINK-30587 - STARLINK-3369,0.000,5400.000,0.0000%,0,
Contact STARLINK-30587 - STARLINK-32246,0.000,5400.000,0.0000%,0,
Contact STARLINK-30587 - STARLINK-31021,0.000,5400.000,0.0000%,0,
Contact STARLINK-30587 - STARLINK-3653,0.000,5400.000,0.0000%,0,
Contact STARLINK-30587 - STARLINK-31260,667.476,4732.524,12.3607%,2,
Contact STARLINK-30587 - STARLINK-30141,0.000,5400.000,0.0000%,0,
Contact STARLINK-30587 - STARLINK-6168,3800.108,1599.892,70.3724%,1,
Contact STARLINK-30587 - STARLINK-1616,0.000,5400.000,0.0000%,0,
Contact STARLINK-30587 - STARLINK-2702,0.000,5400.000,0.0000%,0,
Contact STARLINK-30587 - STARLINK-11142 [DTC],0.000,5400.000,0.0000%,0,
Contact STARLINK-30587 - STARLINK-3991,0.000,5400.000,0.0000%,0,
Contact STARLINK-30587 - STARLINK-31248,0.000,5400.000,0.0000%,0,
Contact STARLINK-30587 - STARLINK-5939,0.000,5400.000,0.0000%,0,
Contact STARLINK-30587 - STARLINK-5536,0.000,5400.000,0.0000%,0,
Contact STARLINK-30587 - STARLINK-4120,0.000,5400.000,0.0000%,0,
Contact STARLINK-30587 - STARLINK-5161,0.000,5400.000,0.0000%,0,
Contact STARLINK-30587 - STARLINK-30331,0.000,5400.000,0.0000%,0,
Contact STARLINK-30587 - STARLINK-1750,0.000,5400.000,0.0000%,0,
Contact STARLINK-30587 - STARLINK-30944,5400.000,0.000,100.0000%,1,
Contact STARLINK-30587 - STARLINK-2603,0.000,5400.000,0.0000%,0,
Contact STARLINK-30587 - STARLINK-6172,0.000,5400.000,0.0000%,0,
Contact STARLINK-30587 - STARLINK-31707,0.000,5400.000,0.0000%,0,
Contact STARLINK-30587 - STARLINK-32046,0.000,5400.000,0.0000%,0,
Contact STARLINK-30587 - STARLINK-3394,0.000,5400.000,0.0000%,0,
Contact STARLINK-30587 - STARLINK-6207,5400.000,0.000,100.0000%,1,
Contact STARLINK-30587 - STARLINK-1028,0.000,5400.000,0.0000%,0,
Contact STARLINK-30587 - STARLINK-32185,0.000,5400.000,0.0000%,0,
Contact STARLINK-30587 - STARLINK-4437,0.000,5400.000,0.0000%,0,
Contact STARLINK-30587 - STARLINK-1090,0.000,5400.000,0.0000%,0,
Contact STARLINK-30587 - STARLINK-1208,0.000,5400.000,0.0000%,0,
Contact STARLINK-30587 - STARLINK-5849,1202.239,4197.761,22.2637%,1,
Contact STARLINK-30587 - STARLINK-2193,0.000,5400.000,0.0000%,0,
Contact STARLINK-30587 - STARLINK-31653,0.000,5400.000,0.0000%,0,
Contact STARLINK-30587 - STARLINK-6338,0.000,5400.000,0.0000%,0,
Contact STARLINK-30587 - STARLINK-11086 [DTC],0.000,5400.000,0.0000%,0,
Contact STARLINK-30587 - STARLINK-30575,5400.000,0.000,100.0000%,1,
Contact STARLINK-30587 - STARLINK-5475,0.000,5400.000,0.0000%,0,
Contact STARLINK-30587 - STARLINK-31992,4946.870,453.130,91.6087%,1,
Contact STARLINK-30587 - STARLINK-30715,0.000,5400.000,0.0000%,0,
Contact STARLINK-30587 - STARLINK-31276,0.000,5400.000,0.0000%,0,
Contact STARLINK-30587 - STARLINK-31091,0.000,5400.000,0.0000%,0,
Contact STARLINK-30587 - STARLINK-11130 [DTC],0.000,5400.000,0.0000%,0,
Contact STARLINK-30587 - STARLINK-30303,0.000,5400.000,0.0000%,0,
Contact STARLINK-30587 - STARLINK-6366,0.000,5400.000,0.0000%,0,
Contact STARLINK-30587 - STARLINK-4260,0.000,5400.000,0.0000%,0,
Contact STARLINK-30587 - STARLINK-4130,0.000,5400.000,0.0000%,0,
Contact STARLINK-30587 - STARLINK-1098,0.000,5400.000,0.0000%,0,
Contact STARLINK-30587 - STARLINK-32045,0.000,5400.000,0.0000%,0,
Contact STARLINK-30587 - STARLINK-31083,0.000,5400.000,0.0000%,0,
Contact STARLINK-30587 - STARLINK-4090,0.000,5400.000,0.0000%,0,
Contact STARLINK-30587 - STARLINK-2504,0.000,5400.000,0.0000%,0,
Contact STARLINK-30587 - STARLINK-6346,5400.000,0.000,100.0000%,1,
Contact STARLINK-30587 - STARLINK-30299,1109.474,4290.526,20.5458%,1,
Contact STARLINK-30587 - STARLINK-5966,0.000,5400.000,0.0000%,0,
Contact STARLINK-30587 - STARLINK-31917,0.000,5400.000,0.0000%,0,
Contact STARLINK-30587 - STARLINK-30208,0.000,5400.000,0.0000%,0,
Contact STARLINK-30587 - STARLINK-3911,5400.000,0.000,100.0000%,1,
Contact STARLINK-30587 - MoonARTEMIS1,3598.207,1801.793,66.6335%,1,
Contact STARLINK-30587 - MoonARTEMIS2,3600.192,1799.808,66.6702%,1,
Contact STARLINK-30587 - MoonIOAGEO,3592.109,1807.891,66.5205%,1,
Contact STARLINK-30587 - MoonIOAGNO,3602.032,1797.968,66.7043%,1,
Contact STARLINK-30587 - MoonIOAGNO 0001,3592.777,1807.223,66.5329%,1,
Contact STARLINK-30587 - MoonIOAGSO,3590.335,1809.665,66.4877%,1,
Contact STARLINK-30587 - MoonIOAGSO 0001,3596.342,1803.658,66.5989%,1,
Contact STARLINK-30587 - MoonLRO,667.059,4732.941,12.3529%,1,
Contact STARLINK-30587 - MarsSat1,5400.000,0.000,100.0000%,1,
Contact STARLINK-30587 - MarsSat2,5400.000,0.000,100.0000%,1,
Contact STARLINK-30587 - MarsSat3,2768.073,2631.927,51.2606%,1,
Contact STARLINK-30587 - MarsSat4,5400.000,0.000,100.0000%,1,
Contact STARLINK-5581 - STARLINK-2024,0.000,5400.000,0.0000%,0,
Contact STARLINK-5581 - STARLINK-5405,535.325,4864.675,9.9134%,2,
Contact STARLINK-5581 - STARLINK-31616,0.000,5400.000,0.0000%,0,
Contact STARLINK-5581 - STARLINK-1984,183.471,5216.529,3.3976%,1,
Contact STARLINK-5581 - STARLINK-2314,0.000,5400.000,0.0000%,0,
Contact STARLINK-5581 - STARLINK-3895,0.000,5400.000,0.0000%,0,
Contact STARLINK-5581 - STARLINK-32148,0.000,5400.000,0.0000%,0,
Contact STARLINK-5581 - STARLINK-5647,1003.080,4396.920,18.5756%,1,
Contact STARLINK-5581 - STARLINK-5946,730.715,4669.285,13.5318%,2,
Contact STARLINK-5581 - STARLINK-30222,0.000,5400.000,0.0000%,0,
Contact STARLINK-5581 - STARLINK-1555,0.000,5400.000,0.0000%,0,
Contact STARLINK-5581 - STARLINK-1176,0.000,5400.000,0.0000%,0,
Contact STARLINK-5581 - STARLINK-6047,492.810,4907.190,9.1261%,1,
Contact STARLINK-5581 - STARLINK-6270,0.000,5400.000,0.0000%,0,
Contact STARLINK-5581 - STARLINK-5893,4578.711,821.289,84.7909%,2,
Contact STARLINK-5581 - STARLINK-1394,0.000,5400.000,0.0000%,0,
Contact STARLINK-5581 - STARLINK-3334,0.000,5400.000,0.0000%,0,
Contact STARLINK-5581 - STARLINK-6347,0.000,5400.000,0.0000%,0,
Contact STARLINK-5581 - STARLINK-4732,0.000,5400.000,0.0000%,0,
Contact STARLINK-5581 - STARLINK-1777,0.000,5400.000,0.0000%,0,
Contact STARLINK-5581 - STARLINK-4134,690.249,4709.751,12.7824%,2,
Contact STARLINK-5581 - STARLINK-4004,0.000,5400.000,0.0000%,0,
Contact STARLINK-5581 - STARLINK-30883,5400.000,0.000,100.0000%,1,
Contact STARLINK-5581 - STARLINK-32165,955.233,4444.767,17.6895%,1,
Contact STARLINK-5581 - STARLINK-5433,0.000,5400.000,0.0000%,0,
Contact STARLINK-5581 - STARLINK-30973,0.000,5400.000,0.0000%,0,
Contact STARLINK-5581 - STARLINK-31577,0.000,5400.000,0.0000%,0,
Contact STARLINK-5581 - STARLINK-31214,0.000,5400.000,0.0000%,0,
Contact STARLINK-5581 - STARLINK-2684,0.000,5400.000,0.0000%,0,
Contact STARLINK-5581 - STARLINK-2609,0.000,5400.000,0.0000%,0,
Contact STARLINK-5581 - STARLINK-31041,5400.000,0.000,100.0000%,1,
Contact STARLINK-5581 - STARLINK-31412,5400.000,0.000,100.0000%,1,
Contact STARLINK-5581 - STARLINK-31564,0.000,5400.000,0.0000%,0,
Contact STARLINK-5581 - STARLINK-31245,0.000,5400.000,0.0000%,0,
Contact STARLINK-5581 - STARLINK-3369,0.000,5400.000,0.0000%,0,
Contact STARLINK-5581 - STARLINK-32246,0.000,5400.000,0.0000%,0,
Contact STARLINK-5581 - STARLINK-31021,3810.247,1589.753,70.5601%,1,
Contact STARLINK-5581 - STARLINK-3653,0.000,5400.000,0.0000%,0,
Contact STARLINK-5581 - STARLINK-31260,0.000,5400.000,0.0000%,0,
Contact STARLINK-5581 - STARLINK-30141,0.000,5400.000,0.0000%,0,
Contact STARLINK-5581 - STARLINK-6168,0.000,5400.000,0.0000%,0,
Contact STARLINK-5581 - STARLINK-1616,974.655,4425.345,18.0492%,1,
Contact STARLINK-5581 - STARLINK-2702,0.000,5400.000,0.0000%,0,
Contact STARLINK-5581 - STARLINK-11142 [DTC],825.778,4574.222,15.2922%,1,
Contact STARLINK-5581 - STARLINK-3991,0.000,5400.000,0.0000%,0,
Contact STARLINK-5581 - STARLINK-31248,0.000,5400.000,0.0000%,0,
Contact STARLINK-5581 - STARLINK-5939,0.000,5400.000,0.0000%,0,
Contact STARLINK-5581 - STARLINK-5536,0.000,5400.000,0.0000%,0,
Contact STARLINK-5581 - STARLINK-4120,0.000,5400.000,0.0000%,0,
Contact STARLINK-5581 - STARLINK-5161,0.000,5400.000,0.0000%,0,
Contact STARLINK-5581 - STARLINK-30331,0.000,5400.000,0.0000%,0,
Contact STARLINK-5581 - STARLINK-1750,0.000,5400.000,0.0000%,0,
Contact STARLINK-5581 - STARLINK-30944,0.000,5400.000,0.0000%,0,
Contact STARLINK-5581 - STARLINK-2603,0.000,5400.000,0.0000%,0,
Contact STARLINK-5581 - STARLINK-6172,0.000,5400.000,0.0000%,0,
Contact STARLINK-5581 - STARLINK-31707,0.000,5400.000,0.0000%,0,
Contact STARLINK-5581 - STARLINK-32046,0.000,5400.000,0.0000%,0,
Contact STARLINK-5581 - STARLINK-3394,0.000,5400.000,0.0000%,0,
Contact STARLINK-5581 - STARLINK-6207,511.224,4888.776,9.4671%,1,
Contact STARLINK-5581 - STARLINK-1028,784.176,4615.824,14.5218%,2,
Contact STARLINK-5581 - STARLINK-32185,4183.062,1216.938,77.4641%,2,
Contact STARLINK-5581 - STARLINK-4437,388.215,5011.785,7.1892%,1,
Contact STARLINK-5581 - STARLINK-1090,0.000,5400.000,0.0000%,0,
Contact STARLINK-5581 - STARLINK-1208,0.000,5400.000,0.0000%,0,
Contact STARLINK-5581 - STARLINK-5849,0.000,5400.000,0.0000%,0,
Contact STARLINK-5581 - STARLINK-2193,0.000,5400.000,0.0000%,0,
Contact STARLINK-5581 - STARLINK-31653,0.000,5400.000,0.0000%,0,
Contact STARLINK-5581 - STARLINK-6338,4318.257,1081.743,79.9677%,1,
Contact STARLINK-5581 - STARLINK-11086 [DTC],0.000,5400.000,0.0000%,0,
Contact STARLINK-5581 - STARLINK-30575,0.000,5400.000,0.0000%,0,
Contact STARLINK-5581 - STARLINK-5475,752.955,4647.045,13.9436%,1,
Contact STARLINK-5581 - STARLINK-31992,0.000,5400.000,0.0000%,0,
Contact STARLINK-5581 - STARLINK-30715,0.000,5400.000,0.0000%,0,
Contact STARLINK-5581 - STARLINK-31276,5400.000,0.000,100.0000%,1,
Contact STARLINK-5581 - STARLINK-31091,0.000,5400.000,0.0000%,0,
Contact STARLINK-5581 - STARLINK-11130 [DTC],0.000,5400.000,0.0000%,0,
Contact STARLINK-5581 - STARLINK-30303,0.000,5400.000,0.0000%,0,
Contact STARLINK-5581 - STARLINK-6366,0.000,5400.000,0.0000%,0,
Contact STARLINK-5581 - STARLINK-4260,0.000,5400.000,0.0000%,0,
Contact STARLINK-5581 - STARLINK-4130,613.886,4786.114,11.3683%,2,
Contact STARLINK-5581 - STARLINK-1098,0.000,5400.000,0.0000%,0,
Contact STARLINK-5581 - STARLINK-32045,0.000,5400.000,0.0000%,0,
Contact STARLINK-5581 - STARLINK-31083,0.000,5400.000,0.0000%,0,
Contact STARLINK-5581 - STARLINK-4090,0.000,5400.000,0.0000%,0,
Contact STARLINK-5581 - STARLINK-2504,0.000,5400.000,0.0000%,0,
Contact STARLINK-5581 - STARLINK-6346,0.000,5400.000,0.0000%,0,
Contact STARLINK-5581 - STARLINK-30299,0.000,5400.000,0.0000%,0,
Contact STARLINK-5581 - STARLINK-5966,0.000,5400.000,0.0000%,0,
Contact STARLINK-5581 - STARLINK-31917,0.000,5400.000,0.0000%,0,
Contact STARLINK-5581 - STARLINK-30208,0.000,5400.000,0.0000%,0,
Contact STARLINK-5581 - STARLINK-3911,0.000,5400.000,0.0000%,0,
Contact STARLINK-5581 - MoonARTEMIS1,3520.459,1879.541,65.1937%,2,
Contact STARLINK-5581 - MoonARTEMIS2,3593.487,1806.513,66.5460%,2,
Contact STARLINK-5581 - MoonIOAGEO,3536.520,1863.480,65.4911%,2,
Contact STARLINK-5581 - MoonIOAGNO,3534.496,1865.504,65.4536%,2,
Contact STARLINK-5581 - MoonIOAGNO 0001,3562.487,1837.513,65.9720%,2,
Contact STARLINK-5581 - MoonIOAGSO,3540.481,1859.519,65.5645%,2,
Contact STARLINK-5581 - MoonIOAGSO 0001,3534.927,1865.073,65.4616%,2,
Contact STARLINK-5581 - MoonLRO,1899.015,3500.985,35.1669%,2,
Contact STARLINK-5581 - MarsSat1,3661.473,1738.527,67.8051%,1,
Contact STARLINK-5581 - MarsSat2,3661.468,1738.532,67.8050%,1,
Contact STARLINK-5581 - MarsSat3,3661.467,1738.533,67.8049%,1,
Contact STARLINK-5581 - MarsSat4,3661.490,1738.510,67.8054%,1,
Contact STARLINK-2024 - STARLINK-5405,0.000,5400.000,0.0000%,0,
Contact STARLINK-2024 - STARLINK-31616,0.000,5400.000,0.0000%,0,
Contact STARLINK-2024 - STARLINK-1984,0.000,5400.000,0.0000%,0,
Contact STARLINK-2024 - STARLINK-2314,0.000,5400.000,0.0000%,0,
Contact STARLINK-2024 - STARLINK-3895,0.000,5400.000,0.0000%,0,
Contact STARLINK-2024 - STARLINK-32148,0.000,5400.000,0.0000%,0,
Contact STARLINK-2024 - STARLINK-5647,0.000,5400.000,0.0000%,0,
Contact STARLINK-2024 - STARLINK-5946,0.000,5400.000,0.0000%,0,
Contact STARLINK-2024 - STARLINK-30222,0.000,5400.000,0.0000%,0,
Contact STARLINK-2024 - STARLINK-1555,795.599,4604.401,14.7333%,2,
Contact STARLINK-2024 - STARLINK-1176,0.000,5400.000,0.0000%,0,
Contact STARLINK-2024 - STARLINK-6047,0.000,5400.000,0.0000%,0,
Contact STARLINK-2024 - STARLINK-6270,0.000,5400.000,0.0000%,0,
Contact STARLINK-2024 - STARLINK-5893,0.000,5400.000,0.0000%,0,
Contact STARLINK-2024 - STARLINK-1394,0.000,5400.000,0.0000%,0,
Contact STARLINK-2024 - STARLINK-3334,0.000,5400.000,0.0000%,0,
Contact STARLINK-2024 - STARLINK-6347,0.000,5400.000,0.0000%,0,
Contact STARLINK-2024 - STARLINK-4732,0.000,5400.000,0.0000%,0,
Contact STARLINK-2024 - STARLINK-1777,0.000,5400.000,0.0000%,0,
Contact STARLINK-2024 - STARLINK-4134,728.321,4671.679,13.4874%,1,
Contact STARLINK-2024 - STARLINK-4004,0.000,5400.000,0.0000%,0,
Contact STARLINK-2024 - STARLINK-30883,0.000,5400.000,0.0000%,0,
Contact STARLINK-2024 - STARLINK-32165,0.000,5400.000,0.0000%,0,
Contact STARLINK-2024 - STARLINK-5433,5400.000,0.000,100.0000%,1,
Contact STARLINK-2024 - STARLINK-30973,0.000,5400.000,0.0000%,0,
Contact STARLINK-2024 - STARLINK-31577,0.000,5400.000,0.0000%,0,
Contact STARLINK-2024 - STARLINK-31214,0.000,5400.000,0.0000%,0,
Contact STARLINK-2024 - STARLINK-2684,884.834,4515.166,16.3858%,1,
Contact STARLINK-2024 - STARLINK-2609,5400.000,0.000,100.0000%,1,
Contact STARLINK-2024 - STARLINK-31041,0.000,5400.000,0.0000%,0,
Contact STARLINK-2024 - STARLINK-31412,0.000,5400.000,0.0000%,0,
Contact STARLINK-2024 - STARLINK-31564,5400.000,0.000,100.0000%,1,
Contact STARLINK-2024 - STARLINK-31245,0.000,5400.000,0.0000%,0,
Contact STARLINK-2024 - STARLINK-3369,0.000,5400.000,0.0000%,0,
Contact STARLINK-2024 - STARLINK-32246,0.000,5400.000,0.0000%,0,
Contact STARLINK-2024 - STARLINK-31021,0.000,5400.000,0.0000%,0,
Contact STARLINK-2024 - STARLINK-3653,0.000,5400.000,0.0000%,0,
Contact STARLINK-2024 - STARLINK-31260,0.000,5400.000,0.0000%,0,
Contact STARLINK-2024 - STARLINK-30141,931.466,4468.534,17.2494%,1,
Contact STARLINK-2024 - STARLINK-6168,0.000,5400.000,0.0000%,0,
Contact STARLINK-2024 - STARLINK-1616,0.000,5400.000,0.0000%,0,
Contact STARLINK-2024 - STARLINK-2702,3753.335,1646.665,69.5062%,1,
Contact STARLINK-2024 - STARLINK-11142 [DTC],0.000,5400.000,0.0000%,0,
Contact STARLINK-2024 - STARLINK-3991,0.000,5400.000,0.0000%,0,
Contact STARLINK-2024 - STARLINK-31248,0.000,5400.000,0.0000%,0,
Contact STARLINK-2024 - STARLINK-5939,38.259,5361.741,0.7085%,1,
Contact STARLINK-2024 - STARLINK-5536,808.982,4591.018,14.9811%,1,
Contact STARLINK-2024 - STARLINK-4120,0.000,5400.000,0.0000%,0,
Contact STARLINK-2024 - STARLINK-5161,5400.000,0.000,100.0000%,1,
Contact STARLINK-2024 - STARLINK-30331,0.000,5400.000,0.0000%,0,
Contact STARLINK-2024 - STARLINK-1750,0.000,5400.000,0.0000%,0,
Contact STARLINK-2024 - STARLINK-30944,0.000,5400.000,0.0000%,0,
Contact STARLINK-2024 - STARLINK-2603,0.000,5400.000,0.0000%,0,
Contact STARLINK-2024 - STARLINK-6172,0.000,5400.000,0.0000%,0,
Contact STARLINK-2024 - STARLINK-31707,0.000,5400.000,0.0000%,0,
Contact STARLINK-2024 - STARLINK-32046,0.000,5400.000,0.0000%,0,
Contact STARLINK-2024 - STARLINK-3394,0.000,5400.000,0.0000%,0,
Contact STARLINK-2024 - STARLINK-6207,0.000,5400.000,0.0000%,0,
Contact STARLINK-2024 - STARLINK-1028,0.000,5400.000,0.0000%,0,
Contact STARLINK-2024 - STARLINK-32185,0.000,5400.000,0.0000%,0,
Contact STARLINK-2024 - STARLINK-4437,0.000,5400.000,0.0000%,0,
Contact STARLINK-2024 - STARLINK-1090,0.000,5400.000,0.0000%,0,
Contact STARLINK-2024 - STARLINK-1208,0.000,5400.000,0.0000%,0,
Contact STARLINK-2024 - STARLINK-5849,0.000,5400.000,0.0000%,0,
Contact STARLINK-2024 - STARLINK-2193,0.000,5400.000,0.0000%,0,
Contact STARLINK-2024 - STARLINK-31653,0.000,5400.000,0.0000%,0,
Contact STARLINK-2024 - STARLINK-6338,0.000,5400.000,0.0000%,0,
Contact STARLINK-2024 - STARLINK-11086 [DTC],882.199,4517.801,16.3370%,1,
Contact STARLINK-2024 - STARLINK-30575,0.000,5400.000,0.0000%,0,
Contact STARLINK-2024 - STARLINK-5475,751.700,4648.300,13.9204%,1,
Contact STARLINK-2024 - STARLINK-31992,0.000,5400.000,0.0000%,0,
Contact STARLINK-2024 - STARLINK-30715,0.000,5400.000,0.0000%,0,
Contact STARLINK-2024 - STARLINK-31276,0.000,5400.000,0.0000%,0,
Contact STARLINK-2024 - STARLINK-31091,768.017,4631.983,14.2225%,1,
Contact STARLINK-2024 - STARLINK-11130 [DTC],1445.164,3954.836,26.7623%,1,
Contact STARLINK-2024 - STARLINK-30303,0.000,5400.000,0.0000%,0,
Contact STARLINK-2024 - STARLINK-6366,0.000,5400.000,0.0000%,0,
Contact STARLINK-2024 - STARLINK-4260,370.571,5029.429,6.8624%,1,
Contact STARLINK-2024 - STARLINK-4130,759.533,4640.467,14.0654%,1,
Contact STARLINK-2024 - STARLINK-1098,0.000,5400.000,0.0000%,0,
Contact STARLINK-2024 - STARLINK-32045,5400.000,0.000,100.0000%,1,
Contact STARLINK-2024 - STARLINK-31083,0.000,5400.000,0.0000%,0,
Contact STARLINK-2024 - STARLINK-4090,316.576,5083.424,5.8625%,2,
Contact STARLINK-2024 - STARLINK-2504,0.000,5400.000,0.0000%,0,
Contact STARLINK-2024 - STARLINK-6346,0.000,5400.000,0.0000%,0,
Contact STARLINK-2024 - STARLINK-30299,0.000,5400.000,0.0000%,0,
Contact STARLINK-2024 - STARLINK-5966,3711.609,1688.391,68.7335%,1,
Contact STARLINK-2024 - STARLINK-31917,578.710,4821.290,10.7169%,1,
Contact STARLINK-2024 - STARLINK-30208,0.000,5400.000,0.0000%,0,
Contact STARLINK-2024 - STARLINK-3911,0.000,5400.000,0.0000%,0,
Contact STARLINK-2024 - MoonARTEMIS1,5400.000,0.000,100.0000%,1,
Contact STARLINK-2024 - MoonARTEMIS2,4389.783,1010.217,81.2923%,2,
Contact STARLINK-2024 - MoonIOAGEO,5400.000,0.000,100.0000%,1,
Contact STARLINK-2024 - MoonIOAGNO,5400.000,0.000,100.0000%,1,
Contact STARLINK-2024 - MoonIOAGNO 0001,5400.000,0.000,100.0000%,1,
Contact STARLINK-2024 - MoonIOAGSO,5400.000,0.000,100.0000%,1,
Contact STARLINK-2024 - MoonIOAGSO 0001,5400.000,0.000,100.0000%,1,
Contact STARLINK-2024 - MoonLRO,5400.000,0.000,100.0000%,1,
Contact STARLINK-2024 - MarsSat1,4084.549,1315.451,75.6398%,2,
Contact STARLINK-2024 - MarsSat2,4084.225,1315.775,75.6338%,2,
Contact STARLINK-2024 - MarsSat3,892.351,4507.649,16.5250%,1,
Contact STARLINK-2024 - MarsSat4,4084.438,1315.562,75.6377%,2,
Contact STARLINK-5405 - STARLINK-31616,0.000,5400.000,0.0000%,0,
Contact STARLINK-5405 - STARLINK-1984,0.000,5400.000,0.0000%,0,
Contact STARLINK-5405 - STARLINK-2314,0.000,5400.000,0.0000%,0,
Contact STARLINK-5405 - STARLINK-3895,0.000,5400.000,0.0000%,0,
Contact STARLINK-5405 - STARLINK-32148,0.000,5400.000,0.0000%,0,
Contact STARLINK-5405 - STARLINK-5647,0.000,5400.000,0.0000%,0,
Contact STARLINK-5405 - STARLINK-5946,0.000,5400.000,0.0000%,0,
Contact STARLINK-5405 - STARLINK-30222,0.000,5400.000,0.0000%,0,
Contact STARLINK-5405 - STARLINK-1555,0.000,5400.000,0.0000%,0,
Contact STARLINK-5405 - STARLINK-1176,0.000,5400.000,0.0000%,0,
Contact STARLINK-5405 - STARLINK-6047,5400.000,0.000,100.0000%,1,
Contact STARLINK-5405 - STARLINK-6270,0.000,5400.000,0.0000%,0,
Contact STARLINK-5405 - STARLINK-5893,263.011,5136.989,4.8706%,1,
Contact STARLINK-5405 - STARLINK-1394,0.000,5400.000,0.0000%,0,
Contact STARLINK-5405 - STARLINK-3334,0.000,5400.000,0.0000%,0,
Contact STARLINK-5405 - STARLINK-6347,0.000,5400.000,0.0000%,0,
Contact STARLINK-5405 - STARLINK-4732,0.000,5400.000,0.0000%,0,
Contact STARLINK-5405 - STARLINK-1777,5400.000,0.000,100.0000%,1,
Contact STARLINK-5405 - STARLINK-4134,5400.000,0.000,100.0000%,1,
Contact STARLINK-5405 - STARLINK-4004,0.000,5400.000,0.0000%,0,
Contact STARLINK-5405 - STARLINK-30883,0.000,5400.000,0.0000%,0,
Contact STARLINK-5405 - STARLINK-32165,0.000,5400.000,0.0000%,0,
Contact STARLINK-5405 - STARLINK-5433,0.000,5400.000,0.0000%,0,
Contact STARLINK-5405 - STARLINK-30973,0.000,5400.000,0.0000%,0,
Contact STARLINK-5405 - STARLINK-31577,0.000,5400.000,0.0000%,0,
Contact STARLINK-5405 - STARLINK-31214,0.000,5400.000,0.0000%,0,
Contact STARLINK-5405 - STARLINK-2684,0.000,5400.000,0.0000%,0,
Contact STARLINK-5405 - STARLINK-2609,4063.049,1336.951,75.2416%,1,
Contact STARLINK-5405 - STARLINK-31041,612.171,4787.829,11.3365%,2,
Contact STARLINK-5405 - STARLINK-31412,1447.215,3952.785,26.8003%,1,
Contact STARLINK-5405 - STARLINK-31564,0.000,5400.000,0.0000%,0,
Contact STARLINK-5405 - STARLINK-31245,5400.000,0.000,100.0000%,1,
Contact STARLINK-5405 - STARLINK-3369,0.000,5400.000,0.0000%,0,
Contact STARLINK-5405 - STARLINK-32246,0.000,5400.000,0.0000%,0,
Contact STARLINK-5405 - STARLINK-31021,0.000,5400.000,0.0000%,0,
Contact STARLINK-5405 - STARLINK-3653,0.000,5400.000,0.0000%,0,
Contact STARLINK-5405 - STARLINK-31260,0.000,5400.000,0.0000%,0,
Contact STARLINK-5405 - STARLINK-30141,0.000,5400.000,0.0000%,0,
Contact STARLINK-5405 - STARLINK-6168,0.000,5400.000,0.0000%,0,
Contact STARLINK-5405 - STARLINK-1616,0.000,5400.000,0.0000%,0,
Contact STARLINK-5405 - STARLINK-2702,0.000,5400.000,0.0000%,0,
Contact STARLINK-5405 - STARLINK-11142 [DTC],0.000,5400.000,0.0000%,0,
Contact STARLINK-5405 - STARLINK-3991,5400.000,0.000,100.0000%,1,
Contact STARLINK-5405 - STARLINK-31248,0.000,5400.000,0.0000%,0,
Contact STARLINK-5405 - STARLINK-5939,0.000,5400.000,0.0000%,0,
Contact STARLINK-5405 - STARLINK-5536,0.000,5400.000,0.0000%,0,
Contact STARLINK-5405 - STARLINK-4120,0.000,5400.000,0.0000%,0,
Contact STARLINK-5405 - STARLINK-5161,0.000,5400.000,0.0000%,0,
Contact STARLINK-5405 - STARLINK-30331,0.000,5400.000,0.0000%,0,
Contact STARLINK-5405 - STARLINK-1750,0.000,5400.000,0.0000%,0,
Contact STARLINK-5405 - STARLINK-30944,0.000,5400.000,0.0000%,0,
Contact STARLINK-5405 - STARLINK-2603,0.000,5400.000,0.0000%,0,
Contact STARLINK-5405 - STARLINK-6172,0.000,5400.000,0.0000%,0,
Contact STARLINK-5405 - STARLINK-31707,0.000,5400.000,0.0000%,0,
Contact STARLINK-5405 - STARLINK-32046,0.000,5400.000,0.0000%,0,
Contact STARLINK-5405 - STARLINK-3394,4480.248,919.752,82.9676%,1,
Contact STARLINK-5405 - STARLINK-6207,0.000,5400.000,0.0000%,0,
Contact STARLINK-5405 - STARLINK-1028,1072.121,4327.879,19.8541%,1,
Contact STARLINK-5405 - STARLINK-32185,1347.869,4052.131,24.9605%,1,
Contact STARLINK-5405 - STARLINK-4437,0.000,5400.000,0.0000%,0,
Contact STARLINK-5405 - STARLINK-1090,0.000,5400.000,0.0000%,0,
Contact STARLINK-5405 - STARLINK-1208,0.000,5400.000,0.0000%,0,
Contact STARLINK-5405 - STARLINK-5849,0.000,5400.000,0.0000%,0,
Contact STARLINK-5405 - STARLINK-2193,0.000,5400.000,0.0000%,0,
Contact STARLINK-5405 - STARLINK-31653,0.000,5400.000,0.0000%,0,
Contact STARLINK-5405 - STARLINK-6338,0.000,5400.000,0.0000%,0,
Contact STARLINK-5405 - STARLINK-11086 [DTC],0.000,5400.000,0.0000%,0,
Contact STARLINK-5405 - STARLINK-30575,0.000,5400.000,0.0000%,0,
Contact STARLINK-5405 - STARLINK-5475,953.544,4446.456,17.6582%,1,
Contact STARLINK-5405 - STARLINK-31992,0.000,5400.000,0.0000%,0,
Contact STARLINK-5405 - STARLINK-30715,0.000,5400.000,0.0000%,0,
Contact STARLINK-5405 - STARLINK-31276,0.000,5400.000,0.0000%,0,
Contact STARLINK-5405 - STARLINK-31091,5400.000,0.000,100.0000%,1,
Contact STARLINK-5405 - STARLINK-11130 [DTC],4522.492,877.508,83.7498%,1,
Contact STARLINK-5405 - STARLINK-30303,0.000,5400.000,0.0000%,0,
Contact STARLINK-5405 - STARLINK-6366,0.000,5400.000,0.0000%,0,
Contact STARLINK-5405 - STARLINK-4260,541.146,4858.854,10.0212%,1,
Contact STARLINK-5405 - STARLINK-4130,5400.000,0.000,100.0000%,1,
Contact STARLINK-5405 - STARLINK-1098,0.000,5400.000,0.0000%,0,
Contact STARLINK-5405 - STARLINK-32045,0.000,5400.000,0.0000%,0,
Contact STARLINK-5405 - STARLINK-31083,0.000,5400.000,0.0000%,0,
Contact STARLINK-5405 - STARLINK-4090,0.000,5400.000,0.0000%,0,
Contact STARLINK-5405 - STARLINK-2504,0.000,5400.000,0.0000%,0,
Contact STARLINK-5405 - STARLINK-6346,0.000,5400.000,0.0000%,0,
Contact STARLINK-5405 - STARLINK-30299,0.000,5400.000,0.0000%,0,
Contact STARLINK-5405 - STARLINK-5966,0.000,5400.000,0.0000%,0,
Contact STARLINK-5405 - STARLINK-31917,572.727,4827.273,10.6060%,2,
Contact STARLINK-5405 - STARLINK-30208,0.000,5400.000,0.0000%,0,
Contact STARLINK-5405 - STARLINK-3911,0.000,5400.000,0.0000%,0,
Contact STARLINK-5405 - MoonARTEMIS1,3252.157,2147.843,60.2251%,2,
Contact STARLINK-5405 - MoonARTEMIS2,3258.690,2141.310,60.3461%,2,
Contact STARLINK-5405 - MoonIOAGEO,3257.619,2142.381,60.3263%,2,
Contact STARLINK-5405 - MoonIOAGNO,3254.565,2145.435,60.2697%,2,
Contact STARLINK-5405 - MoonIOAGNO 0001,3253.858,2146.142,60.2566%,2,
Contact STARLINK-5405 - MoonIOAGSO,3256.771,2143.229,60.3106%,2,
Contact STARLINK-5405 - MoonIOAGSO 0001,3263.096,2136.904,60.4277%,2,
Contact STARLINK-5405 - MoonLRO,2139.824,3260.176,39.6264%,2,
Contact STARLINK-5405 - MarsSat1,3625.543,1774.457,67.1397%,1,
Contact STARLINK-5405 - MarsSat2,3625.555,1774.445,67.1399%,1,
Contact STARLINK-5405 - MarsSat3,3625.557,1774.443,67.1399%,1,
Contact STARLINK-5405 - MarsSat4,3625.546,1774.454,67.1397%,1,
Contact STARLINK-31616 - STARLINK-1984,0.000,5400.000,0.0000%,0,
Contact STARLINK-31616 - STARLINK-2314,0.000,5400.000,0.0000%,0,
Contact STARLINK-31616 - STARLINK-3895,337.825,5062.175,6.2560%,1,
Contact STARLINK-31616 - STARLINK-32148,0.000,5400.000,0.0000%,0,
Contact STARLINK-31616 - STARLINK-5647,0.000,5400.000,0.0000%,0,
Contact STARLINK-31616 - STARLINK-5946,0.000,5400.000,0.0000%,0,
Contact STARLINK-31616 - STARLINK-30222,0.000,5400.000,0.0000%,0,
Contact STARLINK-31616 - STARLINK-1555,0.000,5400.000,0.0000%,0,
Contact STARLINK-31616 - STARLINK-1176,0.000,5400.000,0.0000%,0,
Contact STARLINK-31616 - STARLINK-6047,0.000,5400.000,0.0000%,0,
Contact STARLINK-31616 - STARLINK-6270,4057.633,1342.367,75.1414%,1,
Contact STARLINK-31616 - STARLINK-5893,0.000,5400.000,0.0000%,0,
Contact STARLINK-31616 - STARLINK-1394,0.000,5400.000,0.0000%,0,
Contact STARLINK-31616 - STARLINK-3334,5400.000,0.000,100.0000%,1,
Contact STARLINK-31616 - STARLINK-6347,0.000,5400.000,0.0000%,0,
Contact STARLINK-31616 - STARLINK-4732,1436.178,3963.822,26.5959%,1,
Contact STARLINK-31616 - STARLINK-1777,0.000,5400.000,0.0000%,0,
Contact STARLINK-31616 - STARLINK-4134,0.000,5400.000,0.0000%,0,
Contact STARLINK-31616 - STARLINK-4004,0.000,5400.000,0.0000%,0,
Contact STARLINK-31616 - STARLINK-30883,0.000,5400.000,0.0000%,0,
Contact STARLINK-31616 - STARLINK-32165,0.000,5400.000,0.0000%,0,
Contact STARLINK-31616 - STARLINK-5433,379.866,5020.134,7.0345%,1,
Contact STARLINK-31616 - STARLINK-30973,0.000,5400.000,0.0000%,0,
Contact STARLINK-31616 - STARLINK-31577,0.000,5400.000,0.0000%,0,
Contact STARLINK-31616 - STARLINK-31214,0.000,5400.000,0.0000%,0,
Contact STARLINK-31616 - STARLINK-2684,0.000,5400.000,0.0000%,0,
Contact STARLINK-31616 - STARLINK-2609,0.000,5400.000,0.0000%,0,
Contact STARLINK-31616 - STARLINK-31041,0.000,5400.000,0.0000%,0,
Contact STARLINK-31616 - STARLINK-31412,0.000,5400.000,0.0000%,0,
Contact STARLINK-31616 - STARLINK-31564,261.239,5138.761,4.8378%,1,
Contact STARLINK-31616 - STARLINK-31245,0.000,5400.000,0.0000%,0,
Contact STARLINK-31616 - STARLINK-3369,0.000,5400.000,0.0000%,0,
Contact STARLINK-31616 - STARLINK-32246,0.000,5400.000,0.0000%,0,
Contact STARLINK-31616 - STARLINK-31021,0.000,5400.000,0.0000%,0,
Contact STARLINK-31616 - STARLINK-3653,0.000,5400.000,0.0000%,0,
Contact STARLINK-31616 - STARLINK-31260,308.059,5091.941,5.7048%,1,
Contact STARLINK-31616 - STARLINK-30141,0.000,5400.000,0.0000%,0,
Contact STARLINK-31616 - STARLINK-6168,0.000,5400.000,0.0000%,0,
Contact STARLINK-31616 - STARLINK-1616,0.000,5400.000,0.0000%,0,
Contact STARLINK-31616 - STARLINK-2702,0.000,5400.000,0.0000%,0,
Contact STARLINK-31616 - STARLINK-11142 [DTC],0.000,5400.000,0.0000%,0,
Contact STARLINK-31616 - STARLINK-3991,0.000,5400.000,0.0000%,0,
Contact STARLINK-31616 - STARLINK-31248,0.000,5400.000,0.0000%,0,
Contact STARLINK-31616 - STARLINK-5939,5400.000,0.000,100.0000%,1,
Contact STARLINK-31616 - STARLINK-5536,0.000,5400.000,0.0000%,0,
Contact STARLINK-31616 - STARLINK-4120,634.065,4765.935,11.7419%,2,
Contact STARLINK-31616 - STARLINK-5161,0.000,5400.000,0.0000%,0,
Contact STARLINK-31616 - STARLINK-30331,4199.970,1200.030,77.7772%,1,
Contact STARLINK-31616 - STARLINK-1750,0.000,5400.000,0.0000%,0,
Contact STARLINK-31616 - STARLINK-30944,0.000,5400.000,0.0000%,0,
Contact STARLINK-31616 - STARLINK-2603,0.000,5400.000,0.0000%,0,
Contact STARLINK-31616 - STARLINK-6172,924.292,4475.708,17.1165%,1,
Contact STARLINK-31616 - STARLINK-31707,1178.583,4221.417,21.8256%,1,
Contact STARLINK-31616 - STARLINK-32046,0.000,5400.000,0.0000%,0,
Contact STARLINK-31616 - STARLINK-3394,0.000,5400.000,0.0000%,0,
Contact STARLINK-31616 - STARLINK-6207,0.000,5400.000,0.0000%,0,
Contact STARLINK-31616 - STARLINK-1028,0.000,5400.000,0.0000%,0,
Contact STARLINK-31616 - STARLINK-32185,0.000,5400.000,0.0000%,0,
Contact STARLINK-31616 - STARLINK-4437,0.000,5400.000,0.0000%,0,
Contact STARLINK-31616 - STARLINK-1090,0.000,5400.000,0.0000%,0,
Contact STARLINK-31616 - STARLINK-1208,612.151,4787.849,11.3361%,1,
Contact STARLINK-31616 - STARLINK-5849,0.000,5400.000,0.0000%,0,
Contact STARLINK-31616 - STARLINK-2193,5400.000,0.000,100.0000%,1,
Contact STARLINK-31616 - STARLINK-31653,0.000,5400.000,0.0000%,0,
Contact STARLINK-31616 - STARLINK-6338,0.000,5400.000,0.0000%,0,
Contact STARLINK-31616 - STARLINK-11086 [DTC],0.000,5400.000,0.0000%,0,
Contact STARLINK-31616 - STARLINK-30575,0.000,5400.000,0.0000%,0,
Contact STARLINK-31616 - STARLINK-5475,0.000,5400.000,0.0000%,0,
Contact STARLINK-31616 - STARLINK-31992,0.000,5400.000,0.0000%,0,
Contact STARLINK-31616 - STARLINK-30715,0.000,5400.000,0.0000%,0,
Contact STARLINK-31616 - STARLINK-31276,0.000,5400.000,0.0000%,0,
Contact STARLINK-31616 - STARLINK-31091,0.000,5400.000,0.0000%,0,
Contact STARLINK-31616 - STARLINK-11130 [DTC],0.000,5400.000,0.0000%,0,
Contact STARLINK-31616 - STARLINK-30303,5400.000,0.000,100.0000%,1,
Contact STARLINK-31616 - STARLINK-6366,0.000,5400.000,0.0000%,0,
Contact STARLINK-31616 - STARLINK-4260,0.000,5400.000,0.0000%,0,
Contact STARLINK-31616 - STARLINK-4130,0.000,5400.000,0.0000%,0,
Contact STARLINK-31616 - STARLINK-1098,0.000,5400.000,0.0000%,0,
Contact STARLINK-31616 - STARLINK-32045,0.000,5400.000,0.0000%,0,
Contact STARLINK-31616 - STARLINK-31083,5400.000,0.000,100.0000%,1,
Contact STARLINK-31616 - STARLINK-4090,5400.000,0.000,100.0000%,1,
Contact STARLINK-31616 - STARLINK-2504,565.533,4834.467,10.4728%,2,
Contact STARLINK-31616 - STARLINK-6346,0.000,5400.000,0.0000%,0,
Contact STARLINK-31616 - STARLINK-30299,0.000,5400.000,0.0000%,0,
Contact STARLINK-31616 - STARLINK-5966,0.000,5400.000,0.0000%,0,
Contact STARLINK-31616 - STARLINK-31917,0.000,5400.000,0.0000%,0,
Contact STARLINK-31616 - STARLINK-30208,0.000,5400.000,0.0000%,0,
Contact STARLINK-31616 - STARLINK-3911,0.000,5400.000,0.0000%,0,
Contact STARLINK-31616 - MoonARTEMIS1,3480.938,1919.062,64.4618%,1,
Contact STARLINK-31616 - MoonARTEMIS2,3397.456,2002.544,62.9159%,1,
Contact STARLINK-31616 - MoonIOAGEO,3460.748,1939.252,64.0879%,1,
Contact STARLINK-31616 - MoonIOAGNO,3464.563,1935.437,64.1586%,1,
Contact STARLINK-31616 - MoonIOAGNO 0001,3452.412,1947.588,63.9336%,1,
Contact STARLINK-31616 - MoonIOAGSO,3452.094,1947.906,63.9277%,1,
Contact STARLINK-31616 - MoonIOAGSO 0001,3434.953,1965.047,63.6102%,1,
Contact STARLINK-31616 - MoonLRO,1904.536,3495.464,35.2692%,1,
Contact STARLINK-31616 - MarsSat1,3317.433,2082.567,61.4339%,2,
Contact STARLINK-31616 - MarsSat2,3317.443,2082.557,61.4341%,2,
Contact STARLINK-31616 - MarsSat3,1534.570,3865.430,28.4180%,1,
Contact STARLINK-31616 - MarsSat4,3317.438,2082.562,61.4340%,2,
Contact STARLINK-1984 - STARLINK-2314,3699.056,1700.944,68.5010%,2,
Contact STARLINK-1984 - STARLINK-3895,0.000,5400.000,0.0000%,0,
Contact STARLINK-1984 - STARLINK-32148,0.000,5400.000,0.0000%,0,
Contact STARLINK-1984 - STARLINK-5647,0.000,5400.000,0.0000%,0,
Contact STARLINK-1984 - STARLINK-5946,0.000,5400.000,0.0000%,0,
Contact STARLINK-1984 - STARLINK-30222,52.300,5347.700,0.9685%,1,
Contact STARLINK-1984 - STARLINK-1555,0.000,5400.000,0.0000%,0,
Contact STARLINK-1984 - STARLINK-1176,0.000,5400.000,0.0000%,0,
Contact STARLINK-1984 - STARLINK-6047,0.000,5400.000,0.0000%,0,
Contact STARLINK-1984 - STARLINK-6270,0.000,5400.000,0.0000%,0,
Contact STARLINK-1984 - STARLINK-5893,197.913,5202.087,3.6651%,1,
Contact STARLINK-1984 - STARLINK-1394,0.000,5400.000,0.0000%,0,
Contact STARLINK-1984 - STARLINK-3334,0.000,5400.000,0.0000%,0,
Contact STARLINK-1984 - STARLINK-6347,0.000,5400.000,0.0000%,0,
Contact STARLINK-1984 - STARLINK-4732,0.000,5400.000,0.0000%,0,
Contact STARLINK-1984 - STARLINK-1777,0.000,5400.000,0.0000%,0,
Contact STARLINK-1984 - STARLINK-4134,0.000,5400.000,0.0000%,0,
Contact STARLINK-1984 - STARLINK-4004,14.354,5385.646,0.2658%,1,
Contact STARLINK-1984 - STARLINK-30883,0.000,5400.000,0.0000%,0,
Contact STARLINK-1984 - STARLINK-32165,5400.000,0.000,100.0000%,1,
Contact STARLINK-1984 - STARLINK-5433,0.000,5400.000,0.0000%,0,
Contact STARLINK-1984 - STARLINK-30973,0.000,5400.000,0.0000%,0,
Contact STARLINK-1984 - STARLINK-31577,0.000,5400.000,0.0000%,0,
Contact STARLINK-1984 - STARLINK-31214,0.000,5400.000,0.0000%,0,
Contact STARLINK-1984 - STARLINK-2684,0.000,5400.000,0.0000%,0,
Contact STARLINK-1984 - STARLINK-2609,0.000,5400.000,0.0000%,0,
Contact STARLINK-1984 - STARLINK-31041,183.299,5216.701,3.3944%,1,
Contact STARLINK-1984 - STARLINK-31412,0.000,5400.000,0.0000%,0,
Contact STARLINK-1984 - STARLINK-31564,0.000,5400.000,0.0000%,0,
Contact STARLINK-1984 - STARLINK-31245,0.000,5400.000,0.0000%,0,
Contact STARLINK-1984 - STARLINK-3369,0.000,5400.000,0.0000%,0,
Contact STARLINK-1984 - STARLINK-32246,0.000,5400.000,0.0000%,0,
Contact STARLINK-1984 - STARLINK-31021,979.358,4420.642,18.1363%,1,
Contact STARLINK-1984 - STARLINK-3653,66.455,5333.545,1.2306%,1,
Contact STARLINK-1984 - STARLINK-31260,0.000,5400.000,0.0000%,0,
Contact STARLINK-1984 - STARLINK-30141,0.000,5400.000,0.0000%,0,
Contact STARLINK-1984 - STARLINK-6168,0.000,5400.000,0.0000%,0,
Contact STARLINK-1984 - STARLINK-1616,5400.000,0.000,100.0000%,1,
Contact STARLINK-1984 - STARLINK-2702,0.000,5400.000,0.0000%,0,
Contact STARLINK-1984 - STARLINK-11142 [DTC],5400.000,0.000,100.0000%,1,
Contact STARLINK-1984 - STARLINK-3991,0.000,5400.000,0.0000%,0,
Contact STARLINK-1984 - STARLINK-31248,0.000,5400.000,0.0000%,0,
Contact STARLINK-1984 - STARLINK-5939,0.000,5400.000,0.0000%,0,
Contact STARLINK-1984 - STARLINK-5536,0.000,5400.000,0.0000%,0,
Contact STARLINK-1984 - STARLINK-4120,0.000,5400.000,0.0000%,0,
Contact STARLINK-1984 - STARLINK-5161,43.568,5356.432,0.8068%,1,
Contact STARLINK-1984 - STARLINK-30331,0.000,5400.000,0.0000%,0,
Contact STARLINK-1984 - STARLINK-1750,5400.000,0.000,100.0000%,1,
Contact STARLINK-1984 - STARLINK-30944,0.000,5400.000,0.0000%,0,
Contact STARLINK-1984 - STARLINK-2603,0.000,5400.000,0.0000%,0,
Contact STARLINK-1984 - STARLINK-6172,0.000,5400.000,0.0000%,0,
Contact STARLINK-1984 - STARLINK-31707,0.000,5400.000,0.0000%,0,
Contact STARLINK-1984 - STARLINK-32046,0.000,5400.000,0.0000%,0,
Contact STARLINK-1984 - STARLINK-3394,0.000,5400.000,0.0000%,0,
Contact STARLINK-1984 - STARLINK-6207,0.000,5400.000,0.0000%,0,
Contact STARLINK-1984 - STARLINK-1028,0.000,5400.000,0.0000%,0,
Contact STARLINK-1984 - STARLINK-32185,0.000,5400.000,0.0000%,0,
Contact STARLINK-1984 - STARLINK-4437,0.000,5400.000,0.0000%,0,
Contact STARLINK-1984 - STARLINK-1090,0.000,5400.000,0.0000%,0,
Contact STARLINK-1984 - STARLINK-1208,0.000,5400.000,0.0000%,0,
Contact STARLINK-1984 - STARLINK-5849,0.000,5400.000,0.0000%,0,
Contact STARLINK-1984 - STARLINK-2193,3.097,5396.903,0.0574%,1,
Contact STARLINK-1984 - STARLINK-31653,0.000,5400.000,0.0000%,0,
Contact STARLINK-1984 - STARLINK-6338,5400.000,0.000,100.0000%,1,
Contact STARLINK-1984 - STARLINK-11086 [DTC],915.676,4484.324,16.9570%,1,
Contact STARLINK-1984 - STARLINK-30575,0.000,5400.000,0.0000%,0,
Contact STARLINK-1984 - STARLINK-5475,1824.669,3575.331,33.7902%,1,
Contact STARLINK-1984 - STARLINK-31992,0.000,5400.000,0.0000%,0,
Contact STARLINK-1984 - STARLINK-30715,0.000,5400.000,0.0000%,0,
Contact STARLINK-1984 - STARLINK-31276,2803.362,2596.638,51.9141%,1,
Contact STARLINK-1984 - STARLINK-31091,0.000,5400.000,0.0000%,0,
Contact STARLINK-1984 - STARLINK-11130 [DTC],0.000,5400.000,0.0000%,0,
Contact STARLINK-1984 - STARLINK-30303,25.629,5374.371,0.4746%,1,
Contact STARLINK-1984 - STARLINK-6366,0.000,5400.000,0.0000%,0,
Contact STARLINK-1984 - STARLINK-4260,0.000,5400.000,0.0000%,0,
Contact STARLINK-1984 - STARLINK-4130,0.000,5400.000,0.0000%,0,
Contact STARLINK-1984 - STARLINK-1098,0.000,5400.000,0.0000%,0,
Contact STARLINK-1984 - STARLINK-32045,0.000,5400.000,0.0000%,0,
Contact STARLINK-1984 - STARLINK-31083,0.000,5400.000,0.0000%,0,
Contact STARLINK-1984 - STARLINK-4090,0.000,5400.000,0.0000%,0,
Contact STARLINK-1984 - STARLINK-2504,0.000,5400.000,0.0000%,0,
Contact STARLINK-1984 - STARLINK-6346,0.000,5400.000,0.0000%,0,
Contact STARLINK-1984 - STARLINK-30299,35.460,5364.540,0.6567%,1,
Contact STARLINK-1984 - STARLINK-5966,0.000,5400.000,0.0000%,0,
Contact STARLINK-1984 - STARLINK-31917,0.000,5400.000,0.0000%,0,
Contact STARLINK-1984 - STARLINK-30208,0.000,5400.000,0.0000%,0,
Contact STARLINK-1984 - STARLINK-3911,0.000,5400.000,0.0000%,0,
Contact STARLINK-1984 - MoonARTEMIS1,778.192,4621.808,14.4110%,1,
Contact STARLINK-1984 - MoonARTEMIS2,771.578,4628.422,14.2885%,1,
Contact STARLINK-1984 - MoonIOAGEO,777.057,4622.943,14.3899%,1,
Contact STARLINK-1984 - MoonIOAGNO,776.633,4623.367,14.3821%,1,
Contact STARLINK-1984 - MoonIOAGNO 0001,774.138,4625.862,14.3359%,1,
Contact STARLINK-1984 - MoonIOAGSO,776.763,4623.237,14.3845%,1,
Contact STARLINK-1984 - MoonIOAGSO 0001,777.566,4622.434,14.3994%,1,
Contact STARLINK-1984 - MoonLRO,776.637,4623.363,14.3822%,1,
Contact STARLINK-1984 - MarsSat1,5400.000,0.000,100.0000%,1,
Contact STARLINK-1984 - MarsSat2,5400.000,0.000,100.0000%,1,
Contact STARLINK-1984 - MarsSat3,3557.152,1842.848,65.8732%,1,
Contact STARLINK-1984 - MarsSat4,5400.000,0.000,100.0000%,1,
Contact STARLINK-2314 - STARLINK-3895,0.000,5400.000,0.0000%,0,
Contact STARLINK-2314 - STARLINK-32148,0.000,5400.000,0.0000%,0,
Contact STARLINK-2314 - STARLINK-5647,1004.044,4395.956,18.5934%,1,
Contact STARLINK-2314 - STARLINK-5946,4491.534,908.466,83.1766%,1,
Contact STARLINK-2314 - STARLINK-30222,0.000,5400.000,0.0000%,0,
Contact STARLINK-2314 - STARLINK-1555,0.000,5400.000,0.0000%,0,
Contact STARLINK-2314 - STARLINK-1176,0.000,5400.000,0.0000%,0,
Contact STARLINK-2314 - STARLINK-6047,0.000,5400.000,0.0000%,0,
Contact STARLINK-2314 - STARLINK-6270,0.000,5400.000,0.0000%,0,
Contact STARLINK-2314 - STARLINK-5893,670.658,4729.342,12.4196%,1,
Contact STARLINK-2314 - STARLINK-1394,924.278,4475.722,17.1163%,1,
Contact STARLINK-2314 - STARLINK-3334,0.000,5400.000,0.0000%,0,
Contact STARLINK-2314 - STARLINK-6347,3697.625,1702.375,68.4745%,1,
Contact STARLINK-2314 - STARLINK-4732,0.000,5400.000,0.0000%,0,
Contact STARLINK-2314 - STARLINK-1777,0.000,5400.000,0.0000%,0,
Contact STARLINK-2314 - STARLINK-4134,0.000,5400.000,0.0000%,0,
Contact STARLINK-2314 - STARLINK-4004,0.000,5400.000,0.0000%,0,
Contact STARLINK-2314 - STARLINK-30883,989.484,4410.516,18.3238%,1,
Contact STARLINK-2314 - STARLINK-32165,4286.375,1113.625,79.3773%,2,
Contact STARLINK-2314 - STARLINK-5433,0.000,5400.000,0.0000%,0,
Contact STARLINK-2314 - STARLINK-30973,0.000,5400.000,0.0000%,0,
Contact STARLINK-2314 - STARLINK-31577,0.000,5400.000,0.0000%,0,
Contact STARLINK-2314 - STARLINK-31214,0.000,5400.000,0.0000%,0,
Contact STARLINK-2314 - STARLINK-2684,0.000,5400.000,0.0000%,0,
Contact STARLINK-2314 - STARLINK-2609,0.000,5400.000,0.0000%,0,
Contact STARLINK-2314 - STARLINK-31041,0.000,5400.000,0.0000%,0,
Contact STARLINK-2314 - STARLINK-31412,0.000,5400.000,0.0000%,0,
Contact STARLINK-2314 - STARLINK-31564,0.000,5400.000,0.0000%,0,
Contact STARLINK-2314 - STARLINK-31245,0.000,5400.000,0.0000%,0,
Contact STARLINK-2314 - STARLINK-3369,0.000,5400.000,0.0000%,0,
Contact STARLINK-2314 - STARLINK-32246,0.000,5400.000,0.0000%,0,
Contact STARLINK-2314 - STARLINK-31021,5400.000,0.000,100.0000%,1,
Contact STARLINK-2314 - STARLINK-3653,0.000,5400.000,0.0000%,0,
Contact STARLINK-2314 - STARLINK-31260,0.000,5400.000,0.0000%,0,
Contact STARLINK-2314 - STARLINK-30141,0.000,5400.000,0.0000%,0,
Contact STARLINK-2314 - STARLINK-6168,0.000,5400.000,0.0000%,0,
Contact STARLINK-2314 - STARLINK-1616,5277.223,122.777,97.7264%,2,
Contact STARLINK-2314 - STARLINK-2702,0.000,5400.000,0.0000%,0,
Contact STARLINK-2314 - STARLINK-11142 [DTC],3588.883,1811.117,66.4608%,2,
Contact STARLINK-2314 - STARLINK-3991,0.000,5400.000,0.0000%,0,
Contact STARLINK-2314 - STARLINK-31248,0.000,5400.000,0.0000%,0,
Contact STARLINK-2314 - STARLINK-5939,0.000,5400.000,0.0000%,0,
Contact STARLINK-2314 - STARLINK-5536,0.000,5400.000,0.0000%,0,
Contact STARLINK-2314 - STARLINK-4120,0.000,5400.000,0.0000%,0,
Contact STARLINK-2314 - STARLINK-5161,0.000,5400.000,0.0000%,0,
Contact STARLINK-2314 - STARLINK-30331,0.000,5400.000,0.0000%,0,
Contact STARLINK-2314 - STARLINK-1750,561.974,4838.026,10.4069%,2,
Contact STARLINK-2314 - STARLINK-30944,5400.000,0.000,100.0000%,1,
Contact STARLINK-2314 - STARLINK-2603,0.000,5400.000,0.0000%,0,
Contact STARLINK-2314 - STARLINK-6172,0.000,5400.000,0.0000%,0,
Contact STARLINK-2314 - STARLINK-31707,0.000,5400.000,0.0000%,0,
Contact STARLINK-2314 - STARLINK-32046,0.000,5400.000,0.0000%,0,
Contact STARLINK-2314 - STARLINK-3394,0.000,5400.000,0.0000%,0,
Contact STARLINK-2314 - STARLINK-6207,5400.000,0.000,100.0000%,1,
Contact STARLINK-2314 - STARLINK-1028,0.000,5400.000,0.0000%,0,
Contact STARLINK-2314 - STARLINK-32185,0.000,5400.000,0.0000%,0,
Contact STARLINK-2314 - STARLINK-4437,0.000,5400.000,0.0000%,0,
Contact STARLINK-2314 - STARLINK-1090,0.000,5400.000,0.0000%,0,
Contact STARLINK-2314 - STARLINK-1208,0.000,5400.000,0.0000%,0,
Contact STARLINK-2314 - STARLINK-5849,782.782,4617.218,14.4960%,1,
Contact STARLINK-2314 - STARLINK-2193,0.000,5400.000,0.0000%,0,
Contact STARLINK-2314 - STARLINK-31653,0.000,5400.000,0.0000%,0,
Contact STARLINK-2314 - STARLINK-6338,675.554,4724.446,12.5103%,2,
Contact STARLINK-2314 - STARLINK-11086 [DTC],0.000,5400.000,0.0000%,0,
Contact STARLINK-2314 - STARLINK-30575,0.000,5400.000,0.0000%,0,
Contact STARLINK-2314 - STARLINK-5475,0.000,5400.000,0.0000%,0,
Contact STARLINK-2314 - STARLINK-31992,0.000,5400.000,0.0000%,0,
Contact STARLINK-2314 - STARLINK-30715,0.000,5400.000,0.0000%,0,
Contact STARLINK-2314 - STARLINK-31276,680.443,4719.557,12.6008%,1,
Contact STARLINK-2314 - STARLINK-31091,0.000,5400.000,0.0000%,0,
Contact STARLINK-2314 - STARLINK-11130 [DTC],0.000,5400.000,0.0000%,0,
Contact STARLINK-2314 - STARLINK-30303,0.000,5400.000,0.0000%,0,
Contact STARLINK-2314 - STARLINK-6366,0.000,5400.000,0.0000%,0,
Contact STARLINK-2314 - STARLINK-4260,0.000,5400.000,0.0000%,0,
Contact STARLINK-2314 - STARLINK-4130,0.000,5400.000,0.0000%,0,
Contact STARLINK-2314 - STARLINK-1098,0.000,5400.000,0.0000%,0,
Contact STARLINK-2314 - STARLINK-32045,0.000,5400.000,0.0000%,0,
Contact STARLINK-2314 - STARLINK-31083,0.000,5400.000,0.0000%,0,
Contact STARLINK-2314 - STARLINK-4090,0.000,5400.000,0.0000%,0,
Contact STARLINK-2314 - STARLINK-2504,0.000,5400.000,0.0000%,0,
Contact STARLINK-2314 - STARLINK-6346,4261.920,1138.080,78.9244%,1,
Contact STARLINK-2314 - STARLINK-30299,0.000,5400.000,0.0000%,0,
Contact STARLINK-2314 - STARLINK-5966,0.000,5400.000,0.0000%,0,
Contact STARLINK-2314 - STARLINK-31917,0.000,5400.000,0.0000%,0,
Contact STARLINK-2314 - STARLINK-30208,0.000,5400.000,0.0000%,0,
Contact STARLINK-2314 - STARLINK-3911,0.000,5400.000,0.0000%,0,
Contact STARLINK-2314 - MoonARTEMIS1,3641.525,1758.475,67.4356%,1,
Contact STARLINK-2314 - MoonARTEMIS2,3639.832,1760.168,67.4043%,1,
Contact STARLINK-2314 - MoonIOAGEO,3631.707,1768.293,67.2538%,1,
Contact STARLINK-2314 - MoonIOAGNO,3635.356,1764.644,67.3214%,1,
Contact STARLINK-2314 - MoonIOAGNO 0001,3626.193,1773.807,67.1517%,1,
Contact STARLINK-2314 - MoonIOAGSO,3640.171,1759.829,67.4106%,1,
Contact STARLINK-2314 - MoonIOAGSO 0001,3647.745,1752.255,67.5508%,1,
Contact STARLINK-2314 - MoonLRO,355.595,5044.405,6.5851%,1,
Contact STARLINK-2314 - MarsSat1,5400.000,0.000,100.0000%,1,
Contact STARLINK-2314 - MarsSat2,5400.000,0.000,100.0000%,1,
Contact STARLINK-2314 - MarsSat3,3146.818,2253.182,58.2744%,1,
Contact STARLINK-2314 - MarsSat4,5400.000,0.000,100.0000%,1,
Contact STARLINK-3895 - STARLINK-32148,4564.611,835.389,84.5298%,1,
Contact STARLINK-3895 - STARLINK-5647,0.000,5400.000,0.0000%,0,
Contact STARLINK-3895 - STARLINK-5946,0.000,5400.000,0.0000%,0,
Contact STARLINK-3895 - STARLINK-30222,0.000,5400.000,0.0000%,0,
Contact STARLINK-3895 - STARLINK-1555,0.000,5400.000,0.0000%,0,
Contact STARLINK-3895 - STARLINK-1176,0.000,5400.000,0.0000%,0,
Contact STARLINK-3895 - STARLINK-6047,0.000,5400.000,0.0000%,0,
Contact STARLINK-3895 - STARLINK-6270,923.996,4476.004,17.1110%,1,
Contact STARLINK-3895 - STARLINK-5893,0.000,5400.000,0.0000%,0,
Contact STARLINK-3895 - STARLINK-1394,0.000,5400.000,0.0000%,0,
Contact STARLINK-3895 - STARLINK-3334,4499.056,900.944,83.3159%,2,
Contact STARLINK-3895 - STARLINK-6347,0.000,5400.000,0.0000%,0,
Contact STARLINK-3895 - STARLINK-4732,641.205,4758.795,11.8742%,2,
Contact STARLINK-3895 - STARLINK-1777,0.000,5400.000,0.0000%,0,
Contact STARLINK-3895 - STARLINK-4134,0.000,5400.000,0.0000%,0,
Contact STARLINK-3895 - STARLINK-4004,5400.000,0.000,100.0000%,1,
Contact STARLINK-3895 - STARLINK-30883,0.000,5400.000,0.0000%,0,
Contact STARLINK-3895 - STARLINK-32165,0.000,5400.000,0.0000%,0,
Contact STARLINK-3895 - STARLINK-5433,0.000,5400.000,0.0000%,0,
Contact STARLINK-3895 - STARLINK-30973,443.761,4956.239,8.2178%,1,
Contact STARLINK-3895 - STARLINK-31577,1944.328,3455.672,36.0061%,1,
Contact STARLINK-3895 - STARLINK-31214,4196.570,1203.430,77.7143%,1,
Contact STARLINK-3895 - STARLINK-2684,0.000,5400.000,0.0000%,0,
Contact STARLINK-3895 - STARLINK-2609,0.000,5400.000,0.0000%,0,
Contact STARLINK-3895 - STARLINK-31041,0.000,5400.000,0.0000%,0,
Contact STARLINK-3895 - STARLINK-31412,0.000,5400.000,0.0000%,0,
Contact STARLINK-3895 - STARLINK-31564,0.000,5400.000,0.0000%,0,
Contact STARLINK-3895 - STARLINK-31245,0.000,5400.000,0.0000%,0,
Contact STARLINK-3895 - STARLINK-3369,530.573,4869.427,9.8254%,1,
Contact STARLINK-3895 - STARLINK-32246,0.000,5400.000,0.0000%,0,
Contact STARLINK-3895 - STARLINK-31021,0.000,5400.000,0.0000%,0,
Contact STARLINK-3895 - STARLINK-3653,0.000,5400.000,0.0000%,0,
Contact STARLINK-3895 - STARLINK-31260,0.000,5400.000,0.0000%,0,
Contact STARLINK-3895 - STARLINK-30141,0.000,5400.000,0.0000%,0,
Contact STARLINK-3895 - STARLINK-6168,900.148,4499.852,16.6694%,1,
Contact STARLINK-3895 - STARLINK-1616,0.000,5400.000,0.0000%,0,
Contact STARLINK-3895 - STARLINK-2702,0.000,5400.000,0.0000%,0,
Contact STARLINK-3895 - STARLINK-11142 [DTC],0.000,5400.000,0.0000%,0,
Contact STARLINK-3895 - STARLINK-3991,0.000,5400.000,0.0000%,0,
Contact STARLINK-3895 - STARLINK-31248,0.000,5400.000,0.0000%,0,
Contact STARLINK-3895 - STARLINK-5939,0.000,5400.000,0.0000%,0,
Contact STARLINK-3895 - STARLINK-5536,0.000,5400.000,0.0000%,0,
Contact STARLINK-3895 - STARLINK-4120,5400.000,0.000,100.0000%,1,
Contact STARLINK-3895 - STARLINK-5161,0.000,5400.000,0.0000%,0,
Contact STARLINK-3895 - STARLINK-30331,3641.987,1758.013,67.4442%,1,
Contact STARLINK-3895 - STARLINK-1750,0.000,5400.000,0.0000%,0,
Contact STARLINK-3895 - STARLINK-30944,0.000,5400.000,0.0000%,0,
Contact STARLINK-3895 - STARLINK-2603,935.355,4464.645,17.3214%,1,
Contact STARLINK-3895 - STARLINK-6172,4311.960,1088.040,79.8511%,1,
Contact STARLINK-3895 - STARLINK-31707,3603.940,1796.060,66.7396%,1,
Contact STARLINK-3895 - STARLINK-32046,816.930,4583.070,15.1283%,1,
Contact STARLINK-3895 - STARLINK-3394,0.000,5400.000,0.0000%,0,
Contact STARLINK-3895 - STARLINK-6207,0.000,5400.000,0.0000%,0,
Contact STARLINK-3895 - STARLINK-1028,0.000,5400.000,0.0000%,0,
Contact STARLINK-3895 - STARLINK-32185,0.000,5400.000,0.0000%,0,
Contact STARLINK-3895 - STARLINK-4437,273.749,5126.251,5.0694%,1,
Contact STARLINK-3895 - STARLINK-1090,0.000,5400.000,0.0000%,0,
Contact STARLINK-3895 - STARLINK-1208,0.000,5400.000,0.0000%,0,
Contact STARLINK-3895 - STARLINK-5849,0.000,5400.000,0.0000%,0,
Contact STARLINK-3895 - STARLINK-2193,3919.363,1480.637,72.5808%,2,
Contact STARLINK-3895 - STARLINK-31653,5031.487,368.513,93.1757%,1,
Contact STARLINK-3895 - STARLINK-6338,0.000,5400.000,0.0000%,0,
Contact STARLINK-3895 - STARLINK-11086 [DTC],0.000,5400.000,0.0000%,0,
Contact STARLINK-3895 - STARLINK-30575,5400.000,0.000,100.0000%,1,
Contact STARLINK-3895 - STARLINK-5475,0.000,5400.000,0.0000%,0,
Contact STARLINK-3895 - STARLINK-31992,0.000,5400.000,0.0000%,0,
Contact STARLINK-3895 - STARLINK-30715,4384.312,1015.688,81.1910%,1,
Contact STARLINK-3895 - STARLINK-31276,0.000,5400.000,0.0000%,0,
Contact STARLINK-3895 - STARLINK-31091,0.000,5400.000,0.0000%,0,
Contact STARLINK-3895 - STARLINK-11130 [DTC],0.000,5400.000,0.0000%,0,
Contact STARLINK-3895 - STARLINK-30303,922.020,4477.980,17.0744%,2,
Contact STARLINK-3895 - STARLINK-6366,1015.268,4384.732,18.8013%,1,
Contact STARLINK-3895 - STARLINK-4260,0.000,5400.000,0.0000%,0,
Contact STARLINK-3895 - STARLINK-4130,0.000,5400.000,0.0000%,0,
Contact STARLINK-3895 - STARLINK-1098,0.000,5400.000,0.0000%,0,
Contact STARLINK-3895 - STARLINK-32045,0.000,5400.000,0.0000%,0,
Contact STARLINK-3895 - STARLINK-31083,936.450,4463.550,17.3417%,2,
Contact STARLINK-3895 - STARLINK-4090,0.000,5400.000,0.0000%,0,
Contact STARLINK-3895 - STARLINK-2504,5400.000,0.000,100.0000%,1,
Contact STARLINK-3895 - STARLINK-6346,0.000,5400.000,0.0000%,0,
Contact STARLINK-3895 - STARLINK-30299,4024.087,1375.913,74.5201%,2,
Contact STARLINK-3895 - STARLINK-5966,0.000,5400.000,0.0000%,0,
Contact STARLINK-3895 - STARLINK-31917,0.000,5400.000,0.0000%,0,
Contact STARLINK-3895 - STARLINK-30208,1177.362,4222.638,21.8030%,1,
Contact STARLINK-3895 - STARLINK-3911,5400.000,0.000,100.0000%,1,
Contact STARLINK-3895 - MoonARTEMIS1,3601.429,1798.571,66.6931%,1,
Contact STARLINK-3895 - MoonARTEMIS2,3620.148,1779.852,67.0398%,1,
Contact STARLINK-3895 - MoonIOAGEO,3600.643,1799.357,66.6786%,1,
Contact STARLINK-3895 - MoonIOAGNO,3611.497,1788.503,66.8796%,1,
Contact STARLINK-3895 - MoonIOAGNO 0001,3604.023,1795.977,66.7412%,1,
Contact STARLINK-3895 - MoonIOAGSO,3597.042,1802.958,66.6119%,1,
Contact STARLINK-3895 - MoonIOAGSO 0001,3605.649,1794.351,66.7713%,1,
Contact STARLINK-3895 - MoonLRO,1357.257,4042.743,25.1344%,1,
Contact STARLINK-3895 - MarsSat1,5400.000,0.000,100.0000%,1,
Contact STARLINK-3895 - MarsSat2,5400.000,0.000,100.0000%,1,
Contact STARLINK-3895 - MarsSat3,1862.843,3537.157,34.4971%,1,
Contact STARLINK-3895 - MarsSat4,5400.000,0.000,100.0000%,1,
Contact STARLINK-32148 - STARLINK-5647,0.000,5400.000,0.0000%,0,
Contact STARLINK-32148 - STARLINK-5946,0.000,5400.000,0.0000%,0,
Contact STARLINK-32148 - STARLINK-30222,0.000,5400.000,0.0000%,0,
Contact STARLINK-32148 - STARLINK-1555,0.000,5400.000,0.0000%,0,
Contact STARLINK-32148 - STARLINK-1176,440.996,4959.004,8.1666%,1,
Contact STARLINK-32148 - STARLINK-6047,0.000,5400.000,0.0000%,0,
Contact STARLINK-32148 - STARLINK-6270,783.186,4616.814,14.5034%,2,
Contact STARLINK-32148 - STARLINK-5893,0.000,5400.000,0.0000%,0,
Contact STARLINK-32148 - STARLINK-1394,0.000,5400.000,0.0000%,0,
Contact STARLINK-32148 - STARLINK-3334,0.000,5400.000,0.0000%,0,
Contact STARLINK-32148 - STARLINK-6347,0.000,5400.000,0.0000%,0,
Contact STARLINK-32148 - STARLINK-4732,494.083,4905.917,9.1497%,1,
Contact STARLINK-32148 - STARLINK-1777,0.000,5400.000,0.0000%,0,
Contact STARLINK-32148 - STARLINK-4134,0.000,5400.000,0.0000%,0,
Contact STARLINK-32148 - STARLINK-4004,0.000,5400.000,0.0000%,0,
Contact STARLINK-32148 - STARLINK-30883,0.000,5400.000,0.0000%,0,
Contact STARLINK-32148 - STARLINK-32165,0.000,5400.000,0.0000%,0,
Contact STARLINK-32148 - STARLINK-5433,0.000,5400.000,0.0000%,0,
Contact STARLINK-32148 - STARLINK-30973,686.749,4713.251,12.7176%,1,
Contact STARLINK-32148 - STARLINK-31577,4216.166,1183.834,78.0771%,1,
Contact STARLINK-32148 - STARLINK-31214,5400.000,0.000,100.0000%,1,
Contact STARLINK-32148 - STARLINK-2684,0.000,5400.000,0.0000%,0,
Contact STARLINK-32148 - STARLINK-2609,0.000,5400.000,0.0000%,0,
Contact STARLINK-32148 - STARLINK-31041,0.000,5400.000,0.0000%,0,
Contact STARLINK-32148 - STARLINK-31412,0.000,5400.000,0.0000%,0,
Contact STARLINK-32148 - STARLINK-31564,0.000,5400.000,0.0000%,0,
Contact STARLINK-32148 - STARLINK-31245,0.000,5400.000,0.0000%,0,
Contact STARLINK-32148 - STARLINK-3369,3637.213,1762.787,67.3558%,1,
Contact STARLINK-32148 - STARLINK-32246,0.000,5400.000,0.0000%,0,
Contact STARLINK-32148 - STARLINK-31021,0.000,5400.000,0.0000%,0,
Contact STARLINK-32148 - STARLINK-3653,0.000,5400.000,0.0000%,0,
Contact STARLINK-32148 - STARLINK-31260,0.000,5400.000,0.0000%,0,
Contact STARLINK-32148 - STARLINK-30141,0.000,5400.000,0.0000%,0,
Contact STARLINK-32148 - STARLINK-6168,604.081,4795.919,11.1867%,2,
Contact STARLINK-32148 - STARLINK-1616,0.000,5400.000,0.0000%,0,
Contact STARLINK-32148 - STARLINK-2702,0.000,5400.000,0.0000%,0,
Contact STARLINK-32148 - STARLINK-11142 [DTC],0.000,5400.000,0.0000%,0,
Contact STARLINK-32148 - STARLINK-3991,0.000,5400.000,0.0000%,0,
Contact STARLINK-32148 - STARLINK-31248,414.190,4985.810,7.6702%,1,
Contact STARLINK-32148 - STARLINK-5939,0.000,5400.000,0.0000%,0,
Contact STARLINK-32148 - STARLINK-5536,0.000,5400.000,0.0000%,0,
Contact STARLINK-32148 - STARLINK-4120,5400.000,0.000,100.0000%,1,
Contact STARLINK-32148 - STARLINK-5161,0.000,5400.000,0.0000%,0,
Contact STARLINK-32148 - STARLINK-30331,591.397,4808.603,10.9518%,2,
Contact STARLINK-32148 - STARLINK-1750,0.000,5400.000,0.0000%,0,
Contact STARLINK-32148 - STARLINK-30944,0.000,5400.000,0.0000%,0,
Contact STARLINK-32148 - STARLINK-2603,4360.916,1039.084,80.7577%,1,
Contact STARLINK-32148 - STARLINK-6172,5400.000,0.000,100.0000%,1,
Contact STARLINK-32148 - STARLINK-31707,514.608,4885.392,9.5298%,2,
Contact STARLINK-32148 - STARLINK-32046,3850.425,1549.575,71.3042%,1,
Contact STARLINK-32148 - STARLINK-3394,0.000,5400.000,0.0000%,0,
Contact STARLINK-32148 - STARLINK-6207,0.000,5400.000,0.0000%,0,
Contact STARLINK-32148 - STARLINK-1028,0.000,5400.000,0.0000%,0,
Contact STARLINK-32148 - STARLINK-32185,0.000,5400.000,0.0000%,0,
Contact STARLINK-32148 - STARLINK-4437,738.662,4661.338,13.6789%,1,
Contact STARLINK-32148 - STARLINK-1090,0.000,5400.000,0.0000%,0,
Contact STARLINK-32148 - STARLINK-1208,0.000,5400.000,0.0000%,0,
Contact STARLINK-32148 - STARLINK-5849,0.000,5400.000,0.0000%,0,
Contact STARLINK-32148 - STARLINK-2193,0.000,5400.000,0.0000%,0,
Contact STARLINK-32148 - STARLINK-31653,5400.000,0.000,100.0000%,1,
Contact STARLINK-32148 - STARLINK-6338,0.000,5400.000,0.0000%,0,
Contact STARLINK-32148 - STARLINK-11086 [DTC],0.000,5400.000,0.0000%,0,
Contact STARLINK-32148 - STARLINK-30575,0.000,5400.000,0.0000%,0,
Contact STARLINK-32148 - STARLINK-5475,0.000,5400.000,0.0000%,0,
Contact STARLINK-32148 - STARLINK-31992,0.000,5400.000,0.0000%,0,
Contact STARLINK-32148 - STARLINK-30715,5400.000,0.000,100.0000%,1,
Contact STARLINK-32148 - STARLINK-31276,0.000,5400.000,0.0000%,0,
Contact STARLINK-32148 - STARLINK-31091,0.000,5400.000,0.0000%,0,
Contact STARLINK-32148 - STARLINK-11130 [DTC],0.000,5400.000,0.0000%,0,
Contact STARLINK-32148 - STARLINK-30303,0.000,5400.000,0.0000%,0,
Contact STARLINK-32148 - STARLINK-6366,5400.000,0.000,100.0000%,1,
Contact STARLINK-32148 - STARLINK-4260,0.000,5400.000,0.0000%,0,
Contact STARLINK-32148 - STARLINK-4130,0.000,5400.000,0.0000%,0,
Contact STARLINK-32148 - STARLINK-1098,0.000,5400.000,0.0000%,0,
Contact STARLINK-32148 - STARLINK-32045,0.000,5400.000,0.0000%,0,
Contact STARLINK-32148 - STARLINK-31083,872.915,4527.085,16.1651%,1,
Contact STARLINK-32148 - STARLINK-4090,0.000,5400.000,0.0000%,0,
Contact STARLINK-32148 - STARLINK-2504,5400.000,0.000,100.0000%,1,
Contact STARLINK-32148 - STARLINK-6346,0.000,5400.000,0.0000%,0,
Contact STARLINK-32148 - STARLINK-30299,0.000,5400.000,0.0000%,0,
Contact STARLINK-32148 - STARLINK-5966,0.000,5400.000,0.0000%,0,
Contact STARLINK-32148 - STARLINK-31917,0.000,5400.000,0.0000%,0,
Contact STARLINK-32148 - STARLINK-30208,5400.000,0.000,100.0000%,1,
Contact STARLINK-32148 - STARLINK-3911,4536.020,863.980,84.0004%,1,
Contact STARLINK-32148 - MoonARTEMIS1,5113.240,286.760,94.6896%,1,
Contact STARLINK-32148 - MoonARTEMIS2,5400.000,0.000,100.0000%,1,
Contact STARLINK-32148 - MoonIOAGEO,5232.020,167.980,96.8893%,1,
Contact STARLINK-32148 - MoonIOAGNO,5297.832,102.168,98.1080%,1,
Contact STARLINK-32148 - MoonIOAGNO 0001,5400.000,0.000,100.0000%,1,
Contact STARLINK-32148 - MoonIOAGSO,5157.057,242.943,95.5011%,1,
Contact STARLINK-32148 - MoonIOAGSO 0001,5163.538,236.462,95.6211%,1,
Contact STARLINK-32148 - MoonLRO,1949.399,3450.601,36.1000%,1,
Contact STARLINK-32148 - MarsSat1,5400.000,0.000,100.0000%,1,
Contact STARLINK-32148 - MarsSat2,5400.000,0.000,100.0000%,1,
Contact STARLINK-32148 - MarsSat3,2136.059,3263.941,39.5567%,1,
Contact STARLINK-32148 - MarsSat4,5400.000,0.000,100.0000%,1,
Contact STARLINK-5647 - STARLINK-5946,5400.000,0.000,100.0000%,1,
Contact STARLINK-5647 - STARLINK-30222,0.000,5400.000,0.0000%,0,
Contact STARLINK-5647 - STARLINK-1555,0.000,5400.000,0.0000%,0,
Contact STARLINK-5647 - STARLINK-1176,0.000,5400.000,0.0000%,0,
Contact STARLINK-5647 - STARLINK-6047,0.000,5400.000,0.0000%,0,
Contact STARLINK-5647 - STARLINK-6270,0.000,5400.000,0.0000%,0,
Contact STARLINK-5647 - STARLINK-5893,0.000,5400.000,0.0000%,0,
Contact STARLINK-5647 - STARLINK-1394,5400.000,0.000,100.0000%,1,
Contact STARLINK-5647 - STARLINK-3334,0.000,5400.000,0.0000%,0,
Contact STARLINK-5647 - STARLINK-6347,5400.000,0.000,100.0000%,1,
Contact STARLINK-5647 - STARLINK-4732,0.000,5400.000,0.0000%,0,
Contact STARLINK-5647 - STARLINK-1777,0.000,5400.000,0.0000%,0,
Contact STARLINK-5647 - STARLINK-4134,0.000,5400.000,0.0000%,0,
Contact STARLINK-5647 - STARLINK-4004,0.000,5400.000,0.0000%,0,
Contact STARLINK-5647 - STARLINK-30883,5400.000,0.000,100.0000%,1,
Contact STARLINK-5647 - STARLINK-32165,0.000,5400.000,0.0000%,0,
Contact STARLINK-5647 - STARLINK-5433,0.000,5400.000,0.0000%,0,
Contact STARLINK-5647 - STARLINK-30973,0.000,5400.000,0.0000%,0,
Contact STARLINK-5647 - STARLINK-31577,0.000,5400.000,0.0000%,0,
Contact STARLINK-5647 - STARLINK-31214,0.000,5400.000,0.0000%,0,
Contact STARLINK-5647 - STARLINK-2684,0.000,5400.000,0.0000%,0,
Contact STARLINK-5647 - STARLINK-2609,0.000,5400.000,0.0000%,0,
Contact STARLINK-5647 - STARLINK-31041,0.000,5400.000,0.0000%,0,
Contact STARLINK-5647 - STARLINK-31412,591.562,4808.438,10.9549%,2,
Contact STARLINK-5647 - STARLINK-31564,0.000,5400.000,0.0000%,0,
Contact STARLINK-5647 - STARLINK-31245,0.000,5400.000,0.0000%,0,
Contact STARLINK-5647 - STARLINK-3369,0.000,5400.000,0.0000%,0,
Contact STARLINK-5647 - STARLINK-32246,0.000,5400.000,0.0000%,0,
Contact STARLINK-5647 - STARLINK-31021,998.025,4401.975,18.4819%,1,
Contact STARLINK-5647 - STARLINK-3653,0.000,5400.000,0.0000%,0,
Contact STARLINK-5647 - STARLINK-31260,1322.589,4077.411,24.4924%,1,
Contact STARLINK-5647 - STARLINK-30141,0.000,5400.000,0.0000%,0,
Contact STARLINK-5647 - STARLINK-6168,347.830,5052.170,6.4413%,1,
Contact STARLINK-5647 - STARLINK-1616,0.000,5400.000,0.0000%,0,
Contact STARLINK-5647 - STARLINK-2702,0.000,5400.000,0.0000%,0,
Contact STARLINK-5647 - STARLINK-11142 [DTC],0.000,5400.000,0.0000%,0,
Contact STARLINK-5647 - STARLINK-3991,0.000,5400.000,0.0000%,0,
Contact STARLINK-5647 - STARLINK-31248,0.000,5400.000,0.0000%,0,
Contact STARLINK-5647 - STARLINK-5939,0.000,5400.000,0.0000%,0,
Contact STARLINK-5647 - STARLINK-5536,0.000,5400.000,0.0000%,0,
Contact STARLINK-5647 - STARLINK-4120,0.000,5400.000,0.0000%,0,
Contact STARLINK-5647 - STARLINK-5161,0.000,5400.000,0.0000%,0,
Contact STARLINK-5647 - STARLINK-30331,0.000,5400.000,0.0000%,0,
Contact STARLINK-5647 - STARLINK-1750,0.000,5400.000,0.0000%,0,
Contact STARLINK-5647 - STARLINK-30944,3966.542,1433.458,73.4545%,1,
Contact STARLINK-5647 - STARLINK-2603,0.000,5400.000,0.0000%,0,
Contact STARLINK-5647 - STARLINK-6172,0.000,5400.000,0.0000%,0,
Contact STARLINK-5647 - STARLINK-31707,0.000,5400.000,0.0000%,0,
Contact STARLINK-5647 - STARLINK-32046,0.000,5400.000,0.0000%,0,
Contact STARLINK-5647 - STARLINK-3394,0.000,5400.000,0.0000%,0,
Contact STARLINK-5647 - STARLINK-6207,3900.449,1499.551,72.2305%,1,
Contact STARLINK-5647 - STARLINK-1028,692.249,4707.751,12.8194%,2,
Contact STARLINK-5647 - STARLINK-32185,305.883,5094.117,5.6645%,1,
Contact STARLINK-5647 - STARLINK-4437,19.388,5380.612,0.3590%,1,
Contact STARLINK-5647 - STARLINK-1090,0.000,5400.000,0.0000%,0,
Contact STARLINK-5647 - STARLINK-1208,0.000,5400.000,0.0000%,0,
Contact STARLINK-5647 - STARLINK-5849,5400.000,0.000,100.0000%,1,
Contact STARLINK-5647 - STARLINK-2193,0.000,5400.000,0.0000%,0,
Contact STARLINK-5647 - STARLINK-31653,0.000,5400.000,0.0000%,0,
Contact STARLINK-5647 - STARLINK-6338,0.000,5400.000,0.0000%,0,
Contact STARLINK-5647 - STARLINK-11086 [DTC],0.000,5400.000,0.0000%,0,
Contact STARLINK-5647 - STARLINK-30575,0.000,5400.000,0.0000%,0,
Contact STARLINK-5647 - STARLINK-5475,0.000,5400.000,0.0000%,0,
Contact STARLINK-5647 - STARLINK-31992,5400.000,0.000,100.0000%,1,
Contact STARLINK-5647 - STARLINK-30715,0.000,5400.000,0.0000%,0,
Contact STARLINK-5647 - STARLINK-31276,5400.000,0.000,100.0000%,1,
Contact STARLINK-5647 - STARLINK-31091,0.000,5400.000,0.0000%,0,
Contact STARLINK-5647 - STARLINK-11130 [DTC],0.000,5400.000,0.0000%,0,
Contact STARLINK-5647 - STARLINK-30303,0.000,5400.000,0.0000%,0,
Contact STARLINK-5647 - STARLINK-6366,0.000,5400.000,0.0000%,0,
Contact STARLINK-5647 - STARLINK-4260,0.000,5400.000,0.0000%,0,
Contact STARLINK-5647 - STARLINK-4130,0.000,5400.000,0.0000%,0,
Contact STARLINK-5647 - STARLINK-1098,0.000,5400.000,0.0000%,0,
Contact STARLINK-5647 - STARLINK-32045,0.000,5400.000,0.0000%,0,
Contact STARLINK-5647 - STARLINK-31083,0.000,5400.000,0.0000%,0,
Contact STARLINK-5647 - STARLINK-4090,0.000,5400.000,0.0000%,0,
Contact STARLINK-5647 - STARLINK-2504,0.000,5400.000,0.0000%,0,
Contact STARLINK-5647 - STARLINK-6346,5400.000,0.000,100.0000%,1,
Contact STARLINK-5647 - STARLINK-30299,0.000,5400.000,0.0000%,0,
Contact STARLINK-5647 - STARLINK-5966,0.000,5400.000,0.0000%,0,
Contact STARLINK-5647 - STARLINK-31917,0.000,5400.000,0.0000%,0,
Contact STARLINK-5647 - STARLINK-30208,0.000,5400.000,0.0000%,0,
Contact STARLINK-5647 - STARLINK-3911,0.000,5400.000,0.0000%,0,
Contact STARLINK-5647 - MoonARTEMIS1,5400.000,0.000,100.0000%,1,
Contact STARLINK-5647 - MoonARTEMIS2,5400.000,0.000,100.0000%,1,
Contact STARLINK-5647 - MoonIOAGEO,5400.000,0.000,100.0000%,1,
Contact STARLINK-5647 - MoonIOAGNO,5400.000,0.000,100.0000%,1,
Contact STARLINK-5647 - MoonIOAGNO 0001,5400.000,0.000,100.0000%,1,
Contact STARLINK-5647 - MoonIOAGSO,5400.000,0.000,100.0000%,1,
Contact STARLINK-5647 - MoonIOAGSO 0001,5400.000,0.000,100.0000%,1,
Contact STARLINK-5647 - MoonLRO,5400.000,0.000,100.0000%,1,
Contact STARLINK-5647 - MarsSat1,3467.640,1932.360,64.2155%,1,
Contact STARLINK-5647 - MarsSat2,3467.595,1932.405,64.2147%,1,
Contact STARLINK-5647 - MarsSat3,3467.638,1932.362,64.2155%,1,
Contact STARLINK-5647 - MarsSat4,3467.616,1932.384,64.2151%,1,
Contact STARLINK-5946 - STARLINK-30222,0.000,5400.000,0.0000%,0,
Contact STARLINK-5946 - STARLINK-1555,0.000,5400.000,0.0000%,0,
Contact STARLINK-5946 - STARLINK-1176,0.000,5400.000,0.0000%,0,
Contact STARLINK-5946 - STARLINK-6047,599.972,4800.028,11.1106%,1,
Contact STARLINK-5946 - STARLINK-6270,0.000,5400.000,0.0000%,0,
Contact STARLINK-5946 - STARLINK-5893,438.894,4961.106,8.1277%,2,
Contact STARLINK-5946 - STARLINK-1394,3872.336,1527.664,71.7099%,1,
Contact STARLINK-5946 - STARLINK-3334,0.000,5400.000,0.0000%,0,
Contact STARLINK-5946 - STARLINK-6347,592.632,4807.368,10.9747%,2,
Contact STARLINK-5946 - STARLINK-4732,0.000,5400.000,0.0000%,0,
Contact STARLINK-5946 - STARLINK-1777,0.000,5400.000,0.0000%,0,
Contact STARLINK-5946 - STARLINK-4134,0.000,5400.000,0.0000%,0,
Contact STARLINK-5946 - STARLINK-4004,0.000,5400.000,0.0000%,0,
Contact STARLINK-5946 - STARLINK-30883,874.566,4525.434,16.1957%,2,
Contact STARLINK-5946 - STARLINK-32165,0.000,5400.000,0.0000%,0,
Contact STARLINK-5946 - STARLINK-5433,0.000,5400.000,0.0000%,0,
Contact STARLINK-5946 - STARLINK-30973,0.000,5400.000,0.0000%,0,
Contact STARLINK-5946 - STARLINK-31577,0.000,5400.000,0.0000%,0,
Contact STARLINK-5946 - STARLINK-31214,0.000,5400.000,0.0000%,0,
Contact STARLINK-5946 - STARLINK-2684,0.000,5400.000,0.0000%,0,
Contact STARLINK-5946 - STARLINK-2609,0.000,5400.000,0.0000%,0,
Contact STARLINK-5946 - STARLINK-31041,0.000,5400.000,0.0000%,0,
Contact STARLINK-5946 - STARLINK-31412,5400.000,0.000,100.0000%,1,
Contact STARLINK-5946 - STARLINK-31564,0.000,5400.000,0.0000%,0,
Contact STARLINK-5946 - STARLINK-31245,0.000,5400.000,0.0000%,0,
Contact STARLINK-5946 - STARLINK-3369,0.000,5400.000,0.0000%,0,
Contact STARLINK-5946 - STARLINK-32246,0.000,5400.000,0.0000%,0,
Contact STARLINK-5946 - STARLINK-31021,5400.000,0.000,100.0000%,1,
Contact STARLINK-5946 - STARLINK-3653,0.000,5400.000,0.0000%,0,
Contact STARLINK-5946 - STARLINK-31260,286.787,5113.213,5.3109%,1,
Contact STARLINK-5946 - STARLINK-30141,0.000,5400.000,0.0000%,0,
Contact STARLINK-5946 - STARLINK-6168,0.000,5400.000,0.0000%,0,
Contact STARLINK-5946 - STARLINK-1616,0.000,5400.000,0.0000%,0,
Contact STARLINK-5946 - STARLINK-2702,0.000,5400.000,0.0000%,0,
Contact STARLINK-5946 - STARLINK-11142 [DTC],0.000,5400.000,0.0000%,0,
Contact STARLINK-5946 - STARLINK-3991,0.000,5400.000,0.0000%,0,
Contact STARLINK-5946 - STARLINK-31248,0.000,5400.000,0.0000%,0,
Contact STARLINK-5946 - STARLINK-5939,0.000,5400.000,0.0000%,0,
Contact STARLINK-5946 - STARLINK-5536,0.000,5400.000,0.0000%,0,
Contact STARLINK-5946 - STARLINK-4120,0.000,5400.000,0.0000%,0,
Contact STARLINK-5946 - STARLINK-5161,0.000,5400.000,0.0000%,0,
Contact STARLINK-5946 - STARLINK-30331,0.000,5400.000,0.0000%,0,
Contact STARLINK-5946 - STARLINK-1750,0.000,5400.000,0.0000%,0,
Contact STARLINK-5946 - STARLINK-30944,5400.000,0.000,100.0000%,1,
Contact STARLINK-5946 - STARLINK-2603,0.000,5400.000,0.0000%,0,
Contact STARLINK-5946 - STARLINK-6172,0.000,5400.000,0.0000%,0,
Contact STARLINK-5946 - STARLINK-31707,0.000,5400.000,0.0000%,0,
Contact STARLINK-5946 - STARLINK-32046,0.000,5400.000,0.0000%,0,
Contact STARLINK-5946 - STARLINK-3394,0.000,5400.000,0.0000%,0,
Contact STARLINK-5946 - STARLINK-6207,5400.000,0.000,100.0000%,1,
Contact STARLINK-5946 - STARLINK-1028,5400.000,0.000,100.0000%,1,
Contact STARLINK-5946 - STARLINK-32185,3821.994,1578.006,70.7777%,1,
Contact STARLINK-5946 - STARLINK-4437,0.000,5400.000,0.0000%,0,
Contact STARLINK-5946 - STARLINK-1090,0.000,5400.000,0.0000%,0,
Contact STARLINK-5946 - STARLINK-1208,0.000,5400.000,0.0000%,0,
Contact STARLINK-5946 - STARLINK-5849,871.296,4528.704,16.1351%,1,
Contact STARLINK-5946 - STARLINK-2193,0.000,5400.000,0.0000%,0,
Contact STARLINK-5946 - STARLINK-31653,0.000,5400.000,0.0000%,0,
Contact STARLINK-5946 - STARLINK-6338,907.540,4492.460,16.8063%,1,
Contact STARLINK-5946 - STARLINK-11086 [DTC],0.000,5400.000,0.0000%,0,
Contact STARLINK-5946 - STARLINK-30575,0.000,5400.000,0.0000%,0,
Contact STARLINK-5946 - STARLINK-5475,0.000,5400.000,0.0000%,0,
Contact STARLINK-5946 - STARLINK-31992,919.845,4480.155,17.0342%,1,
Contact STARLINK-5946 - STARLINK-30715,0.000,5400.000,0.0000%,0,
Contact STARLINK-5946 - STARLINK-31276,5400.000,0.000,100.0000%,1,
Contact STARLINK-5946 - STARLINK-31091,0.000,5400.000,0.0000%,0,
Contact STARLINK-5946 - STARLINK-11130 [DTC],0.000,5400.000,0.0000%,0,
Contact STARLINK-5946 - STARLINK-30303,0.000,5400.000,0.0000%,0,
Contact STARLINK-5946 - STARLINK-6366,0.000,5400.000,0.0000%,0,
Contact STARLINK-5946 - STARLINK-4260,0.000,5400.000,0.0000%,0,
Contact STARLINK-5946 - STARLINK-4130,0.000,5400.000,0.0000%,0,
Contact STARLINK-5946 - STARLINK-1098,0.000,5400.000,0.0000%,0,
Contact STARLINK-5946 - STARLINK-32045,0.000,5400.000,0.0000%,0,
Contact STARLINK-5946 - STARLINK-31083,0.000,5400.000,0.0000%,0,
Contact STARLINK-5946 - STARLINK-4090,0.000,5400.000,0.0000%,0,
Contact STARLINK-5946 - STARLINK-2504,0.000,5400.000,0.0000%,0,
Contact STARLINK-5946 - STARLINK-6346,5400.000,0.000,100.0000%,1,
Contact STARLINK-5946 - STARLINK-30299,0.000,5400.000,0.0000%,0,
Contact STARLINK-5946 - STARLINK-5966,0.000,5400.000,0.0000%,0,
Contact STARLINK-5946 - STARLINK-31917,0.000,5400.000,0.0000%,0,
Contact STARLINK-5946 - STARLINK-30208,0.000,5400.000,0.0000%,0,
Contact STARLINK-5946 - STARLINK-3911,0.000,5400.000,0.0000%,0,
Contact STARLINK-5946 - MoonARTEMIS1,3325.237,2074.763,61.5785%,1,
Contact STARLINK-5946 - MoonARTEMIS2,3391.917,2008.083,62.8133%,1,
Contact STARLINK-5946 - MoonIOAGEO,3338.329,2061.671,61.8209%,1,
Contact STARLINK-5946 - MoonIOAGNO,3336.520,2063.480,61.7874%,1,
Contact STARLINK-5946 - MoonIOAGNO 0001,3338.993,2061.007,61.8332%,1,
Contact STARLINK-5946 - MoonIOAGSO,3348.084,2051.916,62.0016%,1,
Contact STARLINK-5946 - MoonIOAGSO 0001,3368.816,2031.184,62.3855%,1,
Contact STARLINK-5946 - MoonLRO,1163.922,4236.078,21.5541%,1,
Contact STARLINK-5946 - MarsSat1,3614.648,1785.352,66.9379%,1,
Contact STARLINK-5946 - MarsSat2,3614.736,1785.264,66.9395%,1,
Contact STARLINK-5946 - MarsSat3,3614.675,1785.325,66.9384%,1,
Contact STARLINK-5946 - MarsSat4,3614.674,1785.326,66.9384%,1,
Contact STARLINK-30222 - STARLINK-1555,519.745,4880.255,9.6249%,1,
Contact STARLINK-30222 - STARLINK-1176,0.000,5400.000,0.0000%,0,
Contact STARLINK-30222 - STARLINK-6047,772.478,4627.522,14.3051%,1,
Contact STARLINK-30222 - STARLINK-6270,0.000,5400.000,0.0000%,0,
Contact STARLINK-30222 - STARLINK-5893,0.000,5400.000,0.0000%,0,
Contact STARLINK-30222 - STARLINK-1394,0.000,5400.000,0.0000%,0,
Contact STARLINK-30222 - STARLINK-3334,0.000,5400.000,0.0000%,0,
Contact STARLINK-30222 - STARLINK-6347,0.000,5400.000,0.0000%,0,
Contact STARLINK-30222 - STARLINK-4732,0.000,5400.000,0.0000%,0,
Contact STARLINK-30222 - STARLINK-1777,0.000,5400.000,0.0000%,0,
Contact STARLINK-30222 - STARLINK-4134,0.000,5400.000,0.0000%,0,
Contact STARLINK-30222 - STARLINK-4004,0.000,5400.000,0.0000%,0,
Contact STARLINK-30222 - STARLINK-30883,0.000,5400.000,0.0000%,0,
Contact STARLINK-30222 - STARLINK-32165,21.260,5378.740,0.3937%,1,
Contact STARLINK-30222 - STARLINK-5433,0.000,5400.000,0.0000%,0,
Contact STARLINK-30222 - STARLINK-30973,0.000,5400.000,0.0000%,0,
Contact STARLINK-30222 - STARLINK-31577,0.000,5400.000,0.0000%,0,
Contact STARLINK-30222 - STARLINK-31214,0.000,5400.000,0.0000%,0,
Contact STARLINK-30222 - STARLINK-2684,833.654,4566.346,15.4380%,1,
Contact STARLINK-30222 - STARLINK-2609,1429.574,3970.426,26.4736%,2,
Contact STARLINK-30222 - STARLINK-31041,0.000,5400.000,0.0000%,0,
Contact STARLINK-30222 - STARLINK-31412,0.000,5400.000,0.0000%,0,
Contact STARLINK-30222 - STARLINK-31564,0.000,5400.000,0.0000%,0,
Contact STARLINK-30222 - STARLINK-31245,0.000,5400.000,0.0000%,0,
Contact STARLINK-30222 - STARLINK-3369,0.000,5400.000,0.0000%,0,
Contact STARLINK-30222 - STARLINK-32246,0.000,5400.000,0.0000%,0,
Contact STARLINK-30222 - STARLINK-31021,0.000,5400.000,0.0000%,0,
Contact STARLINK-30222 - STARLINK-3653,5400.000,0.000,100.0000%,1,
Contact STARLINK-30222 - STARLINK-31260,0.000,5400.000,0.0000%,0,
Contact STARLINK-30222 - STARLINK-30141,0.000,5400.000,0.0000%,0,
Contact STARLINK-30222 - STARLINK-6168,0.000,5400.000,0.0000%,0,
Contact STARLINK-30222 - STARLINK-1616,465.761,4934.239,8.6252%,2,
Contact STARLINK-30222 - STARLINK-2702,327.555,5072.445,6.0658%,1,
Contact STARLINK-30222 - STARLINK-11142 [DTC],1249.433,4150.567,23.1376%,2,
Contact STARLINK-30222 - STARLINK-3991,0.000,5400.000,0.0000%,0,
Contact STARLINK-30222 - STARLINK-31248,0.000,5400.000,0.0000%,0,
Contact STARLINK-30222 - STARLINK-5939,0.000,5400.000,0.0000%,0,
Contact STARLINK-30222 - STARLINK-5536,0.000,5400.000,0.0000%,0,
Contact STARLINK-30222 - STARLINK-4120,0.000,5400.000,0.0000%,0,
Contact STARLINK-30222 - STARLINK-5161,5400.000,0.000,100.0000%,1,
Contact STARLINK-30222 - STARLINK-30331,0.000,5400.000,0.0000%,0,
Contact STARLINK-30222 - STARLINK-1750,5400.000,0.000,100.0000%,1,
Contact STARLINK-30222 - STARLINK-30944,0.000,5400.000,0.0000%,0,
Contact STARLINK-30222 - STARLINK-2603,0.000,5400.000,0.0000%,0,
Contact STARLINK-30222 - STARLINK-6172,0.000,5400.000,0.0000%,0,
Contact STARLINK-30222 - STARLINK-31707,0.000,5400.000,0.0000%,0,
Contact STARLINK-30222 - STARLINK-32046,0.000,5400.000,0.0000%,0,
Contact STARLINK-30222 - STARLINK-3394,0.000,5400.000,0.0000%,0,
Contact STARLINK-30222 - STARLINK-6207,0.000,5400.000,0.0000%,0,
Contact STARLINK-30222 - STARLINK-1028,0.000,5400.000,0.0000%,0,
Contact STARLINK-30222 - STARLINK-32185,0.000,5400.000,0.0000%,0,
Contact STARLINK-30222 - STARLINK-4437,0.000,5400.000,0.0000%,0,
Contact STARLINK-30222 - STARLINK-1090,0.000,5400.000,0.0000%,0,
Contact STARLINK-30222 - STARLINK-1208,0.000,5400.000,0.0000%,0,
Contact STARLINK-30222 - STARLINK-5849,0.000,5400.000,0.0000%,0,
Contact STARLINK-30222 - STARLINK-2193,0.000,5400.000,0.0000%,0,
Contact STARLINK-30222 - STARLINK-31653,0.000,5400.000,0.0000%,0,
Contact STARLINK-30222 - STARLINK-6338,0.000,5400.000,0.0000%,0,
Contact STARLINK-30222 - STARLINK-11086 [DTC],5400.000,0.000,100.0000%,1,
Contact STARLINK-30222 - STARLINK-30575,0.000,5400.000,0.0000%,0,
Contact STARLINK-30222 - STARLINK-5475,1261.230,4138.770,23.3561%,2,
Contact STARLINK-30222 - STARLINK-31992,0.000,5400.000,0.0000%,0,
Contact STARLINK-30222 - STARLINK-30715,0.000,5400.000,0.0000%,0,
Contact STARLINK-30222 - STARLINK-31276,0.000,5400.000,0.0000%,0,
Contact STARLINK-30222 - STARLINK-31091,972.257,4427.743,18.0048%,1,
Contact STARLINK-30222 - STARLINK-11130 [DTC],4149.174,1250.826,76.8366%,2,
Contact STARLINK-30222 - STARLINK-30303,0.000,5400.000,0.0000%,0,
Contact STARLINK-30222 - STARLINK-6366,0.000,5400.000,0.0000%,0,
Contact STARLINK-30222 - STARLINK-4260,5400.000,0.000,100.0000%,1,
Contact STARLINK-30222 - STARLINK-4130,0.000,5400.000,0.0000%,0,
Contact STARLINK-30222 - STARLINK-1098,0.000,5400.000,0.0000%,0,
Contact STARLINK-30222 - STARLINK-32045,506.276,4893.724,9.3755%,2,
Contact STARLINK-30222 - STARLINK-31083,0.000,5400.000,0.0000%,0,
Contact STARLINK-30222 - STARLINK-4090,0.000,5400.000,0.0000%,0,
Contact STARLINK-30222 - STARLINK-2504,0.000,5400.000,0.0000%,0,
Contact STARLINK-30222 - STARLINK-6346,0.000,5400.000,0.0000%,0,
Contact STARLINK-30222 - STARLINK-30299,0.000,5400.000,0.0000%,0,
Contact STARLINK-30222 - STARLINK-5966,0.000,5400.000,0.0000%,0,
Contact STARLINK-30222 - STARLINK-31917,1090.418,4309.582,20.1929%,1,
Contact STARLINK-30222 - STARLINK-30208,0.000,5400.000,0.0000%,0,
Contact STARLINK-30222 - STARLINK-3911,0.000,5400.000,0.0000%,0,
Contact STARLINK-30222 - MoonARTEMIS1,3958.436,1441.564,73.3044%,2,
Contact STARLINK-30222 - MoonARTEMIS2,3820.154,1579.846,70.7436%,2,
Contact STARLINK-30222 - MoonIOAGEO,3934.176,1465.824,72.8551%,2,
Contact STARLINK-30222 - MoonIOAGNO,3941.829,1458.171,72.9968%,2,
Contact STARLINK-30222 - MoonIOAGNO 0001,3950.160,1449.840,73.1511%,2,
Contact STARLINK-30222 - MoonIOAGSO,3901.843,1498.157,72.2563%,2,
Contact STARLINK-30222 - MoonIOAGSO 0001,3848.265,1551.735,71.2642%,2,
Contact STARLINK-30222 - MoonLRO,2060.149,3339.851,38.1509%,2,
Contact STARLINK-30222 - MarsSat1,4255.532,1144.468,78.8062%,1,
Contact STARLINK-30222 - MarsSat2,4255.350,1144.650,78.8028%,1,
Contact STARLINK-30222 - MarsSat3,3507.437,1892.563,64.9525%,1,
Contact STARLINK-30222 - MarsSat4,4255.497,1144.503,78.8055%,1,
Contact STARLINK-1555 - STARLINK-1176,0.000,5400.000,0.0000%,0,
Contact STARLINK-1555 - STARLINK-6047,0.000,5400.000,0.0000%,0,
Contact STARLINK-1555 - STARLINK-6270,0.000,5400.000,0.0000%,0,
Contact STARLINK-1555 - STARLINK-5893,0.000,5400.000,0.0000%,0,
Contact STARLINK-1555 - STARLINK-1394,0.000,5400.000,0.0000%,0,
Contact STARLINK-1555 - STARLINK-3334,0.000,5400.000,0.0000%,0,
Contact STARLINK-1555 - STARLINK-6347,0.000,5400.000,0.0000%,0,
Contact STARLINK-1555 - STARLINK-4732,0.000,5400.000,0.0000%,0,
Contact STARLINK-1555 - STARLINK-1777,0.000,5400.000,0.0000%,0,
Contact STARLINK-1555 - STARLINK-4134,0.000,5400.000,0.0000%,0,
Contact STARLINK-1555 - STARLINK-4004,0.000,5400.000,0.0000%,0,
Contact STARLINK-1555 - STARLINK-30883,0.000,5400.000,0.0000%,0,
Contact STARLINK-1555 - STARLINK-32165,0.000,5400.000,0.0000%,0,
Contact STARLINK-1555 - STARLINK-5433,417.230,4982.770,7.7265%,2,
Contact STARLINK-1555 - STARLINK-30973,0.000,5400.000,0.0000%,0,
Contact STARLINK-1555 - STARLINK-31577,0.000,5400.000,0.0000%,0,
Contact STARLINK-1555 - STARLINK-31214,0.000,5400.000,0.0000%,0,
Contact STARLINK-1555 - STARLINK-2684,0.000,5400.000,0.0000%,0,
Contact STARLINK-1555 - STARLINK-2609,623.045,4776.955,11.5379%,2,
Contact STARLINK-1555 - STARLINK-31041,0.000,5400.000,0.0000%,0,
Contact STARLINK-1555 - STARLINK-31412,0.000,5400.000,0.0000%,0,
Contact STARLINK-1555 - STARLINK-31564,5400.000,0.000,100.0000%,1,
Contact STARLINK-1555 - STARLINK-31245,0.000,5400.000,0.0000%,0,
Contact STARLINK-1555 - STARLINK-3369,0.000,5400.000,0.0000%,0,
Contact STARLINK-1555 - STARLINK-32246,0.000,5400.000,0.0000%,0,
Contact STARLINK-1555 - STARLINK-31021,0.000,5400.000,0.0000%,0,
Contact STARLINK-1555 - STARLINK-3653,689.926,4710.074,12.7764%,1,
Contact STARLINK-1555 - STARLINK-31260,0.000,5400.000,0.0000%,0,
Contact STARLINK-1555 - STARLINK-30141,4599.232,800.768,85.1710%,1,
Contact STARLINK-1555 - STARLINK-6168,0.000,5400.000,0.0000%,0,
Contact STARLINK-1555 - STARLINK-1616,0.000,5400.000,0.0000%,0,
Contact STARLINK-1555 - STARLINK-2702,4950.211,449.789,91.6706%,1,
Contact STARLINK-1555 - STARLINK-11142 [DTC],0.000,5400.000,0.0000%,0,
Contact STARLINK-1555 - STARLINK-3991,0.000,5400.000,0.0000%,0,
Contact STARLINK-1555 - STARLINK-31248,0.000,5400.000,0.0000%,0,
Contact STARLINK-1555 - STARLINK-5939,754.774,4645.226,13.9773%,1,
Contact STARLINK-1555 - STARLINK-5536,4483.989,916.011,83.0368%,1,
Contact STARLINK-1555 - STARLINK-4120,0.000,5400.000,0.0000%,0,
Contact STARLINK-1555 - STARLINK-5161,658.367,4741.633,12.1920%,1,
Contact STARLINK-1555 - STARLINK-30331,0.000,5400.000,0.0000%,0,
Contact STARLINK-1555 - STARLINK-1750,0.000,5400.000,0.0000%,0,
Contact STARLINK-1555 - STARLINK-30944,0.000,5400.000,0.0000%,0,
Contact STARLINK-1555 - STARLINK-2603,0.000,5400.000,0.0000%,0,
Contact STARLINK-1555 - STARLINK-6172,0.000,5400.000,0.0000%,0,
Contact STARLINK-1555 - STARLINK-31707,0.000,5400.000,0.0000%,0,
Contact STARLINK-1555 - STARLINK-32046,0.000,5400.000,0.0000%,0,
Contact STARLINK-1555 - STARLINK-3394,689.052,4710.948,12.7602%,1,
Contact STARLINK-1555 - STARLINK-6207,0.000,5400.000,0.0000%,0,
Contact STARLINK-1555 - STARLINK-1028,0.000,5400.000,0.0000%,0,
Contact STARLINK-1555 - STARLINK-32185,0.000,5400.000,0.0000%,0,
Contact STARLINK-1555 - STARLINK-4437,0.000,5400.000,0.0000%,0,
Contact STARLINK-1555 - STARLINK-1090,0.000,5400.000,0.0000%,0,
Contact STARLINK-1555 - STARLINK-1208,0.000,5400.000,0.0000%,0,
Contact STARLINK-1555 - STARLINK-5849,0.000,5400.000,0.0000%,0,
Contact STARLINK-1555 - STARLINK-2193,0.000,5400.000,0.0000%,0,
Contact STARLINK-1555 - STARLINK-31653,0.000,5400.000,0.0000%,0,
Contact STARLINK-1555 - STARLINK-6338,0.000,5400.000,0.0000%,0,
Contact STARLINK-1555 - STARLINK-11086 [DTC],0.000,5400.000,0.0000%,0,
Contact STARLINK-1555 - STARLINK-30575,0.000,5400.000,0.0000%,0,
Contact STARLINK-1555 - STARLINK-5475,0.000,5400.000,0.0000%,0,
Contact STARLINK-1555 - STARLINK-31992,0.000,5400.000,0.0000%,0,
Contact STARLINK-1555 - STARLINK-30715,0.000,5400.000,0.0000%,0,
Contact STARLINK-1555 - STARLINK-31276,0.000,5400.000,0.0000%,0,
Contact STARLINK-1555 - STARLINK-31091,0.000,5400.000,0.0000%,0,
Contact STARLINK-1555 - STARLINK-11130 [DTC],156.219,5243.781,2.8929%,1,
Contact STARLINK-1555 - STARLINK-30303,0.000,5400.000,0.0000%,0,
Contact STARLINK-1555 - STARLINK-6366,0.000,5400.000,0.0000%,0,
Contact STARLINK-1555 - STARLINK-4260,5400.000,0.000,100.0000%,1,
Contact STARLINK-1555 - STARLINK-4130,0.000,5400.000,0.0000%,0,
Contact STARLINK-1555 - STARLINK-1098,653.161,4746.839,12.0956%,1,
Contact STARLINK-1555 - STARLINK-32045,5400.000,0.000,100.0000%,1,
Contact STARLINK-1555 - STARLINK-31083,0.000,5400.000,0.0000%,0,
Contact STARLINK-1555 - STARLINK-4090,5400.000,0.000,100.0000%,1,
Contact STARLINK-1555 - STARLINK-2504,0.000,5400.000,0.0000%,0,
Contact STARLINK-1555 - STARLINK-6346,0.000,5400.000,0.0000%,0,
Contact STARLINK-1555 - STARLINK-30299,0.000,5400.000,0.0000%,0,
Contact STARLINK-1555 - STARLINK-5966,5400.000,0.000,100.0000%,1,
Contact STARLINK-1555 - STARLINK-31917,0.000,5400.000,0.0000%,0,
Contact STARLINK-1555 - STARLINK-30208,0.000,5400.000,0.0000%,0,
Contact STARLINK-1555 - STARLINK-3911,0.000,5400.000,0.0000%,0,
Contact STARLINK-1555 - MoonARTEMIS1,5400.000,0.000,100.0000%,1,
Contact STARLINK-1555 - MoonARTEMIS2,5400.000,0.000,100.0000%,1,
Contact STARLINK-1555 - MoonIOAGEO,5400.000,0.000,100.0000%,1,
Contact STARLINK-1555 - MoonIOAGNO,5400.000,0.000,100.0000%,1,
Contact STARLINK-1555 - MoonIOAGNO 0001,5400.000,0.000,100.0000%,1,
Contact STARLINK-1555 - MoonIOAGSO,5400.000,0.000,100.0000%,1,
Contact STARLINK-1555 - MoonIOAGSO 0001,5400.000,0.000,100.0000%,1,
Contact STARLINK-1555 - MoonLRO,5400.000,0.000,100.0000%,1,
Contact STARLINK-1555 - MarsSat1,3338.014,2061.986,61.8151%,2,
Contact STARLINK-1555 - MarsSat2,3338.049,2061.951,61.8157%,2,
Contact STARLINK-1555 - MarsSat3,290.012,5109.988,5.3706%,1,
Contact STARLINK-1555 - MarsSat4,3338.020,2061.980,61.8152%,2,
Contact STARLINK-1176 - STARLINK-6047,0.000,5400.000,0.0000%,0,
Contact STARLINK-1176 - STARLINK-6270,4663.007,736.993,86.3520%,2,
Contact STARLINK-1176 - STARLINK-5893,0.000,5400.000,0.0000%,0,
Contact STARLINK-1176 - STARLINK-1394,0.000,5400.000,0.0000%,0,
Contact STARLINK-1176 - STARLINK-3334,0.000,5400.000,0.0000%,0,
Contact STARLINK-1176 - STARLINK-6347,0.000,5400.000,0.0000%,0,
Contact STARLINK-1176 - STARLINK-4732,0.000,5400.000,0.0000%,0,
Contact STARLINK-1176 - STARLINK-1777,0.000,5400.000,0.0000%,0,
Contact STARLINK-1176 - STARLINK-4134,0.000,5400.000,0.0000%,0,
Contact STARLINK-1176 - STARLINK-4004,0.000,5400.000,0.0000%,0,
Contact STARLINK-1176 - STARLINK-30883,0.000,5400.000,0.0000%,0,
Contact STARLINK-1176 - STARLINK-32165,0.000,5400.000,0.0000%,0,
Contact STARLINK-1176 - STARLINK-5433,819.593,4580.407,15.1776%,1,
Contact STARLINK-1176 - STARLINK-30973,5400.000,0.000,100.0000%,1,
Contact STARLINK-1176 - STARLINK-31577,0.000,5400.000,0.0000%,0,
Contact STARLINK-1176 - STARLINK-31214,634.270,4765.730,11.7457%,2,
Contact STARLINK-1176 - STARLINK-2684,0.000,5400.000,0.0000%,0,
Contact STARLINK-1176 - STARLINK-2609,0.000,5400.000,0.0000%,0,
Contact STARLINK-1176 - STARLINK-31041,0.000,5400.000,0.0000%,0,
Contact STARLINK-1176 - STARLINK-31412,0.000,5400.000,0.0000%,0,
Contact STARLINK-1176 - STARLINK-31564,873.085,4526.915,16.1682%,1,
Contact STARLINK-1176 - STARLINK-31245,0.000,5400.000,0.0000%,0,
Contact STARLINK-1176 - STARLINK-3369,5400.000,0.000,100.0000%,1,
Contact STARLINK-1176 - STARLINK-32246,0.000,5400.000,0.0000%,0,
Contact STARLINK-1176 - STARLINK-31021,0.000,5400.000,0.0000%,0,
Contact STARLINK-1176 - STARLINK-3653,0.000,5400.000,0.0000%,0,
Contact STARLINK-1176 - STARLINK-31260,0.000,5400.000,0.0000%,0,
Contact STARLINK-1176 - STARLINK-30141,5400.000,0.000,100.0000%,1,
Contact STARLINK-1176 - STARLINK-6168,0.000,5400.000,0.0000%,0,
Contact STARLINK-1176 - STARLINK-1616,0.000,5400.000,0.0000%,0,
Contact STARLINK-1176 - STARLINK-2702,1579.532,3820.468,29.2506%,1,
Contact STARLINK-1176 - STARLINK-11142 [DTC],0.000,5400.000,0.0000%,0,
Contact STARLINK-1176 - STARLINK-3991,0.000,5400.000,0.0000%,0,
Contact STARLINK-1176 - STARLINK-31248,5400.000,0.000,100.0000%,1,
Contact STARLINK-1176 - STARLINK-5939,0.000,5400.000,0.0000%,0,
Contact STARLINK-1176 - STARLINK-5536,5400.000,0.000,100.0000%,1,
Contact STARLINK-1176 - STARLINK-4120,0.000,5400.000,0.0000%,0,
Contact STARLINK-1176 - STARLINK-5161,0.000,5400.000,0.0000%,0,
Contact STARLINK-1176 - STARLINK-30331,0.000,5400.000,0.0000%,0,
Contact STARLINK-1176 - STARLINK-1750,0.000,5400.000,0.0000%,0,
Contact STARLINK-1176 - STARLINK-30944,0.000,5400.000,0.0000%,0,
Contact STARLINK-1176 - STARLINK-2603,929.361,4470.639,17.2104%,2,
Contact STARLINK-1176 - STARLINK-6172,692.467,4707.533,12.8235%,2,
Contact STARLINK-1176 - STARLINK-31707,0.000,5400.000,0.0000%,0,
Contact STARLINK-1176 - STARLINK-32046,4243.255,1156.745,78.5788%,2,
Contact STARLINK-1176 - STARLINK-3394,0.000,5400.000,0.0000%,0,
Contact STARLINK-1176 - STARLINK-6207,0.000,5400.000,0.0000%,0,
Contact STARLINK-1176 - STARLINK-1028,0.000,5400.000,0.0000%,0,
Contact STARLINK-1176 - STARLINK-32185,0.000,5400.000,0.0000%,0,
Contact STARLINK-1176 - STARLINK-4437,4426.205,973.795,81.9668%,1,
Contact STARLINK-1176 - STARLINK-1090,583.820,4816.180,10.8115%,2,
Contact STARLINK-1176 - STARLINK-1208,3635.430,1764.570,67.3228%,1,
Contact STARLINK-1176 - STARLINK-5849,169.638,5230.362,3.1414%,1,
Contact STARLINK-1176 - STARLINK-2193,0.000,5400.000,0.0000%,0,
Contact STARLINK-1176 - STARLINK-31653,476.370,4923.630,8.8217%,1,
Contact STARLINK-1176 - STARLINK-6338,0.000,5400.000,0.0000%,0,
Contact STARLINK-1176 - STARLINK-11086 [DTC],0.000,5400.000,0.0000%,0,
Contact STARLINK-1176 - STARLINK-30575,0.000,5400.000,0.0000%,0,
Contact STARLINK-1176 - STARLINK-5475,0.000,5400.000,0.0000%,0,
Contact STARLINK-1176 - STARLINK-31992,0.000,5400.000,0.0000%,0,
Contact STARLINK-1176 - STARLINK-30715,423.214,4976.786,7.8373%,1,
Contact STARLINK-1176 - STARLINK-31276,0.000,5400.000,0.0000%,0,
Contact STARLINK-1176 - STARLINK-31091,0.000,5400.000,0.0000%,0,
Contact STARLINK-1176 - STARLINK-11130 [DTC],0.000,5400.000,0.0000%,0,
Contact STARLINK-1176 - STARLINK-30303,0.000,5400.000,0.0000%,0,
Contact STARLINK-1176 - STARLINK-6366,4026.510,1373.490,74.5650%,2,
Contact STARLINK-1176 - STARLINK-4260,0.000,5400.000,0.0000%,0,
Contact STARLINK-1176 - STARLINK-4130,0.000,5400.000,0.0000%,0,
Contact STARLINK-1176 - STARLINK-1098,565.178,4834.822,10.4663%,1,
Contact STARLINK-1176 - STARLINK-32045,686.466,4713.534,12.7123%,1,
Contact STARLINK-1176 - STARLINK-31083,0.000,5400.000,0.0000%,0,
Contact STARLINK-1176 - STARLINK-4090,0.000,5400.000,0.0000%,0,
Contact STARLINK-1176 - STARLINK-2504,0.000,5400.000,0.0000%,0,
Contact STARLINK-1176 - STARLINK-6346,0.000,5400.000,0.0000%,0,
Contact STARLINK-1176 - STARLINK-30299,0.000,5400.000,0.0000%,0,
Contact STARLINK-1176 - STARLINK-5966,4851.493,548.507,89.8425%,1,
Contact STARLINK-1176 - STARLINK-31917,0.000,5400.000,0.0000%,0,
Contact STARLINK-1176 - STARLINK-30208,846.978,4553.022,15.6848%,2,
Contact STARLINK-1176 - STARLINK-3911,0.000,5400.000,0.0000%,0,
Contact STARLINK-1176 - MoonARTEMIS1,5400.000,0.000,100.0000%,1,
Contact STARLINK-1176 - MoonARTEMIS2,5400.000,0.000,100.0000%,1,
Contact STARLINK-1176 - MoonIOAGEO,5400.000,0.000,100.0000%,1,
Contact STARLINK-1176 - MoonIOAGNO,5400.000,0.000,100.0000%,1,
Contact STARLINK-1176 - MoonIOAGNO 0001,5400.000,0.000,100.0000%,1,
Contact STARLINK-1176 - MoonIOAGSO,5400.000,0.000,100.0000%,1,
Contact STARLINK-1176 - MoonIOAGSO 0001,5400.000,0.000,100.0000%,1,
Contact STARLINK-1176 - MoonLRO,5400.000,0.000,100.0000%,1,
Contact STARLINK-1176 - MarsSat1,3285.154,2114.846,60.8362%,2,
Contact STARLINK-1176 - MarsSat2,3285.146,2114.854,60.8360%,2,
Contact STARLINK-1176 - MarsSat3,481.468,4918.532,8.9161%,1,
Contact STARLINK-1176 - MarsSat4,3285.150,2114.850,60.8361%,2,
Contact STARLINK-6047 - STARLINK-6270,0.000,5400.000,0.0000%,0,
Contact STARLINK-6047 - STARLINK-5893,0.000,5400.000,0.0000%,0,
Contact STARLINK-6047 - STARLINK-1394,0.000,5400.000,0.0000%,0,
Contact STARLINK-6047 - STARLINK-3334,0.000,5400.000,0.0000%,0,
Contact STARLINK-6047 - STARLINK-6347,0.000,5400.000,0.0000%,0,
Contact STARLINK-6047 - STARLINK-4732,0.000,5400.000,0.0000%,0,
Contact STARLINK-6047 - STARLINK-1777,5400.000,0.000,100.0000%,1,
Contact STARLINK-6047 - STARLINK-4134,3895.153,1504.847,72.1325%,1,
Contact STARLINK-6047 - STARLINK-4004,0.000,5400.000,0.0000%,0,
Contact STARLINK-6047 - STARLINK-30883,0.000,5400.000,0.0000%,0,
Contact STARLINK-6047 - STARLINK-32165,0.000,5400.000,0.0000%,0,
Contact STARLINK-6047 - STARLINK-5433,0.000,5400.000,0.0000%,0,
Contact STARLINK-6047 - STARLINK-30973,0.000,5400.000,0.0000%,0,
Contact STARLINK-6047 - STARLINK-31577,0.000,5400.000,0.0000%,0,
Contact STARLINK-6047 - STARLINK-31214,0.000,5400.000,0.0000%,0,
Contact STARLINK-6047 - STARLINK-2684,0.000,5400.000,0.0000%,0,
Contact STARLINK-6047 - STARLINK-2609,0.000,5400.000,0.0000%,0,
Contact STARLINK-6047 - STARLINK-31041,388.518,5011.482,7.1948%,1,
Contact STARLINK-6047 - STARLINK-31412,929.807,4470.193,17.2186%,1,
Contact STARLINK-6047 - STARLINK-31564,0.000,5400.000,0.0000%,0,
Contact STARLINK-6047 - STARLINK-31245,5400.000,0.000,100.0000%,1,
Contact STARLINK-6047 - STARLINK-3369,0.000,5400.000,0.0000%,0,
Contact STARLINK-6047 - STARLINK-32246,0.000,5400.000,0.0000%,0,
Contact STARLINK-6047 - STARLINK-31021,0.000,5400.000,0.0000%,0,
Contact STARLINK-6047 - STARLINK-3653,645.523,4754.477,11.9541%,1,
Contact STARLINK-6047 - STARLINK-31260,0.000,5400.000,0.0000%,0,
Contact STARLINK-6047 - STARLINK-30141,0.000,5400.000,0.0000%,0,
Contact STARLINK-6047 - STARLINK-6168,0.000,5400.000,0.0000%,0,
Contact STARLINK-6047 - STARLINK-1616,0.000,5400.000,0.0000%,0,
Contact STARLINK-6047 - STARLINK-2702,0.000,5400.000,0.0000%,0,
Contact STARLINK-6047 - STARLINK-11142 [DTC],0.000,5400.000,0.0000%,0,
Contact STARLINK-6047 - STARLINK-3991,5400.000,0.000,100.0000%,1,
Contact STARLINK-6047 - STARLINK-31248,0.000,5400.000,0.0000%,0,
Contact STARLINK-6047 - STARLINK-5939,0.000,5400.000,0.0000%,0,
Contact STARLINK-6047 - STARLINK-5536,0.000,5400.000,0.0000%,0,
Contact STARLINK-6047 - STARLINK-4120,0.000,5400.000,0.0000%,0,
Contact STARLINK-6047 - STARLINK-5161,0.000,5400.000,0.0000%,0,
Contact STARLINK-6047 - STARLINK-30331,0.000,5400.000,0.0000%,0,
Contact STARLINK-6047 - STARLINK-1750,0.000,5400.000,0.0000%,0,
Contact STARLINK-6047 - STARLINK-30944,0.000,5400.000,0.0000%,0,
Contact STARLINK-6047 - STARLINK-2603,0.000,5400.000,0.0000%,0,
Contact STARLINK-6047 - STARLINK-6172,0.000,5400.000,0.0000%,0,
Contact STARLINK-6047 - STARLINK-31707,0.000,5400.000,0.0000%,0,
Contact STARLINK-6047 - STARLINK-32046,0.000,5400.000,0.0000%,0,
Contact STARLINK-6047 - STARLINK-3394,5400.000,0.000,100.0000%,1,
Contact STARLINK-6047 - STARLINK-6207,0.000,5400.000,0.0000%,0,
Contact STARLINK-6047 - STARLINK-1028,988.805,4411.195,18.3112%,1,
Contact STARLINK-6047 - STARLINK-32185,860.187,4539.813,15.9294%,1,
Contact STARLINK-6047 - STARLINK-4437,0.000,5400.000,0.0000%,0,
Contact STARLINK-6047 - STARLINK-1090,0.000,5400.000,0.0000%,0,
Contact STARLINK-6047 - STARLINK-1208,0.000,5400.000,0.0000%,0,
Contact STARLINK-6047 - STARLINK-5849,0.000,5400.000,0.0000%,0,
Contact STARLINK-6047 - STARLINK-2193,0.000,5400.000,0.0000%,0,
Contact STARLINK-6047 - STARLINK-31653,0.000,5400.000,0.0000%,0,
Contact STARLINK-6047 - STARLINK-6338,0.000,5400.000,0.0000%,0,
Contact STARLINK-6047 - STARLINK-11086 [DTC],0.000,5400.000,0.0000%,0,
Contact STARLINK-6047 - STARLINK-30575,0.000,5400.000,0.0000%,0,
Contact STARLINK-6047 - STARLINK-5475,0.000,5400.000,0.0000%,0,
Contact STARLINK-6047 - STARLINK-31992,0.000,5400.000,0.0000%,0,
Contact STARLINK-6047 - STARLINK-30715,0.000,5400.000,0.0000%,0,
Contact STARLINK-6047 - STARLINK-31276,0.000,5400.000,0.0000%,0,
Contact STARLINK-6047 - STARLINK-31091,636.140,4763.860,11.7804%,1,
Contact STARLINK-6047 - STARLINK-11130 [DTC],5400.000,0.000,100.0000%,1,
Contact STARLINK-6047 - STARLINK-30303,0.000,5400.000,0.0000%,0,
Contact STARLINK-6047 - STARLINK-6366,0.000,5400.000,0.0000%,0,
Contact STARLINK-6047 - STARLINK-4260,479.414,4920.586,8.8780%,2,
Contact STARLINK-6047 - STARLINK-4130,3804.215,1595.785,70.4484%,1,
Contact STARLINK-6047 - STARLINK-1098,0.000,5400.000,0.0000%,0,
Contact STARLINK-6047 - STARLINK-32045,0.000,5400.000,0.0000%,0,
Contact STARLINK-6047 - STARLINK-31083,0.000,5400.000,0.0000%,0,
Contact STARLINK-6047 - STARLINK-4090,0.000,5400.000,0.0000%,0,
Contact STARLINK-6047 - STARLINK-2504,0.000,5400.000,0.0000%,0,
Contact STARLINK-6047 - STARLINK-6346,0.000,5400.000,0.0000%,0,
Contact STARLINK-6047 - STARLINK-30299,0.000,5400.000,0.0000%,0,
Contact STARLINK-6047 - STARLINK-5966,0.000,5400.000,0.0000%,0,
Contact STARLINK-6047 - STARLINK-31917,464.424,4935.576,8.6004%,2,
Contact STARLINK-6047 - STARLINK-30208,0.000,5400.000,0.0000%,0,
Contact STARLINK-6047 - STARLINK-3911,0.000,5400.000,0.0000%,0,
Contact STARLINK-6047 - MoonARTEMIS1,3271.236,2128.764,60.5784%,2,
Contact STARLINK-6047 - MoonARTEMIS2,3291.153,2108.847,60.9473%,2,
Contact STARLINK-6047 - MoonIOAGEO,3277.244,2122.756,60.6897%,2,
Contact STARLINK-6047 - MoonIOAGNO,3278.540,2121.460,60.7137%,2,
Contact STARLINK-6047 - MoonIOAGNO 0001,3275.428,2124.572,60.6561%,2,
Contact STARLINK-6047 - MoonIOAGSO,3275.567,2124.433,60.6587%,2,
Contact STARLINK-6047 - MoonIOAGSO 0001,3286.201,2113.799,60.8556%,2,
Contact STARLINK-6047 - MoonLRO,2342.231,3057.769,43.3746%,2,
Contact STARLINK-6047 - MarsSat1,3750.357,1649.643,69.4510%,1,
Contact STARLINK-6047 - MarsSat2,3750.392,1649.608,69.4517%,1,
Contact STARLINK-6047 - MarsSat3,3750.384,1649.616,69.4515%,1,
Contact STARLINK-6047 - MarsSat4,3750.350,1649.650,69.4509%,1,
Contact STARLINK-6270 - STARLINK-5893,0.000,5400.000,0.0000%,0,
Contact STARLINK-6270 - STARLINK-1394,0.000,5400.000,0.0000%,0,
Contact STARLINK-6270 - STARLINK-3334,927.130,4472.870,17.1691%,1,
Contact STARLINK-6270 - STARLINK-6347,0.000,5400.000,0.0000%,0,
Contact STARLINK-6270 - STARLINK-4732,0.000,5400.000,0.0000%,0,
Contact STARLINK-6270 - STARLINK-1777,0.000,5400.000,0.0000%,0,
Contact STARLINK-6270 - STARLINK-4134,0.000,5400.000,0.0000%,0,
Contact STARLINK-6270 - STARLINK-4004,581.130,4818.870,10.7617%,1,
Contact STARLINK-6270 - STARLINK-30883,0.000,5400.000,0.0000%,0,
Contact STARLINK-6270 - STARLINK-32165,0.000,5400.000,0.0000%,0,
Contact STARLINK-6270 - STARLINK-5433,0.000,5400.000,0.0000%,0,
Contact STARLINK-6270 - STARLINK-30973,5400.000,0.000,100.0000%,1,
Contact STARLINK-6270 - STARLINK-31577,418.778,4981.222,7.7551%,1,
Contact STARLINK-6270 - STARLINK-31214,1016.791,4383.209,18.8295%,2,
Contact STARLINK-6270 - STARLINK-2684,0.000,5400.000,0.0000%,0,
Contact STARLINK-6270 - STARLINK-2609,0.000,5400.000,0.0000%,0,
Contact STARLINK-6270 - STARLINK-31041,0.000,5400.000,0.0000%,0,
Contact STARLINK-6270 - STARLINK-31412,0.000,5400.000,0.0000%,0,
Contact STARLINK-6270 - STARLINK-31564,0.000,5400.000,0.0000%,0,
Contact STARLINK-6270 - STARLINK-31245,0.000,5400.000,0.0000%,0,
Contact STARLINK-6270 - STARLINK-3369,5400.000,0.000,100.0000%,1,
Contact STARLINK-6270 - STARLINK-32246,0.000,5400.000,0.0000%,0,
Contact STARLINK-6270 - STARLINK-31021,0.000,5400.000,0.0000%,0,
Contact STARLINK-6270 - STARLINK-3653,0.000,5400.000,0.0000%,0,
Contact STARLINK-6270 - STARLINK-31260,0.000,5400.000,0.0000%,0,
Contact STARLINK-6270 - STARLINK-30141,0.000,5400.000,0.0000%,0,
Contact STARLINK-6270 - STARLINK-6168,5170.799,229.201,95.7555%,2,
Contact STARLINK-6270 - STARLINK-1616,0.000,5400.000,0.0000%,0,
Contact STARLINK-6270 - STARLINK-2702,0.000,5400.000,0.0000%,0,
Contact STARLINK-6270 - STARLINK-11142 [DTC],0.000,5400.000,0.0000%,0,
Contact STARLINK-6270 - STARLINK-3991,0.000,5400.000,0.0000%,0,
Contact STARLINK-6270 - STARLINK-31248,977.722,4422.278,18.1060%,1,
Contact STARLINK-6270 - STARLINK-5939,1239.147,4160.853,22.9472%,1,
Contact STARLINK-6270 - STARLINK-5536,0.000,5400.000,0.0000%,0,
Contact STARLINK-6270 - STARLINK-4120,3625.808,1774.192,67.1446%,1,
Contact STARLINK-6270 - STARLINK-5161,0.000,5400.000,0.0000%,0,
Contact STARLINK-6270 - STARLINK-30331,5400.000,0.000,100.0000%,1,
Contact STARLINK-6270 - STARLINK-1750,0.000,5400.000,0.0000%,0,
Contact STARLINK-6270 - STARLINK-30944,0.000,5400.000,0.0000%,0,
Contact STARLINK-6270 - STARLINK-2603,386.972,5013.028,7.1662%,1,
Contact STARLINK-6270 - STARLINK-6172,826.439,4573.561,15.3044%,2,
Contact STARLINK-6270 - STARLINK-31707,5400.000,0.000,100.0000%,1,
Contact STARLINK-6270 - STARLINK-32046,5400.000,0.000,100.0000%,1,
Contact STARLINK-6270 - STARLINK-3394,0.000,5400.000,0.0000%,0,
Contact STARLINK-6270 - STARLINK-6207,0.000,5400.000,0.0000%,0,
Contact STARLINK-6270 - STARLINK-1028,0.000,5400.000,0.0000%,0,
Contact STARLINK-6270 - STARLINK-32185,0.000,5400.000,0.0000%,0,
Contact STARLINK-6270 - STARLINK-4437,0.000,5400.000,0.0000%,0,
Contact STARLINK-6270 - STARLINK-1090,0.000,5400.000,0.0000%,0,
Contact STARLINK-6270 - STARLINK-1208,0.000,5400.000,0.0000%,0,
Contact STARLINK-6270 - STARLINK-5849,640.514,4759.486,11.8614%,1,
Contact STARLINK-6270 - STARLINK-2193,0.000,5400.000,0.0000%,0,
Contact STARLINK-6270 - STARLINK-31653,852.564,4547.436,15.7882%,2,
Contact STARLINK-6270 - STARLINK-6338,0.000,5400.000,0.0000%,0,
Contact STARLINK-6270 - STARLINK-11086 [DTC],0.000,5400.000,0.0000%,0,
Contact STARLINK-6270 - STARLINK-30575,0.000,5400.000,0.0000%,0,
Contact STARLINK-6270 - STARLINK-5475,0.000,5400.000,0.0000%,0,
Contact STARLINK-6270 - STARLINK-31992,217.310,5182.690,4.0243%,2,
Contact STARLINK-6270 - STARLINK-30715,815.049,4584.951,15.0935%,2,
Contact STARLINK-6270 - STARLINK-31276,0.000,5400.000,0.0000%,0,
Contact STARLINK-6270 - STARLINK-31091,0.000,5400.000,0.0000%,0,
Contact STARLINK-6270 - STARLINK-11130 [DTC],0.000,5400.000,0.0000%,0,
Contact STARLINK-6270 - STARLINK-30303,0.000,5400.000,0.0000%,0,
Contact STARLINK-6270 - STARLINK-6366,5400.000,0.000,100.0000%,1,
Contact STARLINK-6270 - STARLINK-4260,0.000,5400.000,0.0000%,0,
Contact STARLINK-6270 - STARLINK-4130,0.000,5400.000,0.0000%,0,
Contact STARLINK-6270 - STARLINK-1098,0.000,5400.000,0.0000%,0,
Contact STARLINK-6270 - STARLINK-32045,0.000,5400.000,0.0000%,0,
Contact STARLINK-6270 - STARLINK-31083,0.000,5400.000,0.0000%,0,
Contact STARLINK-6270 - STARLINK-4090,0.000,5400.000,0.0000%,0,
Contact STARLINK-6270 - STARLINK-2504,3727.744,1672.256,69.0323%,1,
Contact STARLINK-6270 - STARLINK-6346,0.000,5400.000,0.0000%,0,
Contact STARLINK-6270 - STARLINK-30299,0.000,5400.000,0.0000%,0,
Contact STARLINK-6270 - STARLINK-5966,0.000,5400.000,0.0000%,0,
Contact STARLINK-6270 - STARLINK-31917,0.000,5400.000,0.0000%,0,
Contact STARLINK-6270 - STARLINK-30208,4211.875,1188.125,77.9977%,2,
Contact STARLINK-6270 - STARLINK-3911,398.272,5001.728,7.3754%,1,
Contact STARLINK-6270 - MoonARTEMIS1,3347.139,2052.861,61.9841%,1,
Contact STARLINK-6270 - MoonARTEMIS2,3284.326,2115.674,60.8209%,1,
Contact STARLINK-6270 - MoonIOAGEO,3332.021,2067.979,61.7041%,1,
Contact STARLINK-6270 - MoonIOAGNO,3329.238,2070.762,61.6526%,1,
Contact STARLINK-6270 - MoonIOAGNO 0001,3312.673,2087.327,61.3458%,1,
Contact STARLINK-6270 - MoonIOAGSO,3332.321,2067.679,61.7097%,1,
Contact STARLINK-6270 - MoonIOAGSO 0001,3330.070,2069.930,61.6680%,1,
Contact STARLINK-6270 - MoonLRO,1926.002,3473.998,35.6667%,1,
Contact STARLINK-6270 - MarsSat1,3517.673,1882.327,65.1421%,2,
Contact STARLINK-6270 - MarsSat2,3517.650,1882.350,65.1417%,2,
Contact STARLINK-6270 - MarsSat3,1254.810,4145.190,23.2372%,1,
Contact STARLINK-6270 - MarsSat4,3517.652,1882.348,65.1417%,2,
Contact STARLINK-5893 - STARLINK-1394,0.000,5400.000,0.0000%,0,
Contact STARLINK-5893 - STARLINK-3334,0.000,5400.000,0.0000%,0,
Contact STARLINK-5893 - STARLINK-6347,4671.588,728.412,86.5109%,1,
Contact STARLINK-5893 - STARLINK-4732,0.000,5400.000,0.0000%,0,
Contact STARLINK-5893 - STARLINK-1777,0.000,5400.000,0.0000%,0,
Contact STARLINK-5893 - STARLINK-4134,719.499,4680.501,13.3241%,1,
Contact STARLINK-5893 - STARLINK-4004,0.000,5400.000,0.0000%,0,
Contact STARLINK-5893 - STARLINK-30883,5400.000,0.000,100.0000%,1,
Contact STARLINK-5893 - STARLINK-32165,808.655,4591.345,14.9751%,1,
Contact STARLINK-5893 - STARLINK-5433,0.000,5400.000,0.0000%,0,
Contact STARLINK-5893 - STARLINK-30973,0.000,5400.000,0.0000%,0,
Contact STARLINK-5893 - STARLINK-31577,0.000,5400.000,0.0000%,0,
Contact STARLINK-5893 - STARLINK-31214,0.000,5400.000,0.0000%,0,
Contact STARLINK-5893 - STARLINK-2684,0.000,5400.000,0.0000%,0,
Contact STARLINK-5893 - STARLINK-2609,0.000,5400.000,0.0000%,0,
Contact STARLINK-5893 - STARLINK-31041,5400.000,0.000,100.0000%,1,
Contact STARLINK-5893 - STARLINK-31412,595.059,4804.941,11.0196%,2,
Contact STARLINK-5893 - STARLINK-31564,0.000,5400.000,0.0000%,0,
Contact STARLINK-5893 - STARLINK-31245,0.000,5400.000,0.0000%,0,
Contact STARLINK-5893 - STARLINK-3369,0.000,5400.000,0.0000%,0,
Contact STARLINK-5893 - STARLINK-32246,0.000,5400.000,0.0000%,0,
Contact STARLINK-5893 - STARLINK-31021,545.030,4854.970,10.0931%,2,
Contact STARLINK-5893 - STARLINK-3653,0.000,5400.000,0.0000%,0,
Contact STARLINK-5893 - STARLINK-31260,1273.822,4126.178,23.5893%,1,
Contact STARLINK-5893 - STARLINK-30141,0.000,5400.000,0.0000%,0,
Contact STARLINK-5893 - STARLINK-6168,0.000,5400.000,0.0000%,0,
Contact STARLINK-5893 - STARLINK-1616,3603.729,1796.271,66.7357%,1,
Contact STARLINK-5893 - STARLINK-2702,0.000,5400.000,0.0000%,0,
Contact STARLINK-5893 - STARLINK-11142 [DTC],0.000,5400.000,0.0000%,0,
Contact STARLINK-5893 - STARLINK-3991,0.000,5400.000,0.0000%,0,
Contact STARLINK-5893 - STARLINK-31248,0.000,5400.000,0.0000%,0,
Contact STARLINK-5893 - STARLINK-5939,0.000,5400.000,0.0000%,0,
Contact STARLINK-5893 - STARLINK-5536,0.000,5400.000,0.0000%,0,
Contact STARLINK-5893 - STARLINK-4120,0.000,5400.000,0.0000%,0,
Contact STARLINK-5893 - STARLINK-5161,0.000,5400.000,0.0000%,0,
Contact STARLINK-5893 - STARLINK-30331,0.000,5400.000,0.0000%,0,
Contact STARLINK-5893 - STARLINK-1750,4003.885,1396.115,74.1460%,1,
Contact STARLINK-5893 - STARLINK-30944,0.000,5400.000,0.0000%,0,
Contact STARLINK-5893 - STARLINK-2603,0.000,5400.000,0.0000%,0,
Contact STARLINK-5893 - STARLINK-6172,0.000,5400.000,0.0000%,0,
Contact STARLINK-5893 - STARLINK-31707,0.000,5400.000,0.0000%,0,
Contact STARLINK-5893 - STARLINK-32046,0.000,5400.000,0.0000%,0,
Contact STARLINK-5893 - STARLINK-3394,0.000,5400.000,0.0000%,0,
Contact STARLINK-5893 - STARLINK-6207,408.033,4991.967,7.5562%,2,
Contact STARLINK-5893 - STARLINK-1028,472.415,4927.585,8.7484%,2,
Contact STARLINK-5893 - STARLINK-32185,674.638,4725.362,12.4933%,1,
Contact STARLINK-5893 - STARLINK-4437,0.000,5400.000,0.0000%,0,
Contact STARLINK-5893 - STARLINK-1090,0.000,5400.000,0.0000%,0,
Contact STARLINK-5893 - STARLINK-1208,0.000,5400.000,0.0000%,0,
Contact STARLINK-5893 - STARLINK-5849,0.000,5400.000,0.0000%,0,
Contact STARLINK-5893 - STARLINK-2193,0.000,5400.000,0.0000%,0,
Contact STARLINK-5893 - STARLINK-31653,0.000,5400.000,0.0000%,0,
Contact STARLINK-5893 - STARLINK-6338,5400.000,0.000,100.0000%,1,
Contact STARLINK-5893 - STARLINK-11086 [DTC],0.000,5400.000,0.0000%,0,
Contact STARLINK-5893 - STARLINK-30575,0.000,5400.000,0.0000%,0,
Contact STARLINK-5893 - STARLINK-5475,0.000,5400.000,0.0000%,0,
Contact STARLINK-5893 - STARLINK-31992,0.000,5400.000,0.0000%,0,
Contact STARLINK-5893 - STARLINK-30715,0.000,5400.000,0.0000%,0,
Contact STARLINK-5893 - STARLINK-31276,3813.641,1586.359,70.6230%,2,
Contact STARLINK-5893 - STARLINK-31091,0.000,5400.000,0.0000%,0,
Contact STARLINK-5893 - STARLINK-11130 [DTC],0.000,5400.000,0.0000%,0,
Contact STARLINK-5893 - STARLINK-30303,394.895,5005.105,7.3129%,1,
Contact STARLINK-5893 - STARLINK-6366,0.000,5400.000,0.0000%,0,
Contact STARLINK-5893 - STARLINK-4260,0.000,5400.000,0.0000%,0,
Contact STARLINK-5893 - STARLINK-4130,0.000,5400.000,0.0000%,0,
Contact STARLINK-5893 - STARLINK-1098,0.000,5400.000,0.0000%,0,
Contact STARLINK-5893 - STARLINK-32045,0.000,5400.000,0.0000%,0,
Contact STARLINK-5893 - STARLINK-31083,0.000,5400.000,0.0000%,0,
Contact STARLINK-5893 - STARLINK-4090,0.000,5400.000,0.0000%,0,
Contact STARLINK-5893 - STARLINK-2504,0.000,5400.000,0.0000%,0,
Contact STARLINK-5893 - STARLINK-6346,0.000,5400.000,0.0000%,0,
Contact STARLINK-5893 - STARLINK-30299,0.000,5400.000,0.0000%,0,
Contact STARLINK-5893 - STARLINK-5966,0.000,5400.000,0.0000%,0,
Contact STARLINK-5893 - STARLINK-31917,0.000,5400.000,0.0000%,0,
Contact STARLINK-5893 - STARLINK-30208,0.000,5400.000,0.0000%,0,
Contact STARLINK-5893 - STARLINK-3911,0.000,5400.000,0.0000%,0,
Contact STARLINK-5893 - MoonARTEMIS1,5400.000,0.000,100.0000%,1,
Contact STARLINK-5893 - MoonARTEMIS2,5400.000,0.000,100.0000%,1,
Contact STARLINK-5893 - MoonIOAGEO,5400.000,0.000,100.0000%,1,
Contact STARLINK-5893 - MoonIOAGNO,5400.000,0.000,100.0000%,1,
Contact STARLINK-5893 - MoonIOAGNO 0001,5400.000,0.000,100.0000%,1,
Contact STARLINK-5893 - MoonIOAGSO,5400.000,0.000,100.0000%,1,
Contact STARLINK-5893 - MoonIOAGSO 0001,5400.000,0.000,100.0000%,1,
Contact STARLINK-5893 - MoonLRO,5400.000,0.000,100.0000%,1,
Contact STARLINK-5893 - MarsSat1,3894.211,1505.789,72.1150%,1,
Contact STARLINK-5893 - MarsSat2,3894.132,1505.868,72.1135%,1,
Contact STARLINK-5893 - MarsSat3,3824.255,1575.745,70.8195%,1,
Contact STARLINK-5893 - MarsSat4,3894.213,1505.787,72.1151%,1,
Contact STARLINK-1394 - STARLINK-3334,0.000,5400.000,0.0000%,0,
Contact STARLINK-1394 - STARLINK-6347,1471.510,3928.490,27.2502%,1,
Contact STARLINK-1394 - STARLINK-4732,0.000,5400.000,0.0000%,0,
Contact STARLINK-1394 - STARLINK-1777,0.000,5400.000,0.0000%,0,
Contact STARLINK-1394 - STARLINK-4134,0.000,5400.000,0.0000%,0,
Contact STARLINK-1394 - STARLINK-4004,0.000,5400.000,0.0000%,0,
Contact STARLINK-1394 - STARLINK-30883,5400.000,0.000,100.0000%,1,
Contact STARLINK-1394 - STARLINK-32165,0.000,5400.000,0.0000%,0,
Contact STARLINK-1394 - STARLINK-5433,0.000,5400.000,0.0000%,0,
Contact STARLINK-1394 - STARLINK-30973,0.000,5400.000,0.0000%,0,
Contact STARLINK-1394 - STARLINK-31577,0.000,5400.000,0.0000%,0,
Contact STARLINK-1394 - STARLINK-31214,0.000,5400.000,0.0000%,0,
Contact STARLINK-1394 - STARLINK-2684,0.000,5400.000,0.0000%,0,
Contact STARLINK-1394 - STARLINK-2609,0.000,5400.000,0.0000%,0,
Contact STARLINK-1394 - STARLINK-31041,0.000,5400.000,0.0000%,0,
Contact STARLINK-1394 - STARLINK-31412,639.384,4760.616,11.8405%,1,
Contact STARLINK-1394 - STARLINK-31564,0.000,5400.000,0.0000%,0,
Contact STARLINK-1394 - STARLINK-31245,0.000,5400.000,0.0000%,0,
Contact STARLINK-1394 - STARLINK-3369,0.000,5400.000,0.0000%,0,
Contact STARLINK-1394 - STARLINK-32246,0.000,5400.000,0.0000%,0,
Contact STARLINK-1394 - STARLINK-31021,877.228,4522.772,16.2450%,1,
Contact STARLINK-1394 - STARLINK-3653,0.000,5400.000,0.0000%,0,
Contact STARLINK-1394 - STARLINK-31260,1144.613,4255.387,21.1965%,1,
Contact STARLINK-1394 - STARLINK-30141,0.000,5400.000,0.0000%,0,
Contact STARLINK-1394 - STARLINK-6168,3916.496,1483.504,72.5277%,2,
Contact STARLINK-1394 - STARLINK-1616,0.000,5400.000,0.0000%,0,
Contact STARLINK-1394 - STARLINK-2702,0.000,5400.000,0.0000%,0,
Contact STARLINK-1394 - STARLINK-11142 [DTC],0.000,5400.000,0.0000%,0,
Contact STARLINK-1394 - STARLINK-3991,0.000,5400.000,0.0000%,0,
Contact STARLINK-1394 - STARLINK-31248,0.000,5400.000,0.0000%,0,
Contact STARLINK-1394 - STARLINK-5939,0.000,5400.000,0.0000%,0,
Contact STARLINK-1394 - STARLINK-5536,0.000,5400.000,0.0000%,0,
Contact STARLINK-1394 - STARLINK-4120,0.000,5400.000,0.0000%,0,
Contact STARLINK-1394 - STARLINK-5161,0.000,5400.000,0.0000%,0,
Contact STARLINK-1394 - STARLINK-30331,0.000,5400.000,0.0000%,0,
Contact STARLINK-1394 - STARLINK-1750,0.000,5400.000,0.0000%,0,
Contact STARLINK-1394 - STARLINK-30944,1246.747,4153.253,23.0879%,1,
Contact STARLINK-1394 - STARLINK-2603,0.000,5400.000,0.0000%,0,
Contact STARLINK-1394 - STARLINK-6172,0.000,5400.000,0.0000%,0,
Contact STARLINK-1394 - STARLINK-31707,0.000,5400.000,0.0000%,0,
Contact STARLINK-1394 - STARLINK-32046,0.000,5400.000,0.0000%,0,
Contact STARLINK-1394 - STARLINK-3394,0.000,5400.000,0.0000%,0,
Contact STARLINK-1394 - STARLINK-6207,1129.942,4270.058,20.9248%,1,
Contact STARLINK-1394 - STARLINK-1028,3673.247,1726.753,68.0231%,1,
Contact STARLINK-1394 - STARLINK-32185,445.818,4954.182,8.2559%,1,
Contact STARLINK-1394 - STARLINK-4437,252.218,5147.782,4.6707%,2,
Contact STARLINK-1394 - STARLINK-1090,0.000,5400.000,0.0000%,0,
Contact STARLINK-1394 - STARLINK-1208,0.000,5400.000,0.0000%,0,
Contact STARLINK-1394 - STARLINK-5849,5400.000,0.000,100.0000%,1,
Contact STARLINK-1394 - STARLINK-2193,0.000,5400.000,0.0000%,0,
Contact STARLINK-1394 - STARLINK-31653,0.000,5400.000,0.0000%,0,
Contact STARLINK-1394 - STARLINK-6338,0.000,5400.000,0.0000%,0,
Contact STARLINK-1394 - STARLINK-11086 [DTC],0.000,5400.000,0.0000%,0,
Contact STARLINK-1394 - STARLINK-30575,677.254,4722.746,12.5417%,1,
Contact STARLINK-1394 - STARLINK-5475,0.000,5400.000,0.0000%,0,
Contact STARLINK-1394 - STARLINK-31992,5400.000,0.000,100.0000%,1,
Contact STARLINK-1394 - STARLINK-30715,0.000,5400.000,0.0000%,0,
Contact STARLINK-1394 - STARLINK-31276,5400.000,0.000,100.0000%,1,
Contact STARLINK-1394 - STARLINK-31091,0.000,5400.000,0.0000%,0,
Contact STARLINK-1394 - STARLINK-11130 [DTC],0.000,5400.000,0.0000%,0,
Contact STARLINK-1394 - STARLINK-30303,0.000,5400.000,0.0000%,0,
Contact STARLINK-1394 - STARLINK-6366,0.000,5400.000,0.0000%,0,
Contact STARLINK-1394 - STARLINK-4260,0.000,5400.000,0.0000%,0,
Contact STARLINK-1394 - STARLINK-4130,0.000,5400.000,0.0000%,0,
Contact STARLINK-1394 - STARLINK-1098,0.000,5400.000,0.0000%,0,
Contact STARLINK-1394 - STARLINK-32045,0.000,5400.000,0.0000%,0,
Contact STARLINK-1394 - STARLINK-31083,0.000,5400.000,0.0000%,0,
Contact STARLINK-1394 - STARLINK-4090,0.000,5400.000,0.0000%,0,
Contact STARLINK-1394 - STARLINK-2504,0.000,5400.000,0.0000%,0,
Contact STARLINK-1394 - STARLINK-6346,5400.000,0.000,100.0000%,1,
Contact STARLINK-1394 - STARLINK-30299,0.000,5400.000,0.0000%,0,
Contact STARLINK-1394 - STARLINK-5966,0.000,5400.000,0.0000%,0,
Contact STARLINK-1394 - STARLINK-31917,0.000,5400.000,0.0000%,0,
Contact STARLINK-1394 - STARLINK-30208,0.000,5400.000,0.0000%,0,
Contact STARLINK-1394 - STARLINK-3911,0.000,5400.000,0.0000%,0,
Contact STARLINK-1394 - MoonARTEMIS1,5400.000,0.000,100.0000%,1,
Contact STARLINK-1394 - MoonARTEMIS2,5400.000,0.000,100.0000%,1,
Contact STARLINK-1394 - MoonIOAGEO,5400.000,0.000,100.0000%,1,
Contact STARLINK-1394 - MoonIOAGNO,5400.000,0.000,100.0000%,1,
Contact STARLINK-1394 - MoonIOAGNO 0001,5400.000,0.000,100.0000%,1,
Contact STARLINK-1394 - MoonIOAGSO,5400.000,0.000,100.0000%,1,
Contact STARLINK-1394 - MoonIOAGSO 0001,5400.000,0.000,100.0000%,1,
Contact STARLINK-1394 - MoonLRO,5400.000,0.000,100.0000%,1,
Contact STARLINK-1394 - MarsSat1,5400.000,0.000,100.0000%,1,
Contact STARLINK-1394 - MarsSat2,5400.000,0.000,100.0000%,1,
Contact STARLINK-1394 - MarsSat3,3330.686,2069.314,61.6794%,1,
Contact STARLINK-1394 - MarsSat4,5400.000,0.000,100.0000%,1,
Contact STARLINK-3334 - STARLINK-6347,0.000,5400.000,0.0000%,0,
Contact STARLINK-3334 - STARLINK-4732,4012.823,1387.177,74.3115%,1,
Contact STARLINK-3334 - STARLINK-1777,0.000,5400.000,0.0000%,0,
Contact STARLINK-3334 - STARLINK-4134,0.000,5400.000,0.0000%,0,
Contact STARLINK-3334 - STARLINK-4004,5400.000,0.000,100.0000%,1,
Contact STARLINK-3334 - STARLINK-30883,0.000,5400.000,0.0000%,0,
Contact STARLINK-3334 - STARLINK-32165,0.000,5400.000,0.0000%,0,
Contact STARLINK-3334 - STARLINK-5433,0.000,5400.000,0.0000%,0,
Contact STARLINK-3334 - STARLINK-30973,0.000,5400.000,0.0000%,0,
Contact STARLINK-3334 - STARLINK-31577,0.000,5400.000,0.0000%,0,
Contact STARLINK-3334 - STARLINK-31214,0.000,5400.000,0.0000%,0,
Contact STARLINK-3334 - STARLINK-2684,0.000,5400.000,0.0000%,0,
Contact STARLINK-3334 - STARLINK-2609,0.000,5400.000,0.0000%,0,
Contact STARLINK-3334 - STARLINK-31041,0.000,5400.000,0.0000%,0,
Contact STARLINK-3334 - STARLINK-31412,0.000,5400.000,0.0000%,0,
Contact STARLINK-3334 - STARLINK-31564,0.000,5400.000,0.0000%,0,
Contact STARLINK-3334 - STARLINK-31245,0.000,5400.000,0.0000%,0,
Contact STARLINK-3334 - STARLINK-3369,0.000,5400.000,0.0000%,0,
Contact STARLINK-3334 - STARLINK-32246,0.000,5400.000,0.0000%,0,
Contact STARLINK-3334 - STARLINK-31021,0.000,5400.000,0.0000%,0,
Contact STARLINK-3334 - STARLINK-3653,0.000,5400.000,0.0000%,0,
Contact STARLINK-3334 - STARLINK-31260,594.255,4805.745,11.0047%,1,
Contact STARLINK-3334 - STARLINK-30141,0.000,5400.000,0.0000%,0,
Contact STARLINK-3334 - STARLINK-6168,970.404,4429.596,17.9704%,1,
Contact STARLINK-3334 - STARLINK-1616,0.000,5400.000,0.0000%,0,
Contact STARLINK-3334 - STARLINK-2702,0.000,5400.000,0.0000%,0,
Contact STARLINK-3334 - STARLINK-11142 [DTC],0.000,5400.000,0.0000%,0,
Contact STARLINK-3334 - STARLINK-3991,0.000,5400.000,0.0000%,0,
Contact STARLINK-3334 - STARLINK-31248,0.000,5400.000,0.0000%,0,
Contact STARLINK-3334 - STARLINK-5939,5400.000,0.000,100.0000%,1,
Contact STARLINK-3334 - STARLINK-5536,0.000,5400.000,0.0000%,0,
Contact STARLINK-3334 - STARLINK-4120,999.444,4400.556,18.5082%,1,
Contact STARLINK-3334 - STARLINK-5161,0.000,5400.000,0.0000%,0,
Contact STARLINK-3334 - STARLINK-30331,1229.169,4170.831,22.7624%,1,
Contact STARLINK-3334 - STARLINK-1750,0.000,5400.000,0.0000%,0,
Contact STARLINK-3334 - STARLINK-30944,0.000,5400.000,0.0000%,0,
Contact STARLINK-3334 - STARLINK-2603,0.000,5400.000,0.0000%,0,
Contact STARLINK-3334 - STARLINK-6172,0.000,5400.000,0.0000%,0,
Contact STARLINK-3334 - STARLINK-31707,1123.725,4276.275,20.8097%,1,
Contact STARLINK-3334 - STARLINK-32046,0.000,5400.000,0.0000%,0,
Contact STARLINK-3334 - STARLINK-3394,0.000,5400.000,0.0000%,0,
Contact STARLINK-3334 - STARLINK-6207,0.000,5400.000,0.0000%,0,
Contact STARLINK-3334 - STARLINK-1028,0.000,5400.000,0.0000%,0,
Contact STARLINK-3334 - STARLINK-32185,0.000,5400.000,0.0000%,0,
Contact STARLINK-3334 - STARLINK-4437,0.000,5400.000,0.0000%,0,
Contact STARLINK-3334 - STARLINK-1090,0.000,5400.000,0.0000%,0,
Contact STARLINK-3334 - STARLINK-1208,0.000,5400.000,0.0000%,0,
Contact STARLINK-3334 - STARLINK-5849,0.000,5400.000,0.0000%,0,
Contact STARLINK-3334 - STARLINK-2193,5400.000,0.000,100.0000%,1,
Contact STARLINK-3334 - STARLINK-31653,0.000,5400.000,0.0000%,0,
Contact STARLINK-3334 - STARLINK-6338,0.000,5400.000,0.0000%,0,
Contact STARLINK-3334 - STARLINK-11086 [DTC],0.000,5400.000,0.0000%,0,
Contact STARLINK-3334 - STARLINK-30575,0.000,5400.000,0.0000%,0,
Contact STARLINK-3334 - STARLINK-5475,0.000,5400.000,0.0000%,0,
Contact STARLINK-3334 - STARLINK-31992,0.000,5400.000,0.0000%,0,
Contact STARLINK-3334 - STARLINK-30715,0.000,5400.000,0.0000%,0,
Contact STARLINK-3334 - STARLINK-31276,0.000,5400.000,0.0000%,0,
Contact STARLINK-3334 - STARLINK-31091,0.000,5400.000,0.0000%,0,
Contact STARLINK-3334 - STARLINK-11130 [DTC],0.000,5400.000,0.0000%,0,
Contact STARLINK-3334 - STARLINK-30303,5400.000,0.000,100.0000%,1,
Contact STARLINK-3334 - STARLINK-6366,0.000,5400.000,0.0000%,0,
Contact STARLINK-3334 - STARLINK-4260,0.000,5400.000,0.0000%,0,
Contact STARLINK-3334 - STARLINK-4130,0.000,5400.000,0.0000%,0,
Contact STARLINK-3334 - STARLINK-1098,0.000,5400.000,0.0000%,0,
Contact STARLINK-3334 - STARLINK-32045,0.000,5400.000,0.0000%,0,
Contact STARLINK-3334 - STARLINK-31083,5400.000,0.000,100.0000%,1,
Contact STARLINK-3334 - STARLINK-4090,5400.000,0.000,100.0000%,1,
Contact STARLINK-3334 - STARLINK-2504,3956.307,1443.693,73.2649%,2,
Contact STARLINK-3334 - STARLINK-6346,0.000,5400.000,0.0000%,0,
Contact STARLINK-3334 - STARLINK-30299,5400.000,0.000,100.0000%,1,
Contact STARLINK-3334 - STARLINK-5966,0.000,5400.000,0.0000%,0,
Contact STARLINK-3334 - STARLINK-31917,0.000,5400.000,0.0000%,0,
Contact STARLINK-3334 - STARLINK-30208,0.000,5400.000,0.0000%,0,
Contact STARLINK-3334 - STARLINK-3911,0.000,5400.000,0.0000%,0,
Contact STARLINK-3334 - MoonARTEMIS1,3619.657,1780.343,67.0307%,1,
Contact STARLINK-3334 - MoonARTEMIS2,3605.016,1794.984,66.7596%,1,
Contact STARLINK-3334 - MoonIOAGEO,3610.016,1789.984,66.8521%,1,
Contact STARLINK-3334 - MoonIOAGNO,3618.770,1781.230,67.0143%,1,
Contact STARLINK-3334 - MoonIOAGNO 0001,3603.072,1796.928,66.7235%,1,
Contact STARLINK-3334 - MoonIOAGSO,3608.715,1791.285,66.8281%,1,
Contact STARLINK-3334 - MoonIOAGSO 0001,3615.409,1784.591,66.9520%,1,
Contact STARLINK-3334 - MoonLRO,1748.202,3651.798,32.3741%,1,
Contact STARLINK-3334 - MarsSat1,5400.000,0.000,100.0000%,1,
Contact STARLINK-3334 - MarsSat2,5400.000,0.000,100.0000%,1,
Contact STARLINK-3334 - MarsSat3,1837.460,3562.540,34.0270%,1,
Contact STARLINK-3334 - MarsSat4,5400.000,0.000,100.0000%,1,
Contact STARLINK-6347 - STARLINK-4732,0.000,5400.000,0.0000%,0,
Contact STARLINK-6347 - STARLINK-1777,0.000,5400.000,0.0000%,0,
Contact STARLINK-6347 - STARLINK-4134,0.000,5400.000,0.0000%,0,
Contact STARLINK-6347 - STARLINK-4004,0.000,5400.000,0.0000%,0,
Contact STARLINK-6347 - STARLINK-30883,5400.000,0.000,100.0000%,1,
Contact STARLINK-6347 - STARLINK-32165,0.000,5400.000,0.0000%,0,
Contact STARLINK-6347 - STARLINK-5433,0.000,5400.000,0.0000%,0,
Contact STARLINK-6347 - STARLINK-30973,0.000,5400.000,0.0000%,0,
Contact STARLINK-6347 - STARLINK-31577,0.000,5400.000,0.0000%,0,
Contact STARLINK-6347 - STARLINK-31214,0.000,5400.000,0.0000%,0,
Contact STARLINK-6347 - STARLINK-2684,0.000,5400.000,0.0000%,0,
Contact STARLINK-6347 - STARLINK-2609,0.000,5400.000,0.0000%,0,
Contact STARLINK-6347 - STARLINK-31041,0.000,5400.000,0.0000%,0,
Contact STARLINK-6347 - STARLINK-31412,0.000,5400.000,0.0000%,0,
Contact STARLINK-6347 - STARLINK-31564,0.000,5400.000,0.0000%,0,
Contact STARLINK-6347 - STARLINK-31245,0.000,5400.000,0.0000%,0,
Contact STARLINK-6347 - STARLINK-3369,0.000,5400.000,0.0000%,0,
Contact STARLINK-6347 - STARLINK-32246,0.000,5400.000,0.0000%,0,
Contact STARLINK-6347 - STARLINK-31021,453.646,4946.354,8.4008%,1,
Contact STARLINK-6347 - STARLINK-3653,0.000,5400.000,0.0000%,0,
Contact STARLINK-6347 - STARLINK-31260,5400.000,0.000,100.0000%,1,
Contact STARLINK-6347 - STARLINK-30141,0.000,5400.000,0.0000%,0,
Contact STARLINK-6347 - STARLINK-6168,0.000,5400.000,0.0000%,0,
Contact STARLINK-6347 - STARLINK-1616,0.000,5400.000,0.0000%,0,
Contact STARLINK-6347 - STARLINK-2702,0.000,5400.000,0.0000%,0,
Contact STARLINK-6347 - STARLINK-11142 [DTC],0.000,5400.000,0.0000%,0,
Contact STARLINK-6347 - STARLINK-3991,0.000,5400.000,0.0000%,0,
Contact STARLINK-6347 - STARLINK-31248,0.000,5400.000,0.0000%,0,
Contact STARLINK-6347 - STARLINK-5939,0.000,5400.000,0.0000%,0,
Contact STARLINK-6347 - STARLINK-5536,0.000,5400.000,0.0000%,0,
Contact STARLINK-6347 - STARLINK-4120,0.000,5400.000,0.0000%,0,
Contact STARLINK-6347 - STARLINK-5161,0.000,5400.000,0.0000%,0,
Contact STARLINK-6347 - STARLINK-30331,0.000,5400.000,0.0000%,0,
Contact STARLINK-6347 - STARLINK-1750,0.000,5400.000,0.0000%,0,
Contact STARLINK-6347 - STARLINK-30944,776.880,4623.120,14.3867%,2,
Contact STARLINK-6347 - STARLINK-2603,0.000,5400.000,0.0000%,0,
Contact STARLINK-6347 - STARLINK-6172,0.000,5400.000,0.0000%,0,
Contact STARLINK-6347 - STARLINK-31707,0.000,5400.000,0.0000%,0,
Contact STARLINK-6347 - STARLINK-32046,0.000,5400.000,0.0000%,0,
Contact STARLINK-6347 - STARLINK-3394,0.000,5400.000,0.0000%,0,
Contact STARLINK-6347 - STARLINK-6207,644.632,4755.368,11.9376%,2,
Contact STARLINK-6347 - STARLINK-1028,321.444,5078.556,5.9527%,2,
Contact STARLINK-6347 - STARLINK-32185,0.000,5400.000,0.0000%,0,
Contact STARLINK-6347 - STARLINK-4437,0.000,5400.000,0.0000%,0,
Contact STARLINK-6347 - STARLINK-1090,0.000,5400.000,0.0000%,0,
Contact STARLINK-6347 - STARLINK-1208,0.000,5400.000,0.0000%,0,
Contact STARLINK-6347 - STARLINK-5849,0.000,5400.000,0.0000%,0,
Contact STARLINK-6347 - STARLINK-2193,702.507,4697.493,13.0094%,1,
Contact STARLINK-6347 - STARLINK-31653,0.000,5400.000,0.0000%,0,
Contact STARLINK-6347 - STARLINK-6338,0.000,5400.000,0.0000%,0,
Contact STARLINK-6347 - STARLINK-11086 [DTC],0.000,5400.000,0.0000%,0,
Contact STARLINK-6347 - STARLINK-30575,475.900,4924.100,8.8130%,1,
Contact STARLINK-6347 - STARLINK-5475,0.000,5400.000,0.0000%,0,
Contact STARLINK-6347 - STARLINK-31992,509.950,4890.050,9.4435%,1,
Contact STARLINK-6347 - STARLINK-30715,0.000,5400.000,0.0000%,0,
Contact STARLINK-6347 - STARLINK-31276,1251.087,4148.913,23.1683%,1,
Contact STARLINK-6347 - STARLINK-31091,0.000,5400.000,0.0000%,0,
Contact STARLINK-6347 - STARLINK-11130 [DTC],0.000,5400.000,0.0000%,0,
Contact STARLINK-6347 - STARLINK-30303,942.158,4457.842,17.4474%,1,
Contact STARLINK-6347 - STARLINK-6366,0.000,5400.000,0.0000%,0,
Contact STARLINK-6347 - STARLINK-4260,0.000,5400.000,0.0000%,0,
Contact STARLINK-6347 - STARLINK-4130,0.000,5400.000,0.0000%,0,
Contact STARLINK-6347 - STARLINK-1098,0.000,5400.000,0.0000%,0,
Contact STARLINK-6347 - STARLINK-32045,0.000,5400.000,0.0000%,0,
Contact STARLINK-6347 - STARLINK-31083,583.122,4816.878,10.7986%,1,
Contact STARLINK-6347 - STARLINK-4090,0.000,5400.000,0.0000%,0,
Contact STARLINK-6347 - STARLINK-2504,0.000,5400.000,0.0000%,0,
Contact STARLINK-6347 - STARLINK-6346,852.184,4547.816,15.7812%,2,
Contact STARLINK-6347 - STARLINK-30299,975.233,4424.767,18.0599%,1,
Contact STARLINK-6347 - STARLINK-5966,0.000,5400.000,0.0000%,0,
Contact STARLINK-6347 - STARLINK-31917,0.000,5400.000,0.0000%,0,
Contact STARLINK-6347 - STARLINK-30208,0.000,5400.000,0.0000%,0,
Contact STARLINK-6347 - STARLINK-3911,0.000,5400.000,0.0000%,0,
Contact STARLINK-6347 - MoonARTEMIS1,4043.309,1356.691,74.8761%,1,
Contact STARLINK-6347 - MoonARTEMIS2,3947.997,1452.003,73.1111%,1,
Contact STARLINK-6347 - MoonIOAGEO,4010.806,1389.194,74.2742%,1,
Contact STARLINK-6347 - MoonIOAGNO,4018.365,1381.635,74.4142%,1,
Contact STARLINK-6347 - MoonIOAGNO 0001,4020.603,1379.397,74.4556%,1,
Contact STARLINK-6347 - MoonIOAGSO,4005.013,1394.987,74.1669%,1,
Contact STARLINK-6347 - MoonIOAGSO 0001,3966.021,1433.979,73.4448%,1,
Contact STARLINK-6347 - MoonLRO,1155.612,4244.388,21.4002%,1,
Contact STARLINK-6347 - MarsSat1,5400.000,0.000,100.0000%,1,
Contact STARLINK-6347 - MarsSat2,5400.000,0.000,100.0000%,1,
Contact STARLINK-6347 - MarsSat3,3862.310,1537.690,71.5243%,1,
Contact STARLINK-6347 - MarsSat4,5400.000,0.000,100.0000%,1,
Contact STARLINK-4732 - STARLINK-1777,0.000,5400.000,0.0000%,0,
Contact STARLINK-4732 - STARLINK-4134,0.000,5400.000,0.0000%,0,
Contact STARLINK-4732 - STARLINK-4004,742.332,4657.668,13.7469%,2,
Contact STARLINK-4732 - STARLINK-30883,0.000,5400.000,0.0000%,0,
Contact STARLINK-4732 - STARLINK-32165,0.000,5400.000,0.0000%,0,
Contact STARLINK-4732 - STARLINK-5433,0.000,5400.000,0.0000%,0,
Contact STARLINK-4732 - STARLINK-30973,0.000,5400.000,0.0000%,0,
Contact STARLINK-4732 - STARLINK-31577,542.846,4857.154,10.0527%,2,
Contact STARLINK-4732 - STARLINK-31214,0.000,5400.000,0.0000%,0,
Contact STARLINK-4732 - STARLINK-2684,0.000,5400.000,0.0000%,0,
Contact STARLINK-4732 - STARLINK-2609,0.000,5400.000,0.0000%,0,
Contact STARLINK-4732 - STARLINK-31041,0.000,5400.000,0.0000%,0,
Contact STARLINK-4732 - STARLINK-31412,0.000,5400.000,0.0000%,0,
Contact STARLINK-4732 - STARLINK-31564,0.000,5400.000,0.0000%,0,
Contact STARLINK-4732 - STARLINK-31245,0.000,5400.000,0.0000%,0,
Contact STARLINK-4732 - STARLINK-3369,0.000,5400.000,0.0000%,0,
Contact STARLINK-4732 - STARLINK-32246,0.000,5400.000,0.0000%,0,
Contact STARLINK-4732 - STARLINK-31021,0.000,5400.000,0.0000%,0,
Contact STARLINK-4732 - STARLINK-3653,0.000,5400.000,0.0000%,0,
Contact STARLINK-4732 - STARLINK-31260,4586.784,813.216,84.9404%,1,
Contact STARLINK-4732 - STARLINK-30141,0.000,5400.000,0.0000%,0,
Contact STARLINK-4732 - STARLINK-6168,0.000,5400.000,0.0000%,0,
Contact STARLINK-4732 - STARLINK-1616,0.000,5400.000,0.0000%,0,
Contact STARLINK-4732 - STARLINK-2702,0.000,5400.000,0.0000%,0,
Contact STARLINK-4732 - STARLINK-11142 [DTC],0.000,5400.000,0.0000%,0,
Contact STARLINK-4732 - STARLINK-3991,0.000,5400.000,0.0000%,0,
Contact STARLINK-4732 - STARLINK-31248,0.000,5400.000,0.0000%,0,
Contact STARLINK-4732 - STARLINK-5939,827.454,4572.546,15.3232%,1,
Contact STARLINK-4732 - STARLINK-5536,0.000,5400.000,0.0000%,0,
Contact STARLINK-4732 - STARLINK-4120,359.358,5040.642,6.6548%,2,
Contact STARLINK-4732 - STARLINK-5161,0.000,5400.000,0.0000%,0,
Contact STARLINK-4732 - STARLINK-30331,5400.000,0.000,100.0000%,1,
Contact STARLINK-4732 - STARLINK-1750,0.000,5400.000,0.0000%,0,
Contact STARLINK-4732 - STARLINK-30944,0.000,5400.000,0.0000%,0,
Contact STARLINK-4732 - STARLINK-2603,0.000,5400.000,0.0000%,0,
Contact STARLINK-4732 - STARLINK-6172,0.000,5400.000,0.0000%,0,
Contact STARLINK-4732 - STARLINK-31707,5400.000,0.000,100.0000%,1,
Contact STARLINK-4732 - STARLINK-32046,0.000,5400.000,0.0000%,0,
Contact STARLINK-4732 - STARLINK-3394,0.000,5400.000,0.0000%,0,
Contact STARLINK-4732 - STARLINK-6207,0.000,5400.000,0.0000%,0,
Contact STARLINK-4732 - STARLINK-1028,0.000,5400.000,0.0000%,0,
Contact STARLINK-4732 - STARLINK-32185,0.000,5400.000,0.0000%,0,
Contact STARLINK-4732 - STARLINK-4437,0.000,5400.000,0.0000%,0,
Contact STARLINK-4732 - STARLINK-1090,0.000,5400.000,0.0000%,0,
Contact STARLINK-4732 - STARLINK-1208,0.000,5400.000,0.0000%,0,
Contact STARLINK-4732 - STARLINK-5849,0.000,5400.000,0.0000%,0,
Contact STARLINK-4732 - STARLINK-2193,5400.000,0.000,100.0000%,1,
Contact STARLINK-4732 - STARLINK-31653,453.599,4946.401,8.4000%,1,
Contact STARLINK-4732 - STARLINK-6338,0.000,5400.000,0.0000%,0,
Contact STARLINK-4732 - STARLINK-11086 [DTC],0.000,5400.000,0.0000%,0,
Contact STARLINK-4732 - STARLINK-30575,465.230,4934.770,8.6154%,2,
Contact STARLINK-4732 - STARLINK-5475,0.000,5400.000,0.0000%,0,
Contact STARLINK-4732 - STARLINK-31992,790.726,4609.274,14.6431%,1,
Contact STARLINK-4732 - STARLINK-30715,502.336,4897.664,9.3025%,1,
Contact STARLINK-4732 - STARLINK-31276,0.000,5400.000,0.0000%,0,
Contact STARLINK-4732 - STARLINK-31091,0.000,5400.000,0.0000%,0,
Contact STARLINK-4732 - STARLINK-11130 [DTC],0.000,5400.000,0.0000%,0,
Contact STARLINK-4732 - STARLINK-30303,5400.000,0.000,100.0000%,1,
Contact STARLINK-4732 - STARLINK-6366,0.000,5400.000,0.0000%,0,
Contact STARLINK-4732 - STARLINK-4260,0.000,5400.000,0.0000%,0,
Contact STARLINK-4732 - STARLINK-4130,0.000,5400.000,0.0000%,0,
Contact STARLINK-4732 - STARLINK-1098,0.000,5400.000,0.0000%,0,
Contact STARLINK-4732 - STARLINK-32045,0.000,5400.000,0.0000%,0,
Contact STARLINK-4732 - STARLINK-31083,5400.000,0.000,100.0000%,1,
Contact STARLINK-4732 - STARLINK-4090,741.841,4658.159,13.7378%,1,
Contact STARLINK-4732 - STARLINK-2504,531.353,4868.647,9.8399%,2,
Contact STARLINK-4732 - STARLINK-6346,0.000,5400.000,0.0000%,0,
Contact STARLINK-4732 - STARLINK-30299,5400.000,0.000,100.0000%,1,
Contact STARLINK-4732 - STARLINK-5966,0.000,5400.000,0.0000%,0,
Contact STARLINK-4732 - STARLINK-31917,0.000,5400.000,0.0000%,0,
Contact STARLINK-4732 - STARLINK-30208,0.000,5400.000,0.0000%,0,
Contact STARLINK-4732 - STARLINK-3911,517.582,4882.418,9.5848%,2,
Contact STARLINK-4732 - MoonARTEMIS1,3582.000,1818.000,66.3333%,1,
Contact STARLINK-4732 - MoonARTEMIS2,3586.912,1813.088,66.4243%,1,
Contact STARLINK-4732 - MoonIOAGEO,3576.757,1823.243,66.2362%,1,
Contact STARLINK-4732 - MoonIOAGNO,3576.814,1823.186,66.2373%,1,
Contact STARLINK-4732 - MoonIOAGNO 0001,3577.554,1822.446,66.2510%,1,
Contact STARLINK-4732 - MoonIOAGSO,3584.217,1815.783,66.3744%,1,
Contact STARLINK-4732 - MoonIOAGSO 0001,3582.872,1817.128,66.3495%,1,
Contact STARLINK-4732 - MoonLRO,1425.277,3974.723,26.3940%,1,
Contact STARLINK-4732 - MarsSat1,5400.000,0.000,100.0000%,1,
Contact STARLINK-4732 - MarsSat2,5400.000,0.000,100.0000%,1,
Contact STARLINK-4732 - MarsSat3,1812.560,3587.440,33.5659%,1,
Contact STARLINK-4732 - MarsSat4,5400.000,0.000,100.0000%,1,
Contact STARLINK-1777 - STARLINK-4134,4157.336,1242.664,76.9877%,1,
Contact STARLINK-1777 - STARLINK-4004,0.000,5400.000,0.0000%,0,
Contact STARLINK-1777 - STARLINK-30883,0.000,5400.000,0.0000%,0,
Contact STARLINK-1777 - STARLINK-32165,0.000,5400.000,0.0000%,0,
Contact STARLINK-1777 - STARLINK-5433,0.000,5400.000,0.0000%,0,
Contact STARLINK-1777 - STARLINK-30973,0.000,5400.000,0.0000%,0,
Contact STARLINK-1777 - STARLINK-31577,0.000,5400.000,0.0000%,0,
Contact STARLINK-1777 - STARLINK-31214,0.000,5400.000,0.0000%,0,
Contact STARLINK-1777 - STARLINK-2684,522.730,4877.270,9.6802%,1,
Contact STARLINK-1777 - STARLINK-2609,4521.976,878.024,83.7403%,1,
Contact STARLINK-1777 - STARLINK-31041,211.849,5188.151,3.9231%,1,
Contact STARLINK-1777 - STARLINK-31412,431.266,4968.734,7.9864%,1,
Contact STARLINK-1777 - STARLINK-31564,0.000,5400.000,0.0000%,0,
Contact STARLINK-1777 - STARLINK-31245,5400.000,0.000,100.0000%,1,
Contact STARLINK-1777 - STARLINK-3369,0.000,5400.000,0.0000%,0,
Contact STARLINK-1777 - STARLINK-32246,0.000,5400.000,0.0000%,0,
Contact STARLINK-1777 - STARLINK-31021,0.000,5400.000,0.0000%,0,
Contact STARLINK-1777 - STARLINK-3653,0.000,5400.000,0.0000%,0,
Contact STARLINK-1777 - STARLINK-31260,0.000,5400.000,0.0000%,0,
Contact STARLINK-1777 - STARLINK-30141,0.000,5400.000,0.0000%,0,
Contact STARLINK-1777 - STARLINK-6168,0.000,5400.000,0.0000%,0,
Contact STARLINK-1777 - STARLINK-1616,0.000,5400.000,0.0000%,0,
Contact STARLINK-1777 - STARLINK-2702,0.000,5400.000,0.0000%,0,
Contact STARLINK-1777 - STARLINK-11142 [DTC],0.000,5400.000,0.0000%,0,
Contact STARLINK-1777 - STARLINK-3991,5400.000,0.000,100.0000%,1,
Contact STARLINK-1777 - STARLINK-31248,0.000,5400.000,0.0000%,0,
Contact STARLINK-1777 - STARLINK-5939,0.000,5400.000,0.0000%,0,
Contact STARLINK-1777 - STARLINK-5536,0.000,5400.000,0.0000%,0,
Contact STARLINK-1777 - STARLINK-4120,0.000,5400.000,0.0000%,0,
Contact STARLINK-1777 - STARLINK-5161,0.000,5400.000,0.0000%,0,
Contact STARLINK-1777 - STARLINK-30331,0.000,5400.000,0.0000%,0,
Contact STARLINK-1777 - STARLINK-1750,0.000,5400.000,0.0000%,0,
Contact STARLINK-1777 - STARLINK-30944,0.000,5400.000,0.0000%,0,
Contact STARLINK-1777 - STARLINK-2603,0.000,5400.000,0.0000%,0,
Contact STARLINK-1777 - STARLINK-6172,0.000,5400.000,0.0000%,0,
Contact STARLINK-1777 - STARLINK-31707,0.000,5400.000,0.0000%,0,
Contact STARLINK-1777 - STARLINK-32046,0.000,5400.000,0.0000%,0,
Contact STARLINK-1777 - STARLINK-3394,5400.000,0.000,100.0000%,1,
Contact STARLINK-1777 - STARLINK-6207,0.000,5400.000,0.0000%,0,
Contact STARLINK-1777 - STARLINK-1028,0.000,5400.000,0.0000%,0,
Contact STARLINK-1777 - STARLINK-32185,685.775,4714.225,12.6995%,1,
Contact STARLINK-1777 - STARLINK-4437,0.000,5400.000,0.0000%,0,
Contact STARLINK-1777 - STARLINK-1090,0.000,5400.000,0.0000%,0,
Contact STARLINK-1777 - STARLINK-1208,0.000,5400.000,0.0000%,0,
Contact STARLINK-1777 - STARLINK-5849,0.000,5400.000,0.0000%,0,
Contact STARLINK-1777 - STARLINK-2193,0.000,5400.000,0.0000%,0,
Contact STARLINK-1777 - STARLINK-31653,0.000,5400.000,0.0000%,0,
Contact STARLINK-1777 - STARLINK-6338,0.000,5400.000,0.0000%,0,
Contact STARLINK-1777 - STARLINK-11086 [DTC],0.000,5400.000,0.0000%,0,
Contact STARLINK-1777 - STARLINK-30575,0.000,5400.000,0.0000%,0,
Contact STARLINK-1777 - STARLINK-5475,0.000,5400.000,0.0000%,0,
Contact STARLINK-1777 - STARLINK-31992,0.000,5400.000,0.0000%,0,
Contact STARLINK-1777 - STARLINK-30715,0.000,5400.000,0.0000%,0,
Contact STARLINK-1777 - STARLINK-31276,0.000,5400.000,0.0000%,0,
Contact STARLINK-1777 - STARLINK-31091,5400.000,0.000,100.0000%,1,
Contact STARLINK-1777 - STARLINK-11130 [DTC],5400.000,0.000,100.0000%,1,
Contact STARLINK-1777 - STARLINK-30303,0.000,5400.000,0.0000%,0,
Contact STARLINK-1777 - STARLINK-6366,0.000,5400.000,0.0000%,0,
Contact STARLINK-1777 - STARLINK-4260,595.151,4804.849,11.0213%,1,
Contact STARLINK-1777 - STARLINK-4130,4083.074,1316.926,75.6125%,1,
Contact STARLINK-1777 - STARLINK-1098,0.000,5400.000,0.0000%,0,
Contact STARLINK-1777 - STARLINK-32045,0.000,5400.000,0.0000%,0,
Contact STARLINK-1777 - STARLINK-31083,0.000,5400.000,0.0000%,0,
Contact STARLINK-1777 - STARLINK-4090,0.000,5400.000,0.0000%,0,
Contact STARLINK-1777 - STARLINK-2504,0.000,5400.000,0.0000%,0,
Contact STARLINK-1777 - STARLINK-6346,0.000,5400.000,0.0000%,0,
Contact STARLINK-1777 - STARLINK-30299,0.000,5400.000,0.0000%,0,
Contact STARLINK-1777 - STARLINK-5966,0.000,5400.000,0.0000%,0,
Contact STARLINK-1777 - STARLINK-31917,722.469,4677.531,13.3791%,2,
Contact STARLINK-1777 - STARLINK-30208,0.000,5400.000,0.0000%,0,
Contact STARLINK-1777 - STARLINK-3911,0.000,5400.000,0.0000%,0,
Contact STARLINK-1777 - MoonARTEMIS1,3218.169,2181.831,59.5957%,2,
Contact STARLINK-1777 - MoonARTEMIS2,3224.353,2175.647,59.7102%,2,
Contact STARLINK-1777 - MoonIOAGEO,3222.329,2177.671,59.6728%,2,
Contact STARLINK-1777 - MoonIOAGNO,3222.605,2177.395,59.6779%,2,
Contact STARLINK-1777 - MoonIOAGNO 0001,3220.399,2179.601,59.6370%,2,
Contact STARLINK-1777 - MoonIOAGSO,3219.272,2180.728,59.6161%,2,
Contact STARLINK-1777 - MoonIOAGSO 0001,3224.983,2175.017,59.7219%,2,
Contact STARLINK-1777 - MoonLRO,2408.608,2991.392,44.6039%,2,
Contact STARLINK-1777 - MarsSat1,3584.124,1815.876,66.3727%,1,
Contact STARLINK-1777 - MarsSat2,3584.144,1815.856,66.3730%,1,
Contact STARLINK-1777 - MarsSat3,3584.147,1815.853,66.3731%,1,
Contact STARLINK-1777 - MarsSat4,3584.119,1815.881,66.3726%,1,
Contact STARLINK-4134 - STARLINK-4004,0.000,5400.000,0.0000%,0,
Contact STARLINK-4134 - STARLINK-30883,0.000,5400.000,0.0000%,0,
Contact STARLINK-4134 - STARLINK-32165,0.000,5400.000,0.0000%,0,
Contact STARLINK-4134 - STARLINK-5433,0.000,5400.000,0.0000%,0,
Contact STARLINK-4134 - STARLINK-30973,0.000,5400.000,0.0000%,0,
Contact STARLINK-4134 - STARLINK-31577,0.000,5400.000,0.0000%,0,
Contact STARLINK-4134 - STARLINK-31214,0.000,5400.000,0.0000%,0,
Contact STARLINK-4134 - STARLINK-2684,5400.000,0.000,100.0000%,1,
Contact STARLINK-4134 - STARLINK-2609,928.275,4471.725,17.1903%,1,
Contact STARLINK-4134 - STARLINK-31041,759.609,4640.391,14.0668%,2,
Contact STARLINK-4134 - STARLINK-31412,250.589,5149.411,4.6405%,1,
Contact STARLINK-4134 - STARLINK-31564,0.000,5400.000,0.0000%,0,
Contact STARLINK-4134 - STARLINK-31245,4063.853,1336.147,75.2565%,1,
Contact STARLINK-4134 - STARLINK-3369,0.000,5400.000,0.0000%,0,
Contact STARLINK-4134 - STARLINK-32246,698.875,4701.125,12.9421%,1,
Contact STARLINK-4134 - STARLINK-31021,0.000,5400.000,0.0000%,0,
Contact STARLINK-4134 - STARLINK-3653,0.000,5400.000,0.0000%,0,
Contact STARLINK-4134 - STARLINK-31260,0.000,5400.000,0.0000%,0,
Contact STARLINK-4134 - STARLINK-30141,0.000,5400.000,0.0000%,0,
Contact STARLINK-4134 - STARLINK-6168,0.000,5400.000,0.0000%,0,
Contact STARLINK-4134 - STARLINK-1616,0.000,5400.000,0.0000%,0,
Contact STARLINK-4134 - STARLINK-2702,0.000,5400.000,0.0000%,0,
Contact STARLINK-4134 - STARLINK-11142 [DTC],0.000,5400.000,0.0000%,0,
Contact STARLINK-4134 - STARLINK-3991,5400.000,0.000,100.0000%,1,
Contact STARLINK-4134 - STARLINK-31248,0.000,5400.000,0.0000%,0,
Contact STARLINK-4134 - STARLINK-5939,0.000,5400.000,0.0000%,0,
Contact STARLINK-4134 - STARLINK-5536,0.000,5400.000,0.0000%,0,
Contact STARLINK-4134 - STARLINK-4120,0.000,5400.000,0.0000%,0,
Contact STARLINK-4134 - STARLINK-5161,0.000,5400.000,0.0000%,0,
Contact STARLINK-4134 - STARLINK-30331,0.000,5400.000,0.0000%,0,
Contact STARLINK-4134 - STARLINK-1750,0.000,5400.000,0.0000%,0,
Contact STARLINK-4134 - STARLINK-30944,0.000,5400.000,0.0000%,0,
Contact STARLINK-4134 - STARLINK-2603,0.000,5400.000,0.0000%,0,
Contact STARLINK-4134 - STARLINK-6172,0.000,5400.000,0.0000%,0,
Contact STARLINK-4134 - STARLINK-31707,0.000,5400.000,0.0000%,0,
Contact STARLINK-4134 - STARLINK-32046,0.000,5400.000,0.0000%,0,
Contact STARLINK-4134 - STARLINK-3394,3988.402,1411.598,73.8593%,1,
Contact STARLINK-4134 - STARLINK-6207,0.000,5400.000,0.0000%,0,
Contact STARLINK-4134 - STARLINK-1028,0.000,5400.000,0.0000%,0,
Contact STARLINK-4134 - STARLINK-32185,3141.560,2258.440,58.1770%,1,
Contact STARLINK-4134 - STARLINK-4437,685.199,4714.801,12.6889%,1,
Contact STARLINK-4134 - STARLINK-1090,583.026,4816.974,10.7968%,1,
Contact STARLINK-4134 - STARLINK-1208,0.000,5400.000,0.0000%,0,
Contact STARLINK-4134 - STARLINK-5849,0.000,5400.000,0.0000%,0,
Contact STARLINK-4134 - STARLINK-2193,0.000,5400.000,0.0000%,0,
Contact STARLINK-4134 - STARLINK-31653,0.000,5400.000,0.0000%,0,
Contact STARLINK-4134 - STARLINK-6338,0.000,5400.000,0.0000%,0,
Contact STARLINK-4134 - STARLINK-11086 [DTC],0.000,5400.000,0.0000%,0,
Contact STARLINK-4134 - STARLINK-30575,0.000,5400.000,0.0000%,0,
Contact STARLINK-4134 - STARLINK-5475,0.000,5400.000,0.0000%,0,
Contact STARLINK-4134 - STARLINK-31992,0.000,5400.000,0.0000%,0,
Contact STARLINK-4134 - STARLINK-30715,0.000,5400.000,0.0000%,0,
Contact STARLINK-4134 - STARLINK-31276,165.512,5234.488,3.0650%,1,
Contact STARLINK-4134 - STARLINK-31091,5400.000,0.000,100.0000%,1,
Contact STARLINK-4134 - STARLINK-11130 [DTC],943.146,4456.854,17.4657%,1,
Contact STARLINK-4134 - STARLINK-30303,0.000,5400.000,0.0000%,0,
Contact STARLINK-4134 - STARLINK-6366,0.000,5400.000,0.0000%,0,
Contact STARLINK-4134 - STARLINK-4260,0.000,5400.000,0.0000%,0,
Contact STARLINK-4134 - STARLINK-4130,5400.000,0.000,100.0000%,1,
Contact STARLINK-4134 - STARLINK-1098,0.000,5400.000,0.0000%,0,
Contact STARLINK-4134 - STARLINK-32045,0.000,5400.000,0.0000%,0,
Contact STARLINK-4134 - STARLINK-31083,0.000,5400.000,0.0000%,0,
Contact STARLINK-4134 - STARLINK-4090,0.000,5400.000,0.0000%,0,
Contact STARLINK-4134 - STARLINK-2504,0.000,5400.000,0.0000%,0,
Contact STARLINK-4134 - STARLINK-6346,0.000,5400.000,0.0000%,0,
Contact STARLINK-4134 - STARLINK-30299,0.000,5400.000,0.0000%,0,
Contact STARLINK-4134 - STARLINK-5966,0.000,5400.000,0.0000%,0,
Contact STARLINK-4134 - STARLINK-31917,4372.862,1027.138,80.9789%,2,
Contact STARLINK-4134 - STARLINK-30208,0.000,5400.000,0.0000%,0,
Contact STARLINK-4134 - STARLINK-3911,0.000,5400.000,0.0000%,0,
Contact STARLINK-4134 - MoonARTEMIS1,3301.692,2098.308,61.1424%,2,
Contact STARLINK-4134 - MoonARTEMIS2,3294.953,2105.047,61.0177%,2,
Contact STARLINK-4134 - MoonIOAGEO,3304.568,2095.432,61.1957%,2,
Contact STARLINK-4134 - MoonIOAGNO,3297.985,2102.015,61.0738%,2,
Contact STARLINK-4134 - MoonIOAGNO 0001,3296.644,2103.356,61.0490%,2,
Contact STARLINK-4134 - MoonIOAGSO,3305.918,2094.082,61.2207%,2,
Contact STARLINK-4134 - MoonIOAGSO 0001,3309.688,2090.312,61.2905%,2,
Contact STARLINK-4134 - MoonLRO,2263.224,3136.776,41.9116%,2,
Contact STARLINK-4134 - MarsSat1,3653.444,1746.556,67.6564%,1,
Contact STARLINK-4134 - MarsSat2,3653.474,1746.526,67.6569%,1,
Contact STARLINK-4134 - MarsSat3,3434.933,1965.067,63.6099%,1,
Contact STARLINK-4134 - MarsSat4,3653.462,1746.538,67.6567%,1,
Contact STARLINK-4004 - STARLINK-30883,0.000,5400.000,0.0000%,0,
Contact STARLINK-4004 - STARLINK-32165,0.000,5400.000,0.0000%,0,
Contact STARLINK-4004 - STARLINK-5433,0.000,5400.000,0.0000%,0,
Contact STARLINK-4004 - STARLINK-30973,0.000,5400.000,0.0000%,0,
Contact STARLINK-4004 - STARLINK-31577,0.000,5400.000,0.0000%,0,
Contact STARLINK-4004 - STARLINK-31214,0.000,5400.000,0.0000%,0,
Contact STARLINK-4004 - STARLINK-2684,0.000,5400.000,0.0000%,0,
Contact STARLINK-4004 - STARLINK-2609,0.000,5400.000,0.0000%,0,
Contact STARLINK-4004 - STARLINK-31041,0.000,5400.000,0.0000%,0,
Contact STARLINK-4004 - STARLINK-31412,0.000,5400.000,0.0000%,0,
Contact STARLINK-4004 - STARLINK-31564,0.000,5400.000,0.0000%,0,
Contact STARLINK-4004 - STARLINK-31245,0.000,5400.000,0.0000%,0,
Contact STARLINK-4004 - STARLINK-3369,0.000,5400.000,0.0000%,0,
Contact STARLINK-4004 - STARLINK-32246,0.000,5400.000,0.0000%,0,
Contact STARLINK-4004 - STARLINK-31021,0.000,5400.000,0.0000%,0,
Contact STARLINK-4004 - STARLINK-3653,0.000,5400.000,0.0000%,0,
Contact STARLINK-4004 - STARLINK-31260,0.000,5400.000,0.0000%,0,
Contact STARLINK-4004 - STARLINK-30141,0.000,5400.000,0.0000%,0,
Contact STARLINK-4004 - STARLINK-6168,1003.684,4396.316,18.5867%,1,
Contact STARLINK-4004 - STARLINK-1616,0.000,5400.000,0.0000%,0,
Contact STARLINK-4004 - STARLINK-2702,0.000,5400.000,0.0000%,0,
Contact STARLINK-4004 - STARLINK-11142 [DTC],0.000,5400.000,0.0000%,0,
Contact STARLINK-4004 - STARLINK-3991,0.000,5400.000,0.0000%,0,
Contact STARLINK-4004 - STARLINK-31248,0.000,5400.000,0.0000%,0,
Contact STARLINK-4004 - STARLINK-5939,0.000,5400.000,0.0000%,0,
Contact STARLINK-4004 - STARLINK-5536,0.000,5400.000,0.0000%,0,
Contact STARLINK-4004 - STARLINK-4120,1453.549,3946.451,26.9176%,1,
Contact STARLINK-4004 - STARLINK-5161,0.000,5400.000,0.0000%,0,
Contact STARLINK-4004 - STARLINK-30331,3848.366,1551.634,71.2660%,1,
Contact STARLINK-4004 - STARLINK-1750,0.000,5400.000,0.0000%,0,
Contact STARLINK-4004 - STARLINK-30944,0.000,5400.000,0.0000%,0,
Contact STARLINK-4004 - STARLINK-2603,0.000,5400.000,0.0000%,0,
Contact STARLINK-4004 - STARLINK-6172,0.000,5400.000,0.0000%,0,
Contact STARLINK-4004 - STARLINK-31707,939.781,4460.219,17.4034%,1,
Contact STARLINK-4004 - STARLINK-32046,0.000,5400.000,0.0000%,0,
Contact STARLINK-4004 - STARLINK-3394,0.000,5400.000,0.0000%,0,
Contact STARLINK-4004 - STARLINK-6207,0.000,5400.000,0.0000%,0,
Contact STARLINK-4004 - STARLINK-1028,0.000,5400.000,0.0000%,0,
Contact STARLINK-4004 - STARLINK-32185,0.000,5400.000,0.0000%,0,
Contact STARLINK-4004 - STARLINK-4437,0.000,5400.000,0.0000%,0,
Contact STARLINK-4004 - STARLINK-1090,0.000,5400.000,0.0000%,0,
Contact STARLINK-4004 - STARLINK-1208,0.000,5400.000,0.0000%,0,
Contact STARLINK-4004 - STARLINK-5849,0.000,5400.000,0.0000%,0,
Contact STARLINK-4004 - STARLINK-2193,5400.000,0.000,100.0000%,1,
Contact STARLINK-4004 - STARLINK-31653,0.000,5400.000,0.0000%,0,
Contact STARLINK-4004 - STARLINK-6338,0.000,5400.000,0.0000%,0,
Contact STARLINK-4004 - STARLINK-11086 [DTC],0.000,5400.000,0.0000%,0,
Contact STARLINK-4004 - STARLINK-30575,5400.000,0.000,100.0000%,1,
Contact STARLINK-4004 - STARLINK-5475,0.000,5400.000,0.0000%,0,
Contact STARLINK-4004 - STARLINK-31992,0.000,5400.000,0.0000%,0,
Contact STARLINK-4004 - STARLINK-30715,0.000,5400.000,0.0000%,0,
Contact STARLINK-4004 - STARLINK-31276,0.000,5400.000,0.0000%,0,
Contact STARLINK-4004 - STARLINK-31091,0.000,5400.000,0.0000%,0,
Contact STARLINK-4004 - STARLINK-11130 [DTC],0.000,5400.000,0.0000%,0,
Contact STARLINK-4004 - STARLINK-30303,4524.733,875.267,83.7914%,2,
Contact STARLINK-4004 - STARLINK-6366,779.064,4620.936,14.4271%,1,
Contact STARLINK-4004 - STARLINK-4260,0.000,5400.000,0.0000%,0,
Contact STARLINK-4004 - STARLINK-4130,0.000,5400.000,0.0000%,0,
Contact STARLINK-4004 - STARLINK-1098,0.000,5400.000,0.0000%,0,
Contact STARLINK-4004 - STARLINK-32045,0.000,5400.000,0.0000%,0,
Contact STARLINK-4004 - STARLINK-31083,5400.000,0.000,100.0000%,1,
Contact STARLINK-4004 - STARLINK-4090,0.000,5400.000,0.0000%,0,
Contact STARLINK-4004 - STARLINK-2504,4856.068,543.932,89.9272%,2,
Contact STARLINK-4004 - STARLINK-6346,0.000,5400.000,0.0000%,0,
Contact STARLINK-4004 - STARLINK-30299,5400.000,0.000,100.0000%,1,
Contact STARLINK-4004 - STARLINK-5966,0.000,5400.000,0.0000%,0,
Contact STARLINK-4004 - STARLINK-31917,0.000,5400.000,0.0000%,0,
Contact STARLINK-4004 - STARLINK-30208,0.000,5400.000,0.0000%,0,
Contact STARLINK-4004 - STARLINK-3911,0.000,5400.000,0.0000%,0,
Contact STARLINK-4004 - MoonARTEMIS1,3574.825,1825.175,66.2005%,1,
Contact STARLINK-4004 - MoonARTEMIS2,3567.461,1832.539,66.0641%,1,
Contact STARLINK-4004 - MoonIOAGEO,3567.528,1832.472,66.0653%,1,
Contact STARLINK-4004 - MoonIOAGNO,3576.787,1823.213,66.2368%,1,
Contact STARLINK-4004 - MoonIOAGNO 0001,3564.081,1835.919,66.0015%,1,
Contact STARLINK-4004 - MoonIOAGSO,3564.968,1835.032,66.0179%,1,
Contact STARLINK-4004 - MoonIOAGSO 0001,3571.255,1828.745,66.1344%,1,
Contact STARLINK-4004 - MoonLRO,1373.588,4026.412,25.4368%,1,
Contact STARLINK-4004 - MarsSat1,5400.000,0.000,100.0000%,1,
Contact STARLINK-4004 - MarsSat2,5400.000,0.000,100.0000%,1,
Contact STARLINK-4004 - MarsSat3,2108.561,3291.439,39.0474%,1,
Contact STARLINK-4004 - MarsSat4,5400.000,0.000,100.0000%,1,
Contact STARLINK-30883 - STARLINK-32165,620.476,4779.524,11.4903%,1,
Contact STARLINK-30883 - STARLINK-5433,0.000,5400.000,0.0000%,0,
Contact STARLINK-30883 - STARLINK-30973,0.000,5400.000,0.0000%,0,
Contact STARLINK-30883 - STARLINK-31577,0.000,5400.000,0.0000%,0,
Contact STARLINK-30883 - STARLINK-31214,0.000,5400.000,0.0000%,0,
Contact STARLINK-30883 - STARLINK-2684,0.000,5400.000,0.0000%,0,
Contact STARLINK-30883 - STARLINK-2609,0.000,5400.000,0.0000%,0,
Contact STARLINK-30883 - STARLINK-31041,0.000,5400.000,0.0000%,0,
Contact STARLINK-30883 - STARLINK-31412,760.094,4639.906,14.0758%,2,
Contact STARLINK-30883 - STARLINK-31564,0.000,5400.000,0.0000%,0,
Contact STARLINK-30883 - STARLINK-31245,0.000,5400.000,0.0000%,0,
Contact STARLINK-30883 - STARLINK-3369,0.000,5400.000,0.0000%,0,
Contact STARLINK-30883 - STARLINK-32246,0.000,5400.000,0.0000%,0,
Contact STARLINK-30883 - STARLINK-31021,3710.943,1689.057,68.7212%,1,
Contact STARLINK-30883 - STARLINK-3653,0.000,5400.000,0.0000%,0,
Contact STARLINK-30883 - STARLINK-31260,4615.937,784.063,85.4803%,1,
Contact STARLINK-30883 - STARLINK-30141,0.000,5400.000,0.0000%,0,
Contact STARLINK-30883 - STARLINK-6168,0.000,5400.000,0.0000%,0,
Contact STARLINK-30883 - STARLINK-1616,613.677,4786.323,11.3644%,1,
Contact STARLINK-30883 - STARLINK-2702,0.000,5400.000,0.0000%,0,
Contact STARLINK-30883 - STARLINK-11142 [DTC],0.000,5400.000,0.0000%,0,
Contact STARLINK-30883 - STARLINK-3991,0.000,5400.000,0.0000%,0,
Contact STARLINK-30883 - STARLINK-31248,0.000,5400.000,0.0000%,0,
Contact STARLINK-30883 - STARLINK-5939,0.000,5400.000,0.0000%,0,
Contact STARLINK-30883 - STARLINK-5536,0.000,5400.000,0.0000%,0,
Contact STARLINK-30883 - STARLINK-4120,0.000,5400.000,0.0000%,0,
Contact STARLINK-30883 - STARLINK-5161,0.000,5400.000,0.0000%,0,
Contact STARLINK-30883 - STARLINK-30331,0.000,5400.000,0.0000%,0,
Contact STARLINK-30883 - STARLINK-1750,0.000,5400.000,0.0000%,0,
Contact STARLINK-30883 - STARLINK-30944,637.865,4762.135,11.8123%,1,
Contact STARLINK-30883 - STARLINK-2603,0.000,5400.000,0.0000%,0,
Contact STARLINK-30883 - STARLINK-6172,0.000,5400.000,0.0000%,0,
Contact STARLINK-30883 - STARLINK-31707,0.000,5400.000,0.0000%,0,
Contact STARLINK-30883 - STARLINK-32046,0.000,5400.000,0.0000%,0,
Contact STARLINK-30883 - STARLINK-3394,0.000,5400.000,0.0000%,0,
Contact STARLINK-30883 - STARLINK-6207,816.136,4583.864,15.1136%,2,
Contact STARLINK-30883 - STARLINK-1028,695.972,4704.028,12.8884%,2,
Contact STARLINK-30883 - STARLINK-32185,650.361,4749.639,12.0437%,2,
Contact STARLINK-30883 - STARLINK-4437,0.000,5400.000,0.0000%,0,
Contact STARLINK-30883 - STARLINK-1090,0.000,5400.000,0.0000%,0,
Contact STARLINK-30883 - STARLINK-1208,0.000,5400.000,0.0000%,0,
Contact STARLINK-30883 - STARLINK-5849,0.000,5400.000,0.0000%,0,
Contact STARLINK-30883 - STARLINK-2193,0.000,5400.000,0.0000%,0,
Contact STARLINK-30883 - STARLINK-31653,0.000,5400.000,0.0000%,0,
Contact STARLINK-30883 - STARLINK-6338,0.000,5400.000,0.0000%,0,
Contact STARLINK-30883 - STARLINK-11086 [DTC],0.000,5400.000,0.0000%,0,
Contact STARLINK-30883 - STARLINK-30575,0.000,5400.000,0.0000%,0,
Contact STARLINK-30883 - STARLINK-5475,0.000,5400.000,0.0000%,0,
Contact STARLINK-30883 - STARLINK-31992,0.000,5400.000,0.0000%,0,
Contact STARLINK-30883 - STARLINK-30715,0.000,5400.000,0.0000%,0,
Contact STARLINK-30883 - STARLINK-31276,5400.000,0.000,100.0000%,1,
Contact STARLINK-30883 - STARLINK-31091,0.000,5400.000,0.0000%,0,
Contact STARLINK-30883 - STARLINK-11130 [DTC],0.000,5400.000,0.0000%,0,
Contact STARLINK-30883 - STARLINK-30303,0.000,5400.000,0.0000%,0,
Contact STARLINK-30883 - STARLINK-6366,0.000,5400.000,0.0000%,0,
Contact STARLINK-30883 - STARLINK-4260,0.000,5400.000,0.0000%,0,
Contact STARLINK-30883 - STARLINK-4130,0.000,5400.000,0.0000%,0,
Contact STARLINK-30883 - STARLINK-1098,0.000,5400.000,0.0000%,0,
Contact STARLINK-30883 - STARLINK-32045,0.000,5400.000,0.0000%,0,
Contact STARLINK-30883 - STARLINK-31083,0.000,5400.000,0.0000%,0,
Contact STARLINK-30883 - STARLINK-4090,0.000,5400.000,0.0000%,0,
Contact STARLINK-30883 - STARLINK-2504,0.000,5400.000,0.0000%,0,
Contact STARLINK-30883 - STARLINK-6346,939.038,4460.962,17.3896%,2,
Contact STARLINK-30883 - STARLINK-30299,0.000,5400.000,0.0000%,0,
Contact STARLINK-30883 - STARLINK-5966,0.000,5400.000,0.0000%,0,
Contact STARLINK-30883 - STARLINK-31917,0.000,5400.000,0.0000%,0,
Contact STARLINK-30883 - STARLINK-30208,0.000,5400.000,0.0000%,0,
Contact STARLINK-30883 - STARLINK-3911,0.000,5400.000,0.0000%,0,
Contact STARLINK-30883 - MoonARTEMIS1,5400.000,0.000,100.0000%,1,
Contact STARLINK-30883 - MoonARTEMIS2,5400.000,0.000,100.0000%,1,
Contact STARLINK-30883 - MoonIOAGEO,5400.000,0.000,100.0000%,1,
Contact STARLINK-30883 - MoonIOAGNO,5400.000,0.000,100.0000%,1,
Contact STARLINK-30883 - MoonIOAGNO 0001,5400.000,0.000,100.0000%,1,
Contact STARLINK-30883 - MoonIOAGSO,5400.000,0.000,100.0000%,1,
Contact STARLINK-30883 - MoonIOAGSO 0001,5400.000,0.000,100.0000%,1,
Contact STARLINK-30883 - MoonLRO,5400.000,0.000,100.0000%,1,
Contact STARLINK-30883 - MarsSat1,3847.067,1552.933,71.2420%,1,
Contact STARLINK-30883 - MarsSat2,3846.974,1553.026,71.2403%,1,
Contact STARLINK-30883 - MarsSat3,3847.039,1552.961,71.2415%,1,
Contact STARLINK-30883 - MarsSat4,3847.059,1552.941,71.2418%,1,
Contact STARLINK-32165 - STARLINK-5433,0.000,5400.000,0.0000%,0,
Contact STARLINK-32165 - STARLINK-30973,0.000,5400.000,0.0000%,0,
Contact STARLINK-32165 - STARLINK-31577,0.000,5400.000,0.0000%,0,
Contact STARLINK-32165 - STARLINK-31214,0.000,5400.000,0.0000%,0,
Contact STARLINK-32165 - STARLINK-2684,0.000,5400.000,0.0000%,0,
Contact STARLINK-32165 - STARLINK-2609,0.000,5400.000,0.0000%,0,
Contact STARLINK-32165 - STARLINK-31041,818.375,4581.625,15.1551%,1,
Contact STARLINK-32165 - STARLINK-31412,0.000,5400.000,0.0000%,0,
Contact STARLINK-32165 - STARLINK-31564,0.000,5400.000,0.0000%,0,
Contact STARLINK-32165 - STARLINK-31245,0.000,5400.000,0.0000%,0,
Contact STARLINK-32165 - STARLINK-3369,0.000,5400.000,0.0000%,0,
Contact STARLINK-32165 - STARLINK-32246,0.000,5400.000,0.0000%,0,
Contact STARLINK-32165 - STARLINK-31021,4345.643,1054.357,80.4749%,2,
Contact STARLINK-32165 - STARLINK-3653,502.221,4897.779,9.3004%,2,
Contact STARLINK-32165 - STARLINK-31260,0.000,5400.000,0.0000%,0,
Contact STARLINK-32165 - STARLINK-30141,0.000,5400.000,0.0000%,0,
Contact STARLINK-32165 - STARLINK-6168,0.000,5400.000,0.0000%,0,
Contact STARLINK-32165 - STARLINK-1616,5400.000,0.000,100.0000%,1,
Contact STARLINK-32165 - STARLINK-2702,0.000,5400.000,0.0000%,0,
Contact STARLINK-32165 - STARLINK-11142 [DTC],5400.000,0.000,100.0000%,1,
Contact STARLINK-32165 - STARLINK-3991,0.000,5400.000,0.0000%,0,
Contact STARLINK-32165 - STARLINK-31248,0.000,5400.000,0.0000%,0,
Contact STARLINK-32165 - STARLINK-5939,0.000,5400.000,0.0000%,0,
Contact STARLINK-32165 - STARLINK-5536,0.000,5400.000,0.0000%,0,
Contact STARLINK-32165 - STARLINK-4120,0.000,5400.000,0.0000%,0,
Contact STARLINK-32165 - STARLINK-5161,0.000,5400.000,0.0000%,0,
Contact STARLINK-32165 - STARLINK-30331,0.000,5400.000,0.0000%,0,
Contact STARLINK-32165 - STARLINK-1750,5400.000,0.000,100.0000%,1,
Contact STARLINK-32165 - STARLINK-30944,0.000,5400.000,0.0000%,0,
Contact STARLINK-32165 - STARLINK-2603,0.000,5400.000,0.0000%,0,
Contact STARLINK-32165 - STARLINK-6172,0.000,5400.000,0.0000%,0,
Contact STARLINK-32165 - STARLINK-31707,0.000,5400.000,0.0000%,0,
Contact STARLINK-32165 - STARLINK-32046,0.000,5400.000,0.0000%,0,
Contact STARLINK-32165 - STARLINK-3394,0.000,5400.000,0.0000%,0,
Contact STARLINK-32165 - STARLINK-6207,0.000,5400.000,0.0000%,0,
Contact STARLINK-32165 - STARLINK-1028,0.000,5400.000,0.0000%,0,
Contact STARLINK-32165 - STARLINK-32185,0.000,5400.000,0.0000%,0,
Contact STARLINK-32165 - STARLINK-4437,0.000,5400.000,0.0000%,0,
Contact STARLINK-32165 - STARLINK-1090,0.000,5400.000,0.0000%,0,
Contact STARLINK-32165 - STARLINK-1208,0.000,5400.000,0.0000%,0,
Contact STARLINK-32165 - STARLINK-5849,0.000,5400.000,0.0000%,0,
Contact STARLINK-32165 - STARLINK-2193,0.000,5400.000,0.0000%,0,
Contact STARLINK-32165 - STARLINK-31653,0.000,5400.000,0.0000%,0,
Contact STARLINK-32165 - STARLINK-6338,5400.000,0.000,100.0000%,1,
Contact STARLINK-32165 - STARLINK-11086 [DTC],0.000,5400.000,0.0000%,0,
Contact STARLINK-32165 - STARLINK-30575,0.000,5400.000,0.0000%,0,
Contact STARLINK-32165 - STARLINK-5475,2068.896,3331.104,38.3129%,1,
Contact STARLINK-32165 - STARLINK-31992,0.000,5400.000,0.0000%,0,
Contact STARLINK-32165 - STARLINK-30715,0.000,5400.000,0.0000%,0,
Contact STARLINK-32165 - STARLINK-31276,876.536,4523.464,16.2321%,1,
Contact STARLINK-32165 - STARLINK-31091,0.000,5400.000,0.0000%,0,
Contact STARLINK-32165 - STARLINK-11130 [DTC],0.000,5400.000,0.0000%,0,
Contact STARLINK-32165 - STARLINK-30303,0.000,5400.000,0.0000%,0,
Contact STARLINK-32165 - STARLINK-6366,0.000,5400.000,0.0000%,0,
Contact STARLINK-32165 - STARLINK-4260,0.000,5400.000,0.0000%,0,
Contact STARLINK-32165 - STARLINK-4130,0.000,5400.000,0.0000%,0,
Contact STARLINK-32165 - STARLINK-1098,0.000,5400.000,0.0000%,0,
Contact STARLINK-32165 - STARLINK-32045,0.000,5400.000,0.0000%,0,
Contact STARLINK-32165 - STARLINK-31083,0.000,5400.000,0.0000%,0,
Contact STARLINK-32165 - STARLINK-4090,0.000,5400.000,0.0000%,0,
Contact STARLINK-32165 - STARLINK-2504,0.000,5400.000,0.0000%,0,
Contact STARLINK-32165 - STARLINK-6346,0.000,5400.000,0.0000%,0,
Contact STARLINK-32165 - STARLINK-30299,0.000,5400.000,0.0000%,0,
Contact STARLINK-32165 - STARLINK-5966,0.000,5400.000,0.0000%,0,
Contact STARLINK-32165 - STARLINK-31917,0.000,5400.000,0.0000%,0,
Contact STARLINK-32165 - STARLINK-30208,0.000,5400.000,0.0000%,0,
Contact STARLINK-32165 - STARLINK-3911,0.000,5400.000,0.0000%,0,
Contact STARLINK-32165 - MoonARTEMIS1,0.000,5400.000,0.0000%,0,
Contact STARLINK-32165 - MoonARTEMIS2,0.000,5400.000,0.0000%,0,
Contact STARLINK-32165 - MoonIOAGEO,0.000,5400.000,0.0000%,0,
Contact STARLINK-32165 - MoonIOAGNO,0.000,5400.000,0.0000%,0,
Contact STARLINK-32165 - MoonIOAGNO 0001,0.000,5400.000,0.0000%,0,
Contact STARLINK-32165 - MoonIOAGSO,0.000,5400.000,0.0000%,0,
Contact STARLINK-32165 - MoonIOAGSO 0001,0.000,5400.000,0.0000%,0,
Contact STARLINK-32165 - MoonLRO,0.000,5400.000,0.0000%,0,
Contact STARLINK-32165 - MarsSat1,5400.000,0.000,100.0000%,1,
Contact STARLINK-32165 - MarsSat2,5400.000,0.000,100.0000%,1,
Contact STARLINK-32165 - MarsSat3,3194.228,2205.772,59.1524%,1,
Contact STARLINK-32165 - MarsSat4,5400.000,0.000,100.0000%,1,
Contact STARLINK-5433 - STARLINK-30973,0.000,5400.000,0.0000%,0,
Contact STARLINK-5433 - STARLINK-31577,0.000,5400.000,0.0000%,0,
Contact STARLINK-5433 - STARLINK-31214,0.000,5400.000,0.0000%,0,
Contact STARLINK-5433 - STARLINK-2684,0.000,5400.000,0.0000%,0,
Contact STARLINK-5433 - STARLINK-2609,1686.740,3713.260,31.2359%,1,
Contact STARLINK-5433 - STARLINK-31041,0.000,5400.000,0.0000%,0,
Contact STARLINK-5433 - STARLINK-31412,0.000,5400.000,0.0000%,0,
Contact STARLINK-5433 - STARLINK-31564,5400.000,0.000,100.0000%,1,
Contact STARLINK-5433 - STARLINK-31245,0.000,5400.000,0.0000%,0,
Contact STARLINK-5433 - STARLINK-3369,234.911,5165.089,4.3502%,1,
Contact STARLINK-5433 - STARLINK-32246,1315.176,4084.824,24.3551%,1,
Contact STARLINK-5433 - STARLINK-31021,0.000,5400.000,0.0000%,0,
Contact STARLINK-5433 - STARLINK-3653,0.000,5400.000,0.0000%,0,
Contact STARLINK-5433 - STARLINK-31260,0.000,5400.000,0.0000%,0,
Contact STARLINK-5433 - STARLINK-30141,3616.790,1783.210,66.9776%,1,
Contact STARLINK-5433 - STARLINK-6168,0.000,5400.000,0.0000%,0,
Contact STARLINK-5433 - STARLINK-1616,0.000,5400.000,0.0000%,0,
Contact STARLINK-5433 - STARLINK-2702,580.186,4819.814,10.7442%,1,
Contact STARLINK-5433 - STARLINK-11142 [DTC],0.000,5400.000,0.0000%,0,
Contact STARLINK-5433 - STARLINK-3991,1019.155,4380.845,18.8732%,1,
Contact STARLINK-5433 - STARLINK-31248,820.914,4579.086,15.2021%,1,
Contact STARLINK-5433 - STARLINK-5939,695.504,4704.496,12.8797%,2,
Contact STARLINK-5433 - STARLINK-5536,3639.737,1760.263,67.4025%,1,
Contact STARLINK-5433 - STARLINK-4120,0.000,5400.000,0.0000%,0,
Contact STARLINK-5433 - STARLINK-5161,0.000,5400.000,0.0000%,0,
Contact STARLINK-5433 - STARLINK-30331,0.000,5400.000,0.0000%,0,
Contact STARLINK-5433 - STARLINK-1750,0.000,5400.000,0.0000%,0,
Contact STARLINK-5433 - STARLINK-30944,0.000,5400.000,0.0000%,0,
Contact STARLINK-5433 - STARLINK-2603,0.000,5400.000,0.0000%,0,
Contact STARLINK-5433 - STARLINK-6172,1026.071,4373.929,19.0013%,1,
Contact STARLINK-5433 - STARLINK-31707,0.000,5400.000,0.0000%,0,
Contact STARLINK-5433 - STARLINK-32046,0.000,5400.000,0.0000%,0,
Contact STARLINK-5433 - STARLINK-3394,4088.587,1311.413,75.7146%,1,
Contact STARLINK-5433 - STARLINK-6207,0.000,5400.000,0.0000%,0,
Contact STARLINK-5433 - STARLINK-1028,0.000,5400.000,0.0000%,0,
Contact STARLINK-5433 - STARLINK-32185,0.000,5400.000,0.0000%,0,
Contact STARLINK-5433 - STARLINK-4437,628.492,4771.508,11.6387%,1,
Contact STARLINK-5433 - STARLINK-1090,1273.844,4126.156,23.5897%,1,
Contact STARLINK-5433 - STARLINK-1208,5400.000,0.000,100.0000%,1,
Contact STARLINK-5433 - STARLINK-5849,0.000,5400.000,0.0000%,0,
Contact STARLINK-5433 - STARLINK-2193,0.000,5400.000,0.0000%,0,
Contact STARLINK-5433 - STARLINK-31653,0.000,5400.000,0.0000%,0,
Contact STARLINK-5433 - STARLINK-6338,0.000,5400.000,0.0000%,0,
Contact STARLINK-5433 - STARLINK-11086 [DTC],0.000,5400.000,0.0000%,0,
Contact STARLINK-5433 - STARLINK-30575,0.000,5400.000,0.0000%,0,
Contact STARLINK-5433 - STARLINK-5475,0.000,5400.000,0.0000%,0,
Contact STARLINK-5433 - STARLINK-31992,0.000,5400.000,0.0000%,0,
Contact STARLINK-5433 - STARLINK-30715,0.000,5400.000,0.0000%,0,
Contact STARLINK-5433 - STARLINK-31276,0.000,5400.000,0.0000%,0,
Contact STARLINK-5433 - STARLINK-31091,0.000,5400.000,0.0000%,0,
Contact STARLINK-5433 - STARLINK-11130 [DTC],0.000,5400.000,0.0000%,0,
Contact STARLINK-5433 - STARLINK-30303,0.000,5400.000,0.0000%,0,
Contact STARLINK-5433 - STARLINK-6366,0.000,5400.000,0.0000%,0,
Contact STARLINK-5433 - STARLINK-4260,0.000,5400.000,0.0000%,0,
Contact STARLINK-5433 - STARLINK-4130,0.000,5400.000,0.0000%,0,
Contact STARLINK-5433 - STARLINK-1098,5400.000,0.000,100.0000%,1,
Contact STARLINK-5433 - STARLINK-32045,851.505,4548.495,15.7686%,1,
Contact STARLINK-5433 - STARLINK-31083,0.000,5400.000,0.0000%,0,
Contact STARLINK-5433 - STARLINK-4090,644.188,4755.812,11.9294%,2,
Contact STARLINK-5433 - STARLINK-2504,0.000,5400.000,0.0000%,0,
Contact STARLINK-5433 - STARLINK-6346,0.000,5400.000,0.0000%,0,
Contact STARLINK-5433 - STARLINK-30299,0.000,5400.000,0.0000%,0,
Contact STARLINK-5433 - STARLINK-5966,624.823,4775.177,11.5708%,2,
Contact STARLINK-5433 - STARLINK-31917,0.000,5400.000,0.0000%,0,
Contact STARLINK-5433 - STARLINK-30208,0.000,5400.000,0.0000%,0,
Contact STARLINK-5433 - STARLINK-3911,0.000,5400.000,0.0000%,0,
Contact STARLINK-5433 - MoonARTEMIS1,5400.000,0.000,100.0000%,1,
Contact STARLINK-5433 - MoonARTEMIS2,5400.000,0.000,100.0000%,1,
Contact STARLINK-5433 - MoonIOAGEO,5400.000,0.000,100.0000%,1,
Contact STARLINK-5433 - MoonIOAGNO,5400.000,0.000,100.0000%,1,
Contact STARLINK-5433 - MoonIOAGNO 0001,5400.000,0.000,100.0000%,1,
Contact STARLINK-5433 - MoonIOAGSO,5400.000,0.000,100.0000%,1,
Contact STARLINK-5433 - MoonIOAGSO 0001,5400.000,0.000,100.0000%,1,
Contact STARLINK-5433 - MoonLRO,5400.000,0.000,100.0000%,1,
Contact STARLINK-5433 - MarsSat1,3795.193,1604.807,70.2814%,2,
Contact STARLINK-5433 - MarsSat2,3795.009,1604.991,70.2779%,2,
Contact STARLINK-5433 - MarsSat3,1396.007,4003.993,25.8520%,1,
Contact STARLINK-5433 - MarsSat4,3795.124,1604.876,70.2801%,2,
Contact STARLINK-30973 - STARLINK-31577,0.000,5400.000,0.0000%,0,
Contact STARLINK-30973 - STARLINK-31214,5400.000,0.000,100.0000%,1,
Contact STARLINK-30973 - STARLINK-2684,0.000,5400.000,0.0000%,0,
Contact STARLINK-30973 - STARLINK-2609,0.000,5400.000,0.0000%,0,
Contact STARLINK-30973 - STARLINK-31041,0.000,5400.000,0.0000%,0,
Contact STARLINK-30973 - STARLINK-31412,0.000,5400.000,0.0000%,0,
Contact STARLINK-30973 - STARLINK-31564,552.721,4847.279,10.2356%,1,
Contact STARLINK-30973 - STARLINK-31245,0.000,5400.000,0.0000%,0,
Contact STARLINK-30973 - STARLINK-3369,5400.000,0.000,100.0000%,1,
Contact STARLINK-30973 - STARLINK-32246,0.000,5400.000,0.0000%,0,
Contact STARLINK-30973 - STARLINK-31021,0.000,5400.000,0.0000%,0,
Contact STARLINK-30973 - STARLINK-3653,0.000,5400.000,0.0000%,0,
Contact STARLINK-30973 - STARLINK-31260,0.000,5400.000,0.0000%,0,
Contact STARLINK-30973 - STARLINK-30141,1262.891,4137.109,23.3869%,1,
Contact STARLINK-30973 - STARLINK-6168,310.115,5089.885,5.7429%,1,
Contact STARLINK-30973 - STARLINK-1616,0.000,5400.000,0.0000%,0,
Contact STARLINK-30973 - STARLINK-2702,1125.441,4274.559,20.8415%,1,
Contact STARLINK-30973 - STARLINK-11142 [DTC],0.000,5400.000,0.0000%,0,
Contact STARLINK-30973 - STARLINK-3991,0.000,5400.000,0.0000%,0,
Contact STARLINK-30973 - STARLINK-31248,5400.000,0.000,100.0000%,1,
Contact STARLINK-30973 - STARLINK-5939,0.000,5400.000,0.0000%,0,
Contact STARLINK-30973 - STARLINK-5536,1494.054,3905.946,27.6677%,1,
Contact STARLINK-30973 - STARLINK-4120,914.336,4485.664,16.9321%,1,
Contact STARLINK-30973 - STARLINK-5161,0.000,5400.000,0.0000%,0,
Contact STARLINK-30973 - STARLINK-30331,0.000,5400.000,0.0000%,0,
Contact STARLINK-30973 - STARLINK-1750,0.000,5400.000,0.0000%,0,
Contact STARLINK-30973 - STARLINK-30944,0.000,5400.000,0.0000%,0,
Contact STARLINK-30973 - STARLINK-2603,5400.000,0.000,100.0000%,1,
Contact STARLINK-30973 - STARLINK-6172,5400.000,0.000,100.0000%,1,
Contact STARLINK-30973 - STARLINK-31707,0.000,5400.000,0.0000%,0,
Contact STARLINK-30973 - STARLINK-32046,5400.000,0.000,100.0000%,1,
Contact STARLINK-30973 - STARLINK-3394,0.000,5400.000,0.0000%,0,
Contact STARLINK-30973 - STARLINK-6207,0.000,5400.000,0.0000%,0,
Contact STARLINK-30973 - STARLINK-1028,0.000,5400.000,0.0000%,0,
Contact STARLINK-30973 - STARLINK-32185,0.000,5400.000,0.0000%,0,
Contact STARLINK-30973 - STARLINK-4437,4574.808,825.192,84.7187%,1,
Contact STARLINK-30973 - STARLINK-1090,0.000,5400.000,0.0000%,0,
Contact STARLINK-30973 - STARLINK-1208,3700.215,1699.785,68.5225%,1,
Contact STARLINK-30973 - STARLINK-5849,289.926,5110.074,5.3690%,2,
Contact STARLINK-30973 - STARLINK-2193,0.000,5400.000,0.0000%,0,
Contact STARLINK-30973 - STARLINK-31653,790.052,4609.948,14.6306%,1,
Contact STARLINK-30973 - STARLINK-6338,0.000,5400.000,0.0000%,0,
Contact STARLINK-30973 - STARLINK-11086 [DTC],0.000,5400.000,0.0000%,0,
Contact STARLINK-30973 - STARLINK-30575,0.000,5400.000,0.0000%,0,
Contact STARLINK-30973 - STARLINK-5475,0.000,5400.000,0.0000%,0,
Contact STARLINK-30973 - STARLINK-31992,0.000,5400.000,0.0000%,0,
Contact STARLINK-30973 - STARLINK-30715,662.720,4737.280,12.2726%,2,
Contact STARLINK-30973 - STARLINK-31276,0.000,5400.000,0.0000%,0,
Contact STARLINK-30973 - STARLINK-31091,0.000,5400.000,0.0000%,0,
Contact STARLINK-30973 - STARLINK-11130 [DTC],0.000,5400.000,0.0000%,0,
Contact STARLINK-30973 - STARLINK-30303,0.000,5400.000,0.0000%,0,
Contact STARLINK-30973 - STARLINK-6366,5400.000,0.000,100.0000%,1,
Contact STARLINK-30973 - STARLINK-4260,0.000,5400.000,0.0000%,0,
Contact STARLINK-30973 - STARLINK-4130,0.000,5400.000,0.0000%,0,
Contact STARLINK-30973 - STARLINK-1098,0.000,5400.000,0.0000%,0,
Contact STARLINK-30973 - STARLINK-32045,0.000,5400.000,0.0000%,0,
Contact STARLINK-30973 - STARLINK-31083,0.000,5400.000,0.0000%,0,
Contact STARLINK-30973 - STARLINK-4090,0.000,5400.000,0.0000%,0,
Contact STARLINK-30973 - STARLINK-2504,773.261,4626.739,14.3197%,1,
Contact STARLINK-30973 - STARLINK-6346,0.000,5400.000,0.0000%,0,
Contact STARLINK-30973 - STARLINK-30299,0.000,5400.000,0.0000%,0,
Contact STARLINK-30973 - STARLINK-5966,0.000,5400.000,0.0000%,0,
Contact STARLINK-30973 - STARLINK-31917,0.000,5400.000,0.0000%,0,
Contact STARLINK-30973 - STARLINK-30208,5400.000,0.000,100.0000%,1,
Contact STARLINK-30973 - STARLINK-3911,0.000,5400.000,0.0000%,0,
Contact STARLINK-30973 - MoonARTEMIS1,5400.000,0.000,100.0000%,1,
Contact STARLINK-30973 - MoonARTEMIS2,5400.000,0.000,100.0000%,1,
Contact STARLINK-30973 - MoonIOAGEO,5400.000,0.000,100.0000%,1,
Contact STARLINK-30973 - MoonIOAGNO,5400.000,0.000,100.0000%,1,
Contact STARLINK-30973 - MoonIOAGNO 0001,5400.000,0.000,100.0000%,1,
Contact STARLINK-30973 - MoonIOAGSO,5400.000,0.000,100.0000%,1,
Contact STARLINK-30973 - MoonIOAGSO 0001,5400.000,0.000,100.0000%,1,
Contact STARLINK-30973 - MoonLRO,5400.000,0.000,100.0000%,1,
Contact STARLINK-30973 - MarsSat1,3441.823,1958.177,63.7375%,2,
Contact STARLINK-30973 - MarsSat2,3441.821,1958.179,63.7374%,2,
Contact STARLINK-30973 - MarsSat3,596.031,4803.969,11.0376%,1,
Contact STARLINK-30973 - MarsSat4,3441.813,1958.187,63.7373%,2,
Contact STARLINK-31577 - STARLINK-31214,419.387,4980.613,7.7664%,1,
Contact STARLINK-31577 - STARLINK-2684,0.000,5400.000,0.0000%,0,
Contact STARLINK-31577 - STARLINK-2609,0.000,5400.000,0.0000%,0,
Contact STARLINK-31577 - STARLINK-31041,0.000,5400.000,0.0000%,0,
Contact STARLINK-31577 - STARLINK-31412,0.000,5400.000,0.0000%,0,
Contact STARLINK-31577 - STARLINK-31564,0.000,5400.000,0.0000%,0,
Contact STARLINK-31577 - STARLINK-31245,0.000,5400.000,0.0000%,0,
Contact STARLINK-31577 - STARLINK-3369,0.000,5400.000,0.0000%,0,
Contact STARLINK-31577 - STARLINK-32246,0.000,5400.000,0.0000%,0,
Contact STARLINK-31577 - STARLINK-31021,0.000,5400.000,0.0000%,0,
Contact STARLINK-31577 - STARLINK-3653,0.000,5400.000,0.0000%,0,
Contact STARLINK-31577 - STARLINK-31260,237.647,5162.353,4.4009%,1,
Contact STARLINK-31577 - STARLINK-30141,0.000,5400.000,0.0000%,0,
Contact STARLINK-31577 - STARLINK-6168,812.025,4587.975,15.0375%,2,
Contact STARLINK-31577 - STARLINK-1616,0.000,5400.000,0.0000%,0,
Contact STARLINK-31577 - STARLINK-2702,0.000,5400.000,0.0000%,0,
Contact STARLINK-31577 - STARLINK-11142 [DTC],0.000,5400.000,0.0000%,0,
Contact STARLINK-31577 - STARLINK-3991,0.000,5400.000,0.0000%,0,
Contact STARLINK-31577 - STARLINK-31248,0.000,5400.000,0.0000%,0,
Contact STARLINK-31577 - STARLINK-5939,0.000,5400.000,0.0000%,0,
Contact STARLINK-31577 - STARLINK-5536,0.000,5400.000,0.0000%,0,
Contact STARLINK-31577 - STARLINK-4120,0.000,5400.000,0.0000%,0,
Contact STARLINK-31577 - STARLINK-5161,0.000,5400.000,0.0000%,0,
Contact STARLINK-31577 - STARLINK-30331,519.167,4880.833,9.6142%,2,
Contact STARLINK-31577 - STARLINK-1750,0.000,5400.000,0.0000%,0,
Contact STARLINK-31577 - STARLINK-30944,4296.497,1103.503,79.5648%,1,
Contact STARLINK-31577 - STARLINK-2603,0.000,5400.000,0.0000%,0,
Contact STARLINK-31577 - STARLINK-6172,0.000,5400.000,0.0000%,0,
Contact STARLINK-31577 - STARLINK-31707,590.690,4809.310,10.9387%,2,
Contact STARLINK-31577 - STARLINK-32046,0.000,5400.000,0.0000%,0,
Contact STARLINK-31577 - STARLINK-3394,0.000,5400.000,0.0000%,0,
Contact STARLINK-31577 - STARLINK-6207,0.000,5400.000,0.0000%,0,
Contact STARLINK-31577 - STARLINK-1028,0.000,5400.000,0.0000%,0,
Contact STARLINK-31577 - STARLINK-32185,0.000,5400.000,0.0000%,0,
Contact STARLINK-31577 - STARLINK-4437,0.000,5400.000,0.0000%,0,
Contact STARLINK-31577 - STARLINK-1090,0.000,5400.000,0.0000%,0,
Contact STARLINK-31577 - STARLINK-1208,0.000,5400.000,0.0000%,0,
Contact STARLINK-31577 - STARLINK-5849,1204.679,4195.321,22.3089%,1,
Contact STARLINK-31577 - STARLINK-2193,0.000,5400.000,0.0000%,0,
Contact STARLINK-31577 - STARLINK-31653,928.503,4471.497,17.1945%,1,
Contact STARLINK-31577 - STARLINK-6338,0.000,5400.000,0.0000%,0,
Contact STARLINK-31577 - STARLINK-11086 [DTC],0.000,5400.000,0.0000%,0,
Contact STARLINK-31577 - STARLINK-30575,5400.000,0.000,100.0000%,1,
Contact STARLINK-31577 - STARLINK-5475,0.000,5400.000,0.0000%,0,
Contact STARLINK-31577 - STARLINK-31992,5400.000,0.000,100.0000%,1,
Contact STARLINK-31577 - STARLINK-30715,1191.757,4208.243,22.0696%,1,
Contact STARLINK-31577 - STARLINK-31276,0.000,5400.000,0.0000%,0,
Contact STARLINK-31577 - STARLINK-31091,0.000,5400.000,0.0000%,0,
Contact STARLINK-31577 - STARLINK-11130 [DTC],0.000,5400.000,0.0000%,0,
Contact STARLINK-31577 - STARLINK-30303,0.000,5400.000,0.0000%,0,
Contact STARLINK-31577 - STARLINK-6366,0.000,5400.000,0.0000%,0,
Contact STARLINK-31577 - STARLINK-4260,0.000,5400.000,0.0000%,0,
Contact STARLINK-31577 - STARLINK-4130,0.000,5400.000,0.0000%,0,
Contact STARLINK-31577 - STARLINK-1098,0.000,5400.000,0.0000%,0,
Contact STARLINK-31577 - STARLINK-32045,0.000,5400.000,0.0000%,0,
Contact STARLINK-31577 - STARLINK-31083,0.000,5400.000,0.0000%,0,
Contact STARLINK-31577 - STARLINK-4090,0.000,5400.000,0.0000%,0,
Contact STARLINK-31577 - STARLINK-2504,1478.303,3921.697,27.3760%,1,
Contact STARLINK-31577 - STARLINK-6346,1828.800,3571.200,33.8667%,1,
Contact STARLINK-31577 - STARLINK-30299,0.000,5400.000,0.0000%,0,
Contact STARLINK-31577 - STARLINK-5966,0.000,5400.000,0.0000%,0,
Contact STARLINK-31577 - STARLINK-31917,0.000,5400.000,0.0000%,0,
Contact STARLINK-31577 - STARLINK-30208,330.788,5069.212,6.1257%,1,
Contact STARLINK-31577 - STARLINK-3911,5400.000,0.000,100.0000%,1,
Contact STARLINK-31577 - MoonARTEMIS1,3198.859,2201.141,59.2381%,1,
Contact STARLINK-31577 - MoonARTEMIS2,3222.020,2177.980,59.6670%,1,
Contact STARLINK-31577 - MoonIOAGEO,3199.752,2200.248,59.2547%,1,
Contact STARLINK-31577 - MoonIOAGNO,3209.463,2190.537,59.4345%,1,
Contact STARLINK-31577 - MoonIOAGNO 0001,3203.898,2196.102,59.3314%,1,
Contact STARLINK-31577 - MoonIOAGSO,3196.644,2203.356,59.1971%,1,
Contact STARLINK-31577 - MoonIOAGSO 0001,3205.897,2194.103,59.3685%,1,
Contact STARLINK-31577 - MoonLRO,527.955,4872.045,9.7769%,1,
Contact STARLINK-31577 - MarsSat1,5400.000,0.000,100.0000%,1,
Contact STARLINK-31577 - MarsSat2,5400.000,0.000,100.0000%,1,
Contact STARLINK-31577 - MarsSat3,2373.873,3026.127,43.9606%,1,
Contact STARLINK-31577 - MarsSat4,5400.000,0.000,100.0000%,1,
Contact STARLINK-31214 - STARLINK-2684,0.000,5400.000,0.0000%,0,
Contact STARLINK-31214 - STARLINK-2609,0.000,5400.000,0.0000%,0,
Contact STARLINK-31214 - STARLINK-31041,0.000,5400.000,0.0000%,0,
Contact STARLINK-31214 - STARLINK-31412,0.000,5400.000,0.0000%,0,
Contact STARLINK-31214 - STARLINK-31564,0.000,5400.000,0.0000%,0,
Contact STARLINK-31214 - STARLINK-31245,0.000,5400.000,0.0000%,0,
Contact STARLINK-31214 - STARLINK-3369,5400.000,0.000,100.0000%,1,
Contact STARLINK-31214 - STARLINK-32246,0.000,5400.000,0.0000%,0,
Contact STARLINK-31214 - STARLINK-31021,0.000,5400.000,0.0000%,0,
Contact STARLINK-31214 - STARLINK-3653,0.000,5400.000,0.0000%,0,
Contact STARLINK-31214 - STARLINK-31260,0.000,5400.000,0.0000%,0,
Contact STARLINK-31214 - STARLINK-30141,0.000,5400.000,0.0000%,0,
Contact STARLINK-31214 - STARLINK-6168,0.000,5400.000,0.0000%,0,
Contact STARLINK-31214 - STARLINK-1616,0.000,5400.000,0.0000%,0,
Contact STARLINK-31214 - STARLINK-2702,0.000,5400.000,0.0000%,0,
Contact STARLINK-31214 - STARLINK-11142 [DTC],0.000,5400.000,0.0000%,0,
Contact STARLINK-31214 - STARLINK-3991,0.000,5400.000,0.0000%,0,
Contact STARLINK-31214 - STARLINK-31248,585.978,4814.022,10.8514%,2,
Contact STARLINK-31214 - STARLINK-5939,0.000,5400.000,0.0000%,0,
Contact STARLINK-31214 - STARLINK-5536,0.000,5400.000,0.0000%,0,
Contact STARLINK-31214 - STARLINK-4120,5400.000,0.000,100.0000%,1,
Contact STARLINK-31214 - STARLINK-5161,0.000,5400.000,0.0000%,0,
Contact STARLINK-31214 - STARLINK-30331,353.363,5046.637,6.5438%,1,
Contact STARLINK-31214 - STARLINK-1750,0.000,5400.000,0.0000%,0,
Contact STARLINK-31214 - STARLINK-30944,0.000,5400.000,0.0000%,0,
Contact STARLINK-31214 - STARLINK-2603,5400.000,0.000,100.0000%,1,
Contact STARLINK-31214 - STARLINK-6172,5400.000,0.000,100.0000%,1,
Contact STARLINK-31214 - STARLINK-31707,0.000,5400.000,0.0000%,0,
Contact STARLINK-31214 - STARLINK-32046,5400.000,0.000,100.0000%,1,
Contact STARLINK-31214 - STARLINK-3394,0.000,5400.000,0.0000%,0,
Contact STARLINK-31214 - STARLINK-6207,0.000,5400.000,0.0000%,0,
Contact STARLINK-31214 - STARLINK-1028,0.000,5400.000,0.0000%,0,
Contact STARLINK-31214 - STARLINK-32185,0.000,5400.000,0.0000%,0,
Contact STARLINK-31214 - STARLINK-4437,835.432,4564.568,15.4710%,1,
Contact STARLINK-31214 - STARLINK-1090,364.939,5035.061,6.7581%,1,
Contact STARLINK-31214 - STARLINK-1208,5400.000,0.000,100.0000%,1,
Contact STARLINK-31214 - STARLINK-5849,0.000,5400.000,0.0000%,0,
Contact STARLINK-31214 - STARLINK-2193,0.000,5400.000,0.0000%,0,
Contact STARLINK-31214 - STARLINK-31653,5400.000,0.000,100.0000%,1,
Contact STARLINK-31214 - STARLINK-6338,0.000,5400.000,0.0000%,0,
Contact STARLINK-31214 - STARLINK-11086 [DTC],0.000,5400.000,0.0000%,0,
Contact STARLINK-31214 - STARLINK-30575,0.000,5400.000,0.0000%,0,
Contact STARLINK-31214 - STARLINK-5475,0.000,5400.000,0.0000%,0,
Contact STARLINK-31214 - STARLINK-31992,0.000,5400.000,0.0000%,0,
Contact STARLINK-31214 - STARLINK-30715,5400.000,0.000,100.0000%,1,
Contact STARLINK-31214 - STARLINK-31276,0.000,5400.000,0.0000%,0,
Contact STARLINK-31214 - STARLINK-31091,0.000,5400.000,0.0000%,0,
Contact STARLINK-31214 - STARLINK-11130 [DTC],0.000,5400.000,0.0000%,0,
Contact STARLINK-31214 - STARLINK-30303,0.000,5400.000,0.0000%,0,
Contact STARLINK-31214 - STARLINK-6366,5400.000,0.000,100.0000%,1,
Contact STARLINK-31214 - STARLINK-4260,0.000,5400.000,0.0000%,0,
Contact STARLINK-31214 - STARLINK-4130,0.000,5400.000,0.0000%,0,
Contact STARLINK-31214 - STARLINK-1098,0.000,5400.000,0.0000%,0,
Contact STARLINK-31214 - STARLINK-32045,0.000,5400.000,0.0000%,0,
Contact STARLINK-31214 - STARLINK-31083,0.000,5400.000,0.0000%,0,
Contact STARLINK-31214 - STARLINK-4090,0.000,5400.000,0.0000%,0,
Contact STARLINK-31214 - STARLINK-2504,4647.747,752.253,86.0694%,1,
Contact STARLINK-31214 - STARLINK-6346,0.000,5400.000,0.0000%,0,
Contact STARLINK-31214 - STARLINK-30299,0.000,5400.000,0.0000%,0,
Contact STARLINK-31214 - STARLINK-5966,0.000,5400.000,0.0000%,0,
Contact STARLINK-31214 - STARLINK-31917,0.000,5400.000,0.0000%,0,
Contact STARLINK-31214 - STARLINK-30208,5400.000,0.000,100.0000%,1,
Contact STARLINK-31214 - STARLINK-3911,930.160,4469.840,17.2252%,1,
Contact STARLINK-31214 - MoonARTEMIS1,5400.000,0.000,100.0000%,1,
Contact STARLINK-31214 - MoonARTEMIS2,5400.000,0.000,100.0000%,1,
Contact STARLINK-31214 - MoonIOAGEO,5400.000,0.000,100.0000%,1,
Contact STARLINK-31214 - MoonIOAGNO,5400.000,0.000,100.0000%,1,
Contact STARLINK-31214 - MoonIOAGNO 0001,5400.000,0.000,100.0000%,1,
Contact STARLINK-31214 - MoonIOAGSO,5400.000,0.000,100.0000%,1,
Contact STARLINK-31214 - MoonIOAGSO 0001,5400.000,0.000,100.0000%,1,
Contact STARLINK-31214 - MoonLRO,5400.000,0.000,100.0000%,1,
Contact STARLINK-31214 - MarsSat1,5400.000,0.000,100.0000%,1,
Contact STARLINK-31214 - MarsSat2,5400.000,0.000,100.0000%,1,
Contact STARLINK-31214 - MarsSat3,2030.014,3369.986,37.5928%,1,
Contact STARLINK-31214 - MarsSat4,5400.000,0.000,100.0000%,1,
Contact STARLINK-2684 - STARLINK-2609,912.271,4487.729,16.8939%,1,
Contact STARLINK-2684 - STARLINK-31041,0.000,5400.000,0.0000%,0,
Contact STARLINK-2684 - STARLINK-31412,0.000,5400.000,0.0000%,0,
Contact STARLINK-2684 - STARLINK-31564,0.000,5400.000,0.0000%,0,
Contact STARLINK-2684 - STARLINK-31245,701.122,4698.878,12.9837%,2,
Contact STARLINK-2684 - STARLINK-3369,358.436,5041.564,6.6377%,1,
Contact STARLINK-2684 - STARLINK-32246,907.777,4492.223,16.8107%,2,
Contact STARLINK-2684 - STARLINK-31021,0.000,5400.000,0.0000%,0,
Contact STARLINK-2684 - STARLINK-3653,0.000,5400.000,0.0000%,0,
Contact STARLINK-2684 - STARLINK-31260,0.000,5400.000,0.0000%,0,
Contact STARLINK-2684 - STARLINK-30141,5400.000,0.000,100.0000%,1,
Contact STARLINK-2684 - STARLINK-6168,0.000,5400.000,0.0000%,0,
Contact STARLINK-2684 - STARLINK-1616,0.000,5400.000,0.0000%,0,
Contact STARLINK-2684 - STARLINK-2702,5400.000,0.000,100.0000%,1,
Contact STARLINK-2684 - STARLINK-11142 [DTC],0.000,5400.000,0.0000%,0,
Contact STARLINK-2684 - STARLINK-3991,1195.932,4204.068,22.1469%,2,
Contact STARLINK-2684 - STARLINK-31248,0.000,5400.000,0.0000%,0,
Contact STARLINK-2684 - STARLINK-5939,0.000,5400.000,0.0000%,0,
Contact STARLINK-2684 - STARLINK-5536,5400.000,0.000,100.0000%,1,
Contact STARLINK-2684 - STARLINK-4120,0.000,5400.000,0.0000%,0,
Contact STARLINK-2684 - STARLINK-5161,876.926,4523.074,16.2394%,1,
Contact STARLINK-2684 - STARLINK-30331,0.000,5400.000,0.0000%,0,
Contact STARLINK-2684 - STARLINK-1750,0.000,5400.000,0.0000%,0,
Contact STARLINK-2684 - STARLINK-30944,0.000,5400.000,0.0000%,0,
Contact STARLINK-2684 - STARLINK-2603,8.371,5391.629,0.1550%,1,
Contact STARLINK-2684 - STARLINK-6172,0.000,5400.000,0.0000%,0,
Contact STARLINK-2684 - STARLINK-31707,0.000,5400.000,0.0000%,0,
Contact STARLINK-2684 - STARLINK-32046,0.000,5400.000,0.0000%,0,
Contact STARLINK-2684 - STARLINK-3394,798.720,4601.280,14.7911%,2,
Contact STARLINK-2684 - STARLINK-6207,0.000,5400.000,0.0000%,0,
Contact STARLINK-2684 - STARLINK-1028,0.000,5400.000,0.0000%,0,
Contact STARLINK-2684 - STARLINK-32185,0.000,5400.000,0.0000%,0,
Contact STARLINK-2684 - STARLINK-4437,1034.591,4365.409,19.1591%,1,
Contact STARLINK-2684 - STARLINK-1090,853.620,4546.380,15.8078%,2,
Contact STARLINK-2684 - STARLINK-1208,0.000,5400.000,0.0000%,0,
Contact STARLINK-2684 - STARLINK-5849,0.000,5400.000,0.0000%,0,
Contact STARLINK-2684 - STARLINK-2193,0.000,5400.000,0.0000%,0,
Contact STARLINK-2684 - STARLINK-31653,0.000,5400.000,0.0000%,0,
Contact STARLINK-2684 - STARLINK-6338,0.000,5400.000,0.0000%,0,
Contact STARLINK-2684 - STARLINK-11086 [DTC],0.000,5400.000,0.0000%,0,
Contact STARLINK-2684 - STARLINK-30575,0.000,5400.000,0.0000%,0,
Contact STARLINK-2684 - STARLINK-5475,0.000,5400.000,0.0000%,0,
Contact STARLINK-2684 - STARLINK-31992,0.000,5400.000,0.0000%,0,
Contact STARLINK-2684 - STARLINK-30715,0.000,5400.000,0.0000%,0,
Contact STARLINK-2684 - STARLINK-31276,0.000,5400.000,0.0000%,0,
Contact STARLINK-2684 - STARLINK-31091,5400.000,0.000,100.0000%,1,
Contact STARLINK-2684 - STARLINK-11130 [DTC],0.000,5400.000,0.0000%,0,
Contact STARLINK-2684 - STARLINK-30303,0.000,5400.000,0.0000%,0,
Contact STARLINK-2684 - STARLINK-6366,0.000,5400.000,0.0000%,0,
Contact STARLINK-2684 - STARLINK-4260,0.000,5400.000,0.0000%,0,
Contact STARLINK-2684 - STARLINK-4130,5400.000,0.000,100.0000%,1,
Contact STARLINK-2684 - STARLINK-1098,573.215,4826.785,10.6151%,1,
Contact STARLINK-2684 - STARLINK-32045,0.000,5400.000,0.0000%,0,
Contact STARLINK-2684 - STARLINK-31083,0.000,5400.000,0.0000%,0,
Contact STARLINK-2684 - STARLINK-4090,0.000,5400.000,0.0000%,0,
Contact STARLINK-2684 - STARLINK-2504,0.000,5400.000,0.0000%,0,
Contact STARLINK-2684 - STARLINK-6346,0.000,5400.000,0.0000%,0,
Contact STARLINK-2684 - STARLINK-30299,0.000,5400.000,0.0000%,0,
Contact STARLINK-2684 - STARLINK-5966,5219.275,180.725,96.6532%,1,
Contact STARLINK-2684 - STARLINK-31917,5400.000,0.000,100.0000%,1,
Contact STARLINK-2684 - STARLINK-30208,0.000,5400.000,0.0000%,0,
Contact STARLINK-2684 - STARLINK-3911,0.000,5400.000,0.0000%,0,
Contact STARLINK-2684 - MoonARTEMIS1,3282.259,2117.741,60.7826%,2,
Contact STARLINK-2684 - MoonARTEMIS2,3273.955,2126.045,60.6288%,2,
Contact STARLINK-2684 - MoonIOAGEO,3284.474,2115.526,60.8236%,2,
Contact STARLINK-2684 - MoonIOAGNO,3277.819,2122.181,60.7004%,2,
Contact STARLINK-2684 - MoonIOAGNO 0001,3277.885,2122.115,60.7016%,2,
Contact STARLINK-2684 - MoonIOAGSO,3285.821,2114.179,60.8485%,2,
Contact STARLINK-2684 - MoonIOAGSO 0001,3286.792,2113.208,60.8665%,2,
Contact STARLINK-2684 - MoonLRO,2769.007,2630.993,51.2779%,2,
Contact STARLINK-2684 - MarsSat1,3656.003,1743.997,67.7038%,1,
Contact STARLINK-2684 - MarsSat2,3655.926,1744.074,67.7023%,1,
Contact STARLINK-2684 - MarsSat3,2907.570,2492.430,53.8439%,1,
Contact STARLINK-2684 - MarsSat4,3655.987,1744.013,67.7035%,1,
Contact STARLINK-2609 - STARLINK-31041,0.000,5400.000,0.0000%,0,
Contact STARLINK-2609 - STARLINK-31412,0.000,5400.000,0.0000%,0,
Contact STARLINK-2609 - STARLINK-31564,3835.497,1564.503,71.0277%,2,
Contact STARLINK-2609 - STARLINK-31245,4463.244,936.756,82.6527%,1,
Contact STARLINK-2609 - STARLINK-3369,0.000,5400.000,0.0000%,0,
Contact STARLINK-2609 - STARLINK-32246,0.000,5400.000,0.0000%,0,
Contact STARLINK-2609 - STARLINK-31021,0.000,5400.000,0.0000%,0,
Contact STARLINK-2609 - STARLINK-3653,0.000,5400.000,0.0000%,0,
Contact STARLINK-2609 - STARLINK-31260,0.000,5400.000,0.0000%,0,
Contact STARLINK-2609 - STARLINK-30141,0.000,5400.000,0.0000%,0,
Contact STARLINK-2609 - STARLINK-6168,0.000,5400.000,0.0000%,0,
Contact STARLINK-2609 - STARLINK-1616,0.000,5400.000,0.0000%,0,
Contact STARLINK-2609 - STARLINK-2702,678.147,4721.853,12.5583%,1,
Contact STARLINK-2609 - STARLINK-11142 [DTC],0.000,5400.000,0.0000%,0,
Contact STARLINK-2609 - STARLINK-3991,1159.267,4240.733,21.4679%,1,
Contact STARLINK-2609 - STARLINK-31248,0.000,5400.000,0.0000%,0,
Contact STARLINK-2609 - STARLINK-5939,0.000,5400.000,0.0000%,0,
Contact STARLINK-2609 - STARLINK-5536,0.000,5400.000,0.0000%,0,
Contact STARLINK-2609 - STARLINK-4120,0.000,5400.000,0.0000%,0,
Contact STARLINK-2609 - STARLINK-5161,5400.000,0.000,100.0000%,1,
Contact STARLINK-2609 - STARLINK-30331,0.000,5400.000,0.0000%,0,
Contact STARLINK-2609 - STARLINK-1750,0.000,5400.000,0.0000%,0,
Contact STARLINK-2609 - STARLINK-30944,0.000,5400.000,0.0000%,0,
Contact STARLINK-2609 - STARLINK-2603,0.000,5400.000,0.0000%,0,
Contact STARLINK-2609 - STARLINK-6172,0.000,5400.000,0.0000%,0,
Contact STARLINK-2609 - STARLINK-31707,0.000,5400.000,0.0000%,0,
Contact STARLINK-2609 - STARLINK-32046,0.000,5400.000,0.0000%,0,
Contact STARLINK-2609 - STARLINK-3394,4826.762,573.238,89.3845%,1,
Contact STARLINK-2609 - STARLINK-6207,0.000,5400.000,0.0000%,0,
Contact STARLINK-2609 - STARLINK-1028,0.000,5400.000,0.0000%,0,
Contact STARLINK-2609 - STARLINK-32185,0.000,5400.000,0.0000%,0,
Contact STARLINK-2609 - STARLINK-4437,0.000,5400.000,0.0000%,0,
Contact STARLINK-2609 - STARLINK-1090,0.000,5400.000,0.0000%,0,
Contact STARLINK-2609 - STARLINK-1208,0.000,5400.000,0.0000%,0,
Contact STARLINK-2609 - STARLINK-5849,0.000,5400.000,0.0000%,0,
Contact STARLINK-2609 - STARLINK-2193,0.000,5400.000,0.0000%,0,
Contact STARLINK-2609 - STARLINK-31653,0.000,5400.000,0.0000%,0,
Contact STARLINK-2609 - STARLINK-6338,0.000,5400.000,0.0000%,0,
Contact STARLINK-2609 - STARLINK-11086 [DTC],1571.544,3828.456,29.1027%,1,
Contact STARLINK-2609 - STARLINK-30575,0.000,5400.000,0.0000%,0,
Contact STARLINK-2609 - STARLINK-5475,3823.536,1576.464,70.8062%,2,
Contact STARLINK-2609 - STARLINK-31992,0.000,5400.000,0.0000%,0,
Contact STARLINK-2609 - STARLINK-30715,0.000,5400.000,0.0000%,0,
Contact STARLINK-2609 - STARLINK-31276,0.000,5400.000,0.0000%,0,
Contact STARLINK-2609 - STARLINK-31091,928.429,4471.571,17.1931%,1,
Contact STARLINK-2609 - STARLINK-11130 [DTC],5400.000,0.000,100.0000%,1,
Contact STARLINK-2609 - STARLINK-30303,0.000,5400.000,0.0000%,0,
Contact STARLINK-2609 - STARLINK-6366,0.000,5400.000,0.0000%,0,
Contact STARLINK-2609 - STARLINK-4260,552.895,4847.105,10.2388%,2,
Contact STARLINK-2609 - STARLINK-4130,936.900,4463.100,17.3500%,1,
Contact STARLINK-2609 - STARLINK-1098,0.000,5400.000,0.0000%,0,
Contact STARLINK-2609 - STARLINK-32045,4075.632,1324.368,75.4747%,2,
Contact STARLINK-2609 - STARLINK-31083,0.000,5400.000,0.0000%,0,
Contact STARLINK-2609 - STARLINK-4090,0.000,5400.000,0.0000%,0,
Contact STARLINK-2609 - STARLINK-2504,0.000,5400.000,0.0000%,0,
Contact STARLINK-2609 - STARLINK-6346,0.000,5400.000,0.0000%,0,
Contact STARLINK-2609 - STARLINK-30299,0.000,5400.000,0.0000%,0,
Contact STARLINK-2609 - STARLINK-5966,545.217,4854.783,10.0966%,1,
Contact STARLINK-2609 - STARLINK-31917,848.205,4551.795,15.7075%,1,
Contact STARLINK-2609 - STARLINK-30208,0.000,5400.000,0.0000%,0,
Contact STARLINK-2609 - STARLINK-3911,0.000,5400.000,0.0000%,0,
Contact STARLINK-2609 - MoonARTEMIS1,3546.610,1853.390,65.6780%,2,
Contact STARLINK-2609 - MoonARTEMIS2,3473.721,1926.279,64.3282%,2,
Contact STARLINK-2609 - MoonIOAGEO,3532.891,1867.109,65.4239%,2,
Contact STARLINK-2609 - MoonIOAGNO,3538.095,1861.905,65.5203%,2,
Contact STARLINK-2609 - MoonIOAGNO 0001,3528.621,1871.379,65.3448%,2,
Contact STARLINK-2609 - MoonIOAGSO,3516.811,1883.189,65.1261%,2,
Contact STARLINK-2609 - MoonIOAGSO 0001,3501.062,1898.938,64.8345%,2,
Contact STARLINK-2609 - MoonLRO,2352.932,3047.068,43.5728%,2,
Contact STARLINK-2609 - MarsSat1,5400.000,0.000,100.0000%,1,
Contact STARLINK-2609 - MarsSat2,5400.000,0.000,100.0000%,1,
Contact STARLINK-2609 - MarsSat3,4651.503,748.497,86.1389%,1,
Contact STARLINK-2609 - MarsSat4,5400.000,0.000,100.0000%,1,
Contact STARLINK-31041 - STARLINK-31412,750.258,4649.742,13.8937%,2,
Contact STARLINK-31041 - STARLINK-31564,0.000,5400.000,0.0000%,0,
Contact STARLINK-31041 - STARLINK-31245,0.000,5400.000,0.0000%,0,
Contact STARLINK-31041 - STARLINK-3369,0.000,5400.000,0.0000%,0,
Contact STARLINK-31041 - STARLINK-32246,0.000,5400.000,0.0000%,0,
Contact STARLINK-31041 - STARLINK-31021,0.000,5400.000,0.0000%,0,
Contact STARLINK-31041 - STARLINK-3653,0.000,5400.000,0.0000%,0,
Contact STARLINK-31041 - STARLINK-31260,0.000,5400.000,0.0000%,0,
Contact STARLINK-31041 - STARLINK-30141,0.000,5400.000,0.0000%,0,
Contact STARLINK-31041 - STARLINK-6168,0.000,5400.000,0.0000%,0,
Contact STARLINK-31041 - STARLINK-1616,823.246,4576.754,15.2453%,1,
Contact STARLINK-31041 - STARLINK-2702,0.000,5400.000,0.0000%,0,
Contact STARLINK-31041 - STARLINK-11142 [DTC],769.045,4630.955,14.2416%,1,
Contact STARLINK-31041 - STARLINK-3991,0.000,5400.000,0.0000%,0,
Contact STARLINK-31041 - STARLINK-31248,0.000,5400.000,0.0000%,0,
Contact STARLINK-31041 - STARLINK-5939,0.000,5400.000,0.0000%,0,
Contact STARLINK-31041 - STARLINK-5536,0.000,5400.000,0.0000%,0,
Contact STARLINK-31041 - STARLINK-4120,0.000,5400.000,0.0000%,0,
Contact STARLINK-31041 - STARLINK-5161,0.000,5400.000,0.0000%,0,
Contact STARLINK-31041 - STARLINK-30331,0.000,5400.000,0.0000%,0,
Contact STARLINK-31041 - STARLINK-1750,1114.632,4285.368,20.6413%,1,
Contact STARLINK-31041 - STARLINK-30944,0.000,5400.000,0.0000%,0,
Contact STARLINK-31041 - STARLINK-2603,0.000,5400.000,0.0000%,0,
Contact STARLINK-31041 - STARLINK-6172,0.000,5400.000,0.0000%,0,
Contact STARLINK-31041 - STARLINK-31707,0.000,5400.000,0.0000%,0,
Contact STARLINK-31041 - STARLINK-32046,0.000,5400.000,0.0000%,0,
Contact STARLINK-31041 - STARLINK-3394,0.000,5400.000,0.0000%,0,
Contact STARLINK-31041 - STARLINK-6207,0.000,5400.000,0.0000%,0,
Contact STARLINK-31041 - STARLINK-1028,228.697,5171.303,4.2351%,1,
Contact STARLINK-31041 - STARLINK-32185,731.746,4668.254,13.5509%,2,
Contact STARLINK-31041 - STARLINK-4437,577.784,4822.216,10.6997%,1,
Contact STARLINK-31041 - STARLINK-1090,0.000,5400.000,0.0000%,0,
Contact STARLINK-31041 - STARLINK-1208,0.000,5400.000,0.0000%,0,
Contact STARLINK-31041 - STARLINK-5849,0.000,5400.000,0.0000%,0,
Contact STARLINK-31041 - STARLINK-2193,0.000,5400.000,0.0000%,0,
Contact STARLINK-31041 - STARLINK-31653,0.000,5400.000,0.0000%,0,
Contact STARLINK-31041 - STARLINK-6338,1333.353,4066.647,24.6917%,1,
Contact STARLINK-31041 - STARLINK-11086 [DTC],0.000,5400.000,0.0000%,0,
Contact STARLINK-31041 - STARLINK-30575,0.000,5400.000,0.0000%,0,
Contact STARLINK-31041 - STARLINK-5475,705.126,4694.874,13.0579%,1,
Contact STARLINK-31041 - STARLINK-31992,0.000,5400.000,0.0000%,0,
Contact STARLINK-31041 - STARLINK-30715,0.000,5400.000,0.0000%,0,
Contact STARLINK-31041 - STARLINK-31276,5400.000,0.000,100.0000%,1,
Contact STARLINK-31041 - STARLINK-31091,722.859,4677.141,13.3863%,1,
Contact STARLINK-31041 - STARLINK-11130 [DTC],0.000,5400.000,0.0000%,0,
Contact STARLINK-31041 - STARLINK-30303,0.000,5400.000,0.0000%,0,
Contact STARLINK-31041 - STARLINK-6366,0.000,5400.000,0.0000%,0,
Contact STARLINK-31041 - STARLINK-4260,0.000,5400.000,0.0000%,0,
Contact STARLINK-31041 - STARLINK-4130,740.605,4659.395,13.7149%,1,
Contact STARLINK-31041 - STARLINK-1098,0.000,5400.000,0.0000%,0,
Contact STARLINK-31041 - STARLINK-32045,0.000,5400.000,0.0000%,0,
Contact STARLINK-31041 - STARLINK-31083,0.000,5400.000,0.0000%,0,
Contact STARLINK-31041 - STARLINK-4090,0.000,5400.000,0.0000%,0,
Contact STARLINK-31041 - STARLINK-2504,0.000,5400.000,0.0000%,0,
Contact STARLINK-31041 - STARLINK-6346,0.000,5400.000,0.0000%,0,
Contact STARLINK-31041 - STARLINK-30299,0.000,5400.000,0.0000%,0,
Contact STARLINK-31041 - STARLINK-5966,0.000,5400.000,0.0000%,0,
Contact STARLINK-31041 - STARLINK-31917,0.000,5400.000,0.0000%,0,
Contact STARLINK-31041 - STARLINK-30208,0.000,5400.000,0.0000%,0,
Contact STARLINK-31041 - STARLINK-3911,0.000,5400.000,0.0000%,0,
Contact STARLINK-31041 - MoonARTEMIS1,3551.785,1848.215,65.7738%,2,
Contact STARLINK-31041 - MoonARTEMIS2,3652.173,1747.827,67.6328%,2,
Contact STARLINK-31041 - MoonIOAGEO,3572.166,1827.834,66.1512%,2,
Contact STARLINK-31041 - MoonIOAGNO,3569.568,1830.432,66.1031%,2,
Contact STARLINK-31041 - MoonIOAGNO 0001,3598.885,1801.115,66.6460%,2,
Contact STARLINK-31041 - MoonIOAGSO,3579.527,1820.473,66.2875%,2,
Contact STARLINK-31041 - MoonIOAGSO 0001,3580.287,1819.713,66.3016%,2,
Contact STARLINK-31041 - MoonLRO,2308.079,3091.921,42.7422%,2,
Contact STARLINK-31041 - MarsSat1,3500.158,1899.842,64.8177%,1,
Contact STARLINK-31041 - MarsSat2,3500.152,1899.848,64.8176%,1,
Contact STARLINK-31041 - MarsSat3,3500.149,1899.851,64.8176%,1,
Contact STARLINK-31041 - MarsSat4,3500.174,1899.826,64.8180%,1,
Contact STARLINK-31412 - STARLINK-31564,0.000,5400.000,0.0000%,0,
Contact STARLINK-31412 - STARLINK-31245,0.000,5400.000,0.0000%,0,
Contact STARLINK-31412 - STARLINK-3369,0.000,5400.000,0.0000%,0,
Contact STARLINK-31412 - STARLINK-32246,0.000,5400.000,0.0000%,0,
Contact STARLINK-31412 - STARLINK-31021,4633.940,766.060,85.8137%,1,
Contact STARLINK-31412 - STARLINK-3653,0.000,5400.000,0.0000%,0,
Contact STARLINK-31412 - STARLINK-31260,0.000,5400.000,0.0000%,0,
Contact STARLINK-31412 - STARLINK-30141,0.000,5400.000,0.0000%,0,
Contact STARLINK-31412 - STARLINK-6168,0.000,5400.000,0.0000%,0,
Contact STARLINK-31412 - STARLINK-1616,0.000,5400.000,0.0000%,0,
Contact STARLINK-31412 - STARLINK-2702,0.000,5400.000,0.0000%,0,
Contact STARLINK-31412 - STARLINK-11142 [DTC],0.000,5400.000,0.0000%,0,
Contact STARLINK-31412 - STARLINK-3991,0.000,5400.000,0.0000%,0,
Contact STARLINK-31412 - STARLINK-31248,0.000,5400.000,0.0000%,0,
Contact STARLINK-31412 - STARLINK-5939,0.000,5400.000,0.0000%,0,
Contact STARLINK-31412 - STARLINK-5536,0.000,5400.000,0.0000%,0,
Contact STARLINK-31412 - STARLINK-4120,0.000,5400.000,0.0000%,0,
Contact STARLINK-31412 - STARLINK-5161,0.000,5400.000,0.0000%,0,
Contact STARLINK-31412 - STARLINK-30331,0.000,5400.000,0.0000%,0,
Contact STARLINK-31412 - STARLINK-1750,0.000,5400.000,0.0000%,0,
Contact STARLINK-31412 - STARLINK-30944,0.000,5400.000,0.0000%,0,
Contact STARLINK-31412 - STARLINK-2603,0.000,5400.000,0.0000%,0,
Contact STARLINK-31412 - STARLINK-6172,0.000,5400.000,0.0000%,0,
Contact STARLINK-31412 - STARLINK-31707,0.000,5400.000,0.0000%,0,
Contact STARLINK-31412 - STARLINK-32046,0.000,5400.000,0.0000%,0,
Contact STARLINK-31412 - STARLINK-3394,0.000,5400.000,0.0000%,0,
Contact STARLINK-31412 - STARLINK-6207,5400.000,0.000,100.0000%,1,
Contact STARLINK-31412 - STARLINK-1028,5400.000,0.000,100.0000%,1,
Contact STARLINK-31412 - STARLINK-32185,5400.000,0.000,100.0000%,1,
Contact STARLINK-31412 - STARLINK-4437,0.000,5400.000,0.0000%,0,
Contact STARLINK-31412 - STARLINK-1090,0.000,5400.000,0.0000%,0,
Contact STARLINK-31412 - STARLINK-1208,0.000,5400.000,0.0000%,0,
Contact STARLINK-31412 - STARLINK-5849,0.000,5400.000,0.0000%,0,
Contact STARLINK-31412 - STARLINK-2193,0.000,5400.000,0.0000%,0,
Contact STARLINK-31412 - STARLINK-31653,0.000,5400.000,0.0000%,0,
Contact STARLINK-31412 - STARLINK-6338,0.000,5400.000,0.0000%,0,
Contact STARLINK-31412 - STARLINK-11086 [DTC],0.000,5400.000,0.0000%,0,
Contact STARLINK-31412 - STARLINK-30575,0.000,5400.000,0.0000%,0,
Contact STARLINK-31412 - STARLINK-5475,959.876,4440.124,17.7755%,1,
Contact STARLINK-31412 - STARLINK-31992,0.000,5400.000,0.0000%,0,
Contact STARLINK-31412 - STARLINK-30715,0.000,5400.000,0.0000%,0,
Contact STARLINK-31412 - STARLINK-31276,5400.000,0.000,100.0000%,1,
Contact STARLINK-31412 - STARLINK-31091,0.000,5400.000,0.0000%,0,
Contact STARLINK-31412 - STARLINK-11130 [DTC],0.000,5400.000,0.0000%,0,
Contact STARLINK-31412 - STARLINK-30303,0.000,5400.000,0.0000%,0,
Contact STARLINK-31412 - STARLINK-6366,0.000,5400.000,0.0000%,0,
Contact STARLINK-31412 - STARLINK-4260,0.000,5400.000,0.0000%,0,
Contact STARLINK-31412 - STARLINK-4130,0.000,5400.000,0.0000%,0,
Contact STARLINK-31412 - STARLINK-1098,0.000,5400.000,0.0000%,0,
Contact STARLINK-31412 - STARLINK-32045,0.000,5400.000,0.0000%,0,
Contact STARLINK-31412 - STARLINK-31083,0.000,5400.000,0.0000%,0,
Contact STARLINK-31412 - STARLINK-4090,0.000,5400.000,0.0000%,0,
Contact STARLINK-31412 - STARLINK-2504,0.000,5400.000,0.0000%,0,
Contact STARLINK-31412 - STARLINK-6346,4300.855,1099.145,79.6455%,1,
Contact STARLINK-31412 - STARLINK-30299,0.000,5400.000,0.0000%,0,
Contact STARLINK-31412 - STARLINK-5966,0.000,5400.000,0.0000%,0,
Contact STARLINK-31412 - STARLINK-31917,0.000,5400.000,0.0000%,0,
Contact STARLINK-31412 - STARLINK-30208,0.000,5400.000,0.0000%,0,
Contact STARLINK-31412 - STARLINK-3911,0.000,5400.000,0.0000%,0,
Contact STARLINK-31412 - MoonARTEMIS1,3212.410,2187.590,59.4891%,2,
Contact STARLINK-31412 - MoonARTEMIS2,3212.808,2187.192,59.4964%,2,
Contact STARLINK-31412 - MoonIOAGEO,3215.698,2184.302,59.5500%,2,
Contact STARLINK-31412 - MoonIOAGNO,3210.512,2189.488,59.4539%,2,
Contact STARLINK-31412 - MoonIOAGNO 0001,3215.156,2184.844,59.5399%,2,
Contact STARLINK-31412 - MoonIOAGSO,3216.574,2183.426,59.5662%,2,
Contact STARLINK-31412 - MoonIOAGSO 0001,3215.466,2184.534,59.5457%,2,
Contact STARLINK-31412 - MoonLRO,1450.464,3949.536,26.8604%,2,
Contact STARLINK-31412 - MarsSat1,3506.035,1893.965,64.9266%,1,
Contact STARLINK-31412 - MarsSat2,3506.067,1893.933,64.9272%,1,
Contact STARLINK-31412 - MarsSat3,3506.044,1893.956,64.9267%,1,
Contact STARLINK-31412 - MarsSat4,3506.060,1893.940,64.9270%,1,
Contact STARLINK-31564 - STARLINK-31245,0.000,5400.000,0.0000%,0,
Contact STARLINK-31564 - STARLINK-3369,0.000,5400.000,0.0000%,0,
Contact STARLINK-31564 - STARLINK-32246,0.000,5400.000,0.0000%,0,
Contact STARLINK-31564 - STARLINK-31021,0.000,5400.000,0.0000%,0,
Contact STARLINK-31564 - STARLINK-3653,0.000,5400.000,0.0000%,0,
Contact STARLINK-31564 - STARLINK-31260,0.000,5400.000,0.0000%,0,
Contact STARLINK-31564 - STARLINK-30141,1004.964,4395.036,18.6104%,1,
Contact STARLINK-31564 - STARLINK-6168,0.000,5400.000,0.0000%,0,
Contact STARLINK-31564 - STARLINK-1616,0.000,5400.000,0.0000%,0,
Contact STARLINK-31564 - STARLINK-2702,826.205,4573.795,15.3001%,1,
Contact STARLINK-31564 - STARLINK-11142 [DTC],0.000,5400.000,0.0000%,0,
Contact STARLINK-31564 - STARLINK-3991,0.000,5400.000,0.0000%,0,
Contact STARLINK-31564 - STARLINK-31248,861.338,4538.662,15.9507%,1,
Contact STARLINK-31564 - STARLINK-5939,899.465,4500.535,16.6568%,2,
Contact STARLINK-31564 - STARLINK-5536,1067.890,4332.110,19.7757%,1,
Contact STARLINK-31564 - STARLINK-4120,0.000,5400.000,0.0000%,0,
Contact STARLINK-31564 - STARLINK-5161,169.731,5230.269,3.1432%,1,
Contact STARLINK-31564 - STARLINK-30331,0.000,5400.000,0.0000%,0,
Contact STARLINK-31564 - STARLINK-1750,0.000,5400.000,0.0000%,0,
Contact STARLINK-31564 - STARLINK-30944,0.000,5400.000,0.0000%,0,
Contact STARLINK-31564 - STARLINK-2603,0.000,5400.000,0.0000%,0,
Contact STARLINK-31564 - STARLINK-6172,0.000,5400.000,0.0000%,0,
Contact STARLINK-31564 - STARLINK-31707,0.000,5400.000,0.0000%,0,
Contact STARLINK-31564 - STARLINK-32046,0.000,5400.000,0.0000%,0,
Contact STARLINK-31564 - STARLINK-3394,0.000,5400.000,0.0000%,0,
Contact STARLINK-31564 - STARLINK-6207,0.000,5400.000,0.0000%,0,
Contact STARLINK-31564 - STARLINK-1028,0.000,5400.000,0.0000%,0,
Contact STARLINK-31564 - STARLINK-32185,0.000,5400.000,0.0000%,0,
Contact STARLINK-31564 - STARLINK-4437,0.000,5400.000,0.0000%,0,
Contact STARLINK-31564 - STARLINK-1090,0.000,5400.000,0.0000%,0,
Contact STARLINK-31564 - STARLINK-1208,1023.422,4376.578,18.9523%,1,
Contact STARLINK-31564 - STARLINK-5849,0.000,5400.000,0.0000%,0,
Contact STARLINK-31564 - STARLINK-2193,0.000,5400.000,0.0000%,0,
Contact STARLINK-31564 - STARLINK-31653,0.000,5400.000,0.0000%,0,
Contact STARLINK-31564 - STARLINK-6338,0.000,5400.000,0.0000%,0,
Contact STARLINK-31564 - STARLINK-11086 [DTC],0.000,5400.000,0.0000%,0,
Contact STARLINK-31564 - STARLINK-30575,0.000,5400.000,0.0000%,0,
Contact STARLINK-31564 - STARLINK-5475,0.000,5400.000,0.0000%,0,
Contact STARLINK-31564 - STARLINK-31992,0.000,5400.000,0.0000%,0,
Contact STARLINK-31564 - STARLINK-30715,0.000,5400.000,0.0000%,0,
Contact STARLINK-31564 - STARLINK-31276,0.000,5400.000,0.0000%,0,
Contact STARLINK-31564 - STARLINK-31091,0.000,5400.000,0.0000%,0,
Contact STARLINK-31564 - STARLINK-11130 [DTC],0.000,5400.000,0.0000%,0,
Contact STARLINK-31564 - STARLINK-30303,0.000,5400.000,0.0000%,0,
Contact STARLINK-31564 - STARLINK-6366,0.000,5400.000,0.0000%,0,
Contact STARLINK-31564 - STARLINK-4260,0.000,5400.000,0.0000%,0,
Contact STARLINK-31564 - STARLINK-4130,0.000,5400.000,0.0000%,0,
Contact STARLINK-31564 - STARLINK-1098,0.000,5400.000,0.0000%,0,
Contact STARLINK-31564 - STARLINK-32045,5400.000,0.000,100.0000%,1,
Contact STARLINK-31564 - STARLINK-31083,0.000,5400.000,0.0000%,0,
Contact STARLINK-31564 - STARLINK-4090,952.530,4447.470,17.6394%,2,
Contact STARLINK-31564 - STARLINK-2504,0.000,5400.000,0.0000%,0,
Contact STARLINK-31564 - STARLINK-6346,0.000,5400.000,0.0000%,0,
Contact STARLINK-31564 - STARLINK-30299,0.000,5400.000,0.0000%,0,
Contact STARLINK-31564 - STARLINK-5966,3960.324,1439.676,73.3393%,1,
Contact STARLINK-31564 - STARLINK-31917,0.000,5400.000,0.0000%,0,
Contact STARLINK-31564 - STARLINK-30208,0.000,5400.000,0.0000%,0,
Contact STARLINK-31564 - STARLINK-3911,0.000,5400.000,0.0000%,0,
Contact STARLINK-31564 - MoonARTEMIS1,5400.000,0.000,100.0000%,1,
Contact STARLINK-31564 - MoonARTEMIS2,5400.000,0.000,100.0000%,1,
Contact STARLINK-31564 - MoonIOAGEO,5400.000,0.000,100.0000%,1,
Contact STARLINK-31564 - MoonIOAGNO,5400.000,0.000,100.0000%,1,
Contact STARLINK-31564 - MoonIOAGNO 0001,5400.000,0.000,100.0000%,1,
Contact STARLINK-31564 - MoonIOAGSO,5400.000,0.000,100.0000%,1,
Contact STARLINK-31564 - MoonIOAGSO 0001,5400.000,0.000,100.0000%,1,
Contact STARLINK-31564 - MoonLRO,5400.000,0.000,100.0000%,1,
Contact STARLINK-31564 - MarsSat1,3284.394,2115.606,60.8221%,2,
Contact STARLINK-31564 - MarsSat2,3284.371,2115.629,60.8217%,2,
Contact STARLINK-31564 - MarsSat3,666.809,4733.191,12.3483%,1,
Contact STARLINK-31564 - MarsSat4,3284.377,2115.623,60.8218%,2,
Contact STARLINK-31245 - STARLINK-3369,0.000,5400.000,0.0000%,0,
Contact STARLINK-31245 - STARLINK-32246,5400.000,0.000,100.0000%,1,
Contact STARLINK-31245 - STARLINK-31021,0.000,5400.000,0.0000%,0,
Contact STARLINK-31245 - STARLINK-3653,0.000,5400.000,0.0000%,0,
Contact STARLINK-31245 - STARLINK-31260,0.000,5400.000,0.0000%,0,
Contact STARLINK-31245 - STARLINK-30141,0.000,5400.000,0.0000%,0,
Contact STARLINK-31245 - STARLINK-6168,0.000,5400.000,0.0000%,0,
Contact STARLINK-31245 - STARLINK-1616,0.000,5400.000,0.0000%,0,
Contact STARLINK-31245 - STARLINK-2702,0.000,5400.000,0.0000%,0,
Contact STARLINK-31245 - STARLINK-11142 [DTC],0.000,5400.000,0.0000%,0,
Contact STARLINK-31245 - STARLINK-3991,5400.000,0.000,100.0000%,1,
Contact STARLINK-31245 - STARLINK-31248,0.000,5400.000,0.0000%,0,
Contact STARLINK-31245 - STARLINK-5939,0.000,5400.000,0.0000%,0,
Contact STARLINK-31245 - STARLINK-5536,0.000,5400.000,0.0000%,0,
Contact STARLINK-31245 - STARLINK-4120,0.000,5400.000,0.0000%,0,
Contact STARLINK-31245 - STARLINK-5161,0.000,5400.000,0.0000%,0,
Contact STARLINK-31245 - STARLINK-30331,0.000,5400.000,0.0000%,0,
Contact STARLINK-31245 - STARLINK-1750,0.000,5400.000,0.0000%,0,
Contact STARLINK-31245 - STARLINK-30944,0.000,5400.000,0.0000%,0,
Contact STARLINK-31245 - STARLINK-2603,0.000,5400.000,0.0000%,0,
Contact STARLINK-31245 - STARLINK-6172,0.000,5400.000,0.0000%,0,
Contact STARLINK-31245 - STARLINK-31707,0.000,5400.000,0.0000%,0,
Contact STARLINK-31245 - STARLINK-32046,0.000,5400.000,0.0000%,0,
Contact STARLINK-31245 - STARLINK-3394,5400.000,0.000,100.0000%,1,
Contact STARLINK-31245 - STARLINK-6207,0.000,5400.000,0.0000%,0,
Contact STARLINK-31245 - STARLINK-1028,0.000,5400.000,0.0000%,0,
Contact STARLINK-31245 - STARLINK-32185,453.106,4946.894,8.3909%,1,
Contact STARLINK-31245 - STARLINK-4437,0.000,5400.000,0.0000%,0,
Contact STARLINK-31245 - STARLINK-1090,2978.495,2421.505,55.1573%,1,
Contact STARLINK-31245 - STARLINK-1208,0.000,5400.000,0.0000%,0,
Contact STARLINK-31245 - STARLINK-5849,0.000,5400.000,0.0000%,0,
Contact STARLINK-31245 - STARLINK-2193,0.000,5400.000,0.0000%,0,
Contact STARLINK-31245 - STARLINK-31653,0.000,5400.000,0.0000%,0,
Contact STARLINK-31245 - STARLINK-6338,0.000,5400.000,0.0000%,0,
Contact STARLINK-31245 - STARLINK-11086 [DTC],0.000,5400.000,0.0000%,0,
Contact STARLINK-31245 - STARLINK-30575,0.000,5400.000,0.0000%,0,
Contact STARLINK-31245 - STARLINK-5475,0.000,5400.000,0.0000%,0,
Contact STARLINK-31245 - STARLINK-31992,0.000,5400.000,0.0000%,0,
Contact STARLINK-31245 - STARLINK-30715,0.000,5400.000,0.0000%,0,
Contact STARLINK-31245 - STARLINK-31276,0.000,5400.000,0.0000%,0,
Contact STARLINK-31245 - STARLINK-31091,5400.000,0.000,100.0000%,1,
Contact STARLINK-31245 - STARLINK-11130 [DTC],4739.013,660.987,87.7595%,1,
Contact STARLINK-31245 - STARLINK-30303,0.000,5400.000,0.0000%,0,
Contact STARLINK-31245 - STARLINK-6366,0.000,5400.000,0.0000%,0,
Contact STARLINK-31245 - STARLINK-4260,665.882,4734.118,12.3312%,1,
Contact STARLINK-31245 - STARLINK-4130,4011.508,1388.492,74.2872%,1,
Contact STARLINK-31245 - STARLINK-1098,1054.756,4345.244,19.5325%,1,
Contact STARLINK-31245 - STARLINK-32045,0.000,5400.000,0.0000%,0,
Contact STARLINK-31245 - STARLINK-31083,0.000,5400.000,0.0000%,0,
Contact STARLINK-31245 - STARLINK-4090,0.000,5400.000,0.0000%,0,
Contact STARLINK-31245 - STARLINK-2504,0.000,5400.000,0.0000%,0,
Contact STARLINK-31245 - STARLINK-6346,0.000,5400.000,0.0000%,0,
Contact STARLINK-31245 - STARLINK-30299,0.000,5400.000,0.0000%,0,
Contact STARLINK-31245 - STARLINK-5966,0.000,5400.000,0.0000%,0,
Contact STARLINK-31245 - STARLINK-31917,777.428,4622.572,14.3968%,2,
Contact STARLINK-31245 - STARLINK-30208,0.000,5400.000,0.0000%,0,
Contact STARLINK-31245 - STARLINK-3911,0.000,5400.000,0.0000%,0,
Contact STARLINK-31245 - MoonARTEMIS1,3215.477,2184.523,59.5459%,2,
Contact STARLINK-31245 - MoonARTEMIS2,3220.452,2179.548,59.6380%,2,
Contact STARLINK-31245 - MoonIOAGEO,3219.321,2180.679,59.6171%,2,
Contact STARLINK-31245 - MoonIOAGNO,3219.791,2180.209,59.6258%,2,
Contact STARLINK-31245 - MoonIOAGNO 0001,3217.453,2182.547,59.5825%,2,
Contact STARLINK-31245 - MoonIOAGSO,3216.005,2183.995,59.5557%,2,
Contact STARLINK-31245 - MoonIOAGSO 0001,3221.255,2178.745,59.6529%,2,
Contact STARLINK-31245 - MoonLRO,2576.636,2823.364,47.7155%,2,
Contact STARLINK-31245 - MarsSat1,3595.005,1804.995,66.5742%,1,
Contact STARLINK-31245 - MarsSat2,3595.026,1804.974,66.5746%,1,
Contact STARLINK-31245 - MarsSat3,3443.360,1956.640,63.7659%,1,
Contact STARLINK-31245 - MarsSat4,3595.000,1805.000,66.5741%,1,
Contact STARLINK-3369 - STARLINK-32246,0.000,5400.000,0.0000%,0,
Contact STARLINK-3369 - STARLINK-31021,0.000,5400.000,0.0000%,0,
Contact STARLINK-3369 - STARLINK-3653,0.000,5400.000,0.0000%,0,
Contact STARLINK-3369 - STARLINK-31260,0.000,5400.000,0.0000%,0,
Contact STARLINK-3369 - STARLINK-30141,1089.347,4310.653,20.1731%,1,
Contact STARLINK-3369 - STARLINK-6168,0.000,5400.000,0.0000%,0,
Contact STARLINK-3369 - STARLINK-1616,0.000,5400.000,0.0000%,0,
Contact STARLINK-3369 - STARLINK-2702,987.230,4412.770,18.2820%,1,
Contact STARLINK-3369 - STARLINK-11142 [DTC],0.000,5400.000,0.0000%,0,
Contact STARLINK-3369 - STARLINK-3991,0.000,5400.000,0.0000%,0,
Contact STARLINK-3369 - STARLINK-31248,5400.000,0.000,100.0000%,1,
Contact STARLINK-3369 - STARLINK-5939,0.000,5400.000,0.0000%,0,
Contact STARLINK-3369 - STARLINK-5536,4127.558,1272.442,76.4363%,2,
Contact STARLINK-3369 - STARLINK-4120,939.297,4460.703,17.3944%,1,
Contact STARLINK-3369 - STARLINK-5161,0.000,5400.000,0.0000%,0,
Contact STARLINK-3369 - STARLINK-30331,0.000,5400.000,0.0000%,0,
Contact STARLINK-3369 - STARLINK-1750,0.000,5400.000,0.0000%,0,
Contact STARLINK-3369 - STARLINK-30944,0.000,5400.000,0.0000%,0,
Contact STARLINK-3369 - STARLINK-2603,5400.000,0.000,100.0000%,1,
Contact STARLINK-3369 - STARLINK-6172,3950.343,1449.657,73.1545%,1,
Contact STARLINK-3369 - STARLINK-31707,0.000,5400.000,0.0000%,0,
Contact STARLINK-3369 - STARLINK-32046,5400.000,0.000,100.0000%,1,
Contact STARLINK-3369 - STARLINK-3394,0.000,5400.000,0.0000%,0,
Contact STARLINK-3369 - STARLINK-6207,0.000,5400.000,0.0000%,0,
Contact STARLINK-3369 - STARLINK-1028,0.000,5400.000,0.0000%,0,
Contact STARLINK-3369 - STARLINK-32185,0.000,5400.000,0.0000%,0,
Contact STARLINK-3369 - STARLINK-4437,4518.941,881.059,83.6841%,1,
Contact STARLINK-3369 - STARLINK-1090,5400.000,0.000,100.0000%,1,
Contact STARLINK-3369 - STARLINK-1208,947.414,4452.586,17.5447%,1,
Contact STARLINK-3369 - STARLINK-5849,273.827,5126.173,5.0709%,2,
Contact STARLINK-3369 - STARLINK-2193,0.000,5400.000,0.0000%,0,
Contact STARLINK-3369 - STARLINK-31653,842.123,4557.877,15.5949%,1,
Contact STARLINK-3369 - STARLINK-6338,0.000,5400.000,0.0000%,0,
Contact STARLINK-3369 - STARLINK-11086 [DTC],0.000,5400.000,0.0000%,0,
Contact STARLINK-3369 - STARLINK-30575,0.000,5400.000,0.0000%,0,
Contact STARLINK-3369 - STARLINK-5475,0.000,5400.000,0.0000%,0,
Contact STARLINK-3369 - STARLINK-31992,0.000,5400.000,0.0000%,0,
Contact STARLINK-3369 - STARLINK-30715,3626.097,1773.903,67.1500%,1,
Contact STARLINK-3369 - STARLINK-31276,0.000,5400.000,0.0000%,0,
Contact STARLINK-3369 - STARLINK-31091,0.000,5400.000,0.0000%,0,
Contact STARLINK-3369 - STARLINK-11130 [DTC],0.000,5400.000,0.0000%,0,
Contact STARLINK-3369 - STARLINK-30303,0.000,5400.000,0.0000%,0,
Contact STARLINK-3369 - STARLINK-6366,5400.000,0.000,100.0000%,1,
Contact STARLINK-3369 - STARLINK-4260,0.000,5400.000,0.0000%,0,
Contact STARLINK-3369 - STARLINK-4130,0.000,5400.000,0.0000%,0,
Contact STARLINK-3369 - STARLINK-1098,0.000,5400.000,0.0000%,0,
Contact STARLINK-3369 - STARLINK-32045,0.000,5400.000,0.0000%,0,
Contact STARLINK-3369 - STARLINK-31083,0.000,5400.000,0.0000%,0,
Contact STARLINK-3369 - STARLINK-4090,0.000,5400.000,0.0000%,0,
Contact STARLINK-3369 - STARLINK-2504,803.516,4596.484,14.8799%,1,
Contact STARLINK-3369 - STARLINK-6346,0.000,5400.000,0.0000%,0,
Contact STARLINK-3369 - STARLINK-30299,0.000,5400.000,0.0000%,0,
Contact STARLINK-3369 - STARLINK-5966,1191.744,4208.256,22.0693%,1,
Contact STARLINK-3369 - STARLINK-31917,0.000,5400.000,0.0000%,0,
Contact STARLINK-3369 - STARLINK-30208,5400.000,0.000,100.0000%,1,
Contact STARLINK-3369 - STARLINK-3911,0.000,5400.000,0.0000%,0,
Contact STARLINK-3369 - MoonARTEMIS1,5400.000,0.000,100.0000%,1,
Contact STARLINK-3369 - MoonARTEMIS2,5400.000,0.000,100.0000%,1,
Contact STARLINK-3369 - MoonIOAGEO,5400.000,0.000,100.0000%,1,
Contact STARLINK-3369 - MoonIOAGNO,5400.000,0.000,100.0000%,1,
Contact STARLINK-3369 - MoonIOAGNO 0001,5400.000,0.000,100.0000%,1,
Contact STARLINK-3369 - MoonIOAGSO,5400.000,0.000,100.0000%,1,
Contact STARLINK-3369 - MoonIOAGSO 0001,5400.000,0.000,100.0000%,1,
Contact STARLINK-3369 - MoonLRO,5400.000,0.000,100.0000%,1,
Contact STARLINK-3369 - MarsSat1,3561.410,1838.590,65.9520%,2,
Contact STARLINK-3369 - MarsSat2,3561.410,1838.590,65.9520%,2,
Contact STARLINK-3369 - MarsSat3,558.633,4841.367,10.3451%,1,
Contact STARLINK-3369 - MarsSat4,3561.393,1838.607,65.9517%,2,
Contact STARLINK-32246 - STARLINK-31021,0.000,5400.000,0.0000%,0,
Contact STARLINK-32246 - STARLINK-3653,0.000,5400.000,0.0000%,0,
Contact STARLINK-32246 - STARLINK-31260,0.000,5400.000,0.0000%,0,
Contact STARLINK-32246 - STARLINK-30141,969.364,4430.636,17.9512%,2,
Contact STARLINK-32246 - STARLINK-6168,0.000,5400.000,0.0000%,0,
Contact STARLINK-32246 - STARLINK-1616,0.000,5400.000,0.0000%,0,
Contact STARLINK-32246 - STARLINK-2702,705.304,4694.696,13.0612%,2,
Contact STARLINK-32246 - STARLINK-11142 [DTC],0.000,5400.000,0.0000%,0,
Contact STARLINK-32246 - STARLINK-3991,5400.000,0.000,100.0000%,1,
Contact STARLINK-32246 - STARLINK-31248,228.513,5171.487,4.2317%,1,
Contact STARLINK-32246 - STARLINK-5939,0.000,5400.000,0.0000%,0,
Contact STARLINK-32246 - STARLINK-5536,900.729,4499.271,16.6802%,2,
Contact STARLINK-32246 - STARLINK-4120,473.343,4926.657,8.7656%,1,
Contact STARLINK-32246 - STARLINK-5161,0.000,5400.000,0.0000%,0,
Contact STARLINK-32246 - STARLINK-30331,0.000,5400.000,0.0000%,0,
Contact STARLINK-32246 - STARLINK-1750,0.000,5400.000,0.0000%,0,
Contact STARLINK-32246 - STARLINK-30944,0.000,5400.000,0.0000%,0,
Contact STARLINK-32246 - STARLINK-2603,4075.232,1324.768,75.4673%,1,
Contact STARLINK-32246 - STARLINK-6172,711.442,4688.558,13.1748%,1,
Contact STARLINK-32246 - STARLINK-31707,0.000,5400.000,0.0000%,0,
Contact STARLINK-32246 - STARLINK-32046,0.000,5400.000,0.0000%,0,
Contact STARLINK-32246 - STARLINK-3394,5400.000,0.000,100.0000%,1,
Contact STARLINK-32246 - STARLINK-6207,0.000,5400.000,0.0000%,0,
Contact STARLINK-32246 - STARLINK-1028,0.000,5400.000,0.0000%,0,
Contact STARLINK-32246 - STARLINK-32185,0.000,5400.000,0.0000%,0,
Contact STARLINK-32246 - STARLINK-4437,4364.955,1035.045,80.8325%,1,
Contact STARLINK-32246 - STARLINK-1090,5400.000,0.000,100.0000%,1,
Contact STARLINK-32246 - STARLINK-1208,1269.642,4130.358,23.5119%,1,
Contact STARLINK-32246 - STARLINK-5849,0.000,5400.000,0.0000%,0,
Contact STARLINK-32246 - STARLINK-2193,0.000,5400.000,0.0000%,0,
Contact STARLINK-32246 - STARLINK-31653,0.000,5400.000,0.0000%,0,
Contact STARLINK-32246 - STARLINK-6338,0.000,5400.000,0.0000%,0,
Contact STARLINK-32246 - STARLINK-11086 [DTC],0.000,5400.000,0.0000%,0,
Contact STARLINK-32246 - STARLINK-30575,0.000,5400.000,0.0000%,0,
Contact STARLINK-32246 - STARLINK-5475,0.000,5400.000,0.0000%,0,
Contact STARLINK-32246 - STARLINK-31992,0.000,5400.000,0.0000%,0,
Contact STARLINK-32246 - STARLINK-30715,0.000,5400.000,0.0000%,0,
Contact STARLINK-32246 - STARLINK-31276,0.000,5400.000,0.0000%,0,
Contact STARLINK-32246 - STARLINK-31091,719.021,4680.979,13.3152%,2,
Contact STARLINK-32246 - STARLINK-11130 [DTC],0.000,5400.000,0.0000%,0,
Contact STARLINK-32246 - STARLINK-30303,0.000,5400.000,0.0000%,0,
Contact STARLINK-32246 - STARLINK-6366,0.000,5400.000,0.0000%,0,
Contact STARLINK-32246 - STARLINK-4260,0.000,5400.000,0.0000%,0,
Contact STARLINK-32246 - STARLINK-4130,703.694,4696.306,13.0314%,1,
Contact STARLINK-32246 - STARLINK-1098,5400.000,0.000,100.0000%,1,
Contact STARLINK-32246 - STARLINK-32045,0.000,5400.000,0.0000%,0,
Contact STARLINK-32246 - STARLINK-31083,0.000,5400.000,0.0000%,0,
Contact STARLINK-32246 - STARLINK-4090,0.000,5400.000,0.0000%,0,
Contact STARLINK-32246 - STARLINK-2504,0.000,5400.000,0.0000%,0,
Contact STARLINK-32246 - STARLINK-6346,0.000,5400.000,0.0000%,0,
Contact STARLINK-32246 - STARLINK-30299,0.000,5400.000,0.0000%,0,
Contact STARLINK-32246 - STARLINK-5966,757.018,4642.982,14.0188%,1,
Contact STARLINK-32246 - STARLINK-31917,547.575,4852.425,10.1403%,2,
Contact STARLINK-32246 - STARLINK-30208,0.000,5400.000,0.0000%,0,
Contact STARLINK-32246 - STARLINK-3911,0.000,5400.000,0.0000%,0,
Contact STARLINK-32246 - MoonARTEMIS1,5400.000,0.000,100.0000%,1,
Contact STARLINK-32246 - MoonARTEMIS2,5400.000,0.000,100.0000%,1,
Contact STARLINK-32246 - MoonIOAGEO,5400.000,0.000,100.0000%,1,
Contact STARLINK-32246 - MoonIOAGNO,5400.000,0.000,100.0000%,1,
Contact STARLINK-32246 - MoonIOAGNO 0001,5400.000,0.000,100.0000%,1,
Contact STARLINK-32246 - MoonIOAGSO,5400.000,0.000,100.0000%,1,
Contact STARLINK-32246 - MoonIOAGSO 0001,5400.000,0.000,100.0000%,1,
Contact STARLINK-32246 - MoonLRO,5400.000,0.000,100.0000%,1,
Contact STARLINK-32246 - MarsSat1,3744.597,1655.403,69.3444%,1,
Contact STARLINK-32246 - MarsSat2,3744.479,1655.521,69.3422%,1,
Contact STARLINK-32246 - MarsSat3,2995.913,2404.087,55.4799%,1,
Contact STARLINK-32246 - MarsSat4,3744.542,1655.458,69.3434%,1,
Contact STARLINK-31021 - STARLINK-3653,0.000,5400.000,0.0000%,0,
Contact STARLINK-31021 - STARLINK-31260,0.000,5400.000,0.0000%,0,
Contact STARLINK-31021 - STARLINK-30141,0.000,5400.000,0.0000%,0,
Contact STARLINK-31021 - STARLINK-6168,0.000,5400.000,0.0000%,0,
Contact STARLINK-31021 - STARLINK-1616,5400.000,0.000,100.0000%,1,
Contact STARLINK-31021 - STARLINK-2702,0.000,5400.000,0.0000%,0,
Contact STARLINK-31021 - STARLINK-11142 [DTC],1331.310,4068.690,24.6539%,1,
Contact STARLINK-31021 - STARLINK-3991,0.000,5400.000,0.0000%,0,
Contact STARLINK-31021 - STARLINK-31248,0.000,5400.000,0.0000%,0,
Contact STARLINK-31021 - STARLINK-5939,0.000,5400.000,0.0000%,0,
Contact STARLINK-31021 - STARLINK-5536,0.000,5400.000,0.0000%,0,
Contact STARLINK-31021 - STARLINK-4120,0.000,5400.000,0.0000%,0,
Contact STARLINK-31021 - STARLINK-5161,0.000,5400.000,0.0000%,0,
Contact STARLINK-31021 - STARLINK-30331,0.000,5400.000,0.0000%,0,
Contact STARLINK-31021 - STARLINK-1750,739.773,4660.227,13.6995%,2,
Contact STARLINK-31021 - STARLINK-30944,5400.000,0.000,100.0000%,1,
Contact STARLINK-31021 - STARLINK-2603,0.000,5400.000,0.0000%,0,
Contact STARLINK-31021 - STARLINK-6172,0.000,5400.000,0.0000%,0,
Contact STARLINK-31021 - STARLINK-31707,0.000,5400.000,0.0000%,0,
Contact STARLINK-31021 - STARLINK-32046,0.000,5400.000,0.0000%,0,
Contact STARLINK-31021 - STARLINK-3394,0.000,5400.000,0.0000%,0,
Contact STARLINK-31021 - STARLINK-6207,5400.000,0.000,100.0000%,1,
Contact STARLINK-31021 - STARLINK-1028,5400.000,0.000,100.0000%,1,
Contact STARLINK-31021 - STARLINK-32185,0.000,5400.000,0.0000%,0,
Contact STARLINK-31021 - STARLINK-4437,0.000,5400.000,0.0000%,0,
Contact STARLINK-31021 - STARLINK-1090,0.000,5400.000,0.0000%,0,
Contact STARLINK-31021 - STARLINK-1208,0.000,5400.000,0.0000%,0,
Contact STARLINK-31021 - STARLINK-5849,632.040,4767.960,11.7045%,1,
Contact STARLINK-31021 - STARLINK-2193,0.000,5400.000,0.0000%,0,
Contact STARLINK-31021 - STARLINK-31653,0.000,5400.000,0.0000%,0,
Contact STARLINK-31021 - STARLINK-6338,910.642,4489.358,16.8637%,2,
Contact STARLINK-31021 - STARLINK-11086 [DTC],0.000,5400.000,0.0000%,0,
Contact STARLINK-31021 - STARLINK-30575,0.000,5400.000,0.0000%,0,
Contact STARLINK-31021 - STARLINK-5475,0.000,5400.000,0.0000%,0,
Contact STARLINK-31021 - STARLINK-31992,0.000,5400.000,0.0000%,0,
Contact STARLINK-31021 - STARLINK-30715,0.000,5400.000,0.0000%,0,
Contact STARLINK-31021 - STARLINK-31276,1147.751,4252.249,21.2546%,1,
Contact STARLINK-31021 - STARLINK-31091,0.000,5400.000,0.0000%,0,
Contact STARLINK-31021 - STARLINK-11130 [DTC],0.000,5400.000,0.0000%,0,
Contact STARLINK-31021 - STARLINK-30303,0.000,5400.000,0.0000%,0,
Contact STARLINK-31021 - STARLINK-6366,0.000,5400.000,0.0000%,0,
Contact STARLINK-31021 - STARLINK-4260,0.000,5400.000,0.0000%,0,
Contact STARLINK-31021 - STARLINK-4130,0.000,5400.000,0.0000%,0,
Contact STARLINK-31021 - STARLINK-1098,0.000,5400.000,0.0000%,0,
Contact STARLINK-31021 - STARLINK-32045,0.000,5400.000,0.0000%,0,
Contact STARLINK-31021 - STARLINK-31083,0.000,5400.000,0.0000%,0,
Contact STARLINK-31021 - STARLINK-4090,0.000,5400.000,0.0000%,0,
Contact STARLINK-31021 - STARLINK-2504,0.000,5400.000,0.0000%,0,
Contact STARLINK-31021 - STARLINK-6346,4672.745,727.255,86.5323%,1,
Contact STARLINK-31021 - STARLINK-30299,0.000,5400.000,0.0000%,0,
Contact STARLINK-31021 - STARLINK-5966,0.000,5400.000,0.0000%,0,
Contact STARLINK-31021 - STARLINK-31917,0.000,5400.000,0.0000%,0,
Contact STARLINK-31021 - STARLINK-30208,0.000,5400.000,0.0000%,0,
Contact STARLINK-31021 - STARLINK-3911,0.000,5400.000,0.0000%,0,
Contact STARLINK-31021 - MoonARTEMIS1,3389.437,2010.563,62.7674%,1,
Contact STARLINK-31021 - MoonARTEMIS2,3471.342,1928.658,64.2841%,1,
Contact STARLINK-31021 - MoonIOAGEO,3405.465,1994.535,63.0642%,1,
Contact STARLINK-31021 - MoonIOAGNO,3406.005,1993.995,63.0742%,1,
Contact STARLINK-31021 - MoonIOAGNO 0001,3416.253,1983.747,63.2639%,1,
Contact STARLINK-31021 - MoonIOAGSO,3413.715,1986.285,63.2169%,1,
Contact STARLINK-31021 - MoonIOAGSO 0001,3430.016,1969.984,63.5188%,1,
Contact STARLINK-31021 - MoonLRO,1160.256,4239.744,21.4862%,1,
Contact STARLINK-31021 - MarsSat1,3515.255,1884.745,65.0973%,1,
Contact STARLINK-31021 - MarsSat2,3515.351,1884.649,65.0991%,1,
Contact STARLINK-31021 - MarsSat3,3515.281,1884.719,65.0978%,1,
Contact STARLINK-31021 - MarsSat4,3515.286,1884.714,65.0979%,1,
Contact STARLINK-3653 - STARLINK-31260,0.000,5400.000,0.0000%,0,
Contact STARLINK-3653 - STARLINK-30141,0.000,5400.000,0.0000%,0,
Contact STARLINK-3653 - STARLINK-6168,0.000,5400.000,0.0000%,0,
Contact STARLINK-3653 - STARLINK-1616,611.612,4788.388,11.3261%,2,
Contact STARLINK-3653 - STARLINK-2702,575.306,4824.694,10.6538%,1,
Contact STARLINK-3653 - STARLINK-11142 [DTC],1084.550,4315.450,20.0843%,2,
Contact STARLINK-3653 - STARLINK-3991,0.000,5400.000,0.0000%,0,
Contact STARLINK-3653 - STARLINK-31248,0.000,5400.000,0.0000%,0,
Contact STARLINK-3653 - STARLINK-5939,0.000,5400.000,0.0000%,0,
Contact STARLINK-3653 - STARLINK-5536,0.000,5400.000,0.0000%,0,
Contact STARLINK-3653 - STARLINK-4120,0.000,5400.000,0.0000%,0,
Contact STARLINK-3653 - STARLINK-5161,5400.000,0.000,100.0000%,1,
Contact STARLINK-3653 - STARLINK-30331,0.000,5400.000,0.0000%,0,
Contact STARLINK-3653 - STARLINK-1750,5400.000,0.000,100.0000%,1,
Contact STARLINK-3653 - STARLINK-30944,0.000,5400.000,0.0000%,0,
Contact STARLINK-3653 - STARLINK-2603,0.000,5400.000,0.0000%,0,
Contact STARLINK-3653 - STARLINK-6172,0.000,5400.000,0.0000%,0,
Contact STARLINK-3653 - STARLINK-31707,0.000,5400.000,0.0000%,0,
Contact STARLINK-3653 - STARLINK-32046,0.000,5400.000,0.0000%,0,
Contact STARLINK-3653 - STARLINK-3394,0.000,5400.000,0.0000%,0,
Contact STARLINK-3653 - STARLINK-6207,0.000,5400.000,0.0000%,0,
Contact STARLINK-3653 - STARLINK-1028,0.000,5400.000,0.0000%,0,
Contact STARLINK-3653 - STARLINK-32185,0.000,5400.000,0.0000%,0,
Contact STARLINK-3653 - STARLINK-4437,0.000,5400.000,0.0000%,0,
Contact STARLINK-3653 - STARLINK-1090,0.000,5400.000,0.0000%,0,
Contact STARLINK-3653 - STARLINK-1208,0.000,5400.000,0.0000%,0,
Contact STARLINK-3653 - STARLINK-5849,0.000,5400.000,0.0000%,0,
Contact STARLINK-3653 - STARLINK-2193,0.000,5400.000,0.0000%,0,
Contact STARLINK-3653 - STARLINK-31653,0.000,5400.000,0.0000%,0,
Contact STARLINK-3653 - STARLINK-6338,5400.000,0.000,100.0000%,1,
Contact STARLINK-3653 - STARLINK-11086 [DTC],5400.000,0.000,100.0000%,1,
Contact STARLINK-3653 - STARLINK-30575,0.000,5400.000,0.0000%,0,
Contact STARLINK-3653 - STARLINK-5475,912.606,4487.394,16.9001%,2,
Contact STARLINK-3653 - STARLINK-31992,0.000,5400.000,0.0000%,0,
Contact STARLINK-3653 - STARLINK-30715,0.000,5400.000,0.0000%,0,
Contact STARLINK-3653 - STARLINK-31276,0.000,5400.000,0.0000%,0,
Contact STARLINK-3653 - STARLINK-31091,0.000,5400.000,0.0000%,0,
Contact STARLINK-3653 - STARLINK-11130 [DTC],763.993,4636.007,14.1480%,2,
Contact STARLINK-3653 - STARLINK-30303,0.000,5400.000,0.0000%,0,
Contact STARLINK-3653 - STARLINK-6366,0.000,5400.000,0.0000%,0,
Contact STARLINK-3653 - STARLINK-4260,4202.832,1197.168,77.8302%,1,
Contact STARLINK-3653 - STARLINK-4130,0.000,5400.000,0.0000%,0,
Contact STARLINK-3653 - STARLINK-1098,0.000,5400.000,0.0000%,0,
Contact STARLINK-3653 - STARLINK-32045,344.967,5055.033,6.3883%,1,
Contact STARLINK-3653 - STARLINK-31083,0.000,5400.000,0.0000%,0,
Contact STARLINK-3653 - STARLINK-4090,0.000,5400.000,0.0000%,0,
Contact STARLINK-3653 - STARLINK-2504,0.000,5400.000,0.0000%,0,
Contact STARLINK-3653 - STARLINK-6346,0.000,5400.000,0.0000%,0,
Contact STARLINK-3653 - STARLINK-30299,0.000,5400.000,0.0000%,0,
Contact STARLINK-3653 - STARLINK-5966,0.000,5400.000,0.0000%,0,
Contact STARLINK-3653 - STARLINK-31917,1039.422,4360.578,19.2486%,1,
Contact STARLINK-3653 - STARLINK-30208,0.000,5400.000,0.0000%,0,
Contact STARLINK-3653 - STARLINK-3911,0.000,5400.000,0.0000%,0,
Contact STARLINK-3653 - MoonARTEMIS1,5400.000,0.000,100.0000%,1,
Contact STARLINK-3653 - MoonARTEMIS2,5400.000,0.000,100.0000%,1,
Contact STARLINK-3653 - MoonIOAGEO,5400.000,0.000,100.0000%,1,
Contact STARLINK-3653 - MoonIOAGNO,5400.000,0.000,100.0000%,1,
Contact STARLINK-3653 - MoonIOAGNO 0001,5400.000,0.000,100.0000%,1,
Contact STARLINK-3653 - MoonIOAGSO,5400.000,0.000,100.0000%,1,
Contact STARLINK-3653 - MoonIOAGSO 0001,5400.000,0.000,100.0000%,1,
Contact STARLINK-3653 - MoonLRO,5400.000,0.000,100.0000%,1,
Contact STARLINK-3653 - MarsSat1,3890.919,1509.081,72.0540%,1,
Contact STARLINK-3653 - MarsSat2,3890.874,1509.126,72.0532%,1,
Contact STARLINK-3653 - MarsSat3,3143.002,2256.998,58.2037%,1,
Contact STARLINK-3653 - MarsSat4,3890.937,1509.063,72.0544%,1,
Contact STARLINK-31260 - STARLINK-30141,0.000,5400.000,0.0000%,0,
Contact STARLINK-31260 - STARLINK-6168,0.000,5400.000,0.0000%,0,
Contact STARLINK-31260 - STARLINK-1616,0.000,5400.000,0.0000%,0,
Contact STARLINK-31260 - STARLINK-2702,0.000,5400.000,0.0000%,0,
Contact STARLINK-31260 - STARLINK-11142 [DTC],0.000,5400.000,0.0000%,0,
Contact STARLINK-31260 - STARLINK-3991,0.000,5400.000,0.0000%,0,
Contact STARLINK-31260 - STARLINK-31248,0.000,5400.000,0.0000%,0,
Contact STARLINK-31260 - STARLINK-5939,0.000,5400.000,0.0000%,0,
Contact STARLINK-31260 - STARLINK-5536,0.000,5400.000,0.0000%,0,
Contact STARLINK-31260 - STARLINK-4120,0.000,5400.000,0.0000%,0,
Contact STARLINK-31260 - STARLINK-5161,0.000,5400.000,0.0000%,0,
Contact STARLINK-31260 - STARLINK-30331,0.000,5400.000,0.0000%,0,
Contact STARLINK-31260 - STARLINK-1750,0.000,5400.000,0.0000%,0,
Contact STARLINK-31260 - STARLINK-30944,643.084,4756.916,11.9090%,2,
Contact STARLINK-31260 - STARLINK-2603,0.000,5400.000,0.0000%,0,
Contact STARLINK-31260 - STARLINK-6172,0.000,5400.000,0.0000%,0,
Contact STARLINK-31260 - STARLINK-31707,927.179,4472.821,17.1700%,1,
Contact STARLINK-31260 - STARLINK-32046,0.000,5400.000,0.0000%,0,
Contact STARLINK-31260 - STARLINK-3394,0.000,5400.000,0.0000%,0,
Contact STARLINK-31260 - STARLINK-6207,254.886,5145.114,4.7201%,2,
Contact STARLINK-31260 - STARLINK-1028,0.000,5400.000,0.0000%,0,
Contact STARLINK-31260 - STARLINK-32185,0.000,5400.000,0.0000%,0,
Contact STARLINK-31260 - STARLINK-4437,0.000,5400.000,0.0000%,0,
Contact STARLINK-31260 - STARLINK-1090,0.000,5400.000,0.0000%,0,
Contact STARLINK-31260 - STARLINK-1208,0.000,5400.000,0.0000%,0,
Contact STARLINK-31260 - STARLINK-5849,0.000,5400.000,0.0000%,0,
Contact STARLINK-31260 - STARLINK-2193,919.202,4480.798,17.0223%,1,
Contact STARLINK-31260 - STARLINK-31653,0.000,5400.000,0.0000%,0,
Contact STARLINK-31260 - STARLINK-6338,0.000,5400.000,0.0000%,0,
Contact STARLINK-31260 - STARLINK-11086 [DTC],0.000,5400.000,0.0000%,0,
Contact STARLINK-31260 - STARLINK-30575,613.188,4786.812,11.3553%,2,
Contact STARLINK-31260 - STARLINK-5475,0.000,5400.000,0.0000%,0,
Contact STARLINK-31260 - STARLINK-31992,544.857,4855.143,10.0899%,1,
Contact STARLINK-31260 - STARLINK-30715,0.000,5400.000,0.0000%,0,
Contact STARLINK-31260 - STARLINK-31276,0.000,5400.000,0.0000%,0,
Contact STARLINK-31260 - STARLINK-31091,0.000,5400.000,0.0000%,0,
Contact STARLINK-31260 - STARLINK-11130 [DTC],0.000,5400.000,0.0000%,0,
Contact STARLINK-31260 - STARLINK-30303,1035.091,4364.909,19.1683%,1,
Contact STARLINK-31260 - STARLINK-6366,0.000,5400.000,0.0000%,0,
Contact STARLINK-31260 - STARLINK-4260,0.000,5400.000,0.0000%,0,
Contact STARLINK-31260 - STARLINK-4130,0.000,5400.000,0.0000%,0,
Contact STARLINK-31260 - STARLINK-1098,0.000,5400.000,0.0000%,0,
Contact STARLINK-31260 - STARLINK-32045,0.000,5400.000,0.0000%,0,
Contact STARLINK-31260 - STARLINK-31083,953.582,4446.418,17.6589%,1,
Contact STARLINK-31260 - STARLINK-4090,0.000,5400.000,0.0000%,0,
Contact STARLINK-31260 - STARLINK-2504,0.000,5400.000,0.0000%,0,
Contact STARLINK-31260 - STARLINK-6346,657.042,4742.958,12.1674%,2,
Contact STARLINK-31260 - STARLINK-30299,1091.513,4308.487,20.2132%,1,
Contact STARLINK-31260 - STARLINK-5966,0.000,5400.000,0.0000%,0,
Contact STARLINK-31260 - STARLINK-31917,0.000,5400.000,0.0000%,0,
Contact STARLINK-31260 - STARLINK-30208,0.000,5400.000,0.0000%,0,
Contact STARLINK-31260 - STARLINK-3911,384.552,5015.448,7.1213%,2,
Contact STARLINK-31260 - MoonARTEMIS1,3610.628,1789.372,66.8635%,1,
Contact STARLINK-31260 - MoonARTEMIS2,3566.893,1833.107,66.0536%,1,
Contact STARLINK-31260 - MoonIOAGEO,3595.636,1804.364,66.5859%,1,
Contact STARLINK-31260 - MoonIOAGNO,3594.307,1805.693,66.5612%,1,
Contact STARLINK-31260 - MoonIOAGNO 0001,3597.325,1802.675,66.6171%,1,
Contact STARLINK-31260 - MoonIOAGSO,3597.536,1802.464,66.6210%,1,
Contact STARLINK-31260 - MoonIOAGSO 0001,3578.383,1821.617,66.2663%,1,
Contact STARLINK-31260 - MoonLRO,1217.964,4182.036,22.5549%,1,
Contact STARLINK-31260 - MarsSat1,5400.000,0.000,100.0000%,1,
Contact STARLINK-31260 - MarsSat2,5400.000,0.000,100.0000%,1,
Contact STARLINK-31260 - MarsSat3,4652.532,747.468,86.1580%,1,
Contact STARLINK-31260 - MarsSat4,5400.000,0.000,100.0000%,1,
Contact STARLINK-30141 - STARLINK-6168,0.000,5400.000,0.0000%,0,
Contact STARLINK-30141 - STARLINK-1616,0.000,5400.000,0.0000%,0,
Contact STARLINK-30141 - STARLINK-2702,5400.000,0.000,100.0000%,1,
Contact STARLINK-30141 - STARLINK-11142 [DTC],0.000,5400.000,0.0000%,0,
Contact STARLINK-30141 - STARLINK-3991,375.854,5024.146,6.9603%,1,
Contact STARLINK-30141 - STARLINK-31248,5400.000,0.000,100.0000%,1,
Contact STARLINK-30141 - STARLINK-5939,0.000,5400.000,0.0000%,0,
Contact STARLINK-30141 - STARLINK-5536,5400.000,0.000,100.0000%,1,
Contact STARLINK-30141 - STARLINK-4120,0.000,5400.000,0.0000%,0,
Contact STARLINK-30141 - STARLINK-5161,443.470,4956.530,8.2124%,1,
Contact STARLINK-30141 - STARLINK-30331,0.000,5400.000,0.0000%,0,
Contact STARLINK-30141 - STARLINK-1750,0.000,5400.000,0.0000%,0,
Contact STARLINK-30141 - STARLINK-30944,0.000,5400.000,0.0000%,0,
Contact STARLINK-30141 - STARLINK-2603,505.377,4894.623,9.3588%,2,
Contact STARLINK-30141 - STARLINK-6172,0.000,5400.000,0.0000%,0,
Contact STARLINK-30141 - STARLINK-31707,0.000,5400.000,0.0000%,0,
Contact STARLINK-30141 - STARLINK-32046,664.235,4735.765,12.3006%,1,
Contact STARLINK-30141 - STARLINK-3394,77.818,5322.182,1.4411%,1,
Contact STARLINK-30141 - STARLINK-6207,0.000,5400.000,0.0000%,0,
Contact STARLINK-30141 - STARLINK-1028,0.000,5400.000,0.0000%,0,
Contact STARLINK-30141 - STARLINK-32185,0.000,5400.000,0.0000%,0,
Contact STARLINK-30141 - STARLINK-4437,0.000,5400.000,0.0000%,0,
Contact STARLINK-30141 - STARLINK-1090,3895.386,1504.614,72.1368%,2,
Contact STARLINK-30141 - STARLINK-1208,550.804,4849.196,10.2001%,1,
Contact STARLINK-30141 - STARLINK-5849,0.000,5400.000,0.0000%,0,
Contact STARLINK-30141 - STARLINK-2193,0.000,5400.000,0.0000%,0,
Contact STARLINK-30141 - STARLINK-31653,0.000,5400.000,0.0000%,0,
Contact STARLINK-30141 - STARLINK-6338,0.000,5400.000,0.0000%,0,
Contact STARLINK-30141 - STARLINK-11086 [DTC],0.000,5400.000,0.0000%,0,
Contact STARLINK-30141 - STARLINK-30575,0.000,5400.000,0.0000%,0,
Contact STARLINK-30141 - STARLINK-5475,0.000,5400.000,0.0000%,0,
Contact STARLINK-30141 - STARLINK-31992,0.000,5400.000,0.0000%,0,
Contact STARLINK-30141 - STARLINK-30715,0.000,5400.000,0.0000%,0,
Contact STARLINK-30141 - STARLINK-31276,0.000,5400.000,0.0000%,0,
Contact STARLINK-30141 - STARLINK-31091,0.000,5400.000,0.0000%,0,
Contact STARLINK-30141 - STARLINK-11130 [DTC],0.000,5400.000,0.0000%,0,
Contact STARLINK-30141 - STARLINK-30303,0.000,5400.000,0.0000%,0,
Contact STARLINK-30141 - STARLINK-6366,0.000,5400.000,0.0000%,0,
Contact STARLINK-30141 - STARLINK-4260,0.000,5400.000,0.0000%,0,
Contact STARLINK-30141 - STARLINK-4130,0.000,5400.000,0.0000%,0,
Contact STARLINK-30141 - STARLINK-1098,713.484,4686.516,13.2127%,2,
Contact STARLINK-30141 - STARLINK-32045,1043.052,4356.948,19.3158%,1,
Contact STARLINK-30141 - STARLINK-31083,0.000,5400.000,0.0000%,0,
Contact STARLINK-30141 - STARLINK-4090,0.000,5400.000,0.0000%,0,
Contact STARLINK-30141 - STARLINK-2504,0.000,5400.000,0.0000%,0,
Contact STARLINK-30141 - STARLINK-6346,0.000,5400.000,0.0000%,0,
Contact STARLINK-30141 - STARLINK-30299,0.000,5400.000,0.0000%,0,
Contact STARLINK-30141 - STARLINK-5966,5400.000,0.000,100.0000%,1,
Contact STARLINK-30141 - STARLINK-31917,1321.173,4078.827,24.4662%,1,
Contact STARLINK-30141 - STARLINK-30208,0.000,5400.000,0.0000%,0,
Contact STARLINK-30141 - STARLINK-3911,0.000,5400.000,0.0000%,0,
Contact STARLINK-30141 - MoonARTEMIS1,5400.000,0.000,100.0000%,1,
Contact STARLINK-30141 - MoonARTEMIS2,5400.000,0.000,100.0000%,1,
Contact STARLINK-30141 - MoonIOAGEO,5400.000,0.000,100.0000%,1,
Contact STARLINK-30141 - MoonIOAGNO,5400.000,0.000,100.0000%,1,
Contact STARLINK-30141 - MoonIOAGNO 0001,5400.000,0.000,100.0000%,1,
Contact STARLINK-30141 - MoonIOAGSO,5400.000,0.000,100.0000%,1,
Contact STARLINK-30141 - MoonIOAGSO 0001,5400.000,0.000,100.0000%,1,
Contact STARLINK-30141 - MoonLRO,5400.000,0.000,100.0000%,1,
Contact STARLINK-30141 - MarsSat1,3290.998,2109.002,60.9444%,2,
Contact STARLINK-30141 - MarsSat2,3291.000,2109.000,60.9444%,2,
Contact STARLINK-30141 - MarsSat3,203.681,5196.319,3.7719%,1,
Contact STARLINK-30141 - MarsSat4,3290.999,2109.001,60.9444%,2,
Contact STARLINK-6168 - STARLINK-1616,0.000,5400.000,0.0000%,0,
Contact STARLINK-6168 - STARLINK-2702,0.000,5400.000,0.0000%,0,
Contact STARLINK-6168 - STARLINK-11142 [DTC],0.000,5400.000,0.0000%,0,
Contact STARLINK-6168 - STARLINK-3991,0.000,5400.000,0.0000%,0,
Contact STARLINK-6168 - STARLINK-31248,0.000,5400.000,0.0000%,0,
Contact STARLINK-6168 - STARLINK-5939,0.000,5400.000,0.0000%,0,
Contact STARLINK-6168 - STARLINK-5536,0.000,5400.000,0.0000%,0,
Contact STARLINK-6168 - STARLINK-4120,0.000,5400.000,0.0000%,0,
Contact STARLINK-6168 - STARLINK-5161,0.000,5400.000,0.0000%,0,
Contact STARLINK-6168 - STARLINK-30331,5400.000,0.000,100.0000%,1,
Contact STARLINK-6168 - STARLINK-1750,0.000,5400.000,0.0000%,0,
Contact STARLINK-6168 - STARLINK-30944,0.000,5400.000,0.0000%,0,
Contact STARLINK-6168 - STARLINK-2603,0.000,5400.000,0.0000%,0,
Contact STARLINK-6168 - STARLINK-6172,0.000,5400.000,0.0000%,0,
Contact STARLINK-6168 - STARLINK-31707,5400.000,0.000,100.0000%,1,
Contact STARLINK-6168 - STARLINK-32046,375.839,5024.161,6.9600%,1,
Contact STARLINK-6168 - STARLINK-3394,0.000,5400.000,0.0000%,0,
Contact STARLINK-6168 - STARLINK-6207,0.000,5400.000,0.0000%,0,
Contact STARLINK-6168 - STARLINK-1028,0.000,5400.000,0.0000%,0,
Contact STARLINK-6168 - STARLINK-32185,0.000,5400.000,0.0000%,0,
Contact STARLINK-6168 - STARLINK-4437,384.758,5015.242,7.1251%,1,
Contact STARLINK-6168 - STARLINK-1090,0.000,5400.000,0.0000%,0,
Contact STARLINK-6168 - STARLINK-1208,0.000,5400.000,0.0000%,0,
Contact STARLINK-6168 - STARLINK-5849,4336.077,1063.923,80.2977%,2,
Contact STARLINK-6168 - STARLINK-2193,0.000,5400.000,0.0000%,0,
Contact STARLINK-6168 - STARLINK-31653,2658.212,2741.788,49.2262%,1,
Contact STARLINK-6168 - STARLINK-6338,0.000,5400.000,0.0000%,0,
Contact STARLINK-6168 - STARLINK-11086 [DTC],0.000,5400.000,0.0000%,0,
Contact STARLINK-6168 - STARLINK-30575,1088.766,4311.234,20.1623%,1,
Contact STARLINK-6168 - STARLINK-5475,0.000,5400.000,0.0000%,0,
Contact STARLINK-6168 - STARLINK-31992,1089.770,4310.230,20.1809%,2,
Contact STARLINK-6168 - STARLINK-30715,687.503,4712.497,12.7315%,2,
Contact STARLINK-6168 - STARLINK-31276,0.000,5400.000,0.0000%,0,
Contact STARLINK-6168 - STARLINK-31091,0.000,5400.000,0.0000%,0,
Contact STARLINK-6168 - STARLINK-11130 [DTC],0.000,5400.000,0.0000%,0,
Contact STARLINK-6168 - STARLINK-30303,0.000,5400.000,0.0000%,0,
Contact STARLINK-6168 - STARLINK-6366,5400.000,0.000,100.0000%,1,
Contact STARLINK-6168 - STARLINK-4260,0.000,5400.000,0.0000%,0,
Contact STARLINK-6168 - STARLINK-4130,0.000,5400.000,0.0000%,0,
Contact STARLINK-6168 - STARLINK-1098,0.000,5400.000,0.0000%,0,
Contact STARLINK-6168 - STARLINK-32045,0.000,5400.000,0.0000%,0,
Contact STARLINK-6168 - STARLINK-31083,0.000,5400.000,0.0000%,0,
Contact STARLINK-6168 - STARLINK-4090,0.000,5400.000,0.0000%,0,
Contact STARLINK-6168 - STARLINK-2504,605.746,4794.254,11.2175%,1,
Contact STARLINK-6168 - STARLINK-6346,294.943,5105.057,5.4619%,1,
Contact STARLINK-6168 - STARLINK-30299,1029.168,4370.832,19.0587%,1,
Contact STARLINK-6168 - STARLINK-5966,0.000,5400.000,0.0000%,0,
Contact STARLINK-6168 - STARLINK-31917,0.000,5400.000,0.0000%,0,
Contact STARLINK-6168 - STARLINK-30208,0.000,5400.000,0.0000%,0,
Contact STARLINK-6168 - STARLINK-3911,3749.267,1650.733,69.4309%,1,
Contact STARLINK-6168 - MoonARTEMIS1,3838.610,1561.390,71.0854%,1,
Contact STARLINK-6168 - MoonARTEMIS2,3713.690,1686.310,68.7720%,1,
Contact STARLINK-6168 - MoonIOAGEO,3805.498,1594.502,70.4722%,1,
Contact STARLINK-6168 - MoonIOAGNO,3805.736,1594.264,70.4766%,1,
Contact STARLINK-6168 - MoonIOAGNO 0001,3778.328,1621.672,69.9690%,1,
Contact STARLINK-6168 - MoonIOAGSO,3801.019,1598.981,70.3892%,1,
Contact STARLINK-6168 - MoonIOAGSO 0001,3787.035,1612.965,70.1303%,1,
Contact STARLINK-6168 - MoonLRO,1957.513,3442.487,36.2502%,1,
Contact STARLINK-6168 - MarsSat1,5400.000,0.000,100.0000%,1,
Contact STARLINK-6168 - MarsSat2,5400.000,0.000,100.0000%,1,
Contact STARLINK-6168 - MarsSat3,2882.084,2517.916,53.3719%,1,
Contact STARLINK-6168 - MarsSat4,5400.000,0.000,100.0000%,1,
Contact STARLINK-1616 - STARLINK-2702,0.000,5400.000,0.0000%,0,
Contact STARLINK-1616 - STARLINK-11142 [DTC],5400.000,0.000,100.0000%,1,
Contact STARLINK-1616 - STARLINK-3991,0.000,5400.000,0.0000%,0,
Contact STARLINK-1616 - STARLINK-31248,0.000,5400.000,0.0000%,0,
Contact STARLINK-1616 - STARLINK-5939,0.000,5400.000,0.0000%,0,
Contact STARLINK-1616 - STARLINK-5536,0.000,5400.000,0.0000%,0,
Contact STARLINK-1616 - STARLINK-4120,0.000,5400.000,0.0000%,0,
Contact STARLINK-1616 - STARLINK-5161,359.775,5040.225,6.6625%,1,
Contact STARLINK-1616 - STARLINK-30331,0.000,5400.000,0.0000%,0,
Contact STARLINK-1616 - STARLINK-1750,1188.343,4211.657,22.0064%,2,
Contact STARLINK-1616 - STARLINK-30944,0.000,5400.000,0.0000%,0,
Contact STARLINK-1616 - STARLINK-2603,0.000,5400.000,0.0000%,0,
Contact STARLINK-1616 - STARLINK-6172,0.000,5400.000,0.0000%,0,
Contact STARLINK-1616 - STARLINK-31707,0.000,5400.000,0.0000%,0,
Contact STARLINK-1616 - STARLINK-32046,0.000,5400.000,0.0000%,0,
Contact STARLINK-1616 - STARLINK-3394,0.000,5400.000,0.0000%,0,
Contact STARLINK-1616 - STARLINK-6207,0.000,5400.000,0.0000%,0,
Contact STARLINK-1616 - STARLINK-1028,0.000,5400.000,0.0000%,0,
Contact STARLINK-1616 - STARLINK-32185,0.000,5400.000,0.0000%,0,
Contact STARLINK-1616 - STARLINK-4437,0.000,5400.000,0.0000%,0,
Contact STARLINK-1616 - STARLINK-1090,0.000,5400.000,0.0000%,0,
Contact STARLINK-1616 - STARLINK-1208,0.000,5400.000,0.0000%,0,
Contact STARLINK-1616 - STARLINK-5849,0.000,5400.000,0.0000%,0,
Contact STARLINK-1616 - STARLINK-2193,0.000,5400.000,0.0000%,0,
Contact STARLINK-1616 - STARLINK-31653,0.000,5400.000,0.0000%,0,
Contact STARLINK-1616 - STARLINK-6338,5400.000,0.000,100.0000%,1,
Contact STARLINK-1616 - STARLINK-11086 [DTC],3647.455,1752.545,67.5455%,2,
Contact STARLINK-1616 - STARLINK-30575,0.000,5400.000,0.0000%,0,
Contact STARLINK-1616 - STARLINK-5475,5400.000,0.000,100.0000%,1,
Contact STARLINK-1616 - STARLINK-31992,0.000,5400.000,0.0000%,0,
Contact STARLINK-1616 - STARLINK-30715,0.000,5400.000,0.0000%,0,
Contact STARLINK-1616 - STARLINK-31276,912.971,4487.029,16.9069%,1,
Contact STARLINK-1616 - STARLINK-31091,0.000,5400.000,0.0000%,0,
Contact STARLINK-1616 - STARLINK-11130 [DTC],0.000,5400.000,0.0000%,0,
Contact STARLINK-1616 - STARLINK-30303,0.000,5400.000,0.0000%,0,
Contact STARLINK-1616 - STARLINK-6366,0.000,5400.000,0.0000%,0,
Contact STARLINK-1616 - STARLINK-4260,0.000,5400.000,0.0000%,0,
Contact STARLINK-1616 - STARLINK-4130,0.000,5400.000,0.0000%,0,
Contact STARLINK-1616 - STARLINK-1098,0.000,5400.000,0.0000%,0,
Contact STARLINK-1616 - STARLINK-32045,0.000,5400.000,0.0000%,0,
Contact STARLINK-1616 - STARLINK-31083,0.000,5400.000,0.0000%,0,
Contact STARLINK-1616 - STARLINK-4090,0.000,5400.000,0.0000%,0,
Contact STARLINK-1616 - STARLINK-2504,0.000,5400.000,0.0000%,0,
Contact STARLINK-1616 - STARLINK-6346,0.000,5400.000,0.0000%,0,
Contact STARLINK-1616 - STARLINK-30299,0.000,5400.000,0.0000%,0,
Contact STARLINK-1616 - STARLINK-5966,0.000,5400.000,0.0000%,0,
Contact STARLINK-1616 - STARLINK-31917,0.000,5400.000,0.0000%,0,
Contact STARLINK-1616 - STARLINK-30208,0.000,5400.000,0.0000%,0,
Contact STARLINK-1616 - STARLINK-3911,0.000,5400.000,0.0000%,0,
Contact STARLINK-1616 - MoonARTEMIS1,3292.852,2107.148,60.9787%,1,
Contact STARLINK-1616 - MoonARTEMIS2,3352.063,2047.937,62.0752%,1,
Contact STARLINK-1616 - MoonIOAGEO,3304.482,2095.518,61.1941%,1,
Contact STARLINK-1616 - MoonIOAGNO,3308.035,2091.965,61.2599%,1,
Contact STARLINK-1616 - MoonIOAGNO 0001,3324.301,2075.699,61.5611%,1,
Contact STARLINK-1616 - MoonIOAGSO,3305.656,2094.344,61.2158%,1,
Contact STARLINK-1616 - MoonIOAGSO 0001,3306.041,2093.959,61.2230%,1,
Contact STARLINK-1616 - MoonLRO,1139.593,4260.407,21.1036%,1,
Contact STARLINK-1616 - MarsSat1,5400.000,0.000,100.0000%,1,
Contact STARLINK-1616 - MarsSat2,5400.000,0.000,100.0000%,1,
Contact STARLINK-1616 - MarsSat3,3343.429,2056.571,61.9154%,1,
Contact STARLINK-1616 - MarsSat4,5400.000,0.000,100.0000%,1,
Contact STARLINK-2702 - STARLINK-11142 [DTC],0.000,5400.000,0.0000%,0,
Contact STARLINK-2702 - STARLINK-3991,161.977,5238.023,2.9996%,1,
Contact STARLINK-2702 - STARLINK-31248,4431.409,968.591,82.0631%,2,
Contact STARLINK-2702 - STARLINK-5939,0.000,5400.000,0.0000%,0,
Contact STARLINK-2702 - STARLINK-5536,5400.000,0.000,100.0000%,1,
Contact STARLINK-2702 - STARLINK-4120,0.000,5400.000,0.0000%,0,
Contact STARLINK-2702 - STARLINK-5161,687.570,4712.430,12.7328%,1,
Contact STARLINK-2702 - STARLINK-30331,0.000,5400.000,0.0000%,0,
Contact STARLINK-2702 - STARLINK-1750,0.000,5400.000,0.0000%,0,
Contact STARLINK-2702 - STARLINK-30944,0.000,5400.000,0.0000%,0,
Contact STARLINK-2702 - STARLINK-2603,394.481,5005.519,7.3052%,1,
Contact STARLINK-2702 - STARLINK-6172,0.000,5400.000,0.0000%,0,
Contact STARLINK-2702 - STARLINK-31707,0.000,5400.000,0.0000%,0,
Contact STARLINK-2702 - STARLINK-32046,0.000,5400.000,0.0000%,0,
Contact STARLINK-2702 - STARLINK-3394,136.486,5263.514,2.5275%,2,
Contact STARLINK-2702 - STARLINK-6207,0.000,5400.000,0.0000%,0,
Contact STARLINK-2702 - STARLINK-1028,0.000,5400.000,0.0000%,0,
Contact STARLINK-2702 - STARLINK-32185,0.000,5400.000,0.0000%,0,
Contact STARLINK-2702 - STARLINK-4437,0.000,5400.000,0.0000%,0,
Contact STARLINK-2702 - STARLINK-1090,751.990,4648.010,13.9257%,2,
Contact STARLINK-2702 - STARLINK-1208,351.894,5048.106,6.5165%,1,
Contact STARLINK-2702 - STARLINK-5849,0.000,5400.000,0.0000%,0,
Contact STARLINK-2702 - STARLINK-2193,0.000,5400.000,0.0000%,0,
Contact STARLINK-2702 - STARLINK-31653,0.000,5400.000,0.0000%,0,
Contact STARLINK-2702 - STARLINK-6338,0.000,5400.000,0.0000%,0,
Contact STARLINK-2702 - STARLINK-11086 [DTC],0.000,5400.000,0.0000%,0,
Contact STARLINK-2702 - STARLINK-30575,0.000,5400.000,0.0000%,0,
Contact STARLINK-2702 - STARLINK-5475,0.000,5400.000,0.0000%,0,
Contact STARLINK-2702 - STARLINK-31992,0.000,5400.000,0.0000%,0,
Contact STARLINK-2702 - STARLINK-30715,0.000,5400.000,0.0000%,0,
Contact STARLINK-2702 - STARLINK-31276,0.000,5400.000,0.0000%,0,
Contact STARLINK-2702 - STARLINK-31091,0.000,5400.000,0.0000%,0,
Contact STARLINK-2702 - STARLINK-11130 [DTC],0.000,5400.000,0.0000%,0,
Contact STARLINK-2702 - STARLINK-30303,0.000,5400.000,0.0000%,0,
Contact STARLINK-2702 - STARLINK-6366,0.000,5400.000,0.0000%,0,
Contact STARLINK-2702 - STARLINK-4260,4254.509,1145.491,78.7872%,1,
Contact STARLINK-2702 - STARLINK-4130,0.000,5400.000,0.0000%,0,
Contact STARLINK-2702 - STARLINK-1098,586.923,4813.077,10.8690%,2,
Contact STARLINK-2702 - STARLINK-32045,965.125,4434.875,17.8727%,1,
Contact STARLINK-2702 - STARLINK-31083,0.000,5400.000,0.0000%,0,
Contact STARLINK-2702 - STARLINK-4090,0.000,5400.000,0.0000%,0,
Contact STARLINK-2702 - STARLINK-2504,0.000,5400.000,0.0000%,0,
Contact STARLINK-2702 - STARLINK-6346,0.000,5400.000,0.0000%,0,
Contact STARLINK-2702 - STARLINK-30299,0.000,5400.000,0.0000%,0,
Contact STARLINK-2702 - STARLINK-5966,5400.000,0.000,100.0000%,1,
Contact STARLINK-2702 - STARLINK-31917,4481.492,918.508,82.9906%,1,
Contact STARLINK-2702 - STARLINK-30208,0.000,5400.000,0.0000%,0,
Contact STARLINK-2702 - STARLINK-3911,0.000,5400.000,0.0000%,0,
Contact STARLINK-2702 - MoonARTEMIS1,5400.000,0.000,100.0000%,1,
Contact STARLINK-2702 - MoonARTEMIS2,5400.000,0.000,100.0000%,1,
Contact STARLINK-2702 - MoonIOAGEO,5400.000,0.000,100.0000%,1,
Contact STARLINK-2702 - MoonIOAGNO,5400.000,0.000,100.0000%,1,
Contact STARLINK-2702 - MoonIOAGNO 0001,5400.000,0.000,100.0000%,1,
Contact STARLINK-2702 - MoonIOAGSO,5400.000,0.000,100.0000%,1,
Contact STARLINK-2702 - MoonIOAGSO 0001,5400.000,0.000,100.0000%,1,
Contact STARLINK-2702 - MoonLRO,5400.000,0.000,100.0000%,1,
Contact STARLINK-2702 - MarsSat1,3370.192,2029.808,62.4110%,2,
Contact STARLINK-2702 - MarsSat2,3370.213,2029.787,62.4114%,2,
Contact STARLINK-2702 - MarsSat3,236.265,5163.735,4.3753%,1,
Contact STARLINK-2702 - MarsSat4,3370.204,2029.796,62.4112%,2,
Contact STARLINK-11142 [DTC] - STARLINK-3991,0.000,5400.000,0.0000%,0,
Contact STARLINK-11142 [DTC] - STARLINK-31248,0.000,5400.000,0.0000%,0,
Contact STARLINK-11142 [DTC] - STARLINK-5939,0.000,5400.000,0.0000%,0,
Contact STARLINK-11142 [DTC] - STARLINK-5536,0.000,5400.000,0.0000%,0,
Contact STARLINK-11142 [DTC] - STARLINK-4120,0.000,5400.000,0.0000%,0,
Contact STARLINK-11142 [DTC] - STARLINK-5161,698.859,4701.141,12.9418%,2,
Contact STARLINK-11142 [DTC] - STARLINK-30331,0.000,5400.000,0.0000%,0,
Contact STARLINK-11142 [DTC] - STARLINK-1750,5400.000,0.000,100.0000%,1,
Contact STARLINK-11142 [DTC] - STARLINK-30944,0.000,5400.000,0.0000%,0,
Contact STARLINK-11142 [DTC] - STARLINK-2603,0.000,5400.000,0.0000%,0,
Contact STARLINK-11142 [DTC] - STARLINK-6172,0.000,5400.000,0.0000%,0,
Contact STARLINK-11142 [DTC] - STARLINK-31707,0.000,5400.000,0.0000%,0,
Contact STARLINK-11142 [DTC] - STARLINK-32046,0.000,5400.000,0.0000%,0,
Contact STARLINK-11142 [DTC] - STARLINK-3394,0.000,5400.000,0.0000%,0,
Contact STARLINK-11142 [DTC] - STARLINK-6207,0.000,5400.000,0.0000%,0,
Contact STARLINK-11142 [DTC] - STARLINK-1028,0.000,5400.000,0.0000%,0,
Contact STARLINK-11142 [DTC] - STARLINK-32185,0.000,5400.000,0.0000%,0,
Contact STARLINK-11142 [DTC] - STARLINK-4437,0.000,5400.000,0.0000%,0,
Contact STARLINK-11142 [DTC] - STARLINK-1090,0.000,5400.000,0.0000%,0,
Contact STARLINK-11142 [DTC] - STARLINK-1208,0.000,5400.000,0.0000%,0,
Contact STARLINK-11142 [DTC] - STARLINK-5849,0.000,5400.000,0.0000%,0,
Contact STARLINK-11142 [DTC] - STARLINK-2193,0.000,5400.000,0.0000%,0,
Contact STARLINK-11142 [DTC] - STARLINK-31653,0.000,5400.000,0.0000%,0,
Contact STARLINK-11142 [DTC] - STARLINK-6338,5400.000,0.000,100.0000%,1,
Contact STARLINK-11142 [DTC] - STARLINK-11086 [DTC],5400.000,0.000,100.0000%,1,
Contact STARLINK-11142 [DTC] - STARLINK-30575,0.000,5400.000,0.0000%,0,
Contact STARLINK-11142 [DTC] - STARLINK-5475,5400.000,0.000,100.0000%,1,
Contact STARLINK-11142 [DTC] - STARLINK-31992,0.000,5400.000,0.0000%,0,
Contact STARLINK-11142 [DTC] - STARLINK-30715,0.000,5400.000,0.0000%,0,
Contact STARLINK-11142 [DTC] - STARLINK-31276,0.000,5400.000,0.0000%,0,
Contact STARLINK-11142 [DTC] - STARLINK-31091,0.000,5400.000,0.0000%,0,
Contact STARLINK-11142 [DTC] - STARLINK-11130 [DTC],0.000,5400.000,0.0000%,0,
Contact STARLINK-11142 [DTC] - STARLINK-30303,0.000,5400.000,0.0000%,0,
Contact STARLINK-11142 [DTC] - STARLINK-6366,0.000,5400.000,0.0000%,0,
Contact STARLINK-11142 [DTC] - STARLINK-4260,0.000,5400.000,0.0000%,0,
Contact STARLINK-11142 [DTC] - STARLINK-4130,0.000,5400.000,0.0000%,0,
Contact STARLINK-11142 [DTC] - STARLINK-1098,0.000,5400.000,0.0000%,0,
Contact STARLINK-11142 [DTC] - STARLINK-32045,0.000,5400.000,0.0000%,0,
Contact STARLINK-11142 [DTC] - STARLINK-31083,0.000,5400.000,0.0000%,0,
Contact STARLINK-11142 [DTC] - STARLINK-4090,0.000,5400.000,0.0000%,0,
Contact STARLINK-11142 [DTC] - STARLINK-2504,0.000,5400.000,0.0000%,0,
Contact STARLINK-11142 [DTC] - STARLINK-6346,0.000,5400.000,0.0000%,0,
Contact STARLINK-11142 [DTC] - STARLINK-30299,0.000,5400.000,0.0000%,0,
Contact STARLINK-11142 [DTC] - STARLINK-5966,0.000,5400.000,0.0000%,0,
Contact STARLINK-11142 [DTC] - STARLINK-31917,0.000,5400.000,0.0000%,0,
Contact STARLINK-11142 [DTC] - STARLINK-30208,0.000,5400.000,0.0000%,0,
Contact STARLINK-11142 [DTC] - STARLINK-3911,0.000,5400.000,0.0000%,0,
Contact STARLINK-11142 [DTC] - MoonARTEMIS1,3207.063,2192.937,59.3901%,2,
Contact STARLINK-11142 [DTC] - MoonARTEMIS2,3201.139,2198.861,59.2803%,2,
Contact STARLINK-11142 [DTC] - MoonIOAGEO,3208.197,2191.803,59.4111%,2,
Contact STARLINK-11142 [DTC] - MoonIOAGNO,3209.982,2190.018,59.4441%,2,
Contact STARLINK-11142 [DTC] - MoonIOAGNO 0001,3207.167,2192.833,59.3920%,2,
Contact STARLINK-11142 [DTC] - MoonIOAGSO,3202.838,2197.162,59.3118%,2,
Contact STARLINK-11142 [DTC] - MoonIOAGSO 0001,3204.652,2195.348,59.3454%,2,
Contact STARLINK-11142 [DTC] - MoonLRO,1245.827,4154.173,23.0709%,2,
Contact STARLINK-11142 [DTC] - MarsSat1,5400.000,0.000,100.0000%,1,
Contact STARLINK-11142 [DTC] - MarsSat2,5400.000,0.000,100.0000%,1,
Contact STARLINK-11142 [DTC] - MarsSat3,3605.265,1794.735,66.7642%,1,
Contact STARLINK-11142 [DTC] - MarsSat4,5400.000,0.000,100.0000%,1,
Contact STARLINK-3991 - STARLINK-31248,0.000,5400.000,0.0000%,0,
Contact STARLINK-3991 - STARLINK-5939,0.000,5400.000,0.0000%,0,
Contact STARLINK-3991 - STARLINK-5536,0.000,5400.000,0.0000%,0,
Contact STARLINK-3991 - STARLINK-4120,0.000,5400.000,0.0000%,0,
Contact STARLINK-3991 - STARLINK-5161,0.000,5400.000,0.0000%,0,
Contact STARLINK-3991 - STARLINK-30331,0.000,5400.000,0.0000%,0,
Contact STARLINK-3991 - STARLINK-1750,0.000,5400.000,0.0000%,0,
Contact STARLINK-3991 - STARLINK-30944,0.000,5400.000,0.0000%,0,
Contact STARLINK-3991 - STARLINK-2603,0.000,5400.000,0.0000%,0,
Contact STARLINK-3991 - STARLINK-6172,0.000,5400.000,0.0000%,0,
Contact STARLINK-3991 - STARLINK-31707,0.000,5400.000,0.0000%,0,
Contact STARLINK-3991 - STARLINK-32046,0.000,5400.000,0.0000%,0,
Contact STARLINK-3991 - STARLINK-3394,5400.000,0.000,100.0000%,1,
Contact STARLINK-3991 - STARLINK-6207,0.000,5400.000,0.0000%,0,
Contact STARLINK-3991 - STARLINK-1028,0.000,5400.000,0.0000%,0,
Contact STARLINK-3991 - STARLINK-32185,0.000,5400.000,0.0000%,0,
Contact STARLINK-3991 - STARLINK-4437,0.000,5400.000,0.0000%,0,
Contact STARLINK-3991 - STARLINK-1090,5400.000,0.000,100.0000%,1,
Contact STARLINK-3991 - STARLINK-1208,812.792,4587.208,15.0517%,1,
Contact STARLINK-3991 - STARLINK-5849,0.000,5400.000,0.0000%,0,
Contact STARLINK-3991 - STARLINK-2193,0.000,5400.000,0.0000%,0,
Contact STARLINK-3991 - STARLINK-31653,0.000,5400.000,0.0000%,0,
Contact STARLINK-3991 - STARLINK-6338,0.000,5400.000,0.0000%,0,
Contact STARLINK-3991 - STARLINK-11086 [DTC],0.000,5400.000,0.0000%,0,
Contact STARLINK-3991 - STARLINK-30575,0.000,5400.000,0.0000%,0,
Contact STARLINK-3991 - STARLINK-5475,0.000,5400.000,0.0000%,0,
Contact STARLINK-3991 - STARLINK-31992,0.000,5400.000,0.0000%,0,
Contact STARLINK-3991 - STARLINK-30715,0.000,5400.000,0.0000%,0,
Contact STARLINK-3991 - STARLINK-31276,0.000,5400.000,0.0000%,0,
Contact STARLINK-3991 - STARLINK-31091,5400.000,0.000,100.0000%,1,
Contact STARLINK-3991 - STARLINK-11130 [DTC],0.000,5400.000,0.0000%,0,
Contact STARLINK-3991 - STARLINK-30303,0.000,5400.000,0.0000%,0,
Contact STARLINK-3991 - STARLINK-6366,0.000,5400.000,0.0000%,0,
Contact STARLINK-3991 - STARLINK-4260,884.442,4515.558,16.3786%,1,
Contact STARLINK-3991 - STARLINK-4130,5400.000,0.000,100.0000%,1,
Contact STARLINK-3991 - STARLINK-1098,1298.922,4101.078,24.0541%,1,
Contact STARLINK-3991 - STARLINK-32045,0.000,5400.000,0.0000%,0,
Contact STARLINK-3991 - STARLINK-31083,0.000,5400.000,0.0000%,0,
Contact STARLINK-3991 - STARLINK-4090,0.000,5400.000,0.0000%,0,
Contact STARLINK-3991 - STARLINK-2504,0.000,5400.000,0.0000%,0,
Contact STARLINK-3991 - STARLINK-6346,0.000,5400.000,0.0000%,0,
Contact STARLINK-3991 - STARLINK-30299,0.000,5400.000,0.0000%,0,
Contact STARLINK-3991 - STARLINK-5966,0.000,5400.000,0.0000%,0,
Contact STARLINK-3991 - STARLINK-31917,885.509,4514.491,16.3983%,2,
Contact STARLINK-3991 - STARLINK-30208,0.000,5400.000,0.0000%,0,
Contact STARLINK-3991 - STARLINK-3911,0.000,5400.000,0.0000%,0,
Contact STARLINK-3991 - MoonARTEMIS1,3248.416,2151.584,60.1559%,2,
Contact STARLINK-3991 - MoonARTEMIS2,3259.565,2140.435,60.3623%,2,
Contact STARLINK-3991 - MoonIOAGEO,3254.200,2145.800,60.2630%,2,
Contact STARLINK-3991 - MoonIOAGNO,3253.060,2146.940,60.2419%,2,
Contact STARLINK-3991 - MoonIOAGNO 0001,3251.155,2148.845,60.2066%,2,
Contact STARLINK-3991 - MoonIOAGSO,3252.476,2147.524,60.2310%,2,
Contact STARLINK-3991 - MoonIOAGSO 0001,3260.164,2139.836,60.3734%,2,
Contact STARLINK-3991 - MoonLRO,2850.836,2549.164,52.7933%,2,
Contact STARLINK-3991 - MarsSat1,3648.636,1751.364,67.5673%,1,
Contact STARLINK-3991 - MarsSat2,3648.653,1751.347,67.5676%,1,
Contact STARLINK-3991 - MarsSat3,3163.747,2236.253,58.5879%,1,
Contact STARLINK-3991 - MarsSat4,3648.633,1751.367,67.5673%,1,
Contact STARLINK-31248 - STARLINK-5939,0.000,5400.000,0.0000%,0,
Contact STARLINK-31248 - STARLINK-5536,5400.000,0.000,100.0000%,1,
Contact STARLINK-31248 - STARLINK-4120,0.000,5400.000,0.0000%,0,
Contact STARLINK-31248 - STARLINK-5161,0.000,5400.000,0.0000%,0,
Contact STARLINK-31248 - STARLINK-30331,0.000,5400.000,0.0000%,0,
Contact STARLINK-31248 - STARLINK-1750,0.000,5400.000,0.0000%,0,
Contact STARLINK-31248 - STARLINK-30944,0.000,5400.000,0.0000%,0,
Contact STARLINK-31248 - STARLINK-2603,912.870,4487.130,16.9050%,2,
Contact STARLINK-31248 - STARLINK-6172,657.625,4742.375,12.1782%,2,
Contact STARLINK-31248 - STARLINK-31707,0.000,5400.000,0.0000%,0,
Contact STARLINK-31248 - STARLINK-32046,4121.630,1278.370,76.3265%,2,
Contact STARLINK-31248 - STARLINK-3394,0.000,5400.000,0.0000%,0,
Contact STARLINK-31248 - STARLINK-6207,0.000,5400.000,0.0000%,0,
Contact STARLINK-31248 - STARLINK-1028,0.000,5400.000,0.0000%,0,
Contact STARLINK-31248 - STARLINK-32185,0.000,5400.000,0.0000%,0,
Contact STARLINK-31248 - STARLINK-4437,4408.639,991.361,81.6415%,1,
Contact STARLINK-31248 - STARLINK-1090,872.960,4527.040,16.1659%,2,
Contact STARLINK-31248 - STARLINK-1208,3637.595,1762.405,67.3629%,1,
Contact STARLINK-31248 - STARLINK-5849,120.155,5279.845,2.2251%,1,
Contact STARLINK-31248 - STARLINK-2193,0.000,5400.000,0.0000%,0,
Contact STARLINK-31248 - STARLINK-31653,0.000,5400.000,0.0000%,0,
Contact STARLINK-31248 - STARLINK-6338,0.000,5400.000,0.0000%,0,
Contact STARLINK-31248 - STARLINK-11086 [DTC],0.000,5400.000,0.0000%,0,
Contact STARLINK-31248 - STARLINK-30575,0.000,5400.000,0.0000%,0,
Contact STARLINK-31248 - STARLINK-5475,0.000,5400.000,0.0000%,0,
Contact STARLINK-31248 - STARLINK-31992,0.000,5400.000,0.0000%,0,
Contact STARLINK-31248 - STARLINK-30715,402.846,4997.154,7.4601%,1,
Contact STARLINK-31248 - STARLINK-31276,0.000,5400.000,0.0000%,0,
Contact STARLINK-31248 - STARLINK-31091,0.000,5400.000,0.0000%,0,
Contact STARLINK-31248 - STARLINK-11130 [DTC],0.000,5400.000,0.0000%,0,
Contact STARLINK-31248 - STARLINK-30303,0.000,5400.000,0.0000%,0,
Contact STARLINK-31248 - STARLINK-6366,983.496,4416.504,18.2129%,2,
Contact STARLINK-31248 - STARLINK-4260,0.000,5400.000,0.0000%,0,
Contact STARLINK-31248 - STARLINK-4130,0.000,5400.000,0.0000%,0,
Contact STARLINK-31248 - STARLINK-1098,625.915,4774.085,11.5910%,1,
Contact STARLINK-31248 - STARLINK-32045,691.396,4708.604,12.8036%,1,
Contact STARLINK-31248 - STARLINK-31083,0.000,5400.000,0.0000%,0,
Contact STARLINK-31248 - STARLINK-4090,0.000,5400.000,0.0000%,0,
Contact STARLINK-31248 - STARLINK-2504,0.000,5400.000,0.0000%,0,
Contact STARLINK-31248 - STARLINK-6346,0.000,5400.000,0.0000%,0,
Contact STARLINK-31248 - STARLINK-30299,0.000,5400.000,0.0000%,0,
Contact STARLINK-31248 - STARLINK-5966,4849.788,550.212,89.8109%,1,
Contact STARLINK-31248 - STARLINK-31917,0.000,5400.000,0.0000%,0,
Contact STARLINK-31248 - STARLINK-30208,793.585,4606.415,14.6960%,2,
Contact STARLINK-31248 - STARLINK-3911,0.000,5400.000,0.0000%,0,
Contact STARLINK-31248 - MoonARTEMIS1,5400.000,0.000,100.0000%,1,
Contact STARLINK-31248 - MoonARTEMIS2,5400.000,0.000,100.0000%,1,
Contact STARLINK-31248 - MoonIOAGEO,5400.000,0.000,100.0000%,1,
Contact STARLINK-31248 - MoonIOAGNO,5400.000,0.000,100.0000%,1,
Contact STARLINK-31248 - MoonIOAGNO 0001,5400.000,0.000,100.0000%,1,
Contact STARLINK-31248 - MoonIOAGSO,5400.000,0.000,100.0000%,1,
Contact STARLINK-31248 - MoonIOAGSO 0001,5400.000,0.000,100.0000%,1,
Contact STARLINK-31248 - MoonLRO,5400.000,0.000,100.0000%,1,
Contact STARLINK-31248 - MarsSat1,3271.210,2128.790,60.5780%,2,
Contact STARLINK-31248 - MarsSat2,3271.203,2128.797,60.5778%,2,
Contact STARLINK-31248 - MarsSat3,439.745,4960.255,8.1434%,1,
Contact STARLINK-31248 - MarsSat4,3271.207,2128.793,60.5779%,2,
Contact STARLINK-5939 - STARLINK-5536,0.000,5400.000,0.0000%,0,
Contact STARLINK-5939 - STARLINK-4120,525.066,4874.934,9.7234%,2,
Contact STARLINK-5939 - STARLINK-5161,0.000,5400.000,0.0000%,0,
Contact STARLINK-5939 - STARLINK-30331,1006.922,4393.078,18.6467%,1,
Contact STARLINK-5939 - STARLINK-1750,0.000,5400.000,0.0000%,0,
Contact STARLINK-5939 - STARLINK-30944,0.000,5400.000,0.0000%,0,
Contact STARLINK-5939 - STARLINK-2603,0.000,5400.000,0.0000%,0,
Contact STARLINK-5939 - STARLINK-6172,1066.301,4333.699,19.7463%,1,
Contact STARLINK-5939 - STARLINK-31707,772.970,4627.030,14.3143%,1,
Contact STARLINK-5939 - STARLINK-32046,0.000,5400.000,0.0000%,0,
Contact STARLINK-5939 - STARLINK-3394,0.000,5400.000,0.0000%,0,
Contact STARLINK-5939 - STARLINK-6207,0.000,5400.000,0.0000%,0,
Contact STARLINK-5939 - STARLINK-1028,0.000,5400.000,0.0000%,0,
Contact STARLINK-5939 - STARLINK-32185,0.000,5400.000,0.0000%,0,
Contact STARLINK-5939 - STARLINK-4437,0.000,5400.000,0.0000%,0,
Contact STARLINK-5939 - STARLINK-1090,0.000,5400.000,0.0000%,0,
Contact STARLINK-5939 - STARLINK-1208,822.938,4577.062,15.2396%,1,
Contact STARLINK-5939 - STARLINK-5849,0.000,5400.000,0.0000%,0,
Contact STARLINK-5939 - STARLINK-2193,898.218,4501.782,16.6337%,2,
Contact STARLINK-5939 - STARLINK-31653,0.000,5400.000,0.0000%,0,
Contact STARLINK-5939 - STARLINK-6338,0.000,5400.000,0.0000%,0,
Contact STARLINK-5939 - STARLINK-11086 [DTC],0.000,5400.000,0.0000%,0,
Contact STARLINK-5939 - STARLINK-30575,0.000,5400.000,0.0000%,0,
Contact STARLINK-5939 - STARLINK-5475,0.000,5400.000,0.0000%,0,
Contact STARLINK-5939 - STARLINK-31992,0.000,5400.000,0.0000%,0,
Contact STARLINK-5939 - STARLINK-30715,0.000,5400.000,0.0000%,0,
Contact STARLINK-5939 - STARLINK-31276,0.000,5400.000,0.0000%,0,
Contact STARLINK-5939 - STARLINK-31091,0.000,5400.000,0.0000%,0,
Contact STARLINK-5939 - STARLINK-11130 [DTC],0.000,5400.000,0.0000%,0,
Contact STARLINK-5939 - STARLINK-30303,0.000,5400.000,0.0000%,0,
Contact STARLINK-5939 - STARLINK-6366,0.000,5400.000,0.0000%,0,
Contact STARLINK-5939 - STARLINK-4260,0.000,5400.000,0.0000%,0,
Contact STARLINK-5939 - STARLINK-4130,0.000,5400.000,0.0000%,0,
Contact STARLINK-5939 - STARLINK-1098,0.000,5400.000,0.0000%,0,
Contact STARLINK-5939 - STARLINK-32045,462.044,4937.956,8.5564%,1,
Contact STARLINK-5939 - STARLINK-31083,3780.602,1619.398,70.0111%,1,
Contact STARLINK-5939 - STARLINK-4090,5400.000,0.000,100.0000%,1,
Contact STARLINK-5939 - STARLINK-2504,0.418,5399.582,0.0077%,1,
Contact STARLINK-5939 - STARLINK-6346,0.000,5400.000,0.0000%,0,
Contact STARLINK-5939 - STARLINK-30299,0.000,5400.000,0.0000%,0,
Contact STARLINK-5939 - STARLINK-5966,0.000,5400.000,0.0000%,0,
Contact STARLINK-5939 - STARLINK-31917,0.000,5400.000,0.0000%,0,
Contact STARLINK-5939 - STARLINK-30208,0.000,5400.000,0.0000%,0,
Contact STARLINK-5939 - STARLINK-3911,0.000,5400.000,0.0000%,0,
Contact STARLINK-5939 - MoonARTEMIS1,3274.209,2125.791,60.6335%,1,
Contact STARLINK-5939 - MoonARTEMIS2,5400.000,0.000,100.0000%,1,
Contact STARLINK-5939 - MoonIOAGEO,3259.271,2140.729,60.3569%,1,
Contact STARLINK-5939 - MoonIOAGNO,3264.753,2135.247,60.4584%,1,
Contact STARLINK-5939 - MoonIOAGNO 0001,3259.706,2140.294,60.3649%,1,
Contact STARLINK-5939 - MoonIOAGSO,3248.975,2151.025,60.1662%,1,
Contact STARLINK-5939 - MoonIOAGSO 0001,5400.000,0.000,100.0000%,1,
Contact STARLINK-5939 - MoonLRO,1900.756,3499.244,35.1992%,1,
Contact STARLINK-5939 - MarsSat1,3323.213,2076.787,61.5410%,2,
Contact STARLINK-5939 - MarsSat2,3323.237,2076.763,61.5414%,2,
Contact STARLINK-5939 - MarsSat3,1175.673,4224.327,21.7717%,1,
Contact STARLINK-5939 - MarsSat4,3323.217,2076.783,61.5411%,2,
Contact STARLINK-5536 - STARLINK-4120,0.000,5400.000,0.0000%,0,
Contact STARLINK-5536 - STARLINK-5161,0.000,5400.000,0.0000%,0,
Contact STARLINK-5536 - STARLINK-30331,0.000,5400.000,0.0000%,0,
Contact STARLINK-5536 - STARLINK-1750,0.000,5400.000,0.0000%,0,
Contact STARLINK-5536 - STARLINK-30944,0.000,5400.000,0.0000%,0,
Contact STARLINK-5536 - STARLINK-2603,656.182,4743.818,12.1515%,2,
Contact STARLINK-5536 - STARLINK-6172,175.669,5224.331,3.2531%,1,
Contact STARLINK-5536 - STARLINK-31707,0.000,5400.000,0.0000%,0,
Contact STARLINK-5536 - STARLINK-32046,785.359,4614.641,14.5437%,1,
Contact STARLINK-5536 - STARLINK-3394,0.000,5400.000,0.0000%,0,
Contact STARLINK-5536 - STARLINK-6207,0.000,5400.000,0.0000%,0,
Contact STARLINK-5536 - STARLINK-1028,0.000,5400.000,0.0000%,0,
Contact STARLINK-5536 - STARLINK-32185,0.000,5400.000,0.0000%,0,
Contact STARLINK-5536 - STARLINK-4437,0.000,5400.000,0.0000%,0,
Contact STARLINK-5536 - STARLINK-1090,3900.909,1499.091,72.2391%,2,
Contact STARLINK-5536 - STARLINK-1208,610.150,4789.850,11.2991%,1,
Contact STARLINK-5536 - STARLINK-5849,0.000,5400.000,0.0000%,0,
Contact STARLINK-5536 - STARLINK-2193,0.000,5400.000,0.0000%,0,
Contact STARLINK-5536 - STARLINK-31653,0.000,5400.000,0.0000%,0,
Contact STARLINK-5536 - STARLINK-6338,0.000,5400.000,0.0000%,0,
Contact STARLINK-5536 - STARLINK-11086 [DTC],0.000,5400.000,0.0000%,0,
Contact STARLINK-5536 - STARLINK-30575,0.000,5400.000,0.0000%,0,
Contact STARLINK-5536 - STARLINK-5475,0.000,5400.000,0.0000%,0,
Contact STARLINK-5536 - STARLINK-31992,0.000,5400.000,0.0000%,0,
Contact STARLINK-5536 - STARLINK-30715,0.000,5400.000,0.0000%,0,
Contact STARLINK-5536 - STARLINK-31276,0.000,5400.000,0.0000%,0,
Contact STARLINK-5536 - STARLINK-31091,0.000,5400.000,0.0000%,0,
Contact STARLINK-5536 - STARLINK-11130 [DTC],0.000,5400.000,0.0000%,0,
Contact STARLINK-5536 - STARLINK-30303,0.000,5400.000,0.0000%,0,
Contact STARLINK-5536 - STARLINK-6366,0.000,5400.000,0.0000%,0,
Contact STARLINK-5536 - STARLINK-4260,0.000,5400.000,0.0000%,0,
Contact STARLINK-5536 - STARLINK-4130,0.000,5400.000,0.0000%,0,
Contact STARLINK-5536 - STARLINK-1098,746.895,4653.105,13.8314%,2,
Contact STARLINK-5536 - STARLINK-32045,1013.827,4386.173,18.7746%,1,
Contact STARLINK-5536 - STARLINK-31083,0.000,5400.000,0.0000%,0,
Contact STARLINK-5536 - STARLINK-4090,0.000,5400.000,0.0000%,0,
Contact STARLINK-5536 - STARLINK-2504,0.000,5400.000,0.0000%,0,
Contact STARLINK-5536 - STARLINK-6346,0.000,5400.000,0.0000%,0,
Contact STARLINK-5536 - STARLINK-30299,0.000,5400.000,0.0000%,0,
Contact STARLINK-5536 - STARLINK-5966,5400.000,0.000,100.0000%,1,
Contact STARLINK-5536 - STARLINK-31917,0.000,5400.000,0.0000%,0,
Contact STARLINK-5536 - STARLINK-30208,272.856,5127.144,5.0529%,2,
Contact STARLINK-5536 - STARLINK-3911,0.000,5400.000,0.0000%,0,
Contact STARLINK-5536 - MoonARTEMIS1,5400.000,0.000,100.0000%,1,
Contact STARLINK-5536 - MoonARTEMIS2,5400.000,0.000,100.0000%,1,
Contact STARLINK-5536 - MoonIOAGEO,5400.000,0.000,100.0000%,1,
Contact STARLINK-5536 - MoonIOAGNO,5400.000,0.000,100.0000%,1,
Contact STARLINK-5536 - MoonIOAGNO 0001,5400.000,0.000,100.0000%,1,
Contact STARLINK-5536 - MoonIOAGSO,5400.000,0.000,100.0000%,1,
Contact STARLINK-5536 - MoonIOAGSO 0001,5400.000,0.000,100.0000%,1,
Contact STARLINK-5536 - MoonLRO,5400.000,0.000,100.0000%,1,
Contact STARLINK-5536 - MarsSat1,3278.275,2121.725,60.7088%,2,
Contact STARLINK-5536 - MarsSat2,3278.273,2121.727,60.7088%,2,
Contact STARLINK-5536 - MarsSat3,324.370,5075.630,6.0069%,1,
Contact STARLINK-5536 - MarsSat4,3278.275,2121.725,60.7088%,2,
Contact STARLINK-4120 - STARLINK-5161,0.000,5400.000,0.0000%,0,
Contact STARLINK-4120 - STARLINK-30331,483.987,4916.013,8.9627%,2,
Contact STARLINK-4120 - STARLINK-1750,0.000,5400.000,0.0000%,0,
Contact STARLINK-4120 - STARLINK-30944,0.000,5400.000,0.0000%,0,
Contact STARLINK-4120 - STARLINK-2603,1381.736,4018.264,25.5877%,1,
Contact STARLINK-4120 - STARLINK-6172,5400.000,0.000,100.0000%,1,
Contact STARLINK-4120 - STARLINK-31707,434.381,4965.619,8.0441%,1,
Contact STARLINK-4120 - STARLINK-32046,1015.507,4384.493,18.8057%,1,
Contact STARLINK-4120 - STARLINK-3394,0.000,5400.000,0.0000%,0,
Contact STARLINK-4120 - STARLINK-6207,0.000,5400.000,0.0000%,0,
Contact STARLINK-4120 - STARLINK-1028,0.000,5400.000,0.0000%,0,
Contact STARLINK-4120 - STARLINK-32185,0.000,5400.000,0.0000%,0,
Contact STARLINK-4120 - STARLINK-4437,731.197,4668.803,13.5407%,1,
Contact STARLINK-4120 - STARLINK-1090,576.771,4823.229,10.6809%,1,
Contact STARLINK-4120 - STARLINK-1208,5096.302,303.698,94.3760%,1,
Contact STARLINK-4120 - STARLINK-5849,0.000,5400.000,0.0000%,0,
Contact STARLINK-4120 - STARLINK-2193,808.611,4591.389,14.9743%,1,
Contact STARLINK-4120 - STARLINK-31653,5400.000,0.000,100.0000%,1,
Contact STARLINK-4120 - STARLINK-6338,0.000,5400.000,0.0000%,0,
Contact STARLINK-4120 - STARLINK-11086 [DTC],0.000,5400.000,0.0000%,0,
Contact STARLINK-4120 - STARLINK-30575,0.000,5400.000,0.0000%,0,
Contact STARLINK-4120 - STARLINK-5475,0.000,5400.000,0.0000%,0,
Contact STARLINK-4120 - STARLINK-31992,0.000,5400.000,0.0000%,0,
Contact STARLINK-4120 - STARLINK-30715,5400.000,0.000,100.0000%,1,
Contact STARLINK-4120 - STARLINK-31276,0.000,5400.000,0.0000%,0,
Contact STARLINK-4120 - STARLINK-31091,0.000,5400.000,0.0000%,0,
Contact STARLINK-4120 - STARLINK-11130 [DTC],0.000,5400.000,0.0000%,0,
Contact STARLINK-4120 - STARLINK-30303,739.768,4660.232,13.6994%,1,
Contact STARLINK-4120 - STARLINK-6366,3978.398,1421.602,73.6740%,1,
Contact STARLINK-4120 - STARLINK-4260,0.000,5400.000,0.0000%,0,
Contact STARLINK-4120 - STARLINK-4130,0.000,5400.000,0.0000%,0,
Contact STARLINK-4120 - STARLINK-1098,1086.507,4313.493,20.1205%,1,
Contact STARLINK-4120 - STARLINK-32045,0.000,5400.000,0.0000%,0,
Contact STARLINK-4120 - STARLINK-31083,678.311,4721.689,12.5613%,2,
Contact STARLINK-4120 - STARLINK-4090,0.000,5400.000,0.0000%,0,
Contact STARLINK-4120 - STARLINK-2504,5400.000,0.000,100.0000%,1,
Contact STARLINK-4120 - STARLINK-6346,0.000,5400.000,0.0000%,0,
Contact STARLINK-4120 - STARLINK-30299,822.918,4577.082,15.2392%,1,
Contact STARLINK-4120 - STARLINK-5966,0.000,5400.000,0.0000%,0,
Contact STARLINK-4120 - STARLINK-31917,0.000,5400.000,0.0000%,0,
Contact STARLINK-4120 - STARLINK-30208,4587.825,812.175,84.9597%,1,
Contact STARLINK-4120 - STARLINK-3911,4051.585,1348.415,75.0293%,1,
Contact STARLINK-4120 - MoonARTEMIS1,4080.620,1319.380,75.5670%,1,
Contact STARLINK-4120 - MoonARTEMIS2,4240.296,1159.704,78.5240%,1,
Contact STARLINK-4120 - MoonIOAGEO,4103.664,1296.336,75.9938%,1,
Contact STARLINK-4120 - MoonIOAGNO,4126.592,1273.408,76.4184%,1,
Contact STARLINK-4120 - MoonIOAGNO 0001,4139.006,1260.994,76.6483%,1,
Contact STARLINK-4120 - MoonIOAGSO,4101.349,1298.651,75.9509%,1,
Contact STARLINK-4120 - MoonIOAGSO 0001,4124.454,1275.546,76.3788%,1,
Contact STARLINK-4120 - MoonLRO,1638.881,3761.119,30.3497%,1,
Contact STARLINK-4120 - MarsSat1,3277.972,2122.028,60.7032%,2,
Contact STARLINK-4120 - MarsSat2,3277.962,2122.038,60.7030%,2,
Contact STARLINK-4120 - MarsSat3,1749.616,3650.384,32.4003%,1,
Contact STARLINK-4120 - MarsSat4,3277.957,2122.043,60.7029%,2,
Contact STARLINK-5161 - STARLINK-30331,0.000,5400.000,0.0000%,0,
Contact STARLINK-5161 - STARLINK-1750,0.000,5400.000,0.0000%,0,
Contact STARLINK-5161 - STARLINK-30944,0.000,5400.000,0.0000%,0,
Contact STARLINK-5161 - STARLINK-2603,0.000,5400.000,0.0000%,0,
Contact STARLINK-5161 - STARLINK-6172,0.000,5400.000,0.0000%,0,
Contact STARLINK-5161 - STARLINK-31707,0.000,5400.000,0.0000%,0,
Contact STARLINK-5161 - STARLINK-32046,0.000,5400.000,0.0000%,0,
Contact STARLINK-5161 - STARLINK-3394,0.000,5400.000,0.0000%,0,
Contact STARLINK-5161 - STARLINK-6207,0.000,5400.000,0.0000%,0,
Contact STARLINK-5161 - STARLINK-1028,0.000,5400.000,0.0000%,0,
Contact STARLINK-5161 - STARLINK-32185,0.000,5400.000,0.0000%,0,
Contact STARLINK-5161 - STARLINK-4437,0.000,5400.000,0.0000%,0,
Contact STARLINK-5161 - STARLINK-1090,0.000,5400.000,0.0000%,0,
Contact STARLINK-5161 - STARLINK-1208,0.000,5400.000,0.0000%,0,
Contact STARLINK-5161 - STARLINK-5849,0.000,5400.000,0.0000%,0,
Contact STARLINK-5161 - STARLINK-2193,0.000,5400.000,0.0000%,0,
Contact STARLINK-5161 - STARLINK-31653,0.000,5400.000,0.0000%,0,
Contact STARLINK-5161 - STARLINK-6338,0.000,5400.000,0.0000%,0,
Contact STARLINK-5161 - STARLINK-11086 [DTC],5400.000,0.000,100.0000%,1,
Contact STARLINK-5161 - STARLINK-30575,0.000,5400.000,0.0000%,0,
Contact STARLINK-5161 - STARLINK-5475,4031.756,1368.244,74.6622%,2,
Contact STARLINK-5161 - STARLINK-31992,0.000,5400.000,0.0000%,0,
Contact STARLINK-5161 - STARLINK-30715,0.000,5400.000,0.0000%,0,
Contact STARLINK-5161 - STARLINK-31276,0.000,5400.000,0.0000%,0,
Contact STARLINK-5161 - STARLINK-31091,927.461,4472.539,17.1752%,1,
Contact STARLINK-5161 - STARLINK-11130 [DTC],4283.519,1116.481,79.3244%,2,
Contact STARLINK-5161 - STARLINK-30303,0.000,5400.000,0.0000%,0,
Contact STARLINK-5161 - STARLINK-6366,0.000,5400.000,0.0000%,0,
Contact STARLINK-5161 - STARLINK-4260,5400.000,0.000,100.0000%,1,
Contact STARLINK-5161 - STARLINK-4130,0.000,5400.000,0.0000%,0,
Contact STARLINK-5161 - STARLINK-1098,0.000,5400.000,0.0000%,0,
Contact STARLINK-5161 - STARLINK-32045,4352.690,1047.310,80.6054%,2,
Contact STARLINK-5161 - STARLINK-31083,0.000,5400.000,0.0000%,0,
Contact STARLINK-5161 - STARLINK-4090,0.000,5400.000,0.0000%,0,
Contact STARLINK-5161 - STARLINK-2504,0.000,5400.000,0.0000%,0,
Contact STARLINK-5161 - STARLINK-6346,0.000,5400.000,0.0000%,0,
Contact STARLINK-5161 - STARLINK-30299,0.000,5400.000,0.0000%,0,
Contact STARLINK-5161 - STARLINK-5966,493.392,4906.608,9.1369%,1,
Contact STARLINK-5161 - STARLINK-31917,971.654,4428.346,17.9936%,1,
Contact STARLINK-5161 - STARLINK-30208,0.000,5400.000,0.0000%,0,
Contact STARLINK-5161 - STARLINK-3911,0.000,5400.000,0.0000%,0,
Contact STARLINK-5161 - MoonARTEMIS1,4374.776,1025.224,81.0144%,2,
Contact STARLINK-5161 - MoonARTEMIS2,4057.366,1342.634,75.1364%,2,
Contact STARLINK-5161 - MoonIOAGEO,4303.818,1096.182,79.7003%,2,
Contact STARLINK-5161 - MoonIOAGNO,4312.993,1087.007,79.8702%,2,
Contact STARLINK-5161 - MoonIOAGNO 0001,4297.809,1102.191,79.5890%,2,
Contact STARLINK-5161 - MoonIOAGSO,4246.810,1153.190,78.6446%,2,
Contact STARLINK-5161 - MoonIOAGSO 0001,4153.692,1246.308,76.9202%,2,
Contact STARLINK-5161 - MoonLRO,2225.278,3174.722,41.2089%,2,
Contact STARLINK-5161 - MarsSat1,5400.000,0.000,100.0000%,1,
Contact STARLINK-5161 - MarsSat2,5400.000,0.000,100.0000%,1,
Contact STARLINK-5161 - MarsSat3,4651.860,748.140,86.1456%,1,
Contact STARLINK-5161 - MarsSat4,5400.000,0.000,100.0000%,1,
Contact STARLINK-30331 - STARLINK-1750,0.000,5400.000,0.0000%,0,
Contact STARLINK-30331 - STARLINK-30944,0.000,5400.000,0.0000%,0,
Contact STARLINK-30331 - STARLINK-2603,0.000,5400.000,0.0000%,0,
Contact STARLINK-30331 - STARLINK-6172,0.000,5400.000,0.0000%,0,
Contact STARLINK-30331 - STARLINK-31707,5400.000,0.000,100.0000%,1,
Contact STARLINK-30331 - STARLINK-32046,0.000,5400.000,0.0000%,0,
Contact STARLINK-30331 - STARLINK-3394,0.000,5400.000,0.0000%,0,
Contact STARLINK-30331 - STARLINK-6207,0.000,5400.000,0.0000%,0,
Contact STARLINK-30331 - STARLINK-1028,0.000,5400.000,0.0000%,0,
Contact STARLINK-30331 - STARLINK-32185,0.000,5400.000,0.0000%,0,
Contact STARLINK-30331 - STARLINK-4437,0.000,5400.000,0.0000%,0,
Contact STARLINK-30331 - STARLINK-1090,0.000,5400.000,0.0000%,0,
Contact STARLINK-30331 - STARLINK-1208,0.000,5400.000,0.0000%,0,
Contact STARLINK-30331 - STARLINK-5849,894.979,4505.021,16.5737%,1,
Contact STARLINK-30331 - STARLINK-2193,1315.916,4084.084,24.3688%,1,
Contact STARLINK-30331 - STARLINK-31653,672.446,4727.554,12.4527%,2,
Contact STARLINK-30331 - STARLINK-6338,0.000,5400.000,0.0000%,0,
Contact STARLINK-30331 - STARLINK-11086 [DTC],0.000,5400.000,0.0000%,0,
Contact STARLINK-30331 - STARLINK-30575,426.515,4973.485,7.8984%,1,
Contact STARLINK-30331 - STARLINK-5475,0.000,5400.000,0.0000%,0,
Contact STARLINK-30331 - STARLINK-31992,562.807,4837.193,10.4223%,2,
Contact STARLINK-30331 - STARLINK-30715,570.356,4829.644,10.5621%,2,
Contact STARLINK-30331 - STARLINK-31276,0.000,5400.000,0.0000%,0,
Contact STARLINK-30331 - STARLINK-31091,0.000,5400.000,0.0000%,0,
Contact STARLINK-30331 - STARLINK-11130 [DTC],0.000,5400.000,0.0000%,0,
Contact STARLINK-30331 - STARLINK-30303,688.012,4711.988,12.7410%,1,
Contact STARLINK-30331 - STARLINK-6366,5400.000,0.000,100.0000%,1,
Contact STARLINK-30331 - STARLINK-4260,0.000,5400.000,0.0000%,0,
Contact STARLINK-30331 - STARLINK-4130,0.000,5400.000,0.0000%,0,
Contact STARLINK-30331 - STARLINK-1098,0.000,5400.000,0.0000%,0,
Contact STARLINK-30331 - STARLINK-32045,0.000,5400.000,0.0000%,0,
Contact STARLINK-30331 - STARLINK-31083,5084.127,315.873,94.1505%,1,
Contact STARLINK-30331 - STARLINK-4090,906.231,4493.769,16.7821%,1,
Contact STARLINK-30331 - STARLINK-2504,627.476,4772.524,11.6199%,1,
Contact STARLINK-30331 - STARLINK-6346,0.000,5400.000,0.0000%,0,
Contact STARLINK-30331 - STARLINK-30299,966.867,4433.133,17.9050%,1,
Contact STARLINK-30331 - STARLINK-5966,0.000,5400.000,0.0000%,0,
Contact STARLINK-30331 - STARLINK-31917,0.000,5400.000,0.0000%,0,
Contact STARLINK-30331 - STARLINK-30208,0.000,5400.000,0.0000%,0,
Contact STARLINK-30331 - STARLINK-3911,505.905,4894.095,9.3686%,2,
Contact STARLINK-30331 - MoonARTEMIS1,3592.818,1807.182,66.5337%,1,
Contact STARLINK-30331 - MoonARTEMIS2,3585.749,1814.251,66.4028%,1,
Contact STARLINK-30331 - MoonIOAGEO,3585.308,1814.692,66.3946%,1,
Contact STARLINK-30331 - MoonIOAGNO,3586.110,1813.890,66.4095%,1,
Contact STARLINK-30331 - MoonIOAGNO 0001,3587.221,1812.779,66.4300%,1,
Contact STARLINK-30331 - MoonIOAGSO,3590.350,1809.650,66.4880%,1,
Contact STARLINK-30331 - MoonIOAGSO 0001,3584.013,1815.987,66.3706%,1,
Contact STARLINK-30331 - MoonLRO,1787.367,3612.633,33.0994%,1,
Contact STARLINK-30331 - MarsSat1,3500.878,1899.122,64.8311%,2,
Contact STARLINK-30331 - MarsSat2,3500.857,1899.143,64.8307%,2,
Contact STARLINK-30331 - MarsSat3,1642.407,3757.593,30.4149%,1,
Contact STARLINK-30331 - MarsSat4,3500.860,1899.140,64.8307%,2,
Contact STARLINK-1750 - STARLINK-30944,0.000,5400.000,0.0000%,0,
Contact STARLINK-1750 - STARLINK-2603,0.000,5400.000,0.0000%,0,
Contact STARLINK-1750 - STARLINK-6172,0.000,5400.000,0.0000%,0,
Contact STARLINK-1750 - STARLINK-31707,0.000,5400.000,0.0000%,0,
Contact STARLINK-1750 - STARLINK-32046,0.000,5400.000,0.0000%,0,
Contact STARLINK-1750 - STARLINK-3394,0.000,5400.000,0.0000%,0,
Contact STARLINK-1750 - STARLINK-6207,667.354,4732.646,12.3584%,1,
Contact STARLINK-1750 - STARLINK-1028,0.000,5400.000,0.0000%,0,
Contact STARLINK-1750 - STARLINK-32185,0.000,5400.000,0.0000%,0,
Contact STARLINK-1750 - STARLINK-4437,0.000,5400.000,0.0000%,0,
Contact STARLINK-1750 - STARLINK-1090,0.000,5400.000,0.0000%,0,
Contact STARLINK-1750 - STARLINK-1208,0.000,5400.000,0.0000%,0,
Contact STARLINK-1750 - STARLINK-5849,0.000,5400.000,0.0000%,0,
Contact STARLINK-1750 - STARLINK-2193,0.000,5400.000,0.0000%,0,
Contact STARLINK-1750 - STARLINK-31653,0.000,5400.000,0.0000%,0,
Contact STARLINK-1750 - STARLINK-6338,5400.000,0.000,100.0000%,1,
Contact STARLINK-1750 - STARLINK-11086 [DTC],773.615,4626.385,14.3262%,1,
Contact STARLINK-1750 - STARLINK-30575,0.000,5400.000,0.0000%,0,
Contact STARLINK-1750 - STARLINK-5475,406.132,4993.868,7.5210%,2,
Contact STARLINK-1750 - STARLINK-31992,0.000,5400.000,0.0000%,0,
Contact STARLINK-1750 - STARLINK-30715,0.000,5400.000,0.0000%,0,
Contact STARLINK-1750 - STARLINK-31276,0.000,5400.000,0.0000%,0,
Contact STARLINK-1750 - STARLINK-31091,0.000,5400.000,0.0000%,0,
Contact STARLINK-1750 - STARLINK-11130 [DTC],0.000,5400.000,0.0000%,0,
Contact STARLINK-1750 - STARLINK-30303,0.000,5400.000,0.0000%,0,
Contact STARLINK-1750 - STARLINK-6366,0.000,5400.000,0.0000%,0,
Contact STARLINK-1750 - STARLINK-4260,816.218,4583.782,15.1152%,1,
Contact STARLINK-1750 - STARLINK-4130,0.000,5400.000,0.0000%,0,
Contact STARLINK-1750 - STARLINK-1098,0.000,5400.000,0.0000%,0,
Contact STARLINK-1750 - STARLINK-32045,0.000,5400.000,0.0000%,0,
Contact STARLINK-1750 - STARLINK-31083,0.000,5400.000,0.0000%,0,
Contact STARLINK-1750 - STARLINK-4090,0.000,5400.000,0.0000%,0,
Contact STARLINK-1750 - STARLINK-2504,0.000,5400.000,0.0000%,0,
Contact STARLINK-1750 - STARLINK-6346,0.000,5400.000,0.0000%,0,
Contact STARLINK-1750 - STARLINK-30299,0.000,5400.000,0.0000%,0,
Contact STARLINK-1750 - STARLINK-5966,0.000,5400.000,0.0000%,0,
Contact STARLINK-1750 - STARLINK-31917,0.000,5400.000,0.0000%,0,
Contact STARLINK-1750 - STARLINK-30208,0.000,5400.000,0.0000%,0,
Contact STARLINK-1750 - STARLINK-3911,0.000,5400.000,0.0000%,0,
Contact STARLINK-1750 - MoonARTEMIS1,3789.304,1610.696,70.1723%,1,
Contact STARLINK-1750 - MoonARTEMIS2,3782.005,1617.995,70.0371%,1,
Contact STARLINK-1750 - MoonIOAGEO,3787.386,1612.614,70.1368%,1,
Contact STARLINK-1750 - MoonIOAGNO,3794.901,1605.099,70.2759%,1,
Contact STARLINK-1750 - MoonIOAGNO 0001,3820.195,1579.805,70.7443%,1,
Contact STARLINK-1750 - MoonIOAGSO,3775.050,1624.950,69.9083%,1,
Contact STARLINK-1750 - MoonIOAGSO 0001,3742.365,1657.635,69.3031%,1,
Contact STARLINK-1750 - MoonLRO,3773.108,1626.892,69.8724%,1,
Contact STARLINK-1750 - MarsSat1,5400.000,0.000,100.0000%,1,
Contact STARLINK-1750 - MarsSat2,5400.000,0.000,100.0000%,1,
Contact STARLINK-1750 - MarsSat3,4652.344,747.656,86.1545%,1,
Contact STARLINK-1750 - MarsSat4,5400.000,0.000,100.0000%,1,
Contact STARLINK-30944 - STARLINK-2603,0.000,5400.000,0.0000%,0,
Contact STARLINK-30944 - STARLINK-6172,0.000,5400.000,0.0000%,0,
Contact STARLINK-30944 - STARLINK-31707,0.000,5400.000,0.0000%,0,
Contact STARLINK-30944 - STARLINK-32046,0.000,5400.000,0.0000%,0,
Contact STARLINK-30944 - STARLINK-3394,0.000,5400.000,0.0000%,0,
Contact STARLINK-30944 - STARLINK-6207,5400.000,0.000,100.0000%,1,
Contact STARLINK-30944 - STARLINK-1028,4536.187,863.813,84.0035%,1,
Contact STARLINK-30944 - STARLINK-32185,0.000,5400.000,0.0000%,0,
Contact STARLINK-30944 - STARLINK-4437,0.000,5400.000,0.0000%,0,
Contact STARLINK-30944 - STARLINK-1090,0.000,5400.000,0.0000%,0,
Contact STARLINK-30944 - STARLINK-1208,0.000,5400.000,0.0000%,0,
Contact STARLINK-30944 - STARLINK-5849,1108.109,4291.891,20.5205%,1,
Contact STARLINK-30944 - STARLINK-2193,0.000,5400.000,0.0000%,0,
Contact STARLINK-30944 - STARLINK-31653,0.000,5400.000,0.0000%,0,
Contact STARLINK-30944 - STARLINK-6338,0.000,5400.000,0.0000%,0,
Contact STARLINK-30944 - STARLINK-11086 [DTC],0.000,5400.000,0.0000%,0,
Contact STARLINK-30944 - STARLINK-30575,5400.000,0.000,100.0000%,1,
Contact STARLINK-30944 - STARLINK-5475,0.000,5400.000,0.0000%,0,
Contact STARLINK-30944 - STARLINK-31992,4405.706,994.294,81.5872%,1,
Contact STARLINK-30944 - STARLINK-30715,0.000,5400.000,0.0000%,0,
Contact STARLINK-30944 - STARLINK-31276,0.000,5400.000,0.0000%,0,
Contact STARLINK-30944 - STARLINK-31091,0.000,5400.000,0.0000%,0,
Contact STARLINK-30944 - STARLINK-11130 [DTC],0.000,5400.000,0.0000%,0,
Contact STARLINK-30944 - STARLINK-30303,0.000,5400.000,0.0000%,0,
Contact STARLINK-30944 - STARLINK-6366,0.000,5400.000,0.0000%,0,
Contact STARLINK-30944 - STARLINK-4260,0.000,5400.000,0.0000%,0,
Contact STARLINK-30944 - STARLINK-4130,0.000,5400.000,0.0000%,0,
Contact STARLINK-30944 - STARLINK-1098,0.000,5400.000,0.0000%,0,
Contact STARLINK-30944 - STARLINK-32045,0.000,5400.000,0.0000%,0,
Contact STARLINK-30944 - STARLINK-31083,0.000,5400.000,0.0000%,0,
Contact STARLINK-30944 - STARLINK-4090,0.000,5400.000,0.0000%,0,
Contact STARLINK-30944 - STARLINK-2504,0.000,5400.000,0.0000%,0,
Contact STARLINK-30944 - STARLINK-6346,5400.000,0.000,100.0000%,1,
Contact STARLINK-30944 - STARLINK-30299,0.000,5400.000,0.0000%,0,
Contact STARLINK-30944 - STARLINK-5966,0.000,5400.000,0.0000%,0,
Contact STARLINK-30944 - STARLINK-31917,0.000,5400.000,0.0000%,0,
Contact STARLINK-30944 - STARLINK-30208,0.000,5400.000,0.0000%,0,
Contact STARLINK-30944 - STARLINK-3911,5400.000,0.000,100.0000%,1,
Contact STARLINK-30944 - MoonARTEMIS1,3611.522,1788.478,66.8800%,1,
Contact STARLINK-30944 - MoonARTEMIS2,3606.265,1793.735,66.7827%,1,
Contact STARLINK-30944 - MoonIOAGEO,3602.970,1797.030,66.7217%,1,
Contact STARLINK-30944 - MoonIOAGNO,3612.051,1787.949,66.8898%,1,
Contact STARLINK-30944 - MoonIOAGNO 0001,3601.337,1798.663,66.6914%,1,
Contact STARLINK-30944 - MoonIOAGSO,3602.666,1797.334,66.7160%,1,
Contact STARLINK-30944 - MoonIOAGSO 0001,3608.392,1791.608,66.8221%,1,
Contact STARLINK-30944 - MoonLRO,473.885,4926.115,8.7757%,1,
Contact STARLINK-30944 - MarsSat1,5400.000,0.000,100.0000%,1,
Contact STARLINK-30944 - MarsSat2,5400.000,0.000,100.0000%,1,
Contact STARLINK-30944 - MarsSat3,3050.859,2349.141,56.4974%,1,
Contact STARLINK-30944 - MarsSat4,5400.000,0.000,100.0000%,1,
Contact STARLINK-2603 - STARLINK-6172,5400.000,0.000,100.0000%,1,
Contact STARLINK-2603 - STARLINK-31707,0.000,5400.000,0.0000%,0,
Contact STARLINK-2603 - STARLINK-32046,5400.000,0.000,100.0000%,1,
Contact STARLINK-2603 - STARLINK-3394,0.000,5400.000,0.0000%,0,
Contact STARLINK-2603 - STARLINK-6207,0.000,5400.000,0.0000%,0,
Contact STARLINK-2603 - STARLINK-1028,0.000,5400.000,0.0000%,0,
Contact STARLINK-2603 - STARLINK-32185,0.000,5400.000,0.0000%,0,
Contact STARLINK-2603 - STARLINK-4437,1053.373,4346.627,19.5069%,1,
Contact STARLINK-2603 - STARLINK-1090,5400.000,0.000,100.0000%,1,
Contact STARLINK-2603 - STARLINK-1208,5400.000,0.000,100.0000%,1,
Contact STARLINK-2603 - STARLINK-5849,0.000,5400.000,0.0000%,0,
Contact STARLINK-2603 - STARLINK-2193,0.000,5400.000,0.0000%,0,
Contact STARLINK-2603 - STARLINK-31653,1354.001,4045.999,25.0741%,1,
Contact STARLINK-2603 - STARLINK-6338,0.000,5400.000,0.0000%,0,
Contact STARLINK-2603 - STARLINK-11086 [DTC],0.000,5400.000,0.0000%,0,
Contact STARLINK-2603 - STARLINK-30575,0.000,5400.000,0.0000%,0,
Contact STARLINK-2603 - STARLINK-5475,0.000,5400.000,0.0000%,0,
Contact STARLINK-2603 - STARLINK-31992,0.000,5400.000,0.0000%,0,
Contact STARLINK-2603 - STARLINK-30715,4452.472,947.528,82.4532%,1,
Contact STARLINK-2603 - STARLINK-31276,0.000,5400.000,0.0000%,0,
Contact STARLINK-2603 - STARLINK-31091,0.000,5400.000,0.0000%,0,
Contact STARLINK-2603 - STARLINK-11130 [DTC],0.000,5400.000,0.0000%,0,
Contact STARLINK-2603 - STARLINK-30303,0.000,5400.000,0.0000%,0,
Contact STARLINK-2603 - STARLINK-6366,5400.000,0.000,100.0000%,1,
Contact STARLINK-2603 - STARLINK-4260,0.000,5400.000,0.0000%,0,
Contact STARLINK-2603 - STARLINK-4130,0.000,5400.000,0.0000%,0,
Contact STARLINK-2603 - STARLINK-1098,5400.000,0.000,100.0000%,1,
Contact STARLINK-2603 - STARLINK-32045,0.000,5400.000,0.0000%,0,
Contact STARLINK-2603 - STARLINK-31083,0.000,5400.000,0.0000%,0,
Contact STARLINK-2603 - STARLINK-4090,0.000,5400.000,0.0000%,0,
Contact STARLINK-2603 - STARLINK-2504,1137.807,4262.193,21.0705%,1,
Contact STARLINK-2603 - STARLINK-6346,0.000,5400.000,0.0000%,0,
Contact STARLINK-2603 - STARLINK-30299,0.000,5400.000,0.0000%,0,
Contact STARLINK-2603 - STARLINK-5966,517.593,4882.407,9.5851%,1,
Contact STARLINK-2603 - STARLINK-31917,0.000,5400.000,0.0000%,0,
Contact STARLINK-2603 - STARLINK-30208,5400.000,0.000,100.0000%,1,
Contact STARLINK-2603 - STARLINK-3911,447.401,4952.599,8.2852%,1,
Contact STARLINK-2603 - MoonARTEMIS1,5400.000,0.000,100.0000%,1,
Contact STARLINK-2603 - MoonARTEMIS2,5400.000,0.000,100.0000%,1,
Contact STARLINK-2603 - MoonIOAGEO,5400.000,0.000,100.0000%,1,
Contact STARLINK-2603 - MoonIOAGNO,5400.000,0.000,100.0000%,1,
Contact STARLINK-2603 - MoonIOAGNO 0001,5400.000,0.000,100.0000%,1,
Contact STARLINK-2603 - MoonIOAGSO,5400.000,0.000,100.0000%,1,
Contact STARLINK-2603 - MoonIOAGSO 0001,5400.000,0.000,100.0000%,1,
Contact STARLINK-2603 - MoonLRO,5400.000,0.000,100.0000%,1,
Contact STARLINK-2603 - MarsSat1,5400.000,0.000,100.0000%,1,
Contact STARLINK-2603 - MarsSat2,5400.000,0.000,100.0000%,1,
Contact STARLINK-2603 - MarsSat3,4651.473,748.527,86.1384%,1,
Contact STARLINK-2603 - MarsSat4,5400.000,0.000,100.0000%,1,
Contact STARLINK-6172 - STARLINK-31707,0.000,5400.000,0.0000%,0,
Contact STARLINK-6172 - STARLINK-32046,4280.740,1119.260,79.2730%,1,
Contact STARLINK-6172 - STARLINK-3394,0.000,5400.000,0.0000%,0,
Contact STARLINK-6172 - STARLINK-6207,0.000,5400.000,0.0000%,0,
Contact STARLINK-6172 - STARLINK-1028,0.000,5400.000,0.0000%,0,
Contact STARLINK-6172 - STARLINK-32185,0.000,5400.000,0.0000%,0,
Contact STARLINK-6172 - STARLINK-4437,873.533,4526.467,16.1765%,1,
Contact STARLINK-6172 - STARLINK-1090,878.652,4521.348,16.2713%,1,
Contact STARLINK-6172 - STARLINK-1208,5400.000,0.000,100.0000%,1,
Contact STARLINK-6172 - STARLINK-5849,0.000,5400.000,0.0000%,0,
Contact STARLINK-6172 - STARLINK-2193,0.000,5400.000,0.0000%,0,
Contact STARLINK-6172 - STARLINK-31653,5400.000,0.000,100.0000%,1,
Contact STARLINK-6172 - STARLINK-6338,0.000,5400.000,0.0000%,0,
Contact STARLINK-6172 - STARLINK-11086 [DTC],0.000,5400.000,0.0000%,0,
Contact STARLINK-6172 - STARLINK-30575,0.000,5400.000,0.0000%,0,
Contact STARLINK-6172 - STARLINK-5475,0.000,5400.000,0.0000%,0,
Contact STARLINK-6172 - STARLINK-31992,0.000,5400.000,0.0000%,0,
Contact STARLINK-6172 - STARLINK-30715,5400.000,0.000,100.0000%,1,
Contact STARLINK-6172 - STARLINK-31276,0.000,5400.000,0.0000%,0,
Contact STARLINK-6172 - STARLINK-31091,0.000,5400.000,0.0000%,0,
Contact STARLINK-6172 - STARLINK-11130 [DTC],0.000,5400.000,0.0000%,0,
Contact STARLINK-6172 - STARLINK-30303,0.000,5400.000,0.0000%,0,
Contact STARLINK-6172 - STARLINK-6366,5400.000,0.000,100.0000%,1,
Contact STARLINK-6172 - STARLINK-4260,0.000,5400.000,0.0000%,0,
Contact STARLINK-6172 - STARLINK-4130,0.000,5400.000,0.0000%,0,
Contact STARLINK-6172 - STARLINK-1098,5139.188,260.812,95.1702%,1,
Contact STARLINK-6172 - STARLINK-32045,0.000,5400.000,0.0000%,0,
Contact STARLINK-6172 - STARLINK-31083,0.000,5400.000,0.0000%,0,
Contact STARLINK-6172 - STARLINK-4090,837.615,4562.385,15.5114%,1,
Contact STARLINK-6172 - STARLINK-2504,5002.922,397.078,92.6467%,1,
Contact STARLINK-6172 - STARLINK-6346,0.000,5400.000,0.0000%,0,
Contact STARLINK-6172 - STARLINK-30299,0.000,5400.000,0.0000%,0,
Contact STARLINK-6172 - STARLINK-5966,0.000,5400.000,0.0000%,0,
Contact STARLINK-6172 - STARLINK-31917,0.000,5400.000,0.0000%,0,
Contact STARLINK-6172 - STARLINK-30208,5400.000,0.000,100.0000%,1,
Contact STARLINK-6172 - STARLINK-3911,617.356,4782.644,11.4325%,1,
Contact STARLINK-6172 - MoonARTEMIS1,5400.000,0.000,100.0000%,1,
Contact STARLINK-6172 - MoonARTEMIS2,5400.000,0.000,100.0000%,1,
Contact STARLINK-6172 - MoonIOAGEO,5400.000,0.000,100.0000%,1,
Contact STARLINK-6172 - MoonIOAGNO,5400.000,0.000,100.0000%,1,
Contact STARLINK-6172 - MoonIOAGNO 0001,5400.000,0.000,100.0000%,1,
Contact STARLINK-6172 - MoonIOAGSO,5400.000,0.000,100.0000%,1,
Contact STARLINK-6172 - MoonIOAGSO 0001,5400.000,0.000,100.0000%,1,
Contact STARLINK-6172 - MoonLRO,5400.000,0.000,100.0000%,1,
Contact STARLINK-6172 - MarsSat1,5400.000,0.000,100.0000%,1,
Contact STARLINK-6172 - MarsSat2,5400.000,0.000,100.0000%,1,
Contact STARLINK-6172 - MarsSat3,1878.305,3521.695,34.7834%,1,
Contact STARLINK-6172 - MarsSat4,5400.000,0.000,100.0000%,1,
Contact STARLINK-31707 - STARLINK-32046,0.000,5400.000,0.0000%,0,
Contact STARLINK-31707 - STARLINK-3394,0.000,5400.000,0.0000%,0,
Contact STARLINK-31707 - STARLINK-6207,0.000,5400.000,0.0000%,0,
Contact STARLINK-31707 - STARLINK-1028,0.000,5400.000,0.0000%,0,
Contact STARLINK-31707 - STARLINK-32185,0.000,5400.000,0.0000%,0,
Contact STARLINK-31707 - STARLINK-4437,0.000,5400.000,0.0000%,0,
Contact STARLINK-31707 - STARLINK-1090,0.000,5400.000,0.0000%,0,
Contact STARLINK-31707 - STARLINK-1208,0.000,5400.000,0.0000%,0,
Contact STARLINK-31707 - STARLINK-5849,908.356,4491.644,16.8214%,1,
Contact STARLINK-31707 - STARLINK-2193,1232.961,4167.039,22.8326%,1,
Contact STARLINK-31707 - STARLINK-31653,592.908,4807.092,10.9798%,2,
Contact STARLINK-31707 - STARLINK-6338,0.000,5400.000,0.0000%,0,
Contact STARLINK-31707 - STARLINK-11086 [DTC],0.000,5400.000,0.0000%,0,
Contact STARLINK-31707 - STARLINK-30575,444.829,4955.171,8.2376%,1,
Contact STARLINK-31707 - STARLINK-5475,0.000,5400.000,0.0000%,0,
Contact STARLINK-31707 - STARLINK-31992,620.643,4779.357,11.4934%,2,
Contact STARLINK-31707 - STARLINK-30715,473.949,4926.051,8.7768%,2,
Contact STARLINK-31707 - STARLINK-31276,0.000,5400.000,0.0000%,0,
Contact STARLINK-31707 - STARLINK-31091,0.000,5400.000,0.0000%,0,
Contact STARLINK-31707 - STARLINK-11130 [DTC],0.000,5400.000,0.0000%,0,
Contact STARLINK-31707 - STARLINK-30303,788.659,4611.341,14.6048%,1,
Contact STARLINK-31707 - STARLINK-6366,2889.742,2510.258,53.5137%,1,
Contact STARLINK-31707 - STARLINK-4260,0.000,5400.000,0.0000%,0,
Contact STARLINK-31707 - STARLINK-4130,0.000,5400.000,0.0000%,0,
Contact STARLINK-31707 - STARLINK-1098,0.000,5400.000,0.0000%,0,
Contact STARLINK-31707 - STARLINK-32045,0.000,5400.000,0.0000%,0,
Contact STARLINK-31707 - STARLINK-31083,4815.170,584.830,89.1698%,1,
Contact STARLINK-31707 - STARLINK-4090,0.000,5400.000,0.0000%,0,
Contact STARLINK-31707 - STARLINK-2504,621.932,4778.068,11.5173%,1,
Contact STARLINK-31707 - STARLINK-6346,0.000,5400.000,0.0000%,0,
Contact STARLINK-31707 - STARLINK-30299,1003.638,4396.362,18.5859%,1,
Contact STARLINK-31707 - STARLINK-5966,0.000,5400.000,0.0000%,0,
Contact STARLINK-31707 - STARLINK-31917,0.000,5400.000,0.0000%,0,
Contact STARLINK-31707 - STARLINK-30208,0.000,5400.000,0.0000%,0,
Contact STARLINK-31707 - STARLINK-3911,565.768,4834.232,10.4772%,2,
Contact STARLINK-31707 - MoonARTEMIS1,3432.093,1967.907,63.5573%,1,
Contact STARLINK-31707 - MoonARTEMIS2,3423.410,1976.590,63.3965%,1,
Contact STARLINK-31707 - MoonIOAGEO,3424.730,1975.270,63.4209%,1,
Contact STARLINK-31707 - MoonIOAGNO,3425.322,1974.678,63.4319%,1,
Contact STARLINK-31707 - MoonIOAGNO 0001,3426.746,1973.254,63.4583%,1,
Contact STARLINK-31707 - MoonIOAGSO,3429.198,1970.802,63.5037%,1,
Contact STARLINK-31707 - MoonIOAGSO 0001,3422.313,1977.687,63.3762%,1,
Contact STARLINK-31707 - MoonLRO,1652.114,3747.886,30.5947%,1,
Contact STARLINK-31707 - MarsSat1,3500.854,1899.146,64.8306%,2,
Contact STARLINK-31707 - MarsSat2,3500.830,1899.170,64.8302%,2,
Contact STARLINK-31707 - MarsSat3,1695.853,3704.147,31.4047%,1,
Contact STARLINK-31707 - MarsSat4,3500.835,1899.165,64.8303%,2,
Contact STARLINK-32046 - STARLINK-3394,0.000,5400.000,0.0000%,0,
Contact STARLINK-32046 - STARLINK-6207,0.000,5400.000,0.0000%,0,
Contact STARLINK-32046 - STARLINK-1028,0.000,5400.000,0.0000%,0,
Contact STARLINK-32046 - STARLINK-32185,0.000,5400.000,0.0000%,0,
Contact STARLINK-32046 - STARLINK-4437,3946.431,1453.569,73.0821%,1,
Contact STARLINK-32046 - STARLINK-1090,0.000,5400.000,0.0000%,0,
Contact STARLINK-32046 - STARLINK-1208,0.000,5400.000,0.0000%,0,
Contact STARLINK-32046 - STARLINK-5849,480.601,4919.399,8.9000%,2,
Contact STARLINK-32046 - STARLINK-2193,0.000,5400.000,0.0000%,0,
Contact STARLINK-32046 - STARLINK-31653,1090.392,4309.608,20.1924%,1,
Contact STARLINK-32046 - STARLINK-6338,0.000,5400.000,0.0000%,0,
Contact STARLINK-32046 - STARLINK-11086 [DTC],0.000,5400.000,0.0000%,0,
Contact STARLINK-32046 - STARLINK-30575,0.000,5400.000,0.0000%,0,
Contact STARLINK-32046 - STARLINK-5475,0.000,5400.000,0.0000%,0,
Contact STARLINK-32046 - STARLINK-31992,0.000,5400.000,0.0000%,0,
Contact STARLINK-32046 - STARLINK-30715,3859.329,1540.671,71.4691%,1,
Contact STARLINK-32046 - STARLINK-31276,0.000,5400.000,0.0000%,0,
Contact STARLINK-32046 - STARLINK-31091,0.000,5400.000,0.0000%,0,
Contact STARLINK-32046 - STARLINK-11130 [DTC],0.000,5400.000,0.0000%,0,
Contact STARLINK-32046 - STARLINK-30303,0.000,5400.000,0.0000%,0,
Contact STARLINK-32046 - STARLINK-6366,5400.000,0.000,100.0000%,1,
Contact STARLINK-32046 - STARLINK-4260,0.000,5400.000,0.0000%,0,
Contact STARLINK-32046 - STARLINK-4130,0.000,5400.000,0.0000%,0,
Contact STARLINK-32046 - STARLINK-1098,0.000,5400.000,0.0000%,0,
Contact STARLINK-32046 - STARLINK-32045,0.000,5400.000,0.0000%,0,
Contact STARLINK-32046 - STARLINK-31083,0.000,5400.000,0.0000%,0,
Contact STARLINK-32046 - STARLINK-4090,0.000,5400.000,0.0000%,0,
Contact STARLINK-32046 - STARLINK-2504,935.650,4464.350,17.3268%,1,
Contact STARLINK-32046 - STARLINK-6346,0.000,5400.000,0.0000%,0,
Contact STARLINK-32046 - STARLINK-30299,0.000,5400.000,0.0000%,0,
Contact STARLINK-32046 - STARLINK-5966,0.000,5400.000,0.0000%,0,
Contact STARLINK-32046 - STARLINK-31917,0.000,5400.000,0.0000%,0,
Contact STARLINK-32046 - STARLINK-30208,5400.000,0.000,100.0000%,1,
Contact STARLINK-32046 - STARLINK-3911,468.936,4931.064,8.6840%,1,
Contact STARLINK-32046 - MoonARTEMIS1,5400.000,0.000,100.0000%,1,
Contact STARLINK-32046 - MoonARTEMIS2,5400.000,0.000,100.0000%,1,
Contact STARLINK-32046 - MoonIOAGEO,5400.000,0.000,100.0000%,1,
Contact STARLINK-32046 - MoonIOAGNO,5400.000,0.000,100.0000%,1,
Contact STARLINK-32046 - MoonIOAGNO 0001,5400.000,0.000,100.0000%,1,
Contact STARLINK-32046 - MoonIOAGSO,5400.000,0.000,100.0000%,1,
Contact STARLINK-32046 - MoonIOAGSO 0001,5400.000,0.000,100.0000%,1,
Contact STARLINK-32046 - MoonLRO,5400.000,0.000,100.0000%,1,
Contact STARLINK-32046 - MarsSat1,4451.224,948.776,82.4301%,2,
Contact STARLINK-32046 - MarsSat2,4451.135,948.865,82.4284%,2,
Contact STARLINK-32046 - MarsSat3,1253.538,4146.462,23.2137%,1,
Contact STARLINK-32046 - MarsSat4,4451.071,948.929,82.4272%,2,
Contact STARLINK-3394 - STARLINK-6207,0.000,5400.000,0.0000%,0,
Contact STARLINK-3394 - STARLINK-1028,0.000,5400.000,0.0000%,0,
Contact STARLINK-3394 - STARLINK-32185,0.000,5400.000,0.0000%,0,
Contact STARLINK-3394 - STARLINK-4437,0.000,5400.000,0.0000%,0,
Contact STARLINK-3394 - STARLINK-1090,5400.000,0.000,100.0000%,1,
Contact STARLINK-3394 - STARLINK-1208,911.450,4488.550,16.8787%,1,
Contact STARLINK-3394 - STARLINK-5849,0.000,5400.000,0.0000%,0,
Contact STARLINK-3394 - STARLINK-2193,0.000,5400.000,0.0000%,0,
Contact STARLINK-3394 - STARLINK-31653,0.000,5400.000,0.0000%,0,
Contact STARLINK-3394 - STARLINK-6338,0.000,5400.000,0.0000%,0,
Contact STARLINK-3394 - STARLINK-11086 [DTC],0.000,5400.000,0.0000%,0,
Contact STARLINK-3394 - STARLINK-30575,0.000,5400.000,0.0000%,0,
Contact STARLINK-3394 - STARLINK-5475,0.000,5400.000,0.0000%,0,
Contact STARLINK-3394 - STARLINK-31992,0.000,5400.000,0.0000%,0,
Contact STARLINK-3394 - STARLINK-30715,0.000,5400.000,0.0000%,0,
Contact STARLINK-3394 - STARLINK-31276,0.000,5400.000,0.0000%,0,
Contact STARLINK-3394 - STARLINK-31091,5400.000,0.000,100.0000%,1,
Contact STARLINK-3394 - STARLINK-11130 [DTC],2070.080,3329.920,38.3348%,1,
Contact STARLINK-3394 - STARLINK-30303,0.000,5400.000,0.0000%,0,
Contact STARLINK-3394 - STARLINK-6366,0.000,5400.000,0.0000%,0,
Contact STARLINK-3394 - STARLINK-4260,650.464,4749.536,12.0456%,1,
Contact STARLINK-3394 - STARLINK-4130,3949.979,1450.021,73.1478%,1,
Contact STARLINK-3394 - STARLINK-1098,4583.579,816.421,84.8811%,1,
Contact STARLINK-3394 - STARLINK-32045,0.000,5400.000,0.0000%,0,
Contact STARLINK-3394 - STARLINK-31083,0.000,5400.000,0.0000%,0,
Contact STARLINK-3394 - STARLINK-4090,0.000,5400.000,0.0000%,0,
Contact STARLINK-3394 - STARLINK-2504,0.000,5400.000,0.0000%,0,
Contact STARLINK-3394 - STARLINK-6346,0.000,5400.000,0.0000%,0,
Contact STARLINK-3394 - STARLINK-30299,0.000,5400.000,0.0000%,0,
Contact STARLINK-3394 - STARLINK-5966,84.958,5315.042,1.5733%,1,
Contact STARLINK-3394 - STARLINK-31917,734.503,4665.497,13.6019%,2,
Contact STARLINK-3394 - STARLINK-30208,0.000,5400.000,0.0000%,0,
Contact STARLINK-3394 - STARLINK-3911,0.000,5400.000,0.0000%,0,
Contact STARLINK-3394 - MoonARTEMIS1,3233.004,2166.996,59.8704%,2,
Contact STARLINK-3394 - MoonARTEMIS2,3232.309,2167.691,59.8576%,2,
Contact STARLINK-3394 - MoonIOAGEO,3235.316,2164.684,59.9133%,2,
Contact STARLINK-3394 - MoonIOAGNO,3236.699,2163.301,59.9389%,2,
Contact STARLINK-3394 - MoonIOAGNO 0001,3233.682,2166.318,59.8830%,2,
Contact STARLINK-3394 - MoonIOAGSO,3230.823,2169.177,59.8301%,2,
Contact STARLINK-3394 - MoonIOAGSO 0001,3234.349,2165.651,59.8953%,2,
Contact STARLINK-3394 - MoonLRO,2710.611,2689.389,50.1965%,2,
Contact STARLINK-3394 - MarsSat1,3873.161,1526.839,71.7252%,1,
Contact STARLINK-3394 - MarsSat2,3873.191,1526.809,71.7258%,1,
Contact STARLINK-3394 - MarsSat3,3451.900,1948.100,63.9241%,1,
Contact STARLINK-3394 - MarsSat4,3873.153,1526.847,71.7251%,1,
Contact STARLINK-6207 - STARLINK-1028,5400.000,0.000,100.0000%,1,
Contact STARLINK-6207 - STARLINK-32185,0.000,5400.000,0.0000%,0,
Contact STARLINK-6207 - STARLINK-4437,0.000,5400.000,0.0000%,0,
Contact STARLINK-6207 - STARLINK-1090,0.000,5400.000,0.0000%,0,
Contact STARLINK-6207 - STARLINK-1208,0.000,5400.000,0.0000%,0,
Contact STARLINK-6207 - STARLINK-5849,890.357,4509.643,16.4881%,1,
Contact STARLINK-6207 - STARLINK-2193,0.000,5400.000,0.0000%,0,
Contact STARLINK-6207 - STARLINK-31653,0.000,5400.000,0.0000%,0,
Contact STARLINK-6207 - STARLINK-6338,711.957,4688.043,13.1844%,1,
Contact STARLINK-6207 - STARLINK-11086 [DTC],0.000,5400.000,0.0000%,0,
Contact STARLINK-6207 - STARLINK-30575,0.000,5400.000,0.0000%,0,
Contact STARLINK-6207 - STARLINK-5475,0.000,5400.000,0.0000%,0,
Contact STARLINK-6207 - STARLINK-31992,1054.272,4345.728,19.5236%,1,
Contact STARLINK-6207 - STARLINK-30715,0.000,5400.000,0.0000%,0,
Contact STARLINK-6207 - STARLINK-31276,3914.199,1485.801,72.4852%,1,
Contact STARLINK-6207 - STARLINK-31091,0.000,5400.000,0.0000%,0,
Contact STARLINK-6207 - STARLINK-11130 [DTC],0.000,5400.000,0.0000%,0,
Contact STARLINK-6207 - STARLINK-30303,0.000,5400.000,0.0000%,0,
Contact STARLINK-6207 - STARLINK-6366,0.000,5400.000,0.0000%,0,
Contact STARLINK-6207 - STARLINK-4260,0.000,5400.000,0.0000%,0,
Contact STARLINK-6207 - STARLINK-4130,0.000,5400.000,0.0000%,0,
Contact STARLINK-6207 - STARLINK-1098,0.000,5400.000,0.0000%,0,
Contact STARLINK-6207 - STARLINK-32045,0.000,5400.000,0.0000%,0,
Contact STARLINK-6207 - STARLINK-31083,0.000,5400.000,0.0000%,0,
Contact STARLINK-6207 - STARLINK-4090,0.000,5400.000,0.0000%,0,
Contact STARLINK-6207 - STARLINK-2504,0.000,5400.000,0.0000%,0,
Contact STARLINK-6207 - STARLINK-6346,5400.000,0.000,100.0000%,1,
Contact STARLINK-6207 - STARLINK-30299,0.000,5400.000,0.0000%,0,
Contact STARLINK-6207 - STARLINK-5966,0.000,5400.000,0.0000%,0,
Contact STARLINK-6207 - STARLINK-31917,0.000,5400.000,0.0000%,0,
Contact STARLINK-6207 - STARLINK-30208,0.000,5400.000,0.0000%,0,
Contact STARLINK-6207 - STARLINK-3911,0.000,5400.000,0.0000%,0,
Contact STARLINK-6207 - MoonARTEMIS1,3512.246,1887.754,65.0416%,1,
Contact STARLINK-6207 - MoonARTEMIS2,3583.697,1816.303,66.3648%,1,
Contact STARLINK-6207 - MoonIOAGEO,3526.007,1873.993,65.2964%,1,
Contact STARLINK-6207 - MoonIOAGNO,3525.061,1874.939,65.2789%,1,
Contact STARLINK-6207 - MoonIOAGNO 0001,3528.743,1871.257,65.3471%,1,
Contact STARLINK-6207 - MoonIOAGSO,3535.691,1864.309,65.4758%,1,
Contact STARLINK-6207 - MoonIOAGSO 0001,3556.312,1843.688,65.8576%,1,
Contact STARLINK-6207 - MoonLRO,1166.002,4233.998,21.5926%,1,
Contact STARLINK-6207 - MarsSat1,3454.574,1945.426,63.9736%,1,
Contact STARLINK-6207 - MarsSat2,3454.668,1945.332,63.9753%,1,
Contact STARLINK-6207 - MarsSat3,3454.602,1945.398,63.9741%,1,
Contact STARLINK-6207 - MarsSat4,3454.603,1945.397,63.9741%,1,
Contact STARLINK-1028 - STARLINK-32185,4805.278,594.722,88.9866%,1,
Contact STARLINK-1028 - STARLINK-4437,0.000,5400.000,0.0000%,0,
Contact STARLINK-1028 - STARLINK-1090,0.000,5400.000,0.0000%,0,
Contact STARLINK-1028 - STARLINK-1208,0.000,5400.000,0.0000%,0,
Contact STARLINK-1028 - STARLINK-5849,768.696,4631.304,14.2351%,1,
Contact STARLINK-1028 - STARLINK-2193,0.000,5400.000,0.0000%,0,
Contact STARLINK-1028 - STARLINK-31653,0.000,5400.000,0.0000%,0,
Contact STARLINK-1028 - STARLINK-6338,912.054,4487.946,16.8899%,1,
Contact STARLINK-1028 - STARLINK-11086 [DTC],0.000,5400.000,0.0000%,0,
Contact STARLINK-1028 - STARLINK-30575,0.000,5400.000,0.0000%,0,
Contact STARLINK-1028 - STARLINK-5475,0.000,5400.000,0.0000%,0,
Contact STARLINK-1028 - STARLINK-31992,664.166,4735.834,12.2994%,1,
Contact STARLINK-1028 - STARLINK-30715,0.000,5400.000,0.0000%,0,
Contact STARLINK-1028 - STARLINK-31276,5400.000,0.000,100.0000%,1,
Contact STARLINK-1028 - STARLINK-31091,0.000,5400.000,0.0000%,0,
Contact STARLINK-1028 - STARLINK-11130 [DTC],0.000,5400.000,0.0000%,0,
Contact STARLINK-1028 - STARLINK-30303,0.000,5400.000,0.0000%,0,
Contact STARLINK-1028 - STARLINK-6366,0.000,5400.000,0.0000%,0,
Contact STARLINK-1028 - STARLINK-4260,0.000,5400.000,0.0000%,0,
Contact STARLINK-1028 - STARLINK-4130,0.000,5400.000,0.0000%,0,
Contact STARLINK-1028 - STARLINK-1098,0.000,5400.000,0.0000%,0,
Contact STARLINK-1028 - STARLINK-32045,0.000,5400.000,0.0000%,0,
Contact STARLINK-1028 - STARLINK-31083,0.000,5400.000,0.0000%,0,
Contact STARLINK-1028 - STARLINK-4090,0.000,5400.000,0.0000%,0,
Contact STARLINK-1028 - STARLINK-2504,0.000,5400.000,0.0000%,0,
Contact STARLINK-1028 - STARLINK-6346,5400.000,0.000,100.0000%,1,
Contact STARLINK-1028 - STARLINK-30299,0.000,5400.000,0.0000%,0,
Contact STARLINK-1028 - STARLINK-5966,0.000,5400.000,0.0000%,0,
Contact STARLINK-1028 - STARLINK-31917,0.000,5400.000,0.0000%,0,
Contact STARLINK-1028 - STARLINK-30208,0.000,5400.000,0.0000%,0,
Contact STARLINK-1028 - STARLINK-3911,0.000,5400.000,0.0000%,0,
Contact STARLINK-1028 - MoonARTEMIS1,3273.048,2126.952,60.6120%,2,
Contact STARLINK-1028 - MoonARTEMIS2,3265.331,2134.669,60.4691%,2,
Contact STARLINK-1028 - MoonIOAGEO,3275.112,2124.888,60.6502%,2,
Contact STARLINK-1028 - MoonIOAGNO,3268.939,2131.061,60.5359%,2,
Contact STARLINK-1028 - MoonIOAGNO 0001,3269.571,2130.429,60.5476%,2,
Contact STARLINK-1028 - MoonIOAGSO,3276.091,2123.909,60.6683%,2,
Contact STARLINK-1028 - MoonIOAGSO 0001,3277.676,2122.324,60.6977%,2,
Contact STARLINK-1028 - MoonLRO,1239.061,4160.939,22.9456%,2,
Contact STARLINK-1028 - MarsSat1,3679.776,1720.224,68.1440%,1,
Contact STARLINK-1028 - MarsSat2,3679.818,1720.182,68.1448%,1,
Contact STARLINK-1028 - MarsSat3,3679.789,1720.211,68.1442%,1,
Contact STARLINK-1028 - MarsSat4,3679.804,1720.196,68.1445%,1,
Contact STARLINK-32185 - STARLINK-4437,224.759,5175.241,4.1622%,1,
Contact STARLINK-32185 - STARLINK-1090,0.000,5400.000,0.0000%,0,
Contact STARLINK-32185 - STARLINK-1208,0.000,5400.000,0.0000%,0,
Contact STARLINK-32185 - STARLINK-5849,0.000,5400.000,0.0000%,0,
Contact STARLINK-32185 - STARLINK-2193,0.000,5400.000,0.0000%,0,
Contact STARLINK-32185 - STARLINK-31653,0.000,5400.000,0.0000%,0,
Contact STARLINK-32185 - STARLINK-6338,0.000,5400.000,0.0000%,0,
Contact STARLINK-32185 - STARLINK-11086 [DTC],0.000,5400.000,0.0000%,0,
Contact STARLINK-32185 - STARLINK-30575,0.000,5400.000,0.0000%,0,
Contact STARLINK-32185 - STARLINK-5475,739.405,4660.595,13.6927%,1,
Contact STARLINK-32185 - STARLINK-31992,0.000,5400.000,0.0000%,0,
Contact STARLINK-32185 - STARLINK-30715,0.000,5400.000,0.0000%,0,
Contact STARLINK-32185 - STARLINK-31276,1355.126,4044.874,25.0949%,2,
Contact STARLINK-32185 - STARLINK-31091,0.000,5400.000,0.0000%,0,
Contact STARLINK-32185 - STARLINK-11130 [DTC],601.014,4798.986,11.1299%,1,
Contact STARLINK-32185 - STARLINK-30303,0.000,5400.000,0.0000%,0,
Contact STARLINK-32185 - STARLINK-6366,0.000,5400.000,0.0000%,0,
Contact STARLINK-32185 - STARLINK-4260,0.000,5400.000,0.0000%,0,
Contact STARLINK-32185 - STARLINK-4130,2910.389,2489.611,53.8961%,1,
Contact STARLINK-32185 - STARLINK-1098,0.000,5400.000,0.0000%,0,
Contact STARLINK-32185 - STARLINK-32045,0.000,5400.000,0.0000%,0,
Contact STARLINK-32185 - STARLINK-31083,0.000,5400.000,0.0000%,0,
Contact STARLINK-32185 - STARLINK-4090,0.000,5400.000,0.0000%,0,
Contact STARLINK-32185 - STARLINK-2504,0.000,5400.000,0.0000%,0,
Contact STARLINK-32185 - STARLINK-6346,669.971,4730.029,12.4069%,1,
Contact STARLINK-32185 - STARLINK-30299,0.000,5400.000,0.0000%,0,
Contact STARLINK-32185 - STARLINK-5966,0.000,5400.000,0.0000%,0,
Contact STARLINK-32185 - STARLINK-31917,0.000,5400.000,0.0000%,0,
Contact STARLINK-32185 - STARLINK-30208,0.000,5400.000,0.0000%,0,
Contact STARLINK-32185 - STARLINK-3911,0.000,5400.000,0.0000%,0,
Contact STARLINK-32185 - MoonARTEMIS1,3178.650,2221.350,58.8639%,2,
Contact STARLINK-32185 - MoonARTEMIS2,3177.367,2222.633,58.8401%,2,
Contact STARLINK-32185 - MoonIOAGEO,3181.096,2218.904,58.9092%,2,
Contact STARLINK-32185 - MoonIOAGNO,3175.685,2224.315,58.8090%,2,
Contact STARLINK-32185 - MoonIOAGNO 0001,3180.325,2219.675,58.8949%,2,
Contact STARLINK-32185 - MoonIOAGSO,3182.575,2217.425,58.9366%,2,
Contact STARLINK-32185 - MoonIOAGSO 0001,3180.463,2219.537,58.8975%,2,
Contact STARLINK-32185 - MoonLRO,1627.315,3772.685,30.1355%,2,
Contact STARLINK-32185 - MarsSat1,3292.078,2107.922,60.9644%,1,
Contact STARLINK-32185 - MarsSat2,3292.119,2107.881,60.9652%,1,
Contact STARLINK-32185 - MarsSat3,3292.087,2107.913,60.9646%,1,
Contact STARLINK-32185 - MarsSat4,3292.108,2107.892,60.9650%,1,
Contact STARLINK-4437 - STARLINK-1090,4425.418,974.582,81.9522%,1,
Contact STARLINK-4437 - STARLINK-1208,757.153,4642.847,14.0213%,1,
Contact STARLINK-4437 - STARLINK-5849,416.802,4983.198,7.7186%,2,
Contact STARLINK-4437 - STARLINK-2193,0.000,5400.000,0.0000%,0,
Contact STARLINK-4437 - STARLINK-31653,644.328,4755.672,11.9320%,1,
Contact STARLINK-4437 - STARLINK-6338,0.000,5400.000,0.0000%,0,
Contact STARLINK-4437 - STARLINK-11086 [DTC],0.000,5400.000,0.0000%,0,
Contact STARLINK-4437 - STARLINK-30575,0.000,5400.000,0.0000%,0,
Contact STARLINK-4437 - STARLINK-5475,0.000,5400.000,0.0000%,0,
Contact STARLINK-4437 - STARLINK-31992,475.462,4924.538,8.8049%,1,
Contact STARLINK-4437 - STARLINK-30715,767.277,4632.723,14.2088%,1,
Contact STARLINK-4437 - STARLINK-31276,190.412,5209.588,3.5262%,1,
Contact STARLINK-4437 - STARLINK-31091,919.045,4480.955,17.0193%,1,
Contact STARLINK-4437 - STARLINK-11130 [DTC],0.000,5400.000,0.0000%,0,
Contact STARLINK-4437 - STARLINK-30303,0.000,5400.000,0.0000%,0,
Contact STARLINK-4437 - STARLINK-6366,3794.571,1605.429,70.2698%,1,
Contact STARLINK-4437 - STARLINK-4260,0.000,5400.000,0.0000%,0,
Contact STARLINK-4437 - STARLINK-4130,755.159,4644.841,13.9844%,1,
Contact STARLINK-4437 - STARLINK-1098,739.088,4660.912,13.6868%,1,
Contact STARLINK-4437 - STARLINK-32045,0.000,5400.000,0.0000%,0,
Contact STARLINK-4437 - STARLINK-31083,0.000,5400.000,0.0000%,0,
Contact STARLINK-4437 - STARLINK-4090,0.000,5400.000,0.0000%,0,
Contact STARLINK-4437 - STARLINK-2504,619.121,4780.879,11.4652%,1,
Contact STARLINK-4437 - STARLINK-6346,0.000,5400.000,0.0000%,0,
Contact STARLINK-4437 - STARLINK-30299,0.000,5400.000,0.0000%,0,
Contact STARLINK-4437 - STARLINK-5966,0.000,5400.000,0.0000%,0,
Contact STARLINK-4437 - STARLINK-31917,0.000,5400.000,0.0000%,0,
Contact STARLINK-4437 - STARLINK-30208,978.771,4421.229,18.1254%,1,
Contact STARLINK-4437 - STARLINK-3911,0.000,5400.000,0.0000%,0,
Contact STARLINK-4437 - MoonARTEMIS1,5400.000,0.000,100.0000%,1,
Contact STARLINK-4437 - MoonARTEMIS2,5400.000,0.000,100.0000%,1,
Contact STARLINK-4437 - MoonIOAGEO,5400.000,0.000,100.0000%,1,
Contact STARLINK-4437 - MoonIOAGNO,5400.000,0.000,100.0000%,1,
Contact STARLINK-4437 - MoonIOAGNO 0001,5400.000,0.000,100.0000%,1,
Contact STARLINK-4437 - MoonIOAGSO,5400.000,0.000,100.0000%,1,
Contact STARLINK-4437 - MoonIOAGSO 0001,5400.000,0.000,100.0000%,1,
Contact STARLINK-4437 - MoonLRO,5400.000,0.000,100.0000%,1,
Contact STARLINK-4437 - MarsSat1,3459.102,1940.898,64.0574%,1,
Contact STARLINK-4437 - MarsSat2,3459.043,1940.957,64.0564%,1,
Contact STARLINK-4437 - MarsSat3,0.000,5400.000,0.0000%,0,
Contact STARLINK-4437 - MarsSat4,3459.068,1940.932,64.0568%,1,
Contact STARLINK-1090 - STARLINK-1208,1296.934,4103.066,24.0173%,1,
Contact STARLINK-1090 - STARLINK-5849,0.000,5400.000,0.0000%,0,
Contact STARLINK-1090 - STARLINK-2193,0.000,5400.000,0.0000%,0,
Contact STARLINK-1090 - STARLINK-31653,0.000,5400.000,0.0000%,0,
Contact STARLINK-1090 - STARLINK-6338,0.000,5400.000,0.0000%,0,
Contact STARLINK-1090 - STARLINK-11086 [DTC],0.000,5400.000,0.0000%,0,
Contact STARLINK-1090 - STARLINK-30575,0.000,5400.000,0.0000%,0,
Contact STARLINK-1090 - STARLINK-5475,0.000,5400.000,0.0000%,0,
Contact STARLINK-1090 - STARLINK-31992,0.000,5400.000,0.0000%,0,
Contact STARLINK-1090 - STARLINK-30715,0.000,5400.000,0.0000%,0,
Contact STARLINK-1090 - STARLINK-31276,0.000,5400.000,0.0000%,0,
Contact STARLINK-1090 - STARLINK-31091,572.356,4827.644,10.5992%,2,
Contact STARLINK-1090 - STARLINK-11130 [DTC],0.000,5400.000,0.0000%,0,
Contact STARLINK-1090 - STARLINK-30303,0.000,5400.000,0.0000%,0,
Contact STARLINK-1090 - STARLINK-6366,0.000,5400.000,0.0000%,0,
Contact STARLINK-1090 - STARLINK-4260,0.000,5400.000,0.0000%,0,
Contact STARLINK-1090 - STARLINK-4130,600.031,4799.969,11.1117%,1,
Contact STARLINK-1090 - STARLINK-1098,5400.000,0.000,100.0000%,1,
Contact STARLINK-1090 - STARLINK-32045,0.000,5400.000,0.0000%,0,
Contact STARLINK-1090 - STARLINK-31083,0.000,5400.000,0.0000%,0,
Contact STARLINK-1090 - STARLINK-4090,0.000,5400.000,0.0000%,0,
Contact STARLINK-1090 - STARLINK-2504,0.000,5400.000,0.0000%,0,
Contact STARLINK-1090 - STARLINK-6346,0.000,5400.000,0.0000%,0,
Contact STARLINK-1090 - STARLINK-30299,0.000,5400.000,0.0000%,0,
Contact STARLINK-1090 - STARLINK-5966,825.219,4574.781,15.2818%,1,
Contact STARLINK-1090 - STARLINK-31917,445.212,4954.788,8.2447%,2,
Contact STARLINK-1090 - STARLINK-30208,689.399,4710.601,12.7667%,1,
Contact STARLINK-1090 - STARLINK-3911,0.000,5400.000,0.0000%,0,
Contact STARLINK-1090 - MoonARTEMIS1,5400.000,0.000,100.0000%,1,
Contact STARLINK-1090 - MoonARTEMIS2,5400.000,0.000,100.0000%,1,
Contact STARLINK-1090 - MoonIOAGEO,5400.000,0.000,100.0000%,1,
Contact STARLINK-1090 - MoonIOAGNO,5400.000,0.000,100.0000%,1,
Contact STARLINK-1090 - MoonIOAGNO 0001,5400.000,0.000,100.0000%,1,
Contact STARLINK-1090 - MoonIOAGSO,5400.000,0.000,100.0000%,1,
Contact STARLINK-1090 - MoonIOAGSO 0001,5400.000,0.000,100.0000%,1,
Contact STARLINK-1090 - MoonLRO,5400.000,0.000,100.0000%,1,
Contact STARLINK-1090 - MarsSat1,3643.973,1756.027,67.4810%,1,
Contact STARLINK-1090 - MarsSat2,3643.851,1756.149,67.4787%,1,
Contact STARLINK-1090 - MarsSat3,2895.308,2504.692,53.6168%,1,
Contact STARLINK-1090 - MarsSat4,3643.916,1756.084,67.4799%,1,
Contact STARLINK-1208 - STARLINK-5849,0.000,5400.000,0.0000%,0,
Contact STARLINK-1208 - STARLINK-2193,0.000,5400.000,0.0000%,0,
Contact STARLINK-1208 - STARLINK-31653,0.000,5400.000,0.0000%,0,
Contact STARLINK-1208 - STARLINK-6338,0.000,5400.000,0.0000%,0,
Contact STARLINK-1208 - STARLINK-11086 [DTC],0.000,5400.000,0.0000%,0,
Contact STARLINK-1208 - STARLINK-30575,0.000,5400.000,0.0000%,0,
Contact STARLINK-1208 - STARLINK-5475,0.000,5400.000,0.0000%,0,
Contact STARLINK-1208 - STARLINK-31992,0.000,5400.000,0.0000%,0,
Contact STARLINK-1208 - STARLINK-30715,0.000,5400.000,0.0000%,0,
Contact STARLINK-1208 - STARLINK-31276,0.000,5400.000,0.0000%,0,
Contact STARLINK-1208 - STARLINK-31091,0.000,5400.000,0.0000%,0,
Contact STARLINK-1208 - STARLINK-11130 [DTC],0.000,5400.000,0.0000%,0,
Contact STARLINK-1208 - STARLINK-30303,0.000,5400.000,0.0000%,0,
Contact STARLINK-1208 - STARLINK-6366,0.000,5400.000,0.0000%,0,
Contact STARLINK-1208 - STARLINK-4260,0.000,5400.000,0.0000%,0,
Contact STARLINK-1208 - STARLINK-4130,0.000,5400.000,0.0000%,0,
Contact STARLINK-1208 - STARLINK-1098,5400.000,0.000,100.0000%,1,
Contact STARLINK-1208 - STARLINK-32045,0.000,5400.000,0.0000%,0,
Contact STARLINK-1208 - STARLINK-31083,0.000,5400.000,0.0000%,0,
Contact STARLINK-1208 - STARLINK-4090,656.140,4743.860,12.1507%,1,
Contact STARLINK-1208 - STARLINK-2504,0.000,5400.000,0.0000%,0,
Contact STARLINK-1208 - STARLINK-6346,0.000,5400.000,0.0000%,0,
Contact STARLINK-1208 - STARLINK-30299,0.000,5400.000,0.0000%,0,
Contact STARLINK-1208 - STARLINK-5966,453.222,4946.778,8.3930%,2,
Contact STARLINK-1208 - STARLINK-31917,0.000,5400.000,0.0000%,0,
Contact STARLINK-1208 - STARLINK-30208,5400.000,0.000,100.0000%,1,
Contact STARLINK-1208 - STARLINK-3911,0.000,5400.000,0.0000%,0,
Contact STARLINK-1208 - MoonARTEMIS1,5400.000,0.000,100.0000%,1,
Contact STARLINK-1208 - MoonARTEMIS2,5400.000,0.000,100.0000%,1,
Contact STARLINK-1208 - MoonIOAGEO,5400.000,0.000,100.0000%,1,
Contact STARLINK-1208 - MoonIOAGNO,5400.000,0.000,100.0000%,1,
Contact STARLINK-1208 - MoonIOAGNO 0001,5400.000,0.000,100.0000%,1,
Contact STARLINK-1208 - MoonIOAGSO,5400.000,0.000,100.0000%,1,
Contact STARLINK-1208 - MoonIOAGSO 0001,5400.000,0.000,100.0000%,1,
Contact STARLINK-1208 - MoonLRO,5400.000,0.000,100.0000%,1,
Contact STARLINK-1208 - MarsSat1,3737.187,1662.813,69.2072%,2,
Contact STARLINK-1208 - MarsSat2,3737.024,1662.976,69.2041%,2,
Contact STARLINK-1208 - MarsSat3,1653.703,3746.297,30.6241%,1,
Contact STARLINK-1208 - MarsSat4,3737.123,1662.877,69.2060%,2,
Contact STARLINK-5849 - STARLINK-2193,0.000,5400.000,0.0000%,0,
Contact STARLINK-5849 - STARLINK-31653,0.000,5400.000,0.0000%,0,
Contact STARLINK-5849 - STARLINK-6338,0.000,5400.000,0.0000%,0,
Contact STARLINK-5849 - STARLINK-11086 [DTC],0.000,5400.000,0.0000%,0,
Contact STARLINK-5849 - STARLINK-30575,1063.819,4336.181,19.7003%,1,
Contact STARLINK-5849 - STARLINK-5475,0.000,5400.000,0.0000%,0,
Contact STARLINK-5849 - STARLINK-31992,5400.000,0.000,100.0000%,1,
Contact STARLINK-5849 - STARLINK-30715,507.820,4892.180,9.4041%,1,
Contact STARLINK-5849 - STARLINK-31276,0.000,5400.000,0.0000%,0,
Contact STARLINK-5849 - STARLINK-31091,0.000,5400.000,0.0000%,0,
Contact STARLINK-5849 - STARLINK-11130 [DTC],0.000,5400.000,0.0000%,0,
Contact STARLINK-5849 - STARLINK-30303,0.000,5400.000,0.0000%,0,
Contact STARLINK-5849 - STARLINK-6366,681.269,4718.731,12.6161%,2,
Contact STARLINK-5849 - STARLINK-4260,0.000,5400.000,0.0000%,0,
Contact STARLINK-5849 - STARLINK-4130,0.000,5400.000,0.0000%,0,
Contact STARLINK-5849 - STARLINK-1098,0.000,5400.000,0.0000%,0,
Contact STARLINK-5849 - STARLINK-32045,0.000,5400.000,0.0000%,0,
Contact STARLINK-5849 - STARLINK-31083,0.000,5400.000,0.0000%,0,
Contact STARLINK-5849 - STARLINK-4090,0.000,5400.000,0.0000%,0,
Contact STARLINK-5849 - STARLINK-2504,0.000,5400.000,0.0000%,0,
Contact STARLINK-5849 - STARLINK-6346,1349.396,4050.604,24.9888%,1,
Contact STARLINK-5849 - STARLINK-30299,0.000,5400.000,0.0000%,0,
Contact STARLINK-5849 - STARLINK-5966,0.000,5400.000,0.0000%,0,
Contact STARLINK-5849 - STARLINK-31917,0.000,5400.000,0.0000%,0,
Contact STARLINK-5849 - STARLINK-30208,28.454,5371.546,0.5269%,1,
Contact STARLINK-5849 - STARLINK-3911,1230.709,4169.291,22.7909%,1,
Contact STARLINK-5849 - MoonARTEMIS1,5400.000,0.000,100.0000%,1,
Contact STARLINK-5849 - MoonARTEMIS2,5400.000,0.000,100.0000%,1,
Contact STARLINK-5849 - MoonIOAGEO,5400.000,0.000,100.0000%,1,
Contact STARLINK-5849 - MoonIOAGNO,5400.000,0.000,100.0000%,1,
Contact STARLINK-5849 - MoonIOAGNO 0001,5400.000,0.000,100.0000%,1,
Contact STARLINK-5849 - MoonIOAGSO,5400.000,0.000,100.0000%,1,
Contact STARLINK-5849 - MoonIOAGSO 0001,5400.000,0.000,100.0000%,1,
Contact STARLINK-5849 - MoonLRO,5400.000,0.000,100.0000%,1,
Contact STARLINK-5849 - MarsSat1,5400.000,0.000,100.0000%,1,
Contact STARLINK-5849 - MarsSat2,5400.000,0.000,100.0000%,1,
Contact STARLINK-5849 - MarsSat3,3082.184,2317.816,57.0775%,1,
Contact STARLINK-5849 - MarsSat4,5400.000,0.000,100.0000%,1,
Contact STARLINK-2193 - STARLINK-31653,0.000,5400.000,0.0000%,0,
Contact STARLINK-2193 - STARLINK-6338,0.000,5400.000,0.0000%,0,
Contact STARLINK-2193 - STARLINK-11086 [DTC],0.000,5400.000,0.0000%,0,
Contact STARLINK-2193 - STARLINK-30575,0.000,5400.000,0.0000%,0,
Contact STARLINK-2193 - STARLINK-5475,0.000,5400.000,0.0000%,0,
Contact STARLINK-2193 - STARLINK-31992,0.000,5400.000,0.0000%,0,
Contact STARLINK-2193 - STARLINK-30715,0.000,5400.000,0.0000%,0,
Contact STARLINK-2193 - STARLINK-31276,0.000,5400.000,0.0000%,0,
Contact STARLINK-2193 - STARLINK-31091,0.000,5400.000,0.0000%,0,
Contact STARLINK-2193 - STARLINK-11130 [DTC],0.000,5400.000,0.0000%,0,
Contact STARLINK-2193 - STARLINK-30303,5400.000,0.000,100.0000%,1,
Contact STARLINK-2193 - STARLINK-6366,0.000,5400.000,0.0000%,0,
Contact STARLINK-2193 - STARLINK-4260,0.000,5400.000,0.0000%,0,
Contact STARLINK-2193 - STARLINK-4130,0.000,5400.000,0.0000%,0,
Contact STARLINK-2193 - STARLINK-1098,0.000,5400.000,0.0000%,0,
Contact STARLINK-2193 - STARLINK-32045,0.000,5400.000,0.0000%,0,
Contact STARLINK-2193 - STARLINK-31083,5400.000,0.000,100.0000%,1,
Contact STARLINK-2193 - STARLINK-4090,0.000,5400.000,0.0000%,0,
Contact STARLINK-2193 - STARLINK-2504,3693.655,1706.345,68.4010%,2,
Contact STARLINK-2193 - STARLINK-6346,0.000,5400.000,0.0000%,0,
Contact STARLINK-2193 - STARLINK-30299,5400.000,0.000,100.0000%,1,
Contact STARLINK-2193 - STARLINK-5966,0.000,5400.000,0.0000%,0,
Contact STARLINK-2193 - STARLINK-31917,0.000,5400.000,0.0000%,0,
Contact STARLINK-2193 - STARLINK-30208,0.000,5400.000,0.0000%,0,
Contact STARLINK-2193 - STARLINK-3911,0.000,5400.000,0.0000%,0,
Contact STARLINK-2193 - MoonARTEMIS1,3661.601,1738.399,67.8074%,1,
Contact STARLINK-2193 - MoonARTEMIS2,3650.894,1749.106,67.6092%,1,
Contact STARLINK-2193 - MoonIOAGEO,3650.847,1749.153,67.6083%,1,
Contact STARLINK-2193 - MoonIOAGNO,3657.180,1742.820,67.7256%,1,
Contact STARLINK-2193 - MoonIOAGNO 0001,3641.948,1758.052,67.4435%,1,
Contact STARLINK-2193 - MoonIOAGSO,3655.092,1744.908,67.6869%,1,
Contact STARLINK-2193 - MoonIOAGSO 0001,3663.672,1736.328,67.8458%,1,
Contact STARLINK-2193 - MoonLRO,1516.367,3883.633,28.0809%,1,
Contact STARLINK-2193 - MarsSat1,5400.000,0.000,100.0000%,1,
Contact STARLINK-2193 - MarsSat2,5400.000,0.000,100.0000%,1,
Contact STARLINK-2193 - MarsSat3,2049.948,3350.052,37.9620%,1,
Contact STARLINK-2193 - MarsSat4,5400.000,0.000,100.0000%,1,
Contact STARLINK-31653 - STARLINK-6338,0.000,5400.000,0.0000%,0,
Contact STARLINK-31653 - STARLINK-11086 [DTC],0.000,5400.000,0.0000%,0,
Contact STARLINK-31653 - STARLINK-30575,3831.116,1568.884,70.9466%,1,
Contact STARLINK-31653 - STARLINK-5475,0.000,5400.000,0.0000%,0,
Contact STARLINK-31653 - STARLINK-31992,0.000,5400.000,0.0000%,0,
Contact STARLINK-31653 - STARLINK-30715,5400.000,0.000,100.0000%,1,
Contact STARLINK-31653 - STARLINK-31276,0.000,5400.000,0.0000%,0,
Contact STARLINK-31653 - STARLINK-31091,0.000,5400.000,0.0000%,0,
Contact STARLINK-31653 - STARLINK-11130 [DTC],0.000,5400.000,0.0000%,0,
Contact STARLINK-31653 - STARLINK-30303,0.000,5400.000,0.0000%,0,
Contact STARLINK-31653 - STARLINK-6366,5400.000,0.000,100.0000%,1,
Contact STARLINK-31653 - STARLINK-4260,0.000,5400.000,0.0000%,0,
Contact STARLINK-31653 - STARLINK-4130,0.000,5400.000,0.0000%,0,
Contact STARLINK-31653 - STARLINK-1098,0.000,5400.000,0.0000%,0,
Contact STARLINK-31653 - STARLINK-32045,0.000,5400.000,0.0000%,0,
Contact STARLINK-31653 - STARLINK-31083,859.811,4540.189,15.9224%,1,
Contact STARLINK-31653 - STARLINK-4090,0.000,5400.000,0.0000%,0,
Contact STARLINK-31653 - STARLINK-2504,5400.000,0.000,100.0000%,1,
Contact STARLINK-31653 - STARLINK-6346,0.000,5400.000,0.0000%,0,
Contact STARLINK-31653 - STARLINK-30299,0.000,5400.000,0.0000%,0,
Contact STARLINK-31653 - STARLINK-5966,0.000,5400.000,0.0000%,0,
Contact STARLINK-31653 - STARLINK-31917,0.000,5400.000,0.0000%,0,
Contact STARLINK-31653 - STARLINK-30208,5400.000,0.000,100.0000%,1,
Contact STARLINK-31653 - STARLINK-3911,1709.988,3690.012,31.6664%,1,
Contact STARLINK-31653 - MoonARTEMIS1,3929.508,1470.492,72.7687%,1,
Contact STARLINK-31653 - MoonARTEMIS2,4051.685,1348.315,75.0312%,1,
Contact STARLINK-31653 - MoonIOAGEO,3941.918,1458.082,72.9985%,1,
Contact STARLINK-31653 - MoonIOAGNO,3972.337,1427.663,73.5618%,1,
Contact STARLINK-31653 - MoonIOAGNO 0001,3994.908,1405.092,73.9798%,1,
Contact STARLINK-31653 - MoonIOAGSO,3934.778,1465.222,72.8663%,1,
Contact STARLINK-31653 - MoonIOAGSO 0001,3932.929,1467.071,72.8320%,1,
Contact STARLINK-31653 - MoonLRO,1611.739,3788.261,29.8470%,1,
Contact STARLINK-31653 - MarsSat1,5400.000,0.000,100.0000%,1,
Contact STARLINK-31653 - MarsSat2,5400.000,0.000,100.0000%,1,
Contact STARLINK-31653 - MarsSat3,1973.962,3426.038,36.5549%,1,
Contact STARLINK-31653 - MarsSat4,5400.000,0.000,100.0000%,1,
Contact STARLINK-6338 - STARLINK-11086 [DTC],704.675,4695.325,13.0495%,1,
Contact STARLINK-6338 - STARLINK-30575,0.000,5400.000,0.0000%,0,
Contact STARLINK-6338 - STARLINK-5475,0.000,5400.000,0.0000%,0,
Contact STARLINK-6338 - STARLINK-31992,0.000,5400.000,0.0000%,0,
Contact STARLINK-6338 - STARLINK-30715,0.000,5400.000,0.0000%,0,
Contact STARLINK-6338 - STARLINK-31276,0.000,5400.000,0.0000%,0,
Contact STARLINK-6338 - STARLINK-31091,0.000,5400.000,0.0000%,0,
Contact STARLINK-6338 - STARLINK-11130 [DTC],0.000,5400.000,0.0000%,0,
Contact STARLINK-6338 - STARLINK-30303,0.000,5400.000,0.0000%,0,
Contact STARLINK-6338 - STARLINK-6366,0.000,5400.000,0.0000%,0,
Contact STARLINK-6338 - STARLINK-4260,0.000,5400.000,0.0000%,0,
Contact STARLINK-6338 - STARLINK-4130,0.000,5400.000,0.0000%,0,
Contact STARLINK-6338 - STARLINK-1098,0.000,5400.000,0.0000%,0,
Contact STARLINK-6338 - STARLINK-32045,0.000,5400.000,0.0000%,0,
Contact STARLINK-6338 - STARLINK-31083,0.000,5400.000,0.0000%,0,
Contact STARLINK-6338 - STARLINK-4090,0.000,5400.000,0.0000%,0,
Contact STARLINK-6338 - STARLINK-2504,0.000,5400.000,0.0000%,0,
Contact STARLINK-6338 - STARLINK-6346,0.000,5400.000,0.0000%,0,
Contact STARLINK-6338 - STARLINK-30299,0.000,5400.000,0.0000%,0,
Contact STARLINK-6338 - STARLINK-5966,0.000,5400.000,0.0000%,0,
Contact STARLINK-6338 - STARLINK-31917,0.000,5400.000,0.0000%,0,
Contact STARLINK-6338 - STARLINK-30208,0.000,5400.000,0.0000%,0,
Contact STARLINK-6338 - STARLINK-3911,0.000,5400.000,0.0000%,0,
Contact STARLINK-6338 - MoonARTEMIS1,3654.856,1745.144,67.6825%,1,
Contact STARLINK-6338 - MoonARTEMIS2,3690.601,1709.399,68.3445%,1,
Contact STARLINK-6338 - MoonIOAGEO,3661.931,1738.069,67.8135%,1,
Contact STARLINK-6338 - MoonIOAGNO,3669.056,1730.944,67.9455%,1,
Contact STARLINK-6338 - MoonIOAGNO 0001,3695.206,1704.794,68.4297%,1,
Contact STARLINK-6338 - MoonIOAGSO,3655.920,1744.080,67.7022%,1,
Contact STARLINK-6338 - MoonIOAGSO 0001,3637.308,1762.692,67.3576%,1,
Contact STARLINK-6338 - MoonLRO,3659.565,1740.435,67.7697%,1,
Contact STARLINK-6338 - MarsSat1,4779.618,620.382,88.5114%,1,
Contact STARLINK-6338 - MarsSat2,4779.327,620.673,88.5061%,1,
Contact STARLINK-6338 - MarsSat3,4652.352,747.648,86.1547%,1,
Contact STARLINK-6338 - MarsSat4,4779.528,620.472,88.5098%,1,
Contact STARLINK-11086 [DTC] - STARLINK-30575,0.000,5400.000,0.0000%,0,
Contact STARLINK-11086 [DTC] - STARLINK-5475,5400.000,0.000,100.0000%,1,
Contact STARLINK-11086 [DTC] - STARLINK-31992,0.000,5400.000,0.0000%,0,
Contact STARLINK-11086 [DTC] - STARLINK-30715,0.000,5400.000,0.0000%,0,
Contact STARLINK-11086 [DTC] - STARLINK-31276,0.000,5400.000,0.0000%,0,
Contact STARLINK-11086 [DTC] - STARLINK-31091,484.663,4915.337,8.9752%,1,
Contact STARLINK-11086 [DTC] - STARLINK-11130 [DTC],5400.000,0.000,100.0000%,1,
Contact STARLINK-11086 [DTC] - STARLINK-30303,0.000,5400.000,0.0000%,0,
Contact STARLINK-11086 [DTC] - STARLINK-6366,0.000,5400.000,0.0000%,0,
Contact STARLINK-11086 [DTC] - STARLINK-4260,666.424,4733.576,12.3412%,2,
Contact STARLINK-11086 [DTC] - STARLINK-4130,0.000,5400.000,0.0000%,0,
Contact STARLINK-11086 [DTC] - STARLINK-1098,0.000,5400.000,0.0000%,0,
Contact STARLINK-11086 [DTC] - STARLINK-32045,427.479,4972.521,7.9163%,1,
Contact STARLINK-11086 [DTC] - STARLINK-31083,0.000,5400.000,0.0000%,0,
Contact STARLINK-11086 [DTC] - STARLINK-4090,0.000,5400.000,0.0000%,0,
Contact STARLINK-11086 [DTC] - STARLINK-2504,0.000,5400.000,0.0000%,0,
Contact STARLINK-11086 [DTC] - STARLINK-6346,0.000,5400.000,0.0000%,0,
Contact STARLINK-11086 [DTC] - STARLINK-30299,0.000,5400.000,0.0000%,0,
Contact STARLINK-11086 [DTC] - STARLINK-5966,0.000,5400.000,0.0000%,0,
Contact STARLINK-11086 [DTC] - STARLINK-31917,686.251,4713.749,12.7083%,1,
Contact STARLINK-11086 [DTC] - STARLINK-30208,0.000,5400.000,0.0000%,0,
Contact STARLINK-11086 [DTC] - STARLINK-3911,0.000,5400.000,0.0000%,0,
Contact STARLINK-11086 [DTC] - MoonARTEMIS1,3280.365,2119.635,60.7475%,2,
Contact STARLINK-11086 [DTC] - MoonARTEMIS2,3257.798,2142.202,60.3296%,2,
Contact STARLINK-11086 [DTC] - MoonIOAGEO,3278.022,2121.978,60.7041%,2,
Contact STARLINK-11086 [DTC] - MoonIOAGNO,3280.694,2119.306,60.7536%,2,
Contact STARLINK-11086 [DTC] - MoonIOAGNO 0001,3276.195,2123.805,60.6703%,2,
Contact STARLINK-11086 [DTC] - MoonIOAGSO,3269.875,2130.125,60.5532%,2,
Contact STARLINK-11086 [DTC] - MoonIOAGSO 0001,3267.324,2132.676,60.5060%,2,
Contact STARLINK-11086 [DTC] - MoonLRO,1612.233,3787.767,29.8562%,2,
Contact STARLINK-11086 [DTC] - MarsSat1,4602.317,797.683,85.2281%,1,
Contact STARLINK-11086 [DTC] - MarsSat2,4602.497,797.503,85.2314%,1,
Contact STARLINK-11086 [DTC] - MarsSat3,4602.403,797.597,85.2297%,1,
Contact STARLINK-11086 [DTC] - MarsSat4,4602.378,797.622,85.2292%,1,
Contact STARLINK-30575 - STARLINK-5475,0.000,5400.000,0.0000%,0,
Contact STARLINK-30575 - STARLINK-31992,4580.397,819.603,84.8222%,1,
Contact STARLINK-30575 - STARLINK-30715,0.000,5400.000,0.0000%,0,
Contact STARLINK-30575 - STARLINK-31276,0.000,5400.000,0.0000%,0,
Contact STARLINK-30575 - STARLINK-31091,0.000,5400.000,0.0000%,0,
Contact STARLINK-30575 - STARLINK-11130 [DTC],0.000,5400.000,0.0000%,0,
Contact STARLINK-30575 - STARLINK-30303,1048.511,4351.489,19.4169%,1,
Contact STARLINK-30575 - STARLINK-6366,0.000,5400.000,0.0000%,0,
Contact STARLINK-30575 - STARLINK-4260,0.000,5400.000,0.0000%,0,
Contact STARLINK-30575 - STARLINK-4130,0.000,5400.000,0.0000%,0,
Contact STARLINK-30575 - STARLINK-1098,0.000,5400.000,0.0000%,0,
Contact STARLINK-30575 - STARLINK-32045,0.000,5400.000,0.0000%,0,
Contact STARLINK-30575 - STARLINK-31083,386.996,5013.004,7.1666%,1,
Contact STARLINK-30575 - STARLINK-4090,0.000,5400.000,0.0000%,0,
Contact STARLINK-30575 - STARLINK-2504,1412.307,3987.693,26.1538%,1,
Contact STARLINK-30575 - STARLINK-6346,1339.202,4060.798,24.8000%,1,
Contact STARLINK-30575 - STARLINK-30299,4652.051,747.949,86.1491%,2,
Contact STARLINK-30575 - STARLINK-5966,0.000,5400.000,0.0000%,0,
Contact STARLINK-30575 - STARLINK-31917,0.000,5400.000,0.0000%,0,
Contact STARLINK-30575 - STARLINK-30208,0.000,5400.000,0.0000%,0,
Contact STARLINK-30575 - STARLINK-3911,5400.000,0.000,100.0000%,1,
Contact STARLINK-30575 - MoonARTEMIS1,3596.962,1803.038,66.6104%,1,
Contact STARLINK-30575 - MoonARTEMIS2,3598.849,1801.151,66.6453%,1,
Contact STARLINK-30575 - MoonIOAGEO,3590.969,1809.031,66.4994%,1,
Contact STARLINK-30575 - MoonIOAGNO,3600.894,1799.106,66.6832%,1,
Contact STARLINK-30575 - MoonIOAGNO 0001,3591.532,1808.468,66.5099%,1,
Contact STARLINK-30575 - MoonIOAGSO,3589.055,1810.945,66.4640%,1,
Contact STARLINK-30575 - MoonIOAGSO 0001,3594.905,1805.095,66.5723%,1,
Contact STARLINK-30575 - MoonLRO,877.369,4522.631,16.2476%,1,
Contact STARLINK-30575 - MarsSat1,5400.000,0.000,100.0000%,1,
Contact STARLINK-30575 - MarsSat2,5400.000,0.000,100.0000%,1,
Contact STARLINK-30575 - MarsSat3,2552.212,2847.788,47.2632%,1,
Contact STARLINK-30575 - MarsSat4,5400.000,0.000,100.0000%,1,
Contact STARLINK-5475 - STARLINK-31992,0.000,5400.000,0.0000%,0,
Contact STARLINK-5475 - STARLINK-30715,0.000,5400.000,0.0000%,0,
Contact STARLINK-5475 - STARLINK-31276,527.746,4872.254,9.7731%,1,
Contact STARLINK-5475 - STARLINK-31091,0.000,5400.000,0.0000%,0,
Contact STARLINK-5475 - STARLINK-11130 [DTC],5400.000,0.000,100.0000%,1,
Contact STARLINK-5475 - STARLINK-30303,0.000,5400.000,0.0000%,0,
Contact STARLINK-5475 - STARLINK-6366,0.000,5400.000,0.0000%,0,
Contact STARLINK-5475 - STARLINK-4260,456.892,4943.108,8.4610%,1,
Contact STARLINK-5475 - STARLINK-4130,0.000,5400.000,0.0000%,0,
Contact STARLINK-5475 - STARLINK-1098,0.000,5400.000,0.0000%,0,
Contact STARLINK-5475 - STARLINK-32045,441.197,4958.803,8.1703%,1,
Contact STARLINK-5475 - STARLINK-31083,0.000,5400.000,0.0000%,0,
Contact STARLINK-5475 - STARLINK-4090,0.000,5400.000,0.0000%,0,
Contact STARLINK-5475 - STARLINK-2504,0.000,5400.000,0.0000%,0,
Contact STARLINK-5475 - STARLINK-6346,0.000,5400.000,0.0000%,0,
Contact STARLINK-5475 - STARLINK-30299,0.000,5400.000,0.0000%,0,
Contact STARLINK-5475 - STARLINK-5966,0.000,5400.000,0.0000%,0,
Contact STARLINK-5475 - STARLINK-31917,0.000,5400.000,0.0000%,0,
Contact STARLINK-5475 - STARLINK-30208,0.000,5400.000,0.0000%,0,
Contact STARLINK-5475 - STARLINK-3911,0.000,5400.000,0.0000%,0,
Contact STARLINK-5475 - MoonARTEMIS1,3241.121,2158.879,60.0208%,2,
Contact STARLINK-5475 - MoonARTEMIS2,3244.265,2155.735,60.0790%,2,
Contact STARLINK-5475 - MoonIOAGEO,3242.996,2157.004,60.0555%,2,
Contact STARLINK-5475 - MoonIOAGNO,3245.927,2154.073,60.1098%,2,
Contact STARLINK-5475 - MoonIOAGNO 0001,3241.487,2158.513,60.0275%,2,
Contact STARLINK-5475 - MoonIOAGSO,3238.745,2161.255,59.9768%,2,
Contact STARLINK-5475 - MoonIOAGSO 0001,3244.246,2155.754,60.0786%,2,
Contact STARLINK-5475 - MoonLRO,1564.799,3835.201,28.9778%,2,
Contact STARLINK-5475 - MarsSat1,3763.792,1636.208,69.6998%,1,
Contact STARLINK-5475 - MarsSat2,3763.956,1636.044,69.7029%,1,
Contact STARLINK-5475 - MarsSat3,3763.833,1636.167,69.7006%,1,
Contact STARLINK-5475 - MarsSat4,3763.848,1636.152,69.7009%,1,
Contact STARLINK-31992 - STARLINK-30715,589.811,4810.189,10.9224%,1,
Contact STARLINK-31992 - STARLINK-31276,0.000,5400.000,0.0000%,0,
Contact STARLINK-31992 - STARLINK-31091,0.000,5400.000,0.0000%,0,
Contact STARLINK-31992 - STARLINK-11130 [DTC],0.000,5400.000,0.0000%,0,
Contact STARLINK-31992 - STARLINK-30303,0.000,5400.000,0.0000%,0,
Contact STARLINK-31992 - STARLINK-6366,412.010,4987.990,7.6298%,1,
Contact STARLINK-31992 - STARLINK-4260,0.000,5400.000,0.0000%,0,
Contact STARLINK-31992 - STARLINK-4130,0.000,5400.000,0.0000%,0,
Contact STARLINK-31992 - STARLINK-1098,0.000,5400.000,0.0000%,0,
Contact STARLINK-31992 - STARLINK-32045,0.000,5400.000,0.0000%,0,
Contact STARLINK-31992 - STARLINK-31083,0.000,5400.000,0.0000%,0,
Contact STARLINK-31992 - STARLINK-4090,0.000,5400.000,0.0000%,0,
Contact STARLINK-31992 - STARLINK-2504,0.000,5400.000,0.0000%,0,
Contact STARLINK-31992 - STARLINK-6346,5400.000,0.000,100.0000%,1,
Contact STARLINK-31992 - STARLINK-30299,0.000,5400.000,0.0000%,0,
Contact STARLINK-31992 - STARLINK-5966,0.000,5400.000,0.0000%,0,
Contact STARLINK-31992 - STARLINK-31917,0.000,5400.000,0.0000%,0,
Contact STARLINK-31992 - STARLINK-30208,0.000,5400.000,0.0000%,0,
Contact STARLINK-31992 - STARLINK-3911,5400.000,0.000,100.0000%,1,
Contact STARLINK-31992 - MoonARTEMIS1,3780.901,1619.099,70.0167%,1,
Contact STARLINK-31992 - MoonARTEMIS2,3880.629,1519.371,71.8635%,1,
Contact STARLINK-31992 - MoonIOAGEO,3796.260,1603.740,70.3011%,1,
Contact STARLINK-31992 - MoonIOAGNO,3812.697,1587.303,70.6055%,1,
Contact STARLINK-31992 - MoonIOAGNO 0001,3816.888,1583.112,70.6831%,1,
Contact STARLINK-31992 - MoonIOAGSO,3792.292,1607.708,70.2276%,1,
Contact STARLINK-31992 - MoonIOAGSO 0001,3812.306,1587.694,70.5983%,1,
Contact STARLINK-31992 - MoonLRO,469.529,4930.471,8.6950%,1,
Contact STARLINK-31992 - MarsSat1,5400.000,0.000,100.0000%,1,
Contact STARLINK-31992 - MarsSat2,5400.000,0.000,100.0000%,1,
Contact STARLINK-31992 - MarsSat3,2766.143,2633.857,51.2249%,1,
Contact STARLINK-31992 - MarsSat4,5400.000,0.000,100.0000%,1,
Contact STARLINK-30715 - STARLINK-31276,0.000,5400.000,0.0000%,0,
Contact STARLINK-30715 - STARLINK-31091,0.000,5400.000,0.0000%,0,
Contact STARLINK-30715 - STARLINK-11130 [DTC],0.000,5400.000,0.0000%,0,
Contact STARLINK-30715 - STARLINK-30303,0.000,5400.000,0.0000%,0,
Contact STARLINK-30715 - STARLINK-6366,5400.000,0.000,100.0000%,1,
Contact STARLINK-30715 - STARLINK-4260,0.000,5400.000,0.0000%,0,
Contact STARLINK-30715 - STARLINK-4130,0.000,5400.000,0.0000%,0,
Contact STARLINK-30715 - STARLINK-1098,0.000,5400.000,0.0000%,0,
Contact STARLINK-30715 - STARLINK-32045,0.000,5400.000,0.0000%,0,
Contact STARLINK-30715 - STARLINK-31083,0.000,5400.000,0.0000%,0,
Contact STARLINK-30715 - STARLINK-4090,0.000,5400.000,0.0000%,0,
Contact STARLINK-30715 - STARLINK-2504,5371.331,28.669,99.4691%,1,
Contact STARLINK-30715 - STARLINK-6346,0.000,5400.000,0.0000%,0,
Contact STARLINK-30715 - STARLINK-30299,0.000,5400.000,0.0000%,0,
Contact STARLINK-30715 - STARLINK-5966,0.000,5400.000,0.0000%,0,
Contact STARLINK-30715 - STARLINK-31917,0.000,5400.000,0.0000%,0,
Contact STARLINK-30715 - STARLINK-30208,5400.000,0.000,100.0000%,1,
Contact STARLINK-30715 - STARLINK-3911,1558.948,3841.052,28.8694%,1,
Contact STARLINK-30715 - MoonARTEMIS1,5400.000,0.000,100.0000%,1,
Contact STARLINK-30715 - MoonARTEMIS2,5400.000,0.000,100.0000%,1,
Contact STARLINK-30715 - MoonIOAGEO,5400.000,0.000,100.0000%,1,
Contact STARLINK-30715 - MoonIOAGNO,5400.000,0.000,100.0000%,1,
Contact STARLINK-30715 - MoonIOAGNO 0001,5400.000,0.000,100.0000%,1,
Contact STARLINK-30715 - MoonIOAGSO,5400.000,0.000,100.0000%,1,
Contact STARLINK-30715 - MoonIOAGSO 0001,5400.000,0.000,100.0000%,1,
Contact STARLINK-30715 - MoonLRO,5400.000,0.000,100.0000%,1,
Contact STARLINK-30715 - MarsSat1,5400.000,0.000,100.0000%,1,
Contact STARLINK-30715 - MarsSat2,5400.000,0.000,100.0000%,1,
Contact STARLINK-30715 - MarsSat3,2191.575,3208.425,40.5847%,1,
Contact STARLINK-30715 - MarsSat4,5400.000,0.000,100.0000%,1,
Contact STARLINK-31276 - STARLINK-31091,0.000,5400.000,0.0000%,0,
Contact STARLINK-31276 - STARLINK-11130 [DTC],0.000,5400.000,0.0000%,0,
Contact STARLINK-31276 - STARLINK-30303,0.000,5400.000,0.0000%,0,
Contact STARLINK-31276 - STARLINK-6366,0.000,5400.000,0.0000%,0,
Contact STARLINK-31276 - STARLINK-4260,0.000,5400.000,0.0000%,0,
Contact STARLINK-31276 - STARLINK-4130,2.355,5397.645,0.0436%,1,
Contact STARLINK-31276 - STARLINK-1098,0.000,5400.000,0.0000%,0,
Contact STARLINK-31276 - STARLINK-32045,0.000,5400.000,0.0000%,0,
Contact STARLINK-31276 - STARLINK-31083,0.000,5400.000,0.0000%,0,
Contact STARLINK-31276 - STARLINK-4090,0.000,5400.000,0.0000%,0,
Contact STARLINK-31276 - STARLINK-2504,0.000,5400.000,0.0000%,0,
Contact STARLINK-31276 - STARLINK-6346,5400.000,0.000,100.0000%,1,
Contact STARLINK-31276 - STARLINK-30299,0.000,5400.000,0.0000%,0,
Contact STARLINK-31276 - STARLINK-5966,0.000,5400.000,0.0000%,0,
Contact STARLINK-31276 - STARLINK-31917,0.000,5400.000,0.0000%,0,
Contact STARLINK-31276 - STARLINK-30208,0.000,5400.000,0.0000%,0,
Contact STARLINK-31276 - STARLINK-3911,0.000,5400.000,0.0000%,0,
Contact STARLINK-31276 - MoonARTEMIS1,3432.790,1967.210,63.5702%,2,
Contact STARLINK-31276 - MoonARTEMIS2,3488.412,1911.588,64.6002%,2,
Contact STARLINK-31276 - MoonIOAGEO,3445.213,1954.787,63.8002%,2,
Contact STARLINK-31276 - MoonIOAGNO,3442.146,1957.854,63.7434%,2,
Contact STARLINK-31276 - MoonIOAGNO 0001,3465.231,1934.769,64.1709%,2,
Contact STARLINK-31276 - MoonIOAGSO,3449.386,1950.614,63.8775%,2,
Contact STARLINK-31276 - MoonIOAGSO 0001,3444.092,1955.908,63.7795%,2,
Contact STARLINK-31276 - MoonLRO,1556.935,3843.065,28.8321%,2,
Contact STARLINK-31276 - MarsSat1,3512.248,1887.752,65.0416%,1,
Contact STARLINK-31276 - MarsSat2,3512.247,1887.753,65.0416%,1,
Contact STARLINK-31276 - MarsSat3,3512.243,1887.757,65.0415%,1,
Contact STARLINK-31276 - MarsSat4,3512.264,1887.736,65.0419%,1,
Contact STARLINK-31091 - STARLINK-11130 [DTC],765.087,4634.913,14.1683%,1,
Contact STARLINK-31091 - STARLINK-30303,0.000,5400.000,0.0000%,0,
Contact STARLINK-31091 - STARLINK-6366,0.000,5400.000,0.0000%,0,
Contact STARLINK-31091 - STARLINK-4260,0.000,5400.000,0.0000%,0,
Contact STARLINK-31091 - STARLINK-4130,5400.000,0.000,100.0000%,1,
Contact STARLINK-31091 - STARLINK-1098,0.000,5400.000,0.0000%,0,
Contact STARLINK-31091 - STARLINK-32045,0.000,5400.000,0.0000%,0,
Contact STARLINK-31091 - STARLINK-31083,0.000,5400.000,0.0000%,0,
Contact STARLINK-31091 - STARLINK-4090,0.000,5400.000,0.0000%,0,
Contact STARLINK-31091 - STARLINK-2504,0.000,5400.000,0.0000%,0,
Contact STARLINK-31091 - STARLINK-6346,0.000,5400.000,0.0000%,0,
Contact STARLINK-31091 - STARLINK-30299,0.000,5400.000,0.0000%,0,
Contact STARLINK-31091 - STARLINK-5966,0.000,5400.000,0.0000%,0,
Contact STARLINK-31091 - STARLINK-31917,5400.000,0.000,100.0000%,1,
Contact STARLINK-31091 - STARLINK-30208,0.000,5400.000,0.0000%,0,
Contact STARLINK-31091 - STARLINK-3911,0.000,5400.000,0.0000%,0,
Contact STARLINK-31091 - MoonARTEMIS1,3218.545,2181.455,59.6027%,2,
Contact STARLINK-31091 - MoonARTEMIS2,3217.119,2182.881,59.5763%,2,
Contact STARLINK-31091 - MoonIOAGEO,3222.161,2177.839,59.6697%,2,
Contact STARLINK-31091 - MoonIOAGNO,3216.869,2183.131,59.5716%,2,
Contact STARLINK-31091 - MoonIOAGNO 0001,3219.444,2180.556,59.6193%,2,
Contact STARLINK-31091 - MoonIOAGSO,3222.546,2177.454,59.6768%,2,
Contact STARLINK-31091 - MoonIOAGSO 0001,3222.659,2177.341,59.6789%,2,
Contact STARLINK-31091 - MoonLRO,2493.023,2906.977,46.1671%,2,
Contact STARLINK-31091 - MarsSat1,3462.591,1937.409,64.1221%,1,
Contact STARLINK-31091 - MarsSat2,3462.617,1937.383,64.1225%,1,
Contact STARLINK-31091 - MarsSat3,3130.672,2269.328,57.9754%,1,
Contact STARLINK-31091 - MarsSat4,3462.611,1937.389,64.1224%,1,
Contact STARLINK-11130 [DTC] - STARLINK-30303,0.000,5400.000,0.0000%,0,
Contact STARLINK-11130 [DTC] - STARLINK-6366,0.000,5400.000,0.0000%,0,
Contact STARLINK-11130 [DTC] - STARLINK-4260,643.024,4756.976,11.9078%,2,
Contact STARLINK-11130 [DTC] - STARLINK-4130,892.550,4507.450,16.5287%,1,
Contact STARLINK-11130 [DTC] - STARLINK-1098,0.000,5400.000,0.0000%,0,
Contact STARLINK-11130 [DTC] - STARLINK-32045,822.801,4577.199,15.2371%,1,
Contact STARLINK-11130 [DTC] - STARLINK-31083,0.000,5400.000,0.0000%,0,
Contact STARLINK-11130 [DTC] - STARLINK-4090,0.000,5400.000,0.0000%,0,
Contact STARLINK-11130 [DTC] - STARLINK-2504,0.000,5400.000,0.0000%,0,
Contact STARLINK-11130 [DTC] - STARLINK-6346,0.000,5400.000,0.0000%,0,
Contact STARLINK-11130 [DTC] - STARLINK-30299,0.000,5400.000,0.0000%,0,
Contact STARLINK-11130 [DTC] - STARLINK-5966,0.000,5400.000,0.0000%,0,
Contact STARLINK-11130 [DTC] - STARLINK-31917,785.044,4614.956,14.5379%,1,
Contact STARLINK-11130 [DTC] - STARLINK-30208,0.000,5400.000,0.0000%,0,
Contact STARLINK-11130 [DTC] - STARLINK-3911,0.000,5400.000,0.0000%,0,
Contact STARLINK-11130 [DTC] - MoonARTEMIS1,3219.759,2180.241,59.6252%,2,
Contact STARLINK-11130 [DTC] - MoonARTEMIS2,3210.542,2189.458,59.4545%,2,
Contact STARLINK-11130 [DTC] - MoonIOAGEO,3220.055,2179.945,59.6306%,2,
Contact STARLINK-11130 [DTC] - MoonIOAGNO,3222.239,2177.761,59.6711%,2,
Contact STARLINK-11130 [DTC] - MoonIOAGNO 0001,3218.600,2181.400,59.6037%,2,
Contact STARLINK-11130 [DTC] - MoonIOAGSO,3214.161,2185.839,59.5215%,2,
Contact STARLINK-11130 [DTC] - MoonIOAGSO 0001,3215.241,2184.759,59.5415%,2,
Contact STARLINK-11130 [DTC] - MoonLRO,2029.589,3370.411,37.5850%,2,
Contact STARLINK-11130 [DTC] - MarsSat1,3839.146,1560.854,71.0953%,1,
Contact STARLINK-11130 [DTC] - MarsSat2,3839.176,1560.824,71.0959%,1,
Contact STARLINK-11130 [DTC] - MarsSat3,3839.194,1560.806,71.0962%,1,
Contact STARLINK-11130 [DTC] - MarsSat4,3839.126,1560.874,71.0949%,1,
Contact STARLINK-30303 - STARLINK-6366,0.000,5400.000,0.0000%,0,
Contact STARLINK-30303 - STARLINK-4260,0.000,5400.000,0.0000%,0,
Contact STARLINK-30303 - STARLINK-4130,0.000,5400.000,0.0000%,0,
Contact STARLINK-30303 - STARLINK-1098,0.000,5400.000,0.0000%,0,
Contact STARLINK-30303 - STARLINK-32045,0.000,5400.000,0.0000%,0,
Contact STARLINK-30303 - STARLINK-31083,5400.000,0.000,100.0000%,1,
Contact STARLINK-30303 - STARLINK-4090,0.000,5400.000,0.0000%,0,
Contact STARLINK-30303 - STARLINK-2504,733.562,4666.438,13.5845%,1,
Contact STARLINK-30303 - STARLINK-6346,0.000,5400.000,0.0000%,0,
Contact STARLINK-30303 - STARLINK-30299,5400.000,0.000,100.0000%,1,
Contact STARLINK-30303 - STARLINK-5966,0.000,5400.000,0.0000%,0,
Contact STARLINK-30303 - STARLINK-31917,0.000,5400.000,0.0000%,0,
Contact STARLINK-30303 - STARLINK-30208,0.000,5400.000,0.0000%,0,
Contact STARLINK-30303 - STARLINK-3911,0.000,5400.000,0.0000%,0,
Contact STARLINK-30303 - MoonARTEMIS1,3550.088,1849.912,65.7424%,1,
Contact STARLINK-30303 - MoonARTEMIS2,3547.629,1852.371,65.6968%,1,
Contact STARLINK-30303 - MoonIOAGEO,3541.091,1858.909,65.5758%,1,
Contact STARLINK-30303 - MoonIOAGNO,3545.398,1854.602,65.6555%,1,
Contact STARLINK-30303 - MoonIOAGNO 0001,3534.697,1865.303,65.4574%,1,
Contact STARLINK-30303 - MoonIOAGSO,3547.779,1852.221,65.6996%,1,
Contact STARLINK-30303 - MoonIOAGSO 0001,3555.291,1844.709,65.8387%,1,
Contact STARLINK-30303 - MoonLRO,1203.927,4196.073,22.2949%,1,
Contact STARLINK-30303 - MarsSat1,5400.000,0.000,100.0000%,1,
Contact STARLINK-30303 - MarsSat2,5400.000,0.000,100.0000%,1,
Contact STARLINK-30303 - MarsSat3,2211.013,3188.987,40.9447%,1,
Contact STARLINK-30303 - MarsSat4,5400.000,0.000,100.0000%,1,
Contact STARLINK-6366 - STARLINK-4260,0.000,5400.000,0.0000%,0,
Contact STARLINK-6366 - STARLINK-4130,0.000,5400.000,0.0000%,0,
Contact STARLINK-6366 - STARLINK-1098,0.000,5400.000,0.0000%,0,
Contact STARLINK-6366 - STARLINK-32045,0.000,5400.000,0.0000%,0,
Contact STARLINK-6366 - STARLINK-31083,0.000,5400.000,0.0000%,0,
Contact STARLINK-6366 - STARLINK-4090,0.000,5400.000,0.0000%,0,
Contact STARLINK-6366 - STARLINK-2504,1100.382,4299.618,20.3775%,1,
Contact STARLINK-6366 - STARLINK-6346,0.000,5400.000,0.0000%,0,
Contact STARLINK-6366 - STARLINK-30299,0.000,5400.000,0.0000%,0,
Contact STARLINK-6366 - STARLINK-5966,0.000,5400.000,0.0000%,0,
Contact STARLINK-6366 - STARLINK-31917,0.000,5400.000,0.0000%,0,
Contact STARLINK-6366 - STARLINK-30208,5400.000,0.000,100.0000%,1,
Contact STARLINK-6366 - STARLINK-3911,723.407,4676.593,13.3964%,1,
Contact STARLINK-6366 - MoonARTEMIS1,5400.000,0.000,100.0000%,1,
Contact STARLINK-6366 - MoonARTEMIS2,5400.000,0.000,100.0000%,1,
Contact STARLINK-6366 - MoonIOAGEO,5400.000,0.000,100.0000%,1,
Contact STARLINK-6366 - MoonIOAGNO,5400.000,0.000,100.0000%,1,
Contact STARLINK-6366 - MoonIOAGNO 0001,5400.000,0.000,100.0000%,1,
Contact STARLINK-6366 - MoonIOAGSO,5400.000,0.000,100.0000%,1,
Contact STARLINK-6366 - MoonIOAGSO 0001,5400.000,0.000,100.0000%,1,
Contact STARLINK-6366 - MoonLRO,5400.000,0.000,100.0000%,1,
Contact STARLINK-6366 - MarsSat1,4308.417,1091.583,79.7855%,2,
Contact STARLINK-6366 - MarsSat2,4308.146,1091.854,79.7805%,2,
Contact STARLINK-6366 - MarsSat3,1730.349,3669.651,32.0435%,1,
Contact STARLINK-6366 - MarsSat4,4308.248,1091.752,79.7824%,2,
Contact STARLINK-4260 - STARLINK-4130,0.000,5400.000,0.0000%,0,
Contact STARLINK-4260 - STARLINK-1098,0.000,5400.000,0.0000%,0,
Contact STARLINK-4260 - STARLINK-32045,746.694,4653.306,13.8277%,1,
Contact STARLINK-4260 - STARLINK-31083,0.000,5400.000,0.0000%,0,
Contact STARLINK-4260 - STARLINK-4090,0.000,5400.000,0.0000%,0,
Contact STARLINK-4260 - STARLINK-2504,0.000,5400.000,0.0000%,0,
Contact STARLINK-4260 - STARLINK-6346,0.000,5400.000,0.0000%,0,
Contact STARLINK-4260 - STARLINK-30299,0.000,5400.000,0.0000%,0,
Contact STARLINK-4260 - STARLINK-5966,4151.775,1248.225,76.8847%,1,
Contact STARLINK-4260 - STARLINK-31917,4661.746,738.254,86.3286%,1,
Contact STARLINK-4260 - STARLINK-30208,0.000,5400.000,0.0000%,0,
Contact STARLINK-4260 - STARLINK-3911,0.000,5400.000,0.0000%,0,
Contact STARLINK-4260 - MoonARTEMIS1,5400.000,0.000,100.0000%,1,
Contact STARLINK-4260 - MoonARTEMIS2,5400.000,0.000,100.0000%,1,
Contact STARLINK-4260 - MoonIOAGEO,5400.000,0.000,100.0000%,1,
Contact STARLINK-4260 - MoonIOAGNO,5400.000,0.000,100.0000%,1,
Contact STARLINK-4260 - MoonIOAGNO 0001,5400.000,0.000,100.0000%,1,
Contact STARLINK-4260 - MoonIOAGSO,5400.000,0.000,100.0000%,1,
Contact STARLINK-4260 - MoonIOAGSO 0001,5400.000,0.000,100.0000%,1,
Contact STARLINK-4260 - MoonLRO,5400.000,0.000,100.0000%,1,
Contact STARLINK-4260 - MarsSat1,3590.365,1809.635,66.4882%,1,
Contact STARLINK-4260 - MarsSat2,3590.372,1809.628,66.4884%,1,
Contact STARLINK-4260 - MarsSat3,2871.362,2528.638,53.1734%,1,
Contact STARLINK-4260 - MarsSat4,3590.391,1809.609,66.4887%,1,
Contact STARLINK-4130 - STARLINK-1098,0.000,5400.000,0.0000%,0,
Contact STARLINK-4130 - STARLINK-32045,0.000,5400.000,0.0000%,0,
Contact STARLINK-4130 - STARLINK-31083,0.000,5400.000,0.0000%,0,
Contact STARLINK-4130 - STARLINK-4090,0.000,5400.000,0.0000%,0,
Contact STARLINK-4130 - STARLINK-2504,0.000,5400.000,0.0000%,0,
Contact STARLINK-4130 - STARLINK-6346,0.000,5400.000,0.0000%,0,
Contact STARLINK-4130 - STARLINK-30299,0.000,5400.000,0.0000%,0,
Contact STARLINK-4130 - STARLINK-5966,0.000,5400.000,0.0000%,0,
Contact STARLINK-4130 - STARLINK-31917,4920.849,479.151,91.1268%,2,
Contact STARLINK-4130 - STARLINK-30208,0.000,5400.000,0.0000%,0,
Contact STARLINK-4130 - STARLINK-3911,0.000,5400.000,0.0000%,0,
Contact STARLINK-4130 - MoonARTEMIS1,3299.607,2100.393,61.1038%,2,
Contact STARLINK-4130 - MoonARTEMIS2,3292.607,2107.393,60.9742%,2,
Contact STARLINK-4130 - MoonIOAGEO,3302.402,2097.598,61.1556%,2,
Contact STARLINK-4130 - MoonIOAGNO,3295.783,2104.217,61.0330%,2,
Contact STARLINK-4130 - MoonIOAGNO 0001,3294.596,2105.404,61.0110%,2,
Contact STARLINK-4130 - MoonIOAGSO,3303.762,2096.238,61.1808%,2,
Contact STARLINK-4130 - MoonIOAGSO 0001,3307.190,2092.810,61.2443%,2,
Contact STARLINK-4130 - MoonLRO,2332.499,3067.501,43.1944%,2,
Contact STARLINK-4130 - MarsSat1,3653.071,1746.929,67.6495%,1,
Contact STARLINK-4130 - MarsSat2,3653.101,1746.899,67.6500%,1,
Contact STARLINK-4130 - MarsSat3,3361.261,2038.739,62.2456%,1,
Contact STARLINK-4130 - MarsSat4,3653.089,1746.911,67.6498%,1,
Contact STARLINK-1098 - STARLINK-32045,0.000,5400.000,0.0000%,0,
Contact STARLINK-1098 - STARLINK-31083,0.000,5400.000,0.0000%,0,
Contact STARLINK-1098 - STARLINK-4090,745.369,4654.631,13.8031%,1,
Contact STARLINK-1098 - STARLINK-2504,0.000,5400.000,0.0000%,0,
Contact STARLINK-1098 - STARLINK-6346,0.000,5400.000,0.0000%,0,
Contact STARLINK-1098 - STARLINK-30299,0.000,5400.000,0.0000%,0,
Contact STARLINK-1098 - STARLINK-5966,679.429,4720.571,12.5820%,2,
Contact STARLINK-1098 - STARLINK-31917,0.000,5400.000,0.0000%,0,
Contact STARLINK-1098 - STARLINK-30208,0.000,5400.000,0.0000%,0,
Contact STARLINK-1098 - STARLINK-3911,0.000,5400.000,0.0000%,0,
Contact STARLINK-1098 - MoonARTEMIS1,5400.000,0.000,100.0000%,1,
Contact STARLINK-1098 - MoonARTEMIS2,5400.000,0.000,100.0000%,1,
Contact STARLINK-1098 - MoonIOAGEO,5400.000,0.000,100.0000%,1,
Contact STARLINK-1098 - MoonIOAGNO,5400.000,0.000,100.0000%,1,
Contact STARLINK-1098 - MoonIOAGNO 0001,5400.000,0.000,100.0000%,1,
Contact STARLINK-1098 - MoonIOAGSO,5400.000,0.000,100.0000%,1,
Contact STARLINK-1098 - MoonIOAGSO 0001,5400.000,0.000,100.0000%,1,
Contact STARLINK-1098 - MoonLRO,5400.000,0.000,100.0000%,1,
Contact STARLINK-1098 - MarsSat1,5400.000,0.000,100.0000%,1,
Contact STARLINK-1098 - MarsSat2,5400.000,0.000,100.0000%,1,
Contact STARLINK-1098 - MarsSat3,4651.329,748.671,86.1357%,1,
Contact STARLINK-1098 - MarsSat4,5400.000,0.000,100.0000%,1,
Contact STARLINK-32045 - STARLINK-31083,0.000,5400.000,0.0000%,0,
Contact STARLINK-32045 - STARLINK-4090,701.028,4698.972,12.9820%,2,
Contact STARLINK-32045 - STARLINK-2504,0.000,5400.000,0.0000%,0,
Contact STARLINK-32045 - STARLINK-6346,0.000,5400.000,0.0000%,0,
Contact STARLINK-32045 - STARLINK-30299,0.000,5400.000,0.0000%,0,
Contact STARLINK-32045 - STARLINK-5966,1127.523,4272.477,20.8801%,1,
Contact STARLINK-32045 - STARLINK-31917,0.000,5400.000,0.0000%,0,
Contact STARLINK-32045 - STARLINK-30208,0.000,5400.000,0.0000%,0,
Contact STARLINK-32045 - STARLINK-3911,0.000,5400.000,0.0000%,0,
Contact STARLINK-32045 - MoonARTEMIS1,5400.000,0.000,100.0000%,1,
Contact STARLINK-32045 - MoonARTEMIS2,5400.000,0.000,100.0000%,1,
Contact STARLINK-32045 - MoonIOAGEO,5400.000,0.000,100.0000%,1,
Contact STARLINK-32045 - MoonIOAGNO,5400.000,0.000,100.0000%,1,
Contact STARLINK-32045 - MoonIOAGNO 0001,5400.000,0.000,100.0000%,1,
Contact STARLINK-32045 - MoonIOAGSO,5400.000,0.000,100.0000%,1,
Contact STARLINK-32045 - MoonIOAGSO 0001,5400.000,0.000,100.0000%,1,
Contact STARLINK-32045 - MoonLRO,5400.000,0.000,100.0000%,1,
Contact STARLINK-32045 - MarsSat1,3304.995,2095.005,61.2036%,2,
Contact STARLINK-32045 - MarsSat2,3304.971,2095.029,61.2032%,2,
Contact STARLINK-32045 - MarsSat3,441.010,4958.990,8.1668%,1,
Contact STARLINK-32045 - MarsSat4,3304.979,2095.021,61.2033%,2,
Contact STARLINK-31083 - STARLINK-4090,412.085,4987.915,7.6312%,1,
Contact STARLINK-31083 - STARLINK-2504,800.849,4599.151,14.8305%,2,
Contact STARLINK-31083 - STARLINK-6346,0.000,5400.000,0.0000%,0,
Contact STARLINK-31083 - STARLINK-30299,5400.000,0.000,100.0000%,1,
Contact STARLINK-31083 - STARLINK-5966,0.000,5400.000,0.0000%,0,
Contact STARLINK-31083 - STARLINK-31917,0.000,5400.000,0.0000%,0,
Contact STARLINK-31083 - STARLINK-30208,0.000,5400.000,0.0000%,0,
Contact STARLINK-31083 - STARLINK-3911,520.898,4879.102,9.6463%,1,
Contact STARLINK-31083 - MoonARTEMIS1,3515.985,1884.015,65.1108%,1,
Contact STARLINK-31083 - MoonARTEMIS2,3513.804,1886.196,65.0704%,1,
Contact STARLINK-31083 - MoonIOAGEO,3507.901,1892.099,64.9611%,1,
Contact STARLINK-31083 - MoonIOAGNO,3512.506,1887.494,65.0464%,1,
Contact STARLINK-31083 - MoonIOAGNO 0001,3504.565,1895.435,64.8994%,1,
Contact STARLINK-31083 - MoonIOAGSO,3512.836,1887.164,65.0525%,1,
Contact STARLINK-31083 - MoonIOAGSO 0001,3516.760,1883.240,65.1252%,1,
Contact STARLINK-31083 - MoonLRO,1482.332,3917.668,27.4506%,1,
Contact STARLINK-31083 - MarsSat1,5400.000,0.000,100.0000%,1,
Contact STARLINK-31083 - MarsSat2,5400.000,0.000,100.0000%,1,
Contact STARLINK-31083 - MarsSat3,1881.855,3518.145,34.8492%,1,
Contact STARLINK-31083 - MarsSat4,5400.000,0.000,100.0000%,1,
Contact STARLINK-4090 - STARLINK-2504,0.000,5400.000,0.0000%,0,
Contact STARLINK-4090 - STARLINK-6346,0.000,5400.000,0.0000%,0,
Contact STARLINK-4090 - STARLINK-30299,0.000,5400.000,0.0000%,0,
Contact STARLINK-4090 - STARLINK-5966,0.000,5400.000,0.0000%,0,
Contact STARLINK-4090 - STARLINK-31917,0.000,5400.000,0.0000%,0,
Contact STARLINK-4090 - STARLINK-30208,0.000,5400.000,0.0000%,0,
Contact STARLINK-4090 - STARLINK-3911,0.000,5400.000,0.0000%,0,
Contact STARLINK-4090 - MoonARTEMIS1,5400.000,0.000,100.0000%,1,
Contact STARLINK-4090 - MoonARTEMIS2,5400.000,0.000,100.0000%,1,
Contact STARLINK-4090 - MoonIOAGEO,5400.000,0.000,100.0000%,1,
Contact STARLINK-4090 - MoonIOAGNO,5400.000,0.000,100.0000%,1,
Contact STARLINK-4090 - MoonIOAGNO 0001,5400.000,0.000,100.0000%,1,
Contact STARLINK-4090 - MoonIOAGSO,5400.000,0.000,100.0000%,1,
Contact STARLINK-4090 - MoonIOAGSO 0001,5400.000,0.000,100.0000%,1,
Contact STARLINK-4090 - MoonLRO,5400.000,0.000,100.0000%,1,
Contact STARLINK-4090 - MarsSat1,3395.976,2004.024,62.8884%,2,
Contact STARLINK-4090 - MarsSat2,3396.014,2003.986,62.8891%,2,
Contact STARLINK-4090 - MarsSat3,1064.309,4335.691,19.7094%,1,
Contact STARLINK-4090 - MarsSat4,3395.989,2004.011,62.8887%,2,
Contact STARLINK-2504 - STARLINK-6346,0.000,5400.000,0.0000%,0,
Contact STARLINK-2504 - STARLINK-30299,822.237,4577.763,15.2266%,1,
Contact STARLINK-2504 - STARLINK-5966,0.000,5400.000,0.0000%,0,
Contact STARLINK-2504 - STARLINK-31917,0.000,5400.000,0.0000%,0,
Contact STARLINK-2504 - STARLINK-30208,1425.822,3974.178,26.4041%,1,
Contact STARLINK-2504 - STARLINK-3911,5400.000,0.000,100.0000%,1,
Contact STARLINK-2504 - MoonARTEMIS1,3736.760,1663.240,69.1993%,1,
Contact STARLINK-2504 - MoonARTEMIS2,3793.501,1606.499,70.2500%,1,
Contact STARLINK-2504 - MoonIOAGEO,3743.052,1656.948,69.3158%,1,
Contact STARLINK-2504 - MoonIOAGNO,3757.195,1642.805,69.5777%,1,
Contact STARLINK-2504 - MoonIOAGNO 0001,3754.831,1645.169,69.5339%,1,
Contact STARLINK-2504 - MoonIOAGSO,3739.566,1660.434,69.2512%,1,
Contact STARLINK-2504 - MoonIOAGSO 0001,3752.925,1647.075,69.4986%,1,
Contact STARLINK-2504 - MoonLRO,1433.114,3966.886,26.5392%,1,
Contact STARLINK-2504 - MarsSat1,3270.160,2129.840,60.5585%,2,
Contact STARLINK-2504 - MarsSat2,3270.168,2129.832,60.5587%,2,
Contact STARLINK-2504 - MarsSat3,1759.291,3640.709,32.5795%,1,
Contact STARLINK-2504 - MarsSat4,3270.150,2129.850,60.5583%,2,
Contact STARLINK-6346 - STARLINK-30299,0.000,5400.000,0.0000%,0,
Contact STARLINK-6346 - STARLINK-5966,0.000,5400.000,0.0000%,0,
Contact STARLINK-6346 - STARLINK-31917,0.000,5400.000,0.0000%,0,
Contact STARLINK-6346 - STARLINK-30208,0.000,5400.000,0.0000%,0,
Contact STARLINK-6346 - STARLINK-3911,4662.531,737.469,86.3432%,1,
Contact STARLINK-6346 - MoonARTEMIS1,3544.218,1855.782,65.6337%,1,
Contact STARLINK-6346 - MoonARTEMIS2,3607.350,1792.650,66.8028%,1,
Contact STARLINK-6346 - MoonIOAGEO,3556.003,1843.997,65.8519%,1,
Contact STARLINK-6346 - MoonIOAGNO,3554.224,1845.776,65.8190%,1,
Contact STARLINK-6346 - MoonIOAGNO 0001,3554.002,1845.998,65.8148%,1,
Contact STARLINK-6346 - MoonIOAGSO,3565.928,1834.072,66.0357%,1,
Contact STARLINK-6346 - MoonIOAGSO 0001,3587.894,1812.106,66.4425%,1,
Contact STARLINK-6346 - MoonLRO,1161.766,4238.234,21.5142%,1,
Contact STARLINK-6346 - MarsSat1,5400.000,0.000,100.0000%,1,
Contact STARLINK-6346 - MarsSat2,5400.000,0.000,100.0000%,1,
Contact STARLINK-6346 - MarsSat3,3243.868,2156.132,60.0716%,1,
Contact STARLINK-6346 - MarsSat4,5400.000,0.000,100.0000%,1,
Contact STARLINK-30299 - STARLINK-5966,0.000,5400.000,0.0000%,0,
Contact STARLINK-30299 - STARLINK-31917,0.000,5400.000,0.0000%,0,
Contact STARLINK-30299 - STARLINK-30208,0.000,5400.000,0.0000%,0,
Contact STARLINK-30299 - STARLINK-3911,1044.693,4355.307,19.3462%,1,
Contact STARLINK-30299 - MoonARTEMIS1,3630.359,1769.641,67.2289%,1,
Contact STARLINK-30299 - MoonARTEMIS2,3624.305,1775.695,67.1168%,1,
Contact STARLINK-30299 - MoonIOAGEO,3620.806,1779.194,67.0520%,1,
Contact STARLINK-30299 - MoonIOAGNO,3626.868,1773.132,67.1642%,1,
Contact STARLINK-30299 - MoonIOAGNO 0001,3616.348,1783.652,66.9694%,1,
Contact STARLINK-30299 - MoonIOAGSO,3624.862,1775.138,67.1271%,1,
Contact STARLINK-30299 - MoonIOAGSO 0001,3630.217,1769.783,67.2262%,1,
Contact STARLINK-30299 - MoonLRO,1224.191,4175.809,22.6702%,1,
Contact STARLINK-30299 - MarsSat1,5400.000,0.000,100.0000%,1,
Contact STARLINK-30299 - MarsSat2,5400.000,0.000,100.0000%,1,
Contact STARLINK-30299 - MarsSat3,2283.602,3116.398,42.2889%,1,
Contact STARLINK-30299 - MarsSat4,5400.000,0.000,100.0000%,1,
Contact STARLINK-5966 - STARLINK-31917,0.000,5400.000,0.0000%,0,
Contact STARLINK-5966 - STARLINK-30208,0.000,5400.000,0.0000%,0,
Contact STARLINK-5966 - STARLINK-3911,0.000,5400.000,0.0000%,0,
Contact STARLINK-5966 - MoonARTEMIS1,5400.000,0.000,100.0000%,1,
Contact STARLINK-5966 - MoonARTEMIS2,5400.000,0.000,100.0000%,1,
Contact STARLINK-5966 - MoonIOAGEO,5400.000,0.000,100.0000%,1,
Contact STARLINK-5966 - MoonIOAGNO,5400.000,0.000,100.0000%,1,
Contact STARLINK-5966 - MoonIOAGNO 0001,5400.000,0.000,100.0000%,1,
Contact STARLINK-5966 - MoonIOAGSO,5400.000,0.000,100.0000%,1,
Contact STARLINK-5966 - MoonIOAGSO 0001,5400.000,0.000,100.0000%,1,
Contact STARLINK-5966 - MoonLRO,5400.000,0.000,100.0000%,1,
Contact STARLINK-5966 - MarsSat1,3310.068,2089.932,61.2975%,2,
Contact STARLINK-5966 - MarsSat2,3310.078,2089.922,61.2977%,2,
Contact STARLINK-5966 - MarsSat3,326.548,5073.452,6.0472%,1,
Contact STARLINK-5966 - MarsSat4,3310.072,2089.928,61.2976%,2,
Contact STARLINK-31917 - STARLINK-30208,0.000,5400.000,0.0000%,0,
Contact STARLINK-31917 - STARLINK-3911,0.000,5400.000,0.0000%,0,
Contact STARLINK-31917 - MoonARTEMIS1,3210.390,2189.610,59.4517%,2,
Contact STARLINK-31917 - MoonARTEMIS2,3215.640,2184.360,59.5489%,2,
Contact STARLINK-31917 - MoonIOAGEO,3214.571,2185.429,59.5291%,2,
Contact STARLINK-31917 - MoonIOAGNO,3209.773,2190.227,59.4402%,2,
Contact STARLINK-31917 - MoonIOAGNO 0001,3216.381,2183.619,59.5626%,2,
Contact STARLINK-31917 - MoonIOAGSO,3215.426,2184.574,59.5449%,2,
Contact STARLINK-31917 - MoonIOAGSO 0001,3212.603,2187.397,59.4926%,2,
Contact STARLINK-31917 - MoonLRO,2613.967,2786.033,48.4068%,2,
Contact STARLINK-31917 - MarsSat1,3491.319,1908.681,64.6541%,1,
Contact STARLINK-31917 - MarsSat2,3491.353,1908.647,64.6547%,1,
Contact STARLINK-31917 - MarsSat3,3113.084,2286.916,57.6497%,1,
Contact STARLINK-31917 - MarsSat4,3491.349,1908.651,64.6546%,1,
Contact STARLINK-30208 - STARLINK-3911,744.424,4655.576,13.7856%,1,
Contact STARLINK-30208 - MoonARTEMIS1,5400.000,0.000,100.0000%,1,
Contact STARLINK-30208 - MoonARTEMIS2,5400.000,0.000,100.0000%,1,
Contact STARLINK-30208 - MoonIOAGEO,5400.000,0.000,100.0000%,1,
Contact STARLINK-30208 - MoonIOAGNO,5400.000,0.000,100.0000%,1,
Contact STARLINK-30208 - MoonIOAGNO 0001,5400.000,0.000,100.0000%,1,
Contact STARLINK-30208 - MoonIOAGSO,5400.000,0.000,100.0000%,1,
Contact STARLINK-30208 - MoonIOAGSO 0001,5400.000,0.000,100.0000%,1,
Contact STARLINK-30208 - MoonLRO,5400.000,0.000,100.0000%,1,
Contact STARLINK-30208 - MarsSat1,5400.000,0.000,100.0000%,1,
Contact STARLINK-30208 - MarsSat2,5400.000,0.000,100.0000%,1,
Contact STARLINK-30208 - MarsSat3,4651.608,748.392,86.1409%,1,
Contact STARLINK-30208 - MarsSat4,5400.000,0.000,100.0000%,1,
Contact STARLINK-3911 - MoonARTEMIS1,3602.346,1797.654,66.7101%,1,
Contact STARLINK-3911 - MoonARTEMIS2,3625.926,1774.074,67.1468%,1,
Contact STARLINK-3911 - MoonIOAGEO,3602.595,1797.405,66.7147%,1,
Contact STARLINK-3911 - MoonIOAGNO,3613.529,1786.471,66.9172%,1,
Contact STARLINK-3911 - MoonIOAGNO 0001,3607.032,1792.968,66.7969%,1,
Contact STARLINK-3911 - MoonIOAGSO,3599.142,1800.858,66.6508%,1,
Contact STARLINK-3911 - MoonIOAGSO 0001,3608.906,1791.094,66.8316%,1,
Contact STARLINK-3911 - MoonLRO,757.022,4642.978,14.0189%,1,
Contact STARLINK-3911 - MarsSat1,5400.000,0.000,100.0000%,1,
Contact STARLINK-3911 - MarsSat2,5400.000,0.000,100.0000%,1,
Contact STARLINK-3911 - MarsSat3,2458.981,2941.019,45.5367%,1,
Contact STARLINK-3911 - MarsSat4,5400.000,0.000,100.0000%,1,
Contact MoonARTEMIS1 - MoonARTEMIS2,202.202,5197.798,3.7445%,1,
Contact MoonARTEMIS1 - MoonIOAGEO,5400.000,0.000,100.0000%,1,
Contact MoonARTEMIS1 - MoonIOAGNO,5400.000,0.000,100.0000%,1,
Contact MoonARTEMIS1 - MoonIOAGNO 0001,5400.000,0.000,100.0000%,1,
Contact MoonARTEMIS1 - MoonIOAGSO,5400.000,0.000,100.0000%,1,
Contact MoonARTEMIS1 - MoonIOAGSO 0001,5400.000,0.000,100.0000%,1,
Contact MoonARTEMIS1 - MoonLRO,2200.246,3199.754,40.7453%,2,
Contact MoonARTEMIS1 - MarsSat1,5400.000,0.000,100.0000%,1,
Contact MoonARTEMIS1 - MarsSat2,5400.000,0.000,100.0000%,1,
Contact MoonARTEMIS1 - MarsSat3,4635.969,764.031,85.8513%,1,
Contact MoonARTEMIS1 - MarsSat4,5400.000,0.000,100.0000%,1,
Contact MoonARTEMIS2 - MoonIOAGEO,5400.000,0.000,100.0000%,1,
Contact MoonARTEMIS2 - MoonIOAGNO,5400.000,0.000,100.0000%,1,
Contact MoonARTEMIS2 - MoonIOAGNO 0001,5400.000,0.000,100.0000%,1,
Contact MoonARTEMIS2 - MoonIOAGSO,5400.000,0.000,100.0000%,1,
Contact MoonARTEMIS2 - MoonIOAGSO 0001,5400.000,0.000,100.0000%,1,
Contact MoonARTEMIS2 - MoonLRO,3803.377,1596.623,70.4329%,1,
Contact MoonARTEMIS2 - MarsSat1,5400.000,0.000,100.0000%,1,
Contact MoonARTEMIS2 - MarsSat2,5400.000,0.000,100.0000%,1,
Contact MoonARTEMIS2 - MarsSat3,4634.541,765.459,85.8248%,1,
Contact MoonARTEMIS2 - MarsSat4,5400.000,0.000,100.0000%,1,
Contact MoonIOAGEO - MoonIOAGNO,5400.000,0.000,100.0000%,1,
Contact MoonIOAGEO - MoonIOAGNO 0001,5400.000,0.000,100.0000%,1,
Contact MoonIOAGEO - MoonIOAGSO,5400.000,0.000,100.0000%,1,
Contact MoonIOAGEO - MoonIOAGSO 0001,5400.000,0.000,100.0000%,1,
Contact MoonIOAGEO - MoonLRO,1824.427,3575.573,33.7857%,2,
Contact MoonIOAGEO - MarsSat1,5400.000,0.000,100.0000%,1,
Contact MoonIOAGEO - MarsSat2,5400.000,0.000,100.0000%,1,
Contact MoonIOAGEO - MarsSat3,4635.790,764.210,85.8480%,1,
Contact MoonIOAGEO - MarsSat4,5400.000,0.000,100.0000%,1,
Contact MoonIOAGNO - MoonIOAGNO 0001,5400.000,0.000,100.0000%,1,
Contact MoonIOAGNO - MoonIOAGSO,5400.000,0.000,100.0000%,1,
Contact MoonIOAGNO - MoonIOAGSO 0001,3892.221,1507.779,72.0782%,1,
Contact MoonIOAGNO - MoonLRO,2097.149,3302.851,38.8361%,2,
Contact MoonIOAGNO - MarsSat1,4699.351,700.649,87.0250%,1,
Contact MoonIOAGNO - MarsSat2,4699.305,700.695,87.0242%,1,
Contact MoonIOAGNO - MarsSat3,3934.597,1465.403,72.8629%,1,
Contact MoonIOAGNO - MarsSat4,4699.465,700.535,87.0271%,1,
Contact MoonIOAGNO 0001 - MoonIOAGSO,5400.000,0.000,100.0000%,1,
Contact MoonIOAGNO 0001 - MoonIOAGSO 0001,5400.000,0.000,100.0000%,1,
Contact MoonIOAGNO 0001 - MoonLRO,2377.460,3022.540,44.0270%,1,
Contact MoonIOAGNO 0001 - MarsSat1,5400.000,0.000,100.0000%,1,
Contact MoonIOAGNO 0001 - MarsSat2,5400.000,0.000,100.0000%,1,
Contact MoonIOAGNO 0001 - MarsSat3,4635.148,764.852,85.8361%,1,
Contact MoonIOAGNO 0001 - MarsSat4,5400.000,0.000,100.0000%,1,
Contact MoonIOAGSO - MoonIOAGSO 0001,5400.000,0.000,100.0000%,1,
Contact MoonIOAGSO - MoonLRO,1513.444,3886.556,28.0267%,2,
Contact MoonIOAGSO - MarsSat1,5400.000,0.000,100.0000%,1,
Contact MoonIOAGSO - MarsSat2,5400.000,0.000,100.0000%,1,
Contact MoonIOAGSO - MarsSat3,4636.069,763.931,85.8531%,1,
Contact MoonIOAGSO - MarsSat4,5400.000,0.000,100.0000%,1,
Contact MoonIOAGSO 0001 - MoonLRO,3085.091,2314.909,57.1313%,1,
Contact MoonIOAGSO 0001 - MarsSat1,5400.000,0.000,100.0000%,1,
Contact MoonIOAGSO 0001 - MarsSat2,5400.000,0.000,100.0000%,1,
Contact MoonIOAGSO 0001 - MarsSat3,4635.880,764.120,85.8496%,1,
Contact MoonIOAGSO 0001 - MarsSat4,5400.000,0.000,100.0000%,1,
Contact MoonLRO - MarsSat1,4405.701,994.299,81.5871%,1,
Contact MoonLRO - MarsSat2,4405.882,994.118,81.5904%,1,
Contact MoonLRO - MarsSat3,4405.732,994.268,81.5876%,1,
Contact MoonLRO - MarsSat4,4405.764,994.236,81.5882%,1,
Contact MarsSat1 - MarsSat2,822.918,4577.082,15.2392%,1,
Contact MarsSat1 - MarsSat3,5400.000,0.000,100.0000%,1,
Contact MarsSat1 - MarsSat4,5400.000,0.000,100.0000%,1,
Contact MarsSat2 - MarsSat3,5400.000,0.000,100.0000%,1,
Contact MarsSat2 - MarsSat4,4631.591,768.409,85.7702%,1,
Contact MarsSat3 - MarsSat4,3519.622,1880.378,65.1782%,1,
