sl_20_86400_20250126 Distances.csv
2025/01/26 07:47:00.0000 UTC

Generated: Tue Oct  8 16:58:21 2024,
Start: 2025/01/26 07:47:00.00, Stop: 2025/01/27 07:47:00.00,
TIME_UNITS,Distance STARLINK-30144 - STARLINK-3309,Distance STARLINK-30144 - STARLINK-3755,Distance STARLINK-30144 - STARLINK-30088,Distance STARLINK-30144 - STARLINK-2746,Distance STARLINK-30144 - STARLINK-1350,Distance STARLINK-30144 - STARLINK-30161,Distance STARLINK-30144 - STARLINK-30774,Distance STARLINK-30144 - STARLINK-31869,Distance STARLINK-30144 - STARLINK-3120,Distance STARLINK-30144 - STARLINK-31216,Distance STARLINK-30144 - STARLINK-5762,Distance STARLINK-30144 - STARLINK-30545,Distance STARLINK-30144 - STARLINK-31401,Distance STARLINK-30144 - STARLINK-5607,Distance STARLINK-30144 - STARLINK-4663,Distance STARLINK-30144 - STARLINK-1411,Distance STARLINK-30144 - STARLINK-4002,Distance STARLINK-30144 - STARLINK-30816,Distance STARLINK-30144 - STARLINK-30600,Distance STARLINK-30144 - MoonARTEMIS1,Distance STARLINK-30144 - MoonARTEMIS2,Distance STARLINK-30144 - MoonIOAGEO,Distance STARLINK-30144 - MoonIOAGNO,Distance STARLINK-30144 - MoonIOAGNO 0001,Distance STARLINK-30144 - MoonIOAGSO,Distance STARLINK-30144 - MoonIOAGSO 0001,Distance STARLINK-30144 - MoonLRO,Distance STARLINK-30144 - MarsSat1,Distance STARLINK-30144 - MarsSat2,Distance STARLINK-30144 - MarsSat3,Distance STARLINK-30144 - MarsSat4,Distance STARLINK-3309 - STARLINK-3755,Distance STARLINK-3309 - STARLINK-30088,Distance STARLINK-3309 - STARLINK-2746,Distance STARLINK-3309 - STARLINK-1350,Distance STARLINK-3309 - STARLINK-30161,Distance STARLINK-3309 - STARLINK-30774,Distance STARLINK-3309 - STARLINK-31869,Distance STARLINK-3309 - STARLINK-3120,Distance STARLINK-3309 - STARLINK-31216,Distance STARLINK-3309 - STARLINK-5762,Distance STARLINK-3309 - STARLINK-30545,Distance STARLINK-3309 - STARLINK-31401,Distance STARLINK-3309 - STARLINK-5607,Distance STARLINK-3309 - STARLINK-4663,Distance STARLINK-3309 - STARLINK-1411,Distance STARLINK-3309 - STARLINK-4002,Distance STARLINK-3309 - STARLINK-30816,Distance STARLINK-3309 - STARLINK-30600,Distance STARLINK-3309 - MoonARTEMIS1,Distance STARLINK-3309 - MoonARTEMIS2,Distance STARLINK-3309 - MoonIOAGEO,Distance STARLINK-3309 - MoonIOAGNO,Distance STARLINK-3309 - MoonIOAGNO 0001,Distance STARLINK-3309 - MoonIOAGSO,Distance STARLINK-3309 - MoonIOAGSO 0001,Distance STARLINK-3309 - MoonLRO,Distance STARLINK-3309 - MarsSat1,Distance STARLINK-3309 - MarsSat2,Distance STARLINK-3309 - MarsSat3,Distance STARLINK-3309 - MarsSat4,Distance STARLINK-3755 - STARLINK-30088,Distance STARLINK-3755 - STARLINK-2746,Distance STARLINK-3755 - STARLINK-1350,Distance STARLINK-3755 - STARLINK-30161,Distance STARLINK-3755 - STARLINK-30774,Distance STARLINK-3755 - STARLINK-31869,Distance STARLINK-3755 - STARLINK-3120,Distance STARLINK-3755 - STARLINK-31216,Distance STARLINK-3755 - STARLINK-5762,Distance STARLINK-3755 - STARLINK-30545,Distance STARLINK-3755 - STARLINK-31401,Distance STARLINK-3755 - STARLINK-5607,Distance STARLINK-3755 - STARLINK-4663,Distance STARLINK-3755 - STARLINK-1411,Distance STARLINK-3755 - STARLINK-4002,Distance STARLINK-3755 - STARLINK-30816,Distance STARLINK-3755 - STARLINK-30600,Distance STARLINK-3755 - MoonARTEMIS1,Distance STARLINK-3755 - MoonARTEMIS2,Distance STARLINK-3755 - MoonIOAGEO,Distance STARLINK-3755 - MoonIOAGNO,Distance STARLINK-3755 - MoonIOAGNO 0001,Distance STARLINK-3755 - MoonIOAGSO,Distance STARLINK-3755 - MoonIOAGSO 0001,Distance STARLINK-3755 - MoonLRO,Distance STARLINK-3755 - MarsSat1,Distance STARLINK-3755 - MarsSat2,Distance STARLINK-3755 - MarsSat3,Distance STARLINK-3755 - MarsSat4,Distance STARLINK-30088 - STARLINK-2746,Distance STARLINK-30088 - STARLINK-1350,Distance STARLINK-30088 - STARLINK-30161,Distance STARLINK-30088 - STARLINK-30774,Distance STARLINK-30088 - STARLINK-31869,Distance STARLINK-30088 - STARLINK-3120,Distance STARLINK-30088 - STARLINK-31216,Distance STARLINK-30088 - STARLINK-5762,Distance STARLINK-30088 - STARLINK-30545,Distance STARLINK-30088 - STARLINK-31401,Distance STARLINK-30088 - STARLINK-5607,Distance STARLINK-30088 - STARLINK-4663,Distance STARLINK-30088 - STARLINK-1411,Distance STARLINK-30088 - STARLINK-4002,Distance STARLINK-30088 - STARLINK-30816,Distance STARLINK-30088 - STARLINK-30600,Distance STARLINK-30088 - MoonARTEMIS1,Distance STARLINK-30088 - MoonARTEMIS2,Distance STARLINK-30088 - MoonIOAGEO,Distance STARLINK-30088 - MoonIOAGNO,Distance STARLINK-30088 - MoonIOAGNO 0001,Distance STARLINK-30088 - MoonIOAGSO,Distance STARLINK-30088 - MoonIOAGSO 0001,Distance STARLINK-30088 - MoonLRO,Distance STARLINK-30088 - MarsSat1,Distance STARLINK-30088 - MarsSat2,Distance STARLINK-30088 - MarsSat3,Distance STARLINK-30088 - MarsSat4,Distance STARLINK-2746 - STARLINK-1350,Distance STARLINK-2746 - STARLINK-30161,Distance STARLINK-2746 - STARLINK-30774,Distance STARLINK-2746 - STARLINK-31869,Distance STARLINK-2746 - STARLINK-3120,Distance STARLINK-2746 - STARLINK-31216,Distance STARLINK-2746 - STARLINK-5762,Distance STARLINK-2746 - STARLINK-30545,Distance STARLINK-2746 - STARLINK-31401,Distance STARLINK-2746 - STARLINK-5607,Distance STARLINK-2746 - STARLINK-4663,Distance STARLINK-2746 - STARLINK-1411,Distance STARLINK-2746 - STARLINK-4002,Distance STARLINK-2746 - STARLINK-30816,Distance STARLINK-2746 - STARLINK-30600,Distance STARLINK-2746 - MoonARTEMIS1,Distance STARLINK-2746 - MoonARTEMIS2,Distance STARLINK-2746 - MoonIOAGEO,Distance STARLINK-2746 - MoonIOAGNO,Distance STARLINK-2746 - MoonIOAGNO 0001,Distance STARLINK-2746 - MoonIOAGSO,Distance STARLINK-2746 - MoonIOAGSO 0001,Distance STARLINK-2746 - MoonLRO,Distance STARLINK-2746 - MarsSat1,Distance STARLINK-2746 - MarsSat2,Distance STARLINK-2746 - MarsSat3,Distance STARLINK-2746 - MarsSat4,Distance STARLINK-1350 - STARLINK-30161,Distance STARLINK-1350 - STARLINK-30774,Distance STARLINK-1350 - STARLINK-31869,Distance STARLINK-1350 - STARLINK-3120,Distance STARLINK-1350 - STARLINK-31216,Distance STARLINK-1350 - STARLINK-5762,Distance STARLINK-1350 - STARLINK-30545,Distance STARLINK-1350 - STARLINK-31401,Distance STARLINK-1350 - STARLINK-5607,Distance STARLINK-1350 - STARLINK-4663,Distance STARLINK-1350 - STARLINK-1411,Distance STARLINK-1350 - STARLINK-4002,Distance STARLINK-1350 - STARLINK-30816,Distance STARLINK-1350 - STARLINK-30600,Distance STARLINK-1350 - MoonARTEMIS1,Distance STARLINK-1350 - MoonARTEMIS2,Distance STARLINK-1350 - MoonIOAGEO,Distance STARLINK-1350 - MoonIOAGNO,Distance STARLINK-1350 - MoonIOAGNO 0001,Distance STARLINK-1350 - MoonIOAGSO,Distance STARLINK-1350 - MoonIOAGSO 0001,Distance STARLINK-1350 - MoonLRO,Distance STARLINK-1350 - MarsSat1,Distance STARLINK-1350 - MarsSat2,Distance STARLINK-1350 - MarsSat3,Distance STARLINK-1350 - MarsSat4,Distance STARLINK-30161 - STARLINK-30774,Distance STARLINK-30161 - STARLINK-31869,Distance STARLINK-30161 - STARLINK-3120,Distance STARLINK-30161 - STARLINK-31216,Distance STARLINK-30161 - STARLINK-5762,Distance STARLINK-30161 - STARLINK-30545,Distance STARLINK-30161 - STARLINK-31401,Distance STARLINK-30161 - STARLINK-5607,Distance STARLINK-30161 - STARLINK-4663,Distance STARLINK-30161 - STARLINK-1411,Distance STARLINK-30161 - STARLINK-4002,Distance STARLINK-30161 - STARLINK-30816,Distance STARLINK-30161 - STARLINK-30600,Distance STARLINK-30161 - MoonARTEMIS1,Distance STARLINK-30161 - MoonARTEMIS2,Distance STARLINK-30161 - MoonIOAGEO,Distance STARLINK-30161 - MoonIOAGNO,Distance STARLINK-30161 - MoonIOAGNO 0001,Distance STARLINK-30161 - MoonIOAGSO,Distance STARLINK-30161 - MoonIOAGSO 0001,Distance STARLINK-30161 - MoonLRO,Distance STARLINK-30161 - MarsSat1,Distance STARLINK-30161 - MarsSat2,Distance STARLINK-30161 - MarsSat3,Distance STARLINK-30161 - MarsSat4,Distance STARLINK-30774 - STARLINK-31869,Distance STARLINK-30774 - STARLINK-3120,Distance STARLINK-30774 - STARLINK-31216,Distance STARLINK-30774 - STARLINK-5762,Distance STARLINK-30774 - STARLINK-30545,Distance STARLINK-30774 - STARLINK-31401,Distance STARLINK-30774 - STARLINK-5607,Distance STARLINK-30774 - STARLINK-4663,Distance STARLINK-30774 - STARLINK-1411,Distance STARLINK-30774 - STARLINK-4002,Distance STARLINK-30774 - STARLINK-30816,Distance STARLINK-30774 - STARLINK-30600,Distance STARLINK-30774 - MoonARTEMIS1,Distance STARLINK-30774 - MoonARTEMIS2,Distance STARLINK-30774 - MoonIOAGEO,Distance STARLINK-30774 - MoonIOAGNO,Distance STARLINK-30774 - MoonIOAGNO 0001,Distance STARLINK-30774 - MoonIOAGSO,Distance STARLINK-30774 - MoonIOAGSO 0001,Distance STARLINK-30774 - MoonLRO,Distance STARLINK-30774 - MarsSat1,Distance STARLINK-30774 - MarsSat2,Distance STARLINK-30774 - MarsSat3,Distance STARLINK-30774 - MarsSat4,Distance STARLINK-31869 - STARLINK-3120,Distance STARLINK-31869 - STARLINK-31216,Distance STARLINK-31869 - STARLINK-5762,Distance STARLINK-31869 - STARLINK-30545,Distance STARLINK-31869 - STARLINK-31401,Distance STARLINK-31869 - STARLINK-5607,Distance STARLINK-31869 - STARLINK-4663,Distance STARLINK-31869 - STARLINK-1411,Distance STARLINK-31869 - STARLINK-4002,Distance STARLINK-31869 - STARLINK-30816,Distance STARLINK-31869 - STARLINK-30600,Distance STARLINK-31869 - MoonARTEMIS1,Distance STARLINK-31869 - MoonARTEMIS2,Distance STARLINK-31869 - MoonIOAGEO,Distance STARLINK-31869 - MoonIOAGNO,Distance STARLINK-31869 - MoonIOAGNO 0001,Distance STARLINK-31869 - MoonIOAGSO,Distance STARLINK-31869 - MoonIOAGSO 0001,Distance STARLINK-31869 - MoonLRO,Distance STARLINK-31869 - MarsSat1,Distance STARLINK-31869 - MarsSat2,Distance STARLINK-31869 - MarsSat3,Distance STARLINK-31869 - MarsSat4,Distance STARLINK-3120 - STARLINK-31216,Distance STARLINK-3120 - STARLINK-5762,Distance STARLINK-3120 - STARLINK-30545,Distance STARLINK-3120 - STARLINK-31401,Distance STARLINK-3120 - STARLINK-5607,Distance STARLINK-3120 - STARLINK-4663,Distance STARLINK-3120 - STARLINK-1411,Distance STARLINK-3120 - STARLINK-4002,Distance STARLINK-3120 - STARLINK-30816,Distance STARLINK-3120 - STARLINK-30600,Distance STARLINK-3120 - MoonARTEMIS1,Distance STARLINK-3120 - MoonARTEMIS2,Distance STARLINK-3120 - MoonIOAGEO,Distance STARLINK-3120 - MoonIOAGNO,Distance STARLINK-3120 - MoonIOAGNO 0001,Distance STARLINK-3120 - MoonIOAGSO,Distance STARLINK-3120 - MoonIOAGSO 0001,Distance STARLINK-3120 - MoonLRO,Distance STARLINK-3120 - MarsSat1,Distance STARLINK-3120 - MarsSat2,Distance STARLINK-3120 - MarsSat3,Distance STARLINK-3120 - MarsSat4,Distance STARLINK-31216 - STARLINK-5762,Distance STARLINK-31216 - STARLINK-30545,Distance STARLINK-31216 - STARLINK-31401,Distance STARLINK-31216 - STARLINK-5607,Distance STARLINK-31216 - STARLINK-4663,Distance STARLINK-31216 - STARLINK-1411,Distance STARLINK-31216 - STARLINK-4002,Distance STARLINK-31216 - STARLINK-30816,Distance STARLINK-31216 - STARLINK-30600,Distance STARLINK-31216 - MoonARTEMIS1,Distance STARLINK-31216 - MoonARTEMIS2,Distance STARLINK-31216 - MoonIOAGEO,Distance STARLINK-31216 - MoonIOAGNO,Distance STARLINK-31216 - MoonIOAGNO 0001,Distance STARLINK-31216 - MoonIOAGSO,Distance STARLINK-31216 - MoonIOAGSO 0001,Distance STARLINK-31216 - MoonLRO,Distance STARLINK-31216 - MarsSat1,Distance STARLINK-31216 - MarsSat2,Distance STARLINK-31216 - MarsSat3,Distance STARLINK-31216 - MarsSat4,Distance STARLINK-5762 - STARLINK-30545,Distance STARLINK-5762 - STARLINK-31401,Distance STARLINK-5762 - STARLINK-5607,Distance STARLINK-5762 - STARLINK-4663,Distance STARLINK-5762 - STARLINK-1411,Distance STARLINK-5762 - STARLINK-4002,Distance STARLINK-5762 - STARLINK-30816,Distance STARLINK-5762 - STARLINK-30600,Distance STARLINK-5762 - MoonARTEMIS1,Distance STARLINK-5762 - MoonARTEMIS2,Distance STARLINK-5762 - MoonIOAGEO,Distance STARLINK-5762 - MoonIOAGNO,Distance STARLINK-5762 - MoonIOAGNO 0001,Distance STARLINK-5762 - MoonIOAGSO,Distance STARLINK-5762 - MoonIOAGSO 0001,Distance STARLINK-5762 - MoonLRO,Distance STARLINK-5762 - MarsSat1,Distance STARLINK-5762 - MarsSat2,Distance STARLINK-5762 - MarsSat3,Distance STARLINK-5762 - MarsSat4,Distance STARLINK-30545 - STARLINK-31401,Distance STARLINK-30545 - STARLINK-5607,Distance STARLINK-30545 - STARLINK-4663,Distance STARLINK-30545 - STARLINK-1411,Distance STARLINK-30545 - STARLINK-4002,Distance STARLINK-30545 - STARLINK-30816,Distance STARLINK-30545 - STARLINK-30600,Distance STARLINK-30545 - MoonARTEMIS1,Distance STARLINK-30545 - MoonARTEMIS2,Distance STARLINK-30545 - MoonIOAGEO,Distance STARLINK-30545 - MoonIOAGNO,Distance STARLINK-30545 - MoonIOAGNO 0001,Distance STARLINK-30545 - MoonIOAGSO,Distance STARLINK-30545 - MoonIOAGSO 0001,Distance STARLINK-30545 - MoonLRO,Distance STARLINK-30545 - MarsSat1,Distance STARLINK-30545 - MarsSat2,Distance STARLINK-30545 - MarsSat3,Distance STARLINK-30545 - MarsSat4,Distance STARLINK-31401 - STARLINK-5607,Distance STARLINK-31401 - STARLINK-4663,Distance STARLINK-31401 - STARLINK-1411,Distance STARLINK-31401 - STARLINK-4002,Distance STARLINK-31401 - STARLINK-30816,Distance STARLINK-31401 - STARLINK-30600,Distance STARLINK-31401 - MoonARTEMIS1,Distance STARLINK-31401 - MoonARTEMIS2,Distance STARLINK-31401 - MoonIOAGEO,Distance STARLINK-31401 - MoonIOAGNO,Distance STARLINK-31401 - MoonIOAGNO 0001,Distance STARLINK-31401 - MoonIOAGSO,Distance STARLINK-31401 - MoonIOAGSO 0001,Distance STARLINK-31401 - MoonLRO,Distance STARLINK-31401 - MarsSat1,Distance STARLINK-31401 - MarsSat2,Distance STARLINK-31401 - MarsSat3,Distance STARLINK-31401 - MarsSat4,Distance STARLINK-5607 - STARLINK-4663,Distance STARLINK-5607 - STARLINK-1411,Distance STARLINK-5607 - STARLINK-4002,Distance STARLINK-5607 - STARLINK-30816,Distance STARLINK-5607 - STARLINK-30600,Distance STARLINK-5607 - MoonARTEMIS1,Distance STARLINK-5607 - MoonARTEMIS2,Distance STARLINK-5607 - MoonIOAGEO,Distance STARLINK-5607 - MoonIOAGNO,Distance STARLINK-5607 - MoonIOAGNO 0001,Distance STARLINK-5607 - MoonIOAGSO,Distance STARLINK-5607 - MoonIOAGSO 0001,Distance STARLINK-5607 - MoonLRO,Distance STARLINK-5607 - MarsSat1,Distance STARLINK-5607 - MarsSat2,Distance STARLINK-5607 - MarsSat3,Distance STARLINK-5607 - MarsSat4,Distance STARLINK-4663 - STARLINK-1411,Distance STARLINK-4663 - STARLINK-4002,Distance STARLINK-4663 - STARLINK-30816,Distance STARLINK-4663 - STARLINK-30600,Distance STARLINK-4663 - MoonARTEMIS1,Distance STARLINK-4663 - MoonARTEMIS2,Distance STARLINK-4663 - MoonIOAGEO,Distance STARLINK-4663 - MoonIOAGNO,Distance STARLINK-4663 - MoonIOAGNO 0001,Distance STARLINK-4663 - MoonIOAGSO,Distance STARLINK-4663 - MoonIOAGSO 0001,Distance STARLINK-4663 - MoonLRO,Distance STARLINK-4663 - MarsSat1,Distance STARLINK-4663 - MarsSat2,Distance STARLINK-4663 - MarsSat3,Distance STARLINK-4663 - MarsSat4,Distance STARLINK-1411 - STARLINK-4002,Distance STARLINK-1411 - STARLINK-30816,Distance STARLINK-1411 - STARLINK-30600,Distance STARLINK-1411 - MoonARTEMIS1,Distance STARLINK-1411 - MoonARTEMIS2,Distance STARLINK-1411 - MoonIOAGEO,Distance STARLINK-1411 - MoonIOAGNO,Distance STARLINK-1411 - MoonIOAGNO 0001,Distance STARLINK-1411 - MoonIOAGSO,Distance STARLINK-1411 - MoonIOAGSO 0001,Distance STARLINK-1411 - MoonLRO,Distance STARLINK-1411 - MarsSat1,Distance STARLINK-1411 - MarsSat2,Distance STARLINK-1411 - MarsSat3,Distance STARLINK-1411 - MarsSat4,Distance STARLINK-4002 - STARLINK-30816,Distance STARLINK-4002 - STARLINK-30600,Distance STARLINK-4002 - MoonARTEMIS1,Distance STARLINK-4002 - MoonARTEMIS2,Distance STARLINK-4002 - MoonIOAGEO,Distance STARLINK-4002 - MoonIOAGNO,Distance STARLINK-4002 - MoonIOAGNO 0001,Distance STARLINK-4002 - MoonIOAGSO,Distance STARLINK-4002 - MoonIOAGSO 0001,Distance STARLINK-4002 - MoonLRO,Distance STARLINK-4002 - MarsSat1,Distance STARLINK-4002 - MarsSat2,Distance STARLINK-4002 - MarsSat3,Distance STARLINK-4002 - MarsSat4,Distance STARLINK-30816 - STARLINK-30600,Distance STARLINK-30816 - MoonARTEMIS1,Distance STARLINK-30816 - MoonARTEMIS2,Distance STARLINK-30816 - MoonIOAGEO,Distance STARLINK-30816 - MoonIOAGNO,Distance STARLINK-30816 - MoonIOAGNO 0001,Distance STARLINK-30816 - MoonIOAGSO,Distance STARLINK-30816 - MoonIOAGSO 0001,Distance STARLINK-30816 - MoonLRO,Distance STARLINK-30816 - MarsSat1,Distance STARLINK-30816 - MarsSat2,Distance STARLINK-30816 - MarsSat3,Distance STARLINK-30816 - MarsSat4,Distance STARLINK-30600 - MoonARTEMIS1,Distance STARLINK-30600 - MoonARTEMIS2,Distance STARLINK-30600 - MoonIOAGEO,Distance STARLINK-30600 - MoonIOAGNO,Distance STARLINK-30600 - MoonIOAGNO 0001,Distance STARLINK-30600 - MoonIOAGSO,Distance STARLINK-30600 - MoonIOAGSO 0001,Distance STARLINK-30600 - MoonLRO,Distance STARLINK-30600 - MarsSat1,Distance STARLINK-30600 - MarsSat2,Distance STARLINK-30600 - MarsSat3,Distance STARLINK-30600 - MarsSat4,Distance MoonARTEMIS1 - MoonARTEMIS2,Distance MoonARTEMIS1 - MoonIOAGEO,Distance MoonARTEMIS1 - MoonIOAGNO,Distance MoonARTEMIS1 - MoonIOAGNO 0001,Distance MoonARTEMIS1 - MoonIOAGSO,Distance MoonARTEMIS1 - MoonIOAGSO 0001,Distance MoonARTEMIS1 - MoonLRO,Distance MoonARTEMIS1 - MarsSat1,Distance MoonARTEMIS1 - MarsSat2,Distance MoonARTEMIS1 - MarsSat3,Distance MoonARTEMIS1 - MarsSat4,Distance MoonARTEMIS2 - MoonIOAGEO,Distance MoonARTEMIS2 - MoonIOAGNO,Distance MoonARTEMIS2 - MoonIOAGNO 0001,Distance MoonARTEMIS2 - MoonIOAGSO,Distance MoonARTEMIS2 - MoonIOAGSO 0001,Distance MoonARTEMIS2 - MoonLRO,Distance MoonARTEMIS2 - MarsSat1,Distance MoonARTEMIS2 - MarsSat2,Distance MoonARTEMIS2 - MarsSat3,Distance MoonARTEMIS2 - MarsSat4,Distance MoonIOAGEO - MoonIOAGNO,Distance MoonIOAGEO - MoonIOAGNO 0001,Distance MoonIOAGEO - MoonIOAGSO,Distance MoonIOAGEO - MoonIOAGSO 0001,Distance MoonIOAGEO - MoonLRO,Distance MoonIOAGEO - MarsSat1,Distance MoonIOAGEO - MarsSat2,Distance MoonIOAGEO - MarsSat3,Distance MoonIOAGEO - MarsSat4,Distance MoonIOAGNO - MoonIOAGNO 0001,Distance MoonIOAGNO - MoonIOAGSO,Distance MoonIOAGNO - MoonIOAGSO 0001,Distance MoonIOAGNO - MoonLRO,Distance MoonIOAGNO - MarsSat1,Distance MoonIOAGNO - MarsSat2,Distance MoonIOAGNO - MarsSat3,Distance MoonIOAGNO - MarsSat4,Distance MoonIOAGNO 0001 - MoonIOAGSO,Distance MoonIOAGNO 0001 - MoonIOAGSO 0001,Distance MoonIOAGNO 0001 - MoonLRO,Distance MoonIOAGNO 0001 - MarsSat1,Distance MoonIOAGNO 0001 - MarsSat2,Distance MoonIOAGNO 0001 - MarsSat3,Distance MoonIOAGNO 0001 - MarsSat4,Distance MoonIOAGSO - MoonIOAGSO 0001,Distance MoonIOAGSO - MoonLRO,Distance MoonIOAGSO - MarsSat1,Distance MoonIOAGSO - MarsSat2,Distance MoonIOAGSO - MarsSat3,Distance MoonIOAGSO - MarsSat4,Distance MoonIOAGSO 0001 - MoonLRO,Distance MoonIOAGSO 0001 - MarsSat1,Distance MoonIOAGSO 0001 - MarsSat2,Distance MoonIOAGSO 0001 - MarsSat3,Distance MoonIOAGSO 0001 - MarsSat4,Distance MoonLRO - MarsSat1,Distance MoonLRO - MarsSat2,Distance MoonLRO - MarsSat3,Distance MoonLRO - MarsSat4,Distance MarsSat1 - MarsSat2,Distance MarsSat1 - MarsSat3,Distance MarsSat1 - MarsSat4,Distance MarsSat2 - MarsSat3,Distance MarsSat2 - MarsSat4,Distance MarsSat3 - MarsSat4,
SECONDS,km,km,km,km,km,km,km,km,km,km,km,km,km,km,km,km,km,km,km,km,km,km,km,km,km,km,km,km,km,km,km,km,km,km,km,km,km,km,km,km,km,km,km,km,km,km,km,km,km,km,km,km,km,km,km,km,km,km,km,km,km,km,km,km,km,km,km,km,km,km,km,km,km,km,km,km,km,km,km,km,km,km,km,km,km,km,km,km,km,km,km,km,km,km,km,km,km,km,km,km,km,km,km,km,km,km,km,km,km,km,km,km,km,km,km,km,km,km,km,km,km,km,km,km,km,km,km,km,km,km,km,km,km,km,km,km,km,km,km,km,km,km,km,km,km,km,km,km,km,km,km,km,km,km,km,km,km,km,km,km,km,km,km,km,km,km,km,km,km,km,km,km,km,km,km,km,km,km,km,km,km,km,km,km,km,km,km,km,km,km,km,km,km,km,km,km,km,km,km,km,km,km,km,km,km,km,km,km,km,km,km,km,km,km,km,km,km,km,km,km,km,km,km,km,km,km,km,km,km,km,km,km,km,km,km,km,km,km,km,km,km,km,km,km,km,km,km,km,km,km,km,km,km,km,km,km,km,km,km,km,km,km,km,km,km,km,km,km,km,km,km,km,km,km,km,km,km,km,km,km,km,km,km,km,km,km,km,km,km,km,km,km,km,km,km,km,km,km,km,km,km,km,km,km,km,km,km,km,km,km,km,km,km,km,km,km,km,km,km,km,km,km,km,km,km,km,km,km,km,km,km,km,km,km,km,km,km,km,km,km,km,km,km,km,km,km,km,km,km,km,km,km,km,km,km,km,km,km,km,km,km,km,km,km,km,km,km,km,km,km,km,km,km,km,km,km,km,km,km,km,km,km,km,km,km,km,km,km,km,km,km,km,km,km,km,km,km,km,km,km,km,km,km,km,km,km,km,km,km,km,km,km,km,km,km,km,km,km,km,km,km,km,km,km,km,km,km,km,km,km,km,km,km,km,km,km,km,km,km,km,km,km,km,km,km,km,km,km,km,km,km,km,km,km,km,km,km,km,km,km,km,km,km,km,km,km,km,km,km,km,km,km,km,km,km,km,km,km,km,km,km,km,km,km,km,km,km,km,km,km,km,km,km,km,km,km,
0.000,8471.8747,13133.4537,12131.1921,3281.0565,9209.2368,12237.1527,9782.3139,10036.1255,8209.7916,7515.5472,12755.3853,11709.0325,10959.5851,7398.2636,9684.0132,13571.7999,7187.8000,12003.9444,10542.9308,381922.6724,397568.7197,393688.0737,384863.5332,392831.8067,394681.0990,392186.2380,388973.2874,99246151.6295,99234426.2435,99232220.2821,99229346.4761,7686.2209,11315.9863,10764.1114,13097.2751,9726.3946,2590.8477,8758.0766,4139.2861,10068.3476,9990.6202,6430.5632,13676.0269,4950.3262,10307.8999,9208.9105,3401.0471,13368.7222,13697.3172,382596.2478,398149.9714,394352.2732,385441.8883,393364.0280,395451.6100,392940.9838,389590.3238,99244795.0276,99233070.2569,99230865.3630,99227991.1419,8038.0324,13735.0134,12464.3276,6856.6556,6226.1893,9002.1311,8722.6469,11444.8159,6131.9037,4605.4134,11326.8395,9666.4462,10382.7636,2128.4827,9171.1721,10078.0425,11689.0650,382242.4940,397807.5907,394134.4984,385237.6163,393101.2288,395238.1205,392573.6737,389284.6233,99241786.1655,99230062.5397,99227856.8870,99224982.3144,11180.3620,11192.2553,11635.4436,9625.6264,13096.3397,13081.4931,6381.2891,10945.0310,6561.9167,8672.1952,13441.5224,13147.1962,6522.0755,10157.3857,8971.4766,7332.4846,376249.3374,391881.8324,388184.1745,379348.7788,387229.4111,389217.1150,386523.6629,383342.9144,99246838.0123,99235114.6179,99232907.7544,99230033.2728,7269.5301,12497.4306,11584.1878,10770.9212,10393.6706,6732.8288,12879.0033,12547.4917,8800.7373,9620.6694,9802.3287,13684.4259,9337.5098,10341.0875,8111.6492,381089.1890,396769.8734,392905.3734,384113.9803,392077.0687,393864.7388,391321.2397,388175.3724,99245983.8555,99234258.7004,99232052.0953,99229178.2936,8653.3650,13646.3325,8042.7324,11294.6752,10828.0946,8938.5158,13647.9578,3627.9832,10707.2835,6069.8850,11990.2315,13218.5314,4529.2421,5174.2740,385029.4976,400733.4708,396959.8180,388191.2712,396112.9750,397907.0759,395238.2924,392163.9876,99239772.0775,99228047.4844,99225840.3264,99222966.3798,10097.5740,3586.9095,7496.1348,13640.1934,1193.9749,10403.4398,9028.6894,7816.7005,4619.1754,7443.2845,11851.5029,7249.8669,10666.3211,387781.5245,403395.1449,399693.2128,390838.4728,398719.9396,400744.4957,398071.6310,394857.4628,99236759.6701,99225035.4622,99222829.5310,99219955.2389,10001.8165,6287.0263,9332.8885,10053.8902,4004.9173,13532.5390,7181.6107,11491.4508,7586.3857,3543.2930,13179.3014,13316.3612,380729.7955,396277.8856,392510.6632,383595.6513,391502.8937,393619.9718,391079.1815,387728.0639,99245782.7069,99234058.3294,99231853.2764,99228978.9190,5396.1527,13385.6648,4716.7871,11476.0562,9731.9534,5225.3081,2353.1104,9912.5549,10912.1534,8610.6997,11273.2746,388739.2354,404359.1401,400599.3545,391748.2187,399657.9015,401637.3793,399026.1481,395802.9042,99237279.5311,99225554.7406,99223349.0420,99220474.9524,11983.7154,8205.2949,9370.2736,12729.3167,1275.4483,7109.6497,10264.6018,6807.5339,12173.0607,13405.1753,386330.0093,401906.0143,398102.7172,389211.5142,397138.2455,399179.1055,396655.7870,393341.9339,99241241.1416,99229516.0842,99227311.1048,99224437.0140,13484.7796,8579.9696,9966.2057,11904.3294,13186.6277,10926.9577,7501.6446,11257.6515,8220.9508,375780.7531,391427.5675,387620.4526,378795.7028,386729.6447,388624.9338,386045.7451,382853.4942,99249782.1187,99238057.8066,99235851.1980,99232977.0524,9915.4674,8826.0215,8622.1119,5608.8781,6519.9723,11995.8430,6921.7601,10391.2096,387064.9197,402676.7647,398990.9356,390135.5315,398009.0694,400045.7278,397355.6706,394144.3075,99237028.0269,99225304.0103,99223097.9872,99220223.6310,12470.8339,10212.6040,12651.0811,5004.1180,6279.2437,12053.7286,11968.4069,378504.2331,394063.8266,390348.1927,381444.6919,389328.3330,391452.9260,388842.9089,385528.1657,99246316.0597,99234592.2976,99232386.7184,99229512.1902,12454.0028,8268.2318,10276.8819,13525.3753,2365.6474,2417.0116,382629.9769,398331.7483,394604.0495,385835.2564,393734.7612,395559.2292,392839.2292,389776.5811,99240815.5839,99229091.5611,99226884.0974,99224009.9646,6631.9942,11065.8763,7161.3570,12047.9806,13153.5202,386634.3302,402222.2222,398403.6364,389523.1566,397458.0658,399465.8622,396949.9278,393652.0988,99241181.9044,99229456.6984,99227251.6255,99224377.6097,10895.2483,11935.0841,7366.9472,10002.0654,388735.0529,404383.0310,400615.0518,391790.4124,399706.0105,401622.8841,398996.7245,395821.1230,99237077.4708,99225352.6305,99223146.5342,99220272.5258,10128.5898,9065.3957,10485.7034,381135.2207,396717.2515,393060.1696,384179.7571,392036.9631,394148.4219,391450.8594,388197.1909,99242137.3906,99230413.9940,99228207.9502,99225333.3439,13755.5323,12964.1349,379654.2637,395223.2314,391402.2853,382505.7754,390440.1610,392483.2998,389986.6044,386654.5652,99247798.1021,99236073.3388,99233868.1525,99230993.9732,4455.5490,383979.1516,399664.8969,395964.3238,387180.5167,395066.0308,396939.7065,394202.2571,391119.8060,99239132.2994,99227408.4165,99225201.1462,99222326.9266,380297.0963,396000.9480,392262.7980,383495.9041,391400.5220,393214.7113,390505.1761,387442.2509,99243166.8584,99231442.8992,99229235.3325,99226361.1896,16335.2961,14002.2813,10768.6400,14558.9951,14893.9382,11115.0707,8279.6562,99587068.4388,99575370.0993,99573142.4648,99570260.9407,7686.0462,14661.4319,7313.7875,10114.1054,10578.3193,8833.8815,99601633.1498,99589935.9399,99587708.2663,99584826.2873,9905.9836,6224.7649,5283.4366,10567.6311,6610.9131,99600858.9970,99589160.5343,99586933.3731,99584051.8266,8538.8137,13734.3079,15855.5077,7461.8918,99593300.0051,99581601.0016,99579375.0823,99576493.5657,11344.9444,13875.6452,6614.5704,99599289.1170,99587591.1116,99585364.7007,99582482.8525,8538.8137,9544.1491,99601601.5005,99589902.9046,99587674.8734,99584793.5148,9021.5480,99595767.8986,99584070.2197,99581841.2627,99578959.6722,99594663.6443,99582965.5450,99580738.3313,99577856.6446,20094.8278,24348.8797,22894.4211,19633.9348,20712.3101,6791.8266,
3600.000,10081.6218,13318.6523,9865.0856,2766.5852,9201.5404,12471.1248,9523.9905,12253.2641,6891.4337,7036.8456,13163.2518,11550.5473,11451.0941,11656.0706,6279.0000,12959.3135,10841.7695,8798.9277,10786.6506,377530.8182,393646.1724,389456.0893,382564.8988,389820.7271,391687.2785,391935.0201,387314.1925,99261349.5429,99253526.3427,99252027.3294,99247651.8576,9239.0181,13083.1599,10756.2483,9800.2882,9999.5140,5095.1225,7183.6873,4432.7546,9253.0403,10094.3810,10374.2070,12392.0943,3488.3795,10260.9633,12319.0098,3070.6483,13551.2379,13618.6667,373839.0353,390064.3572,385835.7775,378998.8008,386378.6663,387996.1225,388130.4211,383640.7267,99264354.3634,99256531.4910,99255030.7162,99250655.4711,8256.1864,13737.1243,12462.1635,9242.4037,7807.9555,8926.7856,12037.9690,9360.1156,7796.5768,4398.1187,9954.4486,8660.0884,13578.7127,5322.6393,7252.9729,11415.7427,9033.8217,382401.7702,398645.4938,394372.2217,387562.0932,394978.4073,396519.7024,396664.1667,392191.8086,99257442.9080,99249619.0217,99248118.1334,99243743.1024,10283.9352,12445.8029,11635.0136,10501.8944,12866.1777,13182.2508,7238.4855,11015.0897,5552.1273,9117.0806,13424.2995,11792.0288,5964.9463,11808.4427,6628.7133,4628.8596,385919.1808,402081.8664,397842.5990,390987.5025,398307.9177,400044.6420,400271.2012,395699.1297,99254324.9057,99246500.7602,99245001.2712,99240626.0599,7153.0423,11040.7062,11164.3585,11300.7332,7427.7790,9146.5037,12014.3463,12597.9915,9787.0560,11554.2416,3894.3557,12586.9937,11925.2830,7329.3902,9977.2748,377172.0760,393268.2591,389039.7838,382158.7585,389412.9334,391283.0880,391588.9219,386935.0149,99262834.4362,99255010.8108,99253512.0139,99249136.5885,5335.2048,12593.4894,5982.5381,8148.9673,13027.6600,7012.5479,13686.7839,6159.4121,8303.4918,3539.9597,11103.1774,11654.7135,7952.9653,9904.7970,375195.2031,391315.2309,386988.8807,380158.8586,387479.6614,389216.0957,389572.8443,384927.7771,99266719.2543,99258894.9163,99257395.5718,99253020.3739,12423.5198,3498.2246,10672.9799,13644.7778,1872.0977,11855.6026,4342.8355,7328.4307,8358.6926,7836.8163,10920.7660,8668.1146,8638.2965,377748.0010,393913.6440,389551.2736,382753.7294,390134.8081,391747.9786,392072.2806,387480.1288,99264773.9491,99256949.2373,99255449.2364,99251074.2186,10583.1619,7165.5037,5275.7259,12029.3073,6936.3413,13475.9728,7720.1012,12206.7573,11386.0748,2924.0611,13320.7577,12717.7321,377777.8628,394012.3324,389833.5621,382978.9542,390345.6886,391987.5461,392065.5792,387601.0485,99259458.8743,99251636.2351,99250135.4876,99245760.1930,8582.3742,13022.3880,4009.8223,11786.2377,7446.7637,4073.0216,8765.5958,9538.3388,8536.7854,10931.6784,10937.8036,375323.0567,391516.2002,387180.0775,380379.9033,387776.1861,389359.7112,389626.3203,385073.6394,99265994.3222,99258170.1641,99256669.7368,99252294.6824,9097.4405,11399.4742,12167.8287,12198.4104,6374.2245,7311.2869,13674.8110,6758.1615,12310.9453,13497.9506,372836.2288,389010.8733,384796.1391,377934.7992,385259.0256,386989.9992,387181.7567,382628.3702,99265508.4302,99257685.5691,99256185.5347,99251810.1655,13368.4545,6156.5146,12978.0135,11423.8599,11582.0631,10837.6210,7849.0397,10953.8765,10601.4169,381124.1794,397313.4569,393154.8726,386275.3551,393588.3154,395338.6828,395460.2730,390941.9261,99256424.1608,99248601.2940,99247101.3467,99242725.9642,10780.4151,4716.8589,7431.8462,9755.5795,6529.6360,10511.7034,9029.9157,8232.6727,378986.9073,395169.8923,390809.2823,384017.0950,391414.0697,392994.7012,393293.8876,388724.8926,99263411.8683,99255587.1441,99254086.9245,99249711.9450,11292.2362,11061.3202,13685.3820,6490.6455,8080.8439,10784.4460,8535.2963,384193.6777,400420.1352,396199.8696,389359.5925,396734.7529,398359.8033,398483.7076,393999.3654,99254686.2681,99246862.7029,99245362.2143,99240987.0556,10589.3074,7894.0836,6337.5375,12859.1929,4902.6682,5107.2042,380976.4215,397107.9765,392754.4279,385940.9153,393284.0683,394973.6035,395336.0222,390702.0384,99262040.7809,99254215.7645,99252716.3836,99248341.3225,9952.3031,11174.2884,5222.4414,12954.5317,12868.3135,373944.7335,390167.2342,385884.1984,379070.3527,386471.6316,388045.7313,388229.2977,383724.6213,99265609.3381,99257785.9171,99256285.1063,99251909.9728,12216.3472,12026.1339,7380.4839,10078.8789,375494.4863,391593.3631,387311.2585,380454.4184,387735.0308,389552.5888,389900.5436,385237.7361,99265621.6476,99257797.6359,99256298.6738,99251923.3501,11222.0258,7621.8558,4510.5175,384729.6995,400920.7456,396606.5446,389795.1248,397177.0778,398788.7311,399039.2058,394488.9111,99256947.5018,99249122.8136,99247622.7378,99243247.7278,13747.5693,13109.7192,376268.6173,392514.2980,388301.4399,381465.5513,388858.4255,390447.9674,390540.0641,386082.0859,99261535.8906,99253713.0723,99252212.0726,99247836.8540,3578.6590,382777.1318,398879.6848,394579.6802,387731.9444,395022.4185,396818.7097,397175.5783,392514.9983,99259425.7763,99251601.0323,99250102.2291,99245727.0203,384906.8547,401044.8147,396740.2342,389905.9133,397231.7643,398957.1262,399271.0932,394654.0469,99257174.9024,99249350.0837,99247850.8282,99243475.7083,16881.2276,14455.7701,9175.8639,16789.2710,15535.7728,15108.4136,10186.2364,99604016.4052,99596222.3006,99594710.6300,99590331.6395,7424.7979,11795.9419,7634.4411,6834.9623,9901.3278,7474.3767,99619625.4858,99611832.2874,99610321.0118,99605941.7821,7442.0170,7785.7882,3858.5880,11871.6699,5814.8562,99618121.1582,99610326.6627,99608815.5376,99604436.5326,8919.4553,10427.6245,15119.3042,7110.4569,99611165.1158,99603370.4088,99601859.7717,99597480.7270,10514.4141,16336.3281,10121.7780,99617665.8692,99609871.7960,99608361.8084,99603982.5350,8919.4553,5787.3683,99619541.7407,99611747.6293,99610235.8624,99605856.8892,8043.1391,99616412.5750,99608619.7680,99607106.7728,99602727.7509,99614071.3627,99606277.5480,99604765.8470,99600386.8058,19921.0270,22908.5117,21984.1346,18507.9793,17968.1034,5768.9623,
7200.000,6812.4359,13106.0223,10680.2726,3077.0094,9480.7664,10194.0158,8653.8377,11072.2052,2886.9560,10134.4339,11648.2504,11303.5678,12036.2945,9987.8669,4543.6213,11371.8739,9570.1656,10501.2635,12798.5509,379733.3345,394507.1759,390613.0495,387368.3367,392977.1294,393599.8315,397050.7411,391691.7933,99273498.5828,99269623.1094,99268644.4494,99261550.1397,12887.4400,12028.9396,5732.5932,7962.4737,12111.4488,6934.9125,11153.4365,4785.4093,6494.4189,12829.4318,11984.2758,11818.3332,7817.6047,10219.5649,13718.1085,3409.0909,13485.7356,13395.1271,383843.9747,398557.8654,394648.3181,391430.3548,396918.2459,397647.5182,401228.2613,395751.3361,99270798.0623,99266921.6329,99265943.8279,99258849.3735,4988.7442,13729.3270,12495.5416,10290.5884,9389.7221,10355.3244,12924.8036,8955.3012,8639.7409,4180.6181,9066.1816,12281.4603,11979.2035,5224.1907,11727.1390,6406.3313,5744.6051,372369.2796,387015.6424,383065.9852,379897.9621,385286.9746,386087.6203,389807.0577,384240.1598,99283297.7589,99279421.2904,99278444.0163,99271349.4272,12347.6767,13789.4113,11629.5893,6990.3640,12496.3877,10457.9921,8176.9191,10884.6545,1201.5019,11817.0629,13790.5886,10038.8228,5676.9745,12086.1738,6032.9948,8982.0087,373258.9040,387943.8212,383977.2483,380814.8641,386306.1178,387002.2673,390638.5715,385183.6182,99282687.3864,99278810.9234,99277832.8209,99270738.4466,7022.6772,9257.3169,9885.4456,9513.6076,4221.8218,10559.3380,10904.7829,12764.9048,10763.1796,7581.5877,5707.4033,12302.5419,8305.7827,11553.2600,12551.6350,380951.7647,395719.5262,391847.2230,388585.1955,394156.7519,394825.6232,398291.3205,392886.0279,99271692.3286,99267816.9766,99266838.6957,99259744.2778,6545.7059,12478.1214,4515.8003,9954.4591,11537.7029,7512.3863,13727.6871,5859.6579,965.4498,9557.8249,12058.6602,7619.3109,11857.6868,9538.0209,379730.1533,394445.7979,390599.4033,387327.3608,392759.5760,393571.7894,397147.8193,391589.6119,99272462.2203,99268586.8971,99267609.7765,99260515.0549,13737.9685,3091.7519,11809.3572,13600.2234,2442.1092,11845.6300,3838.6000,7085.3298,7292.9769,7547.9472,12159.0892,7144.9440,5581.6015,373388.1500,388120.6913,384273.9746,380998.1162,386469.7222,387244.8240,390786.5005,385265.8444,99278140.4935,99274265.7728,99273288.3390,99266193.6500,13562.1520,6586.2920,2914.6606,13646.7920,6848.1870,13432.7838,12301.3080,11027.4772,11239.2827,7406.3462,11294.9703,12684.8250,380246.7687,394931.3642,390962.4459,387802.3160,393292.6289,393988.5976,397624.4312,392172.5395,99276419.9361,99272542.8765,99271564.7765,99264470.4497,12095.5461,12794.0391,3282.8057,12443.2085,1851.4828,4769.4527,9298.0386,9154.0797,10513.7468,9106.8112,5828.5033,375292.2294,389999.1633,386152.8910,382882.7057,388297.9437,389125.9015,392720.3811,387142.9575,99276630.3085,99272755.2664,99271778.2567,99264683.4836,8033.7224,12899.3143,10884.1410,12863.0087,10217.1850,7117.7150,12333.8959,7768.1539,11716.9581,13570.3259,381584.1353,396336.5126,392422.1186,389199.5997,394780.2321,395419.4699,398916.0412,393536.1585,99272681.4517,99268805.4307,99267826.8947,99260732.5971,13237.4916,7656.3482,12508.4476,11149.2419,12363.9248,11780.0078,5602.3503,12076.0249,12135.9681,380991.6487,395651.0176,391687.1142,388528.4884,393957.4426,394713.6063,398403.5922,392886.9403,99275812.9726,99271935.7272,99270958.1141,99263863.6759,10914.7430,2656.3083,7773.1531,8917.3783,6496.8135,12311.3910,6537.0529,3339.6403,372344.4145,387051.1567,383191.3408,379932.5402,385360.8002,386170.0787,389766.6369,384205.7238,99279772.0624,99275897.0814,99274919.9090,99267825.1732,11640.3061,13646.6278,10826.6775,6015.3880,11716.8544,6588.9569,8774.4766,373515.6023,388186.7080,384216.6106,381060.4614,386525.2420,387244.3642,390909.3648,385428.8084,99282705.8640,99278829.2407,99277851.3185,99270756.9103,5872.8798,10188.6628,8348.5141,10789.7563,8566.9544,4358.3826,374335.7878,389024.7515,385167.0808,381910.7360,387298.4101,388146.5075,391778.9124,386176.9940,99278057.4785,99274182.2454,99273205.3874,99266110.5904,10246.5393,12247.5938,7084.2876,12147.7188,9535.8361,380043.5922,394748.5548,390897.4481,387631.8998,393045.3447,393872.8017,397471.2581,391895.6829,99272435.6272,99268560.1454,99267583.1464,99260488.4061,8626.5796,12119.9785,7458.8217,10412.1661,375508.9542,390290.6466,386414.2452,383152.5379,388762.4826,389392.7972,392827.8761,387461.7562,99276714.1215,99272839.2424,99271860.6527,99264766.2768,13629.6372,1386.8892,4844.4186,370169.4683,384873.2006,380955.4164,377746.5609,383226.3979,383958.6749,387561.9557,382073.9814,99283675.2656,99279799.7463,99278821.9424,99271727.4142,13726.0693,12418.3550,383512.4758,398189.1171,394274.3495,391069.5200,396481.9364,397279.1268,400937.6820,395385.4276,99271652.0268,99267775.2891,99266798.0319,99259703.4602,5583.7441,370379.4652,385099.5968,381188.4681,377970.1536,383479.0872,384187.4269,387756.2077,382295.7027,99283110.2532,99279234.9117,99278256.9230,99271162.4284,371354.1250,386031.0976,382140.5887,378914.7761,384308.8629,385134.9135,388794.1795,383209.0283,99281965.5986,99278090.1197,99277113.0642,99270018.3383,15391.8632,13042.4705,8467.3173,17795.5483,14900.0524,18045.8585,12621.1659,99620380.7135,99616535.1437,99615555.6509,99608459.1496,5614.1640,7185.8582,8118.5810,2370.7776,9651.6287,4230.6068,99635058.5200,99631213.4574,99630234.5047,99623137.8226,5161.6795,8786.2893,3559.3181,12822.1923,7246.6735,99633051.4732,99629205.4418,99628226.3776,99621129.8021,10353.7274,6576.3934,12860.4624,5480.9163,99628485.8983,99624640.3343,99623661.2481,99616564.6408,8410.9482,17710.3456,8753.0693,99634508.8573,99630662.9314,99629685.2860,99622588.3338,10353.7274,5661.3253,99635039.4420,99631193.9810,99630214.9013,99623118.2841,10642.8986,99635649.9464,99631806.1594,99630825.7630,99623729.3532,99631250.7473,99627405.9695,99626427.1509,99619330.4111,20024.2357,23359.3379,22867.9658,17074.5983,15368.0026,8319.2227,
10800.000,4460.4231,12878.1210,12757.3165,3851.5182,9576.6117,10028.4037,8434.6611,9548.4228,5522.7188,8613.6762,11249.5760,11487.4017,12181.1758,4300.7284,8800.0760,12143.2762,5135.3815,13268.6900,12538.0213,373211.8647,383951.0786,382586.5364,385745.2932,386214.8028,385220.6562,392863.9429,386167.2585,99296996.0329,99297096.8959,99295815.8466,99284284.2034,11420.3115,10300.1567,6825.1947,11910.0389,11592.8580,4677.4257,11697.4878,4311.1176,7432.3724,12450.8444,8739.8937,13338.8848,8292.1330,10180.6152,10838.8146,3710.5898,13432.0119,13448.7481,371296.4221,382020.3111,380687.5824,383812.8658,384260.8015,383275.3067,390970.4469,384245.5858,99297546.6638,99297648.0016,99296367.5281,99284835.5427,4880.7036,13750.0728,12521.5913,8226.5230,8197.6338,9413.8683,9779.5051,12005.7082,7251.5088,4194.8553,10058.3156,12966.2735,8441.2871,1890.3725,12634.1793,5302.9381,9652.1769,378698.6205,389430.0911,388196.9154,391187.3303,391815.7981,390711.3111,398329.1154,391671.1215,99287313.4917,99287415.8596,99286135.4031,99274603.2111,13010.0903,12558.4063,11636.5556,6918.1216,12303.6921,10559.6095,8940.2841,10844.2400,3891.0267,10310.1785,13821.6316,11672.7977,6216.7139,10569.6049,8080.1579,9802.4415,374009.8226,384744.2974,383525.9775,386495.1949,387162.3153,386032.4604,393629.5716,386987.0307,99291155.6364,99291258.6120,99289978.1904,99278445.8659,6883.7733,10956.7828,10429.5959,9950.3678,8799.9733,6892.0135,11787.2066,12879.5149,10200.7090,4376.6177,10506.3251,13473.6975,5055.5512,13014.6890,10645.2979,372060.7321,382820.8952,381466.5022,384601.2565,385178.0280,384118.5827,391671.3489,385034.3405,99297786.3605,99297887.6734,99296606.1141,99285074.6058,9336.0964,13495.8110,7840.2745,12560.8078,8983.6060,9215.7349,13660.5890,4392.9286,6971.7912,10409.9884,12787.9380,10222.0812,9278.8753,5091.3143,375755.6067,386541.3329,385231.8812,388294.0608,389051.5058,387879.3533,395303.4523,388756.8956,99292988.5961,99293090.5667,99291808.3782,99280277.0164,11407.4775,1885.2493,8888.8160,13563.3906,1924.2579,10371.9128,9029.8655,7771.7350,2322.5270,7238.4514,12834.6105,6495.3031,9253.8705,381983.8489,392732.1385,391421.2610,394505.6379,395086.3553,394020.2114,401608.2605,394956.4733,99287077.6936,99287178.7704,99285897.5433,99274365.9360,12116.7958,5074.3547,8647.3747,11765.3345,4570.0075,13395.6465,11229.7098,10138.2349,7767.0782,7012.5032,11777.3356,13256.1969,372601.8379,383315.1075,382028.6340,385098.4942,385569.3423,384564.6466,392281.7979,385550.6786,99294708.0401,99294809.8736,99293529.8233,99281997.5580,9499.1093,13087.4314,2856.7619,11441.1452,8085.8146,6638.9479,3534.1693,8655.3713,12481.9257,6911.3320,8447.2184,381461.4993,392218.4775,390899.1299,393990.0069,394597.5082,393516.4164,401071.1864,394439.3346,99287909.1028,99288010.1791,99286728.6822,99275197.1924,10639.9305,10022.6271,7824.0340,13517.2455,7962.8624,6972.7821,8569.9516,7613.3206,12052.8035,13634.1621,375358.8350,386073.8621,384738.4878,387871.3664,388277.2426,387317.6504,395047.7746,388300.4112,99293906.1263,99294007.0233,99292726.7015,99281194.7353,13562.4661,10392.0978,9826.2317,10304.7166,13399.3199,12549.5593,4408.5231,12382.4688,9805.8625,368705.9038,379464.8812,378180.2398,381224.9783,381896.3055,380771.4138,388304.4127,381691.3014,99298389.0187,99298491.6135,99297210.4283,99285678.5096,10045.2508,8029.1181,9043.9740,3992.7273,6593.8727,13432.0381,4748.6926,8144.0679,382218.7840,392971.3540,391680.9243,394736.3109,395365.9725,394268.1619,401829.7674,395198.3760,99286151.5832,99286253.0017,99284971.7268,99273440.0743,12122.6215,12966.3592,9737.3777,4292.5413,10368.8018,8885.4443,11779.7555,375378.6866,386096.2009,384851.1089,387864.1957,388416.0180,387358.3108,395037.6610,388337.9733,99290744.4171,99290846.7144,99289566.6423,99278034.2969,10067.9621,10601.5241,10819.8995,12042.2644,6043.2341,775.6269,377173.9979,387958.2020,386695.9792,389697.0404,390517.0777,389301.9521,396712.0124,390182.4488,99290015.7141,99290118.2837,99288836.2804,99277304.7223,7273.9084,12263.9745,8324.9214,11716.0399,10609.2287,376283.8386,387039.8676,385673.7356,388825.7083,389366.8040,388330.5795,395903.7490,389252.0625,99294342.2476,99294443.0134,99293161.4350,99281630.0407,7089.5178,11978.1968,8085.7630,10817.8986,381201.6238,391938.7922,390614.8774,393721.9276,394235.6416,393210.9615,400849.5451,394163.1259,99288215.6887,99288316.5145,99287035.5564,99275503.8806,12527.0693,6016.4768,10527.8804,379405.7636,390131.6901,388881.3647,391897.2731,392474.5285,391402.7334,399052.1757,392371.0349,99287230.5669,99287332.5597,99286052.1904,99274520.0330,13690.0804,12183.6210,369260.2623,380002.6570,378676.5160,381784.0910,382321.2803,381281.5076,388900.4362,382225.3276,99299240.5912,99299342.3616,99298061.4629,99286529.5788,5696.6461,380489.6460,391249.0440,390007.6350,392994.7117,393731.4284,392563.6505,400071.5428,393482.7920,99286067.0319,99286169.4168,99284888.1378,99273356.3003,377092.6311,387875.5927,386621.6894,389612.4589,390439.5683,389219.1942,396630.5788,390101.5524,99289793.3143,99289896.0053,99288614.0668,99277082.4571,10964.8226,10710.5863,12626.7648,17901.6098,13047.7909,20102.4883,13116.9994,99636145.1360,99636275.9320,99635001.5075,99623461.2143,4631.3801,2566.2081,10659.7133,3209.8602,11060.0398,2398.0254,99645988.1417,99646119.6101,99644845.7103,99633305.0598,6768.1544,9410.5601,5168.6011,13502.7142,5138.7869,99646558.1392,99646688.7102,99645414.6544,99633874.2442,12218.4492,4637.6399,8834.9854,2368.6386,99647048.3603,99647180.2932,99645906.2934,99634365.5970,7690.4548,18102.3294,10430.6658,99650123.8929,99650253.9847,99648981.2849,99637440.3778,12218.4492,3406.8174,99647449.8226,99647581.0603,99646307.5888,99634766.7965,9231.1061,99653580.3518,99653713.1698,99652438.4816,99640897.9141,99648343.0497,99648474.5809,99647200.6254,99635659.9870,20243.7756,24921.4559,22126.0549,15913.8408,16258.8479,13869.8979,
14400.000,8683.3701,13041.9835,11976.0061,3867.9098,9388.5169,12366.0890,8697.9016,11725.8139,8207.8027,3906.4194,12844.6288,11725.4898,12271.0136,7416.0496,9662.1165,13583.5671,7476.3722,11667.8006,10855.8925,374416.0136,385168.0379,383151.3612,392332.8455,387268.0383,387570.7620,395495.5237,389129.8968,99304340.9121,99308459.5411,99305778.9044,99292018.0750,7394.7802,11773.1571,11296.5169,12830.2344,9289.6825,1850.9964,8247.3988,3799.4347,8685.4264,9559.2592,6992.2861,13415.3791,4163.2281,10125.3476,9440.3632,3421.3922,13609.1877,13566.2822,372741.4784,383581.8165,381534.3106,390767.3690,385815.2479,385980.1153,393750.8116,387569.5824,99306454.6875,99310574.0511,99307892.2827,99294131.5426,8102.6100,13772.6328,12538.5283,7244.3164,7149.3508,7314.6489,8960.6982,11994.2122,6551.1690,4172.9565,9924.9089,9683.1072,10956.1916,2618.9074,8500.6136,10819.6439,11133.6344,374103.7529,385068.4253,382895.3777,392198.2488,387135.7851,387451.3766,395122.1289,389002.2830,99307986.8136,99312105.0701,99309422.5027,99295662.7202,11105.8594,11140.5941,11631.1381,10769.0947,12128.6732,13284.6191,9595.8913,10975.5805,6619.5859,6831.7552,13459.1576,13067.9291,6346.2331,10520.5550,7672.9686,5351.2043,379652.1984,390593.5688,388402.1506,397690.8933,392507.3982,392975.1289,400727.3473,394491.3444,99303361.8588,99307478.9295,99304796.7918,99291037.4744,6762.2185,12215.0136,11294.9304,11975.3084,10413.5678,5660.8674,12599.5317,12866.3499,10016.0686,9763.7692,9046.4190,13620.2851,10284.2312,9124.9382,8372.9092,374560.9645,385336.7585,383273.0939,392467.1306,387306.2298,387733.9947,395672.6709,389262.9860,99305294.7125,99309412.6054,99306732.0812,99292971.6078,8312.5628,13323.3730,8720.1712,10942.7886,11021.8107,8643.5089,13600.3316,6061.1232,10734.4273,5272.9918,11837.1915,13297.1924,4886.1068,7160.1866,370674.9403,381542.8286,379381.4877,388627.0814,383370.2823,383928.1928,391801.0083,385423.8517,99311018.3093,99315135.6141,99312454.7244,99298694.7340,10280.6219,1442.7554,7545.9245,13396.7959,1147.0043,10450.6273,8546.1016,8142.2766,5029.2214,7652.5161,11517.2327,8779.0520,11202.9894,368154.0944,379097.5513,376916.7658,386206.8682,381067.8110,381480.0756,389213.4241,383008.2481,99313612.4146,99317730.5725,99315048.6990,99301288.6683,9413.0094,5502.5110,7879.6002,10387.5354,5747.2592,13332.8694,5745.8334,11261.4494,9039.4519,2019.8997,13609.3020,13094.6365,374583.0330,385426.1824,383376.5647,392611.2648,387658.2875,387824.2429,395591.4586,389413.5621,99304801.9634,99308921.1991,99306239.3390,99292478.7093,6241.7330,12937.1075,2390.3530,10320.2733,9526.8099,6874.0477,4771.3273,8159.9329,10709.1703,9678.3402,11865.1786,367873.6775,378797.9951,376641.2153,385920.7706,380813.5954,381183.4458,388925.9508,382722.1208,99313329.3337,99317447.7693,99314765.9700,99301005.7541,9769.9355,8233.6292,9796.8620,12963.4703,999.2046,7217.0561,10729.4137,6501.6414,12880.9822,13686.1009,369506.2058,380335.3289,378285.1998,387511.5671,382523.7394,382733.5729,390535.3078,384312.4663,99309499.4345,99313618.7759,99310937.3561,99297176.4762,13564.7658,9588.2063,11966.3456,9240.5777,11938.2696,12300.6405,6197.8575,11682.0964,9800.8016,377908.8065,388687.1367,386653.6049,395850.4076,390791.0349,391087.9122,398979.2054,392648.2417,99301448.6323,99305567.0243,99302886.0113,99289125.4763,9937.4244,8052.8665,8864.7749,5955.6482,6738.1794,11642.3600,8455.1273,10821.7870,368861.0179,379820.2941,377625.1120,386924.0970,381776.5546,382200.9798,389918.5467,383725.9118,99313288.3621,99317406.3825,99314724.3673,99300964.4740,11000.7161,10242.9681,12910.9795,4936.3842,6307.3754,11787.1663,10763.2298,377597.6844,388522.9145,386388.9821,395669.8841,390637.4079,390910.8416,398615.2568,392473.1037,99303896.8605,99308015.1793,99305332.7341,99291572.8641,13104.1883,9065.5560,8104.2868,13485.5046,1390.9202,3760.7543,374313.2751,385264.9892,383033.9317,392327.0938,387044.0659,387641.6418,395424.7084,389126.1831,99309219.3716,99313336.0772,99310654.3851,99296895.0744,7206.8813,11344.0511,6448.0956,12929.6220,13633.6821,369654.7364,380467.8115,378429.0798,387646.2642,382657.0378,382867.4902,390688.7860,384446.6303,99309123.9465,99313243.2990,99310562.0223,99296801.0739,11268.7951,11857.6827,8513.2932,10924.6358,367325.4578,378194.0796,376062.1199,385309.3823,380148.7599,380582.9602,388415.7017,382107.7472,99313342.5079,99317460.7142,99314779.6166,99301019.2208,10020.7784,9197.0896,9420.2424,375142.6720,386128.4669,383921.7008,393236.0412,388113.9636,388507.4620,396179.0727,390039.5328,99307808.9510,99311926.6752,99309244.0819,99295484.6037,13656.5497,12696.0240,375881.1944,386700.3933,384667.1708,393888.2077,388930.2509,389100.5912,396898.3294,390689.5959,99303250.7026,99307369.8673,99304688.1953,99290927.5226,3701.7120,373849.8486,384782.9271,382563.2033,391845.6292,386554.9200,387161.0338,394969.7294,388643.9587,99309405.5603,99313522.2798,99310840.8007,99297081.3895,377331.0310,388243.5158,386046.0461,395317.1259,390046.9458,390624.4962,398448.5131,392115.0848,99305714.0749,99309830.7389,99307149.2521,99293389.8747,12784.5174,9172.0940,18763.4746,17304.3236,14557.6619,21377.7991,15785.9309,99651447.1257,99655590.7792,99652921.9454,99639142.2148,7039.7011,8015.7532,13285.4341,2527.0740,13087.6328,5399.6175,99659024.1956,99663169.2773,99660501.6794,99646720.6258,10031.8935,9853.6609,7439.7212,13911.3519,7263.9709,99659728.3307,99663872.2096,99661203.9697,99647423.8566,10963.4091,5597.2570,8822.0466,3209.3607,99666874.7790,99671019.6601,99668352.2478,99654571.2237,12572.1068,17566.2509,9735.8330,99664839.6295,99668982.3358,99666314.9713,99652535.1215,10963.4091,3418.6445,99661541.9921,99665687.1153,99663019.5306,99649238.4485,10541.4112,99670379.1511,99674524.7925,99671856.3209,99658075.3403,99663911.6352,99668056.2830,99665388.7892,99651607.9288,20649.9927,26335.6784,17926.4343,15582.8515,21326.5907,19216.1249,
18000.000,9753.8500,13187.1655,9784.4434,3514.3313,9387.0687,12391.6438,8205.9131,12965.3950,6489.6096,7102.0441,13115.9043,11542.8452,12732.0166,11599.6664,6039.8684,12779.7594,10831.5658,9083.5308,11767.4820,374595.7570,386963.4754,383888.9969,394357.2948,387169.0445,390819.9434,396344.6126,389393.9413,99320530.0060,99328634.1648,99323699.1174,99312079.8032,10000.6341,13252.0736,10111.4782,9100.5312,10023.3732,5648.1593,9064.9149,4245.6270,6110.0171,10233.8905,10982.7657,11814.9818,3330.7656,10096.4961,12761.7160,3199.6331,13702.1294,13375.6900,378669.0010,390966.5090,387899.7218,398254.4229,391007.4203,394902.6243,400472.6541,393405.6040,99317032.2781,99325134.9183,99320200.5144,99308582.4631,7885.8008,13766.2966,12553.8661,9683.7073,9063.7205,8311.7040,12356.3920,9776.0026,8244.4561,3940.3598,8108.9599,9046.3800,13675.6975,5505.4544,7761.2302,10367.7218,7217.6874,369354.2708,381582.4419,378544.3594,388861.9588,381617.2302,385558.6617,391172.1461,384059.3063,99325157.6754,99333260.5984,99328327.0944,99316708.4851,10703.8289,12607.6905,11630.4117,10553.2865,11731.1954,13036.7062,10320.9058,11033.3406,5361.9385,9162.7718,13428.4055,11460.3204,5715.7388,12120.8307,4803.6441,4596.4874,366173.3027,378459.3398,375416.2350,385830.7450,378635.0532,382370.8865,387949.6111,380932.1267,99327773.3977,99335877.5611,99330943.5312,99319323.8903,6626.9239,10385.5753,10354.7145,11429.3593,6823.4034,9475.4928,11509.0480,12923.6290,11208.7264,11165.3000,2684.7679,12461.4499,11772.6876,8424.7636,11352.4508,375592.5376,387864.5435,384851.0787,395330.2673,388187.6390,391748.2634,397333.0437,390376.4465,99318327.9981,99326432.5471,99321497.8323,99309878.0358,5033.8780,12214.8926,6430.7249,8002.2143,11968.8458,6756.7886,13658.7156,7629.2446,8093.0069,4227.3474,11140.8986,11075.5013,9767.2976,10795.5393,377260.7858,389369.1372,386439.4975,396871.0465,389756.9608,393331.4205,399019.2998,391991.8965,99315249.1661,99323353.5119,99318419.6728,99306799.7952,12936.3412,2158.8568,10853.0339,13095.7933,1906.1318,11890.8115,3664.8926,7690.8521,8428.7078,8001.9458,10799.8482,9456.7418,8420.7546,374495.3247,386535.8155,383631.4740,394014.6391,386892.4318,390543.4468,396273.4864,389191.2395,99317497.4548,99325601.5346,99320668.3374,99309048.5134,12107.0889,6360.2290,1264.5731,12759.4709,7989.6648,13263.3323,8127.3832,11552.5948,12205.6053,4427.1099,12622.9810,12537.9446,374832.1979,387252.0898,384114.0794,394478.2935,387191.6318,391141.0609,396633.3804,389596.1963,99321994.6778,99330097.2895,99325162.4663,99313544.5754,10722.5440,12465.3143,1530.0885,11018.6026,4245.9184,6373.1260,9760.3472,7769.5687,9443.9085,10423.8710,8697.5295,374558.8223,386618.1797,383694.2724,394050.8019,386901.2027,390632.3214,396350.6781,389247.1320,99317933.7523,99326037.4187,99321104.2547,99309484.8196,5932.9306,11610.6909,12329.6641,12646.2063,6676.4959,7379.7281,13789.5522,6729.0811,12700.4689,13727.1890,379103.6989,391432.3605,388363.7724,398772.8129,391553.7361,395332.1135,400882.6336,393870.0868,99316456.2566,99324559.4920,99319624.6809,99308006.1837,13056.0268,8394.6883,13417.7120,8717.7372,10893.0128,12420.3290,5434.2622,12194.6012,12532.8934,374834.7585,387264.1630,384125.5418,394506.2020,387228.0002,391142.0925,396628.4609,389607.7726,99321940.6291,99330043.4262,99325108.4867,99313490.4536,10810.2834,2807.1195,7739.2218,9828.0162,6751.4146,10444.7225,9485.3370,7593.1939,373267.6052,385310.7643,382398.7201,392762.8151,385625.6512,389326.5321,395054.9422,387955.6405,99318863.7635,99326967.6536,99322034.5834,99310414.9025,10005.7255,11127.1678,13552.7333,6372.1909,8755.1755,9262.9739,7119.1833,367725.1330,380045.2263,376961.0223,387308.4609,380049.5044,383976.7097,389533.2766,382461.6285,99327441.3258,99335544.4385,99330610.4771,99318991.8293,9827.4285,9752.6506,4771.9385,11753.0775,7264.8205,5191.1043,370837.1393,382885.9096,379976.1264,390359.4736,383234.7303,386890.7562,392616.0612,385534.4274,99320985.2124,99329089.4677,99324156.3954,99312536.3624,10394.1483,11505.3227,4485.0545,13443.6234,12431.9730,378217.0285,390422.0109,387405.6675,397744.0937,390521.8709,394396.8612,400024.7362,392927.8709,99316483.6171,99324586.3654,99319652.4724,99308034.1550,11981.1953,11996.8186,8473.1429,11004.6766,376257.3462,388452.9717,385483.1139,395954.6309,388836.2456,392366.2911,397999.0906,391022.8126,99316852.8365,99324957.4896,99320023.1216,99308403.1147,11621.0302,6328.9793,2184.1246,367233.4898,379372.0118,376404.0264,386774.8269,379605.0558,383353.7452,389024.3484,381943.6786,99325486.1050,99333590.1078,99328656.8641,99317037.1293,13608.7297,12550.2563,376374.0814,388696.2741,385605.9557,395933.9071,388658.3182,392635.9447,398189.8309,391103.2884,99319743.7714,99327846.1216,99322911.8290,99311294.0226,4290.1838,367921.7949,380110.0238,377137.8564,387591.2221,380463.4912,384035.0426,389673.9237,382677.3638,99324635.9082,99332740.7870,99327806.9269,99316186.5411,366855.1637,379004.1726,376038.8819,386438.7889,379286.4943,382968.6195,388632.8555,381580.0740,99325666.0235,99333770.3877,99328836.9883,99317216.9537,16693.3261,10427.5019,21307.0443,16168.3424,17956.2497,21922.1109,15097.7152,99666514.8372,99674639.5560,99669721.8049,99658077.1605,7603.4053,11952.3843,15065.4138,6170.1919,15081.9279,9695.5496,99673625.3501,99681751.7002,99676836.0525,99665189.1674,11598.3154,10236.4416,8509.3446,13947.9171,5994.5791,99673585.1685,99681710.5190,99676793.9004,99665148.2877,9247.4470,10190.4475,10764.3981,7160.5385,99683689.5281,99691814.5928,99686898.7980,99675253.2008,15148.3419,16115.0784,8813.4938,99679025.3030,99687148.9606,99682232.4638,99670588.4475,9247.4470,7050.2975,99678426.8385,99686553.5135,99681637.3529,99669990.3163,8768.5391,99686255.6088,99694382.0076,99689465.0940,99677818.5624,99679577.1566,99687702.5260,99682785.8862,99671140.2620,21476.0220,26748.9137,13606.2697,16232.2863,26607.1386,23444.6701,
21600.000,6001.5057,12952.0269,10819.8141,3931.6783,9682.8521,10061.2590,7288.1687,11159.0585,2534.9540,9233.3958,11541.0897,11318.1244,13091.4556,9831.5330,5083.5200,11277.2164,8999.9818,11679.1286,13411.2925,369323.2701,383038.1208,380345.0020,388868.9719,381127.8204,388063.8887,391048.8567,385710.6781,99339039.8439,99350941.8777,99343378.3081,99336807.1176,13068.0469,11906.7387,5074.4984,8265.5798,12025.8090,6541.5612,12426.5110,4511.2832,4077.1775,12856.2201,12003.9255,12131.0205,7842.5166,10052.8397,13544.0215,3575.6768,13571.8288,13172.4782,365437.2663,379109.6723,376444.1494,385077.0065,377339.2210,384107.8392,387152.1203,381836.9130,99341665.9644,99353569.0495,99346005.6513,99339433.0402,4410.2748,13760.6857,12565.5468,10377.6759,9950.9368,9380.0547,12672.5720,11345.1392,8839.0867,3743.1500,7930.4068,12595.5122,11463.5917,4975.5779,12219.7216,4204.1615,5645.3798,377092.4420,390606.5124,388021.0715,396785.9353,389077.6619,395630.9907,398785.9616,393453.1621,99328990.1716,99340893.8201,99333330.2069,99326756.9174,12803.8097,13769.2405,11635.6499,7104.0574,11298.4780,10292.2695,11019.7936,10913.0896,899.1145,11082.4347,13800.2196,9935.8679,5537.9289,12143.3069,5341.7370,9240.1674,375983.4156,389426.1095,386862.7080,395561.6800,387875.2605,394526.0602,397681.1137,392284.5048,99329877.6291,99341780.6778,99334217.5448,99327644.9095,6494.8269,8903.6604,9387.9663,9940.9868,5037.4711,8368.5382,10539.0706,13087.6600,11569.4280,6622.5355,6720.6415,12465.9533,7379.0033,12737.1502,12700.3539,367883.5953,381712.7161,378975.5748,387525.4967,379754.7893,386657.7229,389610.8969,384339.9130,99341040.3304,99352942.7462,99345378.7398,99338807.1683,6730.4400,12495.9064,6786.4314,10350.6563,8803.5171,7486.2282,13683.2335,6869.3033,894.0505,9969.5072,12179.9621,7442.8796,12135.7920,9125.7359,369439.9835,383355.7933,380594.5584,389251.9961,381453.3330,388193.8401,391157.4006,385977.1398,99339660.0760,99351563.4398,99343998.7867,99337426.1510,13409.4349,1845.0334,11607.0809,12794.5315,2419.8651,11742.0339,6565.2266,7484.4729,6865.2786,7661.7439,12169.1652,7890.7561,6986.7087,375754.7336,389657.6446,386898.2090,395507.2107,387714.0963,394528.3428,397477.6767,392271.3025,99334017.0481,99345919.7228,99338354.8730,99331783.1914,13576.1997,5271.6097,6596.1902,13629.3871,7337.9951,13206.3520,12248.7899,10025.1477,10973.1499,7881.4640,10971.4639,12838.3294,369147.5721,382601.4411,380027.6558,388684.4222,380998.5951,387715.8825,390849.8373,385439.0440,99336558.7112,99348461.6744,99340898.9191,99334326.2932,12410.2900,12598.6666,835.7746,11270.1321,4936.4466,7438.5110,8238.0389,7293.3346,12064.3233,7330.4719,5331.2219,376150.2942,390029.7747,387284.1789,395934.9624,388144.8326,394893.5341,397868.1501,392668.0563,99333236.4758,99345139.4810,99337574.6252,99331002.5132,7579.9146,12736.9658,10716.4760,13459.1616,10286.0075,7163.2991,11926.4446,7683.9973,12196.9950,13756.3785,367978.8483,381614.4069,378956.8852,387516.9659,379792.8938,386669.8022,389698.4767,384335.5836,99339489.7570,99351392.0878,99343828.8419,99337257.1756,12873.5956,10816.2269,10731.3026,8158.4498,12273.9812,13282.4272,1846.6210,13053.2191,11708.2916,365926.3625,379520.0020,376896.2003,385624.9382,377900.3430,384516.3185,387627.6003,382315.0500,99340122.7150,99352026.5379,99344463.2471,99337889.6424,10865.7320,4841.5026,8096.9622,8465.1330,6711.2987,12444.7143,6714.8994,4819.5979,376804.2414,390664.3173,387927.6393,396587.0148,388800.9700,395535.5512,398520.8191,393314.7225,99332435.0115,99344338.0481,99336773.2211,99330201.0603,10681.7157,13680.1204,10510.6141,5713.2630,11975.2873,5384.6870,8807.4230,375921.7971,389359.2586,386799.9922,395519.0917,387832.6798,394452.0949,397617.0432,392226.5541,99329783.2607,99341686.4849,99334123.3369,99327550.4762,6996.2219,11653.4166,8746.0692,10406.3988,8297.9996,2853.0750,374575.6589,388368.5410,385668.5768,394427.5110,386651.9520,393228.5253,396277.7987,391081.5470,99333451.5868,99345355.5322,99337790.9055,99331217.5024,10479.9331,12535.9148,6744.5889,12451.0528,9308.9950,368794.4280,382692.5779,379939.7524,388610.6840,380815.5016,387534.5301,390510.0073,385326.4407,99340045.6164,99351949.1059,99344384.5345,99337811.7124,8060.8736,12050.6962,8698.4537,11385.0020,374141.6677,387916.6562,385199.1673,393713.1017,385957.5292,392911.3957,395870.2109,390559.0484,99335101.5729,99347003.3673,99339439.3178,99332868.5702,13734.9871,859.8336,6571.7272,378912.2411,392539.3983,389898.2354,398560.3818,390830.6028,397549.6980,400622.5754,395300.9473,99328697.9968,99340600.7575,99333036.7871,99326464.7550,13549.5357,11773.5416,365440.8104,379107.5726,376452.3581,385164.7806,377423.3609,384068.7406,387146.6184,381863.0588,99341184.9339,99353088.6975,99345525.1692,99338951.7063,5986.0514,378833.0220,392448.4450,389814.0143,398495.8639,390767.7050,397455.7508,400540.7636,395221.8085,99328571.7025,99340474.6310,99332910.6745,99326338.4193,376700.2434,390421.2733,387751.3234,396512.8438,388754.2932,395323.7021,398400.8208,393169.6732,99330917.7571,99342821.5769,99335257.1310,99328683.8431,20420.0855,14011.4226,22277.4070,14720.5489,20693.2876,21749.2342,18020.2313,99681629.6981,99693548.0990,99686002.4092,99679404.9737,7173.1881,15052.0661,16274.4763,9923.7113,16764.5132,9248.4845,99688750.3722,99700670.0153,99693127.2251,99686527.3787,12553.0417,10520.6743,9200.1030,13448.9795,5968.4749,99688872.1572,99700791.2426,99693247.3929,99686648.5631,8538.7737,13876.4719,11344.8680,7541.2941,99699095.3758,99711013.0739,99703469.4978,99696872.4077,15855.4676,13733.4856,9175.4095,99693099.7996,99705017.1521,99697472.6431,99690876.2580,8538.7737,7371.9936,99695580.6345,99707500.9595,99699957.1769,99693356.7080,8954.9113,99701407.1239,99713326.6300,99705782.0907,99699182.8979,99694715.1273,99706634.0114,99699090.2635,99692491.6693,22983.3768,25913.7950,13116.5862,17575.4120,31311.4804,26968.7235,
25200.000,4438.4939,12744.6508,12794.5121,4549.6539,9745.5792,10188.4612,7253.6019,10641.8469,5771.9069,5340.7653,11328.7699,11517.6715,13049.9170,4084.0066,9214.0853,12257.0485,4562.5730,13571.2309,12529.9890,374093.8346,388775.5076,387749.4877,393096.1671,385783.3779,394457.2065,394804.4764,389552.2674,99344982.1608,99360283.5290,99350132.9099,99350029.2515,10814.4588,10488.3818,7953.7246,12266.5077,11109.7559,3254.3101,11271.4630,3908.4487,7027.6095,12007.6251,8507.9362,13490.3222,7970.0549,9994.2422,10364.3423,3793.8514,13561.3039,13272.7143,375041.7427,389898.5422,388812.5718,394158.8809,386798.0677,395450.3642,395777.0412,390562.1066,99345042.2141,99360344.0484,99350192.7451,99350088.6224,4996.6814,13781.1858,12605.4434,8198.5937,8466.8428,7452.7602,9324.8870,13307.6904,7392.4256,3761.9589,9086.6031,13000.8554,8397.4198,1360.1751,12289.7762,6628.4515,10184.9252,368330.1556,383568.0582,382337.9539,387460.4935,380097.1264,388951.2441,389094.8755,383926.6621,99354303.2827,99369604.5661,99359452.5583,99359349.5122,13031.3106,12345.2657,11628.0321,8517.6098,11039.2001,10846.7686,11532.1666,10863.7311,4150.0861,8055.8221,13818.1083,11811.4007,6089.7678,10651.5319,7495.2333,8757.0583,372894.2660,388174.8462,386928.1484,391987.1318,384641.0615,393558.4217,393658.7632,388491.1141,99350605.5988,99365906.4254,99355754.0840,99355651.8431,6364.0377,10983.7292,10357.7422,11401.5262,9558.7704,3147.4358,11665.5828,13160.6045,10869.2851,4235.4064,10679.0006,13642.8370,5875.4907,12427.5806,9914.0099,374811.3983,389471.7503,388447.9783,393685.7080,386428.5758,395225.7702,395508.7523,390235.6022,99344664.7932,99359965.2408,99349814.8050,99349712.4709,9343.9184,13383.9596,9551.9544,12592.8765,7877.2811,9144.0973,13606.1165,6459.5566,7256.3387,10075.1099,12759.7200,10752.6183,8354.6014,5519.6139,371030.2246,385798.7651,384728.7275,389808.6915,382593.9281,391552.7746,391725.7215,386451.6788,99349476.2476,99364775.8610,99354625.4387,99354524.3579,10691.4362,897.2125,8468.4495,12470.6210,1836.2355,10275.7727,10107.4701,8114.5539,1712.0984,7417.0064,12617.6174,8072.4021,10709.2274,364911.4475,379791.9493,378689.2122,383912.6008,376601.3977,385391.6526,385638.3553,380407.3863,99355088.2876,99370389.4185,99360238.7457,99360135.4637,10618.6647,3771.3227,9283.2472,11323.9745,5713.4508,13145.0979,10032.6004,9638.6227,8001.9292,6217.1000,12580.6544,13278.7143,373799.5347,388797.5927,387661.1344,392978.5194,385592.0868,394258.6877,394550.8961,389361.7649,99347102.5072,99362404.5331,99352252.8235,99352148.5537,8650.5818,12707.7651,1206.0785,9743.6423,9721.9595,8758.7800,2245.8866,6700.9743,12788.1182,7455.0316,10435.6270,364841.0461,379765.6430,378646.8502,383852.0862,376537.0441,385342.0103,385572.3938,380348.0225,99355461.3642,99370762.4780,99360611.6768,99360508.4654,9668.9712,9614.9820,7910.2034,13638.5191,7769.4455,7054.7727,8449.3403,7319.1991,12753.5247,13769.5064,371281.1773,386146.6130,385057.6710,390429.6057,383054.7560,391678.0078,392018.8635,386809.4021,99348501.0495,99363803.1730,99353652.0087,99353547.4013,12936.9073,12024.0418,10715.5945,6841.2993,12129.4976,13366.7512,3805.7050,12555.2928,9729.2315,377070.3532,391832.6693,390773.4847,395985.8640,388712.2176,397525.1858,397780.9468,392525.4445,99343193.3178,99358493.7997,99348342.9104,99348240.6828,9989.2057,8921.2230,9294.0894,3414.0050,6822.9634,13263.2837,6530.1103,9716.6851,364630.1569,379578.6673,378449.7697,383617.8202,376313.1854,385156.4686,385361.1933,380136.2615,99355940.4619,99371241.3627,99361090.5364,99360987.6549,10708.0385,12950.2141,9946.5207,3985.0422,10132.5778,9293.8439,11422.2013,371538.4281,386765.2838,385542.4202,390718.6880,383333.8203,392128.3143,392306.7494,387145.0889,99351060.9564,99366362.5662,99356210.3427,99356106.8796,11839.0398,11169.7379,9859.4647,12414.6230,3586.1821,1563.2845,370569.1953,385651.1576,384467.1976,389426.2184,382180.4871,391234.1419,391296.0931,386070.6397,99352112.3885,99367411.9454,99357260.5808,99357159.9138,7534.0777,12487.5078,7902.7718,12265.4709,11325.0414,371175.4482,385793.3679,384786.2783,390090.8013,382814.8355,391543.8877,391872.2859,386599.8755,99347558.3490,99362859.2721,99352709.0904,99352605.9505,7440.8771,11876.8618,9290.6613,11676.4505,365519.4006,380373.9933,379282.6641,384555.0243,377228.5912,385967.2575,386247.1776,381018.3731,99354187.0135,99369488.4360,99359337.7580,99359234.0381,12193.9157,7318.2016,10900.9442,367745.5928,382945.0559,381729.9421,386890.8094,379520.5014,388337.3887,388508.9449,383338.0634,99354467.6105,99369769.0910,99359617.2048,99359513.8189,13487.7902,11801.6068,377392.7879,392220.9875,391142.5884,396423.0760,389100.1593,397829.4417,398119.3383,392888.1221,99342951.7334,99358252.9257,99348101.6888,99347998.5112,5047.6836,367754.6630,382896.4671,381692.7914,386682.8129,379406.4162,388419.7902,388493.2608,383284.3796,99354882.8891,99370182.9075,99360031.4471,99359930.1176,371664.8861,386695.6261,385529.8828,390494.7960,383260.4731,392313.6290,392385.3741,387150.0913,99350799.0470,99366098.4829,99355947.2341,99355846.7093,23718.9729,18144.0487,22340.7184,13455.0431,22647.1787,20845.1698,16445.4720,99697096.8766,99712406.2154,99702273.7317,99702151.7023,6889.0222,17601.4085,16872.9904,13150.5550,17942.2104,14057.1435,99704388.2154,99719697.8153,99709568.9188,99709445.2378,13155.5560,10468.9818,9630.3737,12250.1094,7492.5637,99705919.1402,99721228.6465,99711098.6857,99710975.5191,8919.6769,16336.8369,10513.9341,8876.3436,99714068.5174,99729376.1093,99719245.7734,99719125.6264,15118.8759,10426.6173,5429.4857,99707563.7916,99722872.1898,99712740.9866,99712619.9273,8919.6769,9811.8085,99712823.1650,99728134.0035,99718003.6266,99717878.5960,6238.1426,99715943.7370,99731253.3398,99721122.2335,99720999.3227,99710192.8616,99725502.0293,99715371.1669,99715248.8273,25330.2610,24014.5400,16872.6175,19228.7758,35590.9691,29899.1310,
28800.000,8885.7190,12931.4900,11822.5125,4509.9855,9543.1228,12481.0791,7516.7810,12930.5316,8176.2106,2523.8186,12922.8182,11740.1565,13134.3397,7395.7726,9605.9233,13570.2255,7810.3706,11171.1006,11171.6477,370620.1189,387030.5770,387886.7373,388612.2236,382969.8447,392551.2175,389268.1920,387789.3967,99366962.6837,99385019.4435,99372598.2772,99379337.6561,7298.2500,12179.4686,11612.1596,12459.2369,8870.1657,2369.4149,8333.0993,3511.7645,6755.8673,9140.6064,7578.3243,12658.3454,3440.1911,9965.2064,9752.0838,3464.2124,13724.6964,13293.6297,373191.3177,389382.2377,390308.5083,390904.8584,385434.5506,395150.7170,391738.5853,390231.1148,99364119.5686,99382174.4645,99369754.0436,99376495.9610,8148.8112,13796.4237,12621.8822,7641.4935,8217.6326,5822.3019,9260.2016,11698.2518,6967.9972,3748.3644,8120.9269,9686.1474,11507.3884,3105.5007,7870.2605,11192.9970,10174.9124,370818.5985,386628.3542,387694.1544,388441.9887,382964.5469,392629.7865,389299.0598,387693.0205,99364077.2977,99382131.8536,99369712.6279,99376454.4959,11057.0083,11144.2908,11632.2577,11662.8147,10752.6509,13451.2927,11996.3332,11015.6738,6665.8040,5484.8944,13448.9330,12946.7243,6150.4938,10853.5785,6239.6059,3238.4632,365598.9982,381418.1562,382488.9448,383411.2565,377788.8812,387322.5998,384133.4178,382505.8389,99368274.0300,99386329.9468,99373910.7520,99380650.4880,6221.9730,11852.4622,10816.5535,12669.1223,10297.4473,6719.4169,12252.4308,13140.1317,11243.0370,9884.1816,8127.3854,13499.4276,11075.3291,8194.8114,9227.7414,371255.3384,387530.4416,388442.2521,389321.7784,383595.2764,393081.4106,389909.8932,388383.3581,99365179.5496,99383236.9626,99370816.0086,99377554.2688,7975.3760,12806.0806,9311.7727,10547.0538,10764.2719,8362.9014,13564.3142,8246.5358,10757.6284,4428.1865,11713.9097,13283.2043,6177.4770,8964.4714,374934.9931,390927.0099,391945.0334,392939.1655,387205.6929,396650.9908,393543.1794,391943.5103,99360037.9410,99378095.1314,99365674.7616,99372413.0855,10530.0833,2027.8570,7623.4063,11981.0631,1101.7522,10495.9112,8096.7407,8485.7895,5455.6399,7862.6497,11174.9932,10129.6935,11494.6437,377053.6546,392884.4255,393952.1831,394810.5800,389236.7898,398813.0361,395576.5932,393960.8725,99357855.1919,99375910.6791,99363490.9104,99370231.5928,10019.1331,4897.5045,5200.0891,10755.2677,7369.1418,13059.3843,4335.4171,10936.7982,10406.6637,1480.5016,13604.4731,12814.2464,371298.4205,387566.1553,388464.2388,389047.1747,383564.3546,393278.4335,389863.2022,388373.2064,99366269.2994,99384324.3982,99371903.8466,99378645.5117,7918.3772,12189.9748,1329.6739,8987.1970,7619.5300,8757.0180,7206.2188,6209.2445,10477.9495,10333.8524,11149.3747,375816.3059,391606.2623,392686.1784,393521.4037,387978.9076,397579.7158,394319.6092,392698.4583,99358941.4232,99376996.5679,99364577.0309,99371318.1339,6556.6370,8283.8314,10204.1395,12830.8261,1051.8366,7330.1610,11186.4184,6258.6163,13359.1580,13773.9609,375838.3655,392061.4224,392980.6068,393625.0461,388105.8097,397779.5744,394410.8852,392903.9143,99361587.3283,99379642.7220,99367221.9848,99373963.2811,12410.8694,10499.7070,13459.5584,5647.0441,9944.7880,12871.0488,5614.7507,12284.3780,11977.8677,370902.7911,387311.5321,388164.6567,388821.2055,383235.4682,392869.8057,389530.1853,388059.8816,99366959.9671,99385016.1901,99372595.1015,99379335.2777,9959.0394,7373.2139,9120.0338,6325.6263,6964.7194,11271.5024,9821.6487,11029.3957,376394.6471,392178.8776,393262.9961,394132.8041,388563.9062,398139.1977,394906.8979,393280.1227,99358231.7835,99376287.1741,99363867.5808,99370608.3285,9114.0231,10247.9332,13139.6996,4879.0418,6400.1451,11240.9395,9281.0610,367545.4679,383463.6235,384488.9067,385201.9358,379719.7599,389395.2033,386046.5607,384466.8472,99367718.2342,99385772.9515,99373353.5918,99380095.2735,13193.6537,9991.1423,5508.3977,12815.3098,4389.6865,4850.5341,370332.0554,386008.1745,387134.7565,388147.1318,382495.0673,391980.8621,388851.8690,387184.1463,99362914.9777,99380971.0383,99368551.9401,99375291.4059,7802.2328,11602.8161,5738.0761,13473.4564,13766.1759,375229.3537,391499.8905,392401.4843,393031.9812,387509.6118,397186.0404,393811.0595,392315.7356,99362425.5113,99380480.9875,99368060.1437,99374801.3633,11589.1720,11815.4290,9552.6946,11700.6060,377665.8002,393708.9245,394704.7862,395587.9328,389929.2505,399450.9693,396258.2271,394683.2369,99358112.4209,99376168.9556,99363748.4101,99370487.8390,9965.8394,9116.5334,8052.4347,369878.7095,385583.3564,386690.9275,387541.1294,382012.3828,391617.5076,388358.6865,386717.6266,99364097.8292,99382152.7569,99369733.7962,99376474.9577,13409.8740,12263.8562,369877.2356,386126.3722,387030.5111,387616.0090,382136.7668,391852.6021,388436.9357,386942.5811,99367494.8736,99385549.9184,99373129.5055,99379871.1873,3375.5330,369579.9561,385408.5757,386484.0557,387534.2617,381804.9167,391236.4643,388154.9909,386513.8716,99364131.5046,99382188.4547,99369768.8474,99376507.1759,366711.2136,382552.3250,383619.8601,384617.7052,378927.1609,388398.5446,385274.2312,383641.8018,99367050.0720,99385106.6545,99372687.2312,99379426.0423,26585.7649,21696.1714,21745.5588,13641.5389,23883.5793,19216.8651,19428.0132,99713219.1374,99731276.3059,99718874.9036,99725604.0484,8052.0256,19702.9183,16616.4986,15875.0615,18264.3121,12420.3450,99720725.6675,99738781.5433,99726384.3274,99733113.4469,13461.6523,9585.0030,9695.4425,10287.0443,4455.9024,99724621.5626,99742677.8073,99730279.4325,99737008.5418,10354.1858,17710.5588,8410.2016,10298.3044,99729186.8155,99747241.2724,99734842.0554,99741574.3568,12859.6047,6575.5187,6139.9629,99723163.7664,99741220.0858,99728820.2607,99735549.9596,10354.1858,8987.0013,99730336.6231,99748394.5594,99735995.3393,99742722.2268,5919.0089,99729717.1203,99747773.4253,99735373.6858,99742103.3652,99726229.0317,99744285.2860,99731886.2827,99738615.6828,28510.8091,21520.1525,21824.8504,20934.6833,39478.3562,32162.1450,
32400.000,9378.3044,13049.7587,9697.4469,4307.5750,9596.9059,12285.6614,6775.0216,13159.7031,6092.4594,8150.9088,13048.0948,11539.9017,13507.5276,11557.7149,5820.2617,12590.0676,10771.6905,9533.6861,12555.4387,369549.3292,386211.2687,389233.1023,385731.7040,384888.4451,392078.5139,384472.0998,384933.1539,99380821.8566,99400755.2530,99386541.9918,99399626.5568,10748.6328,13362.9524,9318.2219,8458.1507,10073.2632,6176.3603,10942.5590,4049.3873,2311.7037,10405.4174,11530.1112,11260.9299,3445.2038,9918.5906,13141.5860,3324.0830,13719.0496,13014.3690,365037.9075,381815.8195,384808.6875,381487.7983,380411.1053,387490.4952,380086.7337,380513.3403,99384730.2119,99404665.5381,99390451.8600,99403533.8689,7499.3168,13784.6738,12618.9811,10088.7465,10144.6456,7824.8521,12616.1467,10620.8601,8665.5747,3488.2722,6126.9909,9424.7762,13678.3268,5637.7291,8418.2933,8892.4506,5226.9115,375153.2949,392040.0608,394998.3861,391715.8763,390568.8334,397601.3890,390275.0795,390686.3527,99375528.0469,99395464.5021,99381249.8536,99394330.7654,11126.1589,12753.5946,11632.6778,10470.3670,10206.2351,12862.2491,12515.0104,11059.7053,5165.5136,9287.6100,13433.9554,11117.5650,5503.8640,12412.2341,2935.2382,5325.4187,377793.2180,394610.4159,397582.5263,394140.2453,393192.0389,400317.8706,392820.0903,393259.4351,99373382.3301,99393317.1582,99379102.8616,99392185.9285,6096.6285,9649.1126,9502.9865,11334.9092,6318.3649,9131.2541,10922.7161,13201.6734,12283.4577,10743.9121,1750.4863,12335.9607,11421.8835,9913.1604,12443.6538,367870.0961,384781.7454,387694.6825,384098.2600,383305.1553,390489.2610,382873.5210,383326.8305,99383685.4057,99403619.1556,99389405.3574,99402489.7064,4714.0304,11811.3642,7403.8965,7989.8945,9694.2296,6460.2099,13610.7713,9005.1358,7893.5111,4997.9404,11162.2436,10453.1727,11242.2163,11356.4622,366529.4242,383732.3990,386530.5511,382941.7777,382071.5760,389190.2964,381674.8229,382102.5669,99385976.5454,99405911.7003,99391697.0505,99404779.8389,13217.0567,3025.5359,11008.7811,11404.2148,1939.8340,11915.9211,4939.4854,8048.8019,8451.0523,8148.4318,10708.2463,10151.9943,8393.2709,369546.0025,386867.4877,389623.8347,386075.4332,385130.9538,392202.6883,384765.5899,385177.3959,99383480.5241,99403416.6632,99389201.3973,99402283.1034,13274.9371,5547.6528,3978.9397,13263.5729,8970.5651,12972.3004,8664.6526,10688.8710,12713.7940,5878.7362,11776.5485,12468.4055,369048.9940,385545.9558,388654.8964,385372.7348,384317.4736,391435.5121,383980.4353,384424.9825,99379812.6344,99399747.0642,99385533.9843,99398616.9589,12316.9712,12006.0437,1280.4476,9989.3209,1993.8163,8652.4381,10304.4344,5784.2216,10651.1597,9078.4418,6002.8972,372020.1175,389310.0331,392085.5583,388590.7894,387592.1345,394643.3299,387247.5590,387654.4067,99380846.5186,99400783.0292,99386567.6293,99399648.8727,3500.4716,11799.8408,12453.6810,12858.3322,6991.2475,7442.7692,13842.2435,6680.7646,12924.7379,13768.2200,365096.0830,381810.0549,384819.7039,381413.9987,380449.3530,387584.0685,380080.3526,380524.1617,99384768.8373,99404703.1649,99390489.8231,99403573.0885,11654.9775,10725.3643,12094.5987,5396.9160,10051.6553,13213.5435,3532.9318,13210.0609,13038.1849,366060.5887,382712.5837,385757.6476,382458.2804,381386.4788,388481.6025,381058.1428,381492.2871,99383234.0215,99403168.9619,99388955.5852,99402037.9855,10834.7882,3152.4503,8048.0292,9852.8059,6955.1254,10426.7116,9858.8290,7168.2533,370782.7234,388091.0752,390857.5092,387352.1012,386361.4101,393414.2893,386013.9198,386420.7608,99382114.2237,99402050.6966,99387835.3280,99400916.6087,8505.9324,11202.3082,13376.6400,6248.6693,9424.9827,7466.7072,5801.5049,376529.0458,393265.7984,396283.8619,392994.1218,391890.4664,398958.6017,391577.3388,392002.2742,99373675.1851,99393610.8912,99379396.6615,99392478.4249,8985.2818,11431.7192,4503.2963,10386.8463,8616.0755,4625.5897,373391.9245,390620.3330,393425.8546,389979.0039,388939.8458,395980.2912,388610.0640,389015.3773,99379138.6935,99399075.3532,99384859.9892,99397940.9980,10806.2747,11812.2681,3782.1009,13581.9508,11715.0796,365812.1124,382761.6646,385686.2874,382360.9266,381248.9789,388293.1472,380941.4745,381354.0868,99384671.8350,99404607.9547,99390393.7039,99403474.8816,11682.3952,11944.7643,9521.8409,11849.6293,368222.7568,385241.0067,388108.5942,384479.2426,383698.7317,390875.9386,383264.1538,383712.9910,99383886.2094,99403820.1987,99389606.1002,99402690.2683,12035.8739,5060.9691,475.0768,376910.1438,394010.0632,396867.9725,393409.6062,392413.4322,399486.5575,392065.0367,392482.7142,99375370.0673,99395306.1080,99381090.9759,99394172.7509,13332.7782,11809.0156,367237.6823,383964.9887,386986.2391,383744.5008,382589.0023,389638.7971,382294.7003,382714.3132,99382202.3681,99402138.1754,99387924.4022,99401005.7690,5143.4806,377173.2160,394135.2202,397040.5480,393508.7350,392628.9753,399767.7857,392232.9666,392672.5282,99374884.5060,99394819.2593,99380604.6820,99393688.0106,376962.3914,394038.3432,396907.2789,393463.5856,392456.2522,399527.3325,392111.7660,392529.4333,99375168.6862,99395104.7368,99380889.6541,99393971.3877,29046.8778,24050.6642,20626.7745,17887.8011,24457.8661,17623.1670,17325.5370,99730273.2937,99750201.8000,99736005.8611,99749087.9509,10841.0439,21400.7158,14943.9478,18144.4821,16335.6602,16936.1141,99737986.1107,99757911.2503,99743720.0423,99756804.3845,13412.0826,6512.9039,9279.9318,7843.1373,7877.4027,99744534.2463,99764460.3989,99750267.7371,99763351.4184,12218.6546,18102.2649,7691.2623,8777.5199,99744876.4676,99764801.4256,99750607.7540,99763693.7173,8834.0395,4637.4929,3603.0405,99741808.0059,99761735.1608,99747541.4594,99760624.2667,12218.6546,10835.8427,99748341.8566,99768270.1696,99754076.3979,99767157.5711,1764.4381,99742205.2547,99762131.5200,99747937.8623,99761021.9302,99742788.1403,99762714.8311,99748520.9803,99761604.5401,32384.7565,19154.9003,25869.1075,22573.5520,42754.4041,33551.9823,
36000.000,5111.2262,12774.1256,10969.8828,4748.9371,9868.0613,9975.7809,5809.9025,11129.2308,2208.6044,8136.1150,11468.5493,11328.2952,13614.3710,9671.9045,5678.9653,11212.4996,8354.3439,12622.5789,13693.2730,374226.5143,391684.5518,395742.8849,389142.2400,393714.1198,396789.9112,388806.1178,390916.3889,99392747.6890,99413487.1987,99398032.6176,99415923.2972,13110.0350,11788.2514,4805.6574,8647.6070,11882.4487,5961.1631,13025.9794,4218.8701,4252.1234,12820.6385,11961.4041,12345.0636,7940.3714,9869.7955,13277.4583,3748.8035,13560.1724,12868.5260,377567.5542,395110.3209,399112.5337,392406.9793,397074.8514,400204.4952,392192.0240,394289.4116,99390306.2335,99411045.3260,99395590.5658,99413481.7660,3787.2680,13780.0903,12655.5056,10438.9159,10350.9927,8075.9678,12349.4927,12997.5395,9027.5358,3280.5956,7028.4546,12880.3560,10923.7470,4677.2669,12607.3451,2311.8906,6322.4153,365982.4260,383825.8105,387644.6019,380767.8944,385588.8769,388760.5048,380751.1527,382817.3524,99402980.6859,99423719.0717,99408264.4584,99426156.3909,13177.1700,13720.0693,11626.6720,7589.8194,9701.7906,10183.5970,12898.6414,10919.1971,609.2473,9872.5387,13784.5296,9886.0305,5368.2478,12184.4706,5117.7907,9402.1692,367304.2807,385248.7190,389028.8506,382202.6043,386974.4659,390070.9695,382124.9462,384189.7663,99401891.0957,99422630.5707,99407175.4422,99425066.3408,5960.0999,8664.7254,9016.6443,10733.8760,5942.7625,5166.0437,10224.5330,13346.8132,12085.2865,5651.0309,7684.1682,12654.7108,6487.3849,13415.4148,12424.3302,375730.2702,392980.4430,397134.5982,390506.6077,395108.3662,398275.1568,390205.7029,392325.1593,99390707.3057,99411445.5146,99395991.5771,99413883.4822,6956.4569,12412.4750,8961.0764,10710.8862,5564.3181,7510.3661,13635.7381,8165.7867,1076.4425,10295.1551,12318.9561,7390.2395,12036.7145,8683.9737,373919.7923,391075.8738,395254.3017,388523.6719,393223.1542,396504.3426,388345.7816,390461.5468,99392559.6616,99413296.2620,99397842.9798,99415736.4464,12805.0313,3095.9333,11367.0316,10891.6964,2395.1172,11637.5921,8966.8732,7854.1591,6405.4609,7788.3341,12152.4517,8739.1568,8483.9112,367616.7881,384768.7579,388958.4791,382299.9994,386932.1232,390160.6954,382037.4953,384159.3936,99398177.7801,99418914.7698,99403461.6461,99421354.6296,12687.5369,3877.8824,9205.9668,13339.5080,7954.2752,12906.4285,12035.0566,8989.1979,10597.2460,8132.1387,11226.5548,13032.1246,373954.7618,391788.7902,395644.4160,388919.2113,393599.3117,396648.3760,388723.7831,390803.2086,99394852.7832,99415593.0399,99400137.6135,99418027.7467,12141.1284,12265.3564,1981.3041,9651.1763,7998.4773,9761.6768,7020.2071,5215.3852,13134.5911,6075.4089,7163.4320,365467.7808,382772.9858,386879.8992,380171.8089,384846.8397,388065.0502,379964.9078,382074.5289,99400905.5065,99421642.7059,99406189.3508,99424082.1790,7926.8753,12538.8509,10546.4274,13589.1290,10359.8172,7202.4270,11488.2684,7587.9366,12598.9761,13748.3498,374969.6535,392563.4772,396550.0893,389908.1949,394515.6700,397578.4261,389618.2669,391717.8043,99392691.4242,99413431.2866,99397976.3436,99415866.7529,11463.1900,12884.8522,9965.6195,4598.9143,11333.0393,13664.8392,2073.4076,13284.7185,10750.9319,377520.5855,394938.5246,398989.8549,392226.9960,396950.9441,400168.3384,392081.6130,394180.9972,99390163.6320,99410901.4790,99395447.2658,99413339.6621,10815.9658,7246.2909,8401.4927,7978.6064,6936.0256,12547.3860,7216.0521,6577.0583,366520.6543,383745.9967,387889.1915,381170.1465,385857.1485,389110.1569,380977.6897,383090.6147,99399707.6790,99420444.4082,99404991.2696,99422884.5460,9453.5488,13703.9348,10228.3470,5395.8713,12170.7242,4802.1260,8980.1342,367223.3582,385170.6162,388946.6659,382105.6927,386891.2259,389998.5882,382045.3382,384108.7785,99402038.6736,99422778.0153,99407322.9200,99425213.9550,8417.9569,12602.1439,9151.5322,10264.7228,6937.0582,1237.3095,369212.5078,386745.2503,390707.9089,383800.2462,388656.7960,391955.3303,383825.2999,385905.6392,99399059.0671,99419795.6894,99404341.9342,99422235.5327,10681.2691,12793.6147,6473.7409,12443.1324,9045.6488,374852.5820,392042.9170,396204.2104,389464.7002,394171.7393,397448.0663,389296.4993,391409.7573,99391828.1288,99412564.8663,99397111.4511,99415004.8101,7542.3655,11971.7304,9842.4848,12188.3303,368812.5013,386167.7417,390275.5096,383697.0714,388250.3142,391345.9380,383337.0046,385454.5026,99397409.7107,99418148.6068,99402694.5873,99420585.7594,13769.0941,3045.1833,8226.9484,364393.9142,382037.7911,385974.5276,379221.9974,383931.2682,387071.9865,379061.7803,381149.3861,99403234.0875,99423972.5576,99408518.3350,99426410.0451,13243.0314,11074.8288,377926.6553,395479.0251,399461.0195,392668.0709,397417.2347,400613.2978,392555.8200,394645.4464,99390379.7828,99411118.0695,99395663.4864,99413555.5189,5965.9539,364834.2138,382546.1233,386435.1309,379599.3895,384384.8595,387568.8045,379536.2306,381613.1368,99403413.1272,99424151.1674,99408696.9204,99426589.1138,368046.9214,385580.2167,389543.9401,382646.3761,387493.4514,390784.4703,382659.4778,384740.6600,99400102.9832,99420839.6518,99405385.9325,99423279.4679,31127.7095,24885.2665,19086.7944,22678.8570,24402.3490,19514.8064,20055.5115,99748489.6767,99769213.3669,99753776.8332,99771678.9962,14453.7969,22707.7178,15034.8295,19991.7875,13316.3530,15017.9129,99756371.5225,99777089.3448,99761658.0639,99779564.9632,12882.4146,2346.9145,8338.4117,7128.4050,5056.4941,99765050.2339,99785770.1877,99770336.9251,99788242.1288,10962.9064,17565.9218,12573.1158,11157.7151,99761469.8149,99782189.2785,99766755.1329,99784661.1753,8822.7115,5598.2745,3152.3263,99763515.9442,99784236.0475,99768802.5471,99786707.6649,10962.9064,9023.7870,99767017.9440,99787740.3273,99772305.9072,99790208.8085,2950.1431,99758182.9982,99778903.5019,99763469.8906,99781374.6025,99760862.6606,99781583.2810,99766149.4989,99784054.1387,36744.9819,17861.2949,27740.7777,24114.2271,44761.1636,33572.4440,
39600.000,4634.0198,12605.3324,12823.1109,5264.6384,9900.5349,10332.6162,6092.1082,11589.6360,6041.9842,2716.5657,11390.8089,11552.5912,13435.1783,3825.3290,9588.1695,12360.1240,4161.4337,13512.7424,12328.8386,368611.0753,387013.4568,390389.2220,381694.7957,388674.9975,390941.9610,385055.4290,383566.3334,99419135.1881,99439455.8517,99423350.2679,99442904.7390,10157.3554,10680.4309,9046.6855,12546.8613,10582.5795,1801.0355,10568.3183,3518.9688,7002.5325,11508.3297,8297.1393,13114.6218,7716.3794,9831.4077,9917.0481,3865.0338,13584.6894,12977.2733,368574.3426,386719.0411,390238.0718,381522.8694,388486.2715,390865.6521,384911.1431,383419.2580,99418423.5382,99438742.5435,99422637.8252,99442193.3854,5204.9683,13799.5585,12680.4683,8176.6285,8850.1554,5205.7028,8905.8095,13292.9955,7534.7516,3353.9670,7870.7147,13011.8147,8471.1721,860.8807,11841.5723,8080.1362,10441.7430,374524.6138,392108.3423,395999.7398,387415.9204,394251.0960,396634.2977,390544.8964,389200.7096,99410239.0674,99430557.1034,99414453.2061,99434009.5902,12983.7388,12149.8113,11633.5984,9972.6794,9447.0467,11122.2080,13130.7700,10906.7009,4410.8377,5425.2814,13797.6918,11931.5519,5978.1158,10719.6011,6963.2906,7545.8083,370165.6040,387660.9139,391618.7571,383093.8512,389888.1647,392223.8660,386115.1904,384825.3849,99413776.7297,99434094.7257,99417991.0686,99437547.6092,5814.0366,10965.0368,10254.1185,12572.9001,10209.0314,2686.1737,11491.5121,13396.6548,11554.7444,4265.0632,10670.7661,13747.2933,6943.4709,11418.2860,9387.6432,368435.5153,386851.9855,390249.5465,381649.9632,388582.0194,390717.0394,384840.5365,383432.2060,99418846.2497,99439168.1680,99423062.1487,99442615.9261,9324.4813,13070.3425,10867.5346,12572.6012,7719.7433,9054.5598,13555.9792,8548.1083,7529.4868,9650.0199,12713.7162,11267.3210,7570.1075,6633.6285,372261.4692,390491.3505,394028.2170,385518.4488,392383.9707,394457.1660,388539.5311,387220.4401,99414164.0282,99434486.3750,99418380.3152,99437933.9201,9932.9533,3317.3573,8038.2025,10285.3772,1741.5059,10172.5434,10839.8229,8478.7124,1142.0256,7592.1106,12369.0579,9591.7031,11881.3084,377959.6211,396053.5837,399639.6672,391015.1231,397926.8735,400195.0404,394234.0152,392826.7771,99408881.1276,99429201.7092,99413096.2403,99432650.8085,9493.2225,2648.6601,8315.6834,10802.2696,7008.6139,12817.0274,8663.4543,9208.5071,8552.8184,5396.4759,13259.5275,13155.1851,369741.9085,387794.7594,391367.8692,382652.8701,389606.4441,392015.0076,386037.1520,384551.0644,99417026.8072,99437345.4014,99421240.8957,99440796.7247,8107.3230,11919.3559,2806.4412,7719.8066,9607.1062,10647.9936,3831.7641,4571.6785,12601.6957,8670.9879,11493.1629,377688.1400,395556.1735,399277.8585,390667.6109,397547.5775,399870.8421,393852.5068,392470.6342,99408297.5760,99428617.0694,99412512.2488,99432067.5795,8103.8188,9190.2006,8008.6272,13257.5867,7627.4472,7153.5407,8398.2183,7025.8633,13278.7951,13712.4978,372052.7317,390192.7086,393713.3335,384987.7713,391956.5150,394349.3364,388393.7347,386894.0979,99415204.1719,99435523.2732,99419418.4240,99438973.8733,11153.2534,12658.3459,12649.0776,2634.7407,9734.6104,13117.1172,5584.5733,12544.0709,11034.6284,368808.8539,387256.1253,390619.4420,381967.4173,388930.2747,391125.4187,385253.3612,383798.2131,99418873.5973,99439195.0529,99423089.1423,99442643.1447,9929.5458,9693.4271,9558.3703,2854.4854,7050.1776,13049.1209,8297.2334,11030.6080,378262.3666,396263.4603,399914.1689,391321.7552,398206.7678,400461.9889,394479.1079,393105.1349,99408101.0634,99428421.5672,99412316.2279,99431870.9001,8851.5218,12929.5487,10162.6516,3680.1835,9868.4229,9694.2585,10817.8135,371527.0870,389116.1690,392993.2582,384382.7977,391232.0971,393651.2384,387561.2296,386192.6655,99413252.8392,99433570.3578,99417466.7130,99437023.4265,13044.3909,11479.4743,8449.0002,12405.3370,2125.3321,3442.2070,371787.4942,389410.8943,393317.8732,384863.8694,391635.0559,393832.4608,387761.9468,386526.2071,99412289.6853,99432609.3919,99416504.9593,99436060.4461,7853.4669,12696.8507,7515.2519,12544.8552,11841.8239,371349.2420,389835.4639,393173.9065,384510.5327,391483.8300,393679.9657,387817.9183,386351.3050,99416694.1652,99437015.8904,99420909.7639,99440463.5447,7841.7068,11800.8414,10363.0500,12374.2541,377535.2223,395675.6182,399227.4533,390581.9049,397509.5698,399791.0439,393840.6680,392412.3924,99409559.6264,99429880.1623,99413774.6654,99433329.2327,11829.8200,8505.1758,10918.9517,375001.4412,392624.3878,396489.2163,387891.9074,394738.4127,397126.5699,391046.3468,389688.4711,99409986.3455,99430304.4582,99414200.4747,99433756.7812,13133.9376,11354.3053,365811.8694,383999.4940,387506.8166,378835.7611,385780.3445,388087.8079,382146.1373,380689.4116,99420894.7927,99441214.3802,99425109.4980,99444664.7590,4201.1184,373572.7613,391266.6907,395133.8380,386678.7571,393458.3127,395632.9043,389580.6941,388340.5449,99410831.7887,99431152.0011,99415047.2631,99434602.3933,369689.0346,387483.8282,391291.3472,382842.6118,389629.1699,391764.5647,385738.2090,384496.3946,99414817.1232,99435137.6701,99419032.8103,99438587.7520,32847.6766,24110.0599,17244.9591,23712.1904,23729.8349,21833.4801,17812.3535,99768035.4113,99788333.1344,99772245.4401,99791818.4521,18153.7286,23609.6882,17406.9522,21431.5894,14034.9988,18760.5028,99776032.2910,99796321.3499,99780239.4331,99799818.8660,11740.3555,4017.5222,6934.6415,8846.8756,6871.5048,99785612.8226,99805905.8315,99789821.2060,99809397.6676,9247.1489,16114.4950,15148.7315,7411.1414,99779222.8199,99799515.8019,99783430.6267,99803006.7751,10764.7495,10191.5901,6240.6772,99783897.5338,99804189.5395,99788105.3099,99807682.3547,9247.1489,10124.3482,99786460.8362,99806756.0562,99790670.4429,99810245.5516,7875.1870,99778638.6693,99798932.2685,99782847.6283,99802423.8752,99779477.7811,99799771.3751,99783686.2894,99803262.2766,41370.1732,18427.4983,26340.6776,25573.3377,43920.0783,30987.0947,
43200.000,9053.5690,12813.4350,11651.5023,5193.2703,9722.1177,12584.4958,6275.3087,13612.3432,8122.7923,5669.0296,12998.4596,11753.4772,13507.0009,7420.6663,9517.2184,13539.9331,8140.1882,10561.4614,11434.2470,372682.0775,390395.1959,392561.3401,383901.3241,391373.3077,393589.3280,389988.4786,388131.7063,99431305.1793,99449907.1593,99433753.9466,99450835.9496,7481.7539,12571.0340,11698.1219,11991.9391,8508.2088,3569.8395,9163.4926,3224.6244,4766.7159,8789.2475,8237.7570,11544.6918,2815.7344,9777.2168,10173.7136,3497.9811,13714.1394,12881.7497,369234.9411,387225.4932,389243.3551,380668.0233,388187.4317,390163.6853,386568.7546,384797.3891,99434881.6957,99453486.3796,99437331.8996,99454413.2657,8164.5544,13807.7090,12689.3004,8082.8925,9342.1669,4921.7937,9638.2191,10948.9279,7411.8064,3317.8963,5937.4181,9690.8511,12033.7530,3563.8615,7383.5395,11140.8711,8813.3254,372690.1625,391175.7817,392843.7491,384253.8827,391840.5114,393746.7051,390270.1725,388466.1407,99433432.8075,99452040.1085,99435884.2070,99452964.2924,11008.1545,11141.7421,11628.7865,12288.3246,9001.4074,13589.5952,13380.0028,11046.2707,6693.6629,5166.9595,13437.0016,12793.6278,5962.5459,11221.6735,4769.1987,1003.2768,377335.1766,395837.9317,397453.3698,388780.1983,396361.1826,398442.2695,395022.0046,393125.3517,99429694.8027,99448301.0849,99432145.5576,99449225.5308,5686.6414,11388.4730,10151.2371,12875.5907,10077.2601,8329.9595,11820.9460,13357.4523,12332.5246,10039.0845,7072.1792,13322.6941,11677.8577,7912.7198,10395.7771,371179.9201,389126.6491,391099.0446,382383.7374,389881.6837,392171.2523,388657.6706,386729.7629,99433957.5200,99452559.5239,99436406.2039,99453487.8727,7580.4133,12141.3916,9807.1730,10159.9682,9844.5732,8032.2329,13505.6866,10091.1883,10794.8705,3623.2586,11566.6645,13170.3193,7804.7132,10495.2357,367733.6285,386036.7528,387755.9616,379033.0304,386579.2789,388813.6837,385382.8678,383433.3794,99438470.6785,99457074.0533,99440920.0070,99458001.0673,10839.4989,4305.2659,7768.4136,9497.3297,1076.1967,10554.3343,7909.6629,8804.6947,5864.3081,8063.4216,10830.4793,11229.9198,11563.6379,365921.8239,384429.0883,386049.5790,377405.3232,384988.5953,387010.1894,383572.5865,381704.9816,99440255.5093,99458861.2206,99442706.0850,99459786.6151,11413.0701,4544.0786,3726.2737,11156.6846,8846.9014,12703.4351,3298.4049,10477.8269,11609.8608,2691.0149,13155.1335,12524.9223,371331.4900,389131.1443,391275.2608,382686.2765,390177.9620,392222.1377,388594.2471,386814.5334,99432346.2326,99450949.8783,99434795.9168,99451877.6362,9842.1542,11416.7303,3298.5293,7621.9517,4507.2169,10474.8582,9272.7399,4104.6755,10429.0340,10145.8743,9201.9262,369347.2298,388005.8016,389529.4763,380899.1478,388504.8441,390465.1450,387052.8157,385196.0643,99437482.0739,99456089.1584,99439933.3089,99457013.2762,2725.7522,8406.6500,10605.2350,12418.0959,1328.3251,7432.2743,11638.9897,5999.3450,13604.8932,13669.7970,367114.9029,385046.5594,387090.5311,378489.1070,385997.4878,388042.7190,384451.1958,382652.0748,99436865.3081,99455469.0042,99439315.0072,99456396.6739,10127.7638,11182.9961,13184.9846,2151.4715,7639.0818,12649.2584,6074.5901,12986.9302,13366.4390,368443.2208,386237.8182,388368.6703,379751.3220,387239.0100,389346.5936,385735.5809,383923.3548,99435269.6404,99453872.4618,99437718.8948,99454800.8360,9988.4210,7044.9361,9361.1160,6703.9978,7176.1030,10902.3806,10933.1522,11024.9901,366584.2096,385150.3372,386730.9412,378088.5498,385680.1139,387685.7476,384260.1820,382392.6466,99439829.4361,99458435.5458,99442280.2002,99459360.5572,6857.9215,10267.6075,13331.3727,4841.8606,6646.1390,10418.4542,7513.0422,375615.8067,393982.8124,395734.1019,387140.6133,394711.1240,396647.5422,393146.5246,391343.8225,99430258.2432,99448865.1639,99432709.4491,99449789.6533,12722.9662,11043.7579,2579.6648,11546.2971,7008.2211,5350.7200,373213.7967,391927.7070,393399.6847,384740.7201,392351.3932,394361.3945,390979.7533,389089.8105,99434253.4465,99452860.6730,99436704.6842,99453784.3699,8333.4655,11837.1343,5031.4935,13653.2183,13556.7738,368148.1886,386015.5239,388107.2985,379511.2882,387011.3445,389057.8241,385448.9952,383658.3054,99435638.5998,99454242.1643,99438088.2431,99455169.9892,11848.1719,11746.3091,10488.4755,12375.1356,365505.5842,383713.3791,385517.4789,376828.5825,384365.5770,386545.0910,383070.3233,381162.6104,99439956.2907,99458559.6133,99442405.6641,99459486.9846,10032.4012,8847.9556,6500.5496,373438.0714,392095.7440,393624.2730,384996.9535,392603.3739,394555.8079,391141.2950,389289.1809,99433606.1416,99452213.7006,99436057.5925,99453137.3249,13037.8339,11655.6621,372659.3660,390585.1617,392650.8969,384077.1384,391588.1368,393572.9966,389962.9001,388196.4894,99431402.8279,99450007.5382,99433853.0370,99450934.3670,3795.4809,375198.7121,393646.1205,395271.1094,386550.1470,394117.5060,396315.5840,392915.0270,390965.0022,99431915.8526,99450520.7166,99434365.8589,99451446.1825,377046.1612,395545.7156,397156.8305,388472.3416,396051.5434,398158.1424,394744.6148,392835.1100,99430047.1325,99448653.1516,99432497.7437,99449577.7653,34220.0389,21860.7696,15315.1409,23372.7935,22440.9692,23311.7275,19926.0072,99789002.2936,99807577.4906,99791439.7464,99808537.9381,21424.9481,24054.6902,19754.3203,22453.1497,15928.4461,17156.5381,99797049.3510,99815612.9572,99799481.5363,99816585.4752,9903.1614,6226.3830,5282.5656,10569.5143,6614.3330,99805900.6950,99824470.7540,99808335.7774,99825436.3962,8538.7338,13732.6632,15855.4274,9929.8174,99798331.4772,99816901.5463,99800766.4283,99817866.5815,11344.7915,13877.2985,8741.2377,99804335.7777,99822903.6726,99806769.7343,99823870.9434,8538.7338,7711.7367,99806644.9307,99825216.3959,99809080.7868,99826181.1646,6046.8175,99800827.5014,99819397.5286,99803262.7659,99820364.0671,99800249.2219,99818818.8941,99802684.1857,99819785.1905,46050.9253,20858.4747,22149.6589,26991.4268,38653.5097,24478.1766,
46800.000,8925.3872,12882.4788,9651.9093,5085.6960,9779.3537,12185.4041,5202.5735,12860.6205,5641.5635,9432.3860,12986.4715,11531.8554,13733.7962,11501.0348,5680.0119,12392.9169,10650.0118,10141.5425,13116.7621,373912.0012,392441.3469,390997.7215,384048.7924,391385.4170,392990.1772,392319.1583,387647.1822,99453429.3304,99469027.1627,99453421.7056,99467836.8481,11437.7869,13414.0923,8390.8058,7852.4428,10123.7853,6578.6101,12454.3370,3877.3159,1757.3482,10577.4343,12006.4436,10806.8378,3789.0887,9743.4716,13442.0509,3487.5920,13611.4224,12556.0389,378553.4314,396952.8062,395564.1682,388569.2475,395807.9548,397613.9012,397032.3859,392195.7163,99449198.1275,99464794.1143,99449189.6601,99463604.8340,7048.4490,13791.0198,12706.7095,10462.5639,11025.3295,7399.3375,12814.8677,11549.6001,9066.0581,3018.6905,4409.6349,9768.6852,13584.4880,5725.8496,9115.8912,7043.1960,3419.0975,367811.9308,386111.8612,384769.5386,377751.3377,384940.8703,386844.7377,386298.6073,381385.3686,99459369.1047,99474962.5589,99459359.3542,99473775.0270,11563.9897,12901.2107,11627.2527,10326.4472,8306.1362,12670.7287,13595.9986,11074.8409,4951.6042,9381.2155,13406.6573,10772.7593,5252.4307,12654.5059,1419.0460,6460.5719,365563.9365,383925.3650,382580.3761,375599.7606,382874.8728,384602.2417,383961.8503,379203.1370,99461074.5484,99476669.5670,99461065.5094,99475481.1655,5547.2131,8924.3090,8629.0765,11267.0387,5900.5057,7927.5649,10334.5133,13425.4290,12969.3268,10299.1008,1833.1855,12247.9463,10886.8987,11428.2742,13138.2470,376176.5868,394342.4703,393179.7682,386211.9431,393518.4066,395163.2441,394417.6418,389774.9464,99450015.4831,99465611.6363,99450006.9862,99464422.5355,4508.5896,11356.7136,8775.5532,8012.9569,6402.5556,6240.7308,13571.7445,10206.0685,7715.9120,5748.5688,11246.2429,9795.5940,12344.2498,11602.1807,377101.9455,394968.5479,394011.0291,387007.6446,394243.7258,396018.4026,395272.2920,390562.1992,99448441.7447,99464035.5148,99448432.0661,99462847.9920,13243.5256,5012.7810,11140.0689,8748.9318,1974.3448,11936.4142,7053.4560,8400.9522,8439.7376,8300.2336,10627.0573,10729.2596,8559.7350,373921.2873,391632.9305,390776.0627,383752.7960,390947.8367,392798.6008,392058.5875,387304.3610,99451184.0075,99466776.0701,99451173.4709,99465589.7074,13636.3029,4771.4054,7894.5274,13517.7027,9854.6426,12618.3327,9257.6708,9641.0243,12918.3227,7172.0968,11126.3513,12570.7625,374521.7791,393260.7890,391627.3395,384666.0251,391967.7608,393661.1458,393102.8586,388309.1324,99453962.2955,99469560.3153,99453954.8363,99468369.6888,13270.1260,11604.7807,3763.0629,8743.7697,4822.4543,10615.4645,10375.5340,3680.5534,11855.4821,7160.5072,4417.8214,369051.9577,386845.2439,385917.6441,378893.6135,386085.9026,387949.0731,387239.2370,382457.2408,99456161.1754,99471752.9574,99456150.4986,99470566.7839,4645.3288,11967.5629,12547.2626,12759.2398,7335.9850,7497.9503,13830.1274,6683.5691,13003.6166,13618.8290,378059.1492,396543.7745,395113.1561,388141.6256,395430.2311,397135.4848,396514.2918,391756.7742,99449641.7923,99465239.0143,99449633.9122,99464048.9812,9341.4730,12399.5038,10256.9760,3168.4856,9182.0627,13041.1627,4318.6814,13610.8880,12246.8312,378776.0440,397039.6006,395756.1987,388754.6848,395983.2449,397801.7986,397190.9812,392367.3395,99448501.8432,99464097.1425,99448493.0164,99462908.3648,10857.9468,5320.2431,8346.8696,9842.7377,7172.7512,10423.2890,10144.0248,7058.3574,372689.4995,390415.5108,389536.6415,382506.1276,389684.2803,391571.9592,390859.1527,386067.2212,99452547.2629,99468138.9249,99452536.5391,99466952.7984,7045.5930,11254.0329,13163.4940,6112.6274,10040.5262,5479.3602,4962.4049,366649.8430,385110.4546,383657.8186,376657.9151,383884.7091,385720.8386,385175.9490,380296.8724,99460816.1066,99476410.7144,99460806.9257,99475222.4251,8153.6474,12700.8792,5690.4570,8989.7627,8790.5922,3578.7115,370079.9155,388070.9747,386965.0146,379930.2432,387090.9372,389034.3272,388428.8116,383535.3332,99456217.8230,99471809.8507,99456207.3364,99470623.3378,11209.1430,12088.8364,3120.3555,13347.4826,10724.8487,377522.1748,395738.9804,394471.5639,387453.5297,394644.9821,396538.5440,395962.4495,391076.3944,99449806.7023,99465400.9731,99449797.3805,99464212.8381,11311.0875,11906.7079,10485.3801,12533.2615,374780.8645,392868.2485,391768.4329,384799.7484,392106.3646,393745.1922,392974.6859,388351.6866,99451035.6854,99466631.3889,99451026.9439,99465442.6419,12420.4394,4100.7953,2724.7121,366317.9639,384317.2480,383232.8394,376220.1096,383433.6138,385267.1192,384594.5523,379802.2173,99459392.9086,99474985.5349,99459382.6635,99473798.7689,12921.7075,10919.8390,376607.8437,395059.7987,393610.2967,386603.9782,393813.7637,395683.9149,395157.5928,390250.3587,99451503.6671,99467099.0784,99451494.9396,99465910.1140,5768.3107,365543.5707,383791.0586,382533.5750,375547.0377,382812.6472,384552.6306,383889.0013,379139.2350,99460711.2296,99476305.6497,99460701.8789,99475117.6833,367079.9544,385144.5317,383993.3373,376971.0278,384159.8725,386049.8005,385430.5495,380573.2978,99459121.3344,99474713.8245,99459111.0570,99473527.0575,35252.4483,18524.8512,13793.1866,22311.7152,20548.7745,24028.0374,17912.1667,99811399.8913,99826958.9418,99811371.6190,99825798.0169,23900.4840,23913.5305,21753.6912,22992.5168,17885.2413,19747.5180,99819424.5356,99834969.1244,99819388.7022,99833818.7911,7438.5297,7787.1245,3859.4615,11873.0942,5707.9738,99825934.1815,99841488.0754,99825903.2372,99840330.8660,8919.8985,10425.6101,15118.4476,5137.0865,99818978.4771,99834532.0266,99818947.3922,99833374.9661,10513.4541,16337.3457,7639.6757,99825488.9643,99841039.6688,99825456.4576,99839884.5222,8919.8985,7301.2307,99827362.0842,99842916.1436,99827331.1755,99841758.9449,10699.2751,99824251.8557,99839804.7377,99824220.2415,99838648.6341,99821354.3344,99836906.7136,99821322.6038,99835750.5981,50598.8951,24457.4137,20970.2791,28419.8225,33515.7054,17987.6828,
50400.000,4241.9908,12595.3752,11116.7719,5566.2165,10057.3488,9868.4919,4350.0297,10985.9058,2063.3979,7330.8923,11372.8742,11346.3427,13598.1390,9514.7615,6251.9198,11152.3273,7688.9614,13269.7644,13651.3586,369723.7234,387926.8764,382780.7024,379160.6895,384753.6362,385564.3738,388597.7163,383709.4790,99480415.1232,99491788.4288,99477329.3875,99491450.3542,13015.1698,11646.0428,5134.3946,9142.7169,11684.4119,5255.5352,12968.9906,3914.8442,6381.9652,12718.8573,11858.0987,12322.4427,8099.6204,9698.5465,12930.9123,3896.6585,13440.9800,12473.5403,366813.7345,384911.1115,379862.0249,376221.8515,381877.4720,382634.3103,385589.7835,380746.2075,99482569.1453,99493942.0486,99479483.0321,99493604.0884,3246.4785,13787.1436,12722.7293,10462.7352,10634.4007,6477.8517,11969.5664,13525.4214,9188.9758,2842.1264,6355.0972,13123.6562,10366.9867,4353.6807,12878.7712,2284.5161,7326.4115,378288.2812,396012.8454,391286.4063,387594.7226,393346.1998,394027.8983,396825.9863,392061.5615,99470071.8722,99481445.0292,99466985.7208,99481106.7808,13469.7309,13652.3059,11633.0404,8310.3149,7845.4120,10081.7724,13645.9326,10949.0648,416.0885,8279.7335,13762.5442,9855.3783,5244.8170,12189.8073,5384.0384,9446.3026,376838.2417,394448.3606,389796.8179,386098.7470,391794.1118,392533.6098,395371.5944,390568.3584,99471321.0649,99482692.8153,99468234.2518,99482355.4812,5405.2427,8457.1243,8842.8101,11680.0230,6947.7764,2052.6291,9883.5443,13557.7288,12385.8508,4642.0867,8548.4992,12828.7003,5820.6926,13531.8658,11816.2960,368219.6008,386699.7943,381359.6244,377759.1172,383450.3331,384156.3851,387132.5877,382309.9332,99482338.8629,99493714.5087,99479254.2069,99493374.8967,7163.5315,12243.4846,10783.8681,11078.3886,3460.1230,7511.3824,13579.0991,9547.4103,1487.7496,10546.2886,12425.7328,7543.5354,11594.2310,8352.3619,370321.7452,388860.0670,383502.0388,379895.8133,385697.5532,386296.0896,389167.9801,384425.1664,99480132.8487,99491510.1965,99477048.8988,99491169.4044,11928.4910,5222.0657,11091.0043,8053.8741,2364.2228,11520.3952,10914.3383,8235.6458,5912.5665,7903.6120,12115.3523,9684.7086,9977.9615,376491.3564,395036.9457,389657.1301,386062.0950,391781.1711,392457.5031,395412.3719,390612.1507,99474610.7654,99485988.2185,99471527.0846,99485647.5295,11188.3537,2427.8056,10135.5859,12774.6343,8637.6967,12527.6876,11675.4732,7958.3773,10187.6648,8166.5043,11880.9084,13141.8643,370481.0978,388331.3454,383463.0412,379802.9247,385398.7162,386222.0395,389199.0931,384318.4963,99478557.9441,99489929.3306,99475471.1318,99489592.3675,11405.2168,11553.6801,4463.7315,7668.2770,9703.2807,11631.3006,6081.5110,2999.2512,13639.9542,6297.2720,9458.0957,379462.9579,397659.4369,392552.3405,388919.4860,394623.1387,395329.8560,398247.4043,393441.5359,99470661.7936,99482037.4244,99467577.1417,99481697.8307,8526.7791,12302.1578,10359.9399,13228.5017,10447.2407,7254.6219,11031.6926,7457.3074,12896.3624,13544.6498,369532.0271,387567.4829,382552.3938,378913.5172,384505.0002,385324.4771,388334.1717,383447.2412,99480064.2900,99491436.5848,99476977.9917,99491099.0991,9153.2983,13677.3143,11314.0778,2622.7024,9458.4148,12884.8353,5789.2133,12945.3297,10536.9882,368503.1623,387012.8128,381660.7255,378058.3244,383794.9308,384456.7370,387391.2541,382600.9174,99481993.1857,99493369.4777,99478908.7889,99493029.4106,10759.2647,9389.0175,8713.4177,7448.2204,7148.9098,12622.0459,8037.8769,8376.8737,377582.5011,396044.2869,390740.7967,387131.6278,392890.6452,393533.0154,396434.5824,391664.4805,99473134.6234,99484512.1233,99470050.8801,99484171.3378,8023.8180,13725.2591,9941.9286,5069.4415,12306.6909,5002.0524,9185.8018,377069.2765,394687.5590,390031.5776,386333.5825,392036.2504,392768.5173,395600.2829,390802.2135,99471095.9726,99482467.8712,99468009.2263,99482130.4385,9836.1399,13032.7390,9336.5906,10315.5172,4864.1447,1769.8832,374498.3333,392365.3383,387550.5881,383862.2027,389722.6889,390294.6811,393004.4584,388315.5634,99473770.9848,99485145.5623,99470685.3627,99484806.2821,10897.1911,13029.8078,6276.9676,12155.3701,8818.4935,368993.3225,387489.0045,382162.0262,378551.4989,384345.9078,384953.4777,387826.9944,383078.7977,99481273.7577,99492650.5964,99478189.5363,99492310.1101,7059.3915,11893.3873,10881.5261,12842.3143,375726.6404,394045.5468,388814.8648,385207.5947,390811.1666,391606.5309,394644.4829,389764.4855,99475050.4254,99486425.3077,99471965.5717,99486086.3180,13734.3756,5164.9383,9645.7578,379575.0403,397535.7604,392610.2142,388952.3687,394641.8154,395372.2141,398268.6193,393456.1115,99469836.5398,99481210.6451,99466751.0684,99480871.9633,12787.2865,10345.4097,366048.5522,384136.7950,379115.8504,375464.2041,381207.1086,381882.0526,384748.1486,379966.8481,99482926.3824,99494299.9622,99479840.4481,99493961.4534,5529.2458,378313.6420,396146.8879,391345.3034,387661.0635,393454.0211,394091.7878,396864.1860,392127.9463,99470240.3875,99481614.5991,99467154.7293,99481275.6630,374512.3384,392517.2954,387597.1772,383923.0395,389795.2314,390350.1381,393068.7953,388386.2821,99474159.8809,99485535.3835,99471074.7490,99485195.5451,35947.3649,14832.4493,13868.0944,20745.1386,18215.6041,24061.6468,19053.4093,99835154.2099,99846487.3493,99832044.1896,99846171.1617,25333.0849,22833.4281,23371.6480,22806.7544,19603.4288,18859.3593,99843077.8139,99854393.8689,99839958.2219,99854087.5795,5158.8873,8787.4300,3561.7844,12823.3436,7124.1348,99846072.8698,99857400.8526,99842960.0311,99857087.7082,10354.6443,6574.6441,12858.7468,5706.4112,99841518.1707,99852845.1413,99838404.7345,99852532.5595,8409.4550,17710.7720,11137.5537,99847542.1299,99858866.4081,99844427.6119,99858555.7206,10354.6443,5281.8851,99848071.4823,99859398.2093,99844957.9068,99859085.7664,7891.7632,99848701.2612,99860027.4081,99845586.9029,99859714.9424,99844826.4028,99856151.9186,99841712.0336,99855840.0872,54848.7831,28448.1357,23877.6691,29913.0832,33007.9443,15809.8464,
54000.000,4939.5447,12454.3553,12831.8237,5972.9480,10063.4784,10509.1197,4990.0760,12313.0464,6296.4986,4563.9701,11484.3673,11582.8710,13313.4494,3603.9172,9920.7915,12467.2876,3856.5866,13102.9797,11939.2815,376884.2891,394128.1531,385839.8145,388121.1316,389583.4044,387920.4967,395186.7739,388513.2918,99494886.2568,99500988.2458,99488257.1941,99503617.7366,9491.8015,10938.2334,9998.0758,12727.3558,10014.2709,1014.0798,9902.7765,3100.7288,7202.8898,10961.3045,8173.7034,12196.9247,7502.3390,9637.4849,9563.1649,3918.2178,13513.7591,12562.8093,375964.6237,393487.0251,385000.4136,387299.8913,388838.4281,387132.3189,394311.3285,387725.7005,99496331.8820,99502436.2758,99489703.8959,99505064.1131,5432.9289,13806.4054,12756.4829,8208.7103,9374.1636,2839.9748,8580.3384,12073.4678,7715.9782,2934.7630,6448.3440,12987.2325,8726.3627,536.4132,11300.3221,9379.9137,10366.3038,370931.1128,389098.1050,380116.2812,382548.2087,383938.2978,382330.0597,389579.2365,382936.9237,99503300.8547,99509408.1147,99496674.7010,99512034.6378,12858.7935,11930.7979,11625.4626,11250.6896,7540.0010,11425.3304,13604.9757,10928.2737,4650.3476,2499.2241,13765.9013,12039.5689,5851.5278,10841.7264,6534.9767,6267.1541,375022.3583,393296.1157,384226.1837,386704.7147,387983.0464,386444.8584,393775.6191,387057.2156,99500010.3531,99506118.2627,99493384.8681,99508744.7908,5269.1506,10915.7969,10010.5311,13348.6518,10713.7459,6130.5002,11293.8245,13568.7236,12244.7878,4572.5785,10480.8121,13790.3016,8046.1201,10187.1477,9279.5901,376378.1380,393633.0826,385316.9564,387649.8781,388932.5001,387379.2944,394794.2127,387978.9204,99495896.9420,99501997.7156,99489267.6752,99504628.4484,9270.3723,12546.6141,11777.0599,12497.8580,8266.5515,8946.9576,13489.1863,10422.2080,7836.9994,9158.5684,12642.2043,11729.8001,7140.9873,8050.5070,372647.8607,390112.6191,381627.4234,384019.6117,385195.3044,383709.4821,391196.7393,384315.6670,99500341.3142,99506442.3589,99493712.4091,99509073.1925,9266.9080,5733.4428,7644.2882,7183.7043,1648.0936,10092.1823,11208.5708,8809.1327,872.4101,7777.1609,12076.7795,10906.8016,12713.6788,367173.1900,384768.9287,376206.7515,378557.5288,379947.0813,378331.5222,385633.6701,378931.3933,99505296.6722,99511399.2942,99498668.0159,99514028.4967,9511.7072,2159.6917,6616.2838,10305.1786,8350.6014,12403.6102,7151.2702,8855.9409,9389.2586,4699.8950,13603.8462,12899.5134,375032.9967,392525.8728,384060.9741,386354.6751,387898.6537,386188.7518,393366.1505,386781.5589,99497132.7025,99503236.7847,99490504.5276,99505864.7774,8213.3175,10902.0125,5149.6806,5507.0576,7794.4071,12115.8739,6369.6267,2320.0436,12046.3753,9602.8511,11246.5385,368704.3299,386741.0038,377853.8515,380267.9114,381655.2132,380046.7218,387311.2005,380652.0998,99505050.9968,99511156.9606,99498424.1368,99513784.2243,6381.3492,8795.4469,8185.0641,12431.7989,7473.7026,7246.4893,8483.1052,6689.0295,13608.8737,13465.6840,372887.3588,390398.3240,381919.1228,384213.7793,385762.9423,384049.8335,391222.3350,384642.6611,99499227.0552,99505330.9894,99492598.7664,99507959.0269,8357.2839,12296.4343,13531.6714,1974.1132,6431.5859,11895.8495,7877.8572,12641.2301,12707.9146,372589.9453,389769.6070,381522.6172,383802.3911,385236.3666,383589.4047,390886.6743,384182.4415,99498918.2307,99505018.9694,99492288.5266,99507649.2222,9880.6308,10266.1181,9803.4492,2453.9005,7272.9293,12784.8128,9864.4628,12023.0344,366841.7032,384542.6729,375898.0294,378275.7118,379622.2158,378034.1644,385363.2954,378636.9452,99506004.7033,99512107.7326,99499376.3639,99514736.8159,6599.4774,12902.8973,10423.5928,3407.6515,9608.0300,10012.1397,9965.1388,373707.4410,391868.7170,382895.8932,385319.3319,386737.6841,385112.5080,392337.0940,385718.2463,99500575.1966,99506683.0415,99493949.3152,99509309.1749,13653.8949,11675.8437,6714.2885,11885.8410,4250.2955,4906.8244,374056.7386,392306.0766,383246.4782,385739.8188,386952.3239,385453.8861,392841.9451,386068.3927,99501040.9168,99507148.0534,99494415.1726,99509775.2167,8121.0216,12874.7080,7168.3752,12525.7920,12148.9448,374303.1665,391444.5962,383224.4114,385505.5733,386915.5805,385283.0036,392602.5617,385876.4617,99497239.5057,99503340.0448,99490609.7740,99505970.5087,8316.1153,11699.7146,11285.6447,12923.2232,367494.6290,385022.4950,376511.9514,378849.5979,380251.7982,378627.7393,385924.9651,379226.2964,99504778.5579,99510880.8319,99498149.6898,99513510.2067,11473.0699,9459.9985,10587.2488,370455.7206,388603.9009,379635.8377,382064.6592,383456.1939,381846.7721,389096.6945,382453.3520,99503694.8252,99509801.8858,99497068.5567,99512428.5155,12665.7511,10833.0081,378992.1224,396480.0015,388013.6718,390328.3337,391795.7234,390132.9053,397373.3931,390728.5557,99493498.6978,99499602.7887,99486870.7615,99502231.0560,3552.6210,373485.5430,391533.4946,382613.4139,385100.9448,386231.5960,384780.5615,392254.3604,385395.6302,99501256.1911,99507361.2372,99494629.5321,99509989.8631,376942.4593,394945.3847,386063.6901,388538.1899,389693.6204,388227.3110,395683.1448,388840.9263,99497759.5810,99503864.9820,99491133.0944,99506493.3800,36302.1423,12043.2116,17614.2477,18781.5761,16845.2864,23454.8003,17573.7427,99860111.9371,99866170.7464,99853455.8049,99868820.6643,25593.4880,19752.2054,24609.1473,20760.1253,20998.3305,20045.5034,99867850.7547,99873890.2888,99861183.5033,99876550.4762,6769.6419,9411.7214,5169.8882,13503.6844,5808.8254,99866904.9946,99872958.2341,99860245.7220,99875611.2066,12218.8596,4637.3458,8833.0940,4142.4407,99867418.7128,99873469.4016,99860757.7008,99876123.4125,7692.0705,18102.2004,8181.1819,99870479.4986,99876529.4263,99863819.0077,99879184.9916,12218.8596,907.1823,99867811.5577,99873861.8429,99861150.6916,99876516.5220,11524.0632,99873954.6297,99880005.8903,99867293.4592,99882659.0120,99868209.9644,99874259.9785,99861548.9039,99876914.7565,58658.1847,32250.4355,26809.4060,31524.1530,36109.2662,16956.6870,
57600.000,9187.8208,12674.2611,11486.5004,5877.1251,9875.1821,12675.1605,5017.9500,13711.5927,8034.2511,9000.3228,13064.2493,11764.3740,13370.7205,7408.2250,9401.9927,13484.1576,8477.6231,9954.4323,11667.2721,373721.0289,391430.6952,379655.9601,388535.0919,384190.0778,383562.9319,391705.6007,385479.8976,99525884.3966,99525902.4444,99515469.1178,99532663.9042,7854.1111,12904.8496,11555.5115,11430.7271,8181.9281,4842.7907,10429.7823,2998.6830,4320.1003,8472.4657,8885.3495,10231.0569,2426.3936,9608.3964,10630.8929,3566.7615,13566.3049,12341.0629,377905.0542,395323.4625,383746.1324,392573.6986,388116.1806,387629.4337,395915.8151,389579.6261,99521622.6045,99521637.8849,99511206.6230,99528401.9321,8148.4934,13805.5541,12769.4272,8522.3196,10423.9372,4893.7117,10042.5324,10155.0316,7847.5803,2893.8502,3511.2557,9674.2390,12505.8717,4001.4457,7032.3217,10638.3480,7118.2277,373373.9863,390277.7973,379045.7409,387794.7404,383411.2493,382832.5047,391209.8776,384837.5994,99524543.3183,99524554.1928,99514124.8614,99531320.7399,11008.7416,11193.2126,11629.0503,12654.2063,6932.6759,13690.9979,13587.8674,11083.8316,6708.3851,6049.5047,13394.5272,12598.6804,5749.1572,11553.3854,3465.4658,1235.0282,369167.5766,386014.1922,374820.7678,383569.5260,379348.9604,378565.8510,386861.2215,380575.4022,99527828.1534,99527839.3138,99517409.0424,99534604.7263,5124.6384,10852.6843,9292.6507,12688.9567,9742.3111,9333.2742,11330.8741,13527.4594,13156.0607,10175.3770,5887.8280,13110.6843,12083.1444,8502.7972,11626.3425,376115.4569,393509.6435,381952.3410,390789.1236,386582.2151,385781.7108,393921.1628,387730.9540,99522377.3203,99522394.2957,99511961.0108,99529155.8531,7197.6747,11327.2932,10304.5288,9741.0143,8303.1234,7723.6278,13460.6859,11535.5931,10830.6792,2825.8138,11461.4764,12965.0895,9500.0090,11708.3189,379145.4587,396197.6433,384874.2285,393659.4131,389489.6807,388641.9840,396847.3140,390627.9687,99518532.0973,99518546.9705,99508114.7192,99525309.8550,11122.7201,6578.9238,7933.5742,6196.9389,1054.9487,10610.8423,8111.8663,9140.9436,6274.1226,8266.0092,10486.5181,12091.4182,11430.3209,380531.2656,397387.1188,386195.1201,394943.6958,390664.9084,389953.5542,398277.0344,391962.5213,99517133.2827,99517145.7290,99506715.2786,99523910.8708,12746.9100,4464.1134,6316.2034,11509.3650,10153.3722,12289.8429,3037.0379,9864.7033,12578.6621,4397.1592,12396.7602,12361.7308,375605.6964,393296.9907,381534.0932,390405.3035,385962.0326,385457.8043,393664.7588,387378.1089,99524398.7801,99524416.1327,99513983.6428,99531178.6221,11560.1256,10793.9041,5644.8285,6415.1251,2114.3486,11842.1209,10828.6769,2042.6958,10641.9924,9024.4288,6403.1061,374725.7617,391360.5447,380313.5983,389026.5653,384764.8015,384033.4021,392405.8664,386065.9525,99522199.8544,99522209.7165,99511780.4427,99528976.3774,2165.3712,8546.9117,10984.8462,11744.8361,1793.2529,7536.6386,12065.9900,5816.9428,13621.5669,13378.8483,379443.8867,396938.3420,385311.6266,394153.7398,389733.4027,389199.6163,397443.0154,391141.1295,99520170.8984,99520187.3975,99509755.3616,99526950.4667,6960.1809,11455.9085,11360.8082,3890.5447,5916.7520,11643.2516,7395.1964,13427.9428,13358.8515,380636.0452,397999.0248,386462.7937,395286.7175,390908.1579,390321.6173,398573.7428,392276.9682,99518554.6259,99518570.5549,99508138.6730,99525333.8333,10017.5485,7249.7502,9614.4404,7088.4582,7397.5036,10526.5054,11797.7257,10833.6874,379897.8725,396693.5768,385541.7427,394280.6711,390004.4493,389290.1022,397627.7978,391305.4997,99517605.5554,99517617.4159,99507187.2536,99524382.9275,4509.3499,10259.8125,13487.2738,4814.2061,6940.6358,9351.8396,5571.0533,370764.1627,387766.3325,376465.8548,385230.3638,380845.6265,380268.4289,388622.4887,382263.1232,99527251.6949,99527262.9895,99516833.3741,99534029.1789,11704.4591,11997.2249,506.5621,9759.2404,8703.6868,5212.0617,372992.9185,389694.6714,378600.5167,387322.2511,383028.4896,382337.2989,390712.7786,384363.1311,99524128.4944,99524138.3895,99513709.1932,99530905.1414,8879.2678,12047.0081,4361.2428,13467.1264,13007.1102,378015.4219,395580.2699,383904.4180,392755.8193,388308.2959,387808.9661,396050.8593,389743.1105,99521813.3940,99521830.0271,99511398.0010,99528593.1020,12041.5684,11710.9413,11300.9434,12889.1300,380706.9232,397883.0005,386475.9642,395278.1633,391048.5186,390275.3935,398484.9296,392248.9205,99517512.0389,99517527.6888,99507095.3146,99524290.3921,10153.6780,8423.4444,4957.3545,372819.5566,389497.7717,378419.6176,387138.2428,382856.8989,382150.1807,390524.2587,384178.3925,99524198.8360,99524208.6153,99513779.4245,99530975.3788,12522.3477,10862.2971,374438.1972,391918.9395,380296.4682,389132.0961,384652.9590,384193.8965,392478.4167,386137.5990,99525170.6285,99525185.7001,99514754.5545,99531949.8953,4585.5638,369805.7231,386777.1877,375500.9185,384271.8933,380096.5238,379256.7919,387491.2517,381252.0400,99527338.3290,99527351.0142,99516919.7512,99534115.1754,369172.7447,386020.9438,374825.9042,383573.4619,379325.4687,378576.7186,386888.5304,380586.4963,99527923.2773,99527934.2171,99517504.1789,99534699.9177,36308.6953,11657.0804,20923.0096,16502.9649,18965.5169,22221.9921,17443.2767,99886049.9203,99886015.8530,99875601.7699,99892802.5842,24677.6128,17467.1891,25461.3572,17534.0472,22045.0475,20091.2973,99893515.5839,99893460.6412,99883055.3771,99900258.8186,10032.9324,9855.0544,7438.8755,13912.0812,6664.7282,99889059.1599,99889018.4534,99878607.1881,99895808.8407,10962.4038,5599.2924,8823.3765,4264.8838,99896229.3341,99896184.5016,99885774.9809,99902977.1531,12574.1246,17565.5925,11247.8130,99894171.0539,99894128.5112,99883718.9761,99900921.0453,10962.4038,3947.7779,99890896.2606,99890851.7725,99880441.9128,99897644.0040,8220.5352,99899728.6605,99899686.8128,99889275.1582,99906476.7848,99893722.9605,99893680.1518,99883269.5382,99900471.4095,61907.1933,35465.4059,27738.3021,33300.8781,40910.2799,19297.3787,
61200.000,8432.5530,12711.6564,9601.5507,5881.5857,9983.3689,12057.9775,3575.6821,12111.2476,5199.6061,10420.4011,12903.1025,11529.1635,13405.0075,11459.5835,5574.4292,12188.8108,10477.9781,10769.6978,13405.4305,374247.8517,390386.8498,377864.2418,388256.3703,381707.0633,384356.7280,390777.5147,383592.3175,99549325.3105,99542710.7195,99535141.1420,99554082.3732,12043.4689,13406.9899,7440.8461,7397.7767,10177.4420,6806.6999,13409.9944,3697.1017,5630.0430,10752.9799,12410.7483,10509.6042,4308.6314,9561.3683,13656.2683,3638.7447,13375.6319,12001.6402,369379.6294,385641.4216,373026.0812,383510.3094,377007.7620,379461.6834,385847.7226,378800.6995,99553777.5778,99547164.2553,99539593.1240,99558534.1150,6588.1743,13784.0812,12767.9794,10793.5243,11698.8763,6973.7262,12941.6045,12142.4029,9434.7181,2560.1968,3509.0064,10099.3193,13400.2042,5765.1296,9848.4807,4901.8332,2511.5227,380756.3793,397098.5000,384437.1884,394969.7028,388486.2188,390842.3986,397203.7516,390236.3628,99542806.7896,99536196.4521,99528623.5997,99547564.0794,11979.5557,13029.8166,11630.3194,10137.0754,6161.9802,12454.7426,13478.3750,11100.6093,4733.7620,9346.6076,13380.9519,10424.2654,5042.7930,12867.0046,1895.6023,7709.7994,382490.3128,398800.1796,386173.9058,396627.1371,390087.8292,392641.5500,399020.3477,391932.8775,99541497.5560,99534886.1876,99527314.6869,99546255.3642,4990.3986,8141.8245,7901.6885,11341.0444,5741.4810,6299.4625,9674.8947,13596.4403,13267.4742,9838.1374,2767.5320,12169.0672,10201.9201,12670.2353,13384.7603,371400.1508,387977.6291,375194.3178,385611.7899,378997.0600,381731.5199,388061.5310,380934.1053,99553189.2070,99546577.4721,99539006.4961,99557947.2449,4306.6403,10924.2370,10195.9042,8169.1343,2545.7825,5987.5325,13512.0510,11178.6964,7555.8832,6505.9651,11311.5020,9142.5019,13029.8065,11555.3852,370882.6964,387721.8339,374775.7147,385252.2101,378632.1117,381302.3975,387572.0756,380544.8574,99554105.1927,99547495.9133,99539923.3063,99558863.6284,12986.7417,7090.5790,11239.1121,5372.7024,2006.5693,11945.3371,9261.6207,8745.2827,8381.0512,8433.7329,10570.3306,11217.3702,9001.1419,374274.2265,391265.8673,378229.3908,388733.0363,382104.0958,384754.7018,390988.8280,384011.9807,99551179.5453,99544572.2387,99536998.5490,99555938.5346,13055.4915,4111.9011,10504.8111,13493.1074,10609.1378,12186.6878,9878.2598,8417.1522,12837.1285,8223.7355,10904.4341,12734.0863,373611.9685,389566.5047,377144.6982,387564.8025,381072.7766,383586.5957,390041.1286,382887.4991,99549217.9025,99542602.3295,99535032.8032,99553974.1883,13542.4147,10996.3352,6163.6172,7391.2767,7903.0482,12119.3059,10053.7169,1686.3598,12840.1140,5462.0558,5832.5782,380970.4878,397749.9999,384843.5763,395336.0837,388736.8220,391347.4254,397625.9849,390621.2394,99544166.0941,99537558.2807,99529984.9334,99548925.0073,7472.2898,12104.7450,12603.9217,12334.3578,7680.6675,7551.4821,13757.8162,6660.4991,12944.1963,13270.1453,370277.4203,386440.1108,373891.8622,384328.6167,377808.9687,380352.0523,386763.7860,379642.5673,99552914.7712,99546300.3076,99538730.1619,99557671.3575,6442.8085,13107.5833,10087.4051,5209.5589,8208.8323,11867.8806,7022.7057,13260.7794,11009.6747,370038.4599,386769.9898,373881.0770,384379.7559,377797.3710,380373.7739,386662.7767,379661.8060,99554451.3431,99547841.4812,99540268.8458,99559209.2576,10874.9065,7773.0420,8644.3067,9783.0226,7372.6619,10460.4193,10383.6214,7401.3500,375516.6689,392489.2828,379461.2251,389983.8441,383372.8948,385967.6207,392202.8624,385253.5465,99549823.7267,99543216.7525,99535642.7117,99554582.6360,5844.2032,11315.9960,12910.0006,5969.9468,10630.3635,3309.0937,4800.3499,381650.1902,397864.1616,385282.8305,395788.0846,389307.9418,391692.2098,398083.2063,391068.5004,99541711.3412,99535099.8841,99527527.7914,99546468.4661,7560.1698,13493.7412,7346.6199,7924.9711,7841.3275,2564.1265,377999.4458,394462.2241,381724.2242,392281.6099,385795.2778,388125.9117,394459.3433,387535.6568,99545695.4522,99539085.8502,99531512.4142,99550452.7635,11580.1816,12341.6270,2592.5251,12758.5605,9503.1669,370675.1155,387102.4177,374382.9123,384918.1495,378422.9841,380799.4098,387144.5889,380183.0613,99552738.7565,99546127.4295,99538554.9324,99557495.5755,10885.5312,11849.0853,11367.3310,13093.8436,373838.7134,390441.9100,377648.7595,388050.8019,381419.1550,384201.8240,390527.7968,383380.6454,99551040.0270,99544428.6608,99536857.7239,99555798.4164,12786.0928,4024.9376,5060.3936,381903.8836,398574.9668,385731.3218,396227.1021,389650.7928,392216.6486,398516.8533,391510.9725,99542910.7593,99536302.3848,99528729.2191,99547669.3852,12372.7800,9909.7993,371115.1204,387328.1902,374735.3711,385257.5183,378793.8156,381130.9175,387520.8589,380529.4250,99551764.5166,99545151.6439,99537579.8931,99556520.7971,6038.3668,382637.3334,398986.0433,386332.8466,396810.1921,390281.7034,392786.1483,399154.0354,392103.9984,99541324.2042,99534713.4520,99527141.4273,99546081.9944,380007.9002,396546.0912,383768.4870,394313.3266,387801.7035,390192.2689,396512.3473,389573.3927,99544053.1129,99537444.1803,99529870.6380,99548810.8803,35952.6231,13602.3063,20576.1116,14011.8501,20354.0573,20357.3219,16691.2707,99912689.1820,99906028.3312,99898474.4722,99917423.3143,22717.7835,18478.6024,25904.7558,17127.8824,22733.0626,19772.3244,99919789.0269,99913106.4120,99905562.0348,99924514.5136,11598.7106,10238.1162,8508.1502,13948.2167,6288.8777,99912990.8535,99906321.7450,99898771.3821,99917721.6014,9246.8509,10192.7327,10765.1008,5320.9542,99923105.8786,99916433.6695,99908885.2426,99927835.9966,15149.1210,16113.9114,7898.7793,99918420.0808,99911751.4795,99904202.0238,99923152.1904,9246.8509,7363.7304,99917851.2808,99911179.5887,99903629.7406,99922580.3741,10647.4010,99925666.5697,99918998.0491,99911446.6258,99930396.7238,99918590.4596,99911919.7656,99904370.3825,99923320.8749,64498.2460,37819.5333,26015.3810,35283.3095,46191.7067,21829.3562,
64800.000,3307.6052,12393.2399,11267.8030,6341.5255,10233.5258,9813.2227,2971.7326,10810.3840,2021.9136,7463.9324,11315.0730,11360.0123,13031.6775,9354.5955,6848.2069,11123.0350,6949.5955,13583.4995,13280.7632,380590.7767,395955.7960,383648.6889,393052.1540,385743.7919,391075.8302,395073.1786,389101.6434,99568947.0688,99555497.4905,99551326.6959,99571272.2364,12783.7703,11527.3884,5851.8730,9650.6056,11423.0737,4502.1829,12345.8648,3585.3257,8542.3849,12548.7486,11704.8937,11920.2013,8319.5488,9505.6006,12510.7544,4041.3158,13245.1605,12002.6475,382830.8463,398301.9933,385953.3794,395306.7250,387985.4531,393408.8365,397368.4347,391395.4367,99567191.2472,99553742.5500,99549571.6856,99569516.9494,2704.6603,13785.0903,12806.1201,10468.4577,10838.3422,4691.1723,11533.9070,12733.2857,9344.1500,2384.3959,5985.9358,13333.4021,9841.6564,3990.2932,13029.2552,4158.3227,8386.5722,371698.1803,387574.8054,375038.1195,384264.6135,376894.1898,382559.0394,386396.8909,380435.3805,99579326.3052,99565878.2601,99561707.6727,99581652.6513,13668.2446,13553.8697,11623.7942,9238.0234,5751.8955,10047.0607,13195.0202,10955.8256,410.9623,6450.5763,13717.6255,9874.2694,5094.5407,12190.9285,6002.6705,9349.7977,373264.7081,389247.1245,376651.7724,385904.1438,378517.0719,384148.4846,387976.3516,382035.1516,99578001.6752,99564554.9358,99560383.4721,99580328.2296,4848.0389,8364.6711,8734.8164,12626.8910,7904.9624,4169.4434,9601.8342,13705.5964,12566.0766,3653.6288,9279.6508,13005.0815,5451.6887,13102.3769,11038.9315,381876.1710,396960.8621,384816.5196,394140.0616,386876.1965,392312.6458,396332.0505,390305.5813,99567294.8385,99553842.5693,99549673.8893,99569619.8098,7392.3831,11926.0368,12218.5624,11398.0811,5043.9156,7551.4211,13518.3926,10870.1781,1919.6138,10708.5143,12538.8533,7805.7248,10894.6235,8264.6163,379645.2334,394704.0580,382590.5712,391828.6186,384573.9933,390145.1678,394137.4537,388084.8297,99569710.3879,99556256.9822,99552089.4981,99572035.5051,10844.0800,7371.3391,10780.4732,4574.8620,2330.5911,11404.4164,12309.3305,8587.2977,5395.2857,8032.1437,12044.7006,10587.6496,11284.7006,373588.6935,388608.2202,376489.3741,385818.4641,378564.8690,383987.0158,388020.0953,381986.2790,99575147.1101,99561693.0994,99557525.1518,99577471.4739,9713.8829,1108.0177,9543.4766,11988.2238,9374.2565,12067.3556,11176.5044,7053.9318,9866.1789,7999.5161,12687.1992,13128.1819,379380.1418,394964.6373,382545.8952,391941.2486,384602.1667,389966.5705,393920.5077,387972.6274,99570680.2140,99557232.2062,99553060.5658,99573005.7895,10378.4902,10452.1102,6823.9633,5405.6650,9686.9886,12947.2278,6021.1110,795.7281,13553.4747,7521.1979,10959.5029,370615.3429,386192.0605,373788.7041,383100.9873,375768.4889,381269.5091,385194.3109,379220.0449,99579349.0696,99565898.9918,99561728.9068,99581674.4403,9022.2355,12032.1110,10183.5140,12372.4505,10534.3394,7301.1585,10571.3795,7300.3331,13090.8172,13159.3323,380210.9385,395735.8152,383348.0343,392744.4503,385413.6787,390771.2102,394736.5537,388781.9536,99569726.9236,99556278.5624,99552107.1311,99572052.4214,6257.7171,13107.5928,12980.1687,5452.1210,6779.7646,11008.8489,8974.2676,12409.4843,11500.1411,378105.6122,393059.6790,380975.1478,390317.7481,383072.2835,388465.6222,392515.7434,386479.0522,99570586.3927,99557132.6175,99552964.5453,99572910.8194,10702.6095,11104.7004,9005.2626,6890.4481,7369.3859,12658.9867,8987.2917,9998.4547,372466.7722,387567.8639,375416.3384,384700.4372,377437.7832,382940.4349,386941.9591,380904.9966,99576567.5381,99563113.7116,99558945.9570,99578892.1705,6556.7297,13736.3852,9709.7505,4731.3497,12383.3808,5888.1605,9383.8445,372924.0611,388888.9152,376302.0261,385555.4741,378170.8633,383799.1859,387630.6975,381687.5670,99578280.0688,99564833.1350,99560661.7641,99580606.5638,11032.0366,13000.0810,9240.6090,10347.8939,3395.3727,3641.2827,376150.2023,392060.0833,379529.6741,388669.2901,381298.9377,387104.6122,390904.0751,384924.5276,99575464.7748,99562017.1564,99557847.0627,99577791.7783,11073.2863,13233.2344,6174.3322,11580.2904,8634.0380,381307.4948,396415.3423,384275.7586,393523.6077,386261.0065,391821.2218,395808.2971,389764.0478,99568174.3626,99554721.6755,99550553.7642,99570499.6360,6687.5247,11799.5955,11774.7631,13317.1236,374006.5695,389244.3223,376996.5718,386402.6813,379113.3398,384430.4445,388451.9453,382465.0010,99574997.4407,99561545.7995,99557375.9894,99577321.9769,13631.2807,7083.9668,10734.6236,370555.3039,386195.3406,373761.9545,383063.3305,375722.4124,381246.5917,385155.7191,379185.9720,99579593.8906,99566144.2419,99561973.9931,99581919.4236,12221.4350,9622.5046,383976.4578,399459.1097,387123.2577,396397.3238,389078.6614,394631.6471,398559.9951,392566.4758,99566376.5515,99552927.5717,99548757.4763,99568702.6462,4802.0155,373115.7219,388911.3253,376433.7132,385587.7082,378233.0899,384006.6642,387832.5002,381842.3744,99578038.3554,99564589.3964,99560419.8686,99580364.8928,377236.7507,392905.0631,380503.2680,389625.3611,382290.5293,388102.7640,391940.1396,385927.5616,99573906.0197,99560456.4716,99556287.6093,99576232.6671,35211.5208,16208.7320,19053.1065,11510.8838,20636.8369,17845.0466,15081.1902,99939712.4278,99926212.7420,99922061.9420,99942019.2959,20002.2794,20038.1632,25880.6445,17798.2678,23047.9900,20786.0206,99946349.9062,99932828.3510,99928687.6644,99948649.8318,12553.0525,10522.4261,9199.0499,13448.6130,6582.3335,99938803.9562,99925294.3029,99921147.8715,99941107.4782,8538.6940,13878.1250,11344.7148,9104.6744,99949021.8204,99935511.4058,99931366.5042,99951325.9910,15855.3870,13731.8407,9156.4839,99943009.0168,99929502.4690,99925355.7419,99945314.3866,8538.6940,6806.9428,99945520.7120,99932010.5015,99927863.3797,99947823.3405,7030.9485,99951329.1089,99937822.1794,99933673.9336,99953633.0763,99944980.5230,99931472.3417,99927325.1130,99947284.4242,66356.2174,39131.0211,21526.4328,37501.5009,51157.0034,24336.8027,
68400.000,5372.0818,12297.2586,12831.8008,6670.3700,10209.5802,10669.6455,4115.2252,12677.9708,6555.0397,8014.3786,11561.2677,11617.1205,12714.2636,3339.2509,10213.3381,12561.1142,3798.2109,12374.9957,11443.4017,375186.1193,390037.4593,379272.7713,385284.9541,378104.2167,386161.6374,387107.0853,382034.4635,99602644.4555,99582484.4463,99582235.5136,99601540.1354,8847.1745,11191.1373,10798.8114,12809.8063,9411.0615,2164.4688,9586.7138,2705.2837,7685.7235,10367.3121,8093.0018,10771.2591,7380.1868,9468.4096,9284.1799,3971.4083,13317.2722,12015.5990,377028.9754,391617.6086,380988.6968,386953.5009,379843.1250,387963.6729,388901.4493,383753.8162,99600448.1982,99580286.0043,99580038.9200,99599343.6687,5711.8573,13798.4117,12828.4356,8254.3019,10014.3791,1133.5326,8325.9482,9966.2212,7899.8124,2544.6967,4955.7472,12936.4031,9073.3441,691.0782,10683.8507,10358.7353,9913.3605,381029.9372,395005.2229,384624.4907,390773.4896,383691.8935,391620.0052,392721.3751,387491.5434,99594765.6300,99574599.5301,99574354.0742,99593660.0785,12683.8736,11740.4646,11630.5883,12294.0680,5450.8722,11710.7671,12897.6932,10972.1165,4890.6495,793.3791,13713.5860,12122.2603,5733.2216,10951.7185,6276.5864,5111.3778,377262.2406,391105.1478,380754.4913,387029.8721,379914.9199,387702.3177,388891.5871,383670.6852,99597799.9268,99577632.6973,99577387.0669,99596693.8305,4697.8069,10806.3188,9597.8291,13625.4531,11089.6751,9113.0719,11039.7377,13692.4019,12869.3545,5021.0803,10103.3485,13762.5421,9143.7852,9037.5783,9723.7131,376502.7066,391307.2749,380524.5568,386712.5471,379459.7681,387314.7132,388372.5941,383345.5738,99600813.8159,99580654.4041,99580404.0085,99599709.1832,9191.4467,11811.0412,12288.6408,12367.2296,8955.7249,8824.9957,13429.1290,11947.5036,8131.3811,8580.5211,12561.2751,12138.1139,7315.1765,9559.0044,380038.0186,394639.1218,383933.4838,390211.5576,382954.9655,390711.7771,391842.2450,386797.7328,99596726.2352,99576566.0348,99576315.7279,99595621.3034,8704.8834,7953.1304,7250.9284,3466.6981,1547.7227,10005.5709,11224.1963,9160.3914,1067.6833,7960.2114,11756.2281,12033.9855,13208.1247,385014.4893,399514.6025,388899.6243,395006.0388,387846.5299,395806.2804,396839.6764,391716.9917,99592117.3437,99571956.2574,99571707.8386,99591012.7667,10589.1605,2616.7973,6319.7705,9826.0069,9627.5697,11930.1588,5563.4958,8536.4897,10340.2382,4493.7725,13498.2085,12602.1346,377710.7066,392441.8793,381747.4604,387708.1803,380573.2784,388693.3130,389617.2190,384501.3625,99600108.0823,99579947.2152,99579699.2865,99599003.7874,8945.0481,9951.7667,7399.8430,3381.8320,4745.8463,13077.7388,8781.6300,515.8006,11290.8579,9775.3259,9666.0442,381573.9818,395530.1834,385152.1781,391329.5427,384238.4100,392134.4379,393254.9088,388029.6702,99594114.8326,99573948.7719,99573703.1293,99593009.2255,5613.8958,8391.0225,8370.3808,11213.5202,7377.8724,7354.6479,8634.8889,6368.5103,13712.5285,13031.5998,379708.0788,394316.3542,383680.4090,389643.9630,382530.4416,390650.9867,391586.8906,386444.0004,99597912.7705,99577751.1641,99577503.7978,99596808.3803,4835.3233,11053.3093,12544.1762,6244.7011,2794.6617,9875.9266,9853.5303,12818.3594,13557.4796,383095.4658,397822.9060,387114.2846,393158.9704,385985.9030,394008.6690,394985.4569,389895.8129,99594656.0970,99574496.4357,99574247.3731,99593551.8737,9828.4744,10598.8429,10062.5867,2189.6791,7496.5216,12478.2523,11244.9606,12687.6327,385339.8202,399748.0272,389166.4302,395315.8387,388153.5617,396066.9045,397134.2484,392003.9652,99591479.3495,99571317.6961,99571069.3965,99590374.5789,4149.7738,12870.0177,10683.3059,3145.8278,9333.7190,10198.5822,8911.4949,378561.8075,392525.4261,382151.1787,388288.4089,381214.5019,389157.0121,390251.6461,385015.0430,99597171.7385,99577005.1264,99576759.9990,99596066.0974,13617.9163,11763.0229,5003.8667,10784.3199,6866.7431,5761.6790,377676.5593,391525.9641,381176.8571,387433.7760,380326.0759,388134.5197,389311.9554,384086.7580,99597460.5369,99577293.3407,99577047.8192,99596354.4967,8436.8141,13033.9721,6886.8773,12220.3793,12228.5600,377604.0696,392544.7202,381732.6214,387775.9413,380564.3562,388581.4437,389539.3739,384498.1373,99600437.5766,99580278.8816,99580028.9562,99599333.4285,8800.3750,11630.1161,12051.1729,13298.0197,384794.8737,399367.2256,388718.5981,394823.1344,387651.1403,395610.4698,396636.8635,391530.2799,99592495.0894,99572334.5992,99572085.7804,99591390.6098,11110.5659,10159.5643,9939.4348,381523.8597,395491.6050,385111.5977,391274.1513,384187.6942,392100.3816,393210.7915,387983.5524,99594230.6939,99574064.6605,99573819.0919,99593125.1269,12047.5165,10202.3060,373645.0488,388263.8255,377606.9518,383619.9409,376481.8573,384547.6444,385511.9659,380385.1191,99603616.7970,99583454.5363,99583207.0634,99602512.0892,3455.1006,376894.9363,390980.3861,380494.1313,386860.8452,379659.1039,387332.4422,388558.4847,383422.4191,99598424.2351,99578259.4579,99578011.5789,99597318.3067,374256.0544,388309.3629,377847.3666,384166.0133,376992.2935,384723.9996,385922.3907,380762.4661,99601022.1941,99580856.5245,99580609.4652,99599916.2052,34051.9109,18116.1757,16953.7731,9511.5948,20055.2613,14704.8268,15093.2325,99966783.6417,99946572.0108,99946344.3478,99965665.7231,17014.6116,21452.1050,25250.2517,18655.1843,22950.2682,19025.5896,99972859.2617,99952626.4577,99952409.4647,99971736.5133,13155.3406,10470.3839,9629.4043,12248.9141,5898.9954,99966158.8328,99945936.0751,99945713.6570,99965038.2360,8920.1203,16337.8544,10512.9739,7773.0607,99974288.3881,99954067.4283,99953845.7751,99973168.8473,15118.0191,10424.6029,6602.7497,99967773.0472,99947555.3846,99947331.3094,99966653.9646,8920.1203,10125.2265,99973060.2919,99952838.9854,99952614.6374,99971939.5631,7921.5180,99976160.4917,99955942.2696,99955717.4192,99975040.8731,99970167.3307,99949946.3216,99949723.5268,99969047.3279,67428.6491,39296.4608,15052.1513,39973.4529,54861.9545,26850.8638,
72000.000,9277.7878,12528.2052,11304.7074,6580.8135,10053.3192,12750.6608,3876.4706,13226.6216,7926.2329,11530.6133,13124.1106,11774.5849,12714.3485,7441.0761,9259.6024,13411.2135,8792.3063,9391.4496,11798.6804,381185.9945,393780.2724,386002.9205,388089.8770,382325.2020,391303.8679,388825.6243,386114.6170,99620392.1810,99593973.1177,99598135.2939,99613621.8810,8430.1088,13204.6682,11199.8563,10798.4807,7934.4961,5988.6895,11777.9598,2788.6862,6347.5193,8248.7022,9555.7651,8979.7077,2334.5467,9415.6989,11132.1822,3629.3029,13284.3608,11675.2456,376289.1021,389127.2790,381205.2135,383426.0894,377493.2233,386343.6644,383992.8788,381260.8797,99625308.2817,99598891.0633,99603050.7047,99618538.3653,8101.0627,13789.6649,12830.7078,8982.0863,11403.2836,5587.9120,10474.1775,9700.0128,8294.5616,2476.7510,903.9368,9660.9338,12916.1476,4399.7178,6935.1862,9707.2797,5115.6151,381963.5154,395255.5735,387150.6116,389276.2550,383311.5633,392192.3702,389796.5222,387095.6335,99620972.5832,99594559.8887,99598716.7840,99614203.4369,11020.9156,11237.5744,11626.4490,12754.1046,4644.3899,13760.4049,12605.5837,11114.1975,6706.2864,7488.1834,13352.9152,12373.6084,5548.5513,11903.1449,2839.0401,3465.2810,385547.7836,398916.9198,390826.6659,392737.1914,386929.4033,395974.9788,393405.4939,390749.8831,99618150.3900,99591738.2575,99595896.2730,99611381.2678,4564.7297,10209.3197,8328.2379,12241.0604,9354.6416,9448.2145,10749.5030,13638.5324,13619.6283,10339.5611,4601.7974,12856.2551,12280.2855,9671.3458,12678.0667,377883.7333,390815.8797,382925.0830,384817.2076,379130.0749,388233.8653,385615.6962,382952.6501,99624748.6851,99598331.5172,99602493.2962,99617978.6711,6756.1577,10452.4677,10769.3184,9359.7316,6544.8044,7361.9977,13391.1536,12536.4967,10877.4923,2214.1002,11335.6346,12663.0625,11021.1768,12567.0226,375261.1618,388471.8033,380460.4626,382313.7370,376591.0571,385701.0213,383069.0465,380420.8270,99627920.5192,99601505.2648,99605665.6506,99621150.8425,11342.0989,8648.8289,8144.6767,2385.7286,1053.5254,10676.7866,8793.4047,9448.9873,6645.7081,8456.1319,10153.9542,12691.4513,11167.5404,374221.0460,387602.9159,379484.0973,381465.1172,375596.7671,384588.8820,382075.3471,379405.6190,99628954.3445,99602540.7964,99606698.9642,99622185.0162,13435.4100,4642.8295,9697.0980,11790.2352,11259.5091,11799.2168,3832.4872,9069.8460,13267.7938,6050.5396,11543.9805,12316.4176,378869.4700,391438.3391,383650.7402,385829.2496,379995.9863,388904.6721,386500.3218,383770.1119,99622371.1058,99595951.7811,99600113.4750,99615600.7927,12849.0271,10203.9518,7847.2400,5652.8664,4722.2990,12727.5938,11805.0963,1356.6341,11126.1544,7165.8192,3937.1545,382512.5800,396058.3446,387879.9546,389815.4850,383944.7476,392953.6103,390416.9970,387761.0351,99621418.7668,99595007.8097,99599164.5855,99614649.8706,6089.3798,8741.8087,11347.1330,10887.4862,2259.2694,7630.0262,12463.0463,5627.7948,13417.4382,12890.4837,375262.6786,388017.4438,380141.9954,382321.8623,376442.5858,385334.6122,382943.0553,380217.1034,99626222.9518,99599804.7382,99603965.3914,99619452.8460,3304.4857,11284.2837,9701.7350,7699.6385,5658.2163,9962.7474,9134.5277,13226.5302,12101.7332,373481.9990,386689.9146,378639.4629,380668.4312,374802.8931,383773.9907,381287.6570,378603.6409,99629190.2693,99602775.2491,99606934.2502,99622420.6933,10052.7997,8049.5158,9850.6042,7453.6171,7602.0691,10170.5086,12386.4519,10522.9884,374875.3231,388308.5797,380167.1377,382146.2165,376267.0671,385255.2885,382744.1511,380076.2140,99628439.7254,99602026.7186,99606184.4973,99621670.4922,2541.5625,10268.3347,13600.4852,4800.3043,7360.7542,8082.2275,3430.8030,384151.9626,397383.0216,389309.0341,391426.7552,385483.1911,394375.8961,391969.5883,389268.6534,99618728.7834,99592315.8568,99596473.0832,99611959.5882,10199.7838,12771.8190,3508.9514,7650.6659,9281.0700,4581.1925,382085.5908,395431.3933,387308.5073,389404.5083,383451.0359,392350.4902,389933.6971,387240.1684,99621034.1564,99594621.8628,99598778.6375,99614265.0724,9361.7112,12233.4348,3736.7084,12935.4844,12133.9980,377073.3056,389766.2012,381909.6761,384137.3006,378234.0051,387092.4119,384737.2563,382000.2226,99624243.8476,99597825.5011,99601986.0279,99617473.7293,12164.4761,11648.5656,12003.9937,13285.3391,374273.1512,387351.2415,379385.9174,381301.8465,375559.9772,384633.2432,382043.6413,379379.2376,99628446.4268,99602030.0666,99606190.8868,99621676.5734,10383.6345,7974.6589,3927.9378,382272.9479,395798.4854,387620.0964,389596.5720,383697.2977,392675.2730,390171.4167,387506.6780,99621512.8480,99595101.8012,99599258.3706,99614743.9493,11887.7953,9884.7099,379766.8405,392561.9232,384653.6934,386911.3061,380958.8687,389782.1049,387460.4296,384720.0835,99621772.5514,99595355.5717,99599514.9274,99615002.6824,5394.6990,386045.3978,399237.9622,391227.2843,393144.6500,387373.8675,396430.8912,393854.5968,391193.0092,99617276.4912,99590862.8830,99595022.0503,99610507.1052,385360.7497,398700.0890,390600.9827,392612.0258,386729.3654,395697.2814,393209.6734,390532.9915,99618025.5129,99591613.3989,99595770.7319,99611256.4267,32423.5364,18579.3912,14488.8754,9200.2805,18700.6993,11287.6356,11901.8074,99993567.8294,99967105.8243,99971287.0543,99986790.5728,14485.8638,22552.3907,23625.1085,19373.7497,22292.0294,20864.0139,99998981.6214,99972499.9062,99976692.2248,99992201.0527,13461.2215,9585.4206,9694.3558,10285.1793,7224.6285,99994295.8378,99967822.6624,99972009.7501,99987516.7250,10355.1028,17710.9850,8408.7084,10580.1419,99998831.6075,99972362.1741,99976549.1424,99992053.0263,12857.8888,6573.7698,4410.2759,99992807.8648,99966340.2319,99970524.5779,99986029.6650,10355.1028,8776.5551,100000000.7119,99973530.3154,99977714.4699,99993222.1334,4189.8407,99999361.0110,99972893.0635,99977077.5751,99992582.7590,99996053.5724,99969584.7187,99973769.3715,99989275.1861,67686.0043,38291.4034,12624.4560,42702.5558,55318.7766,29011.5709,
75600.000,7864.1488,12509.6440,9593.6820,6638.8602,10161.4398,11940.9776,1885.7755,11007.5576,4706.1664,10915.0934,12829.2354,11521.4324,12521.8512,11403.5062,5579.7135,11983.2774,10238.5300,11368.6947,13403.5067,383385.0016,395213.6800,389728.9050,387568.1950,385735.1231,392701.2771,385665.7367,386757.5328,99645311.8600,99613416.9143,99622411.2134,99630025.9190,12547.6435,13348.6427,6508.8487,7051.8612,10216.2390,6848.9811,13704.8231,3528.8912,8933.3134,10912.3904,12741.7421,10261.1911,4949.7887,9375.5056,13776.3211,3818.7762,13045.1983,11386.3739,388156.2244,399886.8528,394478.2589,392185.2964,390524.4050,397575.0546,390386.8868,391488.3542,99640738.4540,99608843.0708,99617838.9667,99625451.9925,6063.3345,13768.6074,12851.1874,11092.0338,12163.3531,6542.2029,12995.7971,11964.6892,9783.1534,2082.0327,4046.2265,10392.7760,13125.7945,5755.6204,10550.3074,2612.8782,3475.7459,376333.9699,388028.4408,382649.2521,380262.6723,378717.8779,385827.3636,378533.0404,379642.6265,99652372.4141,99620474.8894,99629472.8477,99637085.2904,12376.6793,13151.9808,11624.1127,10004.9649,3802.5503,12231.6444,12158.6393,11112.9261,4498.8177,9150.1789,13322.3230,10089.2593,4794.4280,13035.0043,3603.3909,8863.1779,374970.9335,386675.1219,381259.6746,379029.3841,377303.9339,384331.9526,377189.6438,378283.2365,99653327.8190,99621430.4779,99630427.0877,99638041.1359,4421.0672,7421.8916,7322.2408,11677.2355,5784.0355,5735.8828,9043.9269,13713.4884,13234.7610,9378.1532,3985.2706,12142.5959,9392.4068,13474.8821,13190.2797,386570.1605,397991.6408,392690.4506,390608.8187,388775.3661,395770.0753,388701.2172,389766.8093,99641143.3875,99609245.4979,99618242.0754,99625856.7179,4236.8420,10454.0789,11553.5287,8351.2432,2438.0955,5818.9260,13461.6902,11924.9268,7418.6730,7209.7060,11432.6724,8491.0560,13295.3919,11287.7305,386681.4380,397928.8893,392720.8254,390595.2496,388850.5885,395897.9795,388739.4822,389802.0260,99640773.2780,99608873.8017,99617872.1670,99625486.0326,12452.5378,9026.4389,11308.5111,1917.2168,2039.1543,11949.3190,11173.0506,9083.4825,8286.0969,8573.2176,10519.5641,11581.6489,9599.0657,383182.0013,394287.4417,389143.5700,387031.8927,385303.2975,392368.7447,385183.7082,386238.4709,99643883.4635,99611982.3337,99620981.9603,99628595.8151,11687.5744,3692.4211,11423.8261,13192.0939,11235.0514,11685.3599,10466.4465,7076.9224,12506.8008,9024.2898,11265.3490,12919.3180,383984.7642,395900.7239,390385.8662,388164.8099,386381.2331,393363.4265,386293.6751,387395.6725,99645051.8963,99613157.6766,99622151.7745,99629766.0168,13139.8230,9976.6411,8369.9787,6104.9594,9690.1490,13070.3673,9494.5155,1613.8967,13406.4981,5081.7574,8326.4963,375329.4568,386758.5145,381463.4628,379299.9346,377559.2467,384599.9466,377447.4235,378521.8691,99652265.4341,99620365.9388,99629364.0736,99636978.2647,9963.8164,12215.7879,12631.0410,11551.8657,8048.9751,7596.3811,13619.5320,6668.7637,12786.8241,12750.1426,386979.8398,398798.1420,393335.6226,391097.4239,389354.7083,396362.0170,389250.2154,390349.7640,99641952.4652,99610057.7903,99619052.5751,99626666.3634,3797.2054,12656.9967,11685.0926,8554.7673,7245.9288,9748.2865,9819.9954,12344.9789,10520.8872,384672.1852,395826.5144,390657.7791,388556.1849,386805.0444,393856.5004,386695.0636,387750.9467,99642496.8058,99610596.3080,99619595.3471,99627209.3459,10890.2020,9986.5808,8932.1889,9685.3260,7585.7650,10507.0073,10560.2995,8073.7025,381945.6922,393064.4416,387922.5237,385764.6105,384085.9965,391173.4907,383946.8802,385007.0742,99645228.8602,99613327.5993,99622327.6250,99629941.0819,5328.3794,11353.3611,12626.4401,5814.3635,11162.7048,1109.7178,5417.7106,375661.0256,387442.2616,382017.3141,379647.6751,378064.3003,385150.5461,377895.5580,379007.1916,99653153.2837,99621256.4320,99630253.6164,99637866.4095,7317.3535,13732.8115,8915.4927,7404.7960,6172.4461,2833.8181,379783.0820,391551.0656,386152.1314,383694.7593,382214.3386,389345.7744,382005.7977,383126.0687,99649379.0578,99617482.5119,99626480.2529,99634091.9993,11933.9324,12560.7431,2260.1147,11820.2630,8090.8310,386701.0354,398319.9870,392980.8705,390606.0159,389063.6649,396175.9919,388878.2299,389983.3466,99642135.5100,99610238.7925,99619236.4455,99626848.4811,10400.3487,11797.6987,12126.4678,13477.9533,383223.1887,394653.9473,389335.5800,387308.8766,385411.0371,392376.4792,385361.8430,386422.0103,99644319.2321,99612421.0803,99621417.3501,99629032.6651,13103.0354,4886.1649,7197.1637,375402.2184,386790.9536,381521.1407,379328.9196,377629.9603,384692.3497,377501.3121,378576.9945,99652182.2132,99620282.3326,99629281.0295,99636894.8620,11709.0598,8838.4156,386777.4072,398543.1627,393136.9134,390741.7674,389190.0110,396287.5639,389010.1487,390123.8718,99642417.8924,99610522.4267,99619519.0802,99627131.1833,5882.8862,375234.9409,386965.3213,381557.8386,379223.4198,377611.0970,384688.2463,377452.9431,378558.6362,99653371.2772,99621473.9997,99630471.3041,99638084.3662,378824.4027,390401.9556,385084.1048,382680.9415,381180.9101,388317.6081,380977.4455,382083.6196,99649781.3825,99617883.1763,99626882.0064,99634493.9774,30247.9422,17226.8472,11819.4355,11666.4393,16589.4389,10244.2517,12490.9822,100019747.7030,99987806.1707,99996826.9319,100004453.3947,13294.8346,23284.4159,19641.6903,19821.5001,20273.8943,17880.6467,100024405.9805,99992446.8862,100001478.9262,100009108.0885,13411.3094,6511.0163,9278.5807,7842.0070,5269.5730,100022172.2714,99990220.8997,99999247.5678,100006876.0903,12219.0644,18102.1358,7692.8795,9351.0186,100022481.8920,99990535.1159,99999560.9076,100007185.9686,8832.1490,4637.1986,3778.5835,100019428.9901,99987481.0756,99996505.2547,100004133.6025,12219.0644,10831.2452,100025967.1571,99994018.8692,100003042.0961,100010672.0843,2593.8002,100019817.2962,99987869.7182,99996894.6055,100004521.6744,100020332.3192,99988383.4491,99997408.9452,100005036.5061,67121.8788,36183.4981,20967.3900,45673.3701,49694.6683,28877.5769,
79200.000,2431.3802,12192.5088,11415.0145,7105.4550,10409.7266,9737.7139,2111.5145,10586.1996,2181.8248,8583.3116,11234.5583,11381.4726,11975.4599,9197.9686,7414.3190,11098.6088,6204.1604,13543.4301,12620.2445,379725.2889,389765.9337,386280.8141,380348.5245,384360.9528,387816.6150,379311.8197,380881.2563,99674067.8571,99637723.3018,99651897.4237,99651694.4373,12432.3599,11398.7973,6871.1192,10190.4522,11104.2700,3953.6235,11344.6215,3248.4757,10132.8657,12309.3652,11501.7805,11039.0215,8588.0999,9329.6862,12033.0620,4162.8402,12937.6123,11429.6286,378070.0753,388028.5534,384580.6438,378700.6531,382666.6571,386110.7118,377607.0145,379194.6901,99675337.8997,99638992.4869,99653166.9755,99652964.2965,2322.5910,13767.2448,12870.4802,10443.2631,11016.9282,3098.5726,11058.2367,10639.4591,9475.6676,1957.1529,5882.9569,13502.4559,9344.5821,3613.0065,13055.2332,6235.5152,9248.3302,388725.0899,398353.7384,395066.2539,389376.9905,393175.1315,396577.1739,388077.1410,389734.7724,99663720.7868,99627374.0402,99641548.7676,99641346.9725,13779.5385,13440.3696,11630.3748,10204.7997,3664.3022,10022.6991,11593.6979,10987.3223,647.8475,4796.5134,13664.0069,9908.7599,4987.2818,12160.7593,6828.5947,9137.1438,387142.8003,396685.1405,393445.1090,387757.2168,391556.4537,394989.1698,386460.1616,388131.8979,99665083.6500,99628735.9868,99642911.5965,99642709.5291,4271.4453,8302.7965,8675.9126,13320.2099,8851.2721,7893.8693,9301.1835,13799.9156,12692.9712,2709.5958,9862.2460,13142.9887,5581.6341,12189.7206,10319.1741,378787.1551,389061.3831,385432.0987,379580.7388,383511.6213,386818.8596,378439.9452,379978.3858,99675286.8191,99638944.1363,99653115.5444,99652914.2313,7596.9974,11472.4943,13153.4209,11703.2128,7951.3784,7568.5387,13449.8932,12004.0278,2427.6395,10787.0137,12619.7095,8223.8760,10044.1371,8538.4179,381137.5206,391404.7400,387767.0049,382001.4579,385852.9743,389091.9335,380762.0880,382308.8348,99672792.8879,99636450.5180,99650620.9684,99650420.5528,9561.2508,9322.6751,10435.8309,1425.8965,2290.7923,11276.0150,13086.5661,8949.3437,4852.6157,8151.3560,11947.1243,11458.0869,12376.4052,386976.0429,397275.4874,393641.8809,387752.1269,391718.1802,395042.4080,386654.0035,388184.5595,99667507.1642,99631165.7550,99645336.5595,99645134.8620,9068.4427,1217.2930,8383.3298,10982.0866,10104.2763,11540.3687,10580.7401,6319.9271,9690.1248,7739.8395,13311.6139,12966.8085,381417.6424,391392.5842,387945.5078,382010.7334,386027.3269,389507.4735,380979.9231,382559.6985,99672293.3595,99635948.4702,99650123.0506,99649919.7970,9319.2550,9195.8710,8939.3957,3053.2757,7963.6046,13658.7518,6996.3248,1779.3135,12910.6729,8773.0918,11210.6498,388796.6389,398514.9979,395191.1412,389412.6462,393291.1840,396733.0529,388211.7200,389846.9687,99664087.1951,99627741.1580,99641915.9315,99641713.4538,9325.6385,11724.9288,9995.7703,11033.8903,10635.5277,7363.6246,10111.0593,7113.9053,13132.8641,12582.1360,380647.3369,390562.7684,387145.4839,381231.5372,385230.3821,388715.5487,380179.3537,381770.7310,99672850.6709,99636505.2024,99650680.1723,99650476.9526,3620.9372,11241.8990,13177.9055,8949.7336,3829.2955,8203.1950,11373.2890,12016.7825,12740.0739,386276.2673,396571.5070,392944.2207,387027.0218,391018.6652,394366.9437,385960.8949,387489.7522,99668250.7670,99631909.2106,99646080.3770,99645878.3660,10639.3243,12291.2936,9303.6597,6290.8786,7580.3150,12658.6948,10035.6779,11410.5388,388067.5038,398306.1061,394698.0787,388866.5662,392780.1882,396078.6524,387703.6242,389249.2470,99666143.8916,99629802.1498,99643972.8425,99643771.5755,5363.4655,13745.2264,9482.1625,4382.7506,12401.9973,7085.1433,9510.7066,387594.9852,397161.7348,393910.2414,388209.4513,392019.9953,395454.1264,386926.0651,388592.7165,99664726.7796,99628379.3670,99642554.8468,99642352.7174,11882.4773,12553.6971,8878.0582,10165.7528,4471.5675,5249.5468,383754.7208,393254.1542,390022.3513,384425.1821,388141.3250,391518.1423,383025.8590,384712.5138,99668077.0947,99631728.7377,99645904.1345,99645702.9403,11259.8282,13414.0289,6166.9004,10751.3960,8548.8526,379008.2929,389235.7797,385621.0819,379844.7189,383707.2557,386970.5885,378619.4755,380172.0335,99674780.1741,99638437.1833,99652608.2793,99652407.6205,6394.9093,11714.7403,12517.8742,13613.8748,386887.5517,397025.6819,393490.7633,387548.6862,391567.7086,394992.0561,386518.2795,388070.6331,99667359.4017,99631016.5779,99645189.3258,99644986.4950,13462.8271,8807.0766,11455.8257,389716.7153,399522.2748,396151.3763,390363.5648,394248.3628,397666.0127,389169.1511,390789.4294,99663402.9044,99627057.7144,99641231.7220,99641029.4354,11506.0989,8906.6535,376461.8442,386410.9912,382952.8199,377167.4722,381045.7387,384417.9251,375964.6027,377562.3568,99676614.5066,99640268.8760,99654442.7019,99654241.0272,3964.9905,385626.2938,395298.4449,391967.0206,386392.3709,390082.9366,393378.5347,384959.0005,386619.3746,99666578.3570,99630231.6894,99644405.1917,99644204.8284,381745.1526,391460.8436,388102.5274,382531.5939,386217.4413,389496.7580,381092.3243,382746.0711,99670458.7567,99634111.9894,99648285.4007,99648085.2370,27392.8013,13929.8568,9221.6078,11961.6704,13693.4790,12415.4294,7728.2481,100045029.3977,100008643.5076,100022842.7994,100022645.4597,13856.7746,23616.3006,15493.7568,19936.4232,17124.8652,20242.0769,100048865.0565,100012464.3273,100026674.7256,100026476.8737,12881.1046,2346.3450,8336.8189,7130.5619,7259.1739,100048680.2914,100012287.1267,100026491.5396,100026294.3454,10961.9011,17565.2632,12575.1331,9909.2754,100045070.6350,100008681.7886,100022884.9013,100022685.4884,8824.0414,5600.3106,5179.5087,100047139.5241,100010747.2235,100024951.1448,100024753.7903,10961.9011,9165.0561,100050637.7860,100014247.0540,100028448.1919,100028252.8643,5054.2551,100041806.5032,100005414.2513,100019617.7779,100019420.8640,100044459.3652,100008069.4332,100022271.3449,100022074.3623,65753.1492,33162.5254,27831.1740,48843.8355,41627.3216,25832.8261,
82800.000,5849.5866,12129.0779,12811.2078,7355.9542,10367.1296,10855.0424,3662.5080,12632.9529,6792.5445,11023.3769,11665.5392,11646.8130,11633.1474,3113.7530,10461.9392,12652.4802,3889.1401,11359.5670,10833.1005,388665.7292,396474.3405,393894.5395,386088.9716,392166.0418,394591.6472,387803.1056,387988.7837,99687234.2510,99647676.9012,99667212.5600,99661914.3090,8305.3674,11489.5997,11396.6073,12781.0730,8787.5462,3703.5566,9851.7585,2292.0228,8633.4388,9746.1901,8129.9418,8966.4946,7300.5028,9268.0811,9153.6812,4007.4165,13014.3207,11339.5637,385949.6877,393930.6242,391223.7089,383462.8531,389541.0900,391831.3206,385099.4451,385328.3612,99690235.5892,99650679.3550,99670213.0955,99664915.9446,5989.7895,13778.9967,12896.7287,8364.5452,10742.4196,2759.6618,8208.1583,7622.3641,8124.1715,2164.3010,3773.3351,12849.7063,9545.0518,1171.5560,10020.4258,10933.7089,9082.2218,383163.6994,391581.1780,388576.8220,380687.8377,386897.7063,389158.9070,382548.2925,382708.1711,99694537.2722,99654984.5154,99674515.5155,99669218.7251,12446.3836,11529.2721,11622.9308,13071.3504,3342.9664,12007.8441,11066.9935,10995.6189,5108.3717,3655.7136,13653.4835,12183.5282,5603.8162,11116.1410,6256.8714,4436.6677,386568.9676,395083.1700,392021.7851,384024.2717,390306.4369,392663.6497,386073.3971,386159.4841,99691833.6191,99652282.1944,99671812.9999,99666515.5373,4130.9717,10639.6082,8982.0095,13408.4905,11324.4266,10982.3057,10745.5633,13752.1724,13316.0228,5642.2968,9554.6774,13666.1662,10137.7706,8327.0447,10565.2279,386484.9643,394344.2802,391741.2660,383794.6703,389953.5235,392543.0622,385756.7522,385839.2048,99689965.4279,99650408.4318,99669945.2046,99664645.6709,9071.2286,10895.1854,12422.5902,12189.6585,9385.3361,8677.2066,13350.2251,13034.6199,8452.6195,7949.3250,12452.5494,12470.9765,8014.7826,10955.4625,383271.6901,391262.2595,388570.3662,380571.3430,386776.7565,389377.5271,382625.8220,382676.2925,99693621.0888,99654064.9036,99673601.1834,99668301.5956,8374.5426,9898.3155,6918.3587,814.9415,1450.0241,9943.7229,10996.5657,9475.4079,1580.3067,8149.5168,11396.4621,12886.2229,13357.1658,378591.7724,386647.0891,383895.3732,376031.1322,382173.9714,384570.9023,377849.3539,378003.7534,99697885.4805,99658329.1723,99677863.8830,99672565.8608,11996.5925,3631.5303,8559.8219,9473.8847,10798.6305,11377.7041,3979.5460,8216.3506,11317.7098,4878.4799,12957.6551,12312.9197,385572.5112,393389.2751,390799.1756,383030.1184,389088.5011,391464.7792,384681.7205,384893.9203,99690182.9109,99650625.2689,99670160.7449,99664862.8550,10092.9646,9213.1314,9404.5916,2400.7677,2310.7543,13454.1111,10824.8457,2462.1172,10576.7387,8974.5819,7013.3926,384610.9977,393103.8838,390051.6539,382109.9282,388359.0718,390654.1164,384062.1113,384187.8329,99693503.1110,99653951.2129,99673481.8590,99668184.8518,6830.1334,8038.1310,8623.6402,9721.8070,7267.6186,7454.9709,8905.7282,6009.0037,13588.4813,12410.9808,383724.8894,391682.9063,388991.5096,381230.6872,387305.1671,389607.4342,382867.9851,383094.6824,99692345.9868,99652789.3217,99672323.4894,99667026.2109,1354.0241,9266.9548,10370.8729,9847.7552,2328.0548,7392.8162,11292.7595,12691.1958,12997.6652,378725.5730,386823.4502,384041.9580,376174.7610,382325.4502,384706.7150,377997.9612,378152.9169,99697877.1107,99658321.1709,99677855.4864,99672557.6017,9788.1099,10743.7370,10299.9084,2211.4052,7712.4700,12126.2388,12335.0790,13010.5913,378273.5497,386392.0682,383598.5187,375703.3469,381871.8321,384280.7083,377575.4856,377710.7323,99698454.5932,99658898.8028,99678433.2364,99673135.1438,1903.5919,12832.4789,10967.8955,2930.2033,9091.7677,10213.3864,7682.9399,385305.1905,393735.7897,390722.9178,382832.6343,389045.4632,391300.8793,384694.7568,384855.2051,99692498.9199,99652946.5264,99672477.1990,99667180.4852,12954.2583,11839.9417,4144.7262,9106.5939,8831.7589,5980.0829,386688.6208,395144.9560,392117.0937,384197.9105,390430.0777,392710.6641,386109.9353,386250.9858,99691308.7947,99651756.8116,99671287.3847,99665990.5013,8694.3627,13162.5559,6663.8262,11665.0148,12107.0179,386393.7242,394134.5924,391603.5508,383780.9480,389856.6761,392337.4148,385526.3162,385693.9206,99689341.3712,99649783.2358,99669319.9318,99664021.2034,9304.0453,11533.8119,12659.8496,13526.4281,378764.2167,386757.7018,384050.6446,376177.1549,382315.8265,384753.0560,378011.7877,378155.3636,99697583.2332,99658026.4446,99677561.8307,99672263.4776,10793.8659,10583.2083,9064.3169,382562.2157,391005.7644,387984.9516,380073.3739,386298.9588,388578.3422,381973.4178,382117.8860,99695260.0969,99655707.5107,99675238.5409,99669941.6123,11329.8862,9449.5016,389537.7921,397506.8958,394812.7151,387019.2422,393113.6651,395449.3245,388711.0966,388916.4840,99686773.7805,99647217.8662,99666751.7281,99661454.2565,4052.8643,388662.4069,396973.1666,394060.8362,386016.7098,392294.0211,394803.8014,388146.9495,388186.2103,99689372.2006,99649819.3557,99669352.4517,99664053.7323,390157.4782,398534.9990,395571.0705,387578.8021,393838.7287,396248.6051,389617.0194,389700.0662,99687918.5127,99648366.3488,99667898.1095,99662600.2172,23603.8897,8750.4517,7405.7237,9140.1723,9999.5725,11987.7705,8240.5693,100069104.1234,100029511.7310,100049074.3386,100043773.1019,15608.0843,23509.3918,15200.7836,19683.7690,15973.9012,16380.0992,100072151.4795,100032547.4440,100052120.4047,100046816.8484,11738.3315,4019.2171,6933.0856,8849.3114,6039.4930,100072891.2742,100033294.9667,100052860.8740,100047559.0294,9246.5529,16113.3278,15149.5103,9623.4338,100066480.2462,100026887.1663,100046451.7919,100041149.0855,10765.4520,10193.8752,5419.7560,100071174.7922,100031578.2258,100051145.1102,100045842.5063,9246.5529,9973.3069,100073734.9683,100034139.8896,100053703.3809,100048403.0350,5826.3236,100065924.6208,100026327.1888,100045893.0439,100040591.9719,100066862.0444,100027265.7075,100046831.7129,100041529.7941,63620.0920,29596.2341,29706.0668,52131.0692,37178.9548,22476.8924,
86400.000,9317.8711,12358.4890,11133.9390,7257.4188,10204.7873,12814.8465,3072.6898,12169.7685,7779.3339,12922.1557,13175.4921,11781.8039,11572.3595,7437.4659,9102.1982,13313.0002,9086.9829,9015.0520,11844.7055,385544.3699,392449.6033,388539.5282,380191.8730,387343.6854,389425.9418,385172.1887,382819.0892,99714805.6677,99673409.6964,99698228.4005,99689958.8308,9096.4500,13442.5308,10637.9017,10091.1959,7735.9478,6957.1743,12848.8273,2644.8288,9138.1938,8076.1142,10192.7579,7991.7740,2640.0536,9237.5389,11623.6779,3733.9916,12877.6056,10917.9210,390955.2272,397712.0001,393945.7686,385522.8923,392631.1935,394929.0962,390673.7196,388244.1733,99709302.7829,99667906.3428,99692727.0289,99684456.3662,8012.0606,13762.7019,12907.3459,9431.2115,12226.3177,6574.9139,10899.1066,9542.3916,8730.0131,2071.5873,1736.1512,9618.7423,13250.0498,4767.5370,7029.5399,8399.3651,2944.6536,384115.0669,390625.2801,387105.3660,378688.8719,385724.5976,388124.1726,383785.0593,381398.2941,99715002.5825,99673603.1223,99698427.3071,99690155.5038,11093.8526,11330.9582,11625.8268,12624.5550,2206.0369,13793.3027,10511.0834,11148.8788,6689.4074,8958.7761,13278.2460,12109.0079,5317.6566,12212.2555,3390.8694,5552.5969,380967.9227,387432.2329,383964.5945,375648.8303,382674.4344,384890.2598,380471.7182,378226.7196,99717375.0238,99675974.3385,99700798.3236,99692527.0879,3985.0775,9509.6730,7275.9313,11755.0497,8897.1704,9034.0545,10123.9603,13702.9067,13684.2274,10487.7658,3233.1592,12595.9629,12269.3781,11065.2256,13403.8296,389595.1195,396283.9508,392594.1523,384313.5296,391406.6206,393446.2774,389079.5685,386850.1954,99709672.2035,99668274.2706,99693094.4328,99684824.6402,6336.7533,9499.8215,11279.1353,8963.4300,5711.6836,7030.6444,13337.2282,13095.2757,10924.9016,1855.7208,11262.6818,12275.2507,12278.7314,13057.9635,391643.4030,398198.1261,394641.9809,386354.4255,393409.5891,395521.4066,391114.8425,388897.3180,99707156.0053,99665757.0316,99690578.6616,99682308.3090,11437.3361,10440.8180,8366.0260,1907.4123,1057.9330,10740.6883,9747.2966,9773.6435,7008.4956,8648.7469,9830.3830,13031.5076,10806.9948,392261.3903,398715.4663,395255.8499,386902.7742,393927.0737,396216.7138,391818.4832,389528.4444,99706473.0792,99665073.5377,99689896.9924,99681625.6827,13200.8397,5020.9667,11954.1207,11939.1435,12155.8020,11254.1683,5136.9400,8094.6180,13652.9973,7603.6627,10957.9826,12441.4743,388231.9615,395142.5950,391225.9272,382857.8265,390011.2280,392131.0197,387891.8106,385511.4126,99712307.6758,99670912.1371,99695730.7058,99687461.0667,13553.5956,9353.3992,9812.0638,5592.0623,7817.5956,13063.4914,12188.8133,3179.0832,11678.5153,5040.5007,4423.2929,381967.6338,388376.2031,384963.2176,376632.8455,383642.0452,385912.2599,381485.1636,379228.8987,99716267.5905,99674866.5562,99699691.2479,99691419.6879,9578.5778,8946.9410,11686.1158,9878.3432,2798.6979,7722.3708,12820.6468,5521.8378,13025.6322,12237.7808,391480.2257,398292.9687,394472.3321,386072.4323,393197.8109,395423.4149,391171.6034,388764.8285,99708890.0934,99667494.1209,99692313.8479,99684043.6275,1846.1988,10612.6985,10123.4527,10902.9966,6829.5246,7804.7192,10880.4314,12275.8538,10457.8311,391318.6173,397727.2506,394314.2150,385982.4708,392994.0804,395261.3948,390835.2268,388580.0461,99707121.6749,99665721.5084,99690545.3713,99682274.0266,10087.8206,9182.6624,10098.5394,7812.8672,7817.8468,9819.2611,12703.0369,10135.0150,391610.5160,398036.5455,394604.6329,386248.1557,393263.9942,395573.7454,391168.8048,388877.9561,99707026.7348,99665626.8851,99690450.7703,99682179.2975,2829.6564,10247.1909,13674.1878,4794.4949,7800.7833,6708.8781,1249.4080,382298.3444,388829.5777,385289.4031,376882.6520,383924.5070,386295.4477,381956.5413,379579.5447,99716791.8940,99675392.4043,99700216.4084,99691944.7307,8293.6216,13195.4220,6325.0886,5494.1989,8751.9003,3975.1765,384447.7854,391029.3896,387437.3525,379006.9159,386062.7608,388458.6472,384151.5353,381735.5420,99715021.4168,99673622.7229,99698446.1817,99690174.5649,9851.9618,12389.9920,3225.7522,12063.0909,10971.6344,389355.5489,396201.3123,392346.0234,383922.0135,391055.2328,393317.0821,389091.8192,386646.6119,99711231.8623,99669836.1083,99694655.9069,99686385.5625,12212.8586,11616.0672,12575.1689,13517.2750,392014.0866,398646.6048,395012.1858,386713.8527,393791.1533,395889.8128,391515.1932,389271.8540,99707147.2283,99665749.0827,99690569.8579,99682299.7516,10651.9384,7586.4987,4033.0051,383969.0421,390335.0751,386962.7920,378606.4920,385602.8211,387944.2673,383520.3370,381235.7286,99714295.5126,99672894.3987,99697719.6743,99689447.7713,11128.0250,8744.3450,387583.7419,394358.7426,390572.7888,382128.9127,389240.5715,391575.7750,387340.2258,384878.1995,99712787.5608,99671391.0584,99696212.0775,99687941.2254,5913.1169,379868.6741,386476.3555,382864.5837,374529.6764,381595.8111,383786.6401,379426.1978,377134.3045,99719067.1113,99677667.7346,99702490.3487,99694219.5150,381841.6989,388344.2473,384833.7190,376442.4920,383476.6124,385828.8152,381470.5901,379118.7127,99717044.7197,99675644.8430,99700469.0657,99692197.3880,18316.7766,3011.9868,7757.5280,6532.6615,6272.5450,9678.9633,3048.9377,100091296.4388,100049863.6827,100074717.8003,100066438.9296,17601.3973,22896.8169,15920.9704,19041.1494,15657.5988,18832.9112,100094129.7116,100052688.9876,100077551.7009,100069270.2256,9900.3381,6228.0017,5281.6973,10571.3966,5963.5164,100094264.5296,100052831.5625,100077685.9336,100069406.9775,8538.6542,13731.0182,15855.3466,7393.8601,100086684.8664,100045253.6937,100070107.2336,100061828.1610,11344.6380,13878.9514,8344.1146,100092703.7454,100051269.9018,100076126.3115,100067846.3732,8538.6542,7768.9950,100095011.1607,100053578.2055,100078431.5115,100070153.2290,8600.0645,100089209.7067,100047774.0996,100072629.7174,100064350.9173,100088411.6732,100046978.7801,100071832.8483,100063554.0582,60786.5754,26110.6255,28577.2953,55387.6727,37151.5741,19908.5914,
