sl_5_86400_20250105 Distances.csv
2025/01/05 07:47:00.0000 UTC

Generated: Tue Oct  8 16:57:53 2024,
Start: 2025/01/05 07:47:00.00, Stop: 2025/01/06 07:47:00.00,
TIME_UNITS,Distance STARLINK-1657 - STARLINK-31963,Distance STARLINK-1657 - STARLINK-4549,Distance STARLINK-1657 - STARLINK-2722,Distance STARLINK-1657 - STARLINK-5819,Distance STARLINK-1657 - MoonARTEMIS1,Distance STARLINK-1657 - MoonARTEMIS2,Distance STARLINK-1657 - MoonIOAGEO,Distance STARLINK-1657 - MoonIOAGNO,Distance STARLINK-1657 - MoonIOAGNO 0001,Distance STARLINK-1657 - MoonIOAGSO,Distance STARLINK-1657 - MoonIOAGSO 0001,Distance STARLINK-1657 - MoonLRO,Distance STARLINK-1657 - MarsSat1,Distance STARLINK-1657 - MarsSat2,Distance STARLINK-1657 - MarsSat3,Distance STARLINK-1657 - MarsSat4,Distance STARLINK-31963 - STARLINK-4549,Distance STARLINK-31963 - STARLINK-2722,Distance STARLINK-31963 - STARLINK-5819,Distance STARLINK-31963 - MoonARTEMIS1,Distance STARLINK-31963 - MoonARTEMIS2,Distance STARLINK-31963 - MoonIOAGEO,Distance STARLINK-31963 - MoonIOAGNO,Distance STARLINK-31963 - MoonIOAGNO 0001,Distance STARLINK-31963 - MoonIOAGSO,Distance STARLINK-31963 - MoonIOAGSO 0001,Distance STARLINK-31963 - MoonLRO,Distance STARLINK-31963 - MarsSat1,Distance STARLINK-31963 - MarsSat2,Distance STARLINK-31963 - MarsSat3,Distance STARLINK-31963 - MarsSat4,Distance STARLINK-4549 - STARLINK-2722,Distance STARLINK-4549 - STARLINK-5819,Distance STARLINK-4549 - MoonARTEMIS1,Distance STARLINK-4549 - MoonARTEMIS2,Distance STARLINK-4549 - MoonIOAGEO,Distance STARLINK-4549 - MoonIOAGNO,Distance STARLINK-4549 - MoonIOAGNO 0001,Distance STARLINK-4549 - MoonIOAGSO,Distance STARLINK-4549 - MoonIOAGSO 0001,Distance STARLINK-4549 - MoonLRO,Distance STARLINK-4549 - MarsSat1,Distance STARLINK-4549 - MarsSat2,Distance STARLINK-4549 - MarsSat3,Distance STARLINK-4549 - MarsSat4,Distance STARLINK-2722 - STARLINK-5819,Distance STARLINK-2722 - MoonARTEMIS1,Distance STARLINK-2722 - MoonARTEMIS2,Distance STARLINK-2722 - MoonIOAGEO,Distance STARLINK-2722 - MoonIOAGNO,Distance STARLINK-2722 - MoonIOAGNO 0001,Distance STARLINK-2722 - MoonIOAGSO,Distance STARLINK-2722 - MoonIOAGSO 0001,Distance STARLINK-2722 - MoonLRO,Distance STARLINK-2722 - MarsSat1,Distance STARLINK-2722 - MarsSat2,Distance STARLINK-2722 - MarsSat3,Distance STARLINK-2722 - MarsSat4,Distance STARLINK-5819 - MoonARTEMIS1,Distance STARLINK-5819 - MoonARTEMIS2,Distance STARLINK-5819 - MoonIOAGEO,Distance STARLINK-5819 - MoonIOAGNO,Distance STARLINK-5819 - MoonIOAGNO 0001,Distance STARLINK-5819 - MoonIOAGSO,Distance STARLINK-5819 - MoonIOAGSO 0001,Distance STARLINK-5819 - MoonLRO,Distance STARLINK-5819 - MarsSat1,Distance STARLINK-5819 - MarsSat2,Distance STARLINK-5819 - MarsSat3,Distance STARLINK-5819 - MarsSat4,Distance MoonARTEMIS1 - MoonARTEMIS2,Distance MoonARTEMIS1 - MoonIOAGEO,Distance MoonARTEMIS1 - MoonIOAGNO,Distance MoonARTEMIS1 - MoonIOAGNO 0001,Distance MoonARTEMIS1 - MoonIOAGSO,Distance MoonARTEMIS1 - MoonIOAGSO 0001,Distance MoonARTEMIS1 - MoonLRO,Distance MoonARTEMIS1 - MarsSat1,Distance MoonARTEMIS1 - MarsSat2,Distance MoonARTEMIS1 - MarsSat3,Distance MoonARTEMIS1 - MarsSat4,Distance MoonARTEMIS2 - MoonIOAGEO,Distance MoonARTEMIS2 - MoonIOAGNO,Distance MoonARTEMIS2 - MoonIOAGNO 0001,Distance MoonARTEMIS2 - MoonIOAGSO,Distance MoonARTEMIS2 - MoonIOAGSO 0001,Distance MoonARTEMIS2 - MoonLRO,Distance MoonARTEMIS2 - MarsSat1,Distance MoonARTEMIS2 - MarsSat2,Distance MoonARTEMIS2 - MarsSat3,Distance MoonARTEMIS2 - MarsSat4,Distance MoonIOAGEO - MoonIOAGNO,Distance MoonIOAGEO - MoonIOAGNO 0001,Distance MoonIOAGEO - MoonIOAGSO,Distance MoonIOAGEO - MoonIOAGSO 0001,Distance MoonIOAGEO - MoonLRO,Distance MoonIOAGEO - MarsSat1,Distance MoonIOAGEO - MarsSat2,Distance MoonIOAGEO - MarsSat3,Distance MoonIOAGEO - MarsSat4,Distance MoonIOAGNO - MoonIOAGNO 0001,Distance MoonIOAGNO - MoonIOAGSO,Distance MoonIOAGNO - MoonIOAGSO 0001,Distance MoonIOAGNO - MoonLRO,Distance MoonIOAGNO - MarsSat1,Distance MoonIOAGNO - MarsSat2,Distance MoonIOAGNO - MarsSat3,Distance MoonIOAGNO - MarsSat4,Distance MoonIOAGNO 0001 - MoonIOAGSO,Distance MoonIOAGNO 0001 - MoonIOAGSO 0001,Distance MoonIOAGNO 0001 - MoonLRO,Distance MoonIOAGNO 0001 - MarsSat1,Distance MoonIOAGNO 0001 - MarsSat2,Distance MoonIOAGNO 0001 - MarsSat3,Distance MoonIOAGNO 0001 - MarsSat4,Distance MoonIOAGSO - MoonIOAGSO 0001,Distance MoonIOAGSO - MoonLRO,Distance MoonIOAGSO - MarsSat1,Distance MoonIOAGSO - MarsSat2,Distance MoonIOAGSO - MarsSat3,Distance MoonIOAGSO - MarsSat4,Distance MoonIOAGSO 0001 - MoonLRO,Distance MoonIOAGSO 0001 - MarsSat1,Distance MoonIOAGSO 0001 - MarsSat2,Distance MoonIOAGSO 0001 - MarsSat3,Distance MoonIOAGSO 0001 - MarsSat4,Distance MoonLRO - MarsSat1,Distance MoonLRO - MarsSat2,Distance MoonLRO - MarsSat3,Distance MoonLRO - MarsSat4,Distance MarsSat1 - MarsSat2,Distance MarsSat1 - MarsSat3,Distance MarsSat1 - MarsSat4,Distance MarsSat2 - MarsSat3,Distance MarsSat2 - MarsSat4,Distance MarsSat3 - MarsSat4,
SECONDS,km,km,km,km,km,km,km,km,km,km,km,km,km,km,km,km,km,km,km,km,km,km,km,km,km,km,km,km,km,km,km,km,km,km,km,km,km,km,km,km,km,km,km,km,km,km,km,km,km,km,km,km,km,km,km,km,km,km,km,km,km,km,km,km,km,km,km,km,km,km,km,km,km,km,km,km,km,km,km,km,km,km,km,km,km,km,km,km,km,km,km,km,km,km,km,km,km,km,km,km,km,km,km,km,km,km,km,km,km,km,km,km,km,km,km,km,km,km,km,km,km,km,km,km,km,km,km,km,km,km,km,km,km,km,km,km,
0.000,8232.9393,4982.8337,10331.5526,9440.6636,372480.7425,359644.2823,374235.4638,374855.6058,372507.0463,374230.5618,366054.6718,368626.8025,96925345.0227,96924001.4944,96927788.7565,96947069.0043,11631.4191,4277.9100,1671.8784,377778.6094,364830.7779,379425.5240,380184.7883,377790.0759,379335.7980,371160.9937,373850.8041,96924774.6500,96923428.6424,96927217.9726,96946497.7552,12689.7243,12431.3767,370037.8167,357556.7456,372040.5384,372564.5596,370314.2663,372035.0892,363831.7349,366388.5708,96923182.4342,96921840.0412,96925627.1846,96944906.7657,4405.5360,375693.2960,362811.5801,377363.8082,378172.9179,375787.4047,377221.8143,369037.8159,371793.7839,96926215.9323,96924869.8412,96928660.1261,96947938.9532,378932.6676,366059.4154,380628.4582,381382.0372,379005.7944,380527.1725,372345.5406,375047.3884,96923509.2059,96922162.9125,96925952.5583,96945232.2052,32021.7958,21021.0645,14566.4242,21979.9364,21500.3872,20220.7005,17635.8346,97134280.3344,97133022.3800,97136787.8577,97156031.3815,17205.9061,22671.8931,15668.2360,18834.6082,15442.8082,15247.0569,97149360.9353,97148096.5765,97151861.7281,97171110.0887,10023.5634,6157.3684,5322.3559,10487.7946,6721.0022,97152016.0112,97150755.6490,97154520.7948,97173766.3599,8542.3976,13803.1807,15858.4573,9172.3842,97145202.2067,97143944.1073,97147707.5208,97166953.3413,11350.8936,13805.8712,7445.8514,97150289.0879,97149029.3013,97152792.8266,97172039.7112,8542.3976,8967.5091,97152628.6160,97151367.3597,97155134.0656,97174378.5986,7373.4973,97145946.2845,97144683.4202,97148450.8274,97167695.7419,97145682.0173,97144421.0497,97148186.3208,97167432.1770,30453.4701,24609.9251,24110.1293,29246.2568,30597.1622,30103.3491,
3600.000,6121.5225,8145.8328,4404.6953,9336.6265,380529.2087,368406.7773,383144.7831,380942.2787,381151.4259,382021.3018,374261.0333,378787.7071,96908148.3600,96905740.6818,96908398.4009,96929840.0016,11608.2785,2008.9590,8777.8728,376871.7058,364879.2496,379583.5353,377303.2808,377516.4883,378508.1188,370800.8334,375211.7199,96907970.8995,96905565.1253,96908221.6359,96929663.0761,10996.4536,12575.6741,380551.5931,367785.5061,382762.7169,380693.9793,380728.3677,381606.9174,373850.3865,378466.3311,96914793.3758,96912384.5868,96915042.0349,96936484.7218,8469.3892,377986.6716,366023.4120,380711.1239,378443.5635,378676.1615,379621.9237,371894.8958,376337.5686,96907383.8154,96904977.5306,96907634.5096,96929075.8461,371490.8256,359446.4072,374138.1451,371946.6086,372195.1232,372998.0097,365212.1392,369775.1725,96913313.8332,96910908.0352,96913566.1454,96935005.9763,32252.2258,19115.6097,13291.1146,22164.9380,20691.9658,22296.6150,16139.0156,97123215.5717,97120900.5315,97123548.9100,97144932.2949,18713.9132,21386.6719,16347.6557,17745.1334,15222.1331,17548.8829,97138877.1993,97136555.3716,97139202.3174,97160592.1314,7587.7752,7729.9004,3825.0887,11811.3364,5175.6683,97139744.4175,97137427.3257,97140074.9260,97161460.6059,8901.0609,10512.1833,15154.8807,5490.0426,97132933.6117,97130617.5265,97133264.4166,97154650.0824,10554.3086,16293.2430,8931.2026,97138897.9193,97136581.2250,97139226.9301,97160614.2485,8901.0609,6303.2794,97140760.3393,97138442.2049,97141090.6576,97162476.2331,9765.2441,97136589.4089,97134268.7511,97136918.5291,97158304.6029,97134936.5756,97132618.8666,97135266.6785,97156652.5949,31588.1079,28633.0217,23388.8973,25956.8583,33150.6429,32480.9573,
7200.000,213.6415,7374.8425,5969.1784,11796.8257,370518.6934,358200.3987,371865.0552,367654.9599,370637.3840,370152.2738,364081.8610,364293.5118,96912636.0112,96908262.4420,96910087.9789,96931805.4699,7321.1868,5788.0160,11619.1276,370519.9227,358204.7773,371868.5349,367657.5815,370637.1609,370156.5817,364091.0211,364297.4139,96912553.3441,96908179.8161,96910005.3088,96931722.8042,10504.3772,12574.2747,372973.1457,361208.1940,374620.0899,370353.0802,373461.0288,372961.3388,366934.0755,367088.5884,96905583.2259,96901209.9888,96903035.8675,96924752.8093,7505.2308,370883.6591,358393.7596,372151.4635,367945.1705,370787.3065,370436.5271,364482.3168,364574.2866,96912831.8553,96908458.9334,96910283.0562,96932001.2180,376758.9033,364381.7434,378101.6474,373874.0022,376666.3359,376408.1037,370555.4765,370537.8345,96907342.7477,96902969.3345,96904792.4903,96926511.8506,32038.0724,16309.4147,13405.7499,21669.8736,19131.8211,23645.0746,19208.9253,97113476.2630,97109196.5747,97111026.9170,97132665.9059,19361.5032,19094.9676,16708.3221,16252.9794,14805.4863,13089.5049,97129509.7355,97125223.1952,97127051.1615,97148697.5845,5280.2727,8738.6453,3455.8267,12773.5101,7857.4817,97127318.0326,97123036.4992,97124865.8424,97146507.1345,10315.3853,6650.5123,12932.1080,6218.5660,97122289.7387,97118007.7194,97119837.0390,97141478.7369,8473.6764,17692.1040,10231.0340,97128304.8798,97124023.7321,97125851.0704,97147493.7365,10315.3853,5935.0734,97128762.0629,97124479.5711,97126308.8888,97147950.9636,8992.3106,97128255.0044,97123969.3644,97125800.3238,97147443.5232,97124615.8994,97120332.1673,97122161.3559,97143804.5240,32314.1329,32401.6790,20210.8202,23047.0179,35744.5798,33869.4225,
10800.000,6352.3971,3783.3538,11023.1724,11917.6067,380221.1312,368292.6900,379089.9586,373467.9477,379635.9334,375432.7994,374327.1720,375893.8442,96900387.9741,96893359.5796,96894614.1428,96913613.0629,8278.7609,6058.8202,7228.5262,383080.2132,371013.6226,381883.2688,376211.2429,382505.6394,378231.7220,376940.9379,378669.6812,96901445.7894,96894415.5203,96895670.8065,96914671.0184,12311.9972,12591.6571,376761.8063,364724.8208,375577.8452,369946.5295,376104.1438,371908.7988,370786.7775,372370.3768,96903497.2546,96896469.5357,96897724.1620,96916722.4761,2097.1827,382347.8896,370493.1019,381243.3264,375552.0952,382010.2160,377636.7622,376218.3549,378049.3552,96900878.5281,96893847.8081,96895104.3738,96914104.4169,380727.1029,368827.5084,379599.4576,373896.6114,380380.0322,375992.5760,374533.2313,376400.2952,96902544.9901,96895514.4041,96896771.2096,96915771.0339,31345.1778,13624.6325,17560.7729,20633.9990,17487.9544,24324.1401,17148.5339,97104858.2024,97097923.9105,97099198.7537,97118108.2110,18964.1130,14334.6201,16612.8873,14270.4234,14017.4035,14638.7625,97121040.1087,97114099.2945,97115371.0240,97134287.4294,6707.4088,9362.2300,5112.5525,13461.6547,4433.8258,97115204.1058,97108267.8594,97109541.5253,97128453.1710,12200.1574,4649.4499,8915.8860,3515.0533,97114520.5341,97107582.1304,97108855.8035,97127769.2965,7625.3797,18107.4266,8838.0615,97118446.4664,97111510.9325,97112782.7431,97131694.5841,12200.1574,1746.0074,97115383.3296,97108446.0487,97109718.9772,97128631.8308,10826.7956,97120663.5770,97113723.3880,97114997.9650,97133912.5965,97115853.7789,97108916.3336,97110189.6151,97129102.4562,32503.3558,35535.8522,17760.3458,20647.0464,37193.6666,33233.8750,
14400.000,8194.0876,5522.5251,9916.4183,9627.0711,380344.0190,369601.7776,375808.6546,372738.4372,379503.3816,370036.0117,374928.4327,372295.1255,96893029.8244,96882945.5778,96883852.7398,96897537.0257,11679.7437,2248.9744,4275.5071,377150.0776,366548.5506,372669.4487,369669.9622,376260.5697,366945.8601,372030.0277,369222.1855,96891644.4617,96881562.4553,96882468.9476,96896151.3004,12623.1236,12762.0131,382878.9286,371764.9917,378191.2422,374994.5659,381813.0944,372356.8882,377169.0093,374590.0858,96895758.4650,96885673.0314,96886579.5787,96900264.7795,4579.4092,376989.8778,366307.1479,372475.0763,369454.4712,376012.8379,366745.3961,371857.8310,369018.1098,96892173.4108,96882091.6765,96882997.7867,96896679.8709,373328.0148,362601.9239,368793.1947,365750.2724,372371.9864,363046.5836,368093.4842,365314.0221,96895315.2418,96885233.8171,96886140.5563,96899822.4547,30111.1495,12599.3651,22543.1874,19161.8898,19293.9136,24368.3023,19986.4882,97097098.5954,97087105.0840,97088042.3360,97101654.7513,17515.7388,7711.5050,15960.1081,11786.4468,12728.8969,10359.6859,97113167.2095,97103167.9267,97104101.5734,97117718.3719,9987.3471,9795.6633,7474.2992,13880.2411,7566.3424,97103990.7211,97093994.8478,97094930.5892,97108544.7943,11005.7004,5512.9027,8766.2164,3008.8855,97109907.3775,97099909.4781,97100844.2217,97114459.9957,12486.6287,17593.6075,11133.0885,97109153.9188,97099159.3887,97100093.7861,97113706.7257,11005.7004,2968.7360,97104619.6749,97094621.6998,97095556.7403,97109172.6104,9031.2447,97113489.3273,97103490.3696,97104426.4884,97118043.2950,97107489.9004,97097492.1565,97098427.2393,97112042.9224,32090.0724,37775.4866,22354.8839,18896.1419,35190.5541,28713.9482,
18000.000,4597.1211,8331.4304,3802.5002,9731.1412,374028.9913,363619.2077,365129.8570,366671.9419,371627.3337,361324.3579,368625.7524,367338.9556,96898211.2622,96885010.6964,96885732.1776,96895381.4654,9617.7476,3332.6557,10717.2490,375358.7438,364960.8875,366468.4692,368038.0645,373040.7832,362607.5480,369865.6065,368681.1000,96898348.5513,96885146.9470,96885868.7790,96895518.9810,10865.1083,12915.7218,373893.9510,364077.9019,365243.7533,367039.4499,371838.9443,361582.9428,368987.4354,367573.9755,96891305.0575,96878105.3422,96878827.6062,96888476.6137,8480.3896,376610.4183,366063.9385,367657.1701,369149.9120,374163.9271,363792.1504,371048.2261,369838.5730,96898898.4973,96885696.8523,96886418.0907,96896068.0628,383398.9976,372960.9031,374492.1334,376005.2061,380939.3391,370713.3805,378032.4527,376694.2496,96892906.0289,96879703.9190,96880424.0502,96890073.8781,28221.6615,14135.6465,23727.6258,17372.7677,21694.7493,23791.8151,17760.8060,97089891.0988,97076770.6046,97077534.1067,97087143.1468,15172.3353,5356.8682,14619.6164,10405.8181,10804.9624,10470.6303,97105499.6626,97092374.5310,97093134.2224,97102744.9910,11580.9096,10166.4456,8559.5178,13934.5588,5808.9437,97094178.2637,97081054.9427,97081816.3378,97091426.5260,9272.7017,10094.2470,10734.3924,6272.9584,97103705.0129,97090581.2778,97091341.4606,97100951.4215,15115.1179,16163.8276,7453.7368,97100199.0063,97087077.6900,97087838.6190,97097447.1351,9272.7017,7812.4201,97097974.7813,97084849.2502,97085610.1364,97095221.7204,10148.4788,97106345.7470,97093220.6349,97093982.2504,97103593.8467,97099701.7818,97086578.4444,97087339.5163,97096949.5749,31066.3910,38949.1106,28674.4368,17897.5100,30478.8595,22321.5097,
21600.000,3268.1339,7068.2517,6669.5223,12098.2873,385783.2126,376998.3235,373285.4431,379430.9946,382150.6451,372906.2951,380978.9568,375987.1902,96882645.8066,96866630.4484,96867266.9705,96874976.4870,5335.4405,6558.2433,11543.4407,386626.6333,377675.0078,374046.5685,380142.1407,382921.0918,373591.5498,381646.6142,376701.8789,96884770.9466,96868754.9679,96869391.2226,96877101.0193,10694.0675,12883.1858,383447.5598,374250.0313,370743.0867,376717.6279,379576.7214,370251.3351,378275.2150,373349.6479,96889459.3926,96873443.9670,96874080.1599,96881789.5554,7337.8078,385666.1914,376997.4615,373230.1637,379501.3387,382191.2343,372762.0650,380855.2252,375925.9825,96882540.9856,96866524.6632,96867161.8176,96874872.2990,379777.7635,371031.6656,367303.3729,373593.0022,376313.4258,366738.9781,374827.2207,369960.7770,96887675.4740,96871659.4051,96872297.4885,96880008.2696,25445.0945,17265.9426,23499.3387,15476.5950,23273.6498,22595.5741,20000.2077,97082904.2732,97066956.4349,97067645.3716,97075336.1903,12292.5426,5637.4080,12356.4441,9714.9745,8067.6588,6726.5004,97097500.7129,97081549.6356,97082234.8855,97089926.0077,12552.0528,10446.9568,9244.6234,13463.3069,6233.9843,97085984.9595,97070034.1454,97070720.1642,97078411.4989,8542.3523,13806.7057,11350.8282,8656.1256,97096434.3751,97080484.6760,97081170.1232,97088860.4230,15858.4271,13802.3632,9962.0647,97091336.9405,97075388.4163,97076075.0488,97083765.1615,8542.3523,6026.9427,97092100.7476,97076148.2049,97076833.9686,97084526.3311,7727.1756,97098774.3730,97082823.0668,97083509.5612,97091201.4659,97092143.5095,97076192.4497,97076878.3787,97084569.8324,29483.8159,38962.4951,31762.9192,17651.7167,26250.4310,17104.1093,
25200.000,8007.3368,3654.5298,11226.6060,12081.1806,378663.5464,371229.5991,363516.8044,373020.3936,373254.0001,365817.3525,373658.3440,370196.9665,96883795.0059,96865640.3454,96866221.4303,96872961.1287,9083.4483,5626.1130,6284.1514,377043.8908,369794.6090,362022.6941,371465.2926,371679.0027,364525.5630,372293.1584,368697.1556,96880311.2457,96862158.0858,96862739.5873,96869478.4906,12535.1253,12894.6904,382211.1772,374818.4055,367094.4251,376608.7492,376827.3816,369405.2177,377247.5073,373777.8894,96881251.5289,96863096.4480,96863677.0713,96870416.8502,1835.3595,376238.6209,368779.4171,361067.9207,370370.8885,370705.4927,363604.7797,371318.1000,367709.8404,96883275.2366,96865122.6700,96865703.8056,96872442.1755,377718.5308,370268.4123,362554.5955,371840.4320,372181.0147,365116.3607,372817.5653,369193.3786,96882143.1168,96863990.5487,96864571.4510,96871309.7257,21215.4358,20526.8912,22530.6069,13957.4675,24091.9740,20789.3046,17989.0726,97075802.0249,97057697.1246,97058336.5417,97065068.2789,9630.0678,6988.9893,8600.6397,9568.4049,4474.2409,4372.9912,97088165.7452,97070059.0419,97070695.2609,97077426.8373,13164.2367,10409.3503,9671.2956,12299.1312,7002.7249,97079222.6186,97061115.2247,97061750.9031,97068482.7007,8901.2773,16293.7599,10553.8386,7667.5162,97088341.7026,97070236.2800,97070872.4911,97077603.2392,15154.4617,10511.1772,5142.4382,97082371.3350,97064265.8185,97064903.0455,97071634.2740,8901.2773,10678.0432,97086045.4378,97067936.8008,97068572.5094,97075305.1204,7357.6510,97090205.2646,97072098.2645,97072734.9519,97079466.9132,97084057.1379,97065950.7132,97066587.1707,97073318.6663,27461.8322,37800.9370,31698.2713,18015.7540,23218.6337,13350.6969,
28800.000,8082.1749,6046.0229,9447.5642,9849.3374,379534.5582,370121.4538,363028.9517,373660.4773,371211.7525,367184.4765,373315.5419,368376.7951,96881938.9565,96862656.0195,96863131.8299,96869086.7280,11051.2713,2875.6182,7083.0689,380301.4007,370835.9163,363735.6044,374526.2483,371959.1584,367698.0023,374008.0169,369054.7643,96884244.3002,96864960.0984,96865435.4901,96871391.0857,12537.3359,13072.6951,376868.2937,367647.8170,360600.9721,371265.1319,368709.7319,364802.0562,370905.0055,365942.1005,96878636.1151,96859353.4202,96859830.1860,96865785.1351,4777.4004,383052.3294,373597.6562,366499.9094,377307.1473,374721.9248,370446.1049,376772.0113,371815.7789,96882752.7384,96863468.2250,96863943.1704,96869898.8654,386982.0134,377573.6517,370484.3571,381250.2608,378684.1397,374491.8437,380763.8736,375807.9133,96879202.4111,96859917.9735,96860392.4274,96866347.9716,16114.0844,22956.0667,21043.7899,13985.3775,24227.7985,18515.6215,19270.1780,97068264.5727,97049008.0990,97049547.7365,97055499.6948,7688.3657,10357.7854,2488.3129,10593.3839,5319.5794,3344.2457,97074554.9241,97055297.6358,97055834.4569,97061786.3243,13479.3603,9566.1289,9741.1228,10364.6417,5529.8993,97073280.2233,97054022.4252,97054557.7912,97060509.6669,10315.8398,17692.3250,8472.9296,11111.1768,97079348.2368,97060092.3703,97060629.4048,97066580.4342,12931.2598,6649.6226,5817.4720,97073333.2352,97054076.2273,97054613.4383,97060565.2141,10315.8398,7871.9066,97079312.4325,97060053.6090,97060589.1674,97066541.7209,5314.2215,97079807.0551,97060549.9070,97061086.8256,97067038.6266,97075995.2523,97056737.6242,97057273.8779,97063225.8361,25202.5230,35544.5348,29200.4262,18726.0689,20840.5309,10672.6620,
32400.000,4305.2313,8450.9234,3267.4953,10060.8283,387584.2153,372906.1806,372100.1685,382342.4333,375983.2342,376376.7347,378051.1616,377407.6722,96865849.3764,96846682.6859,96846954.9790,96851820.1334,6974.2270,5724.4108,12212.2208,387992.3832,373241.7138,372391.9590,382569.3076,376322.4174,376742.1578,378347.6333,377704.7650,96867067.5039,96847901.3203,96848173.5726,96853038.4470,10722.8762,13183.6772,387790.2517,372874.3890,371901.3656,382190.9921,375898.8525,376163.3028,377952.0938,377297.2764,96872943.4989,96853777.0001,96854048.5514,96858913.6385,8532.7969,385173.0482,370550.1117,369785.4824,379991.8139,373645.2298,374089.9334,375704.6279,375065.0802,96865236.9002,96846070.3281,96846343.2657,96851208.3200,378047.9632,363376.2084,362572.1514,372886.6113,366437.3653,366779.8322,368541.2811,367894.5594,96871256.9188,96852089.9099,96852363.6059,96857228.8634,18266.0404,24022.2931,19149.9724,17685.9999,23724.5951,17067.3658,17787.7007,97060008.4852,97040845.4882,97041183.2879,97046042.9492,7431.2191,13392.1143,4330.8062,12388.3510,6279.0916,5906.0338,97061484.0673,97042321.2152,97042655.6246,97047515.3813,13443.9945,6590.5681,9336.6812,7892.3443,6979.2402,97067224.0917,97048061.3295,97048394.8927,97053254.6434,12200.3871,18107.3696,7626.1222,8186.8519,97069299.3777,97050137.7746,97050473.7796,97055332.7576,8914.9066,4649.3153,4121.5262,97065382.8749,97046219.8469,97046554.4242,97051414.2702,12200.3871,11528.6612,97071531.2167,97052367.4410,97052701.0848,97057561.3960,923.6916,97066240.3069,97047077.8450,97047412.9776,97052272.4794,97066400.6295,97047238.1176,97047573.0691,97052432.6081,23000.9938,32401.8200,25142.6658,19457.0150,18316.7243,8908.3710,
36000.000,6193.4223,6728.9157,7362.0789,12389.5444,377379.2490,358594.2800,363642.9951,371912.9353,364781.6194,366797.9717,362440.5802,365793.5872,96869940.1314,96852190.3456,96852181.2916,96855229.2477,4777.5015,7583.9532,11128.4985,376808.7349,358153.6226,363337.0681,371450.7513,364441.3534,366554.6531,362034.7845,365420.8760,96865221.3677,96847471.6334,96847463.3940,96850511.0684,10947.5653,13154.4711,379818.2338,361204.6731,366401.9523,374578.5674,367507.3545,369542.1575,365082.5179,368459.0475,96863405.0777,96845655.0997,96845646.0715,96848694.1040,7207.7442,377251.2410,358406.0550,363440.5680,371569.3098,364573.5899,366751.0983,362261.9393,365636.4153,96869984.8673,96852235.8403,96852227.5089,96855274.9010,383329.2143,364512.9711,369586.4833,377614.1417,370706.4877,372968.2728,368383.4193,371775.6963,96865212.3061,96847463.8786,96847455.0877,96850502.3618,21304.6203,23487.3563,16932.1092,21230.3855,22598.8245,19139.2606,17808.6592,97050804.4088,97033035.3791,97033086.8239,97036124.0557,10191.2332,15437.9013,9231.1658,14511.1913,4376.6875,8256.2316,97049832.0696,97032064.5889,97032112.4905,97035150.1628,12936.6552,2375.1737,8405.5903,7038.4795,6049.4116,97059991.8088,97042224.4208,97042272.3565,97045309.9772,11005.1962,17593.2853,12487.6548,11276.1979,97058051.5094,97040284.2457,97040334.7834,97043371.5240,8766.8806,5513.8936,4141.3944,97058818.3239,97041050.8447,97041099.1784,97044136.7130,11005.1962,8213.6696,97062401.1895,97044632.8640,97044680.4859,97047718.6196,3909.3773,97053529.7507,97035762.0892,97035810.3670,97038847.9997,97056700.7465,97038932.8571,97038981.4060,97042019.0532,21213.7489,28771.6595,20875.3314,19873.3981,14982.6349,8539.3244,
39600.000,9426.8551,3634.5997,11359.7410,12244.5836,384906.3821,363172.9026,373939.6527,378918.7759,373602.8108,375577.0882,368537.3611,373181.8050,96856965.9214,96841728.2728,96841470.6434,96841432.5325,9823.6392,5974.2364,6228.1334,384431.9397,362623.6031,373260.7870,378493.5775,373020.6296,374758.6812,367854.2391,372625.2735,96862299.3764,96847061.5172,96846802.5109,96846765.2398,12717.6322,13162.1562,381282.5246,359543.0757,370306.8601,375288.1601,369969.8320,371946.2831,364907.3261,369550.7374,96858913.0113,96843675.0024,96843417.8368,96843379.5845,1750.1629,387561.8789,365874.4411,376597.7726,381797.0874,376373.4293,378036.5942,371099.8964,375910.5384,96857512.6696,96842274.7006,96842015.0713,96841978.1848,386262.9727,364588.4675,375313.9376,380529.6668,375100.4641,376731.5140,369801.3174,374628.8782,96858095.0503,96842856.8653,96842597.2512,96842560.4270,23764.8010,21348.7269,14492.2933,21046.3263,20847.1561,20631.4065,17058.2715,97040491.2533,97025213.2183,97025004.9966,97024952.5051,13711.2329,16955.7947,13057.8403,16468.6198,7424.1543,10354.6542,97037846.2018,97022571.1386,97022359.9003,97022308.1187,11824.4315,3948.0109,7001.0037,8743.8065,6533.0086,97050631.5051,97035355.8779,97035145.4131,97035093.3844,9272.3986,16163.2503,15115.5192,7889.7944,97045516.1664,97030239.8977,97030031.5719,97029978.5579,10734.7553,10095.3948,5305.7877,97049033.4116,97033757.9505,97033548.0652,97033495.6578,9272.3986,10667.9593,97051675.6420,97036399.4297,97036188.1912,97036136.7876,7328.3190,97043308.3220,97028032.6421,97027821.2815,97027769.7711,97044762.9165,97029487.0571,97029277.1430,97029224.8827,20121.1537,25328.5882,18638.7202,19696.1263,10807.9289,10528.9130,
43200.000,8047.2353,6543.1166,8915.3249,10008.0236,385459.1801,361787.5116,377564.3286,379256.7178,376120.8035,377300.7795,369363.4106,374197.9815,96843617.9538,96831591.6841,96831201.5406,96826068.3981,9716.2202,5280.7459,9553.0019,386939.0371,363219.2147,379030.5208,380601.6939,377461.6629,378878.0698,370952.2670,375694.1689,96841704.3556,96829678.3632,96829289.4646,96824155.2202,12405.9485,13311.0074,388169.3962,364347.2772,380024.6823,381837.5603,378575.5326,379767.2655,371881.7363,376740.8726,96847435.2472,96835409.8294,96835019.4112,96829886.2044,5052.3115,381880.1216,358199.5867,374039.0494,375573.1602,372468.2262,373889.0078,365949.4452,370680.7105,96842831.0550,96830804.2347,96830415.8171,96825281.4620,377544.3040,353828.7781,369632.7321,371232.4839,368092.4086,369456.8622,361528.3120,366289.8392,96846765.5418,96834738.2443,96834349.8381,96829215.6345,25617.6223,17821.6521,12029.2785,19642.2277,18457.0255,21035.2805,15611.8243,97028985.7801,97016905.6818,97016549.2793,97011406.9913,17010.8777,17975.5179,16082.1870,18059.6117,10964.9930,12851.6748,97025033.1506,97012957.1213,97012598.8963,97007456.7060,10020.7856,6158.9599,5321.3768,10489.7124,6219.7044,97038525.2694,97026447.5826,97026090.2997,97020947.9078,8542.3071,13801.5456,15858.3967,9231.4136,97031693.8984,97019615.3771,97019259.4049,97014116.2343,11350.7627,13807.5401,9083.7710,97036799.3142,97024721.8908,97024365.5073,97019222.2979,8542.3071,7055.2103,97039141.4457,97027063.7377,97026705.5160,97021563.8917,6736.4685,97032474.8462,97020397.9506,97020039.0470,97014897.6997,97032749.9820,97020672.3131,97020314.6082,97015172.5520,19727.0472,23015.4826,20004.9492,18821.9811,9234.4456,15020.0788,
46800.000,5621.6187,8513.2367,2973.5186,10408.7511,377482.4060,352030.3041,371317.8986,370082.2078,369213.2790,369926.7654,362175.8986,365193.1421,96843788.4194,96835345.7355,96834753.0039,96823460.9203,3904.9635,7998.8097,13120.0437,376373.6547,351055.9338,370374.9749,369070.2517,368334.3560,368984.4836,361194.0383,364228.8646,96840191.2425,96831748.0535,96831154.9041,96819863.4982,10651.7093,13426.3688,377301.7668,352054.0160,371408.2441,370027.4817,369349.1111,370045.4756,362264.8840,365232.4557,96836536.4349,96828093.0591,96827500.1257,96816208.6145,8594.8581,379837.5874,354344.3864,373615.0102,372412.7578,371503.4468,372216.0473,364469.9401,367502.8177,96844324.8014,96835882.6457,96835289.8556,96823997.5390,387251.7666,361785.8920,381093.2632,379817.0547,378918.6221,379733.7674,372021.6105,374948.6724,96838313.9238,96829872.6541,96829280.2500,96817987.0779,26899.9604,13355.1390,10039.9390,17640.0036,15449.6689,20584.5095,15643.4621,97016286.7164,97007782.6579,97007201.5217,96995931.9913,19634.5195,18411.3106,18556.4112,19138.7277,14053.8496,13187.9957,97011233.9951,97002734.6207,97002153.2543,96990881.3666,7584.3210,7731.2256,3825.8130,11812.7846,6845.9184,97023538.9303,97015036.7967,97014455.7595,97003185.0743,8901.4938,10510.1711,15154.0427,6604.5196,97016723.4007,97008220.7982,97007640.2689,96996369.3538,10553.3684,16294.2766,7729.1276,97022697.8250,97014195.9033,97013616.0986,97002344.1126,8901.4938,7952.5249,97024563.6465,97016061.9745,97015480.3354,97004209.9744,10120.2452,97020413.2247,97011912.8540,97011330.2277,97000060.0989,97018229.2226,97009727.8019,97009146.8732,96997875.6913,19762.9514,22592.8596,21808.8906,17444.9668,15542.1059,20031.5909,
50400.000,8771.5209,6361.9852,8010.7724,12646.9517,387439.7385,361118.0220,382323.8844,378485.8183,380712.8243,380295.7161,373976.9658,377063.6715,96821484.2702,96816873.9750,96815541.4341,96801407.4626,5916.9979,8642.8811,10414.8692,386585.3159,360157.0846,381352.8019,377589.5541,379786.7650,379266.8944,372807.1044,376069.6450,96828793.9436,96824184.4320,96822851.3170,96808717.1766,11190.5451,13371.2863,384959.3304,358513.5702,379735.7308,375952.3394,378065.1283,377666.6529,371330.0734,374475.8007,96827691.1519,96823080.8483,96821748.5362,96807614.3874,7107.1959,387858.5245,361620.6581,382780.6377,378945.2746,381342.9385,380748.5696,374269.1483,377488.5821,96821519.7111,96816910.0105,96815576.1754,96801442.7665,381739.6743,355508.8523,376650.1192,372830.9505,375276.5517,374605.9152,368051.6443,371344.3399,96825887.4681,96821277.0711,96819942.6117,96805810.2657,27626.6750,8775.8756,9696.3020,15248.7614,12147.6558,19372.9477,12634.6525,97002472.5534,96997797.3128,96996455.4939,96982381.3862,21307.9315,17997.0465,20581.6929,19383.4441,16662.8435,16315.1402,96996454.3285,96991783.9033,96990443.4115,96976364.3421,5277.4202,8739.7736,3458.2874,12774.6767,5499.7618,97006059.1722,97001385.2758,97000043.9844,96985968.3650,10316.2944,6648.7331,12930.4115,4501.3499,97001039.0930,96996365.5069,96995024.2544,96980948.3528,8472.1828,17692.5459,10617.7491,97007053.0957,97002379.1446,97001039.2735,96986962.5539,10316.2944,4265.4725,97007513.9658,97002840.6717,97001499.4423,96987423.2861,8731.4341,97007030.2734,97002358.7992,97001016.5346,96986939.7416,97003851.9474,96999179.0589,96997837.6406,96983761.3087,19963.0347,23812.9308,20575.1301,16065.3778,22571.2612,23326.1014,
54000.000,10452.7258,3787.7618,11418.3446,12368.3516,380215.2496,353601.7998,374768.5482,368755.0918,375206.7314,370898.0290,368581.4251,368640.0009,96813043.7312,96812495.6374,96809540.5871,96796825.0862,10190.9375,7054.6125,7010.4201,383114.7405,356492.5995,377665.6037,371728.1054,377957.9251,373773.7172,371779.2157,371545.1392,96806956.3212,96806407.4230,96803453.5490,96790738.3547,12870.9429,13368.7389,383976.4080,357352.6183,378526.8013,372511.4279,378955.0631,374652.1984,372330.8461,372392.8712,96811682.4524,96811135.0000,96808180.2238,96795463.9214,1833.1585,377271.0460,350566.6450,371796.9375,365850.7581,372006.7033,367870.9660,365879.5358,365634.6693,96812480.9772,96811931.1630,96808977.3394,96796263.0866,378449.0508,351720.6472,372967.6450,367024.4560,373141.5922,369030.0833,367061.1150,366793.6251,96812430.2029,96811880.4982,96808926.9473,96796212.4538,27778.7353,5967.4814,12280.2826,12607.2971,10957.7674,17421.4227,13289.4587,96987691.6868,96987080.5012,96984101.8597,96971463.7275,21883.1342,16087.5659,22202.8350,17459.3832,18827.7891,15131.5369,96980811.7975,96980205.1219,96977228.9727,96964584.9325,6708.8145,9363.3707,5113.9318,13462.6393,7369.3914,96986907.9963,96986297.7468,96983319.7040,96970680.3079,12200.6165,4649.1805,8913.9275,3845.7421,96986247.2954,96985638.4112,96982660.5815,96970019.6464,7626.8654,18107.3125,9305.0979,96990155.1327,96989544.3257,96986567.5792,96973928.1739,12200.6165,2637.8902,96987099.6549,96986490.0179,96983512.6239,96970872.2823,10838.5519,96992400.2965,96991792.5883,96988814.2709,96976172.3197,96987174.5467,96986565.4373,96983588.1612,96970947.2085,20275.8387,25485.6804,18170.8106,15318.1490,27690.0380,25789.6068,
57600.000,8209.3923,7009.8857,8342.6119,10196.8584,377903.1948,351333.3774,371221.2469,366826.3797,374114.6916,364840.4665,368832.2572,369650.6319,96804664.9399,96808365.7601,96802996.3464,96794526.2927,7748.0849,7808.2498,11527.6347,374845.3293,348379.6342,368168.0455,363833.9023,371244.5298,361799.5532,365687.6443,366603.0287,96804869.4991,96808570.7408,96803200.1619,96794729.6566,12269.7322,13523.2878,375114.1767,348648.7936,368397.5581,364160.1532,371398.4536,362083.4556,366185.4791,366910.7986,96800330.1099,96804030.2456,96798660.1102,96790191.0017,5342.9931,381590.0978,355065.2632,374935.3314,370504.5494,377952.1847,368525.9179,372336.1402,373317.7353,96805395.7455,96809098.2253,96803728.5139,96795256.3345,386167.8835,359661.9725,379495.8966,375119.8836,382516.8837,373112.7417,376994.2285,377914.1273,96801110.4785,96804813.3260,96799444.0447,96790971.3542,27287.9730,7077.1946,13084.2016,9914.2918,13176.1995,14703.8548,8737.9573,96972140.9983,96975785.5528,96970380.3662,96961986.1223,21342.6458,15706.4048,23433.2777,14287.3840,20577.6624,18841.8999,96964508.0968,96968156.4648,96962754.4139,96954354.9724,9988.4283,9797.0320,7473.4976,13880.9926,5359.4808,96967156.2353,96970801.5461,96965396.9454,96957001.6737,11004.6921,5514.8848,8767.5448,5126.4510,96973096.7507,96976743.2012,96971339.5782,96962942.7499,12488.6806,17592.9630,9980.0815,96972317.9284,96975962.0537,96970558.2898,96962164.4861,11004.6921,4971.6829,96967807.3617,96971453.9290,96966050.0959,96957653.1333,9155.3874,96976680.4333,96980327.8805,96974923.3611,96966525.3143,96971009.0304,96974655.0345,96969250.7518,96960854.5558,20865.2604,26478.8902,17413.7272,15581.9712,31702.5126,28057.3341,
61200.000,7753.2075,8512.4679,2883.3603,10696.3618,384220.2125,358883.8448,376146.4123,376668.9488,382363.2566,371630.1535,378349.7959,375033.7996,96779852.9553,96787870.8014,96779681.5731,96776895.2577,952.0117,9906.3239,13374.5918,384742.2064,359311.4171,376769.7271,377060.7906,382883.2349,372133.3667,378742.3897,375519.0325,96786391.5411,96794409.6790,96786221.0602,96783434.4469,10580.4959,13601.7388,384318.4593,358875.7592,376355.3618,376620.8022,382452.4949,371711.2012,378312.5515,375090.5186,96787193.7216,96795211.7678,96787023.1836,96784236.7125,8693.2944,382116.1328,356810.7520,374021.4871,374603.9603,380275.6051,369524.3178,376262.3078,372941.8612,96779394.4994,96787412.1611,96779222.5139,96776436.3794,374356.6363,349056.0251,366299.4287,366843.5875,372582.4959,361730.2067,368408.0692,365184.8613,96785356.2043,96793373.5104,96785182.9241,96782397.1102,25990.8595,9503.2475,10617.9906,7644.6727,13062.1402,11168.5146,9483.3118,96956016.6213,96963986.5468,96955755.7871,96953030.8449,19821.0207,17852.8595,24259.1688,14739.6313,21925.4703,16515.0697,96947806.2433,96955778.9476,96947551.4965,96944823.1937,11581.3424,10168.1043,8558.3232,13934.8943,6823.4704,96947883.8388,96955854.4513,96947624.2902,96944898.4698,9272.0955,10096.5425,10735.1180,5322.7512,96957421.9267,96965392.3843,96957163.1881,96954437.8034,15115.9204,16162.6730,9598.5704,96953894.0460,96961862.9728,96953632.9853,96950909.6750,9272.0955,5821.4764,96951701.3720,96959673.4489,96951443.8770,96948716.0361,9985.2159,96960065.0527,96968037.0878,96959806.9156,96957079.0060,96953169.5615,96961140.4599,96952910.9306,96950184.8276,21998.3310,26262.9052,19527.1551,16722.4197,35149.2384,30058.3203,
64800.000,10817.8270,5988.1117,8626.4665,12888.9674,371334.7361,348346.3048,363194.2974,368303.3645,372023.6116,361666.1607,369348.2645,367957.5286,96776273.1663,96788478.1107,96777474.9482,96780695.1252,7726.6552,9628.2775,9485.2650,374473.5170,351480.7959,366187.8916,371409.7282,374975.7013,364919.5960,372668.9375,371064.5271,96767053.5916,96779257.3903,96768254.5164,96771476.5121,11475.4228,13542.9638,374054.7774,351113.4150,365821.8159,371083.6030,374693.1318,364383.5348,372119.0086,370651.0755,96770427.3393,96782632.5370,96771629.2904,96774849.0576,7047.9508,370598.8903,347519.8928,362462.3414,367420.5679,371167.5762,361065.7417,368726.6861,367233.9732,96776190.2900,96788393.5468,96777390.9368,96780613.8408,376919.6970,353820.7439,368763.6072,373701.4438,377432.8290,367434.6495,375099.0858,373553.4761,96772230.9810,96784434.2075,96773432.4813,96776655.7665,23460.1216,10431.5332,7688.6517,6922.9006,11229.6134,6954.4232,3860.5406,96939337.8578,96951508.0420,96940461.8333,96943717.3424,17644.9722,20079.6678,24629.0856,16419.5888,22860.6223,20530.6345,96931008.3002,96943179.9822,96932136.8688,96935391.3392,12552.0886,10448.7149,9243.5569,13462.9898,6709.9443,96929948.0981,96942118.8355,96931073.1744,96934328.0709,8542.2619,13808.3744,11350.6971,8381.6704,96940393.7800,96952563.1771,96941517.9926,96944775.0683,15858.3662,13800.7279,7470.8374,96935279.9796,96947448.9736,96936402.8076,96939660.1057,8542.2619,8532.9836,96936077.4564,96948249.6225,96937204.1648,96940457.0113,7804.7587,96942736.9117,96954908.3589,96943862.2948,96947115.9783,96936262.3109,96948432.8396,96937386.8750,96940641.9651,23902.9472,24837.1446,23377.6426,18338.6944,38155.4124,31522.6023,
68400.000,11039.0736,4040.0138,11405.9139,12489.7567,371786.7136,353742.6119,366857.1645,375390.7267,376723.3246,368518.1449,376170.5427,370575.2922,96759254.6939,96775275.4037,96761756.4875,96770354.1571,10005.2401,8572.8272,8299.8630,366679.3579,348706.0793,361781.8830,370451.0310,371732.9182,363209.6042,370960.5215,365484.0314,96764746.7941,96780769.2932,96767249.2862,96775844.0695,12984.1378,13538.6989,367892.4021,349857.0177,362948.4000,371505.0630,372813.7676,364624.4980,372281.7300,366676.7384,96760002.6275,96776023.2032,96762503.7327,96771101.3160,2105.5620,374963.9324,357014.8448,370041.2814,378768.0440,379999.2397,371468.9406,379242.6298,373762.2942,96759822.3022,96775845.5074,96762326.2881,96770920.5124,373948.0628,356021.0195,369008.7461,377784.0028,378975.1490,370428.1107,378221.2224,372742.4466,96759335.9951,96775359.4531,96761839.9347,96770433.6823,18467.4792,7088.2076,8154.1210,8298.6579,8381.2629,5985.9012,1946.2252,96920478.4318,96936482.9773,96922918.9240,96931516.2712,15401.5218,21990.7983,24415.0025,18214.5978,23322.4801,17518.3143,96914432.6553,96930437.3316,96916875.8208,96925474.2268,13164.0384,10410.7867,9670.3165,12297.9909,5178.7863,96913818.2638,96929823.0895,96916259.2871,96924856.3860,8901.7103,16294.7933,10552.8981,9026.6729,96922919.4638,96938922.3138,96925358.4245,96933958.0886,15153.6236,10509.1650,8077.2204,96916939.7435,96932943.4381,96919378.5993,96927976.6890,8901.7103,8474.8771,96920645.4468,96936651.7792,96923087.6902,96931682.6616,7650.7589,96924786.1531,96940791.2310,96927226.5794,96935822.9338,96918580.9360,96934585.4961,96921021.5030,96929618.8600,26662.3900,22538.5825,27108.9390,20097.8794,40493.3387,32061.6550,
72000.000,8775.7157,7430.9001,7714.5514,10322.9327,370735.9078,355506.0707,367816.1116,378571.0469,376462.5678,371249.4745,377910.9612,375620.3773,96740270.1992,96759485.4985,96743909.3127,96756214.7019,5390.6656,10037.1891,12888.9981,374282.9580,358867.1410,371317.0664,381907.4294,380014.3083,374825.5045,381387.8409,379133.3160,96742802.9396,96762016.5926,96746441.6450,96758749.3680,12093.5967,13666.2066,373632.7533,358236.2993,370655.2680,381340.8283,379373.6795,374035.0616,380708.9764,378473.6937,96745057.5764,96764272.4036,96748697.0921,96761003.4797,5688.9748,367028.3810,351769.7509,364121.6202,374751.8040,372742.8432,367720.0622,374236.3284,371922.9470,96739576.8570,96758790.6733,96743214.4153,96755521.1541,362095.0955,346784.3547,359165.4272,369798.7194,367817.4537,362715.2850,369262.9553,366972.8134,96744184.9630,96763398.9523,96747822.2019,96760128.4654,17887.1471,4305.3242,12520.4211,5811.4224,10850.2768,9036.7761,5424.6004,96897960.6009,96917177.1931,96901556.3418,96913831.9443,13969.9489,23531.6367,23267.3165,19800.7733,23082.0737,21439.3235,96898391.3260,96917606.6611,96901988.5094,96914267.0306,13478.9475,9566.6085,9740.0343,10362.8110,7849.5077,96899516.8231,96918733.2725,96903112.9944,96915389.1004,10316.7490,17692.7668,8471.4360,9124.2421,96905556.2120,96924770.7437,96909149.9660,96921427.5462,12929.5630,6647.8437,3416.7172,96899541.7004,96918758.2434,96903136.6750,96915411.8608,10316.7490,10457.0320,96905545.5390,96924763.8200,96909142.7957,96921416.7035,3906.2638,96906017.9296,96925234.4813,96909613.1070,96921888.4097,96902172.2953,96921388.8250,96905767.5479,96918042.9341,30200.4997,19961.5096,29018.6621,21822.5057,41433.2894,30972.4003,
75600.000,9887.5849,8454.4666,3131.4666,10995.3553,363496.9522,347058.6840,360386.9388,371087.5818,364911.8402,364287.6248,366988.6112,364033.3621,96739196.0572,96760733.5698,96743643.8404,96756730.0712,3077.6246,11357.4632,12956.6083,364304.3165,348198.0813,361461.8717,372087.9563,365876.8499,365445.0930,367951.5258,365041.9192,96729826.0030,96751363.7091,96734273.5695,96747359.3468,10591.5237,13742.7866,363218.5967,347094.6724,360341.4238,371029.6266,364758.6278,364260.4566,366860.0363,363929.6057,96731799.3449,96753337.6974,96736247.2895,96749332.5789,8803.6650,365528.3351,349013.4005,362374.4252,373040.2509,366927.9841,366308.2607,368981.5993,366032.1369,96739584.8332,96761121.6280,96744032.4119,96757119.3854,373475.4188,357020.8990,370391.1144,380988.3675,374928.0287,374394.1730,376956.6823,374032.7053,96733706.4890,96755242.2131,96738154.0473,96751242.3941,21134.7145,10450.0426,14242.4775,6081.9145,14368.7709,7560.2569,7580.3161,96878893.2175,96900455.9311,96883320.9598,96896355.4973,14181.2715,24695.5606,20102.9239,21078.9591,21059.6798,18229.9429,96883168.2797,96904727.9692,96887596.2262,96900634.9118,13443.2474,6588.7563,9335.3300,7891.1342,4397.0062,96886678.9030,96908240.6764,96891106.7731,96904142.6609,12200.8457,18107.2553,7627.6094,10877.9471,96888720.0178,96910280.4886,96893145.9098,96906181.6320,8912.9489,4649.0456,2798.2988,96884820.4322,96906383.3176,96889248.3914,96902282.9088,12200.8457,9244.7800,96890978.1480,96912542.2064,96895407.2326,96908441.2787,3949.8220,96885667.9047,96907229.8245,96890095.0455,96903130.0526,96885967.5228,96907529.7439,96890395.2154,96903430.3498,34337.9230,17962.8007,27155.4355,23448.8439,39395.6808,26869.3163,
79200.000,12253.5375,5607.7668,9188.3654,13099.2443,374366.1100,356743.4699,372223.5510,381069.8992,373577.1451,375433.2531,371816.5676,376831.8925,96717922.0043,96740704.4279,96722679.1746,96734025.1298,9343.6599,10498.1984,8485.1673,369073.0956,351219.9658,366636.4621,375751.9538,368038.9204,369676.2098,366366.4598,371379.9688,96727936.6779,96750721.3306,96732695.0625,96744040.1092,11739.6536,13664.0460,371765.6288,353922.3202,369426.9967,378327.6547,370803.9914,372647.3072,369112.4091,374110.9004,96723362.4594,96746144.6235,96728119.4267,96739465.4235,7021.3650,375351.5246,357871.5390,373245.9402,382271.2690,374609.1619,376265.7599,372820.3066,377862.3987,96718069.4071,96740854.2917,96722828.1460,96734173.3350,369017.7486,351549.2523,366889.7443,375984.1573,368259.6943,369848.7067,366473.1557,371520.7605,96721580.2389,96744366.7207,96726339.5192,96737683.7162,24256.5845,15066.7789,14574.1850,13115.3539,16855.3891,8261.1838,9449.7306,96862115.0774,96884950.6075,96866877.6669,96878177.4046,16042.6855,25474.6556,17495.6951,22016.0746,17742.9766,21613.6925,96868999.9242,96891830.2287,96873761.0783,96885064.4319,12935.3814,2374.4040,8403.9848,7040.6048,7565.5564,96874709.6200,96897543.2619,96879471.6781,96890772.7090,11004.1879,17592.6406,12489.7062,8326.6351,96872735.6122,96895568.7769,96877496.5710,96888796.9141,8768.2091,5515.8764,5218.5832,96873528.1853,96896362.0525,96878290.2226,96889591.0106,11004.1879,10671.6063,96877111.1542,96899947.3617,96881874.5820,96893174.5358,5252.6994,96868237.5646,96891071.9297,96872999.8672,96884300.4458,96871167.0354,96894001.6847,96875929.1876,96887229.3293,38856.6563,17509.8504,21017.7723,24977.0569,34014.2350,19671.1746,
82800.000,11273.1501,4415.7718,11318.0999,12569.8243,370668.0211,351948.0549,370062.8555,376242.0321,370049.7570,371401.4110,365145.9462,368544.3684,96710233.0889,96733040.2066,96714659.9993,96725602.6125,9280.5217,10168.1605,9638.8174,377242.2977,358384.2724,376612.5196,382627.9881,376507.8129,378118.0231,371786.1645,375112.8495,96706666.5912,96729469.6195,96711091.4580,96722035.2721,13058.5510,13646.1837,374795.3156,355986.0957,374112.4157,380316.9868,374100.7586,375459.4313,369227.9870,372619.7978,96710075.3516,96732881.3117,96714501.7891,96725444.7838,2460.3494,367242.0067,348403.3741,366646.9711,372613.3221,366521.9034,368184.7239,361821.4715,365135.8461,96709661.9528,96732466.6818,96714087.3943,96725030.6003,368245.2136,349298.0317,367565.1436,373537.7492,367430.5263,369132.3204,362784.3118,366082.7240,96710666.3880,96733470.2577,96715091.4099,96726034.8721,26931.0609,17729.7790,13994.9422,17088.2077,18390.5675,12799.9969,12292.6882,96847203.0229,96870086.4457,96851659.0556,96862575.5732,18754.3965,25844.2535,18305.0055,22597.1552,17169.2128,18666.3638,96856058.8913,96878934.5549,96860511.5553,96871430.5697,11822.4509,3949.6269,6999.4011,8746.2779,5791.7882,96862993.2638,96885874.0605,96867448.1273,96878365.4779,9271.7925,16162.0955,15116.3214,10816.5037,96857850.3344,96880731.2941,96862304.9548,96873222.1228,10735.4806,10097.6902,6316.2414,96861391.5785,96884271.4131,96865845.8876,96876763.4912,9271.7925,8589.6812,96864033.5993,96886916.7526,96868489.7236,96879406.4142,4510.1739,96855675.2064,96878556.8799,96860130.6312,96871047.7745,96857426.2456,96880307.6523,96861881.4138,96872798.5847,43539.5636,19073.2749,17526.1144,26439.8306,30946.9954,15544.6492,
86400.000,9645.8936,7811.8073,7065.5302,10473.5005,370271.1001,349789.1128,370711.3578,373540.5986,369287.6777,370456.3624,363062.7208,369114.5104,96708026.7475,96729543.4870,96711390.8390,96723960.7225,3356.6651,11821.6509,13560.0248,366963.1013,347002.8390,367817.2941,370535.9617,366452.7054,367503.8212,360011.0250,366106.0067,96702250.8325,96723771.0102,96705616.6780,96718185.7252,11929.9330,13776.5073,366959.1199,346894.0356,367755.4250,370448.1451,366339.8425,367487.9394,360011.3033,366048.4908,96702789.0234,96724308.0715,96706154.3075,96718723.7080,6041.4028,374071.2523,353596.8658,374457.3411,377401.1698,373128.5595,374118.7261,366732.9400,372904.0621,96708656.2605,96730173.4917,96712020.5570,96724590.0806,379057.9596,358752.2792,379601.3841,382470.5363,378259.0799,379270.9827,371850.1416,377996.6002,96703763.3776,96725279.4958,96707127.0907,96719696.8040,29152.3733,18453.3227,12808.4285,19204.0263,19044.2780,16607.1654,12743.5089,96834026.5720,96855651.2886,96837447.3375,96849998.8812,21463.6013,25745.9088,19742.4180,22806.2224,17687.8264,21097.3499,96844442.0785,96866056.3192,96847857.4129,96860411.1043,10018.0067,6160.5521,5320.4002,10491.6293,6247.2518,96851094.9481,96872716.7066,96854514.1912,96867066.3961,8542.2168,13799.9102,15858.3356,6377.0880,96844246.3181,96865868.4312,96847665.7907,96860218.1525,11350.6313,13809.2086,7127.4608,96849371.3467,96870990.9540,96852789.5162,96865342.3715,8542.2168,9031.8992,96851713.6671,96873336.9399,96855133.6549,96867685.3465,9533.6788,96845063.2819,96866685.2792,96848482.5889,96861034.4454,96844923.8459,96866545.6790,96848343.1333,96860895.3520,48186.9801,22221.7130,19911.1907,27885.1843,32574.4568,16829.2131,
